# Zini     MH   logAge Mini        int_IMF         Mass   logL    logTe  logg  label   McoreTP C_O  period0  period1  period2  period3  period4  pmode  Mloss  tau1m   X   Y   Xc  Xn  Xo  Cexcess  Z 	 mbolmag  umag    gmag    rmag    imag    zmag    Ymag
0.0001957 -1.90000 10.00000 0.0903137699 1.0846885349    0.090 -3.191  3.4895  5.495    1  0.000  0.545     0.00     0.00     0.00     0.00     0.00 -1 -4.82e-17      0.00 7.487e-01 2.511e-01 3.540e-05 9.550e-06 8.661e-05 -1.000 1.969e-04 12.749 17.820 15.795 13.880 12.495 12.045 11.946
0.0001957 -1.90000 10.00000 0.0904842392 1.0863121883    0.090 -3.185  3.4905  5.493    1  0.000  0.545     0.00     0.00     0.00     0.00     0.00 -1  -4.9e-17      0.00 7.487e-01 2.511e-01 3.540e-05 9.550e-06 8.661e-05 -1.000 1.968e-04 12.732 17.800 15.760 13.849 12.478 12.031 11.931
0.0001957 -1.90000 10.00000 0.0973224267 1.1483422956    0.097 -2.922  3.5290  5.416    1  0.000  0.545     0.00     0.00     0.00     0.00     0.00 -1 -9.44e-17      0.00 7.472e-01 2.526e-01 3.540e-05 9.550e-06 8.661e-05 -1.000 1.969e-04 12.075 16.813 14.485 12.756 11.830 11.474 11.370
0.0001957 -1.90000 10.00000 0.1003081650 1.1736754597    0.100 -2.814  3.5450  5.385    1  0.000  0.545     0.00     0.00     0.00     0.00     0.00 -1 -1.24e-16      0.00 7.465e-01 2.533e-01 3.540e-05 9.550e-06 8.661e-05 -1.000 1.968e-04 11.804 16.268 13.967 12.333 11.560 11.236 11.134
0.0001957 -1.90000 10.00000 0.1202969477 1.3212693602    0.120 -2.521  3.5755  5.293    1  0.000  0.545     0.00     0.00     0.00     0.00     0.00 -1 -2.47e-16      0.00 7.438e-01 2.560e-01 3.540e-05 9.550e-06 8.662e-05 -1.000 1.968e-04 11.071 14.889 12.799 11.378 10.827 10.554 10.461
0.0001957 -1.90000 10.00000 0.1402857602 1.4399919546    0.140 -2.338  3.5901  5.235    1  0.000  0.545     0.00     0.00     0.00     0.00     0.00 -1 -3.71e-16      0.00 7.418e-01 2.580e-01 3.540e-05 9.551e-06 8.662e-05 -1.000 1.969e-04 10.616 14.105 12.158 10.854 10.368 10.118 10.031
0.0001957 -1.90000 10.00000 0.1602745354 1.5385365924    0.160 -2.196  3.5996  5.189    1  0.000  0.545     0.00     0.00     0.00     0.00     0.00 -1 -5.08e-16      0.00 7.406e-01 2.592e-01 3.540e-05 9.551e-06 8.662e-05 -1.000 1.968e-04 10.260 13.550 11.691 10.463 10.010 9.774 9.692
0.0001957 -1.90000 10.00000 0.2002521455 1.6947337812    0.200 -1.977  3.6118  5.115    1  0.000  0.545     0.00     0.00     0.00     0.00     0.00 -1  -8.2e-16      0.00 7.396e-01 2.602e-01 3.540e-05 9.551e-06 8.662e-05 -1.000 1.968e-04 9.711 12.758 11.009 9.874 9.456 9.239 9.163
0.0001957 -1.90000 10.00000 0.2502241135 1.8408943289    0.250 -1.774  3.6227  5.053    1  0.000  0.545     0.00     0.00     0.00     0.00     0.00 -1 -1.26e-15      0.00 7.397e-01 2.601e-01 3.540e-05 9.551e-06 8.662e-05 -1.000 1.969e-04 9.205 12.049 10.390 9.333 8.946 8.744 8.674
0.0001957 -1.90000 10.00000 0.3001961410 1.9533065853    0.300 -1.618  3.6318  5.013    1  0.000  0.545     0.00     0.00     0.00     0.00     0.00 -1 -1.72e-15      0.00 7.399e-01 2.599e-01 3.539e-05 9.552e-06 8.662e-05 -1.000 1.968e-04 8.816 11.500 9.912 8.917 8.553 8.365 8.299
0.0001957 -1.90000 10.00000 0.3501680791 2.0436928651    0.350 -1.491  3.6400  4.985    1  0.000  0.544     0.00     0.00     0.00     0.00     0.00 -1 -2.21e-15      0.00 7.398e-01 2.600e-01 3.537e-05 9.553e-06 8.662e-05 -1.000 1.969e-04 8.497 11.044 9.517 8.575 8.231 8.054 7.993
0.0001957 -1.90000 10.00000 0.4001400769 2.1186953837    0.400 -1.367  3.6491  4.955    1  0.000  0.545     0.00     0.00     0.00     0.00     0.00 -1 -2.85e-15      0.00 7.503e-01 2.495e-01 3.540e-05 9.550e-06 8.661e-05 -1.000 1.968e-04 8.187 10.591 9.130 8.241 7.918 7.754 7.698
0.0001957 -1.90000 10.00000 0.4501120746 2.1824133859    0.450 -1.213  3.6641  4.912    1  0.000  0.545     0.00     0.00     0.00     0.00     0.00 -1 -4.01e-15      0.00 7.507e-01 2.491e-01 3.540e-05 9.550e-06 8.661e-05 -1.000 1.969e-04 7.802 9.970 8.627 7.822 7.532 7.389 7.341
0.0001957 -1.90000 10.00000 0.5000840425 2.2375407721    0.500 -1.042  3.6821  4.860    1  0.000  0.545     0.00     0.00     0.00     0.00     0.00 -1    -6e-15      0.00 7.508e-01 2.491e-01 3.539e-05 9.549e-06 8.660e-05 -1.000 1.968e-04 7.375 9.264 8.072 7.360 7.108 6.989 6.950
0.0001957 -1.90000 10.00000 0.5500560999 2.2837046950    0.550 -0.845  3.7019  4.783    1  0.000  0.544     0.00     0.00     0.00     0.00     0.00 -1 -9.81e-15      0.00 7.791e-01 2.208e-01 3.162e-05 8.536e-06 7.745e-05 -1.000 1.020e-04 6.884 8.492 7.465 6.844 6.628 6.534 6.506
0.0001957 -1.90000 10.00000 0.5997542739 2.3209546855    0.599 -0.648  3.7260  4.720    1  0.000  0.544     0.00     0.00     0.00     0.00     0.00 -1 -1.59e-14      0.00 7.894e-01 2.104e-01 3.029e-05 8.181e-06 7.426e-05 -1.000 1.964e-04 6.389 7.709 6.860 6.336 6.162 6.095 6.079
0.0001957 -1.90000 10.00000 0.6000280380 2.3211403119    0.600 -0.647  3.7262  4.719    1  0.000  0.544     0.00     0.00     0.00     0.00     0.00 -1  -1.6e-14      0.00 7.895e-01 2.103e-01 3.029e-05 8.179e-06 7.424e-05 -1.000 1.969e-04 6.387 7.705 6.857 6.333 6.159 6.093 6.077
0.0001957 -1.90000 10.00000 0.6126397848 2.3294853267    0.612 -0.594  3.7332  4.704    1  0.000  0.544     0.00     0.00     0.00     0.00     0.00 -1 -1.81e-14      0.00 7.928e-01 2.070e-01 2.987e-05 8.069e-06 7.324e-05 -1.000 1.969e-04 6.256 7.501 6.698 6.202 6.039 5.980 5.968
0.0001957 -1.90000 10.00000 0.6273329854 2.3387226112    0.627 -0.533  3.7415  4.686    1  0.000  0.544     0.00     0.00     0.00     0.00     0.00 -1 -2.11e-14      0.00 7.968e-01 2.030e-01 2.936e-05 7.932e-06 7.202e-05 -1.000 1.708e-04 6.103 7.269 6.516 6.050 5.900 5.850 5.842
0.0001957 -1.90000 10.00000 0.6404458880 2.3465561184    0.640 -0.478  3.7488  4.670    1  0.000  0.543     0.00     0.00     0.00     0.00     0.00 -1 -2.41e-14      0.00 8.007e-01 1.992e-01 2.887e-05 7.802e-06 7.085e-05 -1.000 1.611e-04 5.966 7.069 6.355 5.916 5.779 5.737 5.731
0.0001957 -1.90000 10.00000 0.6499999762 2.3520353107    0.650 -0.438  3.7541  4.657    1  0.000  0.543     0.00     0.00     0.00     0.00     0.00 -1 -2.66e-14      0.00 8.036e-01 1.962e-01 2.850e-05 7.703e-06 6.996e-05 -1.000 1.831e-04 5.865 6.925 6.238 5.820 5.691 5.654 5.651
0.0001957 -1.90000 10.00000 0.6583250165 2.3566608389    0.658 -0.403  3.7584  4.645    1  0.000  0.543     0.00     0.00     0.00     0.00     0.00 -1 -2.91e-14      0.00 8.069e-01 1.930e-01 2.809e-05 7.594e-06 6.899e-05 -1.000 1.585e-04 5.777 6.800 6.137 5.735 5.614 5.582 5.580
0.0001957 -1.90000 10.00000 0.6708268523 2.3633596775    0.671 -0.350  3.7649  4.626    1  0.000  0.543     0.00     0.00     0.00     0.00     0.00 -1 -3.33e-14      0.00 8.120e-01 1.879e-01 2.745e-05 7.422e-06 6.744e-05 -1.000 1.222e-04 5.644 6.620 5.986 5.608 5.497 5.472 5.472
0.0001957 -1.90000 10.00000 0.6831359863 2.3696805365    0.683 -0.296  3.7712  4.605    1  0.000  0.542     0.00     0.00     0.00     0.00     0.00 -1 -3.82e-14      0.00 8.174e-01 1.824e-01 2.676e-05 7.239e-06 6.579e-05 -1.000 1.778e-04 5.510 6.445 5.837 5.482 5.380 5.361 5.364
0.0001957 -1.90000 10.00000 0.6940735579 2.3750812882    0.694 -0.248  3.7767  4.586    1  0.000  0.542     0.00     0.00     0.00     0.00     0.00 -1 -4.33e-14      0.00 8.226e-01 1.772e-01 2.611e-05 7.065e-06 6.423e-05 -1.000 1.968e-04 5.390 6.292 5.705 5.368 5.275 5.261 5.266
0.0001957 -1.90000 10.00000 0.6999999881 2.3779266974    0.700 -0.222  3.7796  4.575    1  0.000  0.542     0.00     0.00     0.00     0.00     0.00 -1 -4.63e-14      0.00 8.255e-01 1.743e-01 2.574e-05 6.966e-06 6.335e-05 -1.000 1.968e-04 5.325 6.209 5.633 5.306 5.218 5.206 5.212
0.0001957 -1.90000 10.00000 0.7004592419 2.3781448847    0.700 -0.220  3.7798  4.574    1  0.000  0.542     0.00     0.00     0.00     0.00     0.00 -1 -4.66e-14      0.00 8.258e-01 1.740e-01 2.570e-05 6.958e-06 6.327e-05 -1.000 1.963e-04 5.320 6.203 5.627 5.301 5.213 5.202 5.208
0.0001957 -1.90000 10.00000 0.7130104303 2.3839829365    0.713 -0.162  3.7856  4.548    1  0.000  0.539     0.00     0.00     0.00     0.00     0.00 -1 -5.43e-14      0.00 8.329e-01 1.669e-01 2.477e-05 6.731e-06 6.127e-05 -1.000 1.702e-04 5.176 6.029 5.470 5.165 5.087 5.081 5.089
0.0001957 -1.90000 10.00000 0.7251023650 2.3893881090    0.725 -0.105  3.7910  4.520    1  0.000  0.536     0.00     0.00     0.00     0.00     0.00 -1 -6.35e-14      0.00 8.395e-01 1.604e-01 2.394e-05 6.529e-06 5.949e-05 -1.000 9.835e-05 5.033 5.859 5.315 5.030 4.959 4.959 4.969
0.0001957 -1.90000 10.00000 0.7358641624 2.3940272837    0.736 -0.052  3.7958  4.492    1  0.000  0.534     0.00     0.00     0.00     0.00     0.00 -1 -7.34e-14      0.00 8.450e-01 1.549e-01 2.327e-05 6.369e-06 5.808e-05 -1.000 1.256e-04 4.901 5.705 5.173 4.904 4.841 4.846 4.857
0.0001957 -1.90000 10.00000 0.7460107207 2.3982605607    0.746 -0.001  3.8001  4.464    1  0.000  0.532     0.00     0.00     0.00     0.00     0.00 -1 -8.48e-14      0.00 8.497e-01 1.502e-01 2.272e-05 6.239e-06 5.695e-05 -1.000 1.049e-04 4.771 5.556 5.032 4.779 4.723 4.732 4.745
0.0001957 -1.90000 10.00000 0.7500000000 2.3998889087    0.750  0.021  3.8018  4.451    1  0.000  0.531     0.00     0.00     0.00     0.00     0.00 -1    -9e-14      0.00 8.514e-01 1.485e-01 2.253e-05 6.194e-06 5.656e-05 -1.000 9.689e-05 4.719 5.496 4.976 4.728 4.675 4.685 4.699
0.0001957 -1.90000 10.00000 0.7574436665 2.4028745972    0.757  0.061  3.8051  4.429    1  0.000  0.531     0.00     0.00     0.00     0.00     0.00 -1 -1.01e-13      0.00 8.523e-01 1.476e-01 2.255e-05 6.201e-06 5.664e-05 -1.000 1.083e-04 4.618 5.383 4.867 4.631 4.583 4.597 4.611
0.0001957 -1.90000 10.00000 0.7659653425 2.4062108806    0.765  0.109  3.8088  4.400    1  0.000  0.530     0.00     0.00     0.00     0.00     0.00 -1 -1.16e-13      0.00 8.531e-01 1.468e-01 2.258e-05 6.213e-06 5.677e-05 -1.000 1.110e-04 4.497 5.247 4.736 4.513 4.471 4.489 4.504
0.0001957 -1.90000 10.00000 0.7741243839 2.4093261629    0.773  0.159  3.8124  4.369    1  0.000  0.530     0.00     0.00     0.00     0.00     0.00 -1 -1.34e-13      0.00 8.539e-01 1.460e-01 2.261e-05 6.225e-06 5.691e-05 -1.000 1.254e-04 4.373 5.111 4.604 4.392 4.357 4.378 4.394
0.0001957 -1.90000 10.00000 0.7817520499 2.4121710226    0.781  0.208  3.8157  4.337    1  0.000  0.529     0.00     0.00     0.00     0.00     0.00 -1 -1.55e-13      0.00 8.544e-01 1.454e-01 2.265e-05 6.239e-06 5.706e-05 -1.000 1.488e-04 4.250 4.976 4.472 4.271 4.241 4.265 4.283
0.0001957 -1.90000 10.00000 0.7909353375 2.4155124967    0.790  0.272  3.8195  4.294    1  0.000  0.529     0.00     0.00     0.00     0.00     0.00 -1 -1.87e-13      0.00 8.551e-01 1.448e-01 2.272e-05 6.259e-06 5.726e-05 -1.000 1.172e-04 4.091 4.803 4.301 4.114 4.090 4.118 4.136
0.0001957 -1.90000 10.00000 0.7994121909 2.4185186928    0.798  0.337  3.8227  4.246    1  0.000  0.529     0.00     0.00     0.00     0.00     0.00 -1 -2.28e-13      0.00 8.555e-01 1.444e-01 2.279e-05 6.281e-06 5.748e-05 -1.000 9.738e-05 3.928 4.630 4.129 3.952 3.934 3.965 3.985
0.0001957 -1.90000 10.00000 0.8000000119 2.4187244405    0.799  0.341  3.8230  4.243    1  0.000  0.529     0.00     0.00     0.00     0.00     0.00 -1 -2.31e-13      0.00 8.555e-01 1.444e-01 2.279e-05 6.283e-06 5.749e-05 -1.000 9.722e-05 3.917 4.618 4.117 3.941 3.923 3.954 3.974
0.0001957 -1.90000 10.00000 0.8009582162 2.4190590844    0.800  0.349  3.8233  4.238    1  0.000  0.529     0.00     0.00     0.00     0.00     0.00 -1 -2.37e-13      0.00 8.554e-01 1.445e-01 2.280e-05 6.285e-06 5.752e-05 -1.000 9.871e-05 3.898 4.598 4.097 3.923 3.906 3.937 3.957
0.0001957 -1.90000 10.00000 0.8069091439 2.4211169425    0.806  0.398  3.8254  4.200    1  0.000  0.529     0.00     0.00     0.00     0.00     0.00 -1 -2.75e-13      0.00 8.549e-01 1.450e-01 2.289e-05 6.308e-06 5.773e-05 -1.000 1.137e-04 3.776 4.468 3.967 3.801 3.787 3.821 3.841
0.0001957 -1.90000 10.00000 0.8135047555 2.4233573302    0.812  0.456  3.8270  4.152    1  0.000  0.529     0.00     0.00     0.00     0.00     0.00 -1 -3.31e-13      0.00 8.528e-01 1.471e-01 2.315e-05 6.380e-06 5.838e-05 -1.000 1.268e-04 3.631 4.316 3.815 3.655 3.645 3.679 3.700
0.0001957 -1.90000 10.00000 0.8148214221 2.4237995820    0.814  0.468  3.8271  4.141    1  0.000  0.529     0.00     0.00     0.00     0.00     0.00 -1 -3.47e-13      0.00 8.524e-01 1.475e-01 2.321e-05 6.395e-06 5.851e-05 -1.000 1.294e-04 3.600 4.285 3.783 3.624 3.614 3.649 3.669
0.0001957 -1.90000 10.00000 0.8156662583 2.4240824873    0.814  0.477  3.8270  4.132    1  0.000  0.529     0.00     0.00     0.00     0.00     0.00 -1 -3.57e-13      0.00 8.521e-01 1.478e-01 2.324e-05 6.404e-06 5.860e-05 -1.000 1.310e-04 3.577 4.262 3.761 3.601 3.591 3.626 3.646
0.0001957 -1.90000 10.00000 0.8204335570 2.4256663343    0.819  0.528  3.8260  4.079    1  0.000  0.529     0.00     0.00     0.00     0.00     0.00 -1 -4.24e-13      0.00 8.506e-01 1.493e-01 2.343e-05 6.457e-06 5.908e-05 -1.000 1.403e-04 3.449 4.135 3.632 3.471 3.460 3.494 3.514
0.0001957 -1.90000 10.00000 0.8250063658 2.4271658027    0.823  0.585  3.8224  4.010    1  0.000  0.529     0.00     0.00     0.00     0.00     0.00 -1 -5.22e-13      0.00 8.491e-01 1.507e-01 2.362e-05 6.507e-06 5.953e-05 -1.000 1.492e-04 3.307 4.002 3.494 3.324 3.309 3.339 3.358
0.0001957 -1.90000 10.00000 0.8258183002 2.4274300482    0.824  0.596  3.8215  3.996    1  0.000  0.529     0.00     0.00     0.00     0.00     0.00 -1 -5.45e-13      0.00 8.489e-01 1.510e-01 2.365e-05 6.516e-06 5.961e-05 -1.000 1.508e-04 3.280 3.976 3.468 3.296 3.279 3.308 3.327
0.0001957 -1.90000 10.00000 0.8265101910 2.4276547542    0.825  0.606  3.8203  3.981    2  0.000  0.529     0.00     0.00     0.00     0.00     0.00 -1  -5.7e-13      0.00 8.486e-01 1.512e-01 2.368e-05 6.524e-06 5.968e-05 -1.000 1.521e-04 3.254 3.954 3.445 3.269 3.251 3.279 3.297
0.0001957 -1.90000 10.00000 0.8288326263 2.4284058600    0.827  0.644  3.8147  3.922    2  0.000  0.529     0.00     0.00     0.00     0.00     0.00 -1  -6.6e-13      0.00 8.479e-01 1.519e-01 2.377e-05 6.549e-06 5.991e-05 -1.000 1.566e-04 3.160 3.875 3.360 3.169 3.143 3.165 3.182
0.0001957 -1.90000 10.00000 0.8306000829 2.4289742428    0.829  0.678  3.8075  3.861    2  0.000  0.529     0.00     0.00     0.00     0.00     0.00 -1 -7.65e-13      0.00 8.474e-01 1.525e-01 2.385e-05 6.569e-06 6.009e-05 -1.000 1.600e-04 3.076 3.814 3.291 3.079 3.041 3.057 3.071
0.0001957 -1.90000 10.00000 0.8319778442 2.4294153808    0.830  0.708  3.7989  3.797    2  0.000  0.529     0.00     0.00     0.00     0.00     0.00 -1 -8.82e-13      0.00 8.469e-01 1.529e-01 2.390e-05 6.584e-06 6.022e-05 -1.000 1.626e-04 3.000 3.771 3.236 2.996 2.945 2.952 2.963
0.0001957 -1.90000 10.00000 0.8330851197 2.4297686975    0.831  0.735  3.7894  3.732    2  0.000  0.529     0.00     0.00     0.00     0.00     0.00 -1 -1.01e-12      0.00 8.466e-01 1.533e-01 2.395e-05 6.596e-06 6.033e-05 -1.000 1.643e-04 2.932 3.744 3.192 2.921 2.855 2.853 2.861
0.0001957 -1.90000 10.00000 0.8340066671 2.4300619283    0.832  0.760  3.7796  3.669    2  0.000  0.530     0.00     0.00     0.00     0.00     0.00 -1 -1.15e-12      0.00 8.406e-01 1.593e-01 2.465e-05 6.785e-06 6.203e-05 -1.000 1.540e-04 2.871 3.728 3.157 2.853 2.772 2.761 2.765
0.0001957 -1.90000 10.00000 0.8348089457 2.4303166024    0.833  0.783  3.7704  3.609    2  0.000  0.532     0.00     0.00     0.00     0.00     0.00 -1  -1.3e-12      0.00 8.187e-01 1.811e-01 2.711e-05 7.445e-06 6.793e-05 -1.000 1.550e-04 2.814 3.721 3.124 2.790 2.694 2.674 2.675
0.0001957 -1.90000 10.00000 0.8355487585 2.4305509492    0.834  0.807  3.7619  3.551    2  0.000  0.534     0.00     0.00     0.00     0.00     0.00 -1 -1.47e-12      0.00 7.962e-01 2.037e-01 2.965e-05 8.126e-06 7.401e-05 -1.000 1.580e-04 2.752 3.709 3.087 2.724 2.615 2.586 2.583
0.0001957 -1.90000 10.00000 0.8362909555 2.4307855720    0.834  0.841  3.7541  3.487    2  0.000  0.536     0.00     0.00     0.00     0.00     0.00 -1 -1.71e-12      0.00 7.803e-01 2.196e-01 3.146e-05 8.608e-06 7.830e-05 -1.000 1.909e-04 2.669 3.677 3.027 2.638 2.516 2.479 2.474
0.0001957 -1.90000 10.00000 0.8368710876 2.4309686298    0.835  0.875  3.7490  3.432    2  0.000  0.536     0.00     0.00     0.00     0.00     0.00 -1 -1.96e-12      0.00 7.733e-01 2.265e-01 3.224e-05 8.818e-06 8.018e-05 -1.000 1.969e-04 2.582 3.626 2.957 2.549 2.420 2.378 2.370
0.0001957 -1.90000 10.00000 0.8374450803 2.4311494634    0.835  0.917  3.7449  3.374    2  0.000  0.536     0.00     0.00     0.00     0.00     0.00 -1 -2.31e-12      0.00 7.691e-01 2.307e-01 3.272e-05 8.946e-06 8.132e-05 -1.000 1.968e-04 2.477 3.551 2.866 2.444 2.307 2.261 2.251
0.0001957 -1.90000 10.00000 0.8375285268 2.4311757290    0.835  0.925  3.7444  3.365    2  0.000  0.537     0.00     0.00     0.00     0.00     0.00 -1 -2.38e-12      0.00 7.686e-01 2.312e-01 3.277e-05 8.958e-06 8.143e-05 -1.000 1.833e-04 2.459 3.536 2.849 2.425 2.288 2.241 2.232
0.0001957 -1.90000 10.00000 0.8379870653 2.4313199516    0.836  0.966  3.7421  3.314    3  0.000  0.537     0.00     0.00     0.00     0.00     0.00 -1 -2.77e-12      0.00 7.664e-01 2.334e-01 3.299e-05 9.018e-06 8.197e-05 -1.000 1.919e-04 2.355 3.450 2.753 2.322 2.181 2.131 2.121
0.0001957 -1.90000 10.00000 0.8384937048 2.4314790922    0.836  1.014  3.7396  3.256    3  0.000  0.537     0.00     0.00     0.00     0.00     0.00 -1 -3.31e-12      0.00 7.641e-01 2.357e-01 3.320e-05 9.073e-06 8.246e-05 -1.000 1.962e-04 2.234 3.347 2.640 2.201 2.056 2.004 1.992
0.0001957 -1.90000 10.00000 0.8389211297 2.4316131788    0.837  1.058  3.7378  3.206    3  0.000  0.537     0.00     0.00     0.00     0.00     0.00 -1 -3.88e-12      0.00 7.623e-01 2.375e-01 3.333e-05 9.110e-06 8.279e-05 -1.000 1.968e-04 2.124 3.251 2.537 2.092 1.944 1.890 1.877
0.0001957 -1.90000 10.00000 0.8393328190 2.4317421806    0.837  1.103  3.7362  3.154    3  0.000  0.537     0.00     0.00     0.00     0.00     0.00 -1 -4.57e-12      0.00 7.607e-01 2.391e-01 3.344e-05 9.140e-06 8.306e-05 -1.000 1.969e-04 2.011 3.152 2.430 1.980 1.829 1.773 1.759
0.0001957 -1.90000 10.00000 0.8397159576 2.4318621054    0.837  1.148  3.7346  3.103    3  0.000  0.537     0.00     0.00     0.00     0.00     0.00 -1 -5.36e-12      0.00 7.592e-01 2.406e-01 3.352e-05 9.166e-06 8.328e-05 -1.000 1.969e-04 1.900 3.053 2.324 1.869 1.716 1.658 1.644
0.0001957 -1.90000 10.00000 0.8400769234 2.4319749749    0.837  1.193  3.7332  3.053    3  0.000  0.536     0.00     0.00     0.00     0.00     0.00 -1 -6.31e-12      0.00 7.578e-01 2.420e-01 3.358e-05 9.190e-06 8.346e-05 -1.000 1.880e-04 1.787 2.951 2.217 1.757 1.602 1.542 1.527
0.0001957 -1.90000 10.00000 0.8404380679 2.4320877887    0.838  1.241  3.7316  2.998    3  0.000  0.536     0.00     0.00     0.00     0.00     0.00 -1  -7.5e-12      0.00 7.564e-01 2.435e-01 3.359e-05 9.218e-06 8.362e-05 -1.000 1.455e-04 1.666 2.842 2.101 1.637 1.480 1.418 1.402
0.0001957 -1.90000 10.00000 0.8407501578 2.4321851891    0.838  1.287  3.7302  2.947    3  0.000  0.534     0.00     0.00     0.00     0.00     0.00 -1 -8.83e-12      0.00 7.551e-01 2.447e-01 3.357e-05 9.255e-06 8.374e-05 -1.000 1.735e-04 1.554 2.740 1.993 1.524 1.365 1.302 1.285
0.0001957 -1.90000 10.00000 0.8410570025 2.4322808715    0.838  1.335  3.7287  2.893    3  0.000  0.533     0.00     0.00     0.00     0.00     0.00 -1 -1.05e-11      0.00 7.539e-01 2.459e-01 3.349e-05 9.319e-06 8.384e-05 -1.000 1.968e-04 1.433 2.632 1.878 1.405 1.243 1.178 1.160
0.0001957 -1.90000 10.00000 0.8413355947 2.4323676745    0.838  1.382  3.7272  2.840    3  0.000  0.530     0.00     0.00     0.00     0.00     0.00 -1 -1.24e-11      0.00 7.529e-01 2.470e-01 3.337e-05 9.416e-06 8.392e-05 -1.000 1.968e-04 1.315 2.526 1.765 1.287 1.123 1.056 1.038
0.0001957 -1.90000 10.00000 0.8415875435 2.4324461192    0.838  1.428  3.7257  2.788    3  0.000  0.527     0.00     0.00     0.00     0.00     0.00 -1 -1.47e-11      0.00 7.520e-01 2.478e-01 3.322e-05 9.547e-06 8.399e-05 -1.000 1.969e-04 1.199 2.423 1.655 1.172 1.006 0.937 0.918
0.0001957 -1.90000 10.00000 0.8418172598 2.4325175946    0.838  1.474  3.7242  2.736    3  0.000  0.525     0.00     0.00     0.00     0.00     0.00 -1 -1.73e-11      0.00 7.513e-01 2.485e-01 3.307e-05 9.697e-06 8.404e-05 -1.000 1.968e-04 1.084 2.321 1.546 1.058 0.889 0.819 0.799
0.0001957 -1.90000 10.00000 0.8420341611 2.4325850415    0.839  1.522  3.7227  2.683    3  0.000  0.522     0.00     0.00     0.00     0.00     0.00 -1 -2.06e-11      0.00 7.506e-01 2.492e-01 3.292e-05 9.861e-06 8.408e-05 -1.000 1.968e-04 0.966 2.215 1.433 0.941 0.770 0.698 0.677
0.0001957 -1.90000 10.00000 0.8422280550 2.4326453004    0.839  1.568  3.7211  2.630    3  0.000  0.520     0.00     0.00     0.00     0.00     0.00 -1 -2.43e-11      0.00 7.502e-01 2.496e-01 3.278e-05 1.001e-05 8.411e-05 -1.000 1.969e-04 0.851 2.113 1.324 0.827 0.653 0.579 0.558
0.0001957 -1.90000 10.00000 0.8424018025 2.4326992709    0.839  1.612  3.7195  2.579    3  0.000  0.518     0.00     0.00     0.00     0.00     0.00 -1 -2.86e-11      0.00 7.498e-01 2.500e-01 3.268e-05 1.012e-05 8.413e-05 -1.000 1.968e-04 0.739 2.014 1.218 0.716 0.540 0.464 0.442
0.0001957 -1.90000 10.00000 0.8425646424 2.4327498301    0.838  1.658  3.7179  2.527    3  0.000  0.517     0.00     0.00     0.00     0.00     0.00 -1 -3.37e-11      0.00 7.496e-01 2.502e-01 3.261e-05 1.020e-05 8.414e-05 -1.000 1.969e-04 0.625 1.914 1.110 0.603 0.424 0.347 0.324
0.0001957 -1.90000 10.00000 0.8427092433 2.4327947074    0.838  1.702  3.7164  2.477    3  0.000  0.516     0.00     0.00     0.00     0.00     0.00 -1 -3.95e-11      0.00 7.494e-01 2.504e-01 3.257e-05 1.025e-05 8.415e-05 -1.000 1.969e-04 0.514 1.819 1.007 0.493 0.312 0.233 0.209
0.0001957 -1.90000 10.00000 0.8428443074 2.4328366091    0.838  1.747  3.7147  2.425    3  0.000  0.516     0.00     0.00     0.00     0.00     0.00 -1 -4.65e-11      0.00 7.494e-01 2.504e-01 3.255e-05 1.028e-05 8.416e-05 -1.000 1.970e-04 0.402 1.725 0.902 0.382 0.198 0.117 0.092
0.0001957 -1.90000 10.00000 0.8429698348 2.4328755382    0.838  1.792  3.7131  2.373    3  0.000  0.516     0.00     0.00     0.00     0.00     0.00 -1 -5.48e-11      0.00 7.494e-01 2.504e-01 3.254e-05 1.029e-05 8.416e-05 -1.000 1.969e-04 0.289 1.629 0.795 0.269 0.083 -0.001 -0.026
0.0001957 -1.90000 10.00000 0.8430849910 2.4329112393    0.838  1.838  3.7114  2.321    3  0.000  0.516     0.00     0.00     0.00     0.00     0.00 -1 -6.46e-11      0.00 7.494e-01 2.504e-01 3.254e-05 1.029e-05 8.416e-05 -1.000 1.970e-04 0.176 1.535 0.690 0.157 -0.032 -0.117 -0.144
0.0001957 -1.90000 10.00000 0.8431896567 2.4329436783    0.838  1.882  3.7096  2.270    3  0.000  0.516     0.00     0.00     0.00     0.00     0.00 -1 -7.59e-11      0.00 7.494e-01 2.504e-01 3.253e-05 1.030e-05 8.416e-05 -1.000 1.970e-04 0.065 1.443 0.587 0.047 -0.145 -0.232 -0.260
0.0001957 -1.90000 10.00000 0.8432875276 2.4329740030    0.838  1.927  3.7079  2.218    3  0.000  0.515     0.00     0.00     0.00     0.00     0.00 -1 -8.94e-11      0.00 7.494e-01 2.504e-01 3.253e-05 1.030e-05 8.416e-05 -1.000 1.971e-04 -0.047 1.351 0.483 -0.064 -0.259 -0.348 -0.376
0.0001957 -1.90000 10.00000 0.8433768153 2.4330016613    0.837  1.971  3.7062  2.167    3  0.000  0.515     0.00     0.00     0.00     0.00     0.00 -1 -1.05e-10      0.00 7.493e-01 2.505e-01 3.253e-05 1.030e-05 8.416e-05 -1.000 1.969e-04 -0.158 1.261 0.381 -0.173 -0.371 -0.463 -0.492
0.0001957 -1.90000 10.00000 0.8434560299 2.4330261936    0.837  2.014  3.7044  2.117    3  0.000  0.515     0.00     0.00     0.00     0.00     0.00 -1 -1.23e-10      0.00 7.493e-01 2.505e-01 3.253e-05 1.030e-05 8.417e-05 -1.000 1.969e-04 -0.264 1.177 0.283 -0.278 -0.479 -0.573 -0.603
0.0001957 -1.90000 10.00000 0.8435290456 2.4330488014    0.837  2.055  3.7027  2.068    3  0.000  0.515     0.00     0.00     0.00     0.00     0.00 -1 -1.43e-10      0.00 7.493e-01 2.505e-01 3.253e-05 1.030e-05 8.417e-05 -1.000 1.969e-04 -0.369 1.092 0.187 -0.381 -0.585 -0.681 -0.712
0.0001957 -1.90000 10.00000 0.8435975313 2.4330700026    0.836  2.097  3.7011  2.019    3  0.000  0.515     0.00     0.00     0.00     0.00     0.00 -1 -1.67e-10      0.00 7.493e-01 2.505e-01 3.253e-05 1.030e-05 8.417e-05 -1.000 1.969e-04 -0.474 1.008 0.091 -0.485 -0.692 -0.790 -0.821
0.0001957 -1.90000 10.00000 0.8436589837 2.4330890230    0.836  2.138  3.6993  1.971    3  0.000  0.515     0.00     0.00     0.00     0.00     0.00 -1 -1.93e-10      0.00 7.493e-01 2.505e-01 3.253e-05 1.030e-05 8.417e-05 -1.000 1.969e-04 -0.575 0.931 -0.001 -0.584 -0.795 -0.895 -0.928
0.0001957 -1.90000 10.00000 0.8437206149 2.4331080956    0.835  2.180  3.6975  1.922    3  0.000  0.515     0.00     0.00     0.00     0.00     0.00 -1 -2.25e-10      0.00 7.493e-01 2.505e-01 3.253e-05 1.031e-05 8.417e-05 -1.000 1.969e-04 -0.679 0.852 -0.095 -0.687 -0.901 -1.003 -1.037
0.0001957 -1.90000 10.00000 0.8437852859 2.4331281055    0.835  2.214  3.6961  1.882    3  0.000  0.515     0.00     0.00     0.00     0.00     0.00 -1 -2.56e-10      0.00 7.493e-01 2.505e-01 3.253e-05 1.031e-05 8.417e-05 -1.000 1.969e-04 -0.765 0.787 -0.173 -0.771 -0.988 -1.091 -1.126
0.0001957 -1.90000 10.00000 0.8438191414 2.4331385793    0.835  2.230  3.6955  1.863    3  0.000  0.515     0.00     0.00     0.00     0.00     0.00 -1 -2.73e-10      0.00 7.493e-01 2.505e-01 3.253e-05 1.031e-05 8.417e-05 -1.000 1.969e-04 -0.805 0.757 -0.209 -0.811 -1.028 -1.133 -1.168
0.0001957 -1.90000 10.00000 0.8438623548 2.4331519468    0.834  2.215  3.6965  1.882    3  0.000  0.515     0.00     0.00     0.00     0.00     0.00 -1  -2.6e-10      0.00 7.493e-01 2.505e-01 3.252e-05 1.031e-05 8.417e-05 -1.000 1.969e-04 -0.767 0.781 -0.177 -0.774 -0.990 -1.093 -1.128
0.0001957 -1.90000 10.00000 0.8438703418 2.4331544173    0.834  2.222  3.6961  1.873    3  0.000  0.515     0.00     0.00     0.00     0.00     0.00 -1 -2.66e-10      0.00 7.493e-01 2.505e-01 3.252e-05 1.031e-05 8.417e-05 -1.000 1.969e-04 -0.786 0.767 -0.194 -0.792 -1.009 -1.112 -1.147
0.0001957 -1.90000 10.00000 0.8439145684 2.4331680962    0.834  2.264  3.6942  1.824    3  0.000  0.515     0.00     0.00     0.00     0.00     0.00 -1 -3.07e-10      0.00 7.493e-01 2.505e-01 3.252e-05 1.031e-05 8.417e-05 -1.000 1.969e-04 -0.890 0.692 -0.287 -0.895 -1.115 -1.221 -1.257
0.0001957 -1.90000 10.00000 0.8439592123 2.4331819026    0.833  2.308  3.6923  1.772    3  0.000  0.515     0.00     0.00     0.00     0.00     0.00 -1 -3.61e-10      0.00 7.493e-01 2.505e-01 3.252e-05 1.031e-05 8.417e-05 -1.000 1.970e-04 -1.001 0.610 -0.386 -1.003 -1.227 -1.335 -1.372
0.0001957 -1.90000 10.00000 0.8439971805 2.4331936431    0.832  2.348  3.6905  1.724    3  0.000  0.515     0.00     0.00     0.00     0.00     0.00 -1 -4.18e-10      0.00 7.493e-01 2.505e-01 3.252e-05 1.031e-05 8.417e-05 -1.000 1.969e-04 -1.100 0.539 -0.474 -1.101 -1.328 -1.439 -1.477
0.0001957 -1.90000 10.00000 0.8440344334 2.4332051613    0.832  2.390  3.6885  1.674    3  0.000  0.515     0.00     0.00     0.00     0.00     0.00 -1 -4.87e-10      0.00 7.493e-01 2.505e-01 3.252e-05 1.031e-05 8.417e-05 -1.000 1.969e-04 -1.205 0.466 -0.566 -1.202 -1.433 -1.547 -1.586
0.0001957 -1.90000 10.00000 0.8440693021 2.4332159412    0.831  2.432  3.6865  1.624    3  0.000  0.515     0.00     0.00     0.00     0.00     0.00 -1 -5.69e-10      0.00 7.493e-01 2.505e-01 3.252e-05 1.031e-05 8.417e-05 -1.000 1.969e-04 -1.310 0.394 -0.657 -1.304 -1.538 -1.655 -1.695
0.0001957 -1.90000 10.00000 0.8440997601 2.4332253567    0.830  2.471  3.6846  1.576    3  0.000  0.515     0.00     0.00     0.00     0.00     0.00 -1 -6.59e-10      0.00 7.493e-01 2.505e-01 3.252e-05 1.031e-05 8.417e-05 -1.000 1.969e-04 -1.408 0.337 -0.742 -1.400 -1.638 -1.757 -1.799
0.0001957 -1.90000 10.00000 0.8441299796 2.4332346977    0.829  2.513  3.6827  1.527    3  0.000  0.515     6.42     5.14     3.66     2.82     2.28  3 -7.68e-10      0.00 7.493e-01 2.505e-01 3.252e-05 1.031e-05 8.417e-05 -1.000 1.970e-04 -1.512 0.280 -0.831 -1.504 -1.746 -1.867 -1.909
0.0001957 -1.90000 10.00000 0.8441568017 2.4332429879    0.829  2.553  3.6807  1.479    3  0.000  0.515     7.10     5.60     3.98     3.07     2.48  3  -8.9e-10      0.00 7.493e-01 2.505e-01 3.252e-05 1.031e-05 8.417e-05 -1.000 1.969e-04 -1.612 0.234 -0.914 -1.602 -1.848 -1.971 -2.015
0.0001957 -1.90000 10.00000 0.8441817760 2.4332507065    0.828  2.592  3.6787  1.431    3  0.000  0.515     7.85     6.11     4.32     3.34     2.70  3 -1.03e-09      0.00 7.493e-01 2.505e-01 3.252e-05 1.031e-05 8.417e-05 -1.000 1.969e-04 -1.710 0.195 -0.993 -1.699 -1.949 -2.076 -2.120
0.0001957 -1.90000 10.00000 0.8442055583 2.4332580561    0.827  2.632  3.6767  1.382    3  0.000  0.515     8.70     6.67     4.70     3.64     2.94  3  -1.2e-09      0.00 7.493e-01 2.505e-01 3.252e-05 1.032e-05 8.417e-05 -1.000 1.970e-04 -1.811 0.159 -1.073 -1.797 -2.052 -2.181 -2.227
0.0001957 -1.90000 10.00000 0.8442311883 2.4332659763    0.825  2.679  3.6742  1.325    3  0.000  0.515     9.81     7.39     5.18     4.02     3.25  3 -1.42e-09      0.00 7.493e-01 2.505e-01 3.252e-05 1.032e-05 8.418e-05 -1.000 1.970e-04 -1.927 0.128 -1.161 -1.911 -2.172 -2.304 -2.352
0.0001957 -1.90000 10.00000 0.8442518115 2.4332723488    0.824  2.719  3.6722  1.276    3  0.000  0.515    10.88     8.07     5.64     4.38     3.55  3 -1.65e-09      0.00 7.493e-01 2.505e-01 3.252e-05 1.032e-05 8.418e-05 -1.000 1.970e-04 -2.028 0.100 -1.239 -2.009 -2.276 -2.411 -2.460
0.0001957 -1.90000 10.00000 0.8442730308 2.4332789051    0.822  2.764  3.6697  1.220    3  0.000  0.515    12.23     8.92     6.20     4.82     3.91  3 -1.95e-09      0.00 7.493e-01 2.505e-01 3.252e-05 1.032e-05 8.418e-05 -1.000 1.969e-04 -2.140 0.084 -1.319 -2.118 -2.391 -2.530 -2.581
0.0001957 -1.90000 10.00000 0.8442906141 2.4332843378    0.821  2.804  3.6677  1.171    3  0.000  0.515    13.55     9.74     6.74     5.25     4.25  2 -2.27e-09      0.00 7.493e-01 2.505e-01 3.252e-05 1.032e-05 8.418e-05 -1.000 1.969e-04 -2.239 0.070 -1.389 -2.213 -2.492 -2.635 -2.686
0.0001957 -1.90000 10.00000 0.8443084359 2.4332898438    0.819  2.847  3.6652  1.117    3  0.000  0.515    15.18    10.73     7.40     5.77     4.68  2 -2.67e-09      0.00 7.493e-01 2.505e-01 3.252e-05 1.032e-05 8.418e-05 -1.000 1.969e-04 -2.347 0.070 -1.460 -2.316 -2.603 -2.749 -2.802
0.0001957 -1.90000 10.00000 0.8443232775 2.4332944289    0.817  2.885  3.6631  1.070    3  0.000  0.515    16.77    11.69     8.03     6.27     5.08  2 -3.08e-09      0.00 7.493e-01 2.505e-01 3.252e-05 1.032e-05 8.418e-05 -1.000 1.969e-04 -2.443 0.070 -1.523 -2.407 -2.700 -2.850 -2.905
0.0001957 -1.90000 10.00000 0.8443388939 2.4332992532    0.815  2.928  3.6606  1.016    3  0.000  0.515    18.78    12.88     8.80     6.88     5.58  2 -3.62e-09      0.00 7.493e-01 2.505e-01 3.252e-05 1.032e-05 8.418e-05 -1.000 1.969e-04 -2.550 0.083 -1.589 -2.509 -2.810 -2.964 -3.021
0.0001957 -1.90000 10.00000 0.8443546891 2.4333041325    0.813  2.975  3.6580  0.957    3  0.000  0.515    21.25    14.31     9.74     7.63     6.18  2 -4.33e-09      0.00 7.493e-01 2.505e-01 3.252e-05 1.032e-05 8.418e-05 -1.000 1.970e-04 -2.667 0.112 -1.652 -2.617 -2.929 -3.088 -3.147
0.0001957 -1.90000 10.00000 0.8443675041 2.4333080910    0.810  3.016  3.6555  0.905    3  0.000  0.515    23.71    15.71    10.64     8.35     6.77  2 -5.06e-09      0.00 7.493e-01 2.505e-01 3.252e-05 1.032e-05 8.418e-05 -1.000 1.969e-04 -2.769 0.105 -1.713 -2.708 -3.029 -3.193 -3.254
0.0001957 -1.90000 10.00000 0.8443785310 2.4333114971    0.808  3.053  3.6533  0.858    3  0.000  0.515    26.16    17.09    11.53     9.06     7.35  1 -5.82e-09      0.00 7.493e-01 2.505e-01 3.252e-05 1.032e-05 8.418e-05 -1.000 1.969e-04 -2.861 0.096 -1.768 -2.790 -3.120 -3.288 -3.351
0.0001957 -1.90000 10.00000 0.8443898559 2.4333149951    0.805  3.093  3.6508  0.806    3  0.000  0.515    29.18    18.75    12.61     9.92     8.05  1 -6.79e-09      0.00 7.493e-01 2.505e-01 3.252e-05 1.032e-05 8.418e-05 -1.000 1.969e-04 -2.963 0.091 -1.826 -2.880 -3.220 -3.393 -3.457
0.0001957 -1.90000 10.00000 0.8444014788 2.4333185850    0.802  3.137  3.6480  0.749    3  0.000  0.515    32.90    20.78    13.90    10.95     8.89  1 -8.05e-09      0.00 7.493e-01 2.505e-01 3.252e-05 1.032e-05 8.418e-05 -1.000 1.969e-04 -3.073 0.086 -1.890 -2.977 -3.327 -3.506 -3.573
0.0001957 -1.90000 10.00000 0.8444112539 2.4333216042    0.798  3.176  3.6457  0.698    3  0.000  0.515    36.59    22.74    15.15    11.96     9.71  1 -9.35e-09      0.00 7.493e-01 2.505e-01 3.252e-05 1.032e-05 8.418e-05 -1.000 1.969e-04 -3.171 0.080 -1.946 -3.062 -3.422 -3.605 -3.674
0.0001957 -1.90000 10.00000 0.8444210887 2.4333246417    0.794  3.218  3.6430  0.644    3  0.000  0.515    41.01    25.06    16.62    13.14    10.67  1  -1.1e-08      0.00 7.493e-01 2.505e-01 3.252e-05 1.032e-05 8.418e-05 -1.000 1.970e-04 -3.275 0.079 -2.001 -3.152 -3.522 -3.711 -3.783
0.0001957 -1.90000 10.00000 0.8444302082 2.4333274582    0.790  3.257  3.6406  0.593    3  0.000  0.515    45.64    27.44    18.12    14.35    11.65  1 -1.28e-08      0.00 7.493e-01 2.505e-01 3.252e-05 1.032e-05 8.418e-05 -1.000 1.969e-04 -3.373 0.077 -2.054 -3.236 -3.616 -3.810 -3.884
0.0001957 -1.90000 10.00000 0.8444327712 2.4333282497    0.788  3.267  3.6400  0.580    3  0.000  0.515    46.86    28.07    18.52    14.66    11.91  1 -1.34e-08      0.00 7.493e-01 2.505e-01 3.252e-05 1.032e-05 8.418e-05 -1.000 1.969e-04 -3.397 0.077 -2.066 -3.256 -3.639 -3.835 -3.909
0.0001957 -1.90000 10.00000 0.8444327712 2.4333282497    0.788  1.723  3.8072  2.793    4  0.000  0.530     0.00     0.00     0.00     0.00     0.00 -1    -1e-30      0.00 7.535e-01 2.463e-01 3.317e-05 9.376e-06 8.345e-05 -1.000 1.969e-04 0.462 1.149 0.607 0.429 0.407 0.417 0.430
0.0001957 -1.90000 10.00000 0.8444644809 2.4333380424    0.788  1.743  3.7973  2.732    4  0.000  0.530     0.00     0.00     0.00     0.00     0.00 -1    -1e-30      0.00 7.535e-01 2.463e-01 3.317e-05 9.376e-06 8.345e-05 -1.000 1.969e-04 0.412 1.144 0.588 0.376 0.336 0.338 0.347
0.0001957 -1.90000 10.00000 0.8445210457 2.4333555089    0.788  1.746  3.7969  2.728    4  0.000  0.530     0.00     0.00     0.00     0.00     0.00 -1    -1e-30      0.00 7.535e-01 2.463e-01 3.317e-05 9.376e-06 8.345e-05 -1.000 1.969e-04 0.404 1.138 0.582 0.368 0.327 0.329 0.338
0.0001957 -1.90000 10.00000 0.8445757031 2.4333723839    0.788  1.747  3.7974  2.729    4  0.000  0.530     0.00     0.00     0.00     0.00     0.00 -1    -1e-30      0.00 7.535e-01 2.463e-01 3.317e-05 9.376e-06 8.345e-05 -1.000 1.968e-04 0.402 1.133 0.578 0.366 0.326 0.328 0.338
0.0001957 -1.90000 10.00000 0.8446313143 2.4333895507    0.788  1.748  3.7984  2.732    4  0.000  0.530     0.00     0.00     0.00     0.00     0.00 -1    -1e-30      0.00 7.535e-01 2.463e-01 3.317e-05 9.377e-06 8.345e-05 -1.000 1.968e-04 0.400 1.127 0.573 0.364 0.327 0.329 0.339
0.0001957 -1.90000 10.00000 0.8446890712 2.4334073771    0.789  1.748  3.7997  2.737    4  0.000  0.530     0.00     0.00     0.00     0.00     0.00 -1    -1e-30      0.00 7.535e-01 2.463e-01 3.317e-05 9.377e-06 8.346e-05 -1.000 1.969e-04 0.399 1.120 0.568 0.364 0.328 0.332 0.343
0.0001957 -1.90000 10.00000 0.8447436690 2.4334242260    0.789  1.748  3.8012  2.743    4  0.000  0.530     0.00     0.00     0.00     0.00     0.00 -1    -1e-30      0.00 7.535e-01 2.463e-01 3.317e-05 9.377e-06 8.346e-05 -1.000 1.969e-04 0.399 1.112 0.562 0.364 0.331 0.336 0.347
0.0001957 -1.90000 10.00000 0.8448010683 2.4334419366    0.789  1.748  3.8030  2.750    4  0.000  0.530     0.00     0.00     0.00     0.00     0.00 -1    -1e-30      0.00 7.535e-01 2.463e-01 3.317e-05 9.378e-06 8.346e-05 -1.000 1.968e-04 0.399 1.104 0.556 0.364 0.335 0.341 0.353
0.0001957 -1.90000 10.00000 0.8448579311 2.4334594791    0.789  1.748  3.8049  2.759    4  0.000  0.530     0.00     0.00     0.00     0.00     0.00 -1    -1e-30      0.00 7.535e-01 2.463e-01 3.317e-05 9.378e-06 8.346e-05 -1.000 1.969e-04 0.400 1.096 0.550 0.365 0.339 0.347 0.360
0.0001957 -1.90000 10.00000 0.8449152112 2.4334771474    0.789  1.748  3.8069  2.767    4  0.000  0.530     0.00     0.00     0.00     0.00     0.00 -1    -1e-30      0.00 7.535e-01 2.463e-01 3.317e-05 9.378e-06 8.346e-05 -1.000 1.969e-04 0.400 1.087 0.544 0.366 0.344 0.353 0.366
0.0001957 -1.90000 10.00000 0.8449689746 2.4334937286    0.789  1.748  3.8087  2.774    4  0.000  0.530     0.00     0.00     0.00     0.00     0.00 -1    -1e-30      0.00 7.535e-01 2.463e-01 3.317e-05 9.379e-06 8.346e-05 -1.000 1.969e-04 0.401 1.079 0.539 0.367 0.348 0.359 0.372
0.0001957 -1.90000 10.00000 0.8450279832 2.4335119246    0.789  1.748  3.8103  2.781    4  0.000  0.530     0.00     0.00     0.00     0.00     0.00 -1    -1e-30      0.00 7.535e-01 2.463e-01 3.317e-05 9.379e-06 8.346e-05 -1.000 1.969e-04 0.401 1.072 0.533 0.368 0.352 0.364 0.378
0.0001957 -1.90000 10.00000 0.8450855017 2.4335296583    0.789  1.748  3.8117  2.786    4  0.000  0.530     0.00     0.00     0.00     0.00     0.00 -1    -1e-30      0.00 7.535e-01 2.463e-01 3.317e-05 9.379e-06 8.346e-05 -1.000 1.969e-04 0.401 1.066 0.529 0.369 0.355 0.368 0.382
0.0001957 -1.90000 10.00000 0.8451436758 2.4335475913    0.789  1.748  3.8125  2.789    4  0.000  0.530     0.00     0.00     0.00     0.00     0.00 -1    -1e-30      0.00 7.535e-01 2.463e-01 3.317e-05 9.380e-06 8.346e-05 -1.000 1.968e-04 0.400 1.062 0.525 0.368 0.356 0.370 0.385
0.0001957 -1.90000 10.00000 0.8452029824 2.4335658706    0.789  1.748  3.8129  2.790    4  0.000  0.530     0.00     0.00     0.00     0.00     0.00 -1    -1e-30      0.00 7.535e-01 2.463e-01 3.317e-05 9.380e-06 8.346e-05 -1.000 1.969e-04 0.399 1.059 0.523 0.367 0.356 0.370 0.385
0.0001957 -1.90000 10.00000 0.8452268839 2.4335732365    0.789  1.748  3.8129  2.790    4  0.000  0.530     0.00     0.00     0.00     0.00     0.00 -1    -1e-30      0.00 7.535e-01 2.463e-01 3.317e-05 9.380e-06 8.346e-05 -1.000 1.968e-04 0.399 1.058 0.522 0.367 0.355 0.369 0.384
0.0001957 -1.90000 10.00000 0.8452591300 2.4335831734    0.789  1.749  3.8126  2.789    4  0.000  0.530     0.00     0.00     0.00     0.00     0.00 -1    -1e-30      0.00 7.535e-01 2.463e-01 3.317e-05 9.380e-06 8.347e-05 -1.000 1.969e-04 0.398 1.059 0.522 0.366 0.354 0.367 0.382
0.0001957 -1.90000 10.00000 0.8453195095 2.4336017774    0.789  1.750  3.8117  2.784    4  0.000  0.530     0.00     0.00     0.00     0.00     0.00 -1    -1e-30      0.00 7.535e-01 2.463e-01 3.317e-05 9.381e-06 8.347e-05 -1.000 1.969e-04 0.395 1.060 0.523 0.363 0.349 0.362 0.376
0.0001957 -1.90000 10.00000 0.8453745246 2.4336187259    0.789  1.751  3.8101  2.777    4  0.000  0.530     0.00     0.00     0.00     0.00     0.00 -1    -1e-30      0.00 7.535e-01 2.464e-01 3.317e-05 9.381e-06 8.347e-05 -1.000 1.968e-04 0.392 1.063 0.524 0.359 0.342 0.354 0.368
0.0001957 -1.90000 10.00000 0.8454308510 2.4336360757    0.789  1.753  3.8080  2.766    4  0.000  0.530     0.00     0.00     0.00     0.00     0.00 -1    -1e-30      0.00 7.534e-01 2.464e-01 3.317e-05 9.381e-06 8.347e-05 -1.000 1.969e-04 0.388 1.069 0.528 0.354 0.333 0.344 0.357
0.0001957 -1.90000 10.00000 0.8454907537 2.4336545242    0.789  1.755  3.8049  2.752    4  0.000  0.530     0.00     0.00     0.00     0.00     0.00 -1    -1e-30      0.00 7.534e-01 2.464e-01 3.317e-05 9.382e-06 8.347e-05 -1.000 1.969e-04 0.382 1.078 0.532 0.348 0.322 0.330 0.342
0.0001957 -1.90000 10.00000 0.8455504179 2.4336728963    0.789  1.758  3.8012  2.735    4  0.000  0.530     0.00     0.00     0.00     0.00     0.00 -1    -1e-30      0.00 7.534e-01 2.464e-01 3.317e-05 9.382e-06 8.347e-05 -1.000 1.969e-04 0.376 1.088 0.538 0.340 0.308 0.313 0.324
0.0001957 -1.90000 10.00000 0.8456086516 2.4336908250    0.790  1.761  3.7971  2.715    4  0.000  0.530     0.00     0.00     0.00     0.00     0.00 -1    -1e-30      0.00 7.534e-01 2.464e-01 3.317e-05 9.382e-06 8.347e-05 -1.000 1.968e-04 0.369 1.101 0.545 0.332 0.292 0.294 0.303
0.0001957 -1.90000 10.00000 0.8456420898 2.4337011185    0.790  1.762  3.7946  2.703    4  0.000  0.530     0.00     0.00     0.00     0.00     0.00 -1    -1e-30      0.00 7.534e-01 2.464e-01 3.317e-05 9.383e-06 8.347e-05 -1.000 1.969e-04 0.364 1.109 0.549 0.327 0.283 0.282 0.291
0.0001957 -1.90000 10.00000 0.8456946015 2.4337172817    0.790  1.766  3.7905  2.684    4  0.000  0.530     0.00     0.00     0.00     0.00     0.00 -1    -1e-30      0.00 7.534e-01 2.464e-01 3.317e-05 9.383e-06 8.347e-05 -1.000 1.969e-04 0.356 1.121 0.555 0.318 0.267 0.263 0.270
0.0001957 -1.90000 10.00000 0.8457502723 2.4337344146    0.790  1.769  3.7861  2.663    4  0.000  0.530     0.00     0.00     0.00     0.00     0.00 -1    -1e-30      0.00 7.534e-01 2.464e-01 3.317e-05 9.383e-06 8.347e-05 -1.000 1.969e-04 0.347 1.135 0.561 0.308 0.249 0.241 0.247
0.0001957 -1.90000 10.00000 0.8458052278 2.4337513249    0.790  1.773  3.7822  2.643    4  0.000  0.530     0.00     0.00     0.00     0.00     0.00 -1    -1e-30      0.00 7.534e-01 2.464e-01 3.317e-05 9.383e-06 8.347e-05 -1.000 1.968e-04 0.337 1.146 0.565 0.298 0.232 0.221 0.225
0.0001957 -1.90000 10.00000 0.8458614349 2.4337686178    0.790  1.778  3.7780  2.622    4  0.000  0.530     0.00     0.00     0.00     0.00     0.00 -1    -1e-30      0.00 7.534e-01 2.464e-01 3.317e-05 9.384e-06 8.348e-05 -1.000 1.968e-04 0.325 1.157 0.568 0.287 0.213 0.198 0.201
0.0001957 -1.90000 10.00000 0.8459150791 2.4337851196    0.790  1.783  3.7745  2.603    4  0.000  0.530     0.00     0.00     0.00     0.00     0.00 -1    -1e-30      0.00 7.534e-01 2.464e-01 3.317e-05 9.384e-06 8.348e-05 -1.000 1.968e-04 0.314 1.167 0.569 0.275 0.195 0.177 0.178
0.0001957 -1.90000 10.00000 0.8459686637 2.4338016007    0.790  1.787  3.7719  2.588    4  0.000  0.530     0.00     0.00     0.00     0.00     0.00 -1    -1e-30      0.00 7.534e-01 2.464e-01 3.317e-05 9.384e-06 8.348e-05 -1.000 1.969e-04 0.303 1.172 0.568 0.264 0.180 0.159 0.159
0.0001957 -1.90000 10.00000 0.8460215330 2.4338178595    0.790  1.793  3.7686  2.569    4  0.000  0.530     0.00     0.00     0.00     0.00     0.00 -1    -1e-30      0.00 7.534e-01 2.464e-01 3.317e-05 9.385e-06 8.348e-05 -1.000 1.969e-04 0.288 1.177 0.564 0.249 0.159 0.135 0.134
0.0001957 -1.90000 10.00000 0.8460751176 2.4338343358    0.790  1.800  3.7654  2.549    4  0.000  0.530     0.00     0.00     0.00     0.00     0.00 -1    -1e-30      0.00 7.534e-01 2.464e-01 3.317e-05 9.385e-06 8.348e-05 -1.000 1.968e-04 0.270 1.180 0.559 0.232 0.137 0.109 0.107
0.0001957 -1.90000 10.00000 0.8461284041 2.4338507181    0.790  1.807  3.7624  2.530    4  0.000  0.530     0.00     0.00     0.00     0.00     0.00 -1    -1e-30      0.00 7.534e-01 2.464e-01 3.317e-05 9.385e-06 8.348e-05 -1.000 1.968e-04 0.252 1.180 0.552 0.214 0.113 0.083 0.079
0.0001957 -1.90000 10.00000 0.8461633325 2.4338614552    0.790  1.805  3.7635  2.537    4  0.000  0.530     0.00     0.00     0.00     0.00     0.00 -1    -1e-30      0.00 7.534e-01 2.464e-01 3.317e-05 9.385e-06 8.348e-05 -1.000 1.969e-04 0.258 1.179 0.553 0.219 0.121 0.092 0.088
0.0001957 -1.90000 10.00000 0.8462158442 2.4338775954    0.790  1.817  3.7589  2.506    4  0.000  0.530     0.00     0.00     0.00     0.00     0.00 -1    -1e-30      0.00 7.534e-01 2.464e-01 3.317e-05 9.386e-06 8.348e-05 -1.000 1.968e-04 0.227 1.178 0.540 0.190 0.083 0.049 0.044
0.0001957 -1.90000 10.00000 0.8462701440 2.4338942828    0.790  1.833  3.7543  2.472    4  0.000  0.530     0.00     0.00     0.00     0.00     0.00 -1    -1e-30      0.00 7.534e-01 2.464e-01 3.317e-05 9.386e-06 8.348e-05 -1.000 1.969e-04 0.189 1.171 0.519 0.152 0.037 -0.001 -0.008
0.0001957 -1.90000 10.00000 0.8463231921 2.4339105832    0.790  1.859  3.7479  2.420    4  0.000  0.530     0.00     0.00     0.00     0.00     0.00 -1    -1e-30      0.00 7.534e-01 2.464e-01 3.317e-05 9.386e-06 8.348e-05 -1.000 1.969e-04 0.122 1.150 0.477 0.087 -0.039 -0.084 -0.093
0.0001957 -1.90000 10.00000 0.8463552594 2.4339204356    0.790  1.890  3.7415  2.364    4  0.000  0.530     0.00     0.00     0.00     0.00     0.00 -1    -1e-30      0.00 7.534e-01 2.464e-01 3.317e-05 9.387e-06 8.348e-05 -1.000 1.968e-04 0.045 1.120 0.424 0.010 -0.126 -0.177 -0.190
0.0001957 -1.90000 10.00000 0.8463712931 2.4339253614    0.790  1.924  3.7355  2.306    4  0.000  0.530     0.00     0.00     0.00     0.00     0.00 -1    -1e-30      0.00 7.534e-01 2.464e-01 3.317e-05 9.387e-06 8.348e-05 -1.000 1.968e-04 -0.040 1.086 0.363 -0.073 -0.219 -0.277 -0.292
0.0001957 -1.90000 10.00000 0.8463781476 2.4339274672    0.790  1.958  3.7303  2.251    4  0.000  0.530     0.00     0.00     0.00     0.00     0.00 -1    -1e-30      0.00 7.534e-01 2.464e-01 3.317e-05 9.387e-06 8.348e-05 -1.000 1.969e-04 -0.124 1.046 0.299 -0.156 -0.311 -0.375 -0.393
0.0001957 -1.90000 10.00000 0.8463812470 2.4339284194    0.790  1.991  3.7259  2.200    4  0.000  0.530     0.00     0.00     0.00     0.00     0.00 -1    -1e-30      0.00 7.534e-01 2.464e-01 3.317e-05 9.387e-06 8.348e-05 -1.000 1.968e-04 -0.209 1.003 0.233 -0.239 -0.401 -0.470 -0.489
0.0001957 -1.90000 10.00000 0.8463828564 2.4339289138    0.790  2.023  3.7224  2.155    4  0.000  0.530     0.00     0.00     0.00     0.00     0.00 -1    -1e-30      0.00 7.534e-01 2.464e-01 3.317e-05 9.387e-06 8.348e-05 -1.000 1.968e-04 -0.287 0.959 0.170 -0.315 -0.484 -0.556 -0.577
0.0001957 -1.90000 10.00000 0.8463829756 2.4339289504    0.790  2.025  3.7222  2.151    7  0.000  0.530     0.00     0.00     0.00     0.00     0.00 -1    -1e-30      0.00 7.534e-01 2.464e-01 3.317e-05 9.387e-06 8.348e-05 -1.000 1.969e-04 -0.293 0.954 0.164 -0.322 -0.491 -0.564 -0.585
0.0001957 -1.90000 10.00000 0.8463837504 2.4339291884    0.790  2.052  3.7198  2.115    7  0.000  0.530     0.00     0.00     0.00     0.00     0.00 -1    -1e-30      0.00 7.534e-01 2.464e-01 3.317e-05 9.387e-06 8.348e-05 -1.000 1.969e-04 -0.360 0.910 0.108 -0.388 -0.561 -0.636 -0.658
0.0001957 -1.90000 10.00000 0.8463848233 2.4339295180    0.790  2.092  3.7167  2.063    7  0.000  0.530     0.00     0.00     0.00     0.00     0.00 -1    -1e-30      0.00 7.534e-01 2.464e-01 3.317e-05 9.387e-06 8.348e-05 -1.000 1.969e-04 -0.459 0.845 0.024 -0.485 -0.663 -0.742 -0.766
0.0001957 -1.90000 10.00000 0.8463858366 2.4339298293    0.790  2.130  3.7139  2.014    7  0.000  0.530     0.00     0.00     0.00     0.00     0.00 -1    -1e-30      0.00 7.534e-01 2.464e-01 3.317e-05 9.387e-06 8.348e-05 -1.000 1.968e-04 -0.554 0.781 -0.058 -0.578 -0.761 -0.843 -0.869
0.0001957 -1.90000 10.00000 0.8463872671 2.4339302687    0.790  2.168  3.7113  1.966    7  0.000  0.530     0.00     0.00     0.00     0.00     0.00 -1    -1e-30      0.00 7.534e-01 2.464e-01 3.317e-05 9.387e-06 8.348e-05 -1.000 1.969e-04 -0.649 0.716 -0.141 -0.671 -0.859 -0.945 -0.971
0.0001957 -1.90000 10.00000 0.8463905454 2.4339312758    0.790  2.165  3.7118  1.970    7  0.000  0.530     0.00     0.00     0.00     0.00     0.00 -1    -1e-30      0.00 7.534e-01 2.464e-01 3.317e-05 9.387e-06 8.348e-05 -1.000 1.969e-04 -0.642 0.717 -0.136 -0.665 -0.852 -0.937 -0.963
0.0001957 -1.90000 10.00000 0.8464085460 2.4339368054    0.790  2.145  3.7129  1.994    7  0.000  0.530     0.00     0.00     0.00     0.00     0.00 -1    -1e-30      0.00 7.534e-01 2.464e-01 3.317e-05 9.387e-06 8.348e-05 -1.000 1.968e-04 -0.594 0.752 -0.093 -0.617 -0.802 -0.886 -0.911
0.0001957 -1.90000 10.00000 0.8464310169 2.4339437079    0.790  2.171  3.7109  1.961    7  0.000  0.530     0.00     0.00     0.00     0.00     0.00 -1    -1e-30      0.00 7.534e-01 2.464e-01 3.317e-05 9.387e-06 8.348e-05 -1.000 1.969e-04 -0.656 0.713 -0.146 -0.679 -0.867 -0.953 -0.980
0.0001957 -1.90000 10.00000 0.8464507461 2.4339497678    0.790  2.214  3.7079  1.905    7  0.000  0.530     0.00     0.00     0.00     0.00     0.00 -1    -1e-30      0.00 7.534e-01 2.464e-01 3.317e-05 9.387e-06 8.348e-05 -1.000 1.968e-04 -0.766 0.642 -0.240 -0.786 -0.980 -1.069 -1.098
0.0001957 -1.90000 10.00000 0.8464646339 2.4339540333    0.790  2.249  3.7055  1.861    7  0.000  0.530     0.00     0.00     0.00     0.00     0.00 -1    -1e-30      0.00 7.534e-01 2.464e-01 3.317e-05 9.387e-06 8.348e-05 -1.000 1.968e-04 -0.853 0.585 -0.315 -0.872 -1.070 -1.163 -1.192
0.0001957 -1.90000 10.00000 0.8464822769 2.4339594520    0.790  2.294  3.7027  1.805    7  0.000  0.530     0.00     0.00     0.00     0.00     0.00 -1    -1e-30      0.00 7.534e-01 2.464e-01 3.317e-05 9.387e-06 8.349e-05 -1.000 1.969e-04 -0.964 0.512 -0.410 -0.980 -1.184 -1.280 -1.311
0.0001957 -1.90000 10.00000 0.8464988470 2.4339645409    0.791  2.334  3.7002  1.755    7  0.000  0.530     0.00     0.00     0.00     0.00     0.00 -1    -1e-30      0.00 7.534e-01 2.464e-01 3.317e-05 9.387e-06 8.349e-05 -1.000 1.969e-04 -1.066 0.444 -0.498 -1.080 -1.288 -1.387 -1.419
0.0001957 -1.90000 10.00000 0.8465140462 2.4339692085    0.791  2.374  3.6978  1.705    7  0.000  0.530     0.00     0.00     0.00     0.00     0.00 -1    -1e-30      0.00 7.534e-01 2.464e-01 3.317e-05 9.388e-06 8.349e-05 -1.000 1.968e-04 -1.166 0.378 -0.584 -1.177 -1.390 -1.492 -1.526
0.0001957 -1.90000 10.00000 0.8465278745 2.4339734550    0.791  2.415  3.6954  1.655    7  0.000  0.529     0.00     0.00     0.00     0.00     0.00 -1    -1e-30      0.00 7.533e-01 2.465e-01 3.315e-05 9.395e-06 8.349e-05 -1.000 1.968e-04 -1.267 0.312 -0.671 -1.276 -1.493 -1.598 -1.633
0.0001957 -1.90000 10.00000 0.8465402722 2.4339772621    0.791  2.455  3.6930  1.605    7  0.000  0.528     0.00     0.00     0.00     0.00     0.00 -1    -1e-30      0.00 7.533e-01 2.465e-01 3.306e-05 9.438e-06 8.349e-05 -1.000 1.962e-04 -1.368 0.247 -0.757 -1.374 -1.596 -1.704 -1.740
0.0001957 -1.90000 10.00000 0.8465517163 2.4339807762    0.791  2.496  3.6907  1.554    7  0.000  0.523     0.00     0.00     0.00     0.00     0.00 -1    -1e-30      0.00 7.532e-01 2.466e-01 3.278e-05 9.652e-06 8.352e-05 -1.000 1.965e-04 -1.471 0.180 -0.845 -1.473 -1.700 -1.811 -1.849
0.0001957 -1.90000 10.00000 0.8465619683 2.4339839242    0.791  2.537  3.6883  1.504    7  0.000  0.513     6.62     5.28     3.76     2.90     2.35  3    -1e-30      0.00 7.531e-01 2.467e-01 3.218e-05 1.027e-05 8.353e-05 -1.000 1.968e-04 -1.572 0.117 -0.931 -1.571 -1.802 -1.917 -1.956
0.0001957 -1.90000 10.00000 0.8465712070 2.4339867609    0.791  2.577  3.6859  1.455    7  0.000  0.501     7.34     5.78     4.09     3.17     2.56  3    -1e-30      0.00 7.529e-01 2.469e-01 3.138e-05 1.122e-05 8.355e-05 -1.000 1.950e-04 -1.672 0.056 -1.015 -1.667 -1.903 -2.021 -2.061
0.0001957 -1.90000 10.00000 0.8465796709 2.4339893597    0.791  2.617  3.6836  1.405    7  0.000  0.488     8.16     6.32     4.46     3.45     2.79  3    -1e-30      0.00 7.528e-01 2.471e-01 3.061e-05 1.217e-05 8.357e-05 -1.000 1.790e-04 -1.772 0.016 -1.096 -1.765 -2.007 -2.127 -2.169
0.0001957 -1.90000 10.00000 0.8465876579 2.4339918120    0.791  2.657  3.6812  1.356    7  0.000  0.477     9.06     6.91     4.85     3.77     3.05  3    -1e-30      0.00 7.526e-01 2.472e-01 2.993e-05 1.300e-05 8.359e-05 -1.000 1.701e-04 -1.872 -0.018 -1.175 -1.864 -2.110 -2.234 -2.277
0.0001957 -1.90000 10.00000 0.8465952277 2.4339941361    0.791  2.697  3.6788  1.306    7  0.000  0.468    10.07     7.56     5.29     4.11     3.33  3    -1e-30      0.00 7.524e-01 2.474e-01 2.934e-05 1.373e-05 8.360e-05 -1.000 1.956e-04 -1.972 -0.044 -1.251 -1.962 -2.214 -2.341 -2.385
0.0001957 -1.90000 10.00000 0.8466024995 2.4339963687    0.791  2.737  3.6764  1.257    7  0.000  0.460    11.17     8.26     5.76     4.48     3.63  3    -1e-30      0.00 7.523e-01 2.476e-01 2.884e-05 1.436e-05 8.361e-05 -1.000 1.768e-04 -2.072 -0.064 -1.324 -2.059 -2.316 -2.446 -2.493
0.0001957 -1.90000 10.00000 0.8466095328 2.4339985281    0.791  2.777  3.6739  1.207    7  0.000  0.453    12.42     9.04     6.28     4.89     3.96  3    -1e-30      0.00 7.521e-01 2.478e-01 2.839e-05 1.491e-05 8.360e-05 -1.000 1.203e-04 -2.172 -0.077 -1.396 -2.156 -2.420 -2.553 -2.601
0.0001957 -1.90000 10.00000 0.8466160297 2.4340005227    0.791  2.817  3.6715  1.157    7  0.000  0.447    13.81     9.90     6.85     5.34     4.32  2    -1e-30      0.00 7.519e-01 2.479e-01 2.801e-05 1.539e-05 8.358e-05 -1.000 1.965e-04 -2.272 -0.084 -1.466 -2.253 -2.524 -2.661 -2.710
0.0001957 -1.90000 10.00000 0.8466215730 2.4340022245    0.791  2.856  3.6690  1.108    7  0.000  0.441    15.31    10.81     7.45     5.81     4.71  2    -1e-30      0.00 7.517e-01 2.481e-01 2.767e-05 1.581e-05 8.353e-05 -1.000 1.968e-04 -2.370 -0.084 -1.530 -2.347 -2.624 -2.765 -2.816
0.0001957 -1.90000 10.00000 0.8466264606 2.4340037250    0.791  2.895  3.6665  1.059    7  0.000  0.437    17.00    11.82     8.11     6.34     5.14  2    -1e-30      0.00 7.515e-01 2.483e-01 2.738e-05 1.619e-05 8.345e-05 -1.000 1.969e-04 -2.468 -0.074 -1.592 -2.440 -2.725 -2.870 -2.922
0.0001957 -1.90000 10.00000 0.8466306329 2.4340050059    0.791  2.935  3.6639  1.008    7  0.000  0.434    18.93    12.95     8.85     6.93     5.62  2    -1e-30      0.00 7.513e-01 2.485e-01 2.713e-05 1.653e-05 8.333e-05 -1.000 1.969e-04 -2.568 -0.056 -1.651 -2.535 -2.828 -2.977 -3.031
0.0001957 -1.90000 10.00000 0.8466344476 2.4340061770    0.791  2.977  3.6612  0.956    7  0.000  0.431    21.15    14.24     9.69     7.59     6.16  2    -1e-30      0.00 7.511e-01 2.487e-01 2.691e-05 1.689e-05 8.317e-05 -1.000 1.969e-04 -2.672 -0.023 -1.706 -2.632 -2.935 -3.088 -3.145
0.0001957 -1.90000 10.00000 0.8466383815 2.4340073847    0.791  3.020  3.6583  0.901    7  0.000  0.429    23.77    15.73    10.66     8.37     6.78  2    -1e-30      0.00 7.509e-01 2.489e-01 2.673e-05 1.724e-05 8.298e-05 -1.000 1.968e-04 -2.781 0.027 -1.756 -2.731 -3.046 -3.205 -3.264
0.0001957 -1.90000 10.00000 0.8466417193 2.4340084094    0.791  3.071  3.6548  0.836    7  0.000  0.428    27.24    17.67    11.90     9.36     7.59  1    -1e-30      0.00 7.508e-01 2.490e-01 2.660e-05 1.753e-05 8.279e-05 -1.000 1.949e-04 -2.907 0.032 -1.825 -2.841 -3.169 -3.335 -3.397
0.0001957 -1.90000 10.00000 0.8466437459 2.4340090315    0.791  3.126  3.6509  0.765    7  0.000  0.428    31.67    20.10    13.46    10.61     8.61  1    -1e-30      0.00 7.507e-01 2.491e-01 2.653e-05 1.770e-05 8.269e-05 -1.000 1.968e-04 -3.045 0.037 -1.899 -2.962 -3.304 -3.478 -3.543
0.0001957 -1.90000 10.00000 0.8466441035 2.4340091413    0.791  3.140  3.6499  0.748    7  0.000  0.427    32.86    20.74    13.87    10.94     8.87  1    -1e-30      0.00 7.506e-01 2.493e-01 2.644e-05 1.802e-05 8.246e-05 -1.000 1.968e-04 -3.079 0.039 -1.916 -2.991 -3.337 -3.512 -3.578
0.0001957 -1.90000 10.00000 0.8466441631 2.4340091596    0.791  3.151  3.6490  0.733    7  0.000  0.427    33.94    21.32    14.24    11.23     9.11  1    -1e-30      0.00 7.503e-01 2.495e-01 2.630e-05 1.849e-05 8.212e-05 -1.000 1.968e-04 -3.108 0.041 -1.932 -3.016 -3.365 -3.542 -3.608
0.0001957 -1.90000 10.00000 0.8466443419 2.4340092145    0.791  3.169  3.6477  0.710    7  0.000  0.426    35.62    22.21    14.81    11.69     9.49  1    -1e-30      0.00 7.501e-01 2.497e-01 2.618e-05 1.890e-05 8.183e-05 -1.000 1.968e-04 -3.152 0.043 -1.954 -3.053 -3.407 -3.587 -3.654
0.0001957 -1.90000 10.00000 0.8466445208 2.4340092694    0.791  3.183  3.6466  0.691    7  0.000  0.426    37.04    22.97    15.29    12.07     9.80  1    -1e-30      0.00 7.501e-01 2.498e-01 2.613e-05 1.908e-05 8.169e-05 -1.000 1.969e-04 -3.188 0.046 -1.972 -3.083 -3.441 -3.623 -3.691
0.0001957 -1.90000 10.00000 0.8466446996 2.4340093243    0.791  3.194  3.6459  0.678    7  0.000  0.426    38.12    23.54    15.65    12.36    10.04  1    -1e-30      0.00 7.500e-01 2.498e-01 2.611e-05 1.916e-05 8.163e-05 -1.000 1.969e-04 -3.214 0.048 -1.985 -3.106 -3.466 -3.649 -3.719
0.0001957 -1.90000 10.00000 0.8466448784 2.4340093792    0.791  3.204  3.6451  0.665    7  0.000  0.426    39.20    24.10    16.01    12.65    10.27  1    -1e-30      0.00 7.500e-01 2.498e-01 2.609e-05 1.924e-05 8.157e-05 -1.000 1.969e-04 -3.239 0.050 -1.997 -3.127 -3.490 -3.675 -3.745
0.0001957 -1.90000 10.00000 0.8466452360 2.4340094889    0.791  3.225  3.6436  0.638    7  0.000  0.426    41.50    25.31    16.78    13.26    10.77  1    -1e-30      0.00 7.499e-01 2.499e-01 2.603e-05 1.945e-05 8.142e-05 -1.000 1.968e-04 -3.291 0.054 -2.023 -3.171 -3.540 -3.728 -3.799
0.0001957 -1.90000 10.00000 0.8466457725 2.4340096536    0.791  3.269  3.6403  0.580    7  0.000  0.425    46.88    28.08    18.53    14.67    11.91  1    -1e-30      0.00 7.496e-01 2.502e-01 2.586e-05 1.999e-05 8.103e-05 -1.000 1.968e-04 -3.402 0.064 -2.075 -3.263 -3.645 -3.841 -3.915
0.0001957 -1.90000 10.00000 0.8466464281 2.4340098549    0.791  3.310  3.6335  0.512    8  0.525  0.441    54.18    31.77    20.84    16.54    13.43  1 -4.74e-07      0.00 7.494e-01 2.504e-01 2.692e-05 2.050e-05 8.140e-05 -1.000 1.554e-04 -3.505 0.174 -2.062 -3.323 -3.730 -3.940 -4.020
0.0001957 -1.90000 10.00000 0.8466464877 2.4340098732    0.788  3.102  3.6490  0.780    8  0.526  0.441    30.66    19.54    13.10    10.32     8.38  1 -2.06e-07      0.00 7.494e-01 2.504e-01 2.692e-05 2.050e-05 8.140e-05 -1.000 1.554e-04 -2.986 0.129 -1.822 -2.894 -3.241 -3.417 -3.483
0.0001957 -1.90000 10.00000 0.8466466069 2.4340099098    0.786  2.954  3.6599  0.971    8  0.526  0.441    20.44    13.83     9.42     7.38     5.98  2  -1.2e-07      0.00 7.494e-01 2.504e-01 2.692e-05 2.050e-05 8.140e-05 -1.000 1.554e-04 -2.614 0.076 -1.633 -2.571 -2.877 -3.032 -3.089
0.0001957 -1.90000 10.00000 0.8466468453 2.4340099830    0.780  2.740  3.6755  1.244    8  0.526  0.441    11.44     8.43     5.87     4.57     3.70  3 -6.01e-08      0.00 7.494e-01 2.504e-01 2.692e-05 2.050e-05 8.140e-05 -1.000 1.555e-04 -2.081 -0.045 -1.324 -2.067 -2.326 -2.458 -2.504
0.0001957 -1.90000 10.00000 0.8466472030 2.4340100928    0.772  2.746  3.6749  1.231    8  0.526  0.441    11.71     8.60     5.98     4.66     3.77  3 -6.17e-08      0.00 7.494e-01 2.504e-01 2.692e-05 2.050e-05 8.140e-05 -1.000 1.554e-04 -2.094 -0.035 -1.330 -2.079 -2.341 -2.473 -2.520
0.0001957 -1.90000 10.00000 0.8466476202 2.4340102208    0.762  2.830  3.6683  1.116    8  0.526  0.441    14.91    10.57     7.28     5.69     4.61  2 -8.16e-08      0.00 7.494e-01 2.504e-01 2.692e-05 2.050e-05 8.140e-05 -1.000 1.554e-04 -2.304 0.003 -1.456 -2.279 -2.558 -2.700 -2.751
0.0001957 -1.90000 10.00000 0.8466480970 2.4340103672    0.749  3.009  3.6546  0.874    8  0.527  0.441    24.81    16.28    11.00     8.65     7.02  1 -1.55e-07      0.00 7.494e-01 2.504e-01 2.692e-05 2.050e-05 8.140e-05 -1.000 1.554e-04 -2.753 0.163 -1.679 -2.687 -3.013 -3.179 -3.240
0.0001957 -1.90000 10.00000 0.8466486931 2.4340105502    0.735  3.171  3.6422  0.654    8  0.527  0.441    39.42    24.11    15.99    12.67    10.28  1 -2.95e-07      0.00 7.494e-01 2.504e-01 2.692e-05 2.050e-05 8.140e-05 -1.000 1.554e-04 -3.157 0.208 -1.877 -3.030 -3.402 -3.592 -3.664
0.0001957 -1.90000 10.00000 0.8466493487 2.4340107515    0.720  3.279  3.6337  0.503    8  0.527  0.441    54.20    31.52    20.65    16.43    13.34  1 -4.76e-07      0.00 7.494e-01 2.504e-01 2.692e-05 2.050e-05 8.140e-05 -1.000 1.554e-04 -3.427 0.253 -1.985 -3.246 -3.653 -3.863 -3.943
0.0001957 -1.90000 10.00000 0.8466501236 2.4340109893    0.702  3.338  3.6287  0.413    8  0.528  0.441    65.35    36.85    23.95    19.13    15.53  1 -6.38e-07      0.00 7.494e-01 2.504e-01 2.692e-05 2.050e-05 8.140e-05 -1.000 1.554e-04 -3.575 0.288 -2.023 -3.357 -3.789 -4.011 -4.096
0.0001957 -1.90000 10.00000 0.8466509581 2.4340112455    0.683  3.368  3.6259  0.361    8  0.528  0.441    72.76    40.23    26.03    20.83    16.92  1 -7.58e-07      0.00 7.494e-01 2.504e-01 2.692e-05 2.050e-05 8.140e-05 -1.000 1.554e-04 -3.649 0.314 -2.030 -3.407 -3.854 -4.084 -4.172
0.0001957 -1.90000 10.00000 0.8466519117 2.4340115383    0.663  3.385  3.6240  0.323    8  0.529  0.441    78.55    42.77    27.58    22.12    17.96  1 -8.58e-07      0.00 7.494e-01 2.504e-01 2.692e-05 2.050e-05 8.140e-05 -1.000 1.554e-04 -3.692 0.340 -2.025 -3.433 -3.891 -4.126 -4.216
0.0001957 -1.90000 10.00000 0.8466565013 2.4340129472    0.531 -9.999  4.0000  1.848    9  0.532  0.000     0.00     0.00     0.00     0.00     0.00 -1    -1e-30      0.00 7.494e-01 2.504e-01 2.692e-05 2.050e-05 8.140e-05 -1.000 1.554e-04 29.767 30.108 29.970 30.249 30.477 30.556 30.645
