# Zini     MH   logAge Mini        int_IMF         Mass   logL    logTe  logg  label   McoreTP C_O  period0  period1  period2  period3  period4  pmode  Mloss  tau1m   X   Y   Xc  Xn  Xo  Cexcess  Z 	 mbolmag  umag    gmag    rmag    imag    zmag    Ymag
0.00034781 -1.65000 10.03342 0.0900000036 1.0816895926    0.090 -3.191  3.4797  5.454    1  0.000  0.545     0.00     0.00     0.00     0.00     0.00 -1 -5.06e-17      0.00 7.484e-01 2.512e-01 6.854e-05 1.849e-05 1.677e-04 -1.000 3.812e-04 12.748 17.881 16.098 14.159 12.582 12.074 11.972
0.00034781 -1.65000 10.03342 0.0985234529 1.1586525779    0.099 -2.911  3.5202  5.376    1  0.000  0.545     0.00     0.00     0.00     0.00     0.00 -1 -1.01e-16      0.00 7.467e-01 2.529e-01 6.854e-05 1.849e-05 1.677e-04 -1.000 3.812e-04 12.048 16.884 14.636 12.876 11.850 11.466 11.359
0.00034781 -1.65000 10.03342 0.1000000015 1.1711064122    0.100 -2.865  3.5269  5.363    1  0.000  0.545     0.00     0.00     0.00     0.00     0.00 -1 -1.13e-16      0.00 7.465e-01 2.532e-01 6.854e-05 1.849e-05 1.677e-04 -1.000 3.811e-04 11.933 16.678 14.410 12.686 11.730 11.361 11.255
0.00034781 -1.65000 10.03342 0.1066620350 1.2244634407    0.107 -2.763  3.5379  5.332    1  0.000  0.545     0.00     0.00     0.00     0.00     0.00 -1 -1.43e-16      0.00 7.455e-01 2.541e-01 6.854e-05 1.849e-05 1.677e-04 -1.000 3.811e-04 11.678 16.246 13.975 12.314 11.467 11.123 11.018
0.00034781 -1.65000 10.03342 0.1200000048 1.3193154741    0.120 -2.576  3.5579  5.277    1  0.000  0.545     0.00     0.00     0.00     0.00     0.00 -1 -2.22e-16      0.00 7.438e-01 2.558e-01 6.854e-05 1.849e-05 1.677e-04 -1.000 3.811e-04 11.210 15.404 13.204 11.664 10.988 10.683 10.583
0.00034781 -1.65000 10.03342 0.1400000006 1.4384526719    0.140 -2.394  3.5730  5.222    1  0.000  0.545     0.00     0.00     0.00     0.00     0.00 -1 -3.32e-16      0.00 7.420e-01 2.576e-01 6.854e-05 1.849e-05 1.677e-04 -1.000 3.812e-04 10.755 14.632 12.538 11.100 10.526 10.247 10.152
0.00034781 -1.65000 10.03342 0.1599999964 1.5372931554    0.160 -2.252  3.5829  5.178    1  0.000  0.545     0.00     0.00     0.00     0.00     0.00 -1 -4.53e-16      0.00 7.407e-01 2.589e-01 6.854e-05 1.849e-05 1.677e-04 -1.000 3.811e-04 10.400 14.068 12.054 10.689 10.166 9.903 9.813
0.00034781 -1.65000 10.03342 0.2000000179 1.6938791367    0.200 -2.031  3.5958  5.106    1  0.000  0.545     0.00     0.00     0.00     0.00     0.00 -1 -7.32e-16      0.00 7.396e-01 2.600e-01 6.854e-05 1.849e-05 1.677e-04 -1.000 3.812e-04 9.849 13.245 11.345 10.079 9.609 9.366 9.281
0.00034781 -1.65000 10.03342 0.2500000000 1.8403257998    0.250 -1.828  3.6069  5.043    1  0.000  0.545     0.00     0.00     0.00     0.00     0.00 -1 -1.12e-15      0.00 7.396e-01 2.600e-01 6.853e-05 1.849e-05 1.677e-04 -1.000 3.811e-04 9.339 12.520 10.710 9.527 9.093 8.867 8.788
0.00034781 -1.65000 10.03342 0.3000000417 1.9529140366    0.300 -1.672  3.6156  5.001    1  0.000  0.545     0.00     0.00     0.00     0.00     0.00 -1 -1.54e-15      0.00 7.397e-01 2.599e-01 6.852e-05 1.849e-05 1.677e-04 -1.000 3.812e-04 8.950 11.971 10.226 9.107 8.698 8.486 8.411
0.00034781 -1.65000 10.03342 0.3162105381 1.9842827686    0.316 -1.629  3.6182  4.992    1  0.000  0.545     0.00     0.00     0.00     0.00     0.00 -1 -1.68e-15      0.00 7.397e-01 2.599e-01 6.851e-05 1.849e-05 1.677e-04 -1.000 3.811e-04 8.842 11.818 10.091 8.990 8.589 8.380 8.307
0.00034781 -1.65000 10.03342 0.3499999940 2.0434174644    0.350 -1.545  3.6233  4.973    1  0.000  0.544     0.00     0.00     0.00     0.00     0.00 -1 -1.98e-15      0.00 7.397e-01 2.599e-01 6.849e-05 1.849e-05 1.677e-04 -1.000 3.811e-04 8.633 11.524 9.831 8.765 8.378 8.177 8.107
0.00034781 -1.65000 10.03342 0.4000000060 2.1185024399    0.400 -1.410  3.6337  4.937    1  0.000  0.545     0.00     0.00     0.00     0.00     0.00 -1 -2.63e-15      0.00 7.503e-01 2.493e-01 6.854e-05 1.849e-05 1.677e-04 -1.000 3.811e-04 8.295 11.014 9.391 8.395 8.036 7.850 7.785
0.00034781 -1.65000 10.03342 0.4500000179 2.1822809362    0.450 -1.244  3.6509  4.891    1  0.000  0.545     0.00     0.00     0.00     0.00     0.00 -1 -3.83e-15      0.00 7.505e-01 2.491e-01 6.854e-05 1.849e-05 1.677e-04 -1.000 3.812e-04 7.880 10.329 8.821 7.932 7.616 7.456 7.399
0.00034781 -1.65000 10.03342 0.5000000000 2.2374541529    0.500 -1.059  3.6737  4.842    1  0.000  0.545     0.00     0.00     0.00     0.00     0.00 -1 -5.89e-15      0.00 7.505e-01 2.491e-01 6.854e-05 1.849e-05 1.677e-04 -1.000 3.812e-04 7.416 9.502 8.173 7.415 7.151 7.023 6.979
0.00034781 -1.65000 10.03342 0.5500000715 2.2836583126    0.550 -0.853  3.6967  4.769    1  0.000  0.544     0.00     0.00     0.00     0.00     0.00 -1 -9.81e-15      0.00 7.814e-01 2.183e-01 6.057e-05 1.635e-05 1.484e-04 -1.000 2.971e-04 6.902 8.635 7.508 6.863 6.643 6.544 6.513
0.00034781 -1.65000 10.03342 0.6000000238 2.3211213258    0.600 -0.649  3.7227  4.708    1  0.000  0.544     0.00     0.00     0.00     0.00     0.00 -1 -1.61e-14      0.00 7.918e-01 2.079e-01 5.807e-05 1.568e-05 1.424e-04 -1.000 3.270e-04 6.393 7.789 6.872 6.334 6.158 6.089 6.071
0.00034781 -1.65000 10.03342 0.6012464762 2.3219641190    0.601 -0.644  3.7234  4.707    1  0.000  0.544     0.00     0.00     0.00     0.00     0.00 -1 -1.63e-14      0.00 7.921e-01 2.076e-01 5.799e-05 1.567e-05 1.422e-04 -1.000 3.209e-04 6.380 7.768 6.855 6.320 6.146 6.078 6.060
0.00034781 -1.65000 10.03342 0.6157305837 2.3314705778    0.615 -0.583  3.7320  4.690    1  0.000  0.544     0.00     0.00     0.00     0.00     0.00 -1 -1.89e-14      0.00 7.957e-01 2.040e-01 5.714e-05 1.544e-05 1.401e-04 -1.000 3.189e-04 6.227 7.519 6.667 6.165 6.004 5.946 5.932
0.00034781 -1.65000 10.03342 0.6290840507 2.3397904220    0.629 -0.526  3.7399  4.674    1  0.000  0.543     0.00     0.00     0.00     0.00     0.00 -1 -2.17e-14      0.00 7.992e-01 2.005e-01 5.631e-05 1.521e-05 1.382e-04 -1.000 3.060e-04 6.085 7.296 6.496 6.023 5.874 5.824 5.815
0.00034781 -1.65000 10.03342 0.6405099034 2.3465934567    0.640 -0.477  3.7465  4.660    1  0.000  0.543     0.00     0.00     0.00     0.00     0.00 -1 -2.45e-14      0.00 8.024e-01 1.973e-01 5.556e-05 1.502e-05 1.364e-04 -1.000 3.064e-04 5.963 7.114 6.353 5.904 5.765 5.722 5.715
0.00034781 -1.65000 10.03342 0.6499999762 2.3520353107    0.650 -0.436  3.7520  4.647    1  0.000  0.543     0.00     0.00     0.00     0.00     0.00 -1  -2.7e-14      0.00 8.052e-01 1.945e-01 5.491e-05 1.485e-05 1.348e-04 -1.000 3.062e-04 5.861 6.964 6.234 5.805 5.675 5.638 5.633
0.00034781 -1.65000 10.03342 0.6500396132 2.3520576568    0.650 -0.436  3.7520  4.647    1  0.000  0.543     0.00     0.00     0.00     0.00     0.00 -1  -2.7e-14      0.00 8.052e-01 1.945e-01 5.491e-05 1.484e-05 1.348e-04 -1.000 3.061e-04 5.860 6.963 6.233 5.804 5.675 5.637 5.632
0.00034781 -1.65000 10.03342 0.6641823053 2.3598354500    0.664 -0.375  3.7595  4.625    1  0.000  0.543     0.00     0.00     0.00     0.00     0.00 -1 -3.16e-14      0.00 8.104e-01 1.893e-01 5.370e-05 1.452e-05 1.319e-04 -1.000 3.017e-04 5.706 6.744 6.056 5.656 5.539 5.509 5.508
0.00034781 -1.65000 10.03342 0.6776090860 2.3668750846    0.677 -0.315  3.7664  4.602    1  0.000  0.542     0.00     0.00     0.00     0.00     0.00 -1 -3.68e-14      0.00 8.157e-01 1.840e-01 5.245e-05 1.419e-05 1.290e-04 -1.000 3.207e-04 5.558 6.544 5.890 5.515 5.408 5.386 5.387
0.00034781 -1.65000 10.03342 0.6900395751 2.3731123016    0.690 -0.259  3.7727  4.579    1  0.000  0.542     0.00     0.00     0.00     0.00     0.00 -1 -4.26e-14      0.00 8.211e-01 1.786e-01 5.122e-05 1.386e-05 1.260e-04 -1.000 3.185e-04 5.419 6.361 5.734 5.382 5.285 5.269 5.272
0.00034781 -1.65000 10.03342 0.6999999881 2.3779266974    0.700 -0.214  3.7776  4.559    1  0.000  0.542     0.00     0.00     0.00     0.00     0.00 -1 -4.81e-14      0.00 8.256e-01 1.741e-01 5.017e-05 1.358e-05 1.235e-04 -1.000 3.145e-04 5.304 6.215 5.608 5.274 5.184 5.173 5.178
0.00034781 -1.65000 10.03342 0.7002980709 2.3780683514    0.700 -0.212  3.7777  4.558    1  0.000  0.542     0.00     0.00     0.00     0.00     0.00 -1 -4.83e-14      0.00 8.258e-01 1.739e-01 5.012e-05 1.357e-05 1.234e-04 -1.000 3.139e-04 5.301 6.211 5.605 5.270 5.181 5.170 5.175
0.00034781 -1.65000 10.03342 0.7121351957 2.3835835006    0.712 -0.156  3.7832  4.531    1  0.000  0.539     0.00     0.00     0.00     0.00     0.00 -1 -5.62e-14      0.00 8.324e-01 1.674e-01 4.840e-05 1.315e-05 1.197e-04 -1.000 2.207e-04 5.160 6.037 5.451 5.136 5.056 5.049 5.057
0.00034781 -1.65000 10.03342 0.7226688266 2.3883170124    0.722 -0.104  3.7879  4.504    1  0.000  0.537     0.00     0.00     0.00     0.00     0.00 -1 -6.49e-14      0.00 8.383e-01 1.615e-01 4.689e-05 1.278e-05 1.164e-04 -1.000 2.421e-04 5.030 5.881 5.310 5.012 4.939 4.938 4.946
0.00034781 -1.65000 10.03342 0.7325990200 2.3926363113    0.732 -0.053  3.7923  4.477    1  0.000  0.535     0.00     0.00     0.00     0.00     0.00 -1 -7.48e-14      0.00 8.436e-01 1.561e-01 4.552e-05 1.244e-05 1.134e-04 -1.000 2.343e-04 4.902 5.731 5.172 4.890 4.824 4.826 4.836
0.00034781 -1.65000 10.03342 0.7413151264 2.3963180623    0.741 -0.006  3.7960  4.449    1  0.000  0.533     0.00     0.00     0.00     0.00     0.00 -1 -8.55e-14      0.00 8.481e-01 1.517e-01 4.441e-05 1.217e-05 1.110e-04 -1.000 2.274e-04 4.784 5.595 5.045 4.776 4.716 4.722 4.734
0.00034781 -1.65000 10.03342 0.7499211431 2.3998569138    0.749  0.043  3.7996  4.420    1  0.000  0.531     0.00     0.00     0.00     0.00     0.00 -1 -9.83e-14      0.00 8.522e-01 1.476e-01 4.339e-05 1.193e-05 1.089e-04 -1.000 2.208e-04 4.662 5.456 4.914 4.658 4.604 4.614 4.626
0.00034781 -1.65000 10.03342 0.7500000000 2.3998889087    0.749  0.044  3.7996  4.420    1  0.000  0.531     0.00     0.00     0.00     0.00     0.00 -1 -9.84e-14      0.00 8.523e-01 1.475e-01 4.338e-05 1.192e-05 1.088e-04 -1.000 2.208e-04 4.661 5.455 4.913 4.657 4.603 4.613 4.625
0.00034781 -1.65000 10.03342 0.7531580329 2.4011638997    0.753  0.062  3.8009  4.409    1  0.000  0.531     0.00     0.00     0.00     0.00     0.00 -1 -1.04e-13      0.00 8.529e-01 1.468e-01 4.329e-05 1.190e-05 1.087e-04 -1.000 2.207e-04 4.616 5.404 4.864 4.613 4.561 4.572 4.585
0.00034781 -1.65000 10.03342 0.7615488172 2.4044925055    0.761  0.113  3.8044  4.376    1  0.000  0.530     0.00     0.00     0.00     0.00     0.00 -1  -1.2e-13      0.00 8.546e-01 1.452e-01 4.309e-05 1.185e-05 1.083e-04 -1.000 2.298e-04 4.488 5.262 4.728 4.489 4.442 4.457 4.471
0.00034781 -1.65000 10.03342 0.7695557475 2.4075911277    0.769  0.165  3.8077  4.342    1  0.000  0.530     0.00     0.00     0.00     0.00     0.00 -1  -1.4e-13      0.00 8.560e-01 1.437e-01 4.293e-05 1.181e-05 1.080e-04 -1.000 2.458e-04 4.358 5.118 4.589 4.361 4.320 4.338 4.353
0.00034781 -1.65000 10.03342 0.7769356370 2.4103821404    0.776  0.216  3.8105  4.306    1  0.000  0.530     0.00     0.00     0.00     0.00     0.00 -1 -1.64e-13      0.00 8.572e-01 1.426e-01 4.282e-05 1.179e-05 1.078e-04 -1.000 2.388e-04 4.229 4.977 4.452 4.235 4.199 4.219 4.235
0.00034781 -1.65000 10.03342 0.7836897969 2.4128835994    0.783  0.267  3.8129  4.269    1  0.000  0.529     0.00     0.00     0.00     0.00     0.00 -1 -1.91e-13      0.00 8.582e-01 1.416e-01 4.273e-05 1.177e-05 1.076e-04 -1.000 2.208e-04 4.103 4.842 4.319 4.111 4.079 4.101 4.118
0.00034781 -1.65000 10.03342 0.7898700833 2.4151294675    0.789  0.316  3.8147  4.230    1  0.000  0.529     0.00     0.00     0.00     0.00     0.00 -1 -2.23e-13      0.00 8.588e-01 1.410e-01 4.272e-05 1.177e-05 1.077e-04 -1.000 2.463e-04 3.980 4.712 4.190 3.988 3.959 3.984 4.001
0.00034781 -1.65000 10.03342 0.7956271768 2.4171854935    0.795  0.365  3.8159  4.189    1  0.000  0.529     0.00     0.00     0.00     0.00     0.00 -1  -2.6e-13      0.00 8.583e-01 1.415e-01 4.293e-05 1.183e-05 1.082e-04 -1.000 2.688e-04 3.858 4.584 4.062 3.866 3.839 3.864 3.882
0.00034781 -1.65000 10.03342 0.7995713949 2.4185744513    0.798  0.400  3.8165  4.158    1  0.000  0.529     0.00     0.00     0.00     0.00     0.00 -1 -2.93e-13      0.00 8.577e-01 1.420e-01 4.313e-05 1.188e-05 1.087e-04 -1.000 2.806e-04 3.771 4.494 3.972 3.778 3.753 3.779 3.796
0.00034781 -1.65000 10.03342 0.8000000119 2.4187244405    0.799  0.404  3.8164  4.154    1  0.000  0.529     0.00     0.00     0.00     0.00     0.00 -1 -2.97e-13      0.00 8.576e-01 1.421e-01 4.316e-05 1.189e-05 1.088e-04 -1.000 2.811e-04 3.760 4.483 3.961 3.767 3.742 3.768 3.785
0.00034781 -1.65000 10.03342 0.8014028668 2.4192140620    0.800  0.418  3.8163  4.141    1  0.000  0.529     0.00     0.00     0.00     0.00     0.00 -1 -3.12e-13      0.00 8.572e-01 1.426e-01 4.328e-05 1.193e-05 1.091e-04 -1.000 2.823e-04 3.725 4.448 3.926 3.732 3.707 3.733 3.750
0.00034781 -1.65000 10.03342 0.8065997362 2.4210108082    0.805  0.472  3.8151  4.084    1  0.000  0.529     0.00     0.00     0.00     0.00     0.00 -1 -3.73e-13      0.00 8.555e-01 1.442e-01 4.375e-05 1.205e-05 1.103e-04 -1.000 2.865e-04 3.589 4.315 3.790 3.594 3.567 3.592 3.609
0.00034781 -1.65000 10.03342 0.8109284043 2.4224871866    0.809  0.525  3.8119  4.021    1  0.000  0.529     0.00     0.00     0.00     0.00     0.00 -1 -4.52e-13      0.00 8.541e-01 1.456e-01 4.413e-05 1.216e-05 1.112e-04 -1.000 2.900e-04 3.458 4.192 3.663 3.459 3.428 3.449 3.465
0.00034781 -1.65000 10.03342 0.8116601706 2.4227349812    0.810  0.535  3.8110  4.008    1  0.000  0.529     0.00     0.00     0.00     0.00     0.00 -1 -4.72e-13      0.00 8.538e-01 1.459e-01 4.420e-05 1.218e-05 1.114e-04 -1.000 2.906e-04 3.433 4.170 3.640 3.433 3.401 3.422 3.437
0.00034781 -1.65000 10.03342 0.8123605251 2.4229716583    0.811  0.545  3.8099  3.993    1  0.000  0.529     0.00     0.00     0.00     0.00     0.00 -1 -4.92e-13      0.00 8.536e-01 1.461e-01 4.426e-05 1.219e-05 1.116e-04 -1.000 2.912e-04 3.407 4.148 3.617 3.406 3.372 3.392 3.407
0.00034781 -1.65000 10.03342 0.8147132397 2.4237633069    0.813  0.582  3.8048  3.937    2  0.000  0.529     0.00     0.00     0.00     0.00     0.00 -1 -5.67e-13      0.00 8.528e-01 1.469e-01 4.447e-05 1.225e-05 1.121e-04 -1.000 2.931e-04 3.315 4.075 3.535 3.309 3.268 3.282 3.295
0.00034781 -1.65000 10.03342 0.8165056109 2.4243628897    0.815  0.614  3.7986  3.882    2  0.000  0.529     0.00     0.00     0.00     0.00     0.00 -1  -6.5e-13      0.00 8.523e-01 1.474e-01 4.463e-05 1.229e-05 1.125e-04 -1.000 2.945e-04 3.235 4.018 3.468 3.223 3.172 3.181 3.192
0.00034781 -1.65000 10.03342 0.8179038167 2.4248285190    0.816  0.643  3.7912  3.824    2  0.000  0.529     0.00     0.00     0.00     0.00     0.00 -1 -7.41e-13      0.00 8.518e-01 1.479e-01 4.475e-05 1.233e-05 1.128e-04 -1.000 2.956e-04 3.164 3.979 3.414 3.145 3.083 3.085 3.094
0.00034781 -1.65000 10.03342 0.8190283179 2.4252016732    0.817  0.667  3.7833  3.768    2  0.000  0.529     0.00     0.00     0.00     0.00     0.00 -1 -8.37e-13      0.00 8.452e-01 1.545e-01 4.680e-05 1.288e-05 1.178e-04 -1.000 2.922e-04 3.101 3.954 3.372 3.077 3.003 2.997 3.002
0.00034781 -1.65000 10.03342 0.8199646473 2.4255114866    0.818  0.690  3.7752  3.714    2  0.000  0.531     0.00     0.00     0.00     0.00     0.00 -1 -9.38e-13      0.00 8.315e-01 1.682e-01 5.033e-05 1.384e-05 1.264e-04 -1.000 2.808e-04 3.046 3.943 3.338 3.016 2.929 2.915 2.917
0.00034781 -1.65000 10.03342 0.8207801580 2.4257806613    0.819  0.711  3.7675  3.663    2  0.000  0.533     0.00     0.00     0.00     0.00     0.00 -1 -1.04e-12      0.00 8.099e-01 1.898e-01 5.489e-05 1.506e-05 1.373e-04 -1.000 3.093e-04 2.993 3.936 3.307 2.959 2.860 2.838 2.838
0.00034781 -1.65000 10.03342 0.8215324283 2.4260284173    0.820  0.734  3.7601  3.610    2  0.000  0.535     0.00     0.00     0.00     0.00     0.00 -1 -1.17e-12      0.00 7.913e-01 2.084e-01 5.873e-05 1.608e-05 1.464e-04 -1.000 3.158e-04 2.936 3.925 3.271 2.897 2.787 2.758 2.754
0.00034781 -1.65000 10.03342 0.8222873807 2.4262765327    0.820  0.765  3.7530  3.552    2  0.000  0.536     0.00     0.00     0.00     0.00     0.00 -1 -1.34e-12      0.00 7.792e-01 2.205e-01 6.122e-05 1.675e-05 1.523e-04 -1.000 3.453e-04 2.858 3.899 3.216 2.818 2.696 2.659 2.653
0.00034781 -1.65000 10.03342 0.8228776455 2.4264701588    0.821  0.797  3.7483  3.500    2  0.000  0.536     0.00     0.00     0.00     0.00     0.00 -1 -1.53e-12      0.00 7.734e-01 2.262e-01 6.243e-05 1.707e-05 1.552e-04 -1.000 3.542e-04 2.776 3.851 3.149 2.735 2.605 2.564 2.556
0.00034781 -1.65000 10.03342 0.8234618902 2.4266614958    0.821  0.836  3.7442  3.445    2  0.000  0.536     0.00     0.00     0.00     0.00     0.00 -1 -1.79e-12      0.00 7.694e-01 2.303e-01 6.328e-05 1.730e-05 1.573e-04 -1.000 3.208e-04 2.679 3.784 3.066 2.637 2.501 2.455 2.446
0.00034781 -1.65000 10.03342 0.8236457705 2.4267216511    0.822  0.851  3.7433  3.426    2  0.000  0.537     0.00     0.00     0.00     0.00     0.00 -1 -1.89e-12      0.00 7.685e-01 2.312e-01 6.346e-05 1.735e-05 1.577e-04 -1.000 3.206e-04 2.642 3.754 3.032 2.600 2.463 2.416 2.405
0.00034781 -1.65000 10.03342 0.8241392374 2.4268829329    0.822  0.893  3.7408  3.375    3  0.000  0.537     0.00     0.00     0.00     0.00     0.00 -1  -2.2e-12      0.00 7.661e-01 2.335e-01 6.389e-05 1.746e-05 1.587e-04 -1.000 3.742e-04 2.538 3.668 2.936 2.496 2.355 2.305 2.294
0.00034781 -1.65000 10.03342 0.8246788979 2.4270590583    0.823  0.942  3.7384  3.317    3  0.000  0.537     0.00     0.00     0.00     0.00     0.00 -1 -2.63e-12      0.00 7.638e-01 2.359e-01 6.428e-05 1.757e-05 1.597e-04 -1.000 3.658e-04 2.415 3.565 2.821 2.374 2.229 2.176 2.164
0.00034781 -1.65000 10.03342 0.8251370788 2.4272083839    0.823  0.987  3.7366  3.265    3  0.000  0.537     0.00     0.00     0.00     0.00     0.00 -1  -3.1e-12      0.00 7.619e-01 2.377e-01 6.454e-05 1.764e-05 1.603e-04 -1.000 3.657e-04 2.302 3.467 2.715 2.261 2.114 2.059 2.046
0.00034781 -1.65000 10.03342 0.8255748749 2.4273508877    0.823  1.033  3.7349  3.212    3  0.000  0.537     0.00     0.00     0.00     0.00     0.00 -1 -3.67e-12      0.00 7.602e-01 2.394e-01 6.475e-05 1.770e-05 1.608e-04 -1.000 3.811e-04 2.187 3.366 2.606 2.147 1.996 1.940 1.926
0.00034781 -1.65000 10.03342 0.8260194659 2.4274954256    0.824  1.084  3.7333  3.155    3  0.000  0.537     0.00     0.00     0.00     0.00     0.00 -1 -4.39e-12      0.00 7.584e-01 2.412e-01 6.491e-05 1.776e-05 1.613e-04 -1.000 3.695e-04 2.061 3.253 2.486 2.021 1.869 1.810 1.795
0.00034781 -1.65000 10.03342 0.8264281154 2.4276281210    0.824  1.134  3.7317  3.099    3  0.000  0.536     0.00     0.00     0.00     0.00     0.00 -1 -5.26e-12      0.00 7.568e-01 2.428e-01 6.497e-05 1.782e-05 1.617e-04 -1.000 3.586e-04 1.935 3.141 2.366 1.897 1.742 1.682 1.666
0.00034781 -1.65000 10.03342 0.8267948627 2.4277470817    0.824  1.182  3.7301  3.044    3  0.000  0.535     0.00     0.00     0.00     0.00     0.00 -1 -6.26e-12      0.00 7.553e-01 2.443e-01 6.494e-05 1.791e-05 1.620e-04 -1.000 3.518e-04 1.814 3.031 2.250 1.776 1.619 1.557 1.540
0.00034781 -1.65000 10.03342 0.8271155357 2.4278509980    0.824  1.229  3.7287  2.993    3  0.000  0.533     0.00     0.00     0.00     0.00     0.00 -1 -7.39e-12      0.00 7.540e-01 2.457e-01 6.481e-05 1.804e-05 1.622e-04 -1.000 3.640e-04 1.699 2.929 2.141 1.662 1.503 1.439 1.421
0.00034781 -1.65000 10.03342 0.8274278641 2.4279521211    0.825  1.277  3.7272  2.938    3  0.000  0.531     0.00     0.00     0.00     0.00     0.00 -1 -8.81e-12      0.00 7.527e-01 2.469e-01 6.457e-05 1.825e-05 1.624e-04 -1.000 3.804e-04 1.577 2.820 2.024 1.541 1.379 1.314 1.295
0.00034781 -1.65000 10.03342 0.8277274966 2.4280490512    0.825  1.328  3.7256  2.880    3  0.000  0.528     0.00     0.00     0.00     0.00     0.00 -1 -1.06e-11      0.00 7.517e-01 2.480e-01 6.425e-05 1.856e-05 1.625e-04 -1.000 3.711e-04 1.449 2.706 1.902 1.414 1.250 1.182 1.163
0.00034781 -1.65000 10.03342 0.8279787302 2.4281302622    0.825  1.375  3.7240  2.828    3  0.000  0.525     0.00     0.00     0.00     0.00     0.00 -1 -1.25e-11      0.00 7.508e-01 2.488e-01 6.392e-05 1.889e-05 1.626e-04 -1.000 3.629e-04 1.332 2.603 1.792 1.299 1.132 1.062 1.042
0.00034781 -1.65000 10.03342 0.8282078505 2.4282042757    0.825  1.421  3.7225  2.775    3  0.000  0.522     0.00     0.00     0.00     0.00     0.00 -1 -1.48e-11      0.00 7.501e-01 2.495e-01 6.361e-05 1.923e-05 1.627e-04 -1.000 3.790e-04 1.217 2.501 1.682 1.184 1.015 0.944 0.923
0.00034781 -1.65000 10.03342 0.8284233212 2.4282738370    0.825  1.469  3.7209  2.721    3  0.000  0.520     0.00     0.00     0.00     0.00     0.00 -1 -1.75e-11      0.00 7.495e-01 2.501e-01 6.332e-05 1.955e-05 1.628e-04 -1.000 3.712e-04 1.098 2.397 1.570 1.067 0.895 0.822 0.800
0.00034781 -1.65000 10.03342 0.8286138177 2.4283353011    0.825  1.514  3.7193  2.669    3  0.000  0.518     0.00     0.00     0.00     0.00     0.00 -1 -2.07e-11      0.00 7.492e-01 2.505e-01 6.312e-05 1.979e-05 1.629e-04 -1.000 3.661e-04 0.984 2.298 1.462 0.954 0.779 0.705 0.682
0.00034781 -1.65000 10.03342 0.8287949562 2.4283937156    0.825  1.562  3.7176  2.615    3  0.000  0.517     0.00     0.00     0.00     0.00     0.00 -1 -2.46e-11      0.00 7.489e-01 2.508e-01 6.296e-05 1.997e-05 1.629e-04 -1.000 3.738e-04 0.866 2.195 1.351 0.837 0.660 0.583 0.559
0.00034781 -1.65000 10.03342 0.8289545774 2.4284451669    0.825  1.607  3.7160  2.563    3  0.000  0.516     0.00     0.00     0.00     0.00     0.00 -1  -2.9e-11      0.00 7.487e-01 2.509e-01 6.286e-05 2.009e-05 1.629e-04 -1.000 3.811e-04 0.752 2.097 1.244 0.724 0.545 0.466 0.441
0.00034781 -1.65000 10.03342 0.8290966749 2.4284909505    0.825  1.651  3.7143  2.512    3  0.000  0.515     0.00     0.00     0.00     0.00     0.00 -1  -3.4e-11      0.00 7.486e-01 2.510e-01 6.281e-05 2.015e-05 1.629e-04 -1.000 3.811e-04 0.642 2.003 1.141 0.616 0.433 0.352 0.327
0.00034781 -1.65000 10.03342 0.8292320967 2.4285345664    0.825  1.697  3.7126  2.460    3  0.000  0.515     0.00     0.00     0.00     0.00     0.00 -1 -4.02e-11      0.00 7.486e-01 2.511e-01 6.279e-05 2.018e-05 1.629e-04 -1.000 3.812e-04 0.527 1.907 1.034 0.503 0.317 0.234 0.208
0.00034781 -1.65000 10.03342 0.8293546438 2.4285740215    0.825  1.742  3.7108  2.407    3  0.000  0.515     0.00     0.00     0.00     0.00     0.00 -1 -4.73e-11      0.00 7.485e-01 2.511e-01 6.279e-05 2.018e-05 1.629e-04 -1.000 3.811e-04 0.415 1.814 0.930 0.391 0.203 0.118 0.091
0.00034781 -1.65000 10.03342 0.8294625282 2.4286087448    0.825  1.785  3.7091  2.357    3  0.000  0.515     0.00     0.00     0.00     0.00     0.00 -1 -5.53e-11      0.00 7.485e-01 2.511e-01 6.278e-05 2.019e-05 1.629e-04 -1.000 3.811e-04 0.307 1.727 0.830 0.284 0.093 0.006 -0.022
0.00034781 -1.65000 10.03342 0.8295616508 2.4286406389    0.824  1.828  3.7073  2.308    3  0.000  0.515     0.00     0.00     0.00     0.00     0.00 -1 -6.46e-11      0.00 7.485e-01 2.511e-01 6.278e-05 2.019e-05 1.629e-04 -1.000 3.812e-04 0.201 1.642 0.732 0.179 -0.015 -0.104 -0.133
0.00034781 -1.65000 10.03342 0.8296575546 2.4286714890    0.824  1.872  3.7055  2.256    3  0.000  0.515     0.00     0.00     0.00     0.00     0.00 -1  -7.6e-11      0.00 7.485e-01 2.511e-01 6.278e-05 2.020e-05 1.630e-04 -1.000 3.811e-04 0.089 1.553 0.630 0.069 -0.128 -0.219 -0.249
0.00034781 -1.65000 10.03342 0.8297415376 2.4286984976    0.824  1.914  3.7037  2.207    3  0.000  0.515     0.00     0.00     0.00     0.00     0.00 -1 -8.87e-11      0.00 7.485e-01 2.511e-01 6.277e-05 2.020e-05 1.630e-04 -1.000 3.812e-04 -0.016 1.470 0.534 -0.034 -0.235 -0.328 -0.359
0.00034781 -1.65000 10.03342 0.8298187256 2.4287233155    0.824  1.956  3.7019  2.158    3  0.000  0.515     0.00     0.00     0.00     0.00     0.00 -1 -1.03e-10      0.00 7.485e-01 2.511e-01 6.277e-05 2.021e-05 1.630e-04 -1.000 3.811e-04 -0.120 1.389 0.439 -0.137 -0.340 -0.436 -0.467
0.00034781 -1.65000 10.03342 0.8298918605 2.4287468253    0.824  1.998  3.7001  2.108    3  0.000  0.515     0.00     0.00     0.00     0.00     0.00 -1  -1.2e-10      0.00 7.485e-01 2.511e-01 6.277e-05 2.021e-05 1.630e-04 -1.000 3.812e-04 -0.225 1.306 0.343 -0.240 -0.447 -0.545 -0.577
0.00034781 -1.65000 10.03342 0.8299562335 2.4287675146    0.823  2.037  3.6983  2.061    3  0.000  0.515     0.00     0.00     0.00     0.00     0.00 -1 -1.39e-10      0.00 7.485e-01 2.511e-01 6.277e-05 2.021e-05 1.630e-04 -1.000 3.812e-04 -0.323 1.232 0.255 -0.336 -0.546 -0.646 -0.680
0.00034781 -1.65000 10.03342 0.8300182223 2.4287874341    0.823  2.076  3.6966  2.016    3  0.000  0.515     0.00     0.00     0.00     0.00     0.00 -1  -1.6e-10      0.00 7.485e-01 2.511e-01 6.276e-05 2.022e-05 1.630e-04 -1.000 3.812e-04 -0.419 1.160 0.169 -0.430 -0.643 -0.745 -0.780
0.00034781 -1.65000 10.03342 0.8300825953 2.4288081161    0.822  2.110  3.6950  1.975    3  0.000  0.515     0.00     0.00     0.00     0.00     0.00 -1 -1.82e-10      0.00 7.485e-01 2.511e-01 6.276e-05 2.022e-05 1.630e-04 -1.000 3.811e-04 -0.506 1.096 0.091 -0.515 -0.731 -0.835 -0.870
0.00034781 -1.65000 10.03342 0.8301400542 2.4288265737    0.822  2.135  3.6940  1.946    3  0.000  0.515     0.00     0.00     0.00     0.00     0.00 -1    -2e-10      0.00 7.485e-01 2.511e-01 6.276e-05 2.022e-05 1.630e-04 -1.000 3.812e-04 -0.567 1.051 0.037 -0.575 -0.792 -0.898 -0.934
0.00034781 -1.65000 10.03342 0.8301853538 2.4288411231    0.822  2.119  3.6950  1.965    3  0.000  0.515     0.00     0.00     0.00     0.00     0.00 -1  -1.9e-10      0.00 7.485e-01 2.511e-01 6.276e-05 2.022e-05 1.630e-04 -1.000 3.812e-04 -0.528 1.074 0.069 -0.538 -0.754 -0.858 -0.893
0.00034781 -1.65000 10.03342 0.8301913738 2.4288430566    0.822  2.117  3.6951  1.968    3  0.000  0.515     0.00     0.00     0.00     0.00     0.00 -1 -1.89e-10      0.00 7.485e-01 2.511e-01 6.276e-05 2.023e-05 1.630e-04 -1.000 3.812e-04 -0.523 1.078 0.073 -0.533 -0.748 -0.852 -0.888
0.00034781 -1.65000 10.03342 0.8302228451 2.4288531634    0.821  2.144  3.6939  1.936    3  0.000  0.515     0.00     0.00     0.00     0.00     0.00 -1 -2.07e-10      0.00 7.485e-01 2.511e-01 6.276e-05 2.023e-05 1.630e-04 -1.000 3.812e-04 -0.590 1.031 0.014 -0.598 -0.816 -0.921 -0.957
0.00034781 -1.65000 10.03342 0.8302705288 2.4288684751    0.821  2.186  3.6919  1.886    3  0.000  0.515     0.00     0.00     0.00     0.00     0.00 -1 -2.41e-10      0.00 7.485e-01 2.511e-01 6.276e-05 2.023e-05 1.630e-04 -1.000 3.812e-04 -0.695 0.957 -0.079 -0.700 -0.922 -1.031 -1.068
0.00034781 -1.65000 10.03342 0.8303149939 2.4288827514    0.820  2.228  3.6898  1.836    3  0.000  0.515     0.00     0.00     0.00     0.00     0.00 -1  -2.8e-10      0.00 7.485e-01 2.512e-01 6.275e-05 2.023e-05 1.630e-04 -1.000 3.812e-04 -0.799 0.885 -0.170 -0.802 -1.028 -1.139 -1.177
0.00034781 -1.65000 10.03342 0.8303559422 2.4288958971    0.820  2.269  3.6877  1.786    3  0.000  0.515     0.00     0.00     0.00     0.00     0.00 -1 -3.27e-10      0.00 7.485e-01 2.512e-01 6.275e-05 2.023e-05 1.630e-04 -1.000 3.812e-04 -0.902 0.817 -0.260 -0.902 -1.131 -1.245 -1.285
0.00034781 -1.65000 10.03342 0.8303920031 2.4289074725    0.819  2.308  3.6857  1.739    3  0.000  0.515     0.00     0.00     0.00     0.00     0.00 -1 -3.77e-10      0.00 7.485e-01 2.512e-01 6.275e-05 2.024e-05 1.630e-04 -1.000 3.812e-04 -0.999 0.754 -0.343 -0.995 -1.228 -1.345 -1.386
0.00034781 -1.65000 10.03342 0.8304270506 2.4289187215    0.819  2.348  3.6837  1.690    3  0.000  0.515     0.00     0.00     0.00     0.00     0.00 -1 -4.38e-10      0.00 7.485e-01 2.512e-01 6.275e-05 2.024e-05 1.630e-04 -1.000 3.812e-04 -1.100 0.701 -0.429 -1.095 -1.332 -1.451 -1.493
0.00034781 -1.65000 10.03342 0.8304578662 2.4289286113    0.818  2.386  3.6816  1.643    3  0.000  0.515     0.00     0.00     0.00     0.00     0.00 -1 -5.05e-10      0.00 7.485e-01 2.512e-01 6.275e-05 2.024e-05 1.630e-04 -1.000 3.811e-04 -1.195 0.657 -0.508 -1.189 -1.429 -1.551 -1.594
0.00034781 -1.65000 10.03342 0.8304878473 2.4289382325    0.817  2.426  3.6796  1.595    3  0.000  0.515     0.00     0.00     0.00     0.00     0.00 -1 -5.85e-10      0.00 7.485e-01 2.512e-01 6.275e-05 2.024e-05 1.630e-04 -1.000 3.811e-04 -1.294 0.609 -0.591 -1.286 -1.530 -1.654 -1.699
0.00034781 -1.65000 10.03342 0.8305143714 2.4289467437    0.817  2.463  3.6774  1.549    3  0.000  0.515     0.00     0.00     0.00     0.00     0.00 -1 -6.73e-10      0.00 7.485e-01 2.512e-01 6.275e-05 2.024e-05 1.630e-04 -1.000 3.812e-04 -1.388 0.573 -0.666 -1.377 -1.626 -1.752 -1.799
0.00034781 -1.65000 10.03342 0.8305453062 2.4289566694    0.816  2.510  3.6748  1.491    3  0.000  0.515     6.88     5.45     3.88     2.99     2.42  3 -8.01e-10      0.00 7.484e-01 2.512e-01 6.275e-05 2.024e-05 1.630e-04 -1.000 3.811e-04 -1.505 0.531 -0.758 -1.491 -1.745 -1.875 -1.923
0.00034781 -1.65000 10.03342 0.8305728436 2.4289655042    0.815  2.555  3.6723  1.435    3  0.000  0.515     7.74     6.03     4.27     3.30     2.67  3 -9.48e-10      0.00 7.484e-01 2.512e-01 6.274e-05 2.024e-05 1.630e-04 -1.000 3.812e-04 -1.617 0.500 -0.844 -1.601 -1.860 -1.994 -2.043
0.00034781 -1.65000 10.03342 0.8305944800 2.4289724454    0.814  2.593  3.6701  1.388    3  0.000  0.515     8.54     6.57     4.63     3.58     2.90  3 -1.09e-09      0.00 7.484e-01 2.512e-01 6.274e-05 2.025e-05 1.630e-04 -1.000 3.812e-04 -1.712 0.479 -0.914 -1.693 -1.957 -2.094 -2.145
0.00034781 -1.65000 10.03342 0.8306174278 2.4289798068    0.813  2.636  3.6675  1.334    3  0.000  0.515     9.57     7.24     5.08     3.94     3.19  3 -1.29e-09      0.00 7.484e-01 2.512e-01 6.274e-05 2.025e-05 1.630e-04 -1.000 3.811e-04 -1.820 0.462 -0.991 -1.797 -2.067 -2.208 -2.260
0.00034781 -1.65000 10.03342 0.8306357861 2.4289856956    0.811  2.673  3.6653  1.287    3  0.000  0.515    10.56     7.87     5.50     4.27     3.46  3 -1.48e-09      0.00 7.484e-01 2.512e-01 6.274e-05 2.025e-05 1.630e-04 -1.000 3.812e-04 -1.913 0.451 -1.056 -1.885 -2.161 -2.305 -2.359
0.00034781 -1.65000 10.03342 0.8306551576 2.4289919092    0.810  2.715  3.6628  1.235    3  0.000  0.515    11.80     8.65     6.02     4.68     3.79  3 -1.73e-09      0.00 7.484e-01 2.512e-01 6.274e-05 2.025e-05 1.630e-04 -1.000 3.811e-04 -2.017 0.448 -1.126 -1.984 -2.267 -2.415 -2.471
0.00034781 -1.65000 10.03342 0.8306737542 2.4289978738    0.809  2.758  3.6601  1.180    3  0.000  0.515    13.23     9.54     6.61     5.15     4.17  2 -2.03e-09      0.00 7.484e-01 2.512e-01 6.274e-05 2.025e-05 1.630e-04 -1.000 3.812e-04 -2.124 0.450 -1.196 -2.086 -2.376 -2.528 -2.586
0.00034781 -1.65000 10.03342 0.8306910992 2.4290034367    0.807  2.801  3.6574  1.125    3  0.000  0.515    14.85    10.53     7.27     5.67     4.59  2  -2.4e-09      0.00 7.484e-01 2.512e-01 6.274e-05 2.025e-05 1.630e-04 -1.000 3.812e-04 -2.232 0.457 -1.262 -2.185 -2.484 -2.639 -2.700
0.00034781 -1.65000 10.03342 0.8307061195 2.4290082539    0.805  2.841  3.6548  1.074    3  0.000  0.515    16.54    11.55     7.93     6.20     5.02  2 -2.79e-09      0.00 7.484e-01 2.512e-01 6.274e-05 2.025e-05 1.630e-04 -1.000 3.812e-04 -2.332 0.440 -1.328 -2.275 -2.581 -2.741 -2.804
0.00034781 -1.65000 10.03342 0.8307209015 2.4290129944    0.803  2.883  3.6521  1.021    3  0.000  0.515    18.52    12.72     8.70     6.80     5.52  2 -3.27e-09      0.00 7.484e-01 2.512e-01 6.274e-05 2.025e-05 1.630e-04 -1.000 3.812e-04 -2.437 0.423 -1.396 -2.369 -2.683 -2.848 -2.912
0.00034781 -1.65000 10.03342 0.8307337165 2.4290171039    0.801  2.922  3.6495  0.970    3  0.000  0.515    20.58    13.92     9.48     7.43     6.02  2  -3.8e-09      0.00 7.484e-01 2.512e-01 6.274e-05 2.025e-05 1.630e-04 -1.000 3.811e-04 -2.534 0.414 -1.455 -2.455 -2.777 -2.947 -3.014
0.00034781 -1.65000 10.03342 0.8307460546 2.4290210604    0.799  2.962  3.6469  0.919    3  0.000  0.515    22.95    15.27    10.36     8.13     6.59  2 -4.42e-09      0.00 7.484e-01 2.512e-01 6.274e-05 2.025e-05 1.630e-04 -1.000 3.811e-04 -2.634 0.409 -1.513 -2.542 -2.873 -3.048 -3.117
0.00034781 -1.65000 10.03342 0.8307576776 2.4290247874    0.796  3.002  3.6442  0.866    3  0.000  0.515    25.62    16.78    11.33     8.90     7.22  2 -5.16e-09      0.00 7.484e-01 2.512e-01 6.274e-05 2.025e-05 1.630e-04 -1.000 3.811e-04 -2.734 0.408 -1.569 -2.628 -2.969 -3.150 -3.221
0.00034781 -1.65000 10.03342 0.8307678103 2.4290280365    0.794  3.039  3.6416  0.817    3  0.000  0.515    28.39    18.31    12.31     9.69     7.86  1 -5.96e-09      0.00 7.484e-01 2.512e-01 6.274e-05 2.025e-05 1.630e-04 -1.000 3.812e-04 -2.827 0.406 -1.622 -2.708 -3.058 -3.244 -3.317
0.00034781 -1.65000 10.03342 0.8307776451 2.4290311900    0.791  3.077  3.6390  0.767    3  0.000  0.515    31.54    20.02    13.41    10.57     8.58  1  -6.9e-09      0.00 7.484e-01 2.512e-01 6.274e-05 2.025e-05 1.630e-04 -1.000 3.812e-04 -2.923 0.406 -1.674 -2.789 -3.149 -3.339 -3.415
0.00034781 -1.65000 10.03342 0.8307868838 2.4290341522    0.788  3.115  3.6363  0.717    3  0.000  0.515    35.06    21.91    14.62    11.53     9.36  1 -7.99e-09      0.00 7.484e-01 2.512e-01 6.274e-05 2.026e-05 1.630e-04 -1.000 3.812e-04 -3.017 0.409 -1.720 -2.867 -3.237 -3.434 -3.512
0.00034781 -1.65000 10.03342 0.8307952285 2.4290368277    0.785  3.151  3.6338  0.669    3  0.000  0.515    38.79    23.88    15.87    12.54    10.18  1 -9.21e-09      0.00 7.484e-01 2.512e-01 6.274e-05 2.026e-05 1.630e-04 -1.000 3.812e-04 -3.108 0.412 -1.765 -2.942 -3.322 -3.524 -3.604
0.00034781 -1.65000 10.03342 0.8308035731 2.4290395032    0.781  3.190  3.6311  0.618    3  0.000  0.515    43.18    26.16    17.31    13.70    11.12  1 -1.07e-08      0.00 7.484e-01 2.512e-01 6.274e-05 2.026e-05 1.630e-04 -1.000 3.812e-04 -3.204 0.415 -1.812 -3.022 -3.411 -3.619 -3.702
0.00034781 -1.65000 10.03342 0.8308110237 2.4290418919    0.777  3.225  3.6286  0.570    3  0.000  0.515    47.77    28.50    18.78    14.89    12.09  1 -1.23e-08      0.00 7.484e-01 2.512e-01 6.274e-05 2.026e-05 1.630e-04 -1.000 3.811e-04 -3.293 0.419 -1.854 -3.094 -3.494 -3.708 -3.793
0.00034781 -1.65000 10.03342 0.8308182359 2.4290442042    0.773  3.261  3.6261  0.521    3  0.000  0.515    52.86    31.05    20.38    16.18    13.14  1 -1.42e-08      0.00 7.484e-01 2.512e-01 6.274e-05 2.026e-05 1.630e-04 -1.000 3.811e-04 -3.383 0.421 -1.896 -3.166 -3.576 -3.795 -3.883
0.00034781 -1.65000 10.03342 0.8308242559 2.4290461342    0.769  3.289  3.6241  0.483    3  0.000  0.515    57.29    33.24    21.75    17.28    14.04  1 -1.59e-08      0.00 7.484e-01 2.512e-01 6.274e-05 2.026e-05 1.630e-04 -1.000 3.811e-04 -3.453 0.422 -1.926 -3.222 -3.641 -3.865 -3.954
0.00034781 -1.65000 10.03342 0.8308242559 2.4290461342    0.769  1.730  3.7859  2.690    4  0.000  0.527     0.00     0.00     0.00     0.00     0.00 -1    -1e-30      0.00 7.468e-01 2.528e-01 6.530e-05 1.904e-05 1.655e-04 -1.000 3.812e-04 0.446 1.248 0.657 0.400 0.342 0.335 0.341
0.00034781 -1.65000 10.03342 0.8308738470 2.4290620318    0.769  1.749  3.7803  2.648    4  0.000  0.527     0.00     0.00     0.00     0.00     0.00 -1    -1e-30      0.00 7.468e-01 2.528e-01 6.530e-05 1.904e-05 1.655e-04 -1.000 3.811e-04 0.397 1.229 0.626 0.350 0.283 0.271 0.275
0.00034781 -1.65000 10.03342 0.8309242725 2.4290781947    0.769  1.752  3.7803  2.645    4  0.000  0.527     0.00     0.00     0.00     0.00     0.00 -1    -1e-30      0.00 7.468e-01 2.528e-01 6.530e-05 1.904e-05 1.655e-04 -1.000 3.811e-04 0.391 1.222 0.620 0.344 0.276 0.264 0.268
0.00034781 -1.65000 10.03342 0.8309755921 2.4290946419    0.769  1.753  3.7808  2.646    4  0.000  0.527     0.00     0.00     0.00     0.00     0.00 -1    -1e-30      0.00 7.468e-01 2.528e-01 6.530e-05 1.904e-05 1.655e-04 -1.000 3.811e-04 0.388 1.217 0.616 0.341 0.275 0.263 0.267
0.00034781 -1.65000 10.03342 0.8310262561 2.4291108766    0.769  1.753  3.7815  2.649    4  0.000  0.527     0.00     0.00     0.00     0.00     0.00 -1    -1e-30      0.00 7.468e-01 2.528e-01 6.530e-05 1.904e-05 1.655e-04 -1.000 3.811e-04 0.387 1.212 0.612 0.340 0.275 0.264 0.268
0.00034781 -1.65000 10.03342 0.8310788274 2.4291277201    0.769  1.753  3.7825  2.653    4  0.000  0.527     0.00     0.00     0.00     0.00     0.00 -1    -1e-30      0.00 7.468e-01 2.528e-01 6.530e-05 1.904e-05 1.655e-04 -1.000 3.812e-04 0.387 1.206 0.608 0.340 0.276 0.266 0.271
0.00034781 -1.65000 10.03342 0.8311299086 2.4291440839    0.769  1.753  3.7837  2.658    4  0.000  0.527     0.00     0.00     0.00     0.00     0.00 -1    -1e-30      0.00 7.468e-01 2.528e-01 6.530e-05 1.904e-05 1.655e-04 -1.000 3.812e-04 0.387 1.200 0.604 0.340 0.279 0.270 0.274
0.00034781 -1.65000 10.03342 0.8311849236 2.4291617053    0.769  1.753  3.7850  2.663    4  0.000  0.527     0.00     0.00     0.00     0.00     0.00 -1    -1e-30      0.00 7.468e-01 2.528e-01 6.530e-05 1.904e-05 1.655e-04 -1.000 3.811e-04 0.388 1.194 0.601 0.342 0.282 0.275 0.280
0.00034781 -1.65000 10.03342 0.8312367201 2.4291782932    0.769  1.752  3.7864  2.670    4  0.000  0.527     0.00     0.00     0.00     0.00     0.00 -1    -1e-30      0.00 7.468e-01 2.528e-01 6.530e-05 1.904e-05 1.655e-04 -1.000 3.812e-04 0.390 1.188 0.597 0.343 0.286 0.280 0.286
0.00034781 -1.65000 10.03342 0.8312901855 2.4291954132    0.769  1.751  3.7878  2.676    4  0.000  0.527     0.00     0.00     0.00     0.00     0.00 -1    -1e-30      0.00 7.468e-01 2.528e-01 6.530e-05 1.904e-05 1.655e-04 -1.000 3.811e-04 0.392 1.182 0.594 0.345 0.290 0.285 0.292
0.00034781 -1.65000 10.03342 0.8313407898 2.4292116148    0.769  1.751  3.7889  2.681    4  0.000  0.527     0.00     0.00     0.00     0.00     0.00 -1    -1e-30      0.00 7.468e-01 2.528e-01 6.530e-05 1.904e-05 1.655e-04 -1.000 3.812e-04 0.393 1.178 0.592 0.347 0.294 0.290 0.296
0.00034781 -1.65000 10.03342 0.8313959241 2.4292292640    0.769  1.750  3.7901  2.686    4  0.000  0.527     0.00     0.00     0.00     0.00     0.00 -1    -1e-30      0.00 7.468e-01 2.528e-01 6.530e-05 1.904e-05 1.655e-04 -1.000 3.811e-04 0.394 1.173 0.589 0.348 0.297 0.294 0.301
0.00034781 -1.65000 10.03342 0.8314512372 2.4292469678    0.769  1.750  3.7909  2.690    4  0.000  0.527     0.00     0.00     0.00     0.00     0.00 -1    -1e-30      0.00 7.468e-01 2.528e-01 6.530e-05 1.904e-05 1.655e-04 -1.000 3.812e-04 0.395 1.169 0.587 0.349 0.300 0.297 0.305
0.00034781 -1.65000 10.03342 0.8315037489 2.4292637725    0.769  1.750  3.7915  2.693    4  0.000  0.527     0.00     0.00     0.00     0.00     0.00 -1    -1e-30      0.00 7.468e-01 2.529e-01 6.530e-05 1.904e-05 1.655e-04 -1.000 3.811e-04 0.395 1.166 0.585 0.349 0.302 0.300 0.307
0.00034781 -1.65000 10.03342 0.8315560818 2.4292805175    0.769  1.750  3.7918  2.694    4  0.000  0.527     0.00     0.00     0.00     0.00     0.00 -1    -1e-30      0.00 7.468e-01 2.529e-01 6.530e-05 1.904e-05 1.655e-04 -1.000 3.812e-04 0.395 1.165 0.584 0.349 0.302 0.300 0.308
0.00034781 -1.65000 10.03342 0.8315621614 2.4292824626    0.769  1.750  3.7919  2.694    4  0.000  0.527     0.00     0.00     0.00     0.00     0.00 -1    -1e-30      0.00 7.468e-01 2.529e-01 6.530e-05 1.904e-05 1.655e-04 -1.000 3.812e-04 0.395 1.164 0.584 0.349 0.302 0.300 0.308
0.00034781 -1.65000 10.03342 0.8315675855 2.4292841980    0.769  1.750  3.7919  2.694    4  0.000  0.527     0.00     0.00     0.00     0.00     0.00 -1    -1e-30      0.00 7.468e-01 2.529e-01 6.530e-05 1.904e-05 1.655e-04 -1.000 3.812e-04 0.395 1.164 0.584 0.349 0.302 0.300 0.308
0.00034781 -1.65000 10.03342 0.8316174150 2.4293001392    0.770  1.750  3.7917  2.692    4  0.000  0.527     0.00     0.00     0.00     0.00     0.00 -1    -1e-30      0.00 7.468e-01 2.529e-01 6.530e-05 1.904e-05 1.655e-04 -1.000 3.812e-04 0.394 1.164 0.583 0.348 0.300 0.298 0.306
0.00034781 -1.65000 10.03342 0.8316698670 2.4293169171    0.770  1.751  3.7911  2.690    4  0.000  0.527     0.00     0.00     0.00     0.00     0.00 -1    -1e-30      0.00 7.468e-01 2.529e-01 6.530e-05 1.904e-05 1.655e-04 -1.000 3.811e-04 0.392 1.165 0.583 0.346 0.297 0.295 0.302
0.00034781 -1.65000 10.03342 0.8317219615 2.4293335782    0.770  1.752  3.7902  2.685    4  0.000  0.527     0.00     0.00     0.00     0.00     0.00 -1    -1e-30      0.00 7.468e-01 2.529e-01 6.530e-05 1.904e-05 1.655e-04 -1.000 3.812e-04 0.389 1.167 0.583 0.343 0.293 0.290 0.297
0.00034781 -1.65000 10.03342 0.8317737579 2.4293501415    0.770  1.754  3.7888  2.678    4  0.000  0.527     0.00     0.00     0.00     0.00     0.00 -1    -1e-30      0.00 7.468e-01 2.529e-01 6.530e-05 1.904e-05 1.655e-04 -1.000 3.813e-04 0.386 1.171 0.584 0.339 0.286 0.282 0.289
0.00034781 -1.65000 10.03342 0.8318237662 2.4293661308    0.770  1.755  3.7872  2.670    4  0.000  0.527     0.00     0.00     0.00     0.00     0.00 -1    -1e-30      0.00 7.468e-01 2.529e-01 6.530e-05 1.904e-05 1.655e-04 -1.000 3.812e-04 0.381 1.175 0.586 0.335 0.279 0.273 0.279
0.00034781 -1.65000 10.03342 0.8318744898 2.4293823466    0.770  1.758  3.7850  2.659    4  0.000  0.527     0.00     0.00     0.00     0.00     0.00 -1    -1e-30      0.00 7.468e-01 2.529e-01 6.530e-05 1.904e-05 1.655e-04 -1.000 3.812e-04 0.376 1.182 0.588 0.329 0.269 0.262 0.267
0.00034781 -1.65000 10.03342 0.8319261074 2.4293988458    0.770  1.760  3.7825  2.646    4  0.000  0.527     0.00     0.00     0.00     0.00     0.00 -1    -1e-30      0.00 7.468e-01 2.529e-01 6.530e-05 1.904e-05 1.655e-04 -1.000 3.811e-04 0.369 1.189 0.590 0.322 0.258 0.248 0.253
0.00034781 -1.65000 10.03342 0.8319510818 2.4294068279    0.770  1.762  3.7812  2.640    4  0.000  0.527     0.00     0.00     0.00     0.00     0.00 -1    -1e-30      0.00 7.468e-01 2.529e-01 6.530e-05 1.904e-05 1.655e-04 -1.000 3.812e-04 0.366 1.192 0.591 0.319 0.253 0.242 0.245
0.00034781 -1.65000 10.03342 0.8319593668 2.4294094757    0.770  1.762  3.7807  2.637    4  0.000  0.527     0.00     0.00     0.00     0.00     0.00 -1    -1e-30      0.00 7.468e-01 2.529e-01 6.530e-05 1.904e-05 1.655e-04 -1.000 3.812e-04 0.364 1.193 0.592 0.317 0.250 0.239 0.242
0.00034781 -1.65000 10.03342 0.8320086002 2.4294252092    0.770  1.766  3.7776  2.621    4  0.000  0.527     0.00     0.00     0.00     0.00     0.00 -1    -1e-30      0.00 7.468e-01 2.529e-01 6.530e-05 1.904e-05 1.655e-04 -1.000 3.811e-04 0.356 1.204 0.594 0.309 0.236 0.222 0.224
0.00034781 -1.65000 10.03342 0.8320565820 2.4294405407    0.770  1.769  3.7745  2.605    4  0.000  0.527     0.00     0.00     0.00     0.00     0.00 -1    -1e-30      0.00 7.468e-01 2.529e-01 6.530e-05 1.904e-05 1.655e-04 -1.000 3.812e-04 0.347 1.214 0.597 0.300 0.222 0.205 0.206
0.00034781 -1.65000 10.03342 0.8321079016 2.4294569364    0.770  1.773  3.7713  2.588    4  0.000  0.527     0.00     0.00     0.00     0.00     0.00 -1    -1e-30      0.00 7.468e-01 2.529e-01 6.530e-05 1.904e-05 1.655e-04 -1.000 3.812e-04 0.336 1.225 0.598 0.289 0.206 0.185 0.185
0.00034781 -1.65000 10.03342 0.8321566582 2.4294725111    0.770  1.778  3.7682  2.571    4  0.000  0.527     0.00     0.00     0.00     0.00     0.00 -1    -1e-30      0.00 7.468e-01 2.529e-01 6.530e-05 1.904e-05 1.655e-04 -1.000 3.811e-04 0.325 1.234 0.598 0.278 0.189 0.166 0.164
0.00034781 -1.65000 10.03342 0.8322035074 2.4294874746    0.770  1.783  3.7655  2.556    4  0.000  0.527     0.00     0.00     0.00     0.00     0.00 -1    -1e-30      0.00 7.468e-01 2.529e-01 6.530e-05 1.904e-05 1.655e-04 -1.000 3.812e-04 0.314 1.239 0.597 0.267 0.173 0.147 0.145
0.00034781 -1.65000 10.03342 0.8322517872 2.4295028930    0.770  1.787  3.7630  2.541    4  0.000  0.527     0.00     0.00     0.00     0.00     0.00 -1    -1e-30      0.00 7.468e-01 2.529e-01 6.530e-05 1.904e-05 1.655e-04 -1.000 3.811e-04 0.301 1.243 0.593 0.255 0.157 0.129 0.125
0.00034781 -1.65000 10.03342 0.8322991729 2.4295180238    0.770  1.793  3.7609  2.528    4  0.000  0.527     0.00     0.00     0.00     0.00     0.00 -1    -1e-30      0.00 7.468e-01 2.529e-01 6.530e-05 1.904e-05 1.655e-04 -1.000 3.812e-04 0.288 1.244 0.589 0.242 0.141 0.110 0.106
0.00034781 -1.65000 10.03342 0.8323470354 2.4295333049    0.770  1.798  3.7589  2.514    4  0.000  0.527     0.00     0.00     0.00     0.00     0.00 -1    -1e-30      0.00 7.468e-01 2.529e-01 6.530e-05 1.904e-05 1.655e-04 -1.000 3.811e-04 0.275 1.244 0.583 0.229 0.124 0.091 0.086
0.00034781 -1.65000 10.03342 0.8323949575 2.4295486029    0.770  1.805  3.7568  2.499    4  0.000  0.527     0.00     0.00     0.00     0.00     0.00 -1    -1e-30      0.00 7.468e-01 2.529e-01 6.530e-05 1.904e-05 1.655e-04 -1.000 3.812e-04 0.259 1.243 0.575 0.214 0.105 0.070 0.064
0.00034781 -1.65000 10.03342 0.8324432373 2.4295640131    0.770  1.811  3.7553  2.487    4  0.000  0.527     0.00     0.00     0.00     0.00     0.00 -1    -1e-30      0.00 7.468e-01 2.529e-01 6.530e-05 1.904e-05 1.655e-04 -1.000 3.812e-04 0.243 1.240 0.565 0.199 0.087 0.051 0.044
0.00034781 -1.65000 10.03342 0.8324528337 2.4295670759    0.770  1.809  3.7561  2.492    4  0.000  0.527     0.00     0.00     0.00     0.00     0.00 -1    -1e-30      0.00 7.468e-01 2.529e-01 6.530e-05 1.904e-05 1.655e-04 -1.000 3.812e-04 0.247 1.237 0.566 0.202 0.093 0.057 0.051
0.00034781 -1.65000 10.03342 0.8325023055 2.4295828640    0.771  1.823  3.7519  2.461    4  0.000  0.527     0.00     0.00     0.00     0.00     0.00 -1    -1e-30      0.00 7.468e-01 2.529e-01 6.530e-05 1.904e-05 1.655e-04 -1.000 3.811e-04 0.212 1.232 0.547 0.168 0.051 0.011 0.003
0.00034781 -1.65000 10.03342 0.8325511217 2.4295984408    0.771  1.842  3.7476  2.425    4  0.000  0.527     0.00     0.00     0.00     0.00     0.00 -1    -1e-30      0.00 7.468e-01 2.529e-01 6.530e-05 1.904e-05 1.655e-04 -1.000 3.812e-04 0.165 1.218 0.516 0.121 -0.003 -0.048 -0.058
0.00034781 -1.65000 10.03342 0.8325921297 2.4296115245    0.771  1.874  3.7414  2.369    4  0.000  0.527     0.00     0.00     0.00     0.00     0.00 -1    -1e-30      0.00 7.468e-01 2.529e-01 6.530e-05 1.904e-05 1.655e-04 -1.000 3.812e-04 0.086 1.187 0.461 0.044 -0.091 -0.142 -0.155
0.00034781 -1.65000 10.03342 0.8326143622 2.4296186172    0.771  1.910  3.7352  2.308    4  0.000  0.527     0.00     0.00     0.00     0.00     0.00 -1    -1e-30      0.00 7.468e-01 2.529e-01 6.530e-05 1.904e-05 1.655e-04 -1.000 3.811e-04 -0.005 1.151 0.395 -0.046 -0.191 -0.248 -0.263
0.00034781 -1.65000 10.03342 0.8326244354 2.4296218306    0.771  1.947  3.7297  2.249    4  0.000  0.527     0.00     0.00     0.00     0.00     0.00 -1    -1e-30      0.00 7.468e-01 2.529e-01 6.530e-05 1.904e-05 1.655e-04 -1.000 3.811e-04 -0.097 1.109 0.326 -0.136 -0.291 -0.354 -0.372
0.00034781 -1.65000 10.03342 0.8326289058 2.4296232566    0.771  1.983  3.7248  2.193    4  0.000  0.527     0.00     0.00     0.00     0.00     0.00 -1    -1e-30      0.00 7.468e-01 2.529e-01 6.530e-05 1.904e-05 1.655e-04 -1.000 3.812e-04 -0.188 1.066 0.255 -0.226 -0.389 -0.457 -0.477
0.00034781 -1.65000 10.03342 0.8326309919 2.4296239221    0.771  2.019  3.7208  2.141    4  0.000  0.527     0.00     0.00     0.00     0.00     0.00 -1    -1e-30      0.00 7.468e-01 2.529e-01 6.530e-05 1.904e-05 1.655e-04 -1.000 3.812e-04 -0.276 1.019 0.184 -0.312 -0.482 -0.555 -0.577
0.00034781 -1.65000 10.03342 0.8326318264 2.4296241883    0.771  2.040  3.7186  2.111    4  0.000  0.527     0.00     0.00     0.00     0.00     0.00 -1    -1e-30      0.00 7.468e-01 2.529e-01 6.530e-05 1.904e-05 1.655e-04 -1.000 3.812e-04 -0.330 0.989 0.141 -0.364 -0.537 -0.613 -0.636
0.00034781 -1.65000 10.03342 0.8326318860 2.4296242073    0.771  2.040  3.7185  2.111    7  0.000  0.527     0.00     0.00     0.00     0.00     0.00 -1    -1e-30      0.00 7.468e-01 2.529e-01 6.530e-05 1.904e-05 1.655e-04 -1.000 3.812e-04 -0.331 0.989 0.141 -0.365 -0.538 -0.614 -0.637
0.00034781 -1.65000 10.03342 0.8326324821 2.4296243975    0.771  2.063  3.7165  2.080    7  0.000  0.527     0.00     0.00     0.00     0.00     0.00 -1    -1e-30      0.00 7.468e-01 2.529e-01 6.530e-05 1.904e-05 1.655e-04 -1.000 3.811e-04 -0.387 0.955 0.094 -0.420 -0.597 -0.675 -0.699
0.00034781 -1.65000 10.03342 0.8326336145 2.4296247587    0.771  2.108  3.7127  2.020    7  0.000  0.527     0.00     0.00     0.00     0.00     0.00 -1    -1e-30      0.00 7.468e-01 2.529e-01 6.530e-05 1.904e-05 1.655e-04 -1.000 3.811e-04 -0.499 0.885 -0.000 -0.530 -0.713 -0.796 -0.822
0.00034781 -1.65000 10.03342 0.8326345086 2.4296250439    0.771  2.142  3.7101  1.975    7  0.000  0.527     0.00     0.00     0.00     0.00     0.00 -1    -1e-30      0.00 7.468e-01 2.529e-01 6.530e-05 1.904e-05 1.655e-04 -1.000 3.812e-04 -0.585 0.831 -0.073 -0.614 -0.802 -0.887 -0.914
0.00034781 -1.65000 10.03342 0.8326355219 2.4296253672    0.771  2.169  3.7081  1.941    7  0.000  0.527     0.00     0.00     0.00     0.00     0.00 -1    -1e-30      0.00 7.468e-01 2.529e-01 6.530e-05 1.904e-05 1.655e-04 -1.000 3.812e-04 -0.651 0.791 -0.129 -0.678 -0.870 -0.958 -0.987
0.00034781 -1.65000 10.03342 0.8326377273 2.4296260707    0.771  2.178  3.7076  1.930    7  0.000  0.527     0.00     0.00     0.00     0.00     0.00 -1    -1e-30      0.00 7.468e-01 2.529e-01 6.530e-05 1.904e-05 1.655e-04 -1.000 3.812e-04 -0.674 0.775 -0.149 -0.701 -0.894 -0.982 -1.011
0.00034781 -1.65000 10.03342 0.8326395750 2.4296266601    0.771  2.158  3.7091  1.955    7  0.000  0.527     0.00     0.00     0.00     0.00     0.00 -1    -1e-30      0.00 7.468e-01 2.529e-01 6.530e-05 1.904e-05 1.655e-04 -1.000 3.812e-04 -0.625 0.803 -0.108 -0.653 -0.843 -0.930 -0.958
0.00034781 -1.65000 10.03342 0.8326466680 2.4296289227    0.771  2.134  3.7109  1.986    7  0.000  0.527     0.00     0.00     0.00     0.00     0.00 -1    -1e-30      0.00 7.468e-01 2.529e-01 6.530e-05 1.904e-05 1.655e-04 -1.000 3.812e-04 -0.566 0.840 -0.058 -0.595 -0.782 -0.866 -0.893
0.00034781 -1.65000 10.03342 0.8326768875 2.4296385618    0.771  2.168  3.7080  1.940    7  0.000  0.527     0.00     0.00     0.00     0.00     0.00 -1    -1e-30      0.00 7.468e-01 2.529e-01 6.530e-05 1.904e-05 1.655e-04 -1.000 3.812e-04 -0.651 0.792 -0.128 -0.678 -0.870 -0.958 -0.987
0.00034781 -1.65000 10.03342 0.8326951265 2.4296443792    0.771  2.208  3.7049  1.888    7  0.000  0.527     0.00     0.00     0.00     0.00     0.00 -1    -1e-30      0.00 7.468e-01 2.529e-01 6.530e-05 1.904e-05 1.655e-04 -1.000 3.811e-04 -0.751 0.735 -0.210 -0.775 -0.972 -1.064 -1.094
0.00034781 -1.65000 10.03342 0.8327093720 2.4296489226    0.771  2.246  3.7021  1.839    7  0.000  0.527     0.00     0.00     0.00     0.00     0.00 -1    -1e-30      0.00 7.468e-01 2.529e-01 6.530e-05 1.904e-05 1.655e-04 -1.000 3.812e-04 -0.846 0.679 -0.290 -0.867 -1.070 -1.165 -1.197
0.00034781 -1.65000 10.03342 0.8327260017 2.4296542261    0.771  2.291  3.6989  1.782    7  0.000  0.527     0.00     0.00     0.00     0.00     0.00 -1    -1e-30      0.00 7.468e-01 2.529e-01 6.530e-05 1.904e-05 1.655e-04 -1.000 3.812e-04 -0.957 0.612 -0.383 -0.975 -1.184 -1.283 -1.317
0.00034781 -1.65000 10.03342 0.8327420950 2.4296593584    0.771  2.334  3.6960  1.727    7  0.000  0.527     0.00     0.00     0.00     0.00     0.00 -1    -1e-30      0.00 7.468e-01 2.529e-01 6.530e-05 1.904e-05 1.655e-04 -1.000 3.812e-04 -1.065 0.550 -0.472 -1.079 -1.293 -1.396 -1.432
0.00034781 -1.65000 10.03342 0.8327564001 2.4296639202    0.771  2.375  3.6931  1.674    7  0.000  0.527     0.00     0.00     0.00     0.00     0.00 -1    -1e-30      0.00 7.468e-01 2.529e-01 6.529e-05 1.904e-05 1.655e-04 -1.000 3.724e-04 -1.168 0.490 -0.558 -1.179 -1.399 -1.505 -1.542
0.00034781 -1.65000 10.03342 0.8327691555 2.4296679877    0.771  2.416  3.6903  1.622    7  0.000  0.527     0.00     0.00     0.00     0.00     0.00 -1    -1e-30      0.00 7.468e-01 2.528e-01 6.527e-05 1.905e-05 1.656e-04 -1.000 3.729e-04 -1.271 0.430 -0.643 -1.278 -1.503 -1.613 -1.652
0.00034781 -1.65000 10.03342 0.8327805400 2.4296716179    0.771  2.457  3.6875  1.570    7  0.000  0.526     0.00     0.00     0.00     0.00     0.00 -1    -1e-30      0.00 7.468e-01 2.529e-01 6.518e-05 1.909e-05 1.656e-04 -1.000 3.718e-04 -1.373 0.374 -0.727 -1.375 -1.605 -1.719 -1.759
0.00034781 -1.65000 10.03342 0.8327908516 2.4296749059    0.771  2.498  3.6848  1.518    7  0.000  0.522     0.00     0.00     0.00     0.00     0.00 -1    -1e-30      0.00 7.468e-01 2.529e-01 6.488e-05 1.928e-05 1.656e-04 -1.000 3.728e-04 -1.475 0.325 -0.809 -1.473 -1.708 -1.826 -1.868
0.00034781 -1.65000 10.03342 0.8328001499 2.4296778707    0.771  2.539  3.6820  1.466    7  0.000  0.515     7.11     5.62     3.99     3.09     2.50  3    -1e-30      0.00 7.467e-01 2.529e-01 6.417e-05 1.990e-05 1.656e-04 -1.000 3.812e-04 -1.577 0.293 -0.889 -1.573 -1.814 -1.935 -1.979
0.00034781 -1.65000 10.03342 0.8328086138 2.4296805694    0.771  2.580  3.6792  1.414    7  0.000  0.505     7.94     6.18     4.36     3.38     2.73  3    -1e-30      0.00 7.466e-01 2.530e-01 6.296e-05 2.123e-05 1.656e-04 -1.000 3.785e-04 -1.679 0.267 -0.966 -1.672 -1.919 -2.044 -2.089
0.00034781 -1.65000 10.03342 0.8328163624 2.4296830399    0.771  2.620  3.6764  1.363    7  0.000  0.493     8.86     6.78     4.77     3.70     2.99  3    -1e-30      0.00 7.466e-01 2.531e-01 6.156e-05 2.291e-05 1.656e-04 -1.000 3.718e-04 -1.780 0.249 -1.040 -1.770 -2.023 -2.151 -2.198
0.00034781 -1.65000 10.03342 0.8328235745 2.4296853394    0.771  2.660  3.6735  1.311    7  0.000  0.482     9.89     7.45     5.21     4.05     3.28  3    -1e-30      0.00 7.464e-01 2.532e-01 6.023e-05 2.455e-05 1.656e-04 -1.000 3.724e-04 -1.881 0.239 -1.111 -1.868 -2.127 -2.259 -2.308
0.00034781 -1.65000 10.03342 0.8328304887 2.4296875438    0.771  2.701  3.6707  1.259    7  0.000  0.473    11.04     8.18     5.70     4.44     3.59  3    -1e-30      0.00 7.463e-01 2.533e-01 5.903e-05 2.601e-05 1.656e-04 -1.000 3.791e-04 -1.982 0.235 -1.179 -1.965 -2.231 -2.367 -2.418
0.00034781 -1.65000 10.03342 0.8328371644 2.4296896721    0.771  2.741  3.6678  1.207    7  0.000  0.464    12.32     8.98     6.23     4.86     3.93  2    -1e-30      0.00 7.462e-01 2.534e-01 5.801e-05 2.727e-05 1.656e-04 -1.000 3.717e-04 -2.082 0.239 -1.245 -2.061 -2.333 -2.474 -2.527
0.00034781 -1.65000 10.03342 0.8328436017 2.4296917244    0.771  2.781  3.6649  1.155    7  0.000  0.457    13.76     9.87     6.82     5.32     4.31  2    -1e-30      0.00 7.461e-01 2.536e-01 5.713e-05 2.835e-05 1.656e-04 -1.000 3.700e-04 -2.184 0.249 -1.308 -2.156 -2.436 -2.581 -2.636
0.00034781 -1.65000 10.03342 0.8328495026 2.4296936057    0.771  2.822  3.6619  1.103    7  0.000  0.451    15.37    10.84     7.46     5.83     4.72  2    -1e-30      0.00 7.459e-01 2.537e-01 5.636e-05 2.930e-05 1.655e-04 -1.000 3.811e-04 -2.284 0.267 -1.368 -2.251 -2.539 -2.688 -2.745
0.00034781 -1.65000 10.03342 0.8328549862 2.4296953539    0.771  2.863  3.6589  1.049    7  0.000  0.446    17.24    11.95     8.19     6.41     5.20  2    -1e-30      0.00 7.458e-01 2.538e-01 5.568e-05 3.014e-05 1.655e-04 -1.000 3.811e-04 -2.389 0.298 -1.425 -2.347 -2.645 -2.799 -2.858
0.00034781 -1.65000 10.03342 0.8328597546 2.4296968740    0.771  2.906  3.6557  0.994    7  0.000  0.441    19.38    13.21     9.01     7.06     5.72  2    -1e-30      0.00 7.457e-01 2.540e-01 5.509e-05 3.088e-05 1.654e-04 -1.000 3.812e-04 -2.495 0.304 -1.486 -2.441 -2.748 -2.908 -2.970
0.00034781 -1.65000 10.03342 0.8328634501 2.4296980521    0.771  2.947  3.6526  0.941    7  0.000  0.438    21.68    14.53     9.87     7.75     6.28  2    -1e-30      0.00 7.455e-01 2.541e-01 5.460e-05 3.151e-05 1.653e-04 -1.000 3.812e-04 -2.596 0.307 -1.542 -2.530 -2.846 -3.012 -3.076
0.00034781 -1.65000 10.03342 0.8328665495 2.4296990402    0.771  2.985  3.6497  0.891    7  0.000  0.435    24.12    15.91    10.77     8.46     6.86  1    -1e-30      0.00 7.454e-01 2.543e-01 5.419e-05 3.205e-05 1.651e-04 -1.000 3.812e-04 -2.692 0.312 -1.594 -2.613 -2.939 -3.110 -3.177
0.00034781 -1.65000 10.03342 0.8328696489 2.4297000283    0.771  3.025  3.6466  0.838    7  0.000  0.433    26.97    17.50    11.79     9.28     7.52  1    -1e-30      0.00 7.452e-01 2.544e-01 5.386e-05 3.253e-05 1.650e-04 -1.000 3.812e-04 -2.793 0.318 -1.647 -2.697 -3.034 -3.211 -3.281
0.00034781 -1.65000 10.03342 0.8328723907 2.4297009024    0.771  3.064  3.6435  0.786    7  0.000  0.432    30.10    19.22    12.89    10.16     8.24  1    -1e-30      0.00 7.451e-01 2.545e-01 5.361e-05 3.294e-05 1.647e-04 -1.000 3.811e-04 -2.891 0.326 -1.697 -2.780 -3.128 -3.310 -3.383
0.00034781 -1.65000 10.03342 0.8328749537 2.4297017194    0.771  3.113  3.6396  0.722    7  0.000  0.430    34.50    21.59    14.40    11.37     9.23  1    -1e-30      0.00 7.450e-01 2.546e-01 5.337e-05 3.340e-05 1.645e-04 -1.000 3.812e-04 -3.013 0.337 -1.758 -2.882 -3.243 -3.433 -3.509
0.00034781 -1.65000 10.03342 0.8328751326 2.4297017764    0.771  3.136  3.6376  0.691    7  0.000  0.430    36.84    22.83    15.19    12.00     9.74  1    -1e-30      0.00 7.450e-01 2.546e-01 5.336e-05 3.344e-05 1.645e-04 -1.000 3.811e-04 -3.070 0.347 -1.783 -2.928 -3.295 -3.490 -3.567
0.00034781 -1.65000 10.03342 0.8328753114 2.4297018334    0.771  3.155  3.6360  0.666    7  0.000  0.429    38.86    23.89    15.87    12.55    10.18  1    -1e-30      0.00 7.449e-01 2.548e-01 5.305e-05 3.415e-05 1.640e-04 -1.000 3.808e-04 -3.118 0.355 -1.802 -2.965 -3.339 -3.536 -3.615
0.00034781 -1.65000 10.03342 0.8328755498 2.4297019094    0.771  3.189  3.6332  0.621    7  0.000  0.428    42.80    25.94    17.16    13.59    11.03  1    -1e-30      0.00 7.447e-01 2.550e-01 5.280e-05 3.487e-05 1.636e-04 -1.000 3.798e-04 -3.203 0.367 -1.839 -3.033 -3.417 -3.621 -3.702
0.00034781 -1.65000 10.03342 0.8328760862 2.4297020804    0.771  3.236  3.6294  0.558    7  0.549  0.427    48.83    29.02    19.11    15.15    12.30  1    -1e-30      0.00 7.444e-01 2.552e-01 5.246e-05 3.577e-05 1.630e-04 -1.000 3.811e-04 -3.320 0.383 -1.889 -3.126 -3.525 -3.737 -3.821
0.00034781 -1.65000 10.03342 0.8328762054 2.4297021184    0.771  3.246  3.6286  0.545    7  0.548  0.427    50.25    29.74    19.56    15.51    12.60  1    -1e-30      0.00 7.444e-01 2.552e-01 5.235e-05 3.602e-05 1.628e-04 -1.000 3.812e-04 -3.346 0.385 -1.899 -3.146 -3.548 -3.761 -3.847
0.00034781 -1.65000 10.03342 0.8328763247 2.4297021564    0.771  3.352  3.6200  0.405    8  0.539  0.409    67.65    38.31    24.91    19.83    16.12  1  -7.6e-07      0.00 7.375e-01 2.622e-01 4.927e-05 4.394e-05 1.643e-04 -1.000 2.802e-04 -3.610 0.414 -1.990 -3.346 -3.785 -4.020 -4.114
0.00034781 -1.65000 10.03342 0.8328763843 2.4297021754    0.770  3.181  3.6329  0.626    8  0.539  0.400    42.25    25.65    16.98    13.44    10.91  1  -3.5e-07      0.00 7.375e-01 2.622e-01 4.927e-05 4.394e-05 1.643e-04 -1.000 2.801e-04 -3.184 0.389 -1.817 -3.012 -3.396 -3.601 -3.682
0.00034781 -1.65000 10.03342 0.8328765035 2.4297022134    0.768  3.037  3.6451  0.819    8  0.539  0.400    28.05    18.09    12.17     9.58     7.77  1 -1.83e-07      0.00 7.375e-01 2.622e-01 4.927e-05 4.394e-05 1.643e-04 -1.000 2.803e-04 -2.821 0.335 -1.654 -2.719 -3.060 -3.240 -3.311
0.00034781 -1.65000 10.03342 0.8328766823 2.4297022704    0.765  2.835  3.6620  1.086    8  0.539  0.400    15.90    11.16     7.67     6.00     4.86  2 -7.53e-08      0.00 7.375e-01 2.622e-01 4.927e-05 4.394e-05 1.643e-04 -1.000 2.802e-04 -2.319 0.240 -1.400 -2.285 -2.574 -2.723 -2.780
0.00034781 -1.65000 10.03342 0.8328769207 2.4297023464    0.760  2.841  3.6614  1.075    8  0.539  0.400    16.25    11.36     7.80     6.10     4.95  2 -7.84e-08      0.00 7.375e-01 2.622e-01 4.927e-05 4.394e-05 1.643e-04 -1.000 2.803e-04 -2.333 0.252 -1.405 -2.298 -2.589 -2.739 -2.796
0.00034781 -1.65000 10.03342 0.8328772187 2.4297024414    0.754  2.936  3.6532  0.944    8  0.539  0.400    21.39    14.36     9.75     7.66     6.21  2 -1.22e-07      0.00 7.375e-01 2.622e-01 4.927e-05 4.394e-05 1.643e-04 -1.000 2.802e-04 -2.569 0.318 -1.523 -2.505 -2.820 -2.985 -3.049
0.00034781 -1.65000 10.03342 0.8328776360 2.4297025744    0.746  3.099  3.6393  0.721    8  0.540  0.400    34.32    21.45    14.30    11.31     9.17  1 -2.61e-07      0.00 7.375e-01 2.622e-01 4.927e-05 4.394e-05 1.643e-04 -1.000 2.802e-04 -2.978 0.380 -1.719 -2.845 -3.206 -3.397 -3.473
0.00034781 -1.65000 10.03342 0.8328780532 2.4297027074    0.738  3.242  3.6270  0.524    8  0.540  0.400    52.09    30.55    20.05    15.93    12.94  1 -5.17e-07      0.00 7.375e-01 2.622e-01 4.927e-05 4.394e-05 1.643e-04 -1.000 2.802e-04 -3.335 0.446 -1.861 -3.125 -3.532 -3.749 -3.836
0.00034781 -1.65000 10.03342 0.8328785896 2.4297028785    0.728  3.337  3.6187  0.390    8  0.541  0.400    69.14    38.80    25.18    20.10    16.32  1 -8.28e-07      0.00 7.375e-01 2.622e-01 4.927e-05 4.394e-05 1.643e-04 -1.000 2.802e-04 -3.574 0.489 -1.927 -3.298 -3.743 -3.981 -4.076
0.00034781 -1.65000 10.03342 0.8328791857 2.4297030685    0.718  3.391  3.6140  0.311    8  0.541  0.400    81.54    44.55    28.73    22.98    18.67  1  -1.1e-06      0.00 7.375e-01 2.622e-01 4.927e-05 4.394e-05 1.643e-04 -1.000 2.803e-04 -3.706 0.511 -1.953 -3.388 -3.857 -4.108 -4.208
0.00034781 -1.65000 10.03342 0.8328798413 2.4297032775    0.706  3.418  3.6113  0.266    8  0.542  0.400    89.63    48.18    30.94    24.80    20.15  1 -1.31e-06      0.00 7.375e-01 2.622e-01 4.927e-05 4.394e-05 1.643e-04 -1.000 2.803e-04 -3.776 0.528 -1.961 -3.434 -3.917 -4.174 -4.277
0.00034781 -1.65000 10.03342 0.8328805566 2.4297035055    0.693  3.437  3.6095  0.232    8  0.542  0.400    95.97    50.93    32.62    26.18    21.27  1 -1.49e-06      0.00 7.375e-01 2.622e-01 4.927e-05 4.394e-05 1.643e-04 -1.000 2.803e-04 -3.821 0.544 -1.961 -3.461 -3.954 -4.217 -4.322
0.00034781 -1.65000 10.03342 0.8328836560 2.4297044935    0.544 -9.999  4.0000  1.768    9  0.544  0.000     0.00     0.00     0.00     0.00     0.00 -1    -1e-30      0.00 7.375e-01 2.622e-01 4.927e-05 4.394e-05 1.643e-04 -1.000 2.802e-04 29.767 30.103 29.965 30.243 30.472 30.552 30.641
