# Zini     MH   logAge Mini        int_IMF         Mass   logL    logTe  logg  label   McoreTP C_O  period0  period1  period2  period3  period4  pmode  Mloss  tau1m   X   Y   Xc  Xn  Xo  Cexcess  Z 	 mbolmag  umag    gmag    rmag    imag    zmag    Ymag
0.00021956 -1.85000 10.08636 0.0900000036 1.0816895926    0.090 -3.199  3.4866  5.489    1  0.000  0.545     0.00     0.00     0.00     0.00     0.00 -1 -4.78e-17      0.00 7.483e-01 2.515e-01 4.145e-05 1.118e-05 1.014e-04 -1.000 2.305e-04 12.766 17.852 15.893 13.966 12.530 12.066 11.967
0.00021956 -1.85000 10.08636 0.0946493894 1.1247897960    0.095 -3.020  3.5129  5.437    1  0.000  0.545     0.00     0.00     0.00     0.00     0.00 -1 -7.46e-17      0.00 7.471e-01 2.527e-01 4.145e-05 1.118e-05 1.014e-04 -1.000 2.306e-04 12.320 17.247 15.000 13.188 12.083 11.690 11.585
0.00021956 -1.85000 10.08636 0.1000000015 1.1711064122    0.100 -2.825  3.5415  5.381    1  0.000  0.545     0.00     0.00     0.00     0.00     0.00 -1 -1.21e-16      0.00 7.456e-01 2.542e-01 4.145e-05 1.118e-05 1.014e-04 -1.000 2.305e-04 11.834 16.361 14.057 12.403 11.597 11.264 11.161
0.00021956 -1.85000 10.08636 0.1199999973 1.3193154249    0.120 -2.531  3.5722  5.289    1  0.000  0.545     0.00     0.00     0.00     0.00     0.00 -1 -2.42e-16      0.00 7.424e-01 2.574e-01 4.145e-05 1.118e-05 1.014e-04 -1.000 2.306e-04 11.099 14.989 12.875 11.428 10.858 10.580 10.485
0.00021956 -1.85000 10.08636 0.1399999857 1.4384525915    0.140 -2.347  3.5870  5.231    1  0.000  0.545     0.00     0.00     0.00     0.00     0.00 -1 -3.66e-16      0.00 7.401e-01 2.596e-01 4.145e-05 1.119e-05 1.014e-04 -1.000 2.306e-04 10.638 14.202 12.223 10.893 10.394 10.138 10.050
0.00021956 -1.85000 10.08636 0.1599999964 1.5372931554    0.160 -2.203  3.5967  5.183    1  0.000  0.545     0.00     0.00     0.00     0.00     0.00 -1 -5.04e-16      0.00 7.387e-01 2.610e-01 4.145e-05 1.119e-05 1.014e-04 -1.000 2.306e-04 10.277 13.635 11.747 10.494 10.030 9.789 9.705
0.00021956 -1.85000 10.08636 0.2000000179 1.6938791367    0.200 -1.982  3.6089  5.109    1  0.000  0.545     0.00     0.00     0.00     0.00     0.00 -1 -8.17e-16      0.00 7.379e-01 2.619e-01 4.145e-05 1.119e-05 1.014e-04 -1.000 2.306e-04 9.726 12.836 11.058 9.899 9.473 9.251 9.173
0.00021956 -1.85000 10.08636 0.2500000000 1.8403257998    0.250 -1.781  3.6199  5.048    1  0.000  0.545     0.00     0.00     0.00     0.00     0.00 -1 -1.07e-15      0.00 7.381e-01 2.616e-01 4.145e-05 1.119e-05 1.014e-04 -1.000 2.306e-04 9.222 12.128 10.439 9.361 8.965 8.759 8.687
0.00021956 -1.85000 10.08636 0.3000000417 1.9529140366    0.300 -1.627  3.6289  5.009    1  0.000  0.545     0.00     0.00     0.00     0.00     0.00 -1  -1.7e-15      0.00 7.382e-01 2.616e-01 4.144e-05 1.119e-05 1.014e-04 -1.000 2.306e-04 8.836 11.581 9.963 8.947 8.575 8.383 8.316
0.00021956 -1.85000 10.08636 0.3499999940 2.0434174644    0.350 -1.500  3.6372  4.982    1  0.000  0.544     0.00     0.00     0.00     0.00     0.00 -1 -2.17e-15      0.00 7.380e-01 2.618e-01 4.141e-05 1.119e-05 1.014e-04 -1.000 2.305e-04 8.519 11.127 9.569 8.606 8.255 8.075 8.012
0.00021956 -1.85000 10.08636 0.4000000060 2.1185024399    0.400 -1.371  3.6466  4.949    1  0.000  0.545     0.00     0.00     0.00     0.00     0.00 -1 -2.84e-15      0.00 7.503e-01 2.495e-01 4.145e-05 1.118e-05 1.014e-04 -1.000 2.306e-04 8.196 10.653 9.163 8.257 7.929 7.762 7.705
0.00021956 -1.85000 10.08636 0.4500000179 2.1822809362    0.450 -1.211  3.6625  4.904    1  0.000  0.545     0.00     0.00     0.00     0.00     0.00 -1 -4.06e-15      0.00 7.507e-01 2.491e-01 4.145e-05 1.118e-05 1.014e-04 -1.000 2.306e-04 7.799 10.005 8.636 7.821 7.529 7.384 7.335
0.00021956 -1.85000 10.08636 0.5000000000 2.2374541529    0.500 -1.034  3.6818  4.850    1  0.000  0.545     0.00     0.00     0.00     0.00     0.00 -1 -6.18e-15      0.00 7.507e-01 2.491e-01 4.145e-05 1.118e-05 1.014e-04 -1.000 2.306e-04 7.354 9.259 8.052 7.339 7.088 6.969 6.930
0.00021956 -1.85000 10.08636 0.5500000715 2.2836583126    0.550 -0.825  3.7030  4.767    1  0.000  0.544     0.00     0.00     0.00     0.00     0.00 -1 -1.05e-14      0.00 7.853e-01 2.146e-01 3.606e-05 9.735e-06 8.833e-05 -1.000 1.315e-04 6.833 8.436 7.408 6.792 6.579 6.486 6.458
0.00021956 -1.85000 10.08636 0.6000000238 2.3211213258    0.600 -0.614  3.7290  4.698    1  0.000  0.544     0.00     0.00     0.00     0.00     0.00 -1 -1.76e-14      0.00 7.978e-01 2.021e-01 3.421e-05 9.242e-06 8.391e-05 -1.000 1.775e-04 6.306 7.599 6.763 6.251 6.082 6.019 6.005
0.00021956 -1.85000 10.08636 0.6056819558 2.3249308572    0.605 -0.589  3.7324  4.691    1  0.000  0.544     0.00     0.00     0.00     0.00     0.00 -1 -1.87e-14      0.00 7.995e-01 2.003e-01 3.396e-05 9.175e-06 8.331e-05 -1.000 1.885e-04 6.243 7.502 6.687 6.188 6.025 5.965 5.952
0.00021956 -1.85000 10.08636 0.6166154742 2.3320347393    0.616 -0.540  3.7390  4.676    1  0.000  0.543     0.00     0.00     0.00     0.00     0.00 -1 -2.11e-14      0.00 8.029e-01 1.969e-01 3.346e-05 9.042e-06 8.211e-05 -1.000 2.067e-04 6.121 7.315 6.541 6.066 5.913 5.861 5.851
0.00021956 -1.85000 10.08636 0.6271859407 2.3386326302    0.627 -0.493  3.7453  4.661    1  0.000  0.543     0.00     0.00     0.00     0.00     0.00 -1 -2.38e-14      0.00 8.064e-01 1.934e-01 3.296e-05 8.907e-06 8.090e-05 -1.000 2.147e-04 6.002 7.140 6.401 5.949 5.807 5.761 5.754
0.00021956 -1.85000 10.08636 0.6370039582 2.3445358278    0.637 -0.448  3.7510  4.646    1  0.000  0.543     0.00     0.00     0.00     0.00     0.00 -1 -2.51e-17      0.00 8.098e-01 1.900e-01 3.247e-05 8.776e-06 7.972e-05 -1.000 2.051e-04 5.891 6.979 6.271 5.841 5.708 5.668 5.663
0.00021956 -1.85000 10.08636 0.6461246014 2.3498352746    0.646 -0.406  3.7563  4.632    1  0.000  0.543     0.00     0.00     0.00     0.00     0.00 -1 -1.78e-15      0.00 8.131e-01 1.867e-01 3.199e-05 8.648e-06 7.858e-05 -1.000 1.708e-04 5.786 6.831 6.151 5.740 5.616 5.582 5.579
0.00021956 -1.85000 10.08636 0.6499999762 2.3520353107    0.650 -0.388  3.7585  4.625    1  0.000  0.543     0.00     0.00     0.00     0.00     0.00 -1  -3.1e-14      0.00 8.145e-01 1.852e-01 3.178e-05 8.593e-06 7.808e-05 -1.000 2.126e-04 5.741 6.767 6.099 5.697 5.576 5.545 5.543
0.00021956 -1.85000 10.08636 0.6526840925 2.3535414754    0.652 -0.376  3.7600  4.620    1  0.000  0.543     0.00     0.00     0.00     0.00     0.00 -1  -3.2e-14      0.00 8.158e-01 1.840e-01 3.160e-05 8.546e-06 7.766e-05 -1.000 2.204e-04 5.710 6.724 6.063 5.667 5.549 5.519 5.517
0.00021956 -1.85000 10.08636 0.6646642685 2.3600938072    0.664 -0.319  3.7664  4.597    1  0.000  0.542     0.00     0.00     0.00     0.00     0.00 -1 -3.71e-14      0.00 8.215e-01 1.783e-01 3.077e-05 8.325e-06 7.568e-05 -1.000 2.091e-04 5.568 6.537 5.905 5.532 5.424 5.400 5.401
0.00021956 -1.85000 10.08636 0.6756711602 2.3658788877    0.675 -0.266  3.7722  4.574    1  0.000  0.542     0.00     0.00     0.00     0.00     0.00 -1 -2.99e-14      0.00 8.272e-01 1.726e-01 2.996e-05 8.108e-06 7.373e-05 -1.000 1.765e-04 5.435 6.366 5.758 5.406 5.306 5.288 5.292
0.00021956 -1.85000 10.08636 0.6861668825 2.3711969707    0.686 -0.213  3.7777  4.550    1  0.000  0.541     0.00     0.00     0.00     0.00     0.00 -1 -5.85e-15      0.00 8.330e-01 1.669e-01 2.913e-05 7.887e-06 7.174e-05 -1.000 1.423e-04 5.304 6.201 5.614 5.281 5.190 5.177 5.183
0.00021956 -1.85000 10.08636 0.6959463358 2.3759864739    0.696 -0.163  3.7827  4.526    1  0.000  0.541     0.00     0.00     0.00     0.00     0.00 -1 -3.29e-15      0.00 8.387e-01 1.611e-01 2.830e-05 7.667e-06 6.977e-05 -1.000 1.980e-04 5.177 6.046 5.476 5.161 5.078 5.070 5.077
0.00021956 -1.85000 10.08636 0.6999999881 2.3779266974    0.700 -0.141  3.7847  4.515    1  0.000  0.540     0.00     0.00     0.00     0.00     0.00 -1 -5.98e-14      0.00 8.412e-01 1.586e-01 2.794e-05 7.571e-06 6.891e-05 -1.000 2.102e-04 5.122 5.981 5.416 5.109 5.029 5.023 5.031
0.00021956 -1.85000 10.08636 0.7064204812 2.3809474394    0.706 -0.106  3.7878  4.496    1  0.000  0.539     0.00     0.00     0.00     0.00     0.00 -1  -6.6e-14      0.00 8.449e-01 1.549e-01 2.738e-05 7.434e-06 6.770e-05 -1.000 1.983e-04 5.034 5.877 5.321 5.025 4.950 4.947 4.956
0.00021956 -1.85000 10.08636 0.7148445249 2.3848163258    0.714 -0.057  3.7918  4.468    1  0.000  0.537     0.00     0.00     0.00     0.00     0.00 -1 -7.57e-14      0.00 8.497e-01 1.501e-01 2.669e-05 7.266e-06 6.621e-05 -1.000 1.828e-04 4.913 5.735 5.190 4.908 4.840 4.841 4.851
0.00021956 -1.85000 10.08636 0.7231629491 2.3885351661    0.723 -0.006  3.7957  4.438    1  0.000  0.535     0.00     0.00     0.00     0.00     0.00 -1 -8.75e-14      0.00 8.540e-01 1.459e-01 2.607e-05 7.118e-06 6.492e-05 -1.000 1.251e-04 4.786 5.591 5.054 4.786 4.724 4.729 4.740
0.00021956 -1.85000 10.08636 0.7303079963 2.3916517762    0.730  0.039  3.7989  4.409    1  0.000  0.534     0.00     0.00     0.00     0.00     0.00 -1    -1e-13      0.00 8.572e-01 1.426e-01 2.562e-05 7.012e-06 6.399e-05 -1.000 1.243e-04 4.671 5.461 4.931 4.675 4.618 4.626 4.638
0.00021956 -1.85000 10.08636 0.7372304797 2.3946051405    0.737  0.087  3.8019  4.378    1  0.000  0.532     0.00     0.00     0.00     0.00     0.00 -1  -6.5e-14      0.00 8.601e-01 1.398e-01 2.524e-05 6.922e-06 6.322e-05 -1.000 1.699e-04 4.553 5.330 4.805 4.559 4.508 4.519 4.532
0.00021956 -1.85000 10.08636 0.7441538572 2.3974957731    0.744  0.137  3.8048  4.343    1  0.000  0.531     0.00     0.00     0.00     0.00     0.00 -1 -1.57e-15      0.00 8.627e-01 1.371e-01 2.490e-05 6.844e-06 6.254e-05 -1.000 2.006e-04 4.427 5.192 4.671 4.436 4.389 4.403 4.417
0.00021956 -1.85000 10.08636 0.7500000000 2.3998889087    0.749  0.183  3.8071  4.310    1  0.000  0.529     0.00     0.00     0.00     0.00     0.00 -1 -1.54e-13      0.00 8.647e-01 1.351e-01 2.464e-05 6.784e-06 6.203e-05 -1.000 1.955e-04 4.313 5.068 4.551 4.323 4.280 4.296 4.311
0.00021956 -1.85000 10.08636 0.7554506063 2.4020818033    0.755  0.228  3.8093  4.277    1  0.000  0.529     0.00     0.00     0.00     0.00     0.00 -1 -1.77e-13      0.00 8.653e-01 1.346e-01 2.464e-05 6.787e-06 6.209e-05 -1.000 1.203e-04 4.199 4.946 4.431 4.212 4.172 4.191 4.206
0.00021956 -1.85000 10.08636 0.7614278197 2.4044451053    0.761  0.282  3.8114  4.235    1  0.000  0.529     0.00     0.00     0.00     0.00     0.00 -1 -2.09e-13      0.00 8.658e-01 1.341e-01 2.465e-05 6.792e-06 6.215e-05 -1.000 1.217e-04 4.064 4.802 4.289 4.078 4.042 4.063 4.079
0.00021956 -1.85000 10.08636 0.7669957876 2.4066085317    0.766  0.336  3.8129  4.190    1  0.000  0.529     0.00     0.00     0.00     0.00     0.00 -1 -2.47e-13      0.00 8.650e-01 1.349e-01 2.484e-05 6.846e-06 6.264e-05 -1.000 1.235e-04 3.931 4.663 4.149 3.945 3.912 3.934 3.950
0.00021956 -1.85000 10.08636 0.7708104849 2.4080699967    0.770  0.375  3.8135  4.155    1  0.000  0.529     0.00     0.00     0.00     0.00     0.00 -1 -2.83e-13      0.00 8.641e-01 1.358e-01 2.502e-05 6.895e-06 6.309e-05 -1.000 1.248e-04 3.833 4.561 4.048 3.846 3.815 3.837 3.853
0.00021956 -1.85000 10.08636 0.7720258236 2.4085321231    0.771  0.389  3.8134  4.142    1  0.000  0.529     0.00     0.00     0.00     0.00     0.00 -1 -2.97e-13      0.00 8.638e-01 1.361e-01 2.507e-05 6.910e-06 6.323e-05 -1.000 1.249e-04 3.798 4.526 4.013 3.811 3.779 3.801 3.818
0.00021956 -1.85000 10.08636 0.7767313123 2.4103056871    0.776  0.446  3.8119  4.081    1  0.000  0.529     0.00     0.00     0.00     0.00     0.00 -1  -3.6e-13      0.00 8.627e-01 1.372e-01 2.529e-05 6.971e-06 6.379e-05 -1.000 1.259e-04 3.655 4.387 3.870 3.665 3.632 3.653 3.669
0.00021956 -1.85000 10.08636 0.7802898884 2.4116306400    0.779  0.496  3.8089  4.021    1  0.000  0.529     0.00     0.00     0.00     0.00     0.00 -1 -4.31e-13      0.00 8.619e-01 1.380e-01 2.546e-05 7.017e-06 6.421e-05 -1.000 1.266e-04 3.531 4.271 3.750 3.537 3.500 3.518 3.533
0.00021956 -1.85000 10.08636 0.7808949351 2.4118545341    0.780  0.505  3.8082  4.010    1  0.000  0.529     0.00     0.00     0.00     0.00     0.00 -1 -4.48e-13      0.00 8.617e-01 1.382e-01 2.548e-05 7.024e-06 6.428e-05 -1.000 1.267e-04 3.507 4.251 3.729 3.513 3.475 3.492 3.507
0.00021956 -1.85000 10.08636 0.7815263867 2.4120877742    0.780  0.516  3.8071  3.995    2  0.000  0.529     0.00     0.00     0.00     0.00     0.00 -1 -4.68e-13      0.00 8.616e-01 1.383e-01 2.551e-05 7.032e-06 6.435e-05 -1.000 1.269e-04 3.481 4.228 3.705 3.486 3.446 3.462 3.476
0.00021956 -1.85000 10.08636 0.7836511731 2.4128694356    0.782  0.554  3.8021  3.938    2  0.000  0.529     0.00     0.00     0.00     0.00     0.00 -1 -5.42e-13      0.00 8.611e-01 1.388e-01 2.561e-05 7.059e-06 6.460e-05 -1.000 1.273e-04 3.385 4.149 3.618 3.384 3.337 3.348 3.361
0.00021956 -1.85000 10.08636 0.7852781415 2.4134646736    0.784  0.589  3.7959  3.879    2  0.000  0.529     0.00     0.00     0.00     0.00     0.00 -1 -6.28e-13      0.00 8.606e-01 1.393e-01 2.572e-05 7.088e-06 6.487e-05 -1.000 1.276e-04 3.298 4.087 3.545 3.292 3.235 3.241 3.251
0.00021956 -1.85000 10.08636 0.7865532041 2.4139291856    0.785  0.620  3.7885  3.819    2  0.000  0.529     0.00     0.00     0.00     0.00     0.00 -1 -7.23e-13      0.00 8.597e-01 1.402e-01 2.593e-05 7.147e-06 6.540e-05 -1.000 1.405e-04 3.219 4.039 3.484 3.207 3.139 3.137 3.145
0.00021956 -1.85000 10.08636 0.7875816226 2.4143025839    0.786  0.649  3.7803  3.758    2  0.000  0.529     0.00     0.00     0.00     0.00     0.00 -1 -8.27e-13      0.00 8.536e-01 1.463e-01 2.707e-05 7.457e-06 6.821e-05 -1.000 1.499e-04 3.148 4.006 3.433 3.130 3.049 3.039 3.044
0.00021956 -1.85000 10.08636 0.7884446979 2.4146150851    0.787  0.675  3.7723  3.700    2  0.000  0.530     0.00     0.00     0.00     0.00     0.00 -1 -9.39e-13      0.00 8.360e-01 1.639e-01 2.965e-05 8.154e-06 7.448e-05 -1.000 1.555e-04 3.083 3.985 3.389 3.059 2.966 2.947 2.949
0.00021956 -1.85000 10.08636 0.7892063856 2.4148902231    0.788  0.701  3.7646  3.644    2  0.000  0.533     0.00     0.00     0.00     0.00     0.00 -1 -6.15e-13      0.00 8.090e-01 1.908e-01 3.312e-05 9.085e-06 8.281e-05 -1.000 1.796e-04 3.017 3.964 3.344 2.988 2.883 2.857 2.856
0.00021956 -1.85000 10.08636 0.7898821831 2.4151338249    0.788  0.731  3.7577  3.587    2  0.000  0.535     0.00     0.00     0.00     0.00     0.00 -1 -5.31e-13      0.00 7.913e-01 2.085e-01 3.541e-05 9.695e-06 8.825e-05 -1.000 1.610e-04 2.944 3.934 3.291 2.912 2.796 2.763 2.759
0.00021956 -1.85000 10.08636 0.7905516624 2.4153746770    0.789  0.769  3.7514  3.524    2  0.000  0.536     0.00     0.00     0.00     0.00     0.00 -1 -6.55e-13      0.00 7.805e-01 2.193e-01 3.681e-05 1.007e-05 9.160e-05 -1.000 2.125e-04 2.848 3.882 3.216 2.815 2.689 2.649 2.643
0.00021956 -1.85000 10.08636 0.7910801768 2.4155644844    0.789  0.806  3.7472  3.470    2  0.000  0.536     0.00     0.00     0.00     0.00     0.00 -1 -7.93e-13      0.00 7.752e-01 2.246e-01 3.750e-05 1.026e-05 9.327e-05 -1.000 2.248e-04 2.754 3.817 3.135 2.719 2.587 2.543 2.535
0.00021956 -1.85000 10.08636 0.7914415002 2.4156940801    0.790  0.836  3.7447  3.431    2  0.000  0.536     0.00     0.00     0.00     0.00     0.00 -1 -9.13e-13      0.00 7.724e-01 2.274e-01 3.786e-05 1.035e-05 9.412e-05 -1.000 2.204e-04 2.681 3.763 3.071 2.646 2.509 2.463 2.453
0.00021956 -1.85000 10.08636 0.7916062474 2.4157531247    0.790  0.850  3.7437  3.412    3  0.000  0.536     0.00     0.00     0.00     0.00     0.00 -1 -9.81e-13      0.00 7.715e-01 2.284e-01 3.798e-05 1.039e-05 9.442e-05 -1.000 1.487e-04 2.644 3.733 3.037 2.609 2.471 2.423 2.413
0.00021956 -1.85000 10.08636 0.7920483947 2.4159114487    0.790  0.892  3.7415  3.361    3  0.000  0.537     0.00     0.00     0.00     0.00     0.00 -1 -1.18e-12      0.00 7.689e-01 2.308e-01 3.828e-05 1.046e-05 9.513e-05 -1.000 2.296e-04 2.539 3.644 2.939 2.504 2.362 2.312 2.301
0.00021956 -1.85000 10.08636 0.7925320268 2.4160843949    0.791  0.942  3.7392  3.302    3  0.000  0.537     0.00     0.00     0.00     0.00     0.00 -1 -1.47e-12      0.00 7.666e-01 2.332e-01 3.853e-05 1.053e-05 9.572e-05 -1.000 2.255e-04 2.414 3.537 2.822 2.380 2.234 2.181 2.169
0.00021956 -1.85000 10.08636 0.7929427624 2.4162310829    0.791  0.987  3.7375  3.250    3  0.000  0.537     0.00     0.00     0.00     0.00     0.00 -1 -1.78e-12      0.00 7.648e-01 2.350e-01 3.870e-05 1.058e-05 9.615e-05 -1.000 2.252e-04 2.301 3.438 2.715 2.267 2.119 2.064 2.051
0.00021956 -1.85000 10.08636 0.7933353782 2.4163711364    0.791  1.034  3.7358  3.198    3  0.000  0.537     0.00     0.00     0.00     0.00     0.00 -1 -2.17e-12      0.00 7.632e-01 2.366e-01 3.884e-05 1.062e-05 9.648e-05 -1.000 2.303e-04 2.186 3.335 2.606 2.153 2.002 1.945 1.932
0.00021956 -1.85000 10.08636 0.7937341928 2.4165132381    0.792  1.084  3.7342  3.141    3  0.000  0.537     0.00     0.00     0.00     0.00     0.00 -1 -2.69e-12      0.00 7.615e-01 2.383e-01 3.897e-05 1.065e-05 9.680e-05 -1.000 2.303e-04 2.061 3.223 2.486 2.028 1.875 1.816 1.802
0.00021956 -1.85000 10.08636 0.7941007614 2.4166437053    0.792  1.134  3.7327  3.086    3  0.000  0.537     0.00     0.00     0.00     0.00     0.00 -1 -3.31e-12      0.00 7.600e-01 2.397e-01 3.906e-05 1.068e-05 9.705e-05 -1.000 2.291e-04 1.936 3.110 2.367 1.904 1.748 1.688 1.673
0.00021956 -1.85000 10.08636 0.7944298983 2.4167607322    0.792  1.182  3.7312  3.031    3  0.000  0.536     0.00     0.00     0.00     0.00     0.00 -1 -4.04e-12      0.00 7.587e-01 2.411e-01 3.912e-05 1.071e-05 9.724e-05 -1.000 2.258e-04 1.815 3.000 2.250 1.783 1.625 1.564 1.547
0.00021956 -1.85000 10.08636 0.7947177291 2.4168629810    0.792  1.228  3.7298  2.980    3  0.000  0.536     0.00     0.00     0.00     0.00     0.00 -1 -4.88e-12      0.00 7.576e-01 2.422e-01 3.915e-05 1.073e-05 9.740e-05 -1.000 2.244e-04 1.699 2.895 2.140 1.668 1.509 1.445 1.428
0.00021956 -1.85000 10.08636 0.7949981689 2.4169625223    0.792  1.277  3.7283  2.925    3  0.000  0.535     0.00     0.00     0.00     0.00     0.00 -1 -5.95e-12      0.00 7.565e-01 2.433e-01 3.915e-05 1.076e-05 9.753e-05 -1.000 2.303e-04 1.577 2.786 2.023 1.547 1.385 1.319 1.302
0.00021956 -1.85000 10.08636 0.7952672243 2.4170579469    0.792  1.329  3.7268  2.867    3  0.000  0.534     0.00     0.00     0.00     0.00     0.00 -1  -7.3e-12      0.00 7.555e-01 2.442e-01 3.911e-05 1.080e-05 9.763e-05 -1.000 2.269e-04 1.448 2.670 1.900 1.419 1.255 1.188 1.169
0.00021956 -1.85000 10.08636 0.7954928279 2.4171379034    0.793  1.376  3.7252  2.814    3  0.000  0.533     0.00     0.00     0.00     0.00     0.00 -1  -8.8e-12      0.00 7.547e-01 2.451e-01 3.906e-05 1.085e-05 9.771e-05 -1.000 2.188e-04 1.331 2.566 1.789 1.303 1.136 1.067 1.048
0.00021956 -1.85000 10.08636 0.7956986427 2.4172108011    0.793  1.422  3.7237  2.762    3  0.000  0.532     0.00     0.00     0.00     0.00     0.00 -1 -1.06e-11      0.00 7.541e-01 2.457e-01 3.900e-05 1.090e-05 9.778e-05 -1.000 2.272e-04 1.214 2.462 1.677 1.187 1.018 0.947 0.927
0.00021956 -1.85000 10.08636 0.7958922386 2.4172793314    0.793  1.470  3.7222  2.708    3  0.000  0.531     0.00     0.00     0.00     0.00     0.00 -1 -1.28e-11      0.00 7.536e-01 2.462e-01 3.894e-05 1.095e-05 9.783e-05 -1.000 2.306e-04 1.094 2.354 1.563 1.068 0.896 0.824 0.803
0.00021956 -1.85000 10.08636 0.7960633636 2.4173398754    0.793  1.517  3.7206  2.655    3  0.000  0.530     0.00     0.00     0.00     0.00     0.00 -1 -1.53e-11      0.00 7.532e-01 2.466e-01 3.888e-05 1.101e-05 9.787e-05 -1.000 2.306e-04 0.978 2.251 1.453 0.952 0.778 0.704 0.682
0.00021956 -1.85000 10.08636 0.7962261438 2.4173974392    0.793  1.565  3.7190  2.599    3  0.000  0.529     0.00     0.00     0.00     0.00     0.00 -1 -1.85e-11      0.00 7.529e-01 2.469e-01 3.883e-05 1.105e-05 9.790e-05 -1.000 2.306e-04 0.856 2.144 1.338 0.832 0.655 0.579 0.557
0.00021956 -1.85000 10.08636 0.7963696122 2.4174481514    0.793  1.612  3.7174  2.546    3  0.000  0.529     0.00     0.00     0.00     0.00     0.00 -1 -2.22e-11      0.00 7.527e-01 2.470e-01 3.881e-05 1.107e-05 9.791e-05 -1.000 2.306e-04 0.739 2.042 1.227 0.716 0.537 0.459 0.436
0.00021956 -1.85000 10.08636 0.7964972854 2.4174932627    0.792  1.658  3.7157  2.494    3  0.000  0.529     0.00     0.00     0.00     0.00     0.00 -1 -2.64e-11      0.00 7.526e-01 2.471e-01 3.879e-05 1.109e-05 9.791e-05 -1.000 2.302e-04 0.626 1.944 1.121 0.604 0.423 0.343 0.318
0.00021956 -1.85000 10.08636 0.7966189384 2.4175362315    0.792  1.705  3.7140  2.440    3  0.000  0.529     0.00     0.00     0.00     0.00     0.00 -1 -3.16e-11      0.00 7.526e-01 2.472e-01 3.879e-05 1.109e-05 9.792e-05 -1.000 2.299e-04 0.508 1.844 1.010 0.487 0.302 0.220 0.195
0.00021956 -1.85000 10.08636 0.7967291474 2.4175751450    0.792  1.752  3.7124  2.387    3  0.000  0.529     0.00     0.00     0.00     0.00     0.00 -1 -3.78e-11      0.00 7.526e-01 2.472e-01 3.879e-05 1.109e-05 9.792e-05 -1.000 2.299e-04 0.391 1.745 0.901 0.371 0.183 0.100 0.074
0.00021956 -1.85000 10.08636 0.7968261242 2.4176093762    0.792  1.796  3.7106  2.335    3  0.000  0.529     0.00     0.00     0.00     0.00     0.00 -1 -4.48e-11      0.00 7.526e-01 2.472e-01 3.879e-05 1.110e-05 9.793e-05 -1.000 2.299e-04 0.279 1.652 0.796 0.260 0.069 -0.016 -0.043
0.00021956 -1.85000 10.08636 0.7969152331 2.4176408218    0.792  1.841  3.7089  2.283    3  0.000  0.529     0.00     0.00     0.00     0.00     0.00 -1 -9.79e-12      0.00 7.526e-01 2.472e-01 3.879e-05 1.110e-05 9.793e-05 -1.000 2.299e-04 0.168 1.561 0.693 0.149 -0.044 -0.132 -0.159
0.00021956 -1.85000 10.08636 0.7970014215 2.4176712289    0.791  1.888  3.7072  2.229    3  0.000  0.529     0.00     0.00     0.00     0.00     0.00 -1  -5.8e-12      0.00 7.526e-01 2.472e-01 3.879e-05 1.110e-05 9.793e-05 -1.000 2.299e-04 0.051 1.465 0.584 0.034 -0.162 -0.252 -0.281
0.00021956 -1.85000 10.08636 0.7970769405 2.4176978658    0.791  1.932  3.7054  2.178    3  0.000  0.529     0.00     0.00     0.00     0.00     0.00 -1 -7.22e-12      0.00 7.526e-01 2.472e-01 3.879e-05 1.110e-05 9.793e-05 -1.000 2.299e-04 -0.060 1.375 0.482 -0.076 -0.275 -0.368 -0.397
0.00021956 -1.85000 10.08636 0.7971463799 2.4177223532    0.791  1.977  3.7036  2.126    3  0.000  0.529     0.00     0.00     0.00     0.00     0.00 -1 -8.95e-12      0.00 7.526e-01 2.472e-01 3.879e-05 1.110e-05 9.793e-05 -1.000 2.300e-04 -0.171 1.286 0.380 -0.186 -0.388 -0.482 -0.513
0.00021956 -1.85000 10.08636 0.7972121239 2.4177455328    0.791  2.022  3.7018  2.073    3  0.000  0.529     0.00     0.00     0.00     0.00     0.00 -1 -1.11e-11      0.00 7.526e-01 2.472e-01 3.879e-05 1.110e-05 9.793e-05 -1.000 2.300e-04 -0.285 1.194 0.275 -0.298 -0.503 -0.600 -0.631
0.00021956 -1.85000 10.08636 0.7972700000 2.4177659348    0.790  2.064  3.6999  2.023    3  0.000  0.529     0.00     0.00     0.00     0.00     0.00 -1 -1.35e-11      0.00 7.526e-01 2.472e-01 3.879e-05 1.110e-05 9.793e-05 -1.000 2.300e-04 -0.391 1.112 0.180 -0.402 -0.610 -0.709 -0.742
0.00021956 -1.85000 10.08636 0.7973257303 2.4177855772    0.790  2.107  3.6981  1.973    3  0.000  0.529     0.00     0.00     0.00     0.00     0.00 -1 -1.65e-11      0.00 7.526e-01 2.472e-01 3.879e-05 1.110e-05 9.793e-05 -1.000 2.300e-04 -0.498 1.029 0.082 -0.507 -0.719 -0.820 -0.854
0.00021956 -1.85000 10.08636 0.7973836064 2.4178059725    0.789  2.151  3.6964  1.921    3  0.000  0.529     0.00     0.00     0.00     0.00     0.00 -1 -2.03e-11      0.00 7.525e-01 2.472e-01 3.879e-05 1.110e-05 9.794e-05 -1.000 2.300e-04 -0.608 0.946 -0.017 -0.615 -0.831 -0.934 -0.969
0.00021956 -1.85000 10.08636 0.7974352837 2.4178241805    0.789  2.175  3.6954  1.894    3  0.000  0.529     0.00     0.00     0.00     0.00     0.00 -1 -2.31e-11      0.00 7.525e-01 2.472e-01 3.879e-05 1.110e-05 9.794e-05 -1.000 2.300e-04 -0.667 0.902 -0.071 -0.673 -0.891 -0.995 -1.030
0.00021956 -1.85000 10.08636 0.7974681258 2.4178357507    0.788  2.165  3.6961  1.906    3  0.000  0.529     0.00     0.00     0.00     0.00     0.00 -1 -2.32e-11      0.00 7.525e-01 2.472e-01 3.879e-05 1.110e-05 9.794e-05 -1.000 2.300e-04 -0.643 0.916 -0.051 -0.650 -0.866 -0.970 -1.004
0.00021956 -1.85000 10.08636 0.7974756956 2.4178384173    0.788  2.173  3.6957  1.896    3  0.000  0.529     0.00     0.00     0.00     0.00     0.00 -1  -2.4e-11      0.00 7.525e-01 2.472e-01 3.879e-05 1.110e-05 9.794e-05 -1.000 2.301e-04 -0.663 0.902 -0.069 -0.670 -0.886 -0.990 -1.025
0.00021956 -1.85000 10.08636 0.7975143790 2.4178520437    0.788  2.216  3.6938  1.846    3  0.000  0.529     0.00     0.00     0.00     0.00     0.00 -1 -2.86e-11      0.00 7.525e-01 2.472e-01 3.879e-05 1.110e-05 9.794e-05 -1.000 2.300e-04 -0.769 0.825 -0.163 -0.774 -0.994 -1.101 -1.137
0.00021956 -1.85000 10.08636 0.7975502014 2.4178646609    0.787  2.257  3.6920  1.797    3  0.000  0.529     0.00     0.00     0.00     0.00     0.00 -1 -3.41e-11      0.00 7.525e-01 2.472e-01 3.879e-05 1.110e-05 9.794e-05 -1.000 2.301e-04 -0.873 0.749 -0.256 -0.875 -1.099 -1.208 -1.245
0.00021956 -1.85000 10.08636 0.7975845933 2.4178767731    0.787  2.299  3.6900  1.746    3  0.000  0.529     0.00     0.00     0.00     0.00     0.00 -1 -4.08e-11      0.00 7.525e-01 2.472e-01 3.878e-05 1.110e-05 9.794e-05 -1.000 2.300e-04 -0.979 0.674 -0.350 -0.979 -1.206 -1.318 -1.356
0.00021956 -1.85000 10.08636 0.7976136208 2.4178869950    0.786  2.338  3.6882  1.701    3  0.000  0.529     0.00     0.00     0.00     0.00     0.00 -1 -4.79e-11      0.00 7.525e-01 2.472e-01 3.878e-05 1.110e-05 9.794e-05 -1.000 2.301e-04 -1.074 0.608 -0.433 -1.071 -1.302 -1.416 -1.455
0.00021956 -1.85000 10.08636 0.7976415753 2.4178968384    0.786  2.377  3.6864  1.654    3  0.000  0.529     0.00     0.00     0.00     0.00     0.00 -1 -5.65e-11      0.00 7.525e-01 2.472e-01 3.878e-05 1.110e-05 9.794e-05 -1.000 2.301e-04 -1.172 0.541 -0.519 -1.166 -1.401 -1.517 -1.558
0.00021956 -1.85000 10.08636 0.7976664901 2.4179056106    0.785  2.414  3.6845  1.609    3  0.000  0.529     0.00     0.00     0.00     0.00     0.00 -1 -6.59e-11      0.00 7.525e-01 2.472e-01 3.878e-05 1.110e-05 9.794e-05 -1.000 2.301e-04 -1.265 0.487 -0.598 -1.258 -1.495 -1.614 -1.656
0.00021956 -1.85000 10.08636 0.7976897955 2.4179138157    0.784  2.451  3.6827  1.564    3  0.000  0.529     0.00     0.00     0.00     0.00     0.00 -1 -7.69e-11      0.00 7.525e-01 2.472e-01 3.878e-05 1.110e-05 9.794e-05 -1.000 2.301e-04 -1.358 0.439 -0.678 -1.350 -1.591 -1.712 -1.754
0.00021956 -1.85000 10.08636 0.7977115512 2.4179214747    0.783  2.488  3.6809  1.519    3  0.000  0.529     0.00     0.00     0.00     0.00     0.00 -1 -8.94e-11      0.00 7.525e-01 2.473e-01 3.878e-05 1.110e-05 9.794e-05 -1.000 2.301e-04 -1.451 0.393 -0.756 -1.442 -1.686 -1.810 -1.853
0.00021956 -1.85000 10.08636 0.7977356315 2.4179299515    0.782  2.533  3.6787  1.466    3  0.000  0.529     7.16     5.65     4.01     3.10     2.51  3 -1.07e-10      0.00 7.525e-01 2.473e-01 3.878e-05 1.110e-05 9.794e-05 -1.000 2.301e-04 -1.562 0.347 -0.846 -1.550 -1.800 -1.926 -1.971
0.00021956 -1.85000 10.08636 0.7977538705 2.4179363716    0.782  2.568  3.6769  1.422    3  0.000  0.529     7.84     6.11     4.32     3.34     2.70  3 -1.24e-10      0.00 7.525e-01 2.473e-01 3.878e-05 1.110e-05 9.794e-05 -1.000 2.301e-04 -1.651 0.313 -0.917 -1.638 -1.891 -2.020 -2.066
0.00021956 -1.85000 10.08636 0.7977740169 2.4179434627    0.781  2.610  3.6747  1.371    3  0.000  0.529     8.74     6.70     4.71     3.66     2.96  3 -1.46e-10      0.00 7.525e-01 2.473e-01 3.878e-05 1.110e-05 9.794e-05 -1.000 2.301e-04 -1.756 0.281 -0.999 -1.740 -1.999 -2.131 -2.178
0.00021956 -1.85000 10.08636 0.7977926135 2.4179500080    0.779  2.652  3.6725  1.319    3  0.000  0.529     9.74     7.35     5.15     4.00     3.24  3 -1.73e-10      0.00 7.525e-01 2.473e-01 3.878e-05 1.110e-05 9.794e-05 -1.000 2.301e-04 -1.861 0.254 -1.078 -1.843 -2.107 -2.242 -2.290
0.00021956 -1.85000 10.08636 0.7978104353 2.4179562803    0.778  2.695  3.6702  1.266    3  0.000  0.529    10.90     8.09     5.64     4.39     3.55  3 -2.05e-10      0.00 7.525e-01 2.473e-01 3.878e-05 1.110e-05 9.794e-05 -1.000 2.301e-04 -1.968 0.233 -1.157 -1.947 -2.218 -2.356 -2.406
0.00021956 -1.85000 10.08636 0.7978252172 2.4179614824    0.777  2.734  3.6680  1.219    3  0.000  0.529    12.04     8.81     6.12     4.77     3.86  3 -2.38e-10      0.00 7.525e-01 2.473e-01 3.878e-05 1.110e-05 9.794e-05 -1.000 2.301e-04 -2.064 0.221 -1.224 -2.039 -2.315 -2.456 -2.508
0.00021956 -1.85000 10.08636 0.7978399992 2.4179666843    0.775  2.774  3.6658  1.168    3  0.000  0.529    13.40     9.65     6.68     5.21     4.22  2  -2.8e-10      0.00 7.525e-01 2.473e-01 3.878e-05 1.110e-05 9.794e-05 -1.000 2.301e-04 -2.166 0.212 -1.295 -2.136 -2.419 -2.564 -2.617
0.00021956 -1.85000 10.08636 0.7978529334 2.4179712359    0.774  2.813  3.6636  1.120    3  0.000  0.529    14.83    10.52     7.25     5.66     4.59  2 -3.26e-10      0.00 7.525e-01 2.473e-01 3.878e-05 1.110e-05 9.794e-05 -1.000 2.300e-04 -2.261 0.214 -1.357 -2.227 -2.517 -2.665 -2.720
0.00021956 -1.85000 10.08636 0.7978649735 2.4179754726    0.772  2.850  3.6615  1.073    3  0.000  0.529    16.38    11.45     7.86     6.15     4.98  2 -3.77e-10      0.00 7.525e-01 2.473e-01 3.878e-05 1.110e-05 9.795e-05 -1.000 2.301e-04 -2.356 0.219 -1.417 -2.317 -2.613 -2.765 -2.821
0.00021956 -1.85000 10.08636 0.7978762388 2.4179794365    0.770  2.888  3.6592  1.026    3  0.000  0.529    18.10    12.46     8.52     6.68     5.41  2 -4.37e-10      0.00 7.525e-01 2.473e-01 3.878e-05 1.110e-05 9.795e-05 -1.000 2.301e-04 -2.449 0.234 -1.473 -2.405 -2.709 -2.864 -2.922
0.00021956 -1.85000 10.08636 0.7978861928 2.4179829389    0.768  2.923  3.6572  0.981    3  0.000  0.529    19.88    13.50     9.20     7.21     5.85  2 -5.01e-10      0.00 7.525e-01 2.473e-01 3.878e-05 1.110e-05 9.795e-05 -1.000 2.301e-04 -2.538 0.240 -1.525 -2.486 -2.797 -2.956 -3.016
0.00021956 -1.85000 10.08636 0.7978958488 2.4179863364    0.766  2.959  3.6551  0.935    3  0.000  0.529    21.91    14.66     9.95     7.82     6.34  2 -5.77e-10      0.00 7.525e-01 2.473e-01 3.878e-05 1.110e-05 9.795e-05 -1.000 2.301e-04 -2.629 0.231 -1.580 -2.567 -2.886 -3.050 -3.111
0.00021956 -1.85000 10.08636 0.7979043722 2.4179893353    0.764  2.993  3.6530  0.892    3  0.000  0.529    24.01    15.85    10.72     8.43     6.83  1 -6.59e-10      0.00 7.525e-01 2.473e-01 3.878e-05 1.110e-05 9.795e-05 -1.000 2.300e-04 -2.713 0.226 -1.630 -2.642 -2.969 -3.137 -3.200
0.00021956 -1.85000 10.08636 0.7979122996 2.4179921245    0.762  3.026  3.6510  0.850    3  0.000  0.529    26.24    17.09    11.52     9.07     7.35  1  -7.5e-10      0.00 7.525e-01 2.473e-01 3.878e-05 1.110e-05 9.795e-05 -1.000 2.301e-04 -2.796 0.220 -1.679 -2.716 -3.050 -3.222 -3.287
0.00021956 -1.85000 10.08636 0.7979201674 2.4179948926    0.760  3.061  3.6488  0.805    3  0.000  0.529    28.83    18.51    12.43     9.80     7.95  1 -8.58e-10      0.00 7.525e-01 2.473e-01 3.878e-05 1.110e-05 9.795e-05 -1.000 2.301e-04 -2.882 0.215 -1.729 -2.792 -3.134 -3.310 -3.377
0.00021956 -1.85000 10.08636 0.7979267836 2.4179972202    0.758  3.091  3.6469  0.765    3  0.000  0.529    31.34    19.87    13.30    10.50     8.51  1 -9.66e-10      0.00 7.525e-01 2.473e-01 3.878e-05 1.110e-05 9.795e-05 -1.000 2.301e-04 -2.959 0.212 -1.772 -2.858 -3.208 -3.388 -3.456
0.00021956 -1.85000 10.08636 0.7979335785 2.4179996108    0.755  3.125  3.6449  0.723    3  0.000  0.529    34.28    21.44    14.30    11.30     9.17  1  -1.1e-09      0.00 7.525e-01 2.473e-01 3.878e-05 1.110e-05 9.795e-05 -1.000 2.302e-04 -3.041 0.205 -1.820 -2.931 -3.288 -3.472 -3.542
0.00021956 -1.85000 10.08636 0.7979397178 2.4180017706    0.752  3.156  3.6429  0.682    3  0.000  0.529    37.35    23.06    15.33    12.13     9.84  1 -1.24e-09      0.00 7.525e-01 2.473e-01 3.878e-05 1.110e-05 9.795e-05 -1.000 2.301e-04 -3.119 0.205 -1.863 -2.998 -3.363 -3.551 -3.623
0.00021956 -1.85000 10.08636 0.7979454994 2.4180038046    0.749  3.186  3.6409  0.642    3  0.000  0.529    40.66    24.78    16.42    13.00    10.55  1  -1.4e-09      0.00 7.525e-01 2.473e-01 3.878e-05 1.110e-05 9.795e-05 -1.000 2.302e-04 -3.196 0.205 -1.903 -3.063 -3.437 -3.629 -3.702
0.00021956 -1.85000 10.08636 0.7979510427 2.4180057547    0.746  3.217  3.6390  0.602    3  0.000  0.529    44.21    26.60    17.57    13.93    11.31  1 -1.57e-09      0.00 7.525e-01 2.473e-01 3.878e-05 1.110e-05 9.795e-05 -1.000 2.301e-04 -3.272 0.202 -1.943 -3.128 -3.509 -3.706 -3.781
0.00021956 -1.85000 10.08636 0.7979561090 2.4180075369    0.743  3.245  3.6371  0.564    3  0.000  0.529    47.89    28.46    18.74    14.87    12.07  1 -1.76e-09      0.00 7.525e-01 2.473e-01 3.878e-05 1.110e-05 9.795e-05 -1.000 2.301e-04 -3.344 0.203 -1.977 -3.188 -3.577 -3.777 -3.855
0.00021956 -1.85000 10.08636 0.7979617715 2.4180095289    0.739  3.276  3.6352  0.524    3  0.000  0.529    52.12    30.57    20.06    15.94    12.95  1    -2e-09      0.00 7.525e-01 2.473e-01 3.878e-05 1.110e-05 9.795e-05 -1.000 2.301e-04 -3.419 0.203 -2.014 -3.251 -3.648 -3.853 -3.932
0.00021956 -1.85000 10.08636 0.7979617715 2.4180095289    0.736  1.681  3.8707  3.058    4  0.000  0.530     0.00     0.00     0.00     0.00     0.00 -1    -1e-30      0.00 7.529e-01 2.469e-01 3.904e-05 1.109e-05 9.830e-05 -1.000 2.307e-04 0.567 1.041 0.542 0.583 0.677 0.722 0.751
0.00021956 -1.85000 10.08636 0.7979649901 2.4180106611    0.736  1.688  3.8672  3.038    4  0.000  0.530     0.00     0.00     0.00     0.00     0.00 -1    -1e-30      0.00 7.529e-01 2.469e-01 3.904e-05 1.109e-05 9.830e-05 -1.000 2.305e-04 0.550 1.033 0.532 0.561 0.649 0.693 0.722
0.00021956 -1.85000 10.08636 0.7980186939 2.4180295514    0.736  1.704  3.8600  2.993    4  0.000  0.530     0.00     0.00     0.00     0.00     0.00 -1    -1e-30      0.00 7.529e-01 2.469e-01 3.904e-05 1.109e-05 9.830e-05 -1.000 2.306e-04 0.511 1.012 0.507 0.511 0.587 0.628 0.655
0.00021956 -1.85000 10.08636 0.7980729938 2.4180486484    0.736  1.704  3.8608  2.996    4  0.000  0.530     0.00     0.00     0.00     0.00     0.00 -1    -1e-30      0.00 7.529e-01 2.469e-01 3.904e-05 1.109e-05 9.830e-05 -1.000 2.306e-04 0.509 1.009 0.504 0.511 0.588 0.629 0.656
0.00021956 -1.85000 10.08636 0.7981284857 2.4180681615    0.736  1.704  3.8618  3.000    4  0.000  0.530     0.00     0.00     0.00     0.00     0.00 -1    -1e-30      0.00 7.529e-01 2.469e-01 3.904e-05 1.109e-05 9.830e-05 -1.000 2.306e-04 0.509 1.005 0.501 0.512 0.591 0.633 0.660
0.00021956 -1.85000 10.08636 0.7981835604 2.4180875248    0.736  1.704  3.8630  3.005    4  0.000  0.530     0.00     0.00     0.00     0.00     0.00 -1    -1e-30      0.00 7.529e-01 2.469e-01 3.904e-05 1.109e-05 9.830e-05 -1.000 2.306e-04 0.509 1.002 0.499 0.514 0.595 0.637 0.665
0.00021956 -1.85000 10.08636 0.7982352376 2.4181056909    0.737  1.704  3.8642  3.010    4  0.000  0.530     0.00     0.00     0.00     0.00     0.00 -1    -1e-30      0.00 7.529e-01 2.469e-01 3.904e-05 1.109e-05 9.830e-05 -1.000 2.305e-04 0.510 1.000 0.497 0.516 0.599 0.642 0.670
0.00021956 -1.85000 10.08636 0.7982860804 2.4181235609    0.737  1.704  3.8653  3.014    4  0.000  0.530     0.00     0.00     0.00     0.00     0.00 -1    -1e-30      0.00 7.529e-01 2.469e-01 3.904e-05 1.109e-05 9.830e-05 -1.000 2.306e-04 0.510 0.997 0.495 0.518 0.603 0.646 0.674
0.00021956 -1.85000 10.08636 0.7983375192 2.4181416378    0.737  1.704  3.8663  3.019    4  0.000  0.530     0.00     0.00     0.00     0.00     0.00 -1    -1e-30      0.00 7.529e-01 2.469e-01 3.904e-05 1.109e-05 9.830e-05 -1.000 2.305e-04 0.511 0.995 0.494 0.520 0.607 0.651 0.679
0.00021956 -1.85000 10.08636 0.7983913422 2.4181605497    0.737  1.703  3.8672  3.023    4  0.000  0.530     0.00     0.00     0.00     0.00     0.00 -1    -1e-30      0.00 7.529e-01 2.469e-01 3.904e-05 1.109e-05 9.830e-05 -1.000 2.306e-04 0.512 0.993 0.492 0.522 0.611 0.654 0.683
0.00021956 -1.85000 10.08636 0.7984443903 2.4181791864    0.737  1.703  3.8677  3.025    4  0.000  0.530     0.00     0.00     0.00     0.00     0.00 -1    -1e-30      0.00 7.529e-01 2.469e-01 3.904e-05 1.109e-05 9.830e-05 -1.000 2.306e-04 0.512 0.992 0.491 0.523 0.612 0.656 0.685
0.00021956 -1.85000 10.08636 0.7984989882 2.4181983647    0.737  1.704  3.8679  3.026    4  0.000  0.530     0.00     0.00     0.00     0.00     0.00 -1    -1e-30      0.00 7.529e-01 2.469e-01 3.904e-05 1.109e-05 9.830e-05 -1.000 2.306e-04 0.511 0.991 0.490 0.523 0.613 0.656 0.685
0.00021956 -1.85000 10.08636 0.7985531688 2.4182173934    0.737  1.704  3.8678  3.024    4  0.000  0.530     0.00     0.00     0.00     0.00     0.00 -1    -1e-30      0.00 7.529e-01 2.469e-01 3.904e-05 1.109e-05 9.830e-05 -1.000 2.305e-04 0.510 0.990 0.489 0.521 0.611 0.655 0.683
0.00021956 -1.85000 10.08636 0.7986066937 2.4182361889    0.737  1.705  3.8671  3.021    4  0.000  0.530     0.00     0.00     0.00     0.00     0.00 -1    -1e-30      0.00 7.529e-01 2.469e-01 3.904e-05 1.109e-05 9.830e-05 -1.000 2.305e-04 0.508 0.990 0.489 0.519 0.607 0.651 0.679
0.00021956 -1.85000 10.08636 0.7986584902 2.4182543746    0.737  1.706  3.8659  3.015    4  0.000  0.530     0.00     0.00     0.00     0.00     0.00 -1    -1e-30      0.00 7.529e-01 2.469e-01 3.904e-05 1.109e-05 9.830e-05 -1.000 2.306e-04 0.506 0.991 0.489 0.515 0.601 0.644 0.672
0.00021956 -1.85000 10.08636 0.7986811399 2.4182623261    0.737  1.706  3.8653  3.013    4  0.000  0.530     0.00     0.00     0.00     0.00     0.00 -1    -1e-30      0.00 7.529e-01 2.469e-01 3.904e-05 1.109e-05 9.830e-05 -1.000 2.306e-04 0.505 0.991 0.489 0.513 0.598 0.641 0.669
0.00021956 -1.85000 10.08636 0.7986930609 2.4182665109    0.737  1.706  3.8648  3.010    4  0.000  0.530     0.00     0.00     0.00     0.00     0.00 -1    -1e-30      0.00 7.529e-01 2.469e-01 3.904e-05 1.109e-05 9.830e-05 -1.000 2.306e-04 0.504 0.992 0.489 0.511 0.595 0.638 0.666
0.00021956 -1.85000 10.08636 0.7987451553 2.4182847967    0.737  1.708  3.8626  3.000    4  0.000  0.530     0.00     0.00     0.00     0.00     0.00 -1    -1e-30      0.00 7.529e-01 2.469e-01 3.904e-05 1.109e-05 9.830e-05 -1.000 2.305e-04 0.500 0.994 0.490 0.504 0.585 0.627 0.654
0.00021956 -1.85000 10.08636 0.7987980247 2.4183033518    0.737  1.710  3.8597  2.987    4  0.000  0.530     0.00     0.00     0.00     0.00     0.00 -1    -1e-30      0.00 7.529e-01 2.469e-01 3.904e-05 1.109e-05 9.830e-05 -1.000 2.305e-04 0.495 0.997 0.492 0.496 0.571 0.612 0.638
0.00021956 -1.85000 10.08636 0.7988498807 2.4183215484    0.737  1.712  3.8563  2.970    4  0.000  0.530     0.00     0.00     0.00     0.00     0.00 -1    -1e-30      0.00 7.529e-01 2.469e-01 3.904e-05 1.109e-05 9.830e-05 -1.000 2.307e-04 0.489 1.001 0.494 0.487 0.555 0.594 0.620
0.00021956 -1.85000 10.08636 0.7989010215 2.4183394914    0.737  1.715  3.8523  2.952    4  0.000  0.530     0.00     0.00     0.00     0.00     0.00 -1    -1e-30      0.00 7.529e-01 2.469e-01 3.904e-05 1.109e-05 9.830e-05 -1.000 2.305e-04 0.483 1.006 0.497 0.476 0.538 0.575 0.600
0.00021956 -1.85000 10.08636 0.7989519835 2.4183573691    0.737  1.718  3.8476  2.930    4  0.000  0.530     0.00     0.00     0.00     0.00     0.00 -1    -1e-30      0.00 7.529e-01 2.469e-01 3.904e-05 1.109e-05 9.830e-05 -1.000 2.306e-04 0.475 1.012 0.501 0.464 0.517 0.552 0.576
0.00021956 -1.85000 10.08636 0.7990025282 2.4183750977    0.737  1.721  3.8424  2.906    4  0.000  0.530     0.00     0.00     0.00     0.00     0.00 -1    -1e-30      0.00 7.529e-01 2.469e-01 3.904e-05 1.109e-05 9.830e-05 -1.000 2.306e-04 0.467 1.020 0.506 0.451 0.494 0.526 0.549
0.00021956 -1.85000 10.08636 0.7990531921 2.4183928657    0.737  1.725  3.8367  2.879    4  0.000  0.530     0.00     0.00     0.00     0.00     0.00 -1    -1e-30      0.00 7.529e-01 2.469e-01 3.904e-05 1.109e-05 9.830e-05 -1.000 2.305e-04 0.457 1.029 0.511 0.437 0.469 0.499 0.520
0.00021956 -1.85000 10.08636 0.7990579605 2.4183945378    0.737  1.725  3.8361  2.877    4  0.000  0.530     0.00     0.00     0.00     0.00     0.00 -1    -1e-30      0.00 7.529e-01 2.469e-01 3.904e-05 1.109e-05 9.830e-05 -1.000 2.306e-04 0.456 1.030 0.512 0.436 0.467 0.496 0.517
0.00021956 -1.85000 10.08636 0.7990670800 2.4183977357    0.737  1.726  3.8350  2.871    4  0.000  0.530     0.00     0.00     0.00     0.00     0.00 -1    -1e-30      0.00 7.529e-01 2.469e-01 3.904e-05 1.109e-05 9.830e-05 -1.000 2.306e-04 0.454 1.032 0.513 0.433 0.462 0.490 0.512
0.00021956 -1.85000 10.08636 0.7991206050 2.4184165034    0.737  1.731  3.8283  2.840    4  0.000  0.530     0.00     0.00     0.00     0.00     0.00 -1    -1e-30      0.00 7.529e-01 2.469e-01 3.904e-05 1.109e-05 9.830e-05 -1.000 2.306e-04 0.443 1.044 0.520 0.417 0.434 0.459 0.478
0.00021956 -1.85000 10.08636 0.7991728783 2.4184348294    0.738  1.735  3.8218  2.810    4  0.000  0.530     0.00     0.00     0.00     0.00     0.00 -1    -1e-30      0.00 7.529e-01 2.469e-01 3.904e-05 1.109e-05 9.830e-05 -1.000 2.306e-04 0.432 1.057 0.527 0.402 0.408 0.428 0.445
0.00021956 -1.85000 10.08636 0.7992287278 2.4184544062    0.738  1.740  3.8143  2.775    4  0.000  0.530     0.00     0.00     0.00     0.00     0.00 -1    -1e-30      0.00 7.529e-01 2.469e-01 3.904e-05 1.109e-05 9.830e-05 -1.000 2.306e-04 0.419 1.073 0.536 0.385 0.377 0.392 0.407
0.00021956 -1.85000 10.08636 0.7992818952 2.4184730399    0.738  1.746  3.8069  2.739    4  0.000  0.530     0.00     0.00     0.00     0.00     0.00 -1    -1e-30      0.00 7.529e-01 2.469e-01 3.904e-05 1.109e-05 9.830e-05 -1.000 2.306e-04 0.405 1.091 0.545 0.368 0.347 0.356 0.369
0.00021956 -1.85000 10.08636 0.7993329167 2.4184909188    0.738  1.752  3.8006  2.709    4  0.000  0.530     0.00     0.00     0.00     0.00     0.00 -1    -1e-30      0.00 7.529e-01 2.469e-01 3.904e-05 1.109e-05 9.830e-05 -1.000 2.306e-04 0.391 1.107 0.553 0.353 0.320 0.325 0.335
0.00021956 -1.85000 10.08636 0.7993854880 2.4185093380    0.738  1.758  3.7939  2.676    4  0.000  0.530     0.00     0.00     0.00     0.00     0.00 -1    -1e-30      0.00 7.529e-01 2.469e-01 3.904e-05 1.109e-05 9.830e-05 -1.000 2.306e-04 0.376 1.125 0.560 0.336 0.291 0.290 0.299
0.00021956 -1.85000 10.08636 0.7994371057 2.4185274204    0.738  1.764  3.7880  2.647    4  0.000  0.530     0.00     0.00     0.00     0.00     0.00 -1    -1e-30      0.00 7.529e-01 2.469e-01 3.904e-05 1.109e-05 9.830e-05 -1.000 2.306e-04 0.361 1.140 0.566 0.320 0.265 0.259 0.266
0.00021956 -1.85000 10.08636 0.7994893193 2.4185457089    0.738  1.770  3.7826  2.619    4  0.000  0.530     0.00     0.00     0.00     0.00     0.00 -1    -1e-30      0.00 7.529e-01 2.469e-01 3.904e-05 1.109e-05 9.830e-05 -1.000 2.306e-04 0.345 1.153 0.570 0.304 0.240 0.229 0.233
0.00021956 -1.85000 10.08636 0.7995415330 2.4185639946    0.738  1.777  3.7775  2.591    4  0.000  0.530     0.00     0.00     0.00     0.00     0.00 -1    -1e-30      0.00 7.529e-01 2.469e-01 3.904e-05 1.109e-05 9.830e-05 -1.000 2.306e-04 0.328 1.165 0.571 0.287 0.213 0.198 0.200
0.00021956 -1.85000 10.08636 0.7995941639 2.4185824237    0.738  1.786  3.7720  2.560    4  0.000  0.530     0.00     0.00     0.00     0.00     0.00 -1    -1e-30      0.00 7.529e-01 2.469e-01 3.904e-05 1.109e-05 9.830e-05 -1.000 2.306e-04 0.305 1.176 0.567 0.264 0.181 0.160 0.161
0.00021956 -1.85000 10.08636 0.7996046543 2.4185860967    0.738  1.779  3.7744  2.577    4  0.000  0.530     0.00     0.00     0.00     0.00     0.00 -1    -1e-30      0.00 7.529e-01 2.469e-01 3.904e-05 1.109e-05 9.830e-05 -1.000 2.305e-04 0.323 1.178 0.576 0.282 0.202 0.184 0.185
0.00021956 -1.85000 10.08636 0.7996586561 2.4186050023    0.738  1.793  3.7675  2.535    4  0.000  0.530     0.00     0.00     0.00     0.00     0.00 -1    -1e-30      0.00 7.529e-01 2.469e-01 3.904e-05 1.109e-05 9.830e-05 -1.000 2.306e-04 0.288 1.186 0.566 0.247 0.156 0.131 0.129
0.00021956 -1.85000 10.08636 0.7997117639 2.4186235920    0.738  1.811  3.7610  2.491    4  0.000  0.530     0.00     0.00     0.00     0.00     0.00 -1    -1e-30      0.00 7.529e-01 2.469e-01 3.904e-05 1.109e-05 9.830e-05 -1.000 2.306e-04 0.243 1.183 0.546 0.203 0.101 0.069 0.065
0.00021956 -1.85000 10.08636 0.7997565269 2.4186392586    0.738  1.839  3.7530  2.431    4  0.000  0.530     0.00     0.00     0.00     0.00     0.00 -1    -1e-30      0.00 7.529e-01 2.469e-01 3.904e-05 1.109e-05 9.830e-05 -1.000 2.306e-04 0.172 1.166 0.505 0.133 0.017 -0.023 -0.030
0.00021956 -1.85000 10.08636 0.7997807860 2.4186477482    0.738  1.873  3.7452  2.366    4  0.000  0.530     0.00     0.00     0.00     0.00     0.00 -1    -1e-30      0.00 7.529e-01 2.469e-01 3.904e-05 1.109e-05 9.830e-05 -1.000 2.306e-04 0.087 1.139 0.450 0.049 -0.080 -0.128 -0.139
0.00021956 -1.85000 10.08636 0.7997917533 2.4186515861    0.738  1.909  3.7380  2.301    4  0.000  0.530     0.00     0.00     0.00     0.00     0.00 -1    -1e-30      0.00 7.529e-01 2.469e-01 3.904e-05 1.109e-05 9.830e-05 -1.000 2.306e-04 -0.003 1.105 0.388 -0.039 -0.180 -0.236 -0.249
0.00021956 -1.85000 10.08636 0.7997966409 2.4186532964    0.738  1.947  3.7317  2.238    4  0.000  0.530     0.00     0.00     0.00     0.00     0.00 -1    -1e-30      0.00 7.529e-01 2.469e-01 3.904e-05 1.109e-05 9.830e-05 -1.000 2.306e-04 -0.097 1.066 0.319 -0.132 -0.284 -0.346 -0.363
0.00021956 -1.85000 10.08636 0.7997989655 2.4186541098    0.738  1.984  3.7266  2.180    4  0.000  0.530     0.00     0.00     0.00     0.00     0.00 -1    -1e-30      0.00 7.529e-01 2.469e-01 3.904e-05 1.109e-05 9.830e-05 -1.000 2.306e-04 -0.191 1.021 0.247 -0.223 -0.384 -0.452 -0.471
0.00021956 -1.85000 10.08636 0.7997999191 2.4186544435    0.738  2.009  3.7237  2.144    7  0.000  0.530     0.00     0.00     0.00     0.00     0.00 -1    -1e-30      0.00 7.529e-01 2.469e-01 3.904e-05 1.109e-05 9.830e-05 -1.000 2.306e-04 -0.253 0.986 0.197 -0.284 -0.450 -0.521 -0.541
0.00021956 -1.85000 10.08636 0.7998009324 2.4186547981    0.738  2.048  3.7200  2.090    7  0.000  0.530     0.00     0.00     0.00     0.00     0.00 -1    -1e-30      0.00 7.529e-01 2.469e-01 3.904e-05 1.109e-05 9.830e-05 -1.000 2.306e-04 -0.350 0.925 0.116 -0.379 -0.552 -0.626 -0.649
0.00021956 -1.85000 10.08636 0.7998018265 2.4186551109    0.738  2.085  3.7168  2.040    7  0.000  0.530     0.00     0.00     0.00     0.00     0.00 -1    -1e-30      0.00 7.529e-01 2.469e-01 3.904e-05 1.109e-05 9.830e-05 -1.000 2.306e-04 -0.443 0.866 0.038 -0.471 -0.648 -0.727 -0.751
0.00021956 -1.85000 10.08636 0.7998027205 2.4186554238    0.738  2.119  3.7142  1.996    7  0.000  0.530     0.00     0.00     0.00     0.00     0.00 -1    -1e-30      0.00 7.529e-01 2.469e-01 3.904e-05 1.109e-05 9.830e-05 -1.000 2.306e-04 -0.527 0.811 -0.034 -0.553 -0.735 -0.817 -0.842
0.00021956 -1.85000 10.08636 0.7998036146 2.4186557366    0.738  2.144  3.7124  1.964    7  0.000  0.530     0.00     0.00     0.00     0.00     0.00 -1    -1e-30      0.00 7.529e-01 2.469e-01 3.904e-05 1.109e-05 9.830e-05 -1.000 2.306e-04 -0.589 0.770 -0.087 -0.615 -0.800 -0.884 -0.910
0.00021956 -1.85000 10.08636 0.7998049855 2.4186562164    0.738  2.171  3.7106  1.929    7  0.000  0.530     0.00     0.00     0.00     0.00     0.00 -1    -1e-30      0.00 7.529e-01 2.469e-01 3.904e-05 1.109e-05 9.830e-05 -1.000 2.306e-04 -0.658 0.723 -0.147 -0.683 -0.871 -0.957 -0.984
0.00021956 -1.85000 10.08636 0.7998075485 2.4186571132    0.738  2.152  3.7121  1.954    7  0.000  0.530     0.00     0.00     0.00     0.00     0.00 -1    -1e-30      0.00 7.529e-01 2.469e-01 3.904e-05 1.109e-05 9.830e-05 -1.000 2.306e-04 -0.611 0.753 -0.107 -0.636 -0.822 -0.906 -0.932
0.00021956 -1.85000 10.08636 0.7998117208 2.4186585731    0.738  2.124  3.7141  1.991    7  0.000  0.530     0.00     0.00     0.00     0.00     0.00 -1    -1e-30      0.00 7.529e-01 2.469e-01 3.904e-05 1.109e-05 9.830e-05 -1.000 2.306e-04 -0.539 0.800 -0.046 -0.565 -0.748 -0.830 -0.855
0.00021956 -1.85000 10.08636 0.7998372316 2.4186674993    0.738  2.148  3.7119  1.958    7  0.000  0.530     0.00     0.00     0.00     0.00     0.00 -1    -1e-30      0.00 7.529e-01 2.469e-01 3.904e-05 1.109e-05 9.830e-05 -1.000 2.306e-04 -0.600 0.765 -0.095 -0.625 -0.811 -0.896 -0.922
0.00021956 -1.85000 10.08636 0.7998526692 2.4186729006    0.738  2.180  3.7094  1.915    7  0.000  0.530     0.00     0.00     0.00     0.00     0.00 -1    -1e-30      0.00 7.529e-01 2.469e-01 3.904e-05 1.109e-05 9.830e-05 -1.000 2.306e-04 -0.681 0.714 -0.164 -0.704 -0.895 -0.983 -1.010
0.00021956 -1.85000 10.08636 0.7998714447 2.4186794694    0.738  2.223  3.7064  1.861    7  0.000  0.530     0.00     0.00     0.00     0.00     0.00 -1    -1e-30      0.00 7.529e-01 2.469e-01 3.904e-05 1.109e-05 9.830e-05 -1.000 2.306e-04 -0.787 0.649 -0.253 -0.807 -1.004 -1.095 -1.124
0.00021956 -1.85000 10.08636 0.7998906374 2.4186861838    0.738  2.274  3.7029  1.796    7  0.000  0.530     0.00     0.00     0.00     0.00     0.00 -1    -1e-30      0.00 7.529e-01 2.469e-01 3.904e-05 1.109e-05 9.830e-05 -1.000 2.306e-04 -0.915 0.567 -0.363 -0.933 -1.136 -1.231 -1.262
0.00021956 -1.85000 10.08636 0.7999078631 2.4186922098    0.738  2.320  3.6999  1.738    7  0.000  0.530     0.00     0.00     0.00     0.00     0.00 -1    -1e-30      0.00 7.529e-01 2.469e-01 3.903e-05 1.109e-05 9.830e-05 -1.000 2.306e-04 -1.030 0.492 -0.462 -1.045 -1.254 -1.353 -1.386
0.00021956 -1.85000 10.08636 0.7999230623 2.4186975265    0.738  2.363  3.6972  1.684    7  0.000  0.530     0.00     0.00     0.00     0.00     0.00 -1    -1e-30      0.00 7.529e-01 2.469e-01 3.903e-05 1.109e-05 9.830e-05 -1.000 2.137e-04 -1.138 0.424 -0.553 -1.150 -1.364 -1.466 -1.500
0.00021956 -1.85000 10.08636 0.7999365330 2.4187022385    0.738  2.406  3.6946  1.631    7  0.000  0.530     0.00     0.00     0.00     0.00     0.00 -1    -1e-30      0.00 7.530e-01 2.468e-01 3.900e-05 1.110e-05 9.830e-05 -1.000 2.086e-04 -1.245 0.357 -0.644 -1.253 -1.472 -1.578 -1.614
0.00021956 -1.85000 10.08636 0.7999483943 2.4187063873    0.738  2.448  3.6920  1.579    7  0.000  0.528     0.00     0.00     0.00     0.00     0.00 -1    -1e-30      0.00 7.530e-01 2.468e-01 3.889e-05 1.114e-05 9.830e-05 -1.000 2.087e-04 -1.349 0.291 -0.732 -1.355 -1.578 -1.687 -1.725
0.00021956 -1.85000 10.08636 0.7999588251 2.4187100357    0.738  2.489  3.6895  1.527    7  0.000  0.523     0.00     0.00     0.00     0.00     0.00 -1    -1e-30      0.00 7.529e-01 2.469e-01 3.855e-05 1.139e-05 9.830e-05 -1.000 2.104e-04 -1.452 0.227 -0.819 -1.454 -1.682 -1.795 -1.834
0.00021956 -1.85000 10.08636 0.7999684215 2.4187133921    0.738  2.530  3.6870  1.476    7  0.000  0.512     6.86     5.46     3.87     3.00     2.43  3    -1e-30      0.00 7.528e-01 2.469e-01 3.781e-05 1.214e-05 9.830e-05 -1.000 2.305e-04 -1.555 0.166 -0.905 -1.553 -1.786 -1.902 -1.943
0.00021956 -1.85000 10.08636 0.7999771237 2.4187164357    0.738  2.571  3.6844  1.425    7  0.000  0.498     7.65     5.99     4.23     3.28     2.66  3    -1e-30      0.00 7.528e-01 2.470e-01 3.684e-05 1.328e-05 9.831e-05 -1.000 2.306e-04 -1.658 0.117 -0.988 -1.653 -1.892 -2.011 -2.052
0.00021956 -1.85000 10.08636 0.7999852300 2.4187192708    0.738  2.612  3.6819  1.373    7  0.000  0.484     8.54     6.58     4.63     3.59     2.91  3    -1e-30      0.00 7.527e-01 2.470e-01 3.586e-05 1.448e-05 9.832e-05 -1.000 2.306e-04 -1.761 0.084 -1.070 -1.754 -1.998 -2.121 -2.164
0.00021956 -1.85000 10.08636 0.7999927998 2.4187219182    0.738  2.654  3.6793  1.322    7  0.000  0.472     9.54     7.22     5.06     3.94     3.18  3    -1e-30      0.00 7.526e-01 2.472e-01 3.497e-05 1.557e-05 9.832e-05 -1.000 1.830e-04 -1.865 0.057 -1.148 -1.856 -2.106 -2.231 -2.276
0.00021956 -1.85000 10.08636 0.8000000119 2.4187244405    0.738  2.695  3.6767  1.270    7  0.000  0.461    10.63     7.92     5.53     4.31     3.48  3    -1e-30      0.00 7.524e-01 2.474e-01 3.418e-05 1.653e-05 9.833e-05 -1.000 2.305e-04 -1.967 0.038 -1.224 -1.955 -2.211 -2.340 -2.387
0.00021956 -1.85000 10.08636 0.8000069261 2.4187268585    0.738  2.735  3.6741  1.219    7  0.000  0.452    11.85     8.69     6.03     4.71     3.81  2    -1e-30      0.00 7.523e-01 2.475e-01 3.350e-05 1.737e-05 9.832e-05 -1.000 2.306e-04 -2.068 0.025 -1.296 -2.054 -2.316 -2.449 -2.497
0.00021956 -1.85000 10.08636 0.8000135422 2.4187291722    0.738  2.776  3.6715  1.168    7  0.000  0.445    13.22     9.53     6.59     5.15     4.17  2    -1e-30      0.00 7.521e-01 2.477e-01 3.293e-05 1.807e-05 9.831e-05 -1.000 2.306e-04 -2.170 0.020 -1.366 -2.152 -2.421 -2.558 -2.608
0.00021956 -1.85000 10.08636 0.8000195026 2.4187312566    0.738  2.818  3.6688  1.115    7  0.000  0.438    14.79    10.49     7.22     5.65     4.57  2    -1e-30      0.00 7.519e-01 2.478e-01 3.241e-05 1.872e-05 9.828e-05 -1.000 2.306e-04 -2.275 0.021 -1.435 -2.253 -2.530 -2.670 -2.721
0.00021956 -1.85000 10.08636 0.8000244498 2.4187329866    0.738  2.859  3.6661  1.064    7  0.000  0.432    16.51    11.51     7.89     6.18     5.01  2    -1e-30      0.00 7.518e-01 2.480e-01 3.199e-05 1.924e-05 9.823e-05 -1.000 2.306e-04 -2.377 0.033 -1.498 -2.349 -2.634 -2.779 -2.832
0.00021956 -1.85000 10.08636 0.8000286818 2.4187344665    0.738  2.900  3.6633  1.011    7  0.000  0.428    18.45    12.66     8.64     6.78     5.49  2    -1e-30      0.00 7.516e-01 2.482e-01 3.162e-05 1.971e-05 9.813e-05 -1.000 2.306e-04 -2.481 0.053 -1.559 -2.447 -2.740 -2.889 -2.944
0.00021956 -1.85000 10.08636 0.8000322580 2.4187357171    0.738  2.940  3.6606  0.961    7  0.000  0.424    20.56    13.87     9.43     7.41     6.01  2    -1e-30      0.00 7.514e-01 2.484e-01 3.130e-05 2.013e-05 9.801e-05 -1.000 1.833e-04 -2.581 0.089 -1.611 -2.540 -2.843 -2.997 -3.054
0.00021956 -1.85000 10.08636 0.8000356555 2.4187369052    0.738  2.981  3.6578  0.909    7  0.000  0.421    22.95    15.23    10.31     8.11     6.58  1    -1e-30      0.00 7.512e-01 2.486e-01 3.104e-05 2.052e-05 9.786e-05 -1.000 2.305e-04 -2.682 0.134 -1.657 -2.632 -2.945 -3.104 -3.164
0.00021956 -1.85000 10.08636 0.8000390530 2.4187380932    0.738  3.024  3.6549  0.854    7  0.000  0.419    25.79    16.82    11.34     8.93     7.24  1    -1e-30      0.00 7.510e-01 2.488e-01 3.083e-05 2.086e-05 9.768e-05 -1.000 2.306e-04 -2.789 0.134 -1.717 -2.726 -3.050 -3.215 -3.277
0.00021956 -1.85000 10.08636 0.8000420928 2.4187391562    0.738  3.068  3.6517  0.797    7  0.000  0.418    29.14    18.65    12.52     9.88     8.01  1    -1e-30      0.00 7.508e-01 2.490e-01 3.064e-05 2.124e-05 9.747e-05 -1.000 2.306e-04 -2.901 0.136 -1.778 -2.823 -3.159 -3.330 -3.394
0.00021956 -1.85000 10.08636 0.8000431657 2.4187395313    0.738  3.084  3.6506  0.776    7  0.000  0.417    30.43    19.35    12.96    10.23     8.30  1    -1e-30      0.00 7.508e-01 2.490e-01 3.056e-05 2.142e-05 9.736e-05 -1.000 2.306e-04 -2.940 0.138 -1.799 -2.857 -3.197 -3.370 -3.436
0.00021956 -1.85000 10.08636 0.8000434041 2.4187396147    0.738  3.120  3.6479  0.730    7  0.000  0.416    33.57    21.03    14.04    11.10     9.00  1    -1e-30      0.00 7.506e-01 2.492e-01 3.043e-05 2.174e-05 9.714e-05 -1.000 2.306e-04 -3.030 0.142 -1.846 -2.934 -3.283 -3.461 -3.529
0.00021956 -1.85000 10.08636 0.8000436425 2.4187396981    0.738  3.156  3.6452  0.683    7  0.000  0.415    37.12    22.91    15.23    12.06     9.78  1    -1e-30      0.00 7.503e-01 2.494e-01 3.023e-05 2.230e-05 9.676e-05 -1.000 2.306e-04 -3.121 0.147 -1.893 -3.011 -3.370 -3.554 -3.624
0.00021956 -1.85000 10.08636 0.8000441194 2.4187398648    0.738  3.197  3.6422  0.630    7  0.000  0.414    41.56    25.22    16.69    13.23    10.74  1    -1e-30      0.00 7.501e-01 2.497e-01 3.002e-05 2.294e-05 9.631e-05 -1.000 2.306e-04 -3.223 0.156 -1.942 -3.096 -3.467 -3.657 -3.730
0.00021956 -1.85000 10.08636 0.8000443578 2.4187399482    0.738  3.229  3.6364  0.575    8  0.523  0.424    46.68    27.84    18.34    14.56    11.82  1 -3.91e-07      0.00 7.488e-01 2.510e-01 3.050e-05 2.452e-05 9.705e-05 -1.000 1.945e-04 -3.301 0.254 -1.929 -3.141 -3.532 -3.734 -3.811
0.00021956 -1.85000 10.08636 0.8000444174 2.4187399690    0.737  3.011  3.6525  0.856    8  0.523  0.419    25.66    16.74    11.29     8.89     7.21  1 -1.62e-07      0.00 7.488e-01 2.510e-01 3.050e-05 2.452e-05 9.705e-05 -1.000 1.944e-04 -2.759 0.216 -1.661 -2.685 -3.015 -3.184 -3.248
0.00021956 -1.85000 10.08636 0.8000445366 2.4187400107    0.735  2.857  3.6640  1.055    8  0.523  0.419    16.78    11.67     8.00     6.27     5.08  2  -9.2e-08      0.00 7.488e-01 2.510e-01 3.050e-05 2.452e-05 9.705e-05 -1.000 1.945e-04 -2.372 0.116 -1.466 -2.340 -2.630 -2.778 -2.832
0.00021956 -1.85000 10.08636 0.8000447750 2.4187400941    0.730  2.652  3.6792  1.318    8  0.523  0.419     9.57     7.24     5.07     3.95     3.19  3 -4.66e-08      0.00 7.488e-01 2.510e-01 3.050e-05 2.452e-05 9.705e-05 -1.000 1.945e-04 -1.860 0.063 -1.143 -1.851 -2.101 -2.227 -2.272
0.00021956 -1.85000 10.08636 0.8000450730 2.4187401983    0.724  2.658  3.6786  1.306    8  0.524  0.419     9.81     7.40     5.17     4.03     3.26  3  -4.8e-08      0.00 7.488e-01 2.510e-01 3.050e-05 2.452e-05 9.705e-05 -1.000 1.945e-04 -1.876 0.067 -1.153 -1.867 -2.118 -2.245 -2.290
0.00021956 -1.85000 10.08636 0.8000454307 2.4187403234    0.716  2.751  3.6715  1.180    8  0.524  0.419    12.77     9.25     6.40     5.01     4.05  2 -6.59e-08      0.00 7.488e-01 2.510e-01 3.050e-05 2.452e-05 9.705e-05 -1.000 1.945e-04 -2.107 0.080 -1.304 -2.089 -2.358 -2.495 -2.544
0.00021956 -1.85000 10.08636 0.8000459075 2.4187404901    0.707  2.935  3.6575  0.934    8  0.524  0.419    21.51    14.39     9.76     7.68     6.22  1 -1.29e-07      0.00 7.488e-01 2.510e-01 3.050e-05 2.452e-05 9.705e-05 -1.000 1.945e-04 -2.568 0.237 -1.546 -2.517 -2.830 -2.989 -3.049
0.00021956 -1.85000 10.08636 0.8000464439 2.4187406777    0.696  3.099  3.6450  0.713    8  0.524  0.419    34.34    21.36    14.23    11.27     9.14  1 -2.52e-07      0.00 7.488e-01 2.510e-01 3.050e-05 2.452e-05 9.705e-05 -1.000 1.945e-04 -2.978 0.274 -1.756 -2.868 -3.225 -3.409 -3.479
0.00021956 -1.85000 10.08636 0.8000470996 2.4187409069    0.684  3.209  3.6365  0.562    8  0.525  0.419    47.32    27.97    18.40    14.65    11.88  1 -4.12e-07      0.00 7.488e-01 2.510e-01 3.050e-05 2.452e-05 9.705e-05 -1.000 1.945e-04 -3.253 0.311 -1.877 -3.093 -3.484 -3.686 -3.764
0.00021956 -1.85000 10.08636 0.8000477552 2.4187411362    0.671  3.271  3.6315  0.472    8  0.525  0.419    57.17    32.75    21.38    17.07    13.85  1 -5.58e-07      0.00 7.488e-01 2.510e-01 3.050e-05 2.452e-05 9.705e-05 -1.000 1.945e-04 -3.408 0.340 -1.933 -3.214 -3.627 -3.841 -3.923
0.00021956 -1.85000 10.08636 0.8000485897 2.4187414280    0.656  3.303  3.6288  0.419    8  0.526  0.419    63.80    35.85    23.29    18.64    15.13  1  -6.7e-07      0.00 7.488e-01 2.510e-01 3.050e-05 2.452e-05 9.705e-05 -1.000 1.945e-04 -3.489 0.363 -1.951 -3.274 -3.701 -3.922 -4.007
0.00021956 -1.85000 10.08636 0.8000494242 2.4187417198    0.641  3.324  3.6268  0.380    8  0.526  0.419    69.07    38.22    24.75    19.84    16.10  1 -7.69e-07      0.00 7.488e-01 2.510e-01 3.050e-05 2.452e-05 9.705e-05 -1.000 1.945e-04 -3.540 0.382 -1.956 -3.309 -3.747 -3.973 -4.060
0.00021956 -1.85000 10.08636 0.8000534773 2.4187431370    0.528 -9.999  4.0000  1.868    9  0.528  0.000     0.00     0.00     0.00     0.00     0.00 -1    -1e-30      0.00 7.488e-01 2.510e-01 3.050e-05 2.452e-05 9.705e-05 -1.000 1.945e-04 29.767 30.107 29.969 30.248 30.476 30.555 30.644
