# Zini     MH   logAge Mini        int_IMF         Mass   logL    logTe  logg  label   McoreTP C_O  period0  period1  period2  period3  period4  pmode  Mloss  tau1m   X   Y   Xc  Xn  Xo  Cexcess  Z 	 mbolmag  umag    gmag    rmag    imag    zmag    Ymag
0.00024632 -1.80000 10.04139 0.0900000036 1.0816895926    0.090 -3.198  3.4846  5.481    1  0.000  0.545     0.00     0.00     0.00     0.00     0.00 -1 -4.83e-17      0.00 7.485e-01 2.512e-01 4.823e-05 1.301e-05 1.180e-04 -1.000 2.681e-04 12.766 17.865 15.956 14.021 12.546 12.072 11.972
0.00024632 -1.80000 10.04139 0.0966817215 1.1427742211    0.097 -2.952  3.5207  5.410    1  0.000  0.545     0.00     0.00     0.00     0.00     0.00 -1 -8.91e-17      0.00 7.470e-01 2.527e-01 4.823e-05 1.301e-05 1.180e-04 -1.000 2.682e-04 12.150 16.991 14.710 12.940 11.924 11.547 11.442
0.00024632 -1.80000 10.04139 0.1000000015 1.1711064122    0.100 -2.836  3.5377  5.377    1  0.000  0.545     0.00     0.00     0.00     0.00     0.00 -1 -1.19e-16      0.00 7.462e-01 2.535e-01 4.823e-05 1.301e-05 1.180e-04 -1.000 2.682e-04 11.860 16.449 14.148 12.475 11.631 11.290 11.186
0.00024632 -1.80000 10.04139 0.1200000048 1.3193154741    0.120 -2.543  3.5686  5.287    1  0.000  0.545     0.00     0.00     0.00     0.00     0.00 -1 -2.36e-16      0.00 7.433e-01 2.564e-01 4.823e-05 1.301e-05 1.180e-04 -1.000 2.682e-04 11.129 15.100 12.959 11.486 10.892 10.608 10.511
0.00024632 -1.80000 10.04139 0.1400000006 1.4384526719    0.140 -2.360  3.5834  5.230    1  0.000  0.545     0.00     0.00     0.00     0.00     0.00 -1 -3.56e-16      0.00 7.413e-01 2.584e-01 4.823e-05 1.301e-05 1.180e-04 -1.000 2.682e-04 10.671 14.321 12.307 10.946 10.430 10.169 10.079
0.00024632 -1.80000 10.04139 0.1599999964 1.5372931554    0.160 -2.217  3.5931  5.184    1  0.000  0.545     0.00     0.00     0.00     0.00     0.00 -1 -4.88e-16      0.00 7.400e-01 2.597e-01 4.823e-05 1.301e-05 1.180e-04 -1.000 2.682e-04 10.313 13.750 11.829 10.546 10.069 9.823 9.737
0.00024632 -1.80000 10.04139 0.2000000179 1.6938791367    0.200 -1.997  3.6055  5.110    1  0.000  0.545     0.00     0.00     0.00     0.00     0.00 -1 -7.88e-16      0.00 7.390e-01 2.607e-01 4.823e-05 1.301e-05 1.180e-04 -1.000 2.682e-04 9.762 12.946 11.135 9.949 9.513 9.285 9.206
0.00024632 -1.80000 10.04139 0.2500000000 1.8403257998    0.250 -1.794  3.6165  5.048    1  0.000  0.545     0.00     0.00     0.00     0.00     0.00 -1 -1.21e-15      0.00 7.391e-01 2.606e-01 4.822e-05 1.301e-05 1.180e-04 -1.000 2.682e-04 9.255 12.231 10.510 9.405 9.001 8.790 8.716
0.00024632 -1.80000 10.04139 0.3000000417 1.9529140366    0.300 -1.639  3.6255  5.008    1  0.000  0.545     0.00     0.00     0.00     0.00     0.00 -1 -1.65e-15      0.00 7.393e-01 2.605e-01 4.821e-05 1.301e-05 1.180e-04 -1.000 2.682e-04 8.867 11.682 10.030 8.989 8.608 8.411 8.342
0.00024632 -1.80000 10.04139 0.3500000238 2.0434175133    0.350 -1.512  3.6336  4.980    1  0.000  0.544     0.00     0.00     0.00     0.00     0.00 -1 -2.12e-15      0.00 7.391e-01 2.606e-01 4.819e-05 1.301e-05 1.180e-04 -1.000 2.682e-04 8.549 11.229 9.635 8.647 8.287 8.102 8.037
0.00024632 -1.80000 10.04139 0.4000000060 2.1185024399    0.400 -1.382  3.6432  4.947    1  0.000  0.545     0.00     0.00     0.00     0.00     0.00 -1 -2.77e-15      0.00 7.503e-01 2.494e-01 4.823e-05 1.301e-05 1.180e-04 -1.000 2.682e-04 8.226 10.750 9.224 8.296 7.961 7.789 7.729
0.00024632 -1.80000 10.04139 0.4500000179 2.1822809362    0.450 -1.223  3.6592  4.903    1  0.000  0.545     0.00     0.00     0.00     0.00     0.00 -1 -3.97e-15      0.00 7.506e-01 2.491e-01 4.823e-05 1.301e-05 1.180e-04 -1.000 2.682e-04 7.827 10.099 8.691 7.857 7.558 7.409 7.358
0.00024632 -1.80000 10.04139 0.4749034941 2.2107052699    0.475 -1.132  3.6695  4.876    1  0.000  0.545     0.00     0.00     0.00     0.00     0.00 -1 -4.91e-15      0.00 7.506e-01 2.491e-01 4.823e-05 1.301e-05 1.180e-04 -1.000 2.682e-04 7.599 9.707 8.384 7.607 7.331 7.196 7.151
0.00024632 -1.80000 10.04139 0.5000000000 2.2374541529    0.500 -1.045  3.6793  4.851    1  0.000  0.545     0.00     0.00     0.00     0.00     0.00 -1 -6.02e-15      0.00 7.506e-01 2.491e-01 4.823e-05 1.301e-05 1.180e-04 -1.000 2.682e-04 7.382 9.337 8.097 7.371 7.115 6.993 6.953
0.00024632 -1.80000 10.04139 0.5500000715 2.2836583126    0.550 -0.841  3.7006  4.773    1  0.000  0.544     0.00     0.00     0.00     0.00     0.00 -1    -1e-14      0.00 7.819e-01 2.179e-01 4.254e-05 1.149e-05 1.042e-04 -1.000 1.692e-04 6.873 8.518 7.459 6.832 6.617 6.521 6.492
0.00024632 -1.80000 10.04139 0.6000000238 2.3211213258    0.600 -0.637  3.7259  4.709    1  0.000  0.544     0.00     0.00     0.00     0.00     0.00 -1 -1.65e-14      0.00 7.930e-01 2.068e-01 4.065e-05 1.098e-05 9.966e-05 -1.000 2.355e-04 6.363 7.697 6.831 6.306 6.133 6.067 6.051
0.00024632 -1.80000 10.04139 0.6113158464 2.3286278821    0.611 -0.589  3.7325  4.695    1  0.000  0.544     0.00     0.00     0.00     0.00     0.00 -1 -1.86e-14      0.00 7.961e-01 2.037e-01 4.013e-05 1.084e-05 9.844e-05 -1.000 2.120e-04 6.242 7.506 6.684 6.185 6.022 5.964 5.951
0.00024632 -1.80000 10.04139 0.6245025396 2.3369820166    0.624 -0.532  3.7402  4.678    1  0.000  0.543     0.00     0.00     0.00     0.00     0.00 -1 -2.14e-14      0.00 7.999e-01 1.999e-01 3.951e-05 1.067e-05 9.693e-05 -1.000 2.168e-04 6.100 7.288 6.514 6.044 5.893 5.843 5.833
0.00024632 -1.80000 10.04139 0.6357807517 2.3438117877    0.635 -0.483  3.7468  4.664    1  0.000  0.543     0.00     0.00     0.00     0.00     0.00 -1 -2.41e-14      0.00 8.033e-01 1.965e-01 3.894e-05 1.052e-05 9.558e-05 -1.000 2.204e-04 5.979 7.109 6.372 5.925 5.785 5.741 5.734
0.00024632 -1.80000 10.04139 0.6466865540 2.3501561732    0.646 -0.436  3.7530  4.648    1  0.000  0.543     0.00     0.00     0.00     0.00     0.00 -1 -2.71e-14      0.00 8.067e-01 1.931e-01 3.837e-05 1.037e-05 9.420e-05 -1.000 2.372e-04 5.860 6.937 6.234 5.810 5.680 5.643 5.639
0.00024632 -1.80000 10.04139 0.6499999762 2.3520353107    0.650 -0.421  3.7548  4.643    1  0.000  0.543     0.00     0.00     0.00     0.00     0.00 -1 -2.81e-14      0.00 8.078e-01 1.920e-01 3.819e-05 1.032e-05 9.379e-05 -1.000 2.159e-04 5.823 6.885 6.191 5.775 5.648 5.613 5.610
0.00024632 -1.80000 10.04139 0.6593174934 2.3572033205    0.659 -0.380  3.7598  4.628    1  0.000  0.543     0.00     0.00     0.00     0.00     0.00 -1 -3.12e-14      0.00 8.116e-01 1.882e-01 3.757e-05 1.016e-05 9.228e-05 -1.000 2.101e-04 5.721 6.741 6.073 5.676 5.558 5.528 5.527
0.00024632 -1.80000 10.04139 0.6726517081 2.3643135659    0.672 -0.321  3.7668  4.606    1  0.000  0.542     0.00     0.00     0.00     0.00     0.00 -1 -3.64e-14      0.00 8.174e-01 1.824e-01 3.662e-05 9.906e-06 9.002e-05 -1.000 2.455e-04 5.572 6.542 5.906 5.534 5.427 5.404 5.405
0.00024632 -1.80000 10.04139 0.6849974990 2.3706137268    0.685 -0.264  3.7731  4.582    1  0.000  0.542     0.00     0.00     0.00     0.00     0.00 -1 -4.21e-14      0.00 8.231e-01 1.766e-01 3.567e-05 9.652e-06 8.776e-05 -1.000 2.412e-04 5.431 6.360 5.750 5.401 5.303 5.286 5.290
0.00024632 -1.80000 10.04139 0.6963399649 2.3761760180    0.696 -0.211  3.7788  4.559    1  0.000  0.541     0.00     0.00     0.00     0.00     0.00 -1 -4.63e-14      0.00 8.289e-01 1.709e-01 3.473e-05 9.403e-06 8.552e-05 -1.000 2.299e-04 5.298 6.192 5.605 5.275 5.186 5.175 5.181
0.00024632 -1.80000 10.04139 0.7000000477 2.3779267258    0.700 -0.194  3.7806  4.551    1  0.000  0.541     0.00     0.00     0.00     0.00     0.00 -1 -5.08e-14      0.00 8.308e-01 1.690e-01 3.442e-05 9.319e-06 8.477e-05 -1.000 2.048e-04 5.254 6.137 5.556 5.233 5.148 5.138 5.144
0.00024632 -1.80000 10.04139 0.7070949674 2.3812611149    0.707 -0.159  3.7839  4.534    1  0.000  0.540     0.00     0.00     0.00     0.00     0.00 -1 -5.58e-14      0.00 8.349e-01 1.649e-01 3.369e-05 9.141e-06 8.319e-05 -1.000 1.455e-04 5.168 6.034 5.463 5.152 5.071 5.065 5.072
0.00024632 -1.80000 10.04139 0.7175730467 2.3860470705    0.717 -0.107  3.7888  4.507    1  0.000  0.538     0.00     0.00     0.00     0.00     0.00 -1 -6.44e-14      0.00 8.408e-01 1.590e-01 3.264e-05 8.886e-06 8.094e-05 -1.000 1.949e-04 5.037 5.877 5.320 5.026 4.953 4.952 4.961
0.00024632 -1.80000 10.04139 0.7274518013 2.3904143738    0.727 -0.055  3.7932  4.479    1  0.000  0.535     0.00     0.00     0.00     0.00     0.00 -1 -7.45e-14      0.00 8.460e-01 1.538e-01 3.172e-05 8.662e-06 7.897e-05 -1.000 1.797e-04 4.907 5.725 5.180 4.902 4.836 4.839 4.849
0.00024632 -1.80000 10.04139 0.7361234426 2.3941371307    0.736 -0.007  3.7971  4.452    1  0.000  0.534     0.00     0.00     0.00     0.00     0.00 -1 -8.53e-14      0.00 8.504e-01 1.495e-01 3.099e-05 8.485e-06 7.740e-05 -1.000 1.664e-04 4.787 5.588 5.051 4.787 4.727 4.734 4.745
0.00024632 -1.80000 10.04139 0.7446861863 2.3977154723    0.744  0.043  3.8007  4.422    1  0.000  0.532     0.00     0.00     0.00     0.00     0.00 -1 -9.83e-14      0.00 8.542e-01 1.456e-01 3.034e-05 8.330e-06 7.605e-05 -1.000 1.474e-04 4.663 5.447 4.918 4.666 4.613 4.623 4.636
0.00024632 -1.80000 10.04139 0.7500000596 2.3998889329    0.749  0.075  3.8029  4.402    1  0.000  0.531     0.00     0.00     0.00     0.00     0.00 -1 -1.08e-13      0.00 8.564e-01 1.434e-01 2.998e-05 8.245e-06 7.531e-05 -1.000 1.454e-04 4.583 5.358 4.832 4.588 4.538 4.551 4.564
0.00024632 -1.80000 10.04139 0.7561892271 2.4023761703    0.756  0.114  3.8056  4.377    1  0.000  0.530     0.00     0.00     0.00     0.00     0.00 -1 -1.21e-13      0.00 8.573e-01 1.425e-01 2.993e-05 8.236e-06 7.525e-05 -1.000 1.550e-04 4.486 5.250 4.728 4.494 4.449 4.463 4.478
0.00024632 -1.80000 10.04139 0.7641603351 2.4055113509    0.763  0.167  3.8091  4.342    1  0.000  0.530     0.00     0.00     0.00     0.00     0.00 -1 -1.42e-13      0.00 8.583e-01 1.415e-01 2.989e-05 8.228e-06 7.522e-05 -1.000 2.019e-04 4.352 5.102 4.585 4.363 4.323 4.341 4.357
0.00024632 -1.80000 10.04139 0.7715072632 2.4083351479    0.771  0.220  3.8121  4.305    1  0.000  0.529     0.00     0.00     0.00     0.00     0.00 -1 -1.66e-13      0.00 8.591e-01 1.407e-01 2.988e-05 8.227e-06 7.523e-05 -1.000 1.889e-04 4.219 4.957 4.443 4.232 4.198 4.219 4.235
0.00024632 -1.80000 10.04139 0.7782313824 2.4108659022    0.777  0.273  3.8147  4.266    1  0.000  0.529     0.00     0.00     0.00     0.00     0.00 -1 -1.95e-13      0.00 8.598e-01 1.401e-01 2.987e-05 8.227e-06 7.527e-05 -1.000 1.454e-04 4.088 4.817 4.304 4.102 4.072 4.096 4.113
0.00024632 -1.80000 10.04139 0.7843841314 2.4131379451    0.783  0.325  3.8167  4.226    1  0.000  0.529     0.00     0.00     0.00     0.00     0.00 -1 -2.29e-13      0.00 8.603e-01 1.396e-01 2.989e-05 8.235e-06 7.536e-05 -1.000 1.538e-04 3.959 4.680 4.168 3.974 3.947 3.973 3.990
0.00024632 -1.80000 10.04139 0.7901155949 2.4152178504    0.789  0.376  3.8181  4.184    1  0.000  0.529     0.00     0.00     0.00     0.00     0.00 -1  -2.7e-13      0.00 8.595e-01 1.404e-01 3.009e-05 8.292e-06 7.588e-05 -1.000 1.613e-04 3.830 4.546 4.035 3.846 3.822 3.848 3.866
0.00024632 -1.80000 10.04139 0.7940422893 2.4166229035    0.793  0.413  3.8186  4.151    1  0.000  0.529     0.00     0.00     0.00     0.00     0.00 -1 -3.06e-13      0.00 8.586e-01 1.412e-01 3.027e-05 8.342e-06 7.634e-05 -1.000 1.655e-04 3.738 4.451 3.939 3.753 3.730 3.758 3.776
0.00024632 -1.80000 10.04139 0.7953712344 2.4170948158    0.794  0.427  3.8184  4.137    1  0.000  0.529     0.00     0.00     0.00     0.00     0.00 -1 -3.21e-13      0.00 8.584e-01 1.415e-01 3.033e-05 8.360e-06 7.650e-05 -1.000 1.661e-04 3.703 4.416 3.904 3.717 3.694 3.721 3.739
0.00024632 -1.80000 10.04139 0.8000000119 2.4187244405    0.799  0.478  3.8170  4.082    1  0.000  0.529     0.00     0.00     0.00     0.00     0.00 -1 -3.81e-13      0.00 8.574e-01 1.425e-01 3.056e-05 8.422e-06 7.707e-05 -1.000 1.682e-04 3.574 4.290 3.775 3.586 3.561 3.587 3.604
0.00024632 -1.80000 10.04139 0.8004552722 2.4188835508    0.799  0.484  3.8169  4.077    1  0.000  0.529     0.00     0.00     0.00     0.00     0.00 -1 -3.88e-13      0.00 8.572e-01 1.426e-01 3.058e-05 8.429e-06 7.714e-05 -1.000 1.689e-04 3.561 4.277 3.762 3.573 3.548 3.574 3.591
0.00024632 -1.80000 10.04139 0.8044113517 2.4202574583    0.803  0.534  3.8139  4.016    1  0.000  0.529     0.00     0.00     0.00     0.00     0.00 -1 -4.67e-13      0.00 8.559e-01 1.439e-01 3.082e-05 8.494e-06 7.773e-05 -1.000 1.751e-04 3.434 4.158 3.639 3.442 3.414 3.436 3.452
0.00024632 -1.80000 10.04139 0.8050798178 2.4204880769    0.804  0.544  3.8131  4.004    1  0.000  0.529     0.00     0.00     0.00     0.00     0.00 -1 -4.85e-13      0.00 8.557e-01 1.441e-01 3.086e-05 8.505e-06 7.783e-05 -1.000 1.763e-04 3.411 4.137 3.617 3.418 3.388 3.410 3.426
0.00024632 -1.80000 10.04139 0.8057513833 2.4207193218    0.804  0.554  3.8120  3.989    2  0.000  0.529     0.00     0.00     0.00     0.00     0.00 -1 -5.07e-13      0.00 8.555e-01 1.443e-01 3.090e-05 8.516e-06 7.793e-05 -1.000 1.773e-04 3.385 4.115 3.594 3.391 3.360 3.381 3.396
0.00024632 -1.80000 10.04139 0.8080066442 2.4214926578    0.806  0.591  3.8069  3.933    2  0.000  0.529     0.00     0.00     0.00     0.00     0.00 -1 -5.85e-13      0.00 8.547e-01 1.451e-01 3.104e-05 8.553e-06 7.826e-05 -1.000 1.809e-04 3.291 4.038 3.510 3.292 3.253 3.269 3.283
0.00024632 -1.80000 10.04139 0.8097238541 2.4220781734    0.808  0.625  3.8005  3.875    2  0.000  0.529     0.00     0.00     0.00     0.00     0.00 -1 -6.75e-13      0.00 8.542e-01 1.456e-01 3.114e-05 8.581e-06 7.852e-05 -1.000 1.836e-04 3.208 3.977 3.440 3.203 3.154 3.164 3.176
0.00024632 -1.80000 10.04139 0.8110628724 2.4225327595    0.809  0.655  3.7929  3.815    2  0.000  0.529     0.00     0.00     0.00     0.00     0.00 -1 -7.73e-13      0.00 8.538e-01 1.461e-01 3.122e-05 8.603e-06 7.872e-05 -1.000 1.857e-04 3.133 3.935 3.384 3.122 3.062 3.064 3.073
0.00024632 -1.80000 10.04139 0.8121393919 2.4228969795    0.810  0.681  3.7846  3.756    2  0.000  0.529     0.00     0.00     0.00     0.00     0.00 -1  -8.8e-13      0.00 8.507e-01 1.491e-01 3.214e-05 8.852e-06 8.097e-05 -1.000 1.864e-04 3.067 3.907 3.339 3.050 2.976 2.971 2.977
0.00024632 -1.80000 10.04139 0.8130354881 2.4231993109    0.811  0.705  3.7760  3.698    2  0.000  0.530     0.00     0.00     0.00     0.00     0.00 -1 -9.93e-13      0.00 8.393e-01 1.605e-01 3.430e-05 9.435e-06 8.621e-05 -1.000 1.818e-04 3.008 3.891 3.302 2.984 2.897 2.883 2.886
0.00024632 -1.80000 10.04139 0.8138158321 2.4234619654    0.812  0.728  3.7680  3.644    2  0.000  0.532     0.00     0.00     0.00     0.00     0.00 -1 -1.11e-12      0.00 8.143e-01 1.855e-01 3.795e-05 1.041e-05 9.496e-05 -1.000 2.229e-04 2.951 3.879 3.266 2.922 2.823 2.801 2.801
0.00024632 -1.80000 10.04139 0.8145354390 2.4237036636    0.813  0.753  3.7605  3.589    2  0.000  0.535     0.00     0.00     0.00     0.00     0.00 -1 -1.26e-12      0.00 7.937e-01 2.061e-01 4.095e-05 1.122e-05 1.021e-04 -1.000 2.041e-04 2.889 3.863 3.226 2.856 2.745 2.716 2.713
0.00024632 -1.80000 10.04139 0.8152575493 2.4239457095    0.813  0.786  3.7533  3.528    2  0.000  0.536     0.00     0.00     0.00     0.00     0.00 -1 -1.45e-12      0.00 7.805e-01 2.192e-01 4.287e-05 1.173e-05 1.067e-04 -1.000 2.439e-04 2.805 3.829 3.165 2.771 2.648 2.611 2.605
0.00024632 -1.80000 10.04139 0.8158220649 2.4241345877    0.814  0.820  3.7486  3.475    2  0.000  0.536     0.00     0.00     0.00     0.00     0.00 -1 -1.67e-12      0.00 7.745e-01 2.253e-01 4.378e-05 1.197e-05 1.089e-04 -1.000 2.585e-04 2.719 3.775 3.094 2.683 2.553 2.511 2.503
0.00024632 -1.80000 10.04139 0.8163806796 2.4243211959    0.814  0.861  3.7447  3.418    2  0.000  0.536     0.00     0.00     0.00     0.00     0.00 -1 -1.96e-12      0.00 7.704e-01 2.294e-01 4.438e-05 1.214e-05 1.103e-04 -1.000 2.454e-04 2.617 3.703 3.005 2.580 2.444 2.398 2.388
0.00024632 -1.80000 10.04139 0.8165556192 2.4243795751    0.815  0.876  3.7437  3.399    3  0.000  0.536     0.00     0.00     0.00     0.00     0.00 -1 -2.08e-12      0.00 7.694e-01 2.303e-01 4.452e-05 1.217e-05 1.106e-04 -1.000 2.020e-04 2.579 3.672 2.971 2.543 2.405 2.357 2.348
0.00024632 -1.80000 10.04139 0.8170251250 2.4245361118    0.815  0.919  3.7413  3.348    3  0.000  0.537     0.00     0.00     0.00     0.00     0.00 -1 -2.42e-12      0.00 7.670e-01 2.327e-01 4.484e-05 1.226e-05 1.114e-04 -1.000 2.657e-04 2.474 3.584 2.873 2.437 2.295 2.245 2.234
0.00024632 -1.80000 10.04139 0.8175384998 2.4247070382    0.815  0.968  3.7389  3.289    3  0.000  0.537     0.00     0.00     0.00     0.00     0.00 -1  -2.9e-12      0.00 7.647e-01 2.350e-01 4.512e-05 1.233e-05 1.121e-04 -1.000 2.607e-04 2.349 3.478 2.757 2.313 2.168 2.115 2.103
0.00024632 -1.80000 10.04139 0.8179742694 2.4248519326    0.816  1.014  3.7372  3.237    3  0.000  0.537     0.00     0.00     0.00     0.00     0.00 -1 -3.42e-12      0.00 7.629e-01 2.368e-01 4.531e-05 1.238e-05 1.125e-04 -1.000 2.606e-04 2.236 3.379 2.649 2.200 2.052 1.997 1.984
0.00024632 -1.80000 10.04139 0.8183906674 2.4249902202    0.816  1.060  3.7355  3.184    3  0.000  0.537     0.00     0.00     0.00     0.00     0.00 -1 -4.05e-12      0.00 7.613e-01 2.385e-01 4.546e-05 1.243e-05 1.129e-04 -1.000 2.682e-04 2.120 3.276 2.540 2.085 1.934 1.877 1.864
0.00024632 -1.80000 10.04139 0.8188135624 2.4251304998    0.816  1.111  3.7338  3.127    3  0.000  0.537     0.00     0.00     0.00     0.00     0.00 -1 -4.85e-12      0.00 7.595e-01 2.402e-01 4.558e-05 1.247e-05 1.132e-04 -1.000 2.643e-04 1.994 3.163 2.419 1.959 1.806 1.747 1.733
0.00024632 -1.80000 10.04139 0.8192021251 2.4252592442    0.817  1.161  3.7323  3.070    3  0.000  0.536     0.00     0.00     0.00     0.00     0.00 -1 -5.81e-12      0.00 7.580e-01 2.417e-01 4.565e-05 1.250e-05 1.135e-04 -1.000 2.537e-04 1.868 3.050 2.299 1.835 1.679 1.619 1.603
0.00024632 -1.80000 10.04139 0.8195509315 2.4253746964    0.817  1.210  3.7307  3.016    3  0.000  0.536     0.00     0.00     0.00     0.00     0.00 -1 -6.92e-12      0.00 7.566e-01 2.431e-01 4.566e-05 1.255e-05 1.137e-04 -1.000 2.417e-04 1.746 2.940 2.183 1.714 1.556 1.493 1.477
0.00024632 -1.80000 10.04139 0.8198558688 2.4254755357    0.817  1.256  3.7293  2.964    3  0.000  0.534     0.00     0.00     0.00     0.00     0.00 -1 -8.17e-12      0.00 7.554e-01 2.444e-01 4.562e-05 1.261e-05 1.139e-04 -1.000 2.596e-04 1.631 2.836 2.072 1.599 1.438 1.375 1.357
0.00024632 -1.80000 10.04139 0.8201528788 2.4255736706    0.817  1.305  3.7278  2.909    3  0.000  0.533     0.00     0.00     0.00     0.00     0.00 -1 -9.74e-12      0.00 7.542e-01 2.455e-01 4.551e-05 1.271e-05 1.140e-04 -1.000 2.678e-04 1.508 2.726 1.955 1.477 1.314 1.249 1.231
0.00024632 -1.80000 10.04139 0.8204377294 2.4256677112    0.818  1.356  3.7262  2.851    3  0.000  0.531     0.00     0.00     0.00     0.00     0.00 -1 -1.17e-11      0.00 7.532e-01 2.465e-01 4.535e-05 1.286e-05 1.141e-04 -1.000 2.631e-04 1.380 2.612 1.833 1.350 1.185 1.117 1.098
0.00024632 -1.80000 10.04139 0.8206766248 2.4257465222    0.818  1.403  3.7247  2.798    3  0.000  0.528     0.00     0.00     0.00     0.00     0.00 -1 -1.39e-11      0.00 7.524e-01 2.474e-01 4.518e-05 1.302e-05 1.142e-04 -1.000 2.590e-04 1.263 2.508 1.722 1.233 1.066 0.997 0.977
0.00024632 -1.80000 10.04139 0.8208944798 2.4258183461    0.818  1.449  3.7231  2.746    3  0.000  0.526     0.00     0.00     0.00     0.00     0.00 -1 -1.64e-11      0.00 7.517e-01 2.480e-01 4.502e-05 1.320e-05 1.143e-04 -1.000 2.676e-04 1.147 2.404 1.611 1.118 0.948 0.877 0.857
0.00024632 -1.80000 10.04139 0.8210992813 2.4258858265    0.818  1.497  3.7216  2.692    3  0.000  0.524     0.00     0.00     0.00     0.00     0.00 -1 -1.95e-11      0.00 7.512e-01 2.485e-01 4.486e-05 1.337e-05 1.143e-04 -1.000 2.654e-04 1.027 2.298 1.498 1.000 0.827 0.755 0.733
0.00024632 -1.80000 10.04139 0.8212804198 2.4259454779    0.818  1.543  3.7200  2.639    3  0.000  0.523     0.00     0.00     0.00     0.00     0.00 -1  -2.3e-11      0.00 7.508e-01 2.489e-01 4.473e-05 1.350e-05 1.144e-04 -1.000 2.639e-04 0.912 2.197 1.389 0.885 0.711 0.636 0.614
0.00024632 -1.80000 10.04139 0.8214526176 2.4260021569    0.818  1.591  3.7183  2.585    3  0.000  0.522     0.00     0.00     0.00     0.00     0.00 -1 -2.74e-11      0.00 7.505e-01 2.492e-01 4.464e-05 1.360e-05 1.144e-04 -1.000 2.661e-04 0.792 2.092 1.276 0.767 0.590 0.513 0.490
0.00024632 -1.80000 10.04139 0.8216043711 2.4260520840    0.818  1.637  3.7167  2.532    3  0.000  0.521     0.00     0.00     0.00     0.00     0.00 -1 -3.23e-11      0.00 7.504e-01 2.494e-01 4.459e-05 1.366e-05 1.144e-04 -1.000 2.682e-04 0.677 1.992 1.167 0.653 0.473 0.395 0.371
0.00024632 -1.80000 10.04139 0.8217394948 2.4260965220    0.818  1.682  3.7150  2.481    3  0.000  0.521     0.00     0.00     0.00     0.00     0.00 -1  -3.8e-11      0.00 7.503e-01 2.495e-01 4.455e-05 1.370e-05 1.144e-04 -1.000 2.683e-04 0.565 1.897 1.063 0.543 0.360 0.280 0.255
0.00024632 -1.80000 10.04139 0.8218681812 2.4261388274    0.817  1.728  3.7133  2.427    3  0.000  0.520     0.00     0.00     0.00     0.00     0.00 -1  -4.5e-11      0.00 7.502e-01 2.495e-01 4.454e-05 1.371e-05 1.144e-04 -1.000 2.682e-04 0.449 1.799 0.954 0.427 0.242 0.160 0.134
0.00024632 -1.80000 10.04139 0.8219846487 2.4261771027    0.817  1.774  3.7116  2.375    3  0.000  0.520     0.00     0.00     0.00     0.00     0.00 -1 -5.31e-11      0.00 7.502e-01 2.495e-01 4.454e-05 1.372e-05 1.144e-04 -1.000 2.682e-04 0.335 1.703 0.847 0.314 0.126 0.041 0.015
0.00024632 -1.80000 10.04139 0.8220872283 2.4262108036    0.817  1.818  3.7099  2.324    3  0.000  0.520     0.00     0.00     0.00     0.00     0.00 -1 -6.23e-11      0.00 7.502e-01 2.495e-01 4.454e-05 1.372e-05 1.144e-04 -1.000 2.682e-04 0.226 1.613 0.745 0.205 0.014 -0.072 -0.099
0.00024632 -1.80000 10.04139 0.8221814632 2.4262417545    0.817  1.861  3.7082  2.274    3  0.000  0.520     0.00     0.00     0.00     0.00     0.00 -1 -7.29e-11      0.00 7.502e-01 2.495e-01 4.454e-05 1.372e-05 1.144e-04 -1.000 2.682e-04 0.118 1.525 0.645 0.098 -0.095 -0.184 -0.212
0.00024632 -1.80000 10.04139 0.8222726583 2.4262716992    0.817  1.906  3.7065  2.222    3  0.000  0.520     0.00     0.00     0.00     0.00     0.00 -1  -8.6e-11      0.00 7.502e-01 2.495e-01 4.453e-05 1.373e-05 1.144e-04 -1.000 2.682e-04 0.004 1.433 0.541 -0.014 -0.211 -0.301 -0.330
0.00024632 -1.80000 10.04139 0.8223524094 2.4262978799    0.816  1.949  3.7047  2.171    3  0.000  0.520     0.00     0.00     0.00     0.00     0.00 -1 -1.01e-10      0.00 7.502e-01 2.495e-01 4.453e-05 1.373e-05 1.144e-04 -1.000 2.681e-04 -0.103 1.348 0.442 -0.120 -0.320 -0.412 -0.442
0.00024632 -1.80000 10.04139 0.8224258423 2.4263219813    0.816  1.992  3.7029  2.121    3  0.000  0.520     0.00     0.00     0.00     0.00     0.00 -1 -1.18e-10      0.00 7.502e-01 2.495e-01 4.453e-05 1.373e-05 1.144e-04 -1.000 2.682e-04 -0.210 1.263 0.345 -0.225 -0.428 -0.523 -0.553
0.00024632 -1.80000 10.04139 0.8224953413 2.4263447871    0.816  2.035  3.7012  2.071    3  0.000  0.520     0.00     0.00     0.00     0.00     0.00 -1 -1.38e-10      0.00 7.502e-01 2.495e-01 4.453e-05 1.373e-05 1.144e-04 -1.000 2.682e-04 -0.318 1.176 0.245 -0.331 -0.538 -0.635 -0.666
0.00024632 -1.80000 10.04139 0.8225565553 2.4263648704    0.815  2.076  3.6993  2.023    3  0.000  0.520     0.00     0.00     0.00     0.00     0.00 -1  -1.6e-10      0.00 7.502e-01 2.495e-01 4.453e-05 1.374e-05 1.144e-04 -1.000 2.681e-04 -0.419 1.097 0.154 -0.431 -0.640 -0.740 -0.772
0.00024632 -1.80000 10.04139 0.8226153851 2.4263841683    0.815  2.116  3.6976  1.975    3  0.000  0.520     0.00     0.00     0.00     0.00     0.00 -1 -1.85e-10      0.00 7.502e-01 2.495e-01 4.453e-05 1.374e-05 1.144e-04 -1.000 2.682e-04 -0.521 1.021 0.062 -0.530 -0.743 -0.844 -0.878
0.00024632 -1.80000 10.04139 0.8226765990 2.4264042449    0.814  2.155  3.6960  1.930    3  0.000  0.520     0.00     0.00     0.00     0.00     0.00 -1 -2.14e-10      0.00 7.502e-01 2.496e-01 4.452e-05 1.374e-05 1.144e-04 -1.000 2.683e-04 -0.617 0.949 -0.024 -0.625 -0.840 -0.944 -0.978
0.00024632 -1.80000 10.04139 0.8227312565 2.4264221683    0.814  2.179  3.6950  1.901    3  0.000  0.520     0.00     0.00     0.00     0.00     0.00 -1 -2.35e-10      0.00 7.502e-01 2.496e-01 4.452e-05 1.374e-05 1.144e-04 -1.000 2.682e-04 -0.679 0.903 -0.080 -0.685 -0.903 -1.008 -1.043
0.00024632 -1.80000 10.04139 0.8227683902 2.4264343436    0.814  2.167  3.6958  1.916    3  0.000  0.520     0.00     0.00     0.00     0.00     0.00 -1 -2.26e-10      0.00 7.502e-01 2.496e-01 4.452e-05 1.374e-05 1.144e-04 -1.000 2.682e-04 -0.648 0.922 -0.054 -0.656 -0.872 -0.975 -1.010
0.00024632 -1.80000 10.04139 0.8227733970 2.4264359851    0.814  2.166  3.6959  1.919    3  0.000  0.520     0.00     0.00     0.00     0.00     0.00 -1 -2.25e-10      0.00 7.502e-01 2.496e-01 4.452e-05 1.374e-05 1.144e-04 -1.000 2.682e-04 -0.644 0.924 -0.051 -0.652 -0.867 -0.971 -1.006
0.00024632 -1.80000 10.04139 0.8228013515 2.4264451499    0.813  2.192  3.6947  1.887    3  0.000  0.520     0.00     0.00     0.00     0.00     0.00 -1 -2.46e-10      0.00 7.502e-01 2.496e-01 4.452e-05 1.374e-05 1.144e-04 -1.000 2.682e-04 -0.710 0.877 -0.110 -0.716 -0.934 -1.040 -1.075
0.00024632 -1.80000 10.04139 0.8228438497 2.4264590813    0.813  2.234  3.6928  1.837    3  0.000  0.520     0.00     0.00     0.00     0.00     0.00 -1 -2.85e-10      0.00 7.502e-01 2.496e-01 4.452e-05 1.375e-05 1.144e-04 -1.000 2.682e-04 -0.814 0.801 -0.203 -0.819 -1.040 -1.148 -1.184
0.00024632 -1.80000 10.04139 0.8228833675 2.4264720343    0.812  2.275  3.6909  1.788    3  0.000  0.520     0.00     0.00     0.00     0.00     0.00 -1 -3.32e-10      0.00 7.502e-01 2.496e-01 4.452e-05 1.375e-05 1.144e-04 -1.000 2.682e-04 -0.917 0.728 -0.294 -0.919 -1.144 -1.254 -1.292
0.00024632 -1.80000 10.04139 0.8229198456 2.4264839896    0.812  2.315  3.6889  1.740    3  0.000  0.520     0.00     0.00     0.00     0.00     0.00 -1 -3.85e-10      0.00 7.502e-01 2.496e-01 4.452e-05 1.375e-05 1.144e-04 -1.000 2.682e-04 -1.018 0.658 -0.382 -1.017 -1.246 -1.359 -1.398
0.00024632 -1.80000 10.04139 0.8229519725 2.4264945179    0.811  2.353  3.6871  1.694    3  0.000  0.520     0.00     0.00     0.00     0.00     0.00 -1 -4.43e-10      0.00 7.502e-01 2.496e-01 4.452e-05 1.375e-05 1.144e-04 -1.000 2.682e-04 -1.113 0.594 -0.465 -1.109 -1.342 -1.457 -1.497
0.00024632 -1.80000 10.04139 0.8229831457 2.4265047327    0.810  2.393  3.6852  1.647    3  0.000  0.520     0.00     0.00     0.00     0.00     0.00 -1 -5.13e-10      0.00 7.502e-01 2.496e-01 4.452e-05 1.375e-05 1.144e-04 -1.000 2.681e-04 -1.211 0.531 -0.550 -1.205 -1.441 -1.559 -1.600
0.00024632 -1.80000 10.04139 0.8230106235 2.4265137359    0.810  2.430  3.6833  1.602    3  0.000  0.520     0.00     0.00     0.00     0.00     0.00 -1 -5.89e-10      0.00 7.502e-01 2.496e-01 4.452e-05 1.375e-05 1.144e-04 -1.000 2.682e-04 -1.304 0.485 -0.628 -1.297 -1.536 -1.656 -1.698
0.00024632 -1.80000 10.04139 0.8230372071 2.4265224454    0.809  2.468  3.6815  1.556    3  0.000  0.520     0.00     0.00     0.00     0.00     0.00 -1 -6.78e-10      0.00 7.502e-01 2.496e-01 4.452e-05 1.375e-05 1.144e-04 -1.000 2.682e-04 -1.400 0.436 -0.710 -1.392 -1.635 -1.757 -1.800
0.00024632 -1.80000 10.04139 0.8230608702 2.4265301975    0.808  2.505  3.6795  1.511    3  0.000  0.520     6.57     5.25     3.73     2.88     2.33  3 -7.77e-10      0.00 7.502e-01 2.496e-01 4.452e-05 1.375e-05 1.144e-04 -1.000 2.681e-04 -1.491 0.395 -0.785 -1.482 -1.728 -1.853 -1.897
0.00024632 -1.80000 10.04139 0.8230884671 2.4265392378    0.807  2.550  3.6772  1.456    3  0.000  0.520     7.38     5.80     4.11     3.18     2.57  3 -9.19e-10      0.00 7.501e-01 2.496e-01 4.452e-05 1.375e-05 1.144e-04 -1.000 2.682e-04 -1.604 0.353 -0.875 -1.592 -1.844 -1.972 -2.018
0.00024632 -1.80000 10.04139 0.8231129646 2.4265472621    0.806  2.593  3.6749  1.403    3  0.000  0.520     8.26     6.38     4.50     3.48     2.82  3 -1.08e-09      0.00 7.501e-01 2.496e-01 4.451e-05 1.375e-05 1.144e-04 -1.000 2.682e-04 -1.713 0.317 -0.960 -1.699 -1.956 -2.087 -2.134
0.00024632 -1.80000 10.04139 0.8231321573 2.4265535485    0.805  2.630  3.6729  1.357    3  0.000  0.520     9.08     6.92     4.87     3.77     3.05  3 -1.24e-09      0.00 7.501e-01 2.496e-01 4.451e-05 1.376e-05 1.144e-04 -1.000 2.682e-04 -1.805 0.295 -1.029 -1.788 -2.050 -2.183 -2.232
0.00024632 -1.80000 10.04139 0.8231526017 2.4265602444    0.804  2.671  3.6706  1.306    3  0.000  0.520    10.12     7.59     5.31     4.12     3.34  3 -1.45e-09      0.00 7.501e-01 2.496e-01 4.451e-05 1.376e-05 1.144e-04 -1.000 2.682e-04 -1.909 0.271 -1.107 -1.889 -2.156 -2.293 -2.343
0.00024632 -1.80000 10.04139 0.8231689930 2.4265656126    0.803  2.707  3.6687  1.262    3  0.000  0.520    11.10     8.22     5.73     4.45     3.61  3 -1.65e-09      0.00 7.501e-01 2.496e-01 4.451e-05 1.376e-05 1.144e-04 -1.000 2.682e-04 -1.998 0.258 -1.170 -1.974 -2.247 -2.387 -2.439
0.00024632 -1.80000 10.04139 0.8231862187 2.4265712538    0.801  2.747  3.6664  1.212    3  0.000  0.520    12.33     8.99     6.24     4.86     3.94  3 -1.92e-09      0.00 7.501e-01 2.496e-01 4.451e-05 1.376e-05 1.144e-04 -1.000 2.682e-04 -2.097 0.250 -1.239 -2.070 -2.349 -2.492 -2.545
0.00024632 -1.80000 10.04139 0.8232027888 2.4265766801    0.800  2.788  3.6640  1.161    3  0.000  0.520    13.73     9.85     6.81     5.31     4.30  2 -2.24e-09      0.00 7.501e-01 2.496e-01 4.451e-05 1.376e-05 1.144e-04 -1.000 2.682e-04 -2.200 0.245 -1.308 -2.167 -2.453 -2.600 -2.655
0.00024632 -1.80000 10.04139 0.8232181668 2.4265817157    0.798  2.829  3.6616  1.110    3  0.000  0.520    15.30    10.80     7.44     5.81     4.71  2 -2.62e-09      0.00 7.501e-01 2.496e-01 4.451e-05 1.376e-05 1.144e-04 -1.000 2.681e-04 -2.301 0.252 -1.373 -2.264 -2.557 -2.708 -2.764
0.00024632 -1.80000 10.04139 0.8232315779 2.4265861071    0.796  2.866  3.6594  1.062    3  0.000  0.520    16.91    11.76     8.07     6.31     5.11  2 -3.02e-09      0.00 7.501e-01 2.496e-01 4.451e-05 1.376e-05 1.144e-04 -1.000 2.681e-04 -2.396 0.262 -1.431 -2.353 -2.653 -2.808 -2.866
0.00024632 -1.80000 10.04139 0.8232447505 2.4265904202    0.794  2.906  3.6570  1.012    3  0.000  0.520    18.79    12.87     8.80     6.88     5.58  2  -3.5e-09      0.00 7.501e-01 2.496e-01 4.451e-05 1.376e-05 1.144e-04 -1.000 2.682e-04 -2.494 0.267 -1.490 -2.443 -2.751 -2.910 -2.970
0.00024632 -1.80000 10.04139 0.8232561350 2.4265941477    0.793  2.942  3.6548  0.966    3  0.000  0.520    20.71    13.99     9.52     7.46     6.05  2 -4.02e-09      0.00 7.501e-01 2.496e-01 4.451e-05 1.376e-05 1.144e-04 -1.000 2.683e-04 -2.585 0.257 -1.547 -2.525 -2.841 -3.004 -3.065
0.00024632 -1.80000 10.04139 0.8232671618 2.4265977580    0.790  2.980  3.6525  0.918    3  0.000  0.520    22.90    15.24    10.33     8.11     6.58  2 -4.64e-09      0.00 7.501e-01 2.496e-01 4.451e-05 1.376e-05 1.144e-04 -1.000 2.683e-04 -2.679 0.250 -1.603 -2.608 -2.932 -3.100 -3.163
0.00024632 -1.80000 10.04139 0.8232774734 2.4266011341    0.788  3.017  3.6501  0.870    3  0.000  0.520    25.33    16.61    11.22     8.82     7.15  1 -5.35e-09      0.00 7.501e-01 2.496e-01 4.451e-05 1.376e-05 1.145e-04 -1.000 2.682e-04 -2.772 0.246 -1.656 -2.690 -3.023 -3.195 -3.261
0.00024632 -1.80000 10.04139 0.8232865334 2.4266041002    0.786  3.051  3.6480  0.826    3  0.000  0.520    27.80    17.97    12.10     9.52     7.72  1  -6.1e-09      0.00 7.501e-01 2.496e-01 4.451e-05 1.376e-05 1.145e-04 -1.000 2.682e-04 -2.858 0.240 -1.706 -2.765 -3.106 -3.282 -3.350
0.00024632 -1.80000 10.04139 0.8232952952 2.4266069687    0.783  3.086  3.6457  0.780    3  0.000  0.520    30.61    19.51    13.08    10.31     8.36  1 -6.98e-09      0.00 7.501e-01 2.496e-01 4.451e-05 1.376e-05 1.145e-04 -1.000 2.682e-04 -2.945 0.239 -1.755 -2.841 -3.190 -3.371 -3.441
0.00024632 -1.80000 10.04139 0.8233034611 2.4266096420    0.780  3.121  3.6434  0.735    3  0.000  0.520    33.65    21.15    14.13    11.15     9.04  1 -7.97e-09      0.00 7.501e-01 2.496e-01 4.451e-05 1.376e-05 1.145e-04 -1.000 2.682e-04 -3.032 0.235 -1.804 -2.916 -3.274 -3.459 -3.531
0.00024632 -1.80000 10.04139 0.8233109117 2.4266120811    0.777  3.154  3.6413  0.692    3  0.000  0.520    36.85    22.84    15.21    12.01     9.75  1 -9.06e-09      0.00 7.501e-01 2.496e-01 4.451e-05 1.376e-05 1.145e-04 -1.000 2.682e-04 -3.114 0.234 -1.850 -2.987 -3.353 -3.543 -3.616
0.00024632 -1.80000 10.04139 0.8233183622 2.4266145201    0.774  3.188  3.6390  0.646    3  0.000  0.520    40.56    24.78    16.43    13.00    10.55  1 -1.04e-08      0.00 7.501e-01 2.496e-01 4.451e-05 1.376e-05 1.145e-04 -1.000 2.682e-04 -3.201 0.235 -1.894 -3.060 -3.435 -3.630 -3.705
0.00024632 -1.80000 10.04139 0.8233249784 2.4266166859    0.770  3.221  3.6369  0.604    3  0.000  0.520    44.35    26.73    17.67    13.99    11.36  1 -1.18e-08      0.00 7.501e-01 2.496e-01 4.451e-05 1.376e-05 1.145e-04 -1.000 2.683e-04 -3.281 0.235 -1.933 -3.127 -3.511 -3.711 -3.788
0.00024632 -1.80000 10.04139 0.8233313560 2.4266187737    0.767  3.252  3.6348  0.561    3  0.000  0.520    48.46    28.82    18.98    15.05    12.22  1 -1.33e-08      0.00 7.501e-01 2.496e-01 4.451e-05 1.376e-05 1.145e-04 -1.000 2.682e-04 -3.361 0.237 -1.971 -3.192 -3.585 -3.790 -3.869
0.00024632 -1.80000 10.04139 0.8233367801 2.4266205492    0.763  3.277  3.6331  0.528    3  0.000  0.520    51.99    30.59    20.09    15.95    12.95  1 -1.48e-08      0.00 7.501e-01 2.496e-01 4.451e-05 1.376e-05 1.145e-04 -1.000 2.682e-04 -3.423 0.237 -2.001 -3.244 -3.644 -3.852 -3.933
0.00024632 -1.80000 10.04139 0.8233367801 2.4266205492    0.763  1.711  3.8196  2.840    4  0.000  0.529     0.00     0.00     0.00     0.00     0.00 -1    -1e-30      0.00 7.513e-01 2.484e-01 4.560e-05 1.308e-05 1.151e-04 -1.000 2.681e-04 0.493 1.130 0.596 0.462 0.463 0.482 0.499
0.00024632 -1.80000 10.04139 0.8233849406 2.4266363131    0.763  1.732  3.8102  2.781    4  0.000  0.529     0.00     0.00     0.00     0.00     0.00 -1    -1e-30      0.00 7.513e-01 2.484e-01 4.560e-05 1.308e-05 1.151e-04 -1.000 2.681e-04 0.439 1.114 0.570 0.403 0.387 0.400 0.414
0.00024632 -1.80000 10.04139 0.8234339356 2.4266523480    0.763  1.734  3.8105  2.780    4  0.000  0.529     0.00     0.00     0.00     0.00     0.00 -1    -1e-30      0.00 7.513e-01 2.484e-01 4.560e-05 1.308e-05 1.151e-04 -1.000 2.682e-04 0.434 1.108 0.564 0.398 0.383 0.396 0.410
0.00024632 -1.80000 10.04139 0.8234837651 2.4266686537    0.763  1.735  3.8114  2.783    4  0.000  0.529     0.00     0.00     0.00     0.00     0.00 -1    -1e-30      0.00 7.513e-01 2.484e-01 4.560e-05 1.308e-05 1.151e-04 -1.000 2.681e-04 0.433 1.102 0.559 0.397 0.383 0.397 0.411
0.00024632 -1.80000 10.04139 0.8235330582 2.4266847816    0.763  1.735  3.8125  2.787    4  0.000  0.529     0.00     0.00     0.00     0.00     0.00 -1    -1e-30      0.00 7.513e-01 2.484e-01 4.560e-05 1.308e-05 1.151e-04 -1.000 2.682e-04 0.432 1.097 0.555 0.397 0.385 0.399 0.414
0.00024632 -1.80000 10.04139 0.8235840797 2.4267014728    0.763  1.735  3.8138  2.793    4  0.000  0.529     0.00     0.00     0.00     0.00     0.00 -1    -1e-30      0.00 7.513e-01 2.484e-01 4.560e-05 1.308e-05 1.151e-04 -1.000 2.682e-04 0.432 1.091 0.551 0.397 0.388 0.403 0.418
0.00024632 -1.80000 10.04139 0.8236337304 2.4267177131    0.764  1.735  3.8152  2.799    4  0.000  0.529     0.00     0.00     0.00     0.00     0.00 -1    -1e-30      0.00 7.513e-01 2.484e-01 4.560e-05 1.308e-05 1.151e-04 -1.000 2.682e-04 0.432 1.086 0.547 0.398 0.392 0.407 0.423
0.00024632 -1.80000 10.04139 0.8236871958 2.4267351988    0.764  1.735  3.8168  2.805    4  0.000  0.529     0.00     0.00     0.00     0.00     0.00 -1    -1e-30      0.00 7.513e-01 2.484e-01 4.560e-05 1.308e-05 1.151e-04 -1.000 2.681e-04 0.433 1.080 0.543 0.400 0.396 0.413 0.429
0.00024632 -1.80000 10.04139 0.8237374425 2.4267516294    0.764  1.734  3.8183  2.812    4  0.000  0.529     0.00     0.00     0.00     0.00     0.00 -1    -1e-30      0.00 7.513e-01 2.484e-01 4.560e-05 1.308e-05 1.151e-04 -1.000 2.683e-04 0.434 1.075 0.540 0.402 0.401 0.419 0.435
0.00024632 -1.80000 10.04139 0.8237894177 2.4267686228    0.764  1.734  3.8198  2.818    4  0.000  0.529     0.00     0.00     0.00     0.00     0.00 -1    -1e-30      0.00 7.513e-01 2.484e-01 4.560e-05 1.308e-05 1.151e-04 -1.000 2.682e-04 0.435 1.070 0.536 0.404 0.405 0.424 0.441
0.00024632 -1.80000 10.04139 0.8238385916 2.4267846980    0.764  1.734  3.8208  2.823    4  0.000  0.529     0.00     0.00     0.00     0.00     0.00 -1    -1e-30      0.00 7.513e-01 2.484e-01 4.560e-05 1.308e-05 1.151e-04 -1.000 2.682e-04 0.436 1.067 0.534 0.405 0.408 0.428 0.445
0.00024632 -1.80000 10.04139 0.8238921165 2.4268021931    0.764  1.734  3.8218  2.827    4  0.000  0.529     0.00     0.00     0.00     0.00     0.00 -1    -1e-30      0.00 7.513e-01 2.484e-01 4.560e-05 1.308e-05 1.151e-04 -1.000 2.681e-04 0.436 1.063 0.531 0.406 0.411 0.431 0.449
0.00024632 -1.80000 10.04139 0.8239458203 2.4268197441    0.764  1.734  3.8223  2.829    4  0.000  0.529     0.00     0.00     0.00     0.00     0.00 -1    -1e-30      0.00 7.513e-01 2.484e-01 4.560e-05 1.308e-05 1.151e-04 -1.000 2.681e-04 0.436 1.062 0.530 0.406 0.412 0.432 0.450
0.00024632 -1.80000 10.04139 0.8239968419 2.4268364160    0.764  1.734  3.8225  2.829    4  0.000  0.529     0.00     0.00     0.00     0.00     0.00 -1    -1e-30      0.00 7.513e-01 2.484e-01 4.560e-05 1.308e-05 1.151e-04 -1.000 2.681e-04 0.436 1.060 0.529 0.405 0.412 0.433 0.450
0.00024632 -1.80000 10.04139 0.8240476251 2.4268530076    0.764  1.734  3.8222  2.828    4  0.000  0.529     0.00     0.00     0.00     0.00     0.00 -1    -1e-30      0.00 7.513e-01 2.484e-01 4.560e-05 1.308e-05 1.151e-04 -1.000 2.681e-04 0.434 1.060 0.528 0.404 0.410 0.430 0.448
0.00024632 -1.80000 10.04139 0.8240535855 2.4268549549    0.764  1.734  3.8221  2.827    4  0.000  0.529     0.00     0.00     0.00     0.00     0.00 -1    -1e-30      0.00 7.513e-01 2.484e-01 4.560e-05 1.308e-05 1.151e-04 -1.000 2.682e-04 0.434 1.060 0.528 0.404 0.409 0.430 0.448
0.00024632 -1.80000 10.04139 0.8240588307 2.4268566684    0.764  1.734  3.8220  2.827    4  0.000  0.529     0.00     0.00     0.00     0.00     0.00 -1    -1e-30      0.00 7.513e-01 2.484e-01 4.560e-05 1.308e-05 1.151e-04 -1.000 2.681e-04 0.434 1.060 0.528 0.404 0.409 0.430 0.447
0.00024632 -1.80000 10.04139 0.8241072893 2.4268724979    0.764  1.735  3.8212  2.823    4  0.000  0.529     0.00     0.00     0.00     0.00     0.00 -1    -1e-30      0.00 7.513e-01 2.484e-01 4.560e-05 1.308e-05 1.151e-04 -1.000 2.681e-04 0.432 1.061 0.529 0.401 0.405 0.425 0.442
0.00024632 -1.80000 10.04139 0.8241583109 2.4268891623    0.764  1.736  3.8197  2.816    4  0.000  0.529     0.00     0.00     0.00     0.00     0.00 -1    -1e-30      0.00 7.513e-01 2.484e-01 4.560e-05 1.308e-05 1.151e-04 -1.000 2.681e-04 0.429 1.064 0.530 0.397 0.398 0.417 0.434
0.00024632 -1.80000 10.04139 0.8242090344 2.4269057270    0.764  1.738  3.8177  2.806    4  0.000  0.529     0.00     0.00     0.00     0.00     0.00 -1    -1e-30      0.00 7.513e-01 2.484e-01 4.560e-05 1.308e-05 1.151e-04 -1.000 2.682e-04 0.425 1.068 0.532 0.392 0.390 0.408 0.424
0.00024632 -1.80000 10.04139 0.8242593408 2.4269221532    0.764  1.740  3.8151  2.794    4  0.000  0.529     0.00     0.00     0.00     0.00     0.00 -1    -1e-30      0.00 7.513e-01 2.484e-01 4.560e-05 1.308e-05 1.151e-04 -1.000 2.682e-04 0.420 1.074 0.535 0.386 0.379 0.395 0.410
0.00024632 -1.80000 10.04139 0.8243080378 2.4269380517    0.764  1.742  3.8121  2.780    4  0.000  0.529     0.00     0.00     0.00     0.00     0.00 -1    -1e-30      0.00 7.513e-01 2.484e-01 4.560e-05 1.308e-05 1.151e-04 -1.000 2.682e-04 0.415 1.081 0.539 0.379 0.367 0.381 0.395
0.00024632 -1.80000 10.04139 0.8243573904 2.4269541620    0.764  1.745  3.8083  2.762    4  0.000  0.529     0.00     0.00     0.00     0.00     0.00 -1    -1e-30      0.00 7.513e-01 2.484e-01 4.560e-05 1.308e-05 1.151e-04 -1.000 2.681e-04 0.408 1.091 0.544 0.371 0.352 0.363 0.376
0.00024632 -1.80000 10.04139 0.8244076371 2.4269705619    0.764  1.748  3.8040  2.742    4  0.000  0.529     0.00     0.00     0.00     0.00     0.00 -1    -1e-30      0.00 7.513e-01 2.484e-01 4.560e-05 1.308e-05 1.151e-04 -1.000 2.681e-04 0.401 1.103 0.551 0.362 0.336 0.343 0.355
0.00024632 -1.80000 10.04139 0.8244319558 2.4269784984    0.764  1.749  3.8019  2.732    4  0.000  0.529     0.00     0.00     0.00     0.00     0.00 -1    -1e-30      0.00 7.513e-01 2.484e-01 4.560e-05 1.308e-05 1.151e-04 -1.000 2.681e-04 0.397 1.109 0.554 0.358 0.327 0.333 0.345
0.00024632 -1.80000 10.04139 0.8244407773 2.4269813772    0.764  1.750  3.8010  2.727    4  0.000  0.529     0.00     0.00     0.00     0.00     0.00 -1    -1e-30      0.00 7.513e-01 2.484e-01 4.560e-05 1.308e-05 1.151e-04 -1.000 2.682e-04 0.395 1.112 0.556 0.356 0.324 0.329 0.340
0.00024632 -1.80000 10.04139 0.8244928718 2.4269983762    0.764  1.754  3.7957  2.702    4  0.000  0.529     0.00     0.00     0.00     0.00     0.00 -1    -1e-30      0.00 7.513e-01 2.484e-01 4.560e-05 1.308e-05 1.151e-04 -1.000 2.682e-04 0.386 1.129 0.564 0.345 0.304 0.304 0.313
0.00024632 -1.80000 10.04139 0.8245436549 2.4270149449    0.765  1.758  3.7906  2.678    4  0.000  0.529     0.00     0.00     0.00     0.00     0.00 -1    -1e-30      0.00 7.513e-01 2.484e-01 4.560e-05 1.308e-05 1.151e-04 -1.000 2.682e-04 0.375 1.144 0.572 0.334 0.283 0.280 0.287
0.00024632 -1.80000 10.04139 0.8245979548 2.4270326584    0.765  1.763  3.7849  2.651    4  0.000  0.529     0.00     0.00     0.00     0.00     0.00 -1    -1e-30      0.00 7.513e-01 2.484e-01 4.560e-05 1.308e-05 1.151e-04 -1.000 2.681e-04 0.364 1.162 0.579 0.322 0.261 0.253 0.258
0.00024632 -1.80000 10.04139 0.8246495724 2.4270494944    0.765  1.768  3.7796  2.624    4  0.000  0.529     0.00     0.00     0.00     0.00     0.00 -1    -1e-30      0.00 7.513e-01 2.484e-01 4.560e-05 1.308e-05 1.151e-04 -1.000 2.682e-04 0.351 1.178 0.585 0.308 0.239 0.226 0.229
0.00024632 -1.80000 10.04139 0.8246991038 2.4270656477    0.765  1.773  3.7753  2.602    4  0.000  0.529     0.00     0.00     0.00     0.00     0.00 -1    -1e-30      0.00 7.513e-01 2.484e-01 4.560e-05 1.308e-05 1.151e-04 -1.000 2.682e-04 0.338 1.191 0.588 0.295 0.218 0.201 0.202
0.00024632 -1.80000 10.04139 0.8247501850 2.4270823040    0.765  1.779  3.7713  2.580    4  0.000  0.529     0.00     0.00     0.00     0.00     0.00 -1    -1e-30      0.00 7.513e-01 2.484e-01 4.560e-05 1.308e-05 1.151e-04 -1.000 2.681e-04 0.323 1.202 0.588 0.281 0.197 0.176 0.175
0.00024632 -1.80000 10.04139 0.8248002529 2.4270986277    0.765  1.784  3.7682  2.562    4  0.000  0.529     0.00     0.00     0.00     0.00     0.00 -1    -1e-30      0.00 7.513e-01 2.484e-01 4.560e-05 1.308e-05 1.151e-04 -1.000 2.681e-04 0.309 1.207 0.585 0.268 0.178 0.154 0.152
0.00024632 -1.80000 10.04139 0.8248509765 2.4271151628    0.765  1.790  3.7653  2.544    4  0.000  0.529     0.00     0.00     0.00     0.00     0.00 -1    -1e-30      0.00 7.513e-01 2.484e-01 4.560e-05 1.308e-05 1.151e-04 -1.000 2.681e-04 0.294 1.210 0.580 0.252 0.157 0.130 0.128
0.00024632 -1.80000 10.04139 0.8249016404 2.4271316761    0.765  1.797  3.7626  2.527    4  0.000  0.529     0.00     0.00     0.00     0.00     0.00 -1    -1e-30      0.00 7.513e-01 2.484e-01 4.560e-05 1.308e-05 1.151e-04 -1.000 2.682e-04 0.276 1.210 0.573 0.235 0.135 0.106 0.102
0.00024632 -1.80000 10.04139 0.8249526620 2.4271483036    0.765  1.804  3.7603  2.511    4  0.000  0.529     0.00     0.00     0.00     0.00     0.00 -1    -1e-30      0.00 7.513e-01 2.484e-01 4.560e-05 1.308e-05 1.151e-04 -1.000 2.681e-04 0.260 1.207 0.565 0.219 0.115 0.084 0.079
0.00024632 -1.80000 10.04139 0.8249627948 2.4271516055    0.765  1.794  3.7644  2.537    4  0.000  0.529     0.00     0.00     0.00     0.00     0.00 -1    -1e-30      0.00 7.513e-01 2.484e-01 4.560e-05 1.308e-05 1.151e-04 -1.000 2.682e-04 0.285 1.206 0.575 0.244 0.147 0.119 0.116
0.00024632 -1.80000 10.04139 0.8250151277 2.4271686575    0.765  1.810  3.7583  2.497    4  0.000  0.529     0.00     0.00     0.00     0.00     0.00 -1    -1e-30      0.00 7.513e-01 2.484e-01 4.560e-05 1.308e-05 1.151e-04 -1.000 2.681e-04 0.245 1.206 0.558 0.204 0.097 0.063 0.058
0.00024632 -1.80000 10.04139 0.8250666857 2.4271854545    0.765  1.829  3.7529  2.456    4  0.000  0.529     0.00     0.00     0.00     0.00     0.00 -1    -1e-30      0.00 7.513e-01 2.484e-01 4.560e-05 1.308e-05 1.151e-04 -1.000 2.681e-04 0.197 1.196 0.530 0.157 0.041 0.001 -0.006
0.00024632 -1.80000 10.04139 0.8251100779 2.4271995893    0.765  1.860  3.7461  2.398    4  0.000  0.529     0.00     0.00     0.00     0.00     0.00 -1    -1e-30      0.00 7.513e-01 2.484e-01 4.560e-05 1.308e-05 1.151e-04 -1.000 2.681e-04 0.120 1.170 0.480 0.082 -0.046 -0.092 -0.103
0.00024632 -1.80000 10.04139 0.8251335621 2.4272072385    0.765  1.895  3.7394  2.337    4  0.000  0.529     0.00     0.00     0.00     0.00     0.00 -1    -1e-30      0.00 7.513e-01 2.484e-01 4.560e-05 1.308e-05 1.151e-04 -1.000 2.682e-04 0.033 1.134 0.418 -0.004 -0.143 -0.197 -0.210
0.00024632 -1.80000 10.04139 0.8251442313 2.4272107134    0.765  1.931  3.7334  2.277    4  0.000  0.529     0.00     0.00     0.00     0.00     0.00 -1    -1e-30      0.00 7.513e-01 2.484e-01 4.560e-05 1.308e-05 1.151e-04 -1.000 2.681e-04 -0.056 1.097 0.353 -0.092 -0.241 -0.301 -0.317
0.00024632 -1.80000 10.04139 0.8251489401 2.4272122470    0.765  1.967  3.7281  2.219    4  0.000  0.529     0.00     0.00     0.00     0.00     0.00 -1    -1e-30      0.00 7.513e-01 2.484e-01 4.560e-05 1.308e-05 1.151e-04 -1.000 2.682e-04 -0.147 1.054 0.283 -0.182 -0.340 -0.405 -0.424
0.00024632 -1.80000 10.04139 0.8251512051 2.4272129847    0.765  2.003  3.7237  2.165    4  0.000  0.529     0.00     0.00     0.00     0.00     0.00 -1    -1e-30      0.00 7.513e-01 2.484e-01 4.560e-05 1.308e-05 1.151e-04 -1.000 2.682e-04 -0.238 1.007 0.211 -0.271 -0.436 -0.507 -0.528
0.00024632 -1.80000 10.04139 0.8251520395 2.4272132565    0.765  2.027  3.7211  2.131    4  0.000  0.529     0.00     0.00     0.00     0.00     0.00 -1    -1e-30      0.00 7.513e-01 2.484e-01 4.560e-05 1.308e-05 1.151e-04 -1.000 2.682e-04 -0.298 0.972 0.163 -0.329 -0.499 -0.572 -0.594
0.00024632 -1.80000 10.04139 0.8251520991 2.4272132759    0.765  2.028  3.7211  2.131    7  0.000  0.529     0.00     0.00     0.00     0.00     0.00 -1    -1e-30      0.00 7.513e-01 2.484e-01 4.560e-05 1.308e-05 1.151e-04 -1.000 2.681e-04 -0.299 0.971 0.162 -0.330 -0.500 -0.574 -0.595
0.00024632 -1.80000 10.04139 0.8251526952 2.4272134700    0.765  2.050  3.7191  2.101    7  0.000  0.529     0.00     0.00     0.00     0.00     0.00 -1    -1e-30      0.00 7.513e-01 2.484e-01 4.560e-05 1.308e-05 1.151e-04 -1.000 2.682e-04 -0.354 0.937 0.116 -0.384 -0.558 -0.633 -0.656
0.00024632 -1.80000 10.04139 0.8251537681 2.4272138195    0.765  2.094  3.7154  2.041    7  0.000  0.529     0.00     0.00     0.00     0.00     0.00 -1    -1e-30      0.00 7.513e-01 2.484e-01 4.560e-05 1.308e-05 1.151e-04 -1.000 2.681e-04 -0.465 0.866 0.022 -0.493 -0.673 -0.753 -0.777
0.00024632 -1.80000 10.04139 0.8251546621 2.4272141106    0.765  2.127  3.7129  1.998    7  0.000  0.529     0.00     0.00     0.00     0.00     0.00 -1    -1e-30      0.00 7.513e-01 2.484e-01 4.560e-05 1.308e-05 1.151e-04 -1.000 2.682e-04 -0.548 0.810 -0.049 -0.574 -0.758 -0.841 -0.867
0.00024632 -1.80000 10.04139 0.8251556158 2.4272144212    0.765  2.143  3.7118  1.978    7  0.000  0.529     0.00     0.00     0.00     0.00     0.00 -1    -1e-30      0.00 7.513e-01 2.484e-01 4.560e-05 1.308e-05 1.151e-04 -1.000 2.681e-04 -0.588 0.784 -0.083 -0.614 -0.800 -0.884 -0.910
0.00024632 -1.80000 10.04139 0.8251577616 2.4272151201    0.765  2.150  3.7115  1.970    7  0.000  0.529     0.00     0.00     0.00     0.00     0.00 -1    -1e-30      0.00 7.513e-01 2.484e-01 4.560e-05 1.308e-05 1.151e-04 -1.000 2.681e-04 -0.605 0.770 -0.099 -0.631 -0.818 -0.903 -0.929
0.00024632 -1.80000 10.04139 0.8251595497 2.4272157024    0.765  2.140  3.7123  1.983    7  0.000  0.529     0.00     0.00     0.00     0.00     0.00 -1    -1e-30      0.00 7.513e-01 2.484e-01 4.560e-05 1.308e-05 1.151e-04 -1.000 2.681e-04 -0.580 0.787 -0.077 -0.606 -0.791 -0.875 -0.901
0.00024632 -1.80000 10.04139 0.8251664042 2.4272179348    0.765  2.120  3.7137  2.008    7  0.000  0.529     0.00     0.00     0.00     0.00     0.00 -1    -1e-30      0.00 7.513e-01 2.484e-01 4.560e-05 1.308e-05 1.151e-04 -1.000 2.681e-04 -0.530 0.819 -0.035 -0.557 -0.740 -0.822 -0.847
0.00024632 -1.80000 10.04139 0.8251957297 2.4272274850    0.765  2.159  3.7105  1.957    7  0.000  0.529     0.00     0.00     0.00     0.00     0.00 -1    -1e-30      0.00 7.513e-01 2.484e-01 4.560e-05 1.308e-05 1.151e-04 -1.000 2.682e-04 -0.628 0.760 -0.116 -0.653 -0.841 -0.927 -0.954
0.00024632 -1.80000 10.04139 0.8252133727 2.4272332303    0.765  2.198  3.7076  1.906    7  0.000  0.529     0.00     0.00     0.00     0.00     0.00 -1    -1e-30      0.00 7.513e-01 2.484e-01 4.560e-05 1.308e-05 1.151e-04 -1.000 2.682e-04 -0.725 0.700 -0.198 -0.748 -0.942 -1.031 -1.060
0.00024632 -1.80000 10.04139 0.8252272010 2.4272377331    0.765  2.238  3.7048  1.855    7  0.000  0.529     0.00     0.00     0.00     0.00     0.00 -1    -1e-30      0.00 7.513e-01 2.484e-01 4.560e-05 1.308e-05 1.151e-04 -1.000 2.681e-04 -0.824 0.638 -0.283 -0.845 -1.044 -1.137 -1.167
0.00024632 -1.80000 10.04139 0.8252433538 2.4272429927    0.765  2.290  3.7013  1.789    7  0.000  0.529     0.00     0.00     0.00     0.00     0.00 -1    -1e-30      0.00 7.513e-01 2.484e-01 4.560e-05 1.308e-05 1.151e-04 -1.000 2.682e-04 -0.955 0.555 -0.394 -0.972 -1.178 -1.275 -1.307
0.00024632 -1.80000 10.04139 0.8252588511 2.4272480385    0.765  2.336  3.6983  1.731    7  0.000  0.529     0.00     0.00     0.00     0.00     0.00 -1    -1e-30      0.00 7.513e-01 2.484e-01 4.560e-05 1.308e-05 1.151e-04 -1.000 2.681e-04 -1.070 0.483 -0.491 -1.084 -1.295 -1.396 -1.430
0.00024632 -1.80000 10.04139 0.8252727389 2.4272525602    0.765  2.378  3.6956  1.678    7  0.000  0.529     0.00     0.00     0.00     0.00     0.00 -1    -1e-30      0.00 7.514e-01 2.484e-01 4.559e-05 1.308e-05 1.151e-04 -1.000 2.401e-04 -1.176 0.417 -0.581 -1.186 -1.403 -1.507 -1.542
0.00024632 -1.80000 10.04139 0.8252850771 2.4272565772    0.765  2.420  3.6930  1.626    7  0.000  0.529     0.00     0.00     0.00     0.00     0.00 -1    -1e-30      0.00 7.514e-01 2.484e-01 4.556e-05 1.309e-05 1.151e-04 -1.000 2.419e-04 -1.279 0.353 -0.669 -1.287 -1.508 -1.616 -1.653
0.00024632 -1.80000 10.04139 0.8252961636 2.4272601865    0.765  2.461  3.6904  1.575    7  0.000  0.527     0.00     0.00     0.00     0.00     0.00 -1    -1e-30      0.00 7.514e-01 2.484e-01 4.544e-05 1.315e-05 1.151e-04 -1.000 2.384e-04 -1.381 0.289 -0.755 -1.386 -1.612 -1.723 -1.761
0.00024632 -1.80000 10.04139 0.8253061175 2.4272634271    0.765  2.501  3.6879  1.524    7  0.000  0.522     6.27     5.05     3.60     2.78     2.25  3    -1e-30      0.00 7.513e-01 2.484e-01 4.507e-05 1.344e-05 1.151e-04 -1.000 2.416e-04 -1.483 0.229 -0.839 -1.483 -1.714 -1.829 -1.868
0.00024632 -1.80000 10.04139 0.8253151178 2.4272663571    0.765  2.542  3.6854  1.474    7  0.000  0.512     6.98     5.54     3.93     3.04     2.46  3    -1e-30      0.00 7.512e-01 2.485e-01 4.438e-05 1.415e-05 1.151e-04 -1.000 2.682e-04 -1.584 0.174 -0.923 -1.580 -1.816 -1.934 -1.975
0.00024632 -1.80000 10.04139 0.8253233433 2.4272690347    0.765  2.582  3.6828  1.423    7  0.000  0.500     7.77     6.07     4.28     3.32     2.69  3    -1e-30      0.00 7.512e-01 2.486e-01 4.344e-05 1.523e-05 1.151e-04 -1.000 2.656e-04 -1.685 0.138 -1.003 -1.679 -1.920 -2.041 -2.084
0.00024632 -1.80000 10.04139 0.8253308535 2.4272714795    0.765  2.622  3.6803  1.373    7  0.000  0.488     8.64     6.64     4.67     3.63     2.93  3    -1e-30      0.00 7.510e-01 2.487e-01 4.242e-05 1.645e-05 1.152e-04 -1.000 2.588e-04 -1.785 0.109 -1.080 -1.777 -2.024 -2.148 -2.192
0.00024632 -1.80000 10.04139 0.8253378868 2.4272737690    0.765  2.662  3.6777  1.323    7  0.000  0.477     9.61     7.27     5.09     3.96     3.20  3    -1e-30      0.00 7.509e-01 2.489e-01 4.147e-05 1.762e-05 1.152e-04 -1.000 2.595e-04 -1.884 0.088 -1.154 -1.874 -2.127 -2.254 -2.300
0.00024632 -1.80000 10.04139 0.8253445625 2.4272759421    0.765  2.701  3.6752  1.273    7  0.000  0.467    10.68     7.95     5.55     4.32     3.50  3    -1e-30      0.00 7.507e-01 2.490e-01 4.063e-05 1.865e-05 1.152e-04 -1.000 2.661e-04 -1.983 0.073 -1.225 -1.970 -2.229 -2.360 -2.407
0.00024632 -1.80000 10.04139 0.8253509998 2.4272780375    0.765  2.740  3.6726  1.224    7  0.000  0.459    11.86     8.70     6.04     4.71     3.81  2    -1e-30      0.00 7.506e-01 2.492e-01 3.992e-05 1.953e-05 1.152e-04 -1.000 2.590e-04 -2.081 0.065 -1.294 -2.065 -2.329 -2.464 -2.513
0.00024632 -1.80000 10.04139 0.8253572583 2.4272800747    0.765  2.780  3.6700  1.174    7  0.000  0.452    13.20     9.52     6.59     5.14     4.17  2    -1e-30      0.00 7.504e-01 2.493e-01 3.929e-05 2.031e-05 1.152e-04 -1.000 2.574e-04 -2.180 0.063 -1.361 -2.161 -2.432 -2.571 -2.621
0.00024632 -1.80000 10.04139 0.8253629804 2.4272819372    0.765  2.820  3.6674  1.124    7  0.000  0.446    14.68    10.43     7.19     5.62     4.55  2    -1e-30      0.00 7.502e-01 2.495e-01 3.874e-05 2.098e-05 1.151e-04 -1.000 2.682e-04 -2.279 0.068 -1.425 -2.255 -2.534 -2.676 -2.728
0.00024632 -1.80000 10.04139 0.8253682852 2.4272836639    0.765  2.862  3.6645  1.070    7  0.000  0.440    16.45    11.48     7.88     6.17     5.00  2    -1e-30      0.00 7.501e-01 2.496e-01 3.826e-05 2.159e-05 1.151e-04 -1.000 2.681e-04 -2.385 0.083 -1.488 -2.354 -2.641 -2.788 -2.842
0.00024632 -1.80000 10.04139 0.8253729343 2.4272851771    0.765  2.905  3.6616  1.015    7  0.000  0.436    18.50    12.69     8.67     6.80     5.51  2    -1e-30      0.00 7.499e-01 2.498e-01 3.783e-05 2.213e-05 1.150e-04 -1.000 2.682e-04 -2.493 0.109 -1.551 -2.456 -2.752 -2.904 -2.961
0.00024632 -1.80000 10.04139 0.8253765106 2.4272863411    0.765  2.945  3.6588  0.964    7  0.000  0.432    20.62    13.92     9.47     7.43     6.03  2    -1e-30      0.00 7.497e-01 2.500e-01 3.749e-05 2.259e-05 1.149e-04 -1.000 2.682e-04 -2.593 0.149 -1.600 -2.548 -2.854 -3.011 -3.070
0.00024632 -1.80000 10.04139 0.8253795505 2.4272873306    0.765  2.982  3.6562  0.916    7  0.000  0.430    22.79    15.16    10.28     8.07     6.55  1    -1e-30      0.00 7.496e-01 2.502e-01 3.721e-05 2.298e-05 1.147e-04 -1.000 2.683e-04 -2.685 0.162 -1.649 -2.629 -2.945 -3.106 -3.167
0.00024632 -1.80000 10.04139 0.8253825307 2.4272883006    0.765  3.021  3.6534  0.867    7  0.000  0.428    25.32    16.58    11.20     8.81     7.14  1    -1e-30      0.00 7.494e-01 2.503e-01 3.698e-05 2.335e-05 1.146e-04 -1.000 2.682e-04 -2.782 0.163 -1.702 -2.714 -3.039 -3.205 -3.269
0.00024632 -1.80000 10.04139 0.8253852129 2.4272891736    0.765  3.058  3.6507  0.819    7  0.000  0.427    28.02    18.07    12.15     9.57     7.76  1    -1e-30      0.00 7.493e-01 2.505e-01 3.681e-05 2.366e-05 1.144e-04 -1.000 2.682e-04 -2.874 0.167 -1.752 -2.794 -3.128 -3.300 -3.366
0.00024632 -1.80000 10.04139 0.8253877163 2.4272899884    0.765  3.108  3.6470  0.753    7  0.000  0.425    32.23    20.36    13.62    10.75     8.72  1    -1e-30      0.00 7.491e-01 2.506e-01 3.659e-05 2.414e-05 1.141e-04 -1.000 2.682e-04 -3.001 0.173 -1.819 -2.902 -3.250 -3.429 -3.498
0.00024632 -1.80000 10.04139 0.8253878951 2.4272900466    0.765  3.122  3.6459  0.735    7  0.000  0.425    33.48    21.03    14.05    11.09     9.00  1    -1e-30      0.00 7.491e-01 2.506e-01 3.656e-05 2.420e-05 1.141e-04 -1.000 2.681e-04 -3.035 0.175 -1.836 -2.931 -3.283 -3.464 -3.534
0.00024632 -1.80000 10.04139 0.8253880143 2.4272900854    0.765  3.138  3.6447  0.714    7  0.000  0.425    35.00    21.85    14.57    11.51     9.34  1    -1e-30      0.00 7.490e-01 2.507e-01 3.646e-05 2.447e-05 1.139e-04 -1.000 2.669e-04 -3.076 0.178 -1.857 -2.965 -3.321 -3.505 -3.575
0.00024632 -1.80000 10.04139 0.8253882527 2.4272901630    0.765  3.175  3.6420  0.667    7  0.000  0.424    38.69    23.79    15.80    12.50    10.14  1    -1e-30      0.00 7.487e-01 2.510e-01 3.627e-05 2.505e-05 1.135e-04 -1.000 2.638e-04 -3.166 0.184 -1.903 -3.042 -3.408 -3.597 -3.670
0.00024632 -1.80000 10.04139 0.8253887892 2.4272903375    0.765  3.223  3.6382  0.603    7  0.000  0.423    44.31    26.70    17.64    13.98    11.35  1    -1e-30      0.00 7.484e-01 2.513e-01 3.600e-05 2.585e-05 1.129e-04 -1.000 2.682e-04 -3.288 0.197 -1.958 -3.142 -3.522 -3.719 -3.796
0.00024632 -1.80000 10.04139 0.8253889084 2.4272903763    0.765  3.234  3.6374  0.590    7  0.549  0.423    45.62    27.37    18.06    14.32    11.62  1    -1e-30      0.00 7.484e-01 2.514e-01 3.592e-05 2.605e-05 1.128e-04 -1.000 2.681e-04 -3.314 0.201 -1.969 -3.163 -3.546 -3.745 -3.822
0.00024632 -1.80000 10.04139 0.8253890276 2.4272904151    0.765  3.285  3.6308  0.512    8  0.529  0.425    53.85    31.52    20.67    16.42    13.33  1 -4.95e-07      0.00 7.457e-01 2.541e-01 3.545e-05 2.930e-05 1.137e-04 -1.000 1.980e-04 -3.444 0.283 -1.986 -3.251 -3.658 -3.871 -3.954
0.00024632 -1.80000 10.04139 0.8253890872 2.4272904345    0.764  3.087  3.6458  0.769    8  0.529  0.416    31.13    19.77    13.24    10.44     8.47  1 -2.13e-07      0.00 7.457e-01 2.541e-01 3.545e-05 2.930e-05 1.137e-04 -1.000 1.979e-04 -2.947 0.240 -1.756 -2.843 -3.193 -3.374 -3.443
0.00024632 -1.80000 10.04139 0.8253892064 2.4272904733    0.762  2.938  3.6574  0.964    8  0.529  0.416    20.58    13.90     9.46     7.42     6.01  2 -1.18e-07      0.00 7.457e-01 2.541e-01 3.545e-05 2.930e-05 1.137e-04 -1.000 1.980e-04 -2.574 0.211 -1.563 -2.524 -2.833 -2.992 -3.052
0.00024632 -1.80000 10.04139 0.8253893852 2.4272905315    0.757  2.732  3.6734  1.231    8  0.529  0.416    11.65     8.56     5.95     4.64     3.76  3 -5.56e-08      0.00 7.457e-01 2.541e-01 3.545e-05 2.930e-05 1.137e-04 -1.000 1.980e-04 -2.059 0.062 -1.280 -2.044 -2.307 -2.440 -2.489
0.00024632 -1.80000 10.04139 0.8253896832 2.4272906285    0.751  2.738  3.6727  1.218    8  0.529  0.416    11.94     8.75     6.07     4.74     3.83  2 -5.76e-08      0.00 7.457e-01 2.541e-01 3.545e-05 2.930e-05 1.137e-04 -1.000 1.980e-04 -2.075 0.070 -1.288 -2.059 -2.324 -2.459 -2.507
0.00024632 -1.80000 10.04139 0.8253900409 2.4272907449    0.742  2.830  3.6653  1.092    8  0.529  0.416    15.56    10.95     7.53     5.89     4.77  2 -8.15e-08      0.00 7.457e-01 2.541e-01 3.545e-05 2.930e-05 1.137e-04 -1.000 1.979e-04 -2.304 0.125 -1.421 -2.276 -2.560 -2.705 -2.759
0.00024632 -1.80000 10.04139 0.8253904581 2.4272908807    0.733  3.007  3.6513  0.853    8  0.530  0.416    25.78    16.80    11.33     8.93     7.24  1 -1.66e-07      0.00 7.457e-01 2.541e-01 3.545e-05 2.930e-05 1.137e-04 -1.000 1.980e-04 -2.747 0.256 -1.640 -2.670 -3.001 -3.171 -3.236
0.00024632 -1.80000 10.04139 0.8253909945 2.4272910553    0.722  3.164  3.6387  0.639    8  0.530  0.416    40.58    24.67    16.34    12.96    10.51  1 -3.29e-07      0.00 7.457e-01 2.541e-01 3.545e-05 2.930e-05 1.137e-04 -1.000 1.980e-04 -3.141 0.306 -1.828 -2.998 -3.375 -3.570 -3.646
0.00024632 -1.80000 10.04139 0.8253915310 2.4272912299    0.709  3.270  3.6302  0.491    8  0.530  0.416    55.43    32.08    20.99    16.72    13.57  1 -5.41e-07      0.00 7.457e-01 2.541e-01 3.545e-05 2.930e-05 1.137e-04 -1.000 1.980e-04 -3.406 0.352 -1.931 -3.208 -3.619 -3.834 -3.917
0.00024632 -1.80000 10.04139 0.8253921866 2.4272914433    0.695  3.330  3.6251  0.403    8  0.531  0.416    66.70    37.45    24.32    19.43    15.78  1 -7.37e-07      0.00 7.457e-01 2.541e-01 3.545e-05 2.930e-05 1.137e-04 -1.000 1.980e-04 -3.555 0.380 -1.969 -3.317 -3.753 -3.981 -4.069
0.00024632 -1.80000 10.04139 0.8253929615 2.4272916955    0.680  3.362  3.6223  0.350    8  0.531  0.416    74.38    40.96    26.48    21.20    17.22  1 -8.91e-07      0.00 7.457e-01 2.541e-01 3.545e-05 2.930e-05 1.137e-04 -1.000 1.981e-04 -3.634 0.402 -1.981 -3.372 -3.823 -4.058 -4.150
0.00024632 -1.80000 10.04139 0.8253937364 2.4272919477    0.664  3.382  3.6203  0.311    8  0.532  0.416    80.61    43.71    28.16    22.59    18.34  1 -1.03e-06      0.00 7.457e-01 2.541e-01 3.545e-05 2.930e-05 1.137e-04 -1.000 1.980e-04 -3.686 0.422 -1.983 -3.405 -3.868 -4.109 -4.203
0.00024632 -1.80000 10.04139 0.8253974915 2.4272931699    0.534 -9.999  4.0000  1.830    9  0.534  0.000     0.00     0.00     0.00     0.00     0.00 -1    -1e-30      0.00 7.457e-01 2.541e-01 3.545e-05 2.930e-05 1.137e-04 -1.000 1.980e-04 29.767 30.106 29.968 30.247 30.475 30.554 30.643
