# Zini     MH   logAge Mini        int_IMF         Mass   logL    logTe  logg  label   McoreTP C_O  period0  period1  period2  period3  period4  pmode  Mloss  tau1m   X   Y   Xc  Xn  Xo  Cexcess  Z 	 mbolmag  umag    gmag    rmag    imag    zmag    Ymag
0.00039019 -1.60000 10.07188 0.0900000036 1.0816895926    0.090 -3.188  3.4783  5.445    1  0.000  0.545     0.00     0.00     0.00     0.00     0.00 -1 -5.16e-17      0.00 7.481e-01 2.515e-01 7.531e-05 2.032e-05 1.843e-04 -1.000 4.188e-04 12.739 17.877 16.125 14.194 12.590 12.072 11.968
0.00039019 -1.60000 10.07188 0.0981490463 1.1554560666    0.098 -2.930  3.5154  5.373    1  0.000  0.545     0.00     0.00     0.00     0.00     0.00 -1 -9.71e-17      0.00 7.465e-01 2.531e-01 7.531e-05 2.032e-05 1.843e-04 -1.000 4.188e-04 12.094 16.981 14.770 12.993 11.907 11.507 11.399
0.00039019 -1.60000 10.07188 0.1000000015 1.1711064122    0.100 -2.874  3.5234  5.358    1  0.000  0.545     0.00     0.00     0.00     0.00     0.00 -1 -1.11e-16      0.00 7.461e-01 2.535e-01 7.531e-05 2.032e-05 1.843e-04 -1.000 4.188e-04 11.956 16.742 14.493 12.757 11.761 11.382 11.275
0.00039019 -1.60000 10.07188 0.1051516756 1.2127536339    0.105 -2.795  3.5320  5.335    1  0.000  0.545     0.00     0.00     0.00     0.00     0.00 -1 -1.34e-16      0.00 7.454e-01 2.542e-01 7.531e-05 2.032e-05 1.843e-04 -1.000 4.188e-04 11.757 16.417 14.151 12.462 11.556 11.197 11.091
0.00039019 -1.60000 10.07188 0.1199999899 1.3193153758    0.120 -2.586  3.5545  5.273    1  0.000  0.545     0.00     0.00     0.00     0.00     0.00 -1 -2.17e-16      0.00 7.434e-01 2.562e-01 7.531e-05 2.032e-05 1.843e-04 -1.000 4.189e-04 11.236 15.492 13.281 11.724 11.018 10.706 10.605
0.00039019 -1.60000 10.07188 0.1400000006 1.4384526719    0.140 -2.404  3.5696  5.218    1  0.000  0.545     0.00     0.00     0.00     0.00     0.00 -1 -3.26e-16      0.00 7.414e-01 2.582e-01 7.531e-05 2.032e-05 1.843e-04 -1.000 4.188e-04 10.780 14.723 12.609 11.150 10.554 10.269 10.173
0.00039019 -1.60000 10.07188 0.1599999964 1.5372931554    0.160 -2.261  3.5797  5.174    1  0.000  0.545     0.00     0.00     0.00     0.00     0.00 -1 -4.46e-16      0.00 7.400e-01 2.596e-01 7.531e-05 2.032e-05 1.843e-04 -1.000 4.188e-04 10.423 14.162 12.121 10.732 10.192 9.924 9.832
0.00039019 -1.60000 10.07188 0.2000000179 1.6938791367    0.200 -2.040  3.5926  5.102    1  0.000  0.545     0.00     0.00     0.00     0.00     0.00 -1 -7.21e-16      0.00 7.389e-01 2.607e-01 7.531e-05 2.032e-05 1.843e-04 -1.000 4.188e-04 9.870 13.333 11.407 10.117 9.633 9.385 9.299
0.00039019 -1.60000 10.07188 0.2500000000 1.8403257998    0.250 -1.837  3.6037  5.040    1  0.000  0.545     0.00     0.00     0.00     0.00     0.00 -1 -9.34e-16      0.00 7.389e-01 2.606e-01 7.530e-05 2.032e-05 1.843e-04 -1.000 4.188e-04 9.362 12.609 10.771 9.564 9.119 8.887 8.807
0.00039019 -1.60000 10.07188 0.3000000417 1.9529140366    0.300 -1.682  3.6124  4.998    1  0.000  0.545     0.00     0.00     0.00     0.00     0.00 -1 -1.51e-15      0.00 7.391e-01 2.605e-01 7.529e-05 2.032e-05 1.843e-04 -1.000 4.189e-04 8.974 12.062 10.289 9.144 8.725 8.507 8.431
0.00039019 -1.60000 10.07188 0.3149210513 1.9818647443    0.315 -1.642  3.6148  4.989    1  0.000  0.545     0.00     0.00     0.00     0.00     0.00 -1 -1.64e-15      0.00 7.391e-01 2.605e-01 7.528e-05 2.032e-05 1.843e-04 -1.000 4.189e-04 8.875 11.922 10.165 9.037 8.625 8.411 8.336
0.00039019 -1.60000 10.07188 0.3499999940 2.0434174644    0.350 -1.556  3.6200  4.970    1  0.000  0.545     0.00     0.00     0.00     0.00     0.00 -1 -1.94e-15      0.00 7.391e-01 2.605e-01 7.526e-05 2.032e-05 1.843e-04 -1.000 4.188e-04 8.659 11.618 9.895 8.803 8.406 8.199 8.127
0.00039019 -1.60000 10.07188 0.4000000060 2.1185024399    0.400 -1.417  3.6307  4.932    1  0.000  0.545     0.00     0.00     0.00     0.00     0.00 -1  -2.6e-15      0.00 7.503e-01 2.493e-01 7.531e-05 2.032e-05 1.843e-04 -1.000 4.188e-04 8.312 11.094 9.441 8.422 8.055 7.865 7.798
0.00039019 -1.60000 10.07188 0.4500000179 2.1822809362    0.450 -1.247  3.6486  4.885    1  0.000  0.545     0.00     0.00     0.00     0.00     0.00 -1 -3.83e-15      0.00 7.505e-01 2.491e-01 7.531e-05 2.032e-05 1.843e-04 -1.000 4.188e-04 7.888 10.390 8.853 7.946 7.625 7.462 7.404
0.00039019 -1.60000 10.07188 0.4751893878 2.2110202676    0.475 -1.149  3.6610  4.860    1  0.000  0.545     0.00     0.00     0.00     0.00     0.00 -1 -4.81e-15      0.00 7.505e-01 2.491e-01 7.531e-05 2.032e-05 1.843e-04 -1.000 4.188e-04 7.642 9.951 8.502 7.669 7.377 7.231 7.180
0.00039019 -1.60000 10.07188 0.5000000000 2.2374541529    0.500 -1.057  3.6727  4.837    1  0.000  0.545     0.00     0.00     0.00     0.00     0.00 -1 -5.95e-15      0.00 7.505e-01 2.491e-01 7.531e-05 2.032e-05 1.843e-04 -1.000 4.188e-04 7.412 9.533 8.179 7.413 7.148 7.018 6.973
0.00039019 -1.60000 10.07188 0.5500000715 2.2836583126    0.550 -0.845  3.6965  4.761    1  0.000  0.544     0.00     0.00     0.00     0.00     0.00 -1 -1.01e-14      0.00 7.843e-01 2.154e-01 6.576e-05 1.775e-05 1.611e-04 -1.000 3.192e-04 6.884 8.634 7.491 6.844 6.625 6.526 6.494
0.00039019 -1.60000 10.07188 0.6000000238 2.3211213258    0.600 -0.637  3.7235  4.699    1  0.000  0.544     0.00     0.00     0.00     0.00     0.00 -1 -1.67e-14      0.00 7.953e-01 2.044e-01 6.281e-05 1.697e-05 1.540e-04 -1.000 3.293e-04 6.362 7.759 6.836 6.301 6.127 6.060 6.042
0.00039019 -1.60000 10.07188 0.6003688574 2.3213711332    0.600 -0.635  3.7237  4.698    1  0.000  0.544     0.00     0.00     0.00     0.00     0.00 -1 -1.68e-14      0.00 7.954e-01 2.043e-01 6.279e-05 1.696e-05 1.540e-04 -1.000 3.294e-04 6.358 7.752 6.831 6.297 6.123 6.056 6.038
0.00039019 -1.60000 10.07188 0.6134275198 2.3299934816    0.613 -0.578  3.7317  4.683    1  0.000  0.543     0.00     0.00     0.00     0.00     0.00 -1 -1.93e-14      0.00 7.989e-01 2.008e-01 6.189e-05 1.672e-05 1.518e-04 -1.000 3.362e-04 6.216 7.520 6.656 6.152 5.992 5.933 5.920
0.00039019 -1.60000 10.07188 0.6246021986 2.3370436105    0.624 -0.529  3.7385  4.669    1  0.000  0.543     0.00     0.00     0.00     0.00     0.00 -1 -2.17e-14      0.00 8.019e-01 1.977e-01 6.108e-05 1.651e-05 1.499e-04 -1.000 3.398e-04 6.093 7.328 6.509 6.030 5.879 5.828 5.818
0.00039019 -1.60000 10.07188 0.6354126930 2.3435932990    0.635 -0.481  3.7450  4.654    1  0.000  0.543     0.00     0.00     0.00     0.00     0.00 -1 -2.45e-14      0.00 8.051e-01 1.946e-01 6.027e-05 1.629e-05 1.479e-04 -1.000 3.436e-04 5.974 7.147 6.367 5.912 5.772 5.727 5.720
0.00039019 -1.60000 10.07188 0.6454592347 2.3494544913    0.645 -0.437  3.7508  4.640    1  0.000  0.543     0.00     0.00     0.00     0.00     0.00 -1 -1.33e-15      0.00 8.081e-01 1.916e-01 5.949e-05 1.608e-05 1.461e-04 -1.000 3.403e-04 5.862 6.982 6.237 5.803 5.672 5.634 5.629
0.00039019 -1.60000 10.07188 0.6499999762 2.3520353107    0.650 -0.416  3.7535  4.633    1  0.000  0.543     0.00     0.00     0.00     0.00     0.00 -1 -2.88e-14      0.00 8.095e-01 1.902e-01 5.912e-05 1.598e-05 1.452e-04 -1.000 3.363e-04 5.811 6.908 6.178 5.754 5.627 5.592 5.588
0.00039019 -1.60000 10.07188 0.6612548828 2.3582568913    0.661 -0.365  3.7595  4.614    1  0.000  0.542     0.00     0.00     0.00     0.00     0.00 -1 -3.28e-14      0.00 8.139e-01 1.858e-01 5.799e-05 1.568e-05 1.425e-04 -1.000 3.458e-04 5.683 6.726 6.031 5.631 5.514 5.485 5.484
0.00039019 -1.60000 10.07188 0.6733831167 2.3646942191    0.673 -0.309  3.7659  4.591    1  0.000  0.542     0.00     0.00     0.00     0.00     0.00 -1 -3.79e-14      0.00 8.189e-01 1.808e-01 5.669e-05 1.534e-05 1.394e-04 -1.000 3.426e-04 5.544 6.539 5.875 5.497 5.391 5.368 5.369
0.00039019 -1.60000 10.07188 0.6845247746 2.3703772994    0.684 -0.257  3.7716  4.568    1  0.000  0.542     0.00     0.00     0.00     0.00     0.00 -1 -4.07e-14      0.00 8.238e-01 1.758e-01 5.541e-05 1.500e-05 1.363e-04 -1.000 3.271e-04 5.412 6.366 5.729 5.372 5.274 5.257 5.260
0.00039019 -1.60000 10.07188 0.6951478720 2.3756012315    0.695 -0.205  3.7769  4.545    1  0.000  0.541     0.00     0.00     0.00     0.00     0.00 -1    -4e-14      0.00 8.289e-01 1.708e-01 5.412e-05 1.465e-05 1.333e-04 -1.000 2.555e-04 5.283 6.201 5.586 5.249 5.160 5.148 5.152
0.00039019 -1.60000 10.07188 0.6999999881 2.3779266974    0.700 -0.181  3.7793  4.533    1  0.000  0.541     0.00     0.00     0.00     0.00     0.00 -1 -5.34e-14      0.00 8.313e-01 1.684e-01 5.350e-05 1.449e-05 1.318e-04 -1.000 2.578e-04 5.222 6.124 5.520 5.191 5.105 5.096 5.101
0.00039019 -1.60000 10.07188 0.7056862116 2.3806051771    0.705 -0.152  3.7820  4.518    1  0.000  0.540     0.00     0.00     0.00     0.00     0.00 -1 -5.78e-14      0.00 8.346e-01 1.651e-01 5.256e-05 1.426e-05 1.297e-04 -1.000 2.698e-04 5.150 6.036 5.441 5.122 5.041 5.034 5.040
0.00039019 -1.60000 10.07188 0.7153751850 2.3850565346    0.715 -0.101  3.7865  4.491    1  0.000  0.538     0.00     0.00     0.00     0.00     0.00 -1 -6.67e-14      0.00 8.402e-01 1.596e-01 5.098e-05 1.387e-05 1.263e-04 -1.000 2.643e-04 5.021 5.883 5.303 5.000 4.925 4.923 4.931
0.00039019 -1.60000 10.07188 0.7238793969 2.3888508676    0.723 -0.053  3.7903  4.464    1  0.000  0.536     0.00     0.00     0.00     0.00     0.00 -1 -7.62e-14      0.00 8.449e-01 1.548e-01 4.965e-05 1.354e-05 1.234e-04 -1.000 2.597e-04 4.903 5.744 5.175 4.886 4.818 4.819 4.828
0.00039019 -1.60000 10.07188 0.7322760224 2.3924979366    0.732 -0.004  3.7940  4.435    1  0.000  0.534     0.00     0.00     0.00     0.00     0.00 -1 -8.77e-14      0.00 8.494e-01 1.503e-01 4.842e-05 1.324e-05 1.208e-04 -1.000 2.678e-04 4.781 5.603 5.044 4.768 4.705 4.710 4.721
0.00039019 -1.60000 10.07188 0.7394874096 2.3955542880    0.739  0.040  3.7970  4.407    1  0.000  0.533     0.00     0.00     0.00     0.00     0.00 -1 -9.97e-14      0.00 8.530e-01 1.467e-01 4.744e-05 1.301e-05 1.187e-04 -1.000 2.608e-04 4.670 5.478 4.925 4.661 4.603 4.611 4.622
0.00039019 -1.60000 10.07188 0.7464734912 2.3984504812    0.746  0.085  3.7998  4.377    1  0.000  0.531     0.00     0.00     0.00     0.00     0.00 -1 -3.72e-14      0.00 8.563e-01 1.434e-01 4.658e-05 1.280e-05 1.169e-04 -1.000 2.595e-04 4.557 5.350 4.805 4.550 4.497 4.508 4.520
0.00039019 -1.60000 10.07188 0.7500000000 2.3998889087    0.749  0.109  3.8012  4.361    1  0.000  0.530     0.00     0.00     0.00     0.00     0.00 -1 -1.22e-13      0.00 8.579e-01 1.418e-01 4.617e-05 1.270e-05 1.160e-04 -1.000 2.688e-04 4.498 5.285 4.742 4.492 4.442 4.453 4.466
0.00039019 -1.60000 10.07188 0.7511947155 2.4003727004    0.751  0.117  3.8017  4.355    1  0.000  0.530     0.00     0.00     0.00     0.00     0.00 -1 -1.25e-13      0.00 8.582e-01 1.416e-01 4.614e-05 1.269e-05 1.159e-04 -1.000 2.723e-04 4.477 5.263 4.721 4.473 4.423 4.435 4.448
0.00039019 -1.60000 10.07188 0.7583914995 2.4032499427    0.758  0.169  3.8045  4.319    1  0.000  0.530     0.00     0.00     0.00     0.00     0.00 -1 -1.46e-13      0.00 8.596e-01 1.401e-01 4.596e-05 1.265e-05 1.156e-04 -1.000 2.683e-04 4.348 5.121 4.584 4.346 4.301 4.316 4.330
0.00039019 -1.60000 10.07188 0.7649781704 2.4058287729    0.764  0.219  3.8069  4.282    1  0.000  0.530     0.00     0.00     0.00     0.00     0.00 -1 -1.71e-13      0.00 8.608e-01 1.390e-01 4.582e-05 1.261e-05 1.153e-04 -1.000 2.459e-04 4.222 4.984 4.450 4.222 4.180 4.198 4.212
0.00039019 -1.60000 10.07188 0.7710050941 2.4081441085    0.770  0.269  3.8088  4.242    1  0.000  0.529     0.00     0.00     0.00     0.00     0.00 -1    -2e-13      0.00 8.617e-01 1.380e-01 4.573e-05 1.259e-05 1.152e-04 -1.000 2.623e-04 4.097 4.851 4.319 4.098 4.060 4.079 4.094
0.00039019 -1.60000 10.07188 0.7766193748 2.4102637832    0.776  0.319  3.8100  4.201    1  0.000  0.529     0.00     0.00     0.00     0.00     0.00 -1 -2.34e-13      0.00 8.613e-01 1.384e-01 4.594e-05 1.266e-05 1.158e-04 -1.000 2.801e-04 3.973 4.721 4.191 3.975 3.939 3.959 3.975
0.00039019 -1.60000 10.07188 0.7804657817 2.4116957695    0.779  0.354  3.8106  4.170    1  0.000  0.529     0.00     0.00     0.00     0.00     0.00 -1 -2.63e-13      0.00 8.608e-01 1.389e-01 4.616e-05 1.272e-05 1.163e-04 -1.000 2.908e-04 3.884 4.629 4.099 3.886 3.851 3.872 3.888
0.00039019 -1.60000 10.07188 0.7818758488 2.4122166692    0.781  0.369  3.8105  4.156    1  0.000  0.529     0.00     0.00     0.00     0.00     0.00 -1 -2.77e-13      0.00 8.606e-01 1.391e-01 4.625e-05 1.274e-05 1.165e-04 -1.000 2.929e-04 3.848 4.593 4.062 3.849 3.815 3.835 3.851
0.00039019 -1.60000 10.07188 0.7873557210 2.4142206597    0.786  0.428  3.8091  4.094    1  0.000  0.529     0.00     0.00     0.00     0.00     0.00 -1 -3.38e-13      0.00 8.597e-01 1.400e-01 4.658e-05 1.283e-05 1.174e-04 -1.000 3.008e-04 3.699 4.447 3.914 3.698 3.662 3.681 3.696
0.00039019 -1.60000 10.07188 0.7915209532 2.4157225592    0.790  0.481  3.8060  4.031    1  0.000  0.529     0.00     0.00     0.00     0.00     0.00 -1 -4.09e-13      0.00 8.590e-01 1.407e-01 4.684e-05 1.290e-05 1.181e-04 -1.000 3.067e-04 3.568 4.327 3.788 3.563 3.522 3.539 3.552
0.00039019 -1.60000 10.07188 0.7922309041 2.4159767423    0.791  0.491  3.8051  4.018    1  0.000  0.529     0.00     0.00     0.00     0.00     0.00 -1 -4.27e-13      0.00 8.589e-01 1.408e-01 4.688e-05 1.292e-05 1.182e-04 -1.000 3.077e-04 3.543 4.306 3.765 3.537 3.496 3.511 3.525
0.00039019 -1.60000 10.07188 0.7929178476 2.4162221899    0.792  0.501  3.8040  4.003    1  0.000  0.529     0.00     0.00     0.00     0.00     0.00 -1 -4.45e-13      0.00 8.588e-01 1.409e-01 4.692e-05 1.293e-05 1.183e-04 -1.000 3.086e-04 3.517 4.284 3.741 3.510 3.467 3.481 3.494
0.00039019 -1.60000 10.07188 0.7952226996 2.4170421607    0.794  0.539  3.7991  3.948    2  0.000  0.529     0.00     0.00     0.00     0.00     0.00 -1 -5.13e-13      0.00 8.585e-01 1.412e-01 4.706e-05 1.297e-05 1.186e-04 -1.000 3.120e-04 3.424 4.209 3.657 3.411 3.361 3.371 3.382
0.00039019 -1.60000 10.07188 0.7969810367 2.4176640379    0.795  0.571  3.7932  3.892    2  0.000  0.529     0.00     0.00     0.00     0.00     0.00 -1 -5.89e-13      0.00 8.581e-01 1.416e-01 4.722e-05 1.301e-05 1.190e-04 -1.000 3.145e-04 3.342 4.152 3.588 3.324 3.265 3.269 3.278
0.00039019 -1.60000 10.07188 0.7983550429 2.4181477955    0.797  0.601  3.7860  3.835    2  0.000  0.529     0.00     0.00     0.00     0.00     0.00 -1 -6.73e-13      0.00 8.570e-01 1.427e-01 4.758e-05 1.311e-05 1.199e-04 -1.000 3.169e-04 3.268 4.112 3.532 3.244 3.174 3.171 3.178
0.00039019 -1.60000 10.07188 0.7994607687 2.4185357090    0.798  0.626  3.7786  3.780    2  0.000  0.530     0.00     0.00     0.00     0.00     0.00 -1  -7.6e-13      0.00 8.448e-01 1.548e-01 5.135e-05 1.413e-05 1.292e-04 -1.000 3.183e-04 3.204 4.086 3.486 3.174 3.093 3.082 3.086
0.00039019 -1.60000 10.07188 0.8000000119 2.4187244405    0.798  0.640  3.7743  3.750    2  0.000  0.531     0.00     0.00     0.00     0.00     0.00 -1 -8.12e-13      0.00 8.337e-01 1.660e-01 5.443e-05 1.496e-05 1.366e-04 -1.000 3.187e-04 3.171 4.078 3.465 3.138 3.050 3.035 3.037
0.00039019 -1.60000 10.07188 0.8002597690 2.4188152493    0.799  0.646  3.7723  3.735    2  0.000  0.531     0.00     0.00     0.00     0.00     0.00 -1 -8.38e-13      0.00 8.283e-01 1.713e-01 5.591e-05 1.536e-05 1.402e-04 -1.000 3.186e-04 3.155 4.074 3.454 3.120 3.029 3.012 3.014
0.00039019 -1.60000 10.07188 0.8010412455 2.4190880383    0.799  0.668  3.7655  3.687    2  0.000  0.533     0.00     0.00     0.00     0.00     0.00 -1 -9.31e-13      0.00 8.068e-01 1.928e-01 6.086e-05 1.669e-05 1.521e-04 -1.000 3.404e-04 3.100 4.062 3.419 3.062 2.960 2.937 2.936
0.00039019 -1.60000 10.07188 0.8017622828 2.4193391876    0.800  0.692  3.7588  3.636    2  0.000  0.535     0.00     0.00     0.00     0.00     0.00 -1 -1.04e-12      0.00 7.905e-01 2.092e-01 6.460e-05 1.769e-05 1.610e-04 -1.000 3.353e-04 3.040 4.046 3.379 2.999 2.887 2.856 2.853
0.00039019 -1.60000 10.07188 0.8024859428 2.4195907286    0.801  0.723  3.7523  3.579    2  0.000  0.536     0.00     0.00     0.00     0.00     0.00 -1  -1.2e-12      0.00 7.799e-01 2.198e-01 6.704e-05 1.834e-05 1.668e-04 -1.000 3.730e-04 2.961 4.015 3.321 2.918 2.796 2.758 2.752
0.00039019 -1.60000 10.07188 0.8030518889 2.4197870857    0.801  0.756  3.7478  3.529    2  0.000  0.536     0.00     0.00     0.00     0.00     0.00 -1 -1.36e-12      0.00 7.745e-01 2.251e-01 6.831e-05 1.868e-05 1.699e-04 -1.000 3.909e-04 2.880 3.967 3.254 2.836 2.706 2.665 2.656
0.00039019 -1.60000 10.07188 0.8036120534 2.4199811236    0.802  0.795  3.7440  3.475    2  0.000  0.536     0.00     0.00     0.00     0.00     0.00 -1 -1.59e-12      0.00 7.707e-01 2.290e-01 6.918e-05 1.891e-05 1.720e-04 -1.000 3.458e-04 2.783 3.898 3.170 2.739 2.603 2.557 2.547
0.00039019 -1.60000 10.07188 0.8037920594 2.4200434107    0.802  0.810  3.7430  3.457    2  0.000  0.536     0.00     0.00     0.00     0.00     0.00 -1 -1.68e-12      0.00 7.697e-01 2.299e-01 6.939e-05 1.897e-05 1.724e-04 -1.000 3.455e-04 2.746 3.868 3.136 2.702 2.565 2.518 2.507
0.00039019 -1.60000 10.07188 0.8042750955 2.4202103962    0.802  0.851  3.7406  3.406    3  0.000  0.537     0.00     0.00     0.00     0.00     0.00 -1 -1.95e-12      0.00 7.673e-01 2.323e-01 6.989e-05 1.910e-05 1.737e-04 -1.000 4.119e-04 2.643 3.783 3.041 2.599 2.458 2.408 2.397
0.00039019 -1.60000 10.07188 0.8048033714 2.4203927572    0.803  0.900  3.7383  3.348    3  0.000  0.537     0.00     0.00     0.00     0.00     0.00 -1 -2.33e-12      0.00 7.649e-01 2.347e-01 7.034e-05 1.922e-05 1.747e-04 -1.000 3.854e-04 2.520 3.680 2.927 2.477 2.332 2.280 2.267
0.00039019 -1.60000 10.07188 0.8052518964 2.4205473722    0.803  0.945  3.7365  3.296    3  0.000  0.537     0.00     0.00     0.00     0.00     0.00 -1 -2.75e-12      0.00 7.630e-01 2.366e-01 7.064e-05 1.931e-05 1.755e-04 -1.000 3.848e-04 2.408 3.583 2.821 2.365 2.218 2.164 2.150
0.00039019 -1.60000 10.07188 0.8056804538 2.4206949191    0.804  0.991  3.7348  3.244    3  0.000  0.537     0.00     0.00     0.00     0.00     0.00 -1 -3.25e-12      0.00 7.613e-01 2.383e-01 7.089e-05 1.938e-05 1.761e-04 -1.000 4.189e-04 2.293 3.482 2.712 2.251 2.101 2.045 2.031
0.00039019 -1.60000 10.07188 0.8061157465 2.4208446001    0.804  1.041  3.7332  3.187    3  0.000  0.537     0.00     0.00     0.00     0.00     0.00 -1 -3.88e-12      0.00 7.595e-01 2.401e-01 7.110e-05 1.944e-05 1.766e-04 -1.000 4.155e-04 2.168 3.370 2.592 2.127 1.974 1.916 1.901
0.00039019 -1.60000 10.07188 0.8065157533 2.4209819838    0.804  1.091  3.7316  3.131    3  0.000  0.536     0.00     0.00     0.00     0.00     0.00 -1 -4.64e-12      0.00 7.579e-01 2.417e-01 7.122e-05 1.950e-05 1.771e-04 -1.000 4.093e-04 2.043 3.257 2.473 2.003 1.848 1.788 1.772
0.00039019 -1.60000 10.07188 0.8068748713 2.4211051907    0.805  1.139  3.7301  3.077    3  0.000  0.536     0.00     0.00     0.00     0.00     0.00 -1 -5.53e-12      0.00 7.565e-01 2.431e-01 7.126e-05 1.956e-05 1.774e-04 -1.000 3.891e-04 1.922 3.148 2.358 1.883 1.725 1.664 1.647
0.00039019 -1.60000 10.07188 0.8071888089 2.4212127938    0.805  1.185  3.7287  3.025    3  0.000  0.535     0.00     0.00     0.00     0.00     0.00 -1 -6.51e-12      0.00 7.552e-01 2.445e-01 7.122e-05 1.965e-05 1.777e-04 -1.000 3.795e-04 1.807 3.046 2.248 1.769 1.610 1.546 1.529
0.00039019 -1.60000 10.07188 0.8074946404 2.4213175259    0.805  1.234  3.7272  2.971    3  0.000  0.533     0.00     0.00     0.00     0.00     0.00 -1 -7.76e-12      0.00 7.539e-01 2.457e-01 7.110e-05 1.977e-05 1.779e-04 -1.000 4.170e-04 1.686 2.937 2.132 1.648 1.487 1.422 1.403
0.00039019 -1.60000 10.07188 0.8077880144 2.4214179063    0.805  1.285  3.7256  2.914    3  0.000  0.531     0.00     0.00     0.00     0.00     0.00 -1 -9.32e-12      0.00 7.529e-01 2.467e-01 7.089e-05 1.995e-05 1.781e-04 -1.000 3.954e-04 1.558 2.824 2.011 1.522 1.358 1.291 1.271
0.00039019 -1.60000 10.07188 0.8080340028 2.4215020086    0.805  1.331  3.7241  2.861    3  0.000  0.529     0.00     0.00     0.00     0.00     0.00 -1  -1.1e-11      0.00 7.520e-01 2.476e-01 7.067e-05 2.016e-05 1.782e-04 -1.000 3.762e-04 1.441 2.721 1.900 1.406 1.240 1.171 1.151
0.00039019 -1.60000 10.07188 0.8082583547 2.4215786623    0.805  1.378  3.7226  2.809    3  0.000  0.527     0.00     0.00     0.00     0.00     0.00 -1  -1.3e-11      0.00 7.513e-01 2.483e-01 7.044e-05 2.039e-05 1.783e-04 -1.000 4.180e-04 1.326 2.618 1.790 1.291 1.122 1.052 1.031
0.00039019 -1.60000 10.07188 0.8084692955 2.4216506891    0.805  1.425  3.7210  2.755    3  0.000  0.525     0.00     0.00     0.00     0.00     0.00 -1 -1.55e-11      0.00 7.508e-01 2.488e-01 7.021e-05 2.061e-05 1.784e-04 -1.000 4.152e-04 1.207 2.514 1.677 1.174 1.003 0.930 0.908
0.00039019 -1.60000 10.07188 0.8086558580 2.4217143559    0.805  1.471  3.7194  2.703    3  0.000  0.524     0.00     0.00     0.00     0.00     0.00 -1 -1.82e-11      0.00 7.504e-01 2.492e-01 7.004e-05 2.079e-05 1.784e-04 -1.000 4.133e-04 1.093 2.414 1.570 1.061 0.887 0.812 0.790
0.00039019 -1.60000 10.07188 0.8088332415 2.4217748589    0.805  1.518  3.7178  2.649    3  0.000  0.523     0.00     0.00     0.00     0.00     0.00 -1 -2.17e-11      0.00 7.501e-01 2.495e-01 6.991e-05 2.094e-05 1.785e-04 -1.000 4.160e-04 0.974 2.312 1.458 0.943 0.767 0.690 0.667
0.00039019 -1.60000 10.07188 0.8089895844 2.4218281599    0.805  1.564  3.7161  2.596    3  0.000  0.522     0.00     0.00     0.00     0.00     0.00 -1 -2.56e-11      0.00 7.499e-01 2.497e-01 6.982e-05 2.103e-05 1.785e-04 -1.000 4.188e-04 0.859 2.213 1.350 0.830 0.651 0.572 0.548
0.00039019 -1.60000 10.07188 0.8091287017 2.4218755684    0.805  1.609  3.7144  2.545    3  0.000  0.522     0.00     0.00     0.00     0.00     0.00 -1 -3.01e-11      0.00 7.498e-01 2.498e-01 6.978e-05 2.108e-05 1.785e-04 -1.000 4.188e-04 0.748 2.119 1.247 0.721 0.539 0.458 0.433
0.00039019 -1.60000 10.07188 0.8092612624 2.4219207251    0.805  1.655  3.7127  2.492    3  0.000  0.522     0.00     0.00     0.00     0.00     0.00 -1 -3.55e-11      0.00 7.498e-01 2.498e-01 6.976e-05 2.111e-05 1.785e-04 -1.000 4.188e-04 0.633 2.020 1.139 0.607 0.422 0.340 0.314
0.00039019 -1.60000 10.07188 0.8093813062 2.4219616033    0.805  1.700  3.7109  2.439    3  0.000  0.522     0.00     0.00     0.00     0.00     0.00 -1  -4.2e-11      0.00 7.498e-01 2.498e-01 6.975e-05 2.111e-05 1.785e-04 -1.000 4.188e-04 0.519 1.927 1.033 0.494 0.306 0.222 0.195
0.00039019 -1.60000 10.07188 0.8094869852 2.4219975783    0.805  1.744  3.7092  2.388    3  0.000  0.522     0.00     0.00     0.00     0.00     0.00 -1 -4.92e-11      0.00 7.498e-01 2.498e-01 6.975e-05 2.112e-05 1.785e-04 -1.000 4.188e-04 0.410 1.838 0.932 0.386 0.196 0.109 0.081
0.00039019 -1.60000 10.07188 0.8095840216 2.4220306017    0.805  1.787  3.7074  2.338    3  0.000  0.522     0.00     0.00     0.00     0.00     0.00 -1 -5.76e-11      0.00 7.498e-01 2.498e-01 6.975e-05 2.113e-05 1.785e-04 -1.000 4.188e-04 0.302 1.752 0.833 0.279 0.086 -0.003 -0.032
0.00039019 -1.60000 10.07188 0.8096779585 2.4220625616    0.805  1.833  3.7055  2.285    3  0.000  0.522     0.00     0.00     0.00     0.00     0.00 -1 -6.79e-11      0.00 7.498e-01 2.498e-01 6.974e-05 2.113e-05 1.785e-04 -1.000 4.187e-04 0.189 1.662 0.729 0.168 -0.029 -0.120 -0.150
0.00039019 -1.60000 10.07188 0.8097601533 2.4220905195    0.804  1.875  3.7037  2.235    3  0.000  0.522     0.00     0.00     0.00     0.00     0.00 -1 -7.95e-11      0.00 7.498e-01 2.498e-01 6.974e-05 2.114e-05 1.785e-04 -1.000 4.188e-04 0.081 1.578 0.631 0.062 -0.138 -0.231 -0.262
0.00039019 -1.60000 10.07188 0.8098357916 2.4221162415    0.804  1.918  3.7019  2.185    3  0.000  0.522     0.00     0.00     0.00     0.00     0.00 -1 -9.28e-11      0.00 7.497e-01 2.498e-01 6.974e-05 2.114e-05 1.785e-04 -1.000 4.188e-04 -0.025 1.495 0.534 -0.043 -0.246 -0.341 -0.373
0.00039019 -1.60000 10.07188 0.8099074364 2.4221406004    0.804  1.961  3.7000  2.134    3  0.000  0.522     0.00     0.00     0.00     0.00     0.00 -1 -1.09e-10      0.00 7.497e-01 2.498e-01 6.973e-05 2.114e-05 1.785e-04 -1.000 4.188e-04 -0.133 1.410 0.436 -0.149 -0.355 -0.453 -0.486
0.00039019 -1.60000 10.07188 0.8099704385 2.4221620167    0.803  2.001  3.6982  2.087    3  0.000  0.522     0.00     0.00     0.00     0.00     0.00 -1 -1.26e-10      0.00 7.497e-01 2.498e-01 6.973e-05 2.115e-05 1.785e-04 -1.000 4.189e-04 -0.233 1.335 0.346 -0.247 -0.456 -0.556 -0.590
0.00039019 -1.60000 10.07188 0.8100311160 2.4221826392    0.803  2.040  3.6964  2.040    3  0.000  0.522     0.00     0.00     0.00     0.00     0.00 -1 -1.45e-10      0.00 7.497e-01 2.498e-01 6.973e-05 2.115e-05 1.785e-04 -1.000 4.188e-04 -0.330 1.262 0.259 -0.342 -0.555 -0.657 -0.692
0.00039019 -1.60000 10.07188 0.8100941181 2.4222040480    0.803  2.077  3.6947  1.997    3  0.000  0.521     0.00     0.00     0.00     0.00     0.00 -1 -1.66e-10      0.00 7.497e-01 2.499e-01 6.972e-05 2.116e-05 1.786e-04 -1.000 4.188e-04 -0.422 1.193 0.177 -0.431 -0.647 -0.751 -0.787
0.00039019 -1.60000 10.07188 0.8101505041 2.4222232053    0.802  2.101  3.6937  1.968    3  0.000  0.521     0.00     0.00     0.00     0.00     0.00 -1 -1.82e-10      0.00 7.497e-01 2.499e-01 6.972e-05 2.116e-05 1.786e-04 -1.000 4.188e-04 -0.483 1.149 0.122 -0.491 -0.709 -0.815 -0.851
0.00039019 -1.60000 10.07188 0.8101925850 2.4222375004    0.802  2.088  3.6946  1.985    3  0.000  0.521     0.00     0.00     0.00     0.00     0.00 -1 -1.75e-10      0.00 7.497e-01 2.499e-01 6.972e-05 2.116e-05 1.786e-04 -1.000 4.188e-04 -0.449 1.169 0.150 -0.459 -0.675 -0.779 -0.815
0.00039019 -1.60000 10.07188 0.8101982474 2.4222394238    0.802  2.086  3.6947  1.987    3  0.000  0.521     0.00     0.00     0.00     0.00     0.00 -1 -1.74e-10      0.00 7.497e-01 2.499e-01 6.972e-05 2.116e-05 1.786e-04 -1.000 4.188e-04 -0.445 1.171 0.154 -0.455 -0.670 -0.775 -0.810
0.00039019 -1.60000 10.07188 0.8102281690 2.4222495872    0.802  2.112  3.6935  1.956    3  0.000  0.521     0.00     0.00     0.00     0.00     0.00 -1  -1.9e-10      0.00 7.497e-01 2.499e-01 6.972e-05 2.116e-05 1.786e-04 -1.000 4.189e-04 -0.511 1.125 0.095 -0.519 -0.737 -0.843 -0.879
0.00039019 -1.60000 10.07188 0.8102736473 2.4222650329    0.801  2.154  3.6914  1.905    3  0.000  0.521     0.00     0.00     0.00     0.00     0.00 -1 -2.21e-10      0.00 7.497e-01 2.499e-01 6.972e-05 2.117e-05 1.786e-04 -1.000 4.188e-04 -0.616 1.052 0.003 -0.621 -0.843 -0.952 -0.990
0.00039019 -1.60000 10.07188 0.8103159070 2.4222793838    0.801  2.196  3.6893  1.855    3  0.000  0.521     0.00     0.00     0.00     0.00     0.00 -1 -2.58e-10      0.00 7.497e-01 2.499e-01 6.972e-05 2.117e-05 1.786e-04 -1.000 4.188e-04 -0.720 0.981 -0.089 -0.723 -0.949 -1.060 -1.099
0.00039019 -1.60000 10.07188 0.8103549480 2.4222926400    0.800  2.238  3.6873  1.805    3  0.000  0.521     0.00     0.00     0.00     0.00     0.00 -1 -3.01e-10      0.00 7.497e-01 2.499e-01 6.971e-05 2.117e-05 1.786e-04 -1.000 4.188e-04 -0.824 0.913 -0.178 -0.823 -1.053 -1.167 -1.207
0.00039019 -1.60000 10.07188 0.8103892803 2.4223042963    0.800  2.277  3.6852  1.757    3  0.000  0.521     0.00     0.00     0.00     0.00     0.00 -1 -3.49e-10      0.00 7.497e-01 2.499e-01 6.971e-05 2.117e-05 1.786e-04 -1.000 4.188e-04 -0.922 0.853 -0.262 -0.918 -1.152 -1.269 -1.310
0.00039019 -1.60000 10.07188 0.8104226589 2.4223156276    0.799  2.318  3.6831  1.707    3  0.000  0.521     0.00     0.00     0.00     0.00     0.00 -1 -4.05e-10      0.00 7.497e-01 2.499e-01 6.971e-05 2.117e-05 1.786e-04 -1.000 4.188e-04 -1.024 0.799 -0.350 -1.019 -1.256 -1.376 -1.418
0.00039019 -1.60000 10.07188 0.8104520440 2.4223256024    0.799  2.356  3.6809  1.660    3  0.000  0.521     0.00     0.00     0.00     0.00     0.00 -1 -4.68e-10      0.00 7.497e-01 2.499e-01 6.971e-05 2.118e-05 1.786e-04 -1.000 4.188e-04 -1.121 0.755 -0.429 -1.114 -1.355 -1.477 -1.521
0.00039019 -1.60000 10.07188 0.8104805350 2.4223352728    0.798  2.396  3.6789  1.611    3  0.000  0.521     0.00     0.00     0.00     0.00     0.00 -1 -5.43e-10      0.00 7.497e-01 2.499e-01 6.971e-05 2.118e-05 1.786e-04 -1.000 4.188e-04 -1.221 0.708 -0.512 -1.212 -1.457 -1.582 -1.627
0.00039019 -1.60000 10.07188 0.8105058670 2.4223438704    0.797  2.434  3.6767  1.564    3  0.000  0.521     0.00     0.00     0.00     0.00     0.00 -1 -6.26e-10      0.00 7.497e-01 2.499e-01 6.971e-05 2.118e-05 1.786e-04 -1.000 4.188e-04 -1.316 0.672 -0.588 -1.305 -1.554 -1.682 -1.728
0.00039019 -1.60000 10.07188 0.8105353117 2.4223538630    0.796  2.482  3.6740  1.505    3  0.000  0.521     0.00     0.00     0.00     0.00     0.00 -1 -7.48e-10      0.00 7.497e-01 2.499e-01 6.971e-05 2.118e-05 1.786e-04 -1.000 4.189e-04 -1.435 0.629 -0.682 -1.421 -1.675 -1.806 -1.855
0.00039019 -1.60000 10.07188 0.8105615377 2.4223627626    0.795  2.528  3.6713  1.448    3  0.000  0.521     7.47     5.86     4.15     3.21     2.60  3 -8.88e-10      0.00 7.497e-01 2.499e-01 6.971e-05 2.118e-05 1.786e-04 -1.000 4.188e-04 -1.550 0.599 -0.769 -1.533 -1.793 -1.928 -1.978
0.00039019 -1.60000 10.07188 0.8105821013 2.4223697403    0.794  2.567  3.6691  1.399    3  0.000  0.521     8.27     6.39     4.51     3.49     2.83  3 -1.03e-09      0.00 7.497e-01 2.499e-01 6.970e-05 2.118e-05 1.786e-04 -1.000 4.188e-04 -1.647 0.576 -0.841 -1.627 -1.892 -2.030 -2.081
0.00039019 -1.60000 10.07188 0.8106039762 2.4223771624    0.793  2.611  3.6664  1.344    3  0.000  0.521     9.31     7.07     4.96     3.85     3.12  3 -1.21e-09      0.00 7.497e-01 2.499e-01 6.970e-05 2.119e-05 1.786e-04 -1.000 4.188e-04 -1.758 0.561 -0.919 -1.732 -2.004 -2.146 -2.199
0.00039019 -1.60000 10.07188 0.8106215000 2.4223831079    0.792  2.649  3.6641  1.296    3  0.000  0.521    10.29     7.70     5.38     4.18     3.39  3  -1.4e-09      0.00 7.497e-01 2.499e-01 6.970e-05 2.119e-05 1.786e-04 -1.000 4.188e-04 -1.853 0.550 -0.985 -1.823 -2.100 -2.245 -2.301
0.00039019 -1.60000 10.07188 0.8106399179 2.4223893564    0.790  2.692  3.6614  1.241    3  0.000  0.521    11.54     8.49     5.91     4.60     3.73  3 -1.65e-09      0.00 7.497e-01 2.499e-01 6.970e-05 2.119e-05 1.786e-04 -1.000 4.188e-04 -1.959 0.549 -1.056 -1.924 -2.209 -2.358 -2.415
0.00039019 -1.60000 10.07188 0.8106576800 2.4223953821    0.789  2.736  3.6586  1.185    3  0.000  0.521    13.00     9.40     6.51     5.08     4.11  2 -1.95e-09      0.00 7.497e-01 2.499e-01 6.970e-05 2.119e-05 1.786e-04 -1.000 4.188e-04 -2.070 0.555 -1.126 -2.028 -2.320 -2.474 -2.533
0.00039019 -1.60000 10.07188 0.8106741309 2.4224009627    0.787  2.780  3.6558  1.129    3  0.000  0.521    14.65    10.41     7.18     5.60     4.54  2 -2.31e-09      0.00 7.497e-01 2.499e-01 6.970e-05 2.119e-05 1.786e-04 -1.000 4.188e-04 -2.181 0.541 -1.199 -2.129 -2.429 -2.587 -2.649
0.00039019 -1.60000 10.07188 0.8106884956 2.4224058355    0.785  2.822  3.6530  1.075    3  0.000  0.521    16.39    11.46     7.87     6.15     4.98  2  -2.7e-09      0.00 7.497e-01 2.499e-01 6.970e-05 2.119e-05 1.786e-04 -1.000 4.188e-04 -2.285 0.525 -1.266 -2.221 -2.530 -2.692 -2.756
0.00039019 -1.60000 10.07188 0.8107025027 2.4224105867    0.783  2.865  3.6502  1.019    3  0.000  0.521    18.44    12.66     8.66     6.78     5.49  2 -3.19e-09      0.00 7.497e-01 2.499e-01 6.970e-05 2.119e-05 1.786e-04 -1.000 4.188e-04 -2.393 0.506 -1.338 -2.319 -2.635 -2.803 -2.869
0.00039019 -1.60000 10.07188 0.8107147217 2.4224147312    0.781  2.906  3.6474  0.966    3  0.000  0.521    20.61    13.93     9.48     7.43     6.03  2 -3.72e-09      0.00 7.497e-01 2.499e-01 6.970e-05 2.119e-05 1.786e-04 -1.000 4.188e-04 -2.495 0.500 -1.397 -2.407 -2.732 -2.905 -2.974
0.00039019 -1.60000 10.07188 0.8107265234 2.4224187341    0.779  2.948  3.6446  0.912    3  0.000  0.521    23.11    15.35    10.40     8.17     6.62  2 -4.37e-09      0.00 7.497e-01 2.499e-01 6.970e-05 2.119e-05 1.786e-04 -1.000 4.188e-04 -2.599 0.496 -1.457 -2.497 -2.832 -3.011 -3.082
0.00039019 -1.60000 10.07188 0.8107375503 2.4224224740    0.776  2.990  3.6418  0.857    3  0.000  0.521    25.93    16.93    11.42     8.99     7.29  1 -5.14e-09      0.00 7.497e-01 2.499e-01 6.970e-05 2.119e-05 1.786e-04 -1.000 4.188e-04 -2.704 0.493 -1.517 -2.588 -2.933 -3.117 -3.190
0.00039019 -1.60000 10.07188 0.8107472658 2.4224257691    0.773  3.029  3.6390  0.806    3  0.000  0.521    28.92    18.58    12.48     9.83     7.97  1 -5.98e-09      0.00 7.497e-01 2.499e-01 6.970e-05 2.119e-05 1.786e-04 -1.000 4.189e-04 -2.802 0.494 -1.570 -2.670 -3.025 -3.215 -3.291
0.00039019 -1.60000 10.07188 0.8107566237 2.4224289428    0.770  3.069  3.6362  0.753    3  0.000  0.521    32.34    20.43    13.66    10.78     8.75  1 -6.98e-09      0.00 7.497e-01 2.499e-01 6.970e-05 2.119e-05 1.786e-04 -1.000 4.188e-04 -2.902 0.496 -1.621 -2.754 -3.119 -3.315 -3.393
0.00039019 -1.60000 10.07188 0.8107653856 2.4224319143    0.767  3.109  3.6334  0.699    3  0.000  0.521    36.16    22.46    14.96    11.82     9.59  1 -8.15e-09      0.00 7.497e-01 2.499e-01 6.970e-05 2.119e-05 1.786e-04 -1.000 4.188e-04 -3.002 0.499 -1.671 -2.836 -3.212 -3.414 -3.495
0.00039019 -1.60000 10.07188 0.8107733727 2.4224346229    0.764  3.147  3.6306  0.648    3  0.000  0.521    40.31    24.63    16.33    12.93    10.49  1 -9.48e-09      0.00 7.497e-01 2.499e-01 6.970e-05 2.119e-05 1.786e-04 -1.000 4.188e-04 -3.098 0.504 -1.718 -2.915 -3.302 -3.509 -3.593
0.00039019 -1.60000 10.07188 0.8107813001 2.4224373113    0.759  3.188  3.6278  0.593    3  0.000  0.521    45.18    27.13    17.91    14.20    11.53  1 -1.11e-08      0.00 7.497e-01 2.499e-01 6.970e-05 2.120e-05 1.786e-04 -1.000 4.188e-04 -3.200 0.505 -1.767 -2.998 -3.396 -3.609 -3.696
0.00039019 -1.60000 10.07188 0.8107883930 2.4224397166    0.755  3.226  3.6250  0.542    3  0.000  0.521    50.37    29.75    19.56    15.52    12.61  1 -1.29e-08      0.00 7.497e-01 2.499e-01 6.970e-05 2.120e-05 1.786e-04 -1.000 4.188e-04 -3.296 0.509 -1.811 -3.075 -3.483 -3.703 -3.792
0.00039019 -1.60000 10.07188 0.8107952476 2.4224420410    0.750  3.265  3.6222  0.489    3  0.000  0.521    56.22    32.64    21.37    16.99    13.80  1  -1.5e-08      0.00 7.497e-01 2.499e-01 6.970e-05 2.120e-05 1.786e-04 -1.000 4.188e-04 -3.392 0.512 -1.854 -3.151 -3.571 -3.797 -3.889
0.00039019 -1.60000 10.07188 0.8108010292 2.4224440016    0.745  3.295  3.6201  0.448    3  0.000  0.521    61.38    35.15    22.93    18.26    14.83  1 -1.71e-08      0.00 7.497e-01 2.499e-01 6.969e-05 2.120e-05 1.786e-04 -1.000 4.187e-04 -3.468 0.514 -1.883 -3.210 -3.641 -3.873 -3.966
0.00039019 -1.60000 10.07188 0.8108010292 2.4224440016    0.745  1.717  3.7931  2.718    4  0.000  0.526     0.00     0.00     0.00     0.00     0.00 -1    -1e-30      0.00 7.453e-01 2.543e-01 7.186e-05 2.103e-05 1.824e-04 -1.000 4.188e-04 0.477 1.243 0.661 0.430 0.385 0.385 0.393
0.00039019 -1.60000 10.07188 0.8108044267 2.4224451537    0.745  1.721  3.7919  2.709    4  0.000  0.526     0.00     0.00     0.00     0.00     0.00 -1    -1e-30      0.00 7.453e-01 2.543e-01 7.186e-05 2.103e-05 1.824e-04 -1.000 4.189e-04 0.467 1.239 0.655 0.420 0.373 0.371 0.379
0.00039019 -1.60000 10.07188 0.8108607531 2.4224642522    0.746  1.736  3.7883  2.679    4  0.000  0.526     0.00     0.00     0.00     0.00     0.00 -1    -1e-30      0.00 7.453e-01 2.543e-01 7.186e-05 2.103e-05 1.824e-04 -1.000 4.188e-04 0.429 1.220 0.629 0.381 0.327 0.323 0.329
0.00039019 -1.60000 10.07188 0.8109176755 2.4224835497    0.746  1.738  3.7886  2.679    4  0.000  0.526     0.00     0.00     0.00     0.00     0.00 -1    -1e-30      0.00 7.453e-01 2.543e-01 7.186e-05 2.103e-05 1.824e-04 -1.000 4.188e-04 0.425 1.214 0.623 0.376 0.324 0.319 0.326
0.00039019 -1.60000 10.07188 0.8109758496 2.4225032684    0.746  1.739  3.7893  2.681    4  0.000  0.526     0.00     0.00     0.00     0.00     0.00 -1    -1e-30      0.00 7.453e-01 2.543e-01 7.186e-05 2.103e-05 1.824e-04 -1.000 4.188e-04 0.423 1.208 0.619 0.375 0.323 0.320 0.326
0.00039019 -1.60000 10.07188 0.8110335469 2.4225228222    0.746  1.739  3.7903  2.685    4  0.000  0.526     0.00     0.00     0.00     0.00     0.00 -1    -1e-30      0.00 7.453e-01 2.543e-01 7.186e-05 2.103e-05 1.824e-04 -1.000 4.189e-04 0.423 1.202 0.615 0.375 0.325 0.322 0.329
0.00039019 -1.60000 10.07188 0.8110877872 2.4225412015    0.746  1.739  3.7915  2.690    4  0.000  0.526     0.00     0.00     0.00     0.00     0.00 -1    -1e-30      0.00 7.453e-01 2.543e-01 7.186e-05 2.103e-05 1.824e-04 -1.000 4.188e-04 0.423 1.197 0.611 0.375 0.328 0.326 0.333
0.00039019 -1.60000 10.07188 0.8111410737 2.4225592549    0.746  1.738  3.7929  2.696    4  0.000  0.526     0.00     0.00     0.00     0.00     0.00 -1    -1e-30      0.00 7.453e-01 2.543e-01 7.186e-05 2.103e-05 1.824e-04 -1.000 4.188e-04 0.425 1.191 0.608 0.377 0.332 0.331 0.339
0.00039019 -1.60000 10.07188 0.8111950159 2.4225775276    0.746  1.737  3.7944  2.703    4  0.000  0.526     0.00     0.00     0.00     0.00     0.00 -1    -1e-30      0.00 7.453e-01 2.543e-01 7.186e-05 2.103e-05 1.824e-04 -1.000 4.188e-04 0.426 1.185 0.605 0.379 0.337 0.337 0.346
0.00039019 -1.60000 10.07188 0.8112514019 2.4225966252    0.746  1.737  3.7960  2.710    4  0.000  0.526     0.00     0.00     0.00     0.00     0.00 -1    -1e-30      0.00 7.453e-01 2.543e-01 7.186e-05 2.103e-05 1.824e-04 -1.000 4.188e-04 0.429 1.179 0.601 0.382 0.342 0.344 0.353
0.00039019 -1.60000 10.07188 0.8113070130 2.4226154573    0.746  1.736  3.7975  2.717    4  0.000  0.526     0.00     0.00     0.00     0.00     0.00 -1    -1e-30      0.00 7.453e-01 2.543e-01 7.186e-05 2.103e-05 1.824e-04 -1.000 4.188e-04 0.431 1.173 0.598 0.384 0.347 0.350 0.359
0.00039019 -1.60000 10.07188 0.8113642335 2.4226348313    0.746  1.735  3.7988  2.723    4  0.000  0.526     0.00     0.00     0.00     0.00     0.00 -1    -1e-30      0.00 7.453e-01 2.543e-01 7.186e-05 2.103e-05 1.824e-04 -1.000 4.188e-04 0.432 1.167 0.595 0.386 0.351 0.355 0.365
0.00039019 -1.60000 10.07188 0.8114209771 2.4226540408    0.746  1.735  3.7999  2.728    4  0.000  0.526     0.00     0.00     0.00     0.00     0.00 -1    -1e-30      0.00 7.453e-01 2.543e-01 7.186e-05 2.103e-05 1.824e-04 -1.000 4.188e-04 0.433 1.163 0.592 0.387 0.354 0.360 0.370
0.00039019 -1.60000 10.07188 0.8114771247 2.4226730454    0.746  1.734  3.8008  2.731    4  0.000  0.526     0.00     0.00     0.00     0.00     0.00 -1    -1e-30      0.00 7.453e-01 2.543e-01 7.186e-05 2.103e-05 1.824e-04 -1.000 4.188e-04 0.434 1.159 0.590 0.388 0.357 0.363 0.373
0.00039019 -1.60000 10.07188 0.8115314841 2.4226914420    0.746  1.734  3.8012  2.733    4  0.000  0.526     0.00     0.00     0.00     0.00     0.00 -1    -1e-30      0.00 7.453e-01 2.543e-01 7.186e-05 2.103e-05 1.824e-04 -1.000 4.188e-04 0.434 1.157 0.589 0.388 0.358 0.364 0.375
0.00039019 -1.60000 10.07188 0.8115551472 2.4226994492    0.746  1.735  3.8014  2.734    4  0.000  0.526     0.00     0.00     0.00     0.00     0.00 -1    -1e-30      0.00 7.453e-01 2.543e-01 7.186e-05 2.103e-05 1.824e-04 -1.000 4.188e-04 0.434 1.156 0.588 0.388 0.358 0.364 0.375
0.00039019 -1.60000 10.07188 0.8115675449 2.4227036442    0.746  1.735  3.8013  2.734    4  0.000  0.526     0.00     0.00     0.00     0.00     0.00 -1    -1e-30      0.00 7.453e-01 2.543e-01 7.186e-05 2.103e-05 1.824e-04 -1.000 4.188e-04 0.433 1.156 0.588 0.388 0.357 0.364 0.375
0.00039019 -1.60000 10.07188 0.8116216660 2.4227219554    0.746  1.735  3.8010  2.732    4  0.000  0.526     0.00     0.00     0.00     0.00     0.00 -1    -1e-30      0.00 7.453e-01 2.543e-01 7.186e-05 2.103e-05 1.824e-04 -1.000 4.188e-04 0.432 1.156 0.587 0.386 0.355 0.361 0.372
0.00039019 -1.60000 10.07188 0.8116765618 2.4227405258    0.746  1.736  3.8003  2.728    4  0.000  0.526     0.00     0.00     0.00     0.00     0.00 -1    -1e-30      0.00 7.453e-01 2.543e-01 7.186e-05 2.103e-05 1.824e-04 -1.000 4.188e-04 0.430 1.157 0.587 0.383 0.351 0.357 0.367
0.00039019 -1.60000 10.07188 0.8117304444 2.4227587507    0.747  1.737  3.7990  2.722    4  0.000  0.526     0.00     0.00     0.00     0.00     0.00 -1    -1e-30      0.00 7.453e-01 2.543e-01 7.186e-05 2.103e-05 1.824e-04 -1.000 4.188e-04 0.426 1.160 0.588 0.380 0.346 0.350 0.360
0.00039019 -1.60000 10.07188 0.8117835522 2.4227767107    0.747  1.739  3.7973  2.713    4  0.000  0.526     0.00     0.00     0.00     0.00     0.00 -1    -1e-30      0.00 7.453e-01 2.543e-01 7.186e-05 2.103e-05 1.824e-04 -1.000 4.188e-04 0.422 1.165 0.590 0.375 0.338 0.341 0.351
0.00039019 -1.60000 10.07188 0.8118364215 2.4227945875    0.747  1.741  3.7951  2.702    4  0.000  0.526     0.00     0.00     0.00     0.00     0.00 -1    -1e-30      0.00 7.453e-01 2.543e-01 7.186e-05 2.103e-05 1.824e-04 -1.000 4.188e-04 0.417 1.171 0.592 0.369 0.328 0.329 0.338
0.00039019 -1.60000 10.07188 0.8118889332 2.4228123406    0.747  1.744  3.7924  2.689    4  0.000  0.526     0.00     0.00     0.00     0.00     0.00 -1    -1e-30      0.00 7.453e-01 2.543e-01 7.186e-05 2.103e-05 1.824e-04 -1.000 4.188e-04 0.410 1.179 0.595 0.362 0.317 0.315 0.323
0.00039019 -1.60000 10.07188 0.8119415641 2.4228301315    0.747  1.747  3.7895  2.674    4  0.000  0.526     0.00     0.00     0.00     0.00     0.00 -1    -1e-30      0.00 7.453e-01 2.543e-01 7.186e-05 2.103e-05 1.824e-04 -1.000 4.188e-04 0.403 1.187 0.598 0.355 0.303 0.300 0.307
0.00039019 -1.60000 10.07188 0.8119465113 2.4228318036    0.747  1.747  3.7892  2.673    4  0.000  0.526     0.00     0.00     0.00     0.00     0.00 -1    -1e-30      0.00 7.453e-01 2.543e-01 7.186e-05 2.103e-05 1.824e-04 -1.000 4.188e-04 0.402 1.188 0.598 0.354 0.302 0.298 0.305
0.00039019 -1.60000 10.07188 0.8119550347 2.4228346845    0.747  1.748  3.7887  2.670    4  0.000  0.526     0.00     0.00     0.00     0.00     0.00 -1    -1e-30      0.00 7.453e-01 2.543e-01 7.186e-05 2.103e-05 1.824e-04 -1.000 4.188e-04 0.401 1.189 0.599 0.352 0.300 0.296 0.302
0.00039019 -1.60000 10.07188 0.8120051622 2.4228516260    0.747  1.751  3.7854  2.654    4  0.000  0.526     0.00     0.00     0.00     0.00     0.00 -1    -1e-30      0.00 7.453e-01 2.543e-01 7.186e-05 2.103e-05 1.824e-04 -1.000 4.188e-04 0.392 1.199 0.602 0.343 0.285 0.278 0.283
0.00039019 -1.60000 10.07188 0.8120540380 2.4228681421    0.747  1.755  3.7820  2.637    4  0.000  0.526     0.00     0.00     0.00     0.00     0.00 -1    -1e-30      0.00 7.453e-01 2.543e-01 7.186e-05 2.103e-05 1.824e-04 -1.000 4.188e-04 0.383 1.208 0.604 0.334 0.270 0.260 0.264
0.00039019 -1.60000 10.07188 0.8121063113 2.4228858038    0.747  1.759  3.7782  2.617    4  0.000  0.526     0.00     0.00     0.00     0.00     0.00 -1    -1e-30      0.00 7.453e-01 2.543e-01 7.186e-05 2.103e-05 1.824e-04 -1.000 4.188e-04 0.371 1.219 0.606 0.322 0.251 0.238 0.240
0.00039019 -1.60000 10.07188 0.8121560216 2.4229025971    0.747  1.764  3.7745  2.597    4  0.000  0.526     0.00     0.00     0.00     0.00     0.00 -1    -1e-30      0.00 7.453e-01 2.543e-01 7.186e-05 2.103e-05 1.824e-04 -1.000 4.188e-04 0.359 1.230 0.607 0.310 0.232 0.215 0.216
0.00039019 -1.60000 10.07188 0.8122036457 2.4229186834    0.747  1.769  3.7713  2.579    4  0.000  0.526     0.00     0.00     0.00     0.00     0.00 -1    -1e-30      0.00 7.453e-01 2.543e-01 7.186e-05 2.103e-05 1.824e-04 -1.000 4.189e-04 0.346 1.238 0.606 0.297 0.214 0.194 0.194
0.00039019 -1.60000 10.07188 0.8122528195 2.4229352909    0.747  1.775  3.7681  2.561    4  0.000  0.526     0.00     0.00     0.00     0.00     0.00 -1    -1e-30      0.00 7.453e-01 2.543e-01 7.186e-05 2.103e-05 1.824e-04 -1.000 4.188e-04 0.333 1.245 0.604 0.283 0.195 0.171 0.170
0.00039019 -1.60000 10.07188 0.8123010993 2.4229515942    0.747  1.781  3.7653  2.544    4  0.000  0.526     0.00     0.00     0.00     0.00     0.00 -1    -1e-30      0.00 7.453e-01 2.543e-01 7.186e-05 2.103e-05 1.824e-04 -1.000 4.188e-04 0.319 1.250 0.600 0.270 0.176 0.150 0.148
0.00039019 -1.60000 10.07188 0.8123497963 2.4229680361    0.747  1.786  3.7628  2.528    4  0.000  0.526     0.00     0.00     0.00     0.00     0.00 -1    -1e-30      0.00 7.453e-01 2.543e-01 7.186e-05 2.103e-05 1.824e-04 -1.000 4.188e-04 0.304 1.252 0.595 0.255 0.157 0.129 0.125
0.00039019 -1.60000 10.07188 0.8123986125 2.4229845160    0.747  1.793  3.7603  2.512    4  0.000  0.526     0.00     0.00     0.00     0.00     0.00 -1    -1e-30      0.00 7.453e-01 2.543e-01 7.186e-05 2.103e-05 1.824e-04 -1.000 4.188e-04 0.288 1.252 0.589 0.240 0.137 0.106 0.102
0.00039019 -1.60000 10.07188 0.8124477267 2.4230010943    0.747  1.801  3.7575  2.493    4  0.000  0.526     0.00     0.00     0.00     0.00     0.00 -1    -1e-30      0.00 7.453e-01 2.543e-01 7.186e-05 2.103e-05 1.824e-04 -1.000 4.188e-04 0.268 1.252 0.579 0.220 0.113 0.079 0.073
0.00039019 -1.60000 10.07188 0.8124575019 2.4230043935    0.747  1.799  3.7586  2.499    4  0.000  0.526     0.00     0.00     0.00     0.00     0.00 -1    -1e-30      0.00 7.453e-01 2.543e-01 7.186e-05 2.103e-05 1.824e-04 -1.000 4.188e-04 0.273 1.250 0.581 0.226 0.120 0.088 0.082
0.00039019 -1.60000 10.07188 0.8125078678 2.4230213914    0.747  1.811  3.7548  2.472    4  0.000  0.526     0.00     0.00     0.00     0.00     0.00 -1    -1e-30      0.00 7.453e-01 2.543e-01 7.186e-05 2.103e-05 1.824e-04 -1.000 4.188e-04 0.244 1.249 0.566 0.196 0.084 0.048 0.041
0.00039019 -1.60000 10.07188 0.8125574589 2.4230381254    0.747  1.826  3.7507  2.440    4  0.000  0.526     0.00     0.00     0.00     0.00     0.00 -1    -1e-30      0.00 7.453e-01 2.543e-01 7.186e-05 2.103e-05 1.824e-04 -1.000 4.188e-04 0.204 1.240 0.542 0.157 0.038 -0.002 -0.011
0.00039019 -1.60000 10.07188 0.8125991821 2.4230522026    0.747  1.857  3.7443  2.384    4  0.000  0.526     0.00     0.00     0.00     0.00     0.00 -1    -1e-30      0.00 7.453e-01 2.543e-01 7.186e-05 2.103e-05 1.824e-04 -1.000 4.188e-04 0.127 1.213 0.490 0.082 -0.047 -0.095 -0.106
0.00039019 -1.60000 10.07188 0.8126218319 2.4230598438    0.747  1.896  3.7373  2.317    4  0.000  0.526     0.00     0.00     0.00     0.00     0.00 -1    -1e-30      0.00 7.453e-01 2.543e-01 7.186e-05 2.103e-05 1.824e-04 -1.000 4.188e-04 0.031 1.176 0.421 -0.012 -0.154 -0.209 -0.223
0.00039019 -1.60000 10.07188 0.8126320243 2.4230632822    0.748  1.935  3.7310  2.252    4  0.000  0.526     0.00     0.00     0.00     0.00     0.00 -1    -1e-30      0.00 7.453e-01 2.543e-01 7.186e-05 2.103e-05 1.824e-04 -1.000 4.188e-04 -0.069 1.133 0.347 -0.111 -0.263 -0.324 -0.341
0.00039019 -1.60000 10.07188 0.8126366138 2.4230648305    0.748  1.976  3.7255  2.190    4  0.000  0.526     0.00     0.00     0.00     0.00     0.00 -1    -1e-30      0.00 7.453e-01 2.543e-01 7.186e-05 2.103e-05 1.824e-04 -1.000 4.188e-04 -0.170 1.087 0.269 -0.210 -0.371 -0.439 -0.458
0.00039019 -1.60000 10.07188 0.8126387000 2.4230655342    0.748  2.013  3.7211  2.136    4  0.000  0.526     0.00     0.00     0.00     0.00     0.00 -1    -1e-30      0.00 7.453e-01 2.543e-01 7.186e-05 2.103e-05 1.824e-04 -1.000 4.188e-04 -0.262 1.040 0.197 -0.299 -0.468 -0.540 -0.562
0.00039019 -1.60000 10.07188 0.8126395941 2.4230658358    0.748  2.036  3.7187  2.102    7  0.000  0.526     0.00     0.00     0.00     0.00     0.00 -1    -1e-30      0.00 7.453e-01 2.543e-01 7.186e-05 2.103e-05 1.824e-04 -1.000 4.188e-04 -0.320 1.008 0.150 -0.356 -0.529 -0.604 -0.627
0.00039019 -1.60000 10.07188 0.8126406670 2.4230661978    0.748  2.075  3.7151  2.049    7  0.000  0.526     0.00     0.00     0.00     0.00     0.00 -1    -1e-30      0.00 7.453e-01 2.543e-01 7.186e-05 2.103e-05 1.824e-04 -1.000 4.188e-04 -0.418 0.950 0.069 -0.452 -0.631 -0.710 -0.735
0.00039019 -1.60000 10.07188 0.8126416802 2.4230665396    0.748  2.113  3.7119  1.999    7  0.000  0.526     0.00     0.00     0.00     0.00     0.00 -1    -1e-30      0.00 7.453e-01 2.543e-01 7.186e-05 2.103e-05 1.824e-04 -1.000 4.188e-04 -0.512 0.892 -0.009 -0.544 -0.728 -0.811 -0.837
0.00039019 -1.60000 10.07188 0.8126426339 2.4230668613    0.748  2.138  3.7099  1.965    7  0.000  0.526     0.00     0.00     0.00     0.00     0.00 -1    -1e-30      0.00 7.453e-01 2.543e-01 7.186e-05 2.103e-05 1.824e-04 -1.000 4.188e-04 -0.576 0.853 -0.063 -0.606 -0.794 -0.880 -0.907
0.00039019 -1.60000 10.07188 0.8126435876 2.4230671830    0.748  2.157  3.7085  1.940    7  0.000  0.526     0.00     0.00     0.00     0.00     0.00 -1    -1e-30      0.00 7.453e-01 2.543e-01 7.186e-05 2.103e-05 1.824e-04 -1.000 4.188e-04 -0.623 0.825 -0.103 -0.652 -0.843 -0.930 -0.958
0.00039019 -1.60000 10.07188 0.8126450777 2.4230676857    0.748  2.165  3.7080  1.931    7  0.000  0.526     0.00     0.00     0.00     0.00     0.00 -1    -1e-30      0.00 7.453e-01 2.543e-01 7.186e-05 2.103e-05 1.824e-04 -1.000 4.188e-04 -0.641 0.814 -0.119 -0.670 -0.862 -0.949 -0.978
0.00039019 -1.60000 10.07188 0.8126477599 2.4230685905    0.748  2.156  3.7087  1.942    7  0.000  0.526     0.00     0.00     0.00     0.00     0.00 -1    -1e-30      0.00 7.453e-01 2.543e-01 7.186e-05 2.103e-05 1.824e-04 -1.000 4.188e-04 -0.621 0.825 -0.102 -0.651 -0.841 -0.928 -0.956
0.00039019 -1.60000 10.07188 0.8126522303 2.4230700984    0.748  2.143  3.7097  1.959    7  0.000  0.526     0.00     0.00     0.00     0.00     0.00 -1    -1e-30      0.00 7.453e-01 2.543e-01 7.186e-05 2.103e-05 1.824e-04 -1.000 4.188e-04 -0.588 0.844 -0.074 -0.618 -0.807 -0.892 -0.920
0.00039019 -1.60000 10.07188 0.8126792908 2.4230792263    0.748  2.158  3.7083  1.939    7  0.000  0.526     0.00     0.00     0.00     0.00     0.00 -1    -1e-30      0.00 7.453e-01 2.543e-01 7.186e-05 2.103e-05 1.824e-04 -1.000 4.188e-04 -0.625 0.826 -0.104 -0.654 -0.845 -0.932 -0.961
0.00039019 -1.60000 10.07188 0.8126957417 2.4230847750    0.748  2.176  3.7068  1.915    7  0.000  0.526     0.00     0.00     0.00     0.00     0.00 -1    -1e-30      0.00 7.453e-01 2.543e-01 7.186e-05 2.103e-05 1.824e-04 -1.000 4.188e-04 -0.669 0.802 -0.140 -0.697 -0.891 -0.980 -1.009
0.00039019 -1.60000 10.07188 0.8127157092 2.4230915096    0.748  2.218  3.7035  1.860    7  0.000  0.526     0.00     0.00     0.00     0.00     0.00 -1    -1e-30      0.00 7.453e-01 2.543e-01 7.186e-05 2.103e-05 1.824e-04 -1.000 4.188e-04 -0.774 0.743 -0.226 -0.799 -0.998 -1.092 -1.123
0.00039019 -1.60000 10.07188 0.8127360940 2.4230983844    0.748  2.264  3.7000  1.799    7  0.000  0.526     0.00     0.00     0.00     0.00     0.00 -1    -1e-30      0.00 7.453e-01 2.543e-01 7.186e-05 2.103e-05 1.824e-04 -1.000 4.188e-04 -0.891 0.675 -0.323 -0.912 -1.118 -1.216 -1.249
0.00039019 -1.60000 10.07188 0.8127543926 2.4231045554    0.748  2.309  3.6968  1.742    7  0.000  0.526     0.00     0.00     0.00     0.00     0.00 -1    -1e-30      0.00 7.453e-01 2.543e-01 7.186e-05 2.103e-05 1.824e-04 -1.000 4.188e-04 -1.002 0.613 -0.414 -1.018 -1.231 -1.333 -1.367
0.00039019 -1.60000 10.07188 0.8127706051 2.4231100226    0.748  2.351  3.6937  1.687    7  0.000  0.526     0.00     0.00     0.00     0.00     0.00 -1    -1e-30      0.00 7.453e-01 2.543e-01 7.186e-05 2.103e-05 1.824e-04 -1.000 4.109e-04 -1.109 0.553 -0.502 -1.121 -1.339 -1.445 -1.482
0.00039019 -1.60000 10.07188 0.8127849102 2.4231148463    0.748  2.394  3.6907  1.633    7  0.000  0.526     0.00     0.00     0.00     0.00     0.00 -1    -1e-30      0.00 7.453e-01 2.543e-01 7.184e-05 2.103e-05 1.824e-04 -1.000 4.085e-04 -1.214 0.494 -0.589 -1.223 -1.447 -1.557 -1.595
0.00039019 -1.60000 10.07188 0.8127974868 2.4231190870    0.748  2.436  3.6878  1.579    7  0.000  0.525     0.00     0.00     0.00     0.00     0.00 -1    -1e-30      0.00 7.453e-01 2.543e-01 7.178e-05 2.105e-05 1.824e-04 -1.000 4.085e-04 -1.319 0.437 -0.674 -1.322 -1.552 -1.666 -1.706
0.00039019 -1.60000 10.07188 0.8128086329 2.4231228453    0.748  2.477  3.6848  1.526    7  0.000  0.523     0.00     0.00     0.00     0.00     0.00 -1    -1e-30      0.00 7.453e-01 2.543e-01 7.155e-05 2.118e-05 1.824e-04 -1.000 4.094e-04 -1.423 0.389 -0.757 -1.421 -1.656 -1.774 -1.816
0.00039019 -1.60000 10.07188 0.8128187656 2.4231262618    0.748  2.519  3.6819  1.472    7  0.000  0.517     6.95     5.52     3.91     3.03     2.45  3    -1e-30      0.00 7.453e-01 2.543e-01 7.095e-05 2.166e-05 1.824e-04 -1.000 4.188e-04 -1.528 0.357 -0.839 -1.524 -1.765 -1.886 -1.930
0.00039019 -1.60000 10.07188 0.8128280640 2.4231293968    0.748  2.561  3.6789  1.418    7  0.000  0.508     7.80     6.09     4.30     3.33     2.70  3    -1e-30      0.00 7.452e-01 2.543e-01 6.978e-05 2.285e-05 1.824e-04 -1.000 4.188e-04 -1.633 0.332 -0.918 -1.627 -1.874 -1.999 -2.044
0.00039019 -1.60000 10.07188 0.8128367066 2.4231323107    0.748  2.604  3.6758  1.363    7  0.000  0.496     8.77     6.72     4.72     3.67     2.97  3    -1e-30      0.00 7.452e-01 2.544e-01 6.815e-05 2.474e-05 1.824e-04 -1.000 4.189e-04 -1.740 0.315 -0.995 -1.731 -1.983 -2.113 -2.160
0.00039019 -1.60000 10.07188 0.8128447533 2.4231350236    0.748  2.647  3.6727  1.308    7  0.000  0.484     9.86     7.43     5.20     4.05     3.27  3    -1e-30      0.00 7.451e-01 2.545e-01 6.649e-05 2.676e-05 1.824e-04 -1.000 4.116e-04 -1.847 0.306 -1.070 -1.834 -2.094 -2.227 -2.277
0.00039019 -1.60000 10.07188 0.8128524423 2.4231376159    0.748  2.690  3.6695  1.252    7  0.000  0.473    11.10     8.22     5.72     4.46     3.61  2    -1e-30      0.00 7.450e-01 2.545e-01 6.501e-05 2.858e-05 1.824e-04 -1.000 4.188e-04 -1.955 0.306 -1.141 -1.937 -2.204 -2.342 -2.394
0.00039019 -1.60000 10.07188 0.8128597736 2.4231400875    0.748  2.732  3.6664  1.197    7  0.000  0.464    12.48     9.08     6.29     4.91     3.98  2    -1e-30      0.00 7.449e-01 2.546e-01 6.374e-05 3.013e-05 1.823e-04 -1.000 4.188e-04 -2.061 0.314 -1.209 -2.038 -2.312 -2.455 -2.509
0.00039019 -1.60000 10.07188 0.8128668070 2.4231424586    0.748  2.775  3.6632  1.142    7  0.000  0.456    14.04    10.03     6.93     5.41     4.38  2    -1e-30      0.00 7.449e-01 2.547e-01 6.268e-05 3.144e-05 1.823e-04 -1.000 4.189e-04 -2.168 0.329 -1.273 -2.138 -2.421 -2.568 -2.624
0.00039019 -1.60000 10.07188 0.8128731847 2.4231446086    0.748  2.818  3.6600  1.086    7  0.000  0.449    15.79    11.09     7.62     5.96     4.83  2    -1e-30      0.00 7.448e-01 2.548e-01 6.174e-05 3.259e-05 1.823e-04 -1.000 4.188e-04 -2.274 0.353 -1.334 -2.237 -2.529 -2.681 -2.739
0.00039019 -1.60000 10.07188 0.8128784299 2.4231463769    0.748  2.856  3.6571  1.036    7  0.000  0.444    17.59    12.15     8.32     6.52     5.28  2    -1e-30      0.00 7.447e-01 2.549e-01 6.100e-05 3.350e-05 1.822e-04 -1.000 4.189e-04 -2.371 0.374 -1.387 -2.324 -2.625 -2.781 -2.842
0.00039019 -1.60000 10.07188 0.8128829002 2.4231478838    0.748  2.896  3.6540  0.984    7  0.000  0.440    19.62    13.34     9.09     7.13     5.78  2    -1e-30      0.00 7.445e-01 2.551e-01 6.035e-05 3.430e-05 1.821e-04 -1.000 4.188e-04 -2.469 0.371 -1.445 -2.410 -2.719 -2.881 -2.945
0.00039019 -1.60000 10.07188 0.8128867149 2.4231491698    0.748  2.935  3.6509  0.932    7  0.000  0.436    21.92    14.65     9.94     7.81     6.33  2    -1e-30      0.00 7.444e-01 2.552e-01 5.977e-05 3.504e-05 1.820e-04 -1.000 4.117e-04 -2.568 0.376 -1.499 -2.496 -2.815 -2.983 -3.049
0.00039019 -1.60000 10.07188 0.8128903508 2.4231503954    0.748  2.979  3.6475  0.875    7  0.000  0.432    24.77    16.26    10.98     8.64     7.01  1    -1e-30      0.00 7.442e-01 2.554e-01 5.922e-05 3.576e-05 1.819e-04 -1.000 4.188e-04 -2.678 0.384 -1.557 -2.588 -2.919 -3.093 -3.162
0.00039019 -1.60000 10.07188 0.8128939271 2.4231516010    0.748  3.026  3.6438  0.813    7  0.000  0.430    28.22    18.16    12.20     9.62     7.80  1    -1e-30      0.00 7.441e-01 2.555e-01 5.878e-05 3.635e-05 1.817e-04 -1.000 4.188e-04 -2.794 0.392 -1.617 -2.686 -3.029 -3.210 -3.282
0.00039019 -1.60000 10.07188 0.8128972054 2.4231527061    0.748  3.075  3.6397  0.747    7  0.000  0.428    32.48    20.47    13.68    10.80     8.76  1    -1e-30      0.00 7.439e-01 2.556e-01 5.843e-05 3.689e-05 1.814e-04 -1.000 4.188e-04 -2.919 0.404 -1.680 -2.791 -3.147 -3.336 -3.411
0.00039019 -1.60000 10.07188 0.8128982782 2.4231530677    0.748  3.104  3.6373  0.709    7  0.000  0.427    35.26    21.95    14.62    11.56     9.38  1    -1e-30      0.00 7.439e-01 2.557e-01 5.830e-05 3.711e-05 1.813e-04 -1.000 4.188e-04 -2.991 0.415 -1.712 -2.848 -3.213 -3.407 -3.485
0.00039019 -1.60000 10.07188 0.8128985167 2.4231531481    0.748  3.120  3.6361  0.689    7  0.000  0.427    36.79    22.76    15.14    11.98     9.72  1    -1e-30      0.00 7.439e-01 2.557e-01 5.824e-05 3.726e-05 1.812e-04 -1.000 4.188e-04 -3.029 0.419 -1.730 -2.879 -3.248 -3.445 -3.524
0.00039019 -1.60000 10.07188 0.8128988743 2.4231532687    0.748  3.139  3.6346  0.663    7  0.000  0.426    38.85    23.84    15.82    12.52    10.16  1    -1e-30      0.00 7.438e-01 2.558e-01 5.812e-05 3.753e-05 1.811e-04 -1.000 4.187e-04 -3.078 0.424 -1.751 -2.918 -3.293 -3.493 -3.573
0.00039019 -1.60000 10.07188 0.8128993511 2.4231534294    0.748  3.167  3.6323  0.626    7  0.000  0.425    42.00    25.47    16.86    13.36    10.84  1    -1e-30      0.00 7.436e-01 2.560e-01 5.780e-05 3.818e-05 1.807e-04 -1.000 4.188e-04 -3.146 0.435 -1.781 -2.973 -3.356 -3.561 -3.643
0.00039019 -1.60000 10.07188 0.8128995895 2.4231535098    0.748  3.363  3.6171  0.370    8  0.541  0.401    72.51    40.51    26.26    20.95    17.02  1 -9.09e-07      0.00 7.349e-01 2.648e-01 5.378e-05 4.880e-05 1.813e-04 -1.000 3.133e-04 -3.636 0.468 -1.970 -3.350 -3.798 -4.039 -4.136
0.00039019 -1.60000 10.07188 0.8128996491 2.4231535298    0.747  3.198  3.6291  0.581    8  0.542  0.395    46.22    27.62    18.22    14.45    11.73  1 -4.28e-07      0.00 7.349e-01 2.648e-01 5.378e-05 4.880e-05 1.813e-04 -1.000 3.133e-04 -3.226 0.461 -1.806 -3.032 -3.427 -3.638 -3.723
0.00039019 -1.60000 10.07188 0.8128997087 2.4231535499    0.746  3.052  3.6417  0.777    8  0.542  0.395    30.46    19.38    12.98    10.25     8.31  1 -2.18e-07      0.00 7.349e-01 2.648e-01 5.378e-05 4.880e-05 1.813e-04 -1.000 3.133e-04 -2.861 0.398 -1.651 -2.742 -3.092 -3.277 -3.351
0.00039019 -1.60000 10.07188 0.8128998876 2.4231536102    0.744  2.855  3.6586  1.041    8  0.542  0.395    17.38    12.03     8.23     6.45     5.23  2 -8.78e-08      0.00 7.349e-01 2.648e-01 5.378e-05 4.880e-05 1.813e-04 -1.000 3.133e-04 -2.368 0.333 -1.403 -2.327 -2.624 -2.778 -2.838
0.00039019 -1.60000 10.07188 0.8129001856 2.4231537107    0.741  2.861  3.6580  1.031    8  0.542  0.395    17.72    12.23     8.36     6.56     5.31  2 -9.11e-08      0.00 7.349e-01 2.648e-01 5.378e-05 4.880e-05 1.813e-04 -1.000 3.133e-04 -2.382 0.344 -1.408 -2.340 -2.638 -2.793 -2.853
0.00039019 -1.60000 10.07188 0.8129004836 2.4231538111    0.737  2.958  3.6496  0.898    8  0.542  0.395    23.49    15.53    10.51     8.27     6.70  1 -1.46e-07      0.00 7.349e-01 2.648e-01 5.378e-05 4.880e-05 1.813e-04 -1.000 3.133e-04 -2.625 0.374 -1.532 -2.546 -2.870 -3.040 -3.108
0.00039019 -1.60000 10.07188 0.8129008412 2.4231539317    0.732  3.118  3.6357  0.680    8  0.542  0.395    37.30    22.99    15.28    12.10     9.82  1 -3.12e-07      0.00 7.349e-01 2.648e-01 5.378e-05 4.880e-05 1.813e-04 -1.000 3.133e-04 -3.024 0.440 -1.717 -2.871 -3.242 -3.439 -3.519
0.00039019 -1.60000 10.07188 0.8129013181 2.4231540924    0.727  3.256  3.6236  0.490    8  0.543  0.395    55.86    32.37    21.18    16.86    13.69  1 -6.05e-07      0.00 7.349e-01 2.648e-01 5.378e-05 4.880e-05 1.813e-04 -1.000 3.133e-04 -3.370 0.505 -1.850 -3.139 -3.555 -3.778 -3.868
0.00039019 -1.60000 10.07188 0.8129017949 2.4231542532    0.721  3.348  3.6155  0.362    8  0.543  0.395    73.25    40.70    26.35    21.06    17.10  1 -9.46e-07      0.00 7.349e-01 2.648e-01 5.378e-05 4.880e-05 1.813e-04 -1.000 3.133e-04 -3.600 0.542 -1.908 -3.301 -3.755 -3.999 -4.098
0.00039019 -1.60000 10.07188 0.8129023910 2.4231544541    0.714  3.399  3.6109  0.288    8  0.544  0.395    85.52    46.36    29.84    23.89    19.41  1 -1.23e-06      0.00 7.349e-01 2.648e-01 5.378e-05 4.880e-05 1.813e-04 -1.000 3.133e-04 -3.728 0.560 -1.933 -3.388 -3.864 -4.121 -4.224
0.00039019 -1.60000 10.07188 0.8129029870 2.4231546550    0.706  3.426  3.6085  0.247    8  0.544  0.395    93.22    49.81    31.94    25.62    20.82  1 -1.43e-06      0.00 7.349e-01 2.648e-01 5.378e-05 4.880e-05 1.813e-04 -1.000 3.133e-04 -3.794 0.573 -1.941 -3.430 -3.920 -4.184 -4.289
0.00039019 -1.60000 10.07188 0.8129037023 2.4231548961    0.698  3.443  3.6068  0.218    8  0.545  0.395    99.00    52.33    33.48    26.88    21.84  1  -1.6e-06      0.00 7.349e-01 2.648e-01 5.378e-05 4.880e-05 1.813e-04 -1.000 3.133e-04 -3.837 0.583 -1.944 -3.457 -3.956 -4.224 -4.331
0.00039019 -1.60000 10.07188 0.8129066229 2.4231558806    0.546 -9.999  4.0000  1.752    9  0.547  0.000     0.00     0.00     0.00     0.00     0.00 -1    -1e-30      0.00 7.349e-01 2.648e-01 5.378e-05 4.880e-05 1.813e-04 -1.000 3.132e-04 29.767 30.102 29.965 30.242 30.471 30.552 30.640
