# Zini     MH   logAge Mini        int_IMF         Mass   logL    logTe  logg  label   McoreTP C_O  period0  period1  period2  period3  period4  pmode  Mloss  tau1m   X   Y   Xc  Xn  Xo  Cexcess  Z 	 mbolmag  umag    gmag    rmag    imag    zmag    Ymag
0.00061788 -1.40000 10.04139 0.0899999961 1.0816895212    0.090 -3.192  3.4692  5.413    1  0.000  0.545     0.00     0.00     0.00     0.00     0.00 -1 -5.29e-17      0.00 7.478e-01 2.516e-01 1.174e-04 3.167e-05 2.872e-04 -1.000 6.527e-04 12.750 17.923 16.362 14.458 12.688 12.106 11.993
0.00061788 -1.40000 10.04139 0.0981472433 1.1554406347    0.098 -2.964  3.5017  5.352    1  0.000  0.545     0.00     0.00     0.00     0.00     0.00 -1  -9.2e-17      0.00 7.465e-01 2.528e-01 1.174e-04 3.167e-05 2.872e-04 -1.000 6.528e-04 12.179 17.190 15.122 13.317 12.044 11.590 11.477
0.00061788 -1.40000 10.04139 0.1000000015 1.1711064122    0.100 -2.914  3.5087  5.339    1  0.000  0.545     0.00     0.00     0.00     0.00     0.00 -1 -1.04e-16      0.00 7.462e-01 2.531e-01 1.174e-04 3.167e-05 2.872e-04 -1.000 6.528e-04 12.056 16.999 14.866 13.090 11.909 11.477 11.365
0.00061788 -1.40000 10.04139 0.1199999899 1.3193153758    0.120 -2.630  3.5404  5.260    1  0.000  0.545     0.00     0.00     0.00     0.00     0.00 -1    -2e-16      0.00 7.439e-01 2.554e-01 1.174e-04 3.167e-05 2.872e-04 -1.000 6.528e-04 11.344 15.833 13.607 11.988 11.153 10.806 10.700
0.00061788 -1.40000 10.04139 0.1362898648 1.4180891392    0.136 -2.480  3.5533  5.217    1  0.000  0.545     0.00     0.00     0.00     0.00     0.00 -1 -2.78e-16      0.00 7.425e-01 2.568e-01 1.174e-04 3.167e-05 2.872e-04 -1.000 6.527e-04 10.970 15.224 13.037 11.490 10.765 10.446 10.344
0.00061788 -1.40000 10.04139 0.1400000006 1.4384526719    0.140 -2.448  3.5560  5.208    1  0.000  0.545     0.00     0.00     0.00     0.00     0.00 -1 -2.98e-16      0.00 7.422e-01 2.571e-01 1.174e-04 3.167e-05 2.872e-04 -1.000 6.528e-04 10.891 15.094 12.919 11.387 10.683 10.370 10.268
0.00061788 -1.40000 10.04139 0.1599999964 1.5372931554    0.160 -2.308  3.5663  5.167    1  0.000  0.545     0.00     0.00     0.00     0.00     0.00 -1 -4.04e-16      0.00 7.409e-01 2.584e-01 1.174e-04 3.167e-05 2.872e-04 -1.000 6.527e-04 10.539 14.539 12.422 10.951 10.323 10.029 9.932
0.00061788 -1.40000 10.04139 0.2000000030 1.6938790862    0.200 -2.087  3.5798  5.097    1  0.000  0.545     0.00     0.00     0.00     0.00     0.00 -1 -6.51e-16      0.00 7.397e-01 2.597e-01 1.174e-04 3.167e-05 2.872e-04 -1.000 6.527e-04 9.987 13.722 11.693 10.309 9.762 9.491 9.399
0.00061788 -1.40000 10.04139 0.2500000000 1.8403257998    0.250 -1.882  3.5910  5.034    1  0.000  0.545     0.00     0.00     0.00     0.00     0.00 -1 -5.66e-16      0.00 7.395e-01 2.598e-01 1.174e-04 3.167e-05 2.872e-04 -1.000 6.527e-04 9.475 12.985 11.045 9.740 9.244 8.992 8.905
0.00061788 -1.40000 10.04139 0.3000000119 1.9529139769    0.300 -1.726  3.5995  4.991    1  0.000  0.545     0.00     0.00     0.00     0.00     0.00 -1  -6.4e-16      0.00 7.397e-01 2.596e-01 1.173e-04 3.167e-05 2.872e-04 -1.000 6.528e-04 9.084 12.438 10.557 9.311 8.847 8.608 8.525
0.00061788 -1.40000 10.04139 0.3400841057 2.0268596729    0.340 -1.623  3.6054  4.966    1  0.000  0.545     0.00     0.00     0.00     0.00     0.00 -1 -1.69e-15      0.00 7.419e-01 2.575e-01 1.173e-04 3.167e-05 2.872e-04 -1.000 6.527e-04 8.827 12.078 10.235 9.031 8.586 8.356 8.276
0.00061788 -1.40000 10.04139 0.3499999940 2.0434174644    0.350 -1.599  3.6067  4.960    1  0.000  0.545     0.00     0.00     0.00     0.00     0.00 -1 -1.77e-15      0.00 7.424e-01 2.570e-01 1.173e-04 3.167e-05 2.872e-04 -1.000 6.527e-04 8.768 11.996 10.162 8.966 8.526 8.298 8.219
0.00061788 -1.40000 10.04139 0.4000000060 2.1185024399    0.400 -1.455  3.6179  4.918    1  0.000  0.545     0.00     0.00     0.00     0.00     0.00 -1 -2.42e-15      0.00 7.499e-01 2.495e-01 1.174e-04 3.167e-05 2.872e-04 -1.000 6.527e-04 8.407 11.452 9.685 8.564 8.158 7.947 7.874
0.00061788 -1.40000 10.04139 0.4499999881 2.1822809009    0.450 -1.280  3.6361  4.868    1  0.000  0.545     0.00     0.00     0.00     0.00     0.00 -1 -3.62e-15      0.00 7.499e-01 2.494e-01 1.174e-04 3.167e-05 2.872e-04 -1.000 6.527e-04 7.971 10.733 9.068 8.070 7.716 7.533 7.468
0.00061788 -1.40000 10.04139 0.5000000000 2.2374541529    0.500 -1.083  3.6627  4.823    1  0.000  0.545     0.00     0.00     0.00     0.00     0.00 -1 -5.68e-15      0.00 7.499e-01 2.494e-01 1.174e-04 3.167e-05 2.872e-04 -1.000 6.528e-04 7.479 9.833 8.336 7.502 7.217 7.074 7.022
0.00061788 -1.40000 10.04139 0.5500000715 2.2836583126    0.550 -0.870  3.6894  4.758    1  0.000  0.544     0.00     0.00     0.00     0.00     0.00 -1 -9.54e-15      0.00 7.816e-01 2.178e-01 1.035e-04 2.794e-05 2.535e-04 -1.000 5.502e-04 6.946 8.859 7.597 6.913 6.685 6.579 6.542
0.00061788 -1.40000 10.04139 0.6000000238 2.3211213258    0.600 -0.666  3.7168  4.701    1  0.000  0.544     0.00     0.00     0.00     0.00     0.00 -1 -1.56e-14      0.00 7.911e-01 2.084e-01 9.964e-05 2.691e-05 2.443e-04 -1.000 5.373e-04 6.435 7.957 6.935 6.371 6.190 6.117 6.095
0.00061788 -1.40000 10.04139 0.6142373085 2.3305143009    0.614 -0.606  3.7256  4.686    1  0.000  0.544     0.00     0.00     0.00     0.00     0.00 -1  -1.8e-14      0.00 7.942e-01 2.052e-01 9.835e-05 2.657e-05 2.412e-04 -1.000 5.562e-04 6.285 7.698 6.745 6.216 6.049 5.986 5.968
0.00061788 -1.40000 10.04139 0.6282197237 2.3392642054    0.628 -0.547  3.7341  4.671    1  0.000  0.543     0.00     0.00     0.00     0.00     0.00 -1 -2.08e-14      0.00 7.974e-01 2.020e-01 9.704e-05 2.622e-05 2.381e-04 -1.000 5.353e-04 6.136 7.454 6.563 6.066 5.912 5.858 5.844
0.00061788 -1.40000 10.04139 0.6401982307 2.3464115862    0.640 -0.496  3.7413  4.657    1  0.000  0.543     0.00     0.00     0.00     0.00     0.00 -1 -2.34e-14      0.00 8.003e-01 1.992e-01 9.587e-05 2.591e-05 2.353e-04 -1.000 5.510e-04 6.009 7.251 6.410 5.938 5.795 5.748 5.738
0.00061788 -1.40000 10.04139 0.6499999762 2.3520353107    0.650 -0.454  3.7471  4.645    1  0.000  0.543     0.00     0.00     0.00     0.00     0.00 -1  -2.6e-14      0.00 8.027e-01 1.968e-01 9.487e-05 2.565e-05 2.329e-04 -1.000 5.224e-04 5.904 7.090 6.286 5.835 5.701 5.660 5.653
0.00061788 -1.40000 10.04139 0.6501852274 2.3521397221    0.650 -0.453  3.7472  4.644    1  0.000  0.543     0.00     0.00     0.00     0.00     0.00 -1 -2.61e-14      0.00 8.028e-01 1.967e-01 9.485e-05 2.564e-05 2.329e-04 -1.000 5.222e-04 5.902 7.087 6.283 5.833 5.699 5.659 5.651
0.00061788 -1.40000 10.04139 0.6643021107 2.3598997121    0.664 -0.392  3.7548  4.623    1  0.000  0.543     0.00     0.00     0.00     0.00     0.00 -1 -3.04e-14      0.00 8.072e-01 1.923e-01 9.311e-05 2.517e-05 2.287e-04 -1.000 5.222e-04 5.750 6.863 6.106 5.685 5.563 5.531 5.527
0.00061788 -1.40000 10.04139 0.6777037382 2.3669235730    0.677 -0.333  3.7617  4.601    1  0.000  0.542     0.00     0.00     0.00     0.00     0.00 -1 -3.54e-14      0.00 8.116e-01 1.878e-01 9.132e-05 2.470e-05 2.244e-04 -1.000 5.222e-04 5.603 6.653 5.939 5.544 5.433 5.408 5.407
0.00061788 -1.40000 10.04139 0.6901103258 2.3731470632    0.690 -0.278  3.7680  4.579    1  0.000  0.542     0.00     0.00     0.00     0.00     0.00 -1 -4.08e-14      0.00 8.161e-01 1.834e-01 8.956e-05 2.423e-05 2.202e-04 -1.000 5.213e-04 5.466 6.466 5.784 5.412 5.311 5.292 5.293
0.00061788 -1.40000 10.04139 0.6999999881 2.3779266974    0.700 -0.233  3.7729  4.560    1  0.000  0.542     0.00     0.00     0.00     0.00     0.00 -1  -4.6e-14      0.00 8.198e-01 1.797e-01 8.808e-05 2.384e-05 2.167e-04 -1.000 5.176e-04 5.353 6.317 5.659 5.306 5.212 5.197 5.200
0.00061788 -1.40000 10.04139 0.7083166838 2.3818275357    0.708 -0.194  3.7768  4.542    1  0.000  0.540     0.00     0.00     0.00     0.00     0.00 -1  -5.1e-14      0.00 8.240e-01 1.756e-01 8.626e-05 2.340e-05 2.129e-04 -1.000 4.476e-04 5.256 6.192 5.553 5.213 5.125 5.115 5.119
0.00061788 -1.40000 10.04139 0.7203094363 2.3872706011    0.720 -0.137  3.7822  4.513    1  0.000  0.538     0.00     0.00     0.00     0.00     0.00 -1 -5.97e-14      0.00 8.301e-01 1.694e-01 8.359e-05 2.275e-05 2.071e-04 -1.000 4.290e-04 5.112 6.011 5.395 5.075 4.996 4.991 4.997
0.00061788 -1.40000 10.04139 0.7313904762 2.3921178406    0.731 -0.081  3.7870  4.483    1  0.000  0.536     0.00     0.00     0.00     0.00     0.00 -1 -6.97e-14      0.00 8.360e-01 1.636e-01 8.106e-05 2.213e-05 2.016e-04 -1.000 4.221e-04 4.973 5.844 5.245 4.942 4.870 4.870 4.878
0.00061788 -1.40000 10.04139 0.7418721318 2.3965499658    0.741 -0.026  3.7914  4.451    1  0.000  0.534     0.00     0.00     0.00     0.00     0.00 -1 -8.14e-14      0.00 8.415e-01 1.581e-01 7.870e-05 2.156e-05 1.965e-04 -1.000 4.222e-04 4.834 5.681 5.096 4.809 4.744 4.748 4.757
0.00061788 -1.40000 10.04139 0.7500000000 2.3998889087    0.750  0.019  3.7947  4.424    1  0.000  0.532     0.00     0.00     0.00     0.00     0.00 -1 -9.25e-14      0.00 8.457e-01 1.539e-01 7.689e-05 2.112e-05 1.926e-04 -1.000 4.222e-04 4.722 5.552 4.976 4.701 4.641 4.648 4.658
0.00061788 -1.40000 10.04139 0.7576066852 2.4029392302    0.757  0.063  3.7976  4.397    1  0.000  0.531     0.00     0.00     0.00     0.00     0.00 -1 -1.05e-13      0.00 8.483e-01 1.512e-01 7.595e-05 2.087e-05 1.905e-04 -1.000 4.222e-04 4.613 5.428 4.859 4.595 4.540 4.550 4.561
0.00061788 -1.40000 10.04139 0.7670181394 2.4066171437    0.766  0.120  3.8011  4.358    1  0.000  0.531     0.00     0.00     0.00     0.00     0.00 -1 -1.25e-13      0.00 8.514e-01 1.482e-01 7.495e-05 2.060e-05 1.882e-04 -1.000 4.222e-04 4.469 5.265 4.706 4.454 4.405 4.418 4.431
0.00061788 -1.40000 10.04139 0.7756897211 2.4099152291    0.775  0.178  3.8042  4.318    1  0.000  0.530     0.00     0.00     0.00     0.00     0.00 -1 -1.48e-13      0.00 8.539e-01 1.457e-01 7.418e-05 2.040e-05 1.864e-04 -1.000 4.222e-04 4.326 5.108 4.554 4.314 4.270 4.286 4.299
0.00061788 -1.40000 10.04139 0.7837561965 2.4129079450    0.783  0.234  3.8067  4.276    1  0.000  0.530     0.00     0.00     0.00     0.00     0.00 -1 -1.76e-13      0.00 8.559e-01 1.437e-01 7.360e-05 2.025e-05 1.851e-04 -1.000 4.227e-04 4.184 4.954 4.405 4.174 4.134 4.152 4.167
0.00061788 -1.40000 10.04139 0.7909663320 2.4155236235    0.790  0.289  3.8085  4.233    1  0.000  0.529     0.00     0.00     0.00     0.00     0.00 -1 -2.08e-13      0.00 8.571e-01 1.424e-01 7.329e-05 2.018e-05 1.845e-04 -1.000 4.578e-04 4.049 4.810 4.263 4.040 4.003 4.023 4.038
0.00061788 -1.40000 10.04139 0.7972851396 2.4177712711    0.796  0.340  3.8095  4.189    1  0.000  0.529     0.00     0.00     0.00     0.00     0.00 -1 -2.46e-13      0.00 8.569e-01 1.426e-01 7.352e-05 2.025e-05 1.852e-04 -1.000 4.832e-04 3.920 4.676 4.131 3.912 3.877 3.898 3.913
0.00061788 -1.40000 10.04139 0.7992008328 2.4184446287    0.798  0.356  3.8097  4.175    1  0.000  0.529     0.00     0.00     0.00     0.00     0.00 -1 -2.59e-13      0.00 8.568e-01 1.427e-01 7.362e-05 2.027e-05 1.854e-04 -1.000 4.900e-04 3.881 4.635 4.090 3.872 3.838 3.859 3.874
0.00061788 -1.40000 10.04139 0.8000000119 2.4187244405    0.799  0.363  3.8097  4.168    1  0.000  0.529     0.00     0.00     0.00     0.00     0.00 -1 -2.66e-13      0.00 8.567e-01 1.428e-01 7.366e-05 2.029e-05 1.855e-04 -1.000 4.916e-04 3.862 4.617 4.071 3.854 3.819 3.840 3.855
0.00061788 -1.40000 10.04139 0.8012176752 2.4191495397    0.800  0.374  3.8096  4.157    1  0.000  0.529     0.00     0.00     0.00     0.00     0.00 -1 -2.77e-13      0.00 8.564e-01 1.431e-01 7.384e-05 2.033e-05 1.860e-04 -1.000 4.916e-04 3.834 4.589 4.043 3.825 3.791 3.812 3.827
0.00061788 -1.40000 10.04139 0.8069443703 2.4211290200    0.806  0.430  3.8085  4.100    1  0.000  0.529     0.00     0.00     0.00     0.00     0.00 -1 -3.32e-13      0.00 8.547e-01 1.448e-01 7.466e-05 2.056e-05 1.881e-04 -1.000 4.916e-04 3.695 4.453 3.904 3.684 3.649 3.668 3.683
0.00061788 -1.40000 10.04139 0.8117366433 2.4227608472    0.810  0.484  3.8053  4.036    1  0.000  0.529     0.00     0.00     0.00     0.00     0.00 -1 -4.04e-13      0.00 8.533e-01 1.462e-01 7.535e-05 2.075e-05 1.898e-04 -1.000 4.916e-04 3.561 4.330 3.775 3.546 3.506 3.523 3.537
0.00061788 -1.40000 10.04139 0.8125487566 2.4230351890    0.811  0.494  3.8045  4.024    1  0.000  0.529     0.00     0.00     0.00     0.00     0.00 -1 -4.22e-13      0.00 8.531e-01 1.465e-01 7.547e-05 2.078e-05 1.901e-04 -1.000 4.916e-04 3.536 4.308 3.752 3.520 3.479 3.496 3.509
0.00061788 -1.40000 10.04139 0.8140223622 2.4235313841    0.813  0.514  3.8022  3.995    2  0.000  0.529     0.00     0.00     0.00     0.00     0.00 -1 -4.55e-13      0.00 8.526e-01 1.469e-01 7.568e-05 2.084e-05 1.906e-04 -1.000 4.916e-04 3.486 4.267 3.706 3.468 3.424 3.438 3.450
0.00061788 -1.40000 10.04139 0.8169089556 2.4244973993    0.815  0.556  3.7958  3.928    2  0.000  0.529     0.00     0.00     0.00     0.00     0.00 -1 -5.39e-13      0.00 8.518e-01 1.477e-01 7.609e-05 2.095e-05 1.916e-04 -1.000 4.916e-04 3.379 4.188 3.613 3.355 3.301 3.309 3.319
0.00061788 -1.40000 10.04139 0.8189823627 2.4251864465    0.817  0.592  3.7881  3.863    2  0.000  0.529     0.00     0.00     0.00     0.00     0.00 -1  -6.3e-13      0.00 8.501e-01 1.495e-01 7.716e-05 2.125e-05 1.943e-04 -1.000 4.738e-04 3.291 4.137 3.543 3.260 3.194 3.195 3.202
0.00061788 -1.40000 10.04139 0.8205279112 2.4256974682    0.819  0.620  3.7796  3.801    2  0.000  0.530     0.00     0.00     0.00     0.00     0.00 -1 -7.23e-13      0.00 8.368e-01 1.627e-01 8.339e-05 2.294e-05 2.096e-04 -1.000 4.852e-04 3.219 4.109 3.492 3.181 3.102 3.094 3.098
0.00061788 -1.40000 10.04139 0.8219656348 2.4261708549    0.820  0.649  3.7693  3.733    2  0.000  0.533     0.00     0.00     0.00     0.00     0.00 -1 -8.34e-13      0.00 8.112e-01 1.883e-01 9.345e-05 2.564e-05 2.338e-04 -1.000 5.127e-04 3.148 4.103 3.450 3.103 3.009 2.990 2.991
0.00061788 -1.40000 10.04139 0.8229887486 2.4265065685    0.821  0.672  3.7606  3.675    2  0.000  0.535     0.00     0.00     0.00     0.00     0.00 -1 -9.41e-13      0.00 7.900e-01 2.094e-01 1.009e-04 2.764e-05 2.516e-04 -1.000 5.702e-04 3.089 4.104 3.416 3.039 2.932 2.904 2.901
0.00061788 -1.40000 10.04139 0.8239230514 2.4268123033    0.822  0.703  3.7526  3.612    2  0.000  0.536     0.00     0.00     0.00     0.00     0.00 -1 -1.08e-12      0.00 7.778e-01 2.216e-01 1.052e-04 2.878e-05 2.618e-04 -1.000 5.829e-04 3.013 4.090 3.366 2.961 2.841 2.805 2.799
0.00061788 -1.40000 10.04139 0.8246496916 2.4270495332    0.823  0.737  3.7470  3.556    2  0.000  0.536     0.00     0.00     0.00     0.00     0.00 -1 -1.25e-12      0.00 7.719e-01 2.275e-01 1.073e-04 2.935e-05 2.669e-04 -1.000 6.084e-04 2.928 4.048 3.300 2.875 2.746 2.705 2.696
0.00061788 -1.40000 10.04139 0.8253470659 2.4272767570    0.823  0.778  3.7424  3.497    2  0.000  0.537     0.00     0.00     0.00     0.00     0.00 -1 -1.47e-12      0.00 7.678e-01 2.316e-01 1.088e-04 2.973e-05 2.703e-04 -1.000 5.833e-04 2.824 3.979 3.211 2.772 2.636 2.589 2.579
0.00061788 -1.40000 10.04139 0.8254604936 2.4273136731    0.824  0.787  3.7419  3.486    2  0.000  0.537     0.00     0.00     0.00     0.00     0.00 -1 -1.52e-12      0.00 7.673e-01 2.321e-01 1.089e-04 2.978e-05 2.707e-04 -1.000 5.965e-04 2.803 3.963 3.192 2.751 2.614 2.567 2.556
0.00061788 -1.40000 10.04139 0.8260577917 2.4275078771    0.824  0.832  3.7390  3.430    3  0.000  0.537     0.00     0.00     0.00     0.00     0.00 -1  -1.8e-12      0.00 7.646e-01 2.347e-01 1.097e-04 2.999e-05 2.726e-04 -1.000 6.407e-04 2.689 3.872 3.088 2.637 2.496 2.446 2.434
0.00061788 -1.40000 10.04139 0.8265610337 2.4276712494    0.825  0.874  3.7369  3.380    3  0.000  0.537     0.00     0.00     0.00     0.00     0.00 -1  -2.1e-12      0.00 7.626e-01 2.368e-01 1.103e-04 3.013e-05 2.739e-04 -1.000 6.157e-04 2.584 3.785 2.991 2.533 2.389 2.336 2.323
0.00061788 -1.40000 10.04139 0.8271195292 2.4278522915    0.825  0.925  3.7348  3.321    3  0.000  0.537     0.00     0.00     0.00     0.00     0.00 -1 -2.52e-12      0.00 7.604e-01 2.389e-01 1.108e-04 3.027e-05 2.751e-04 -1.000 6.296e-04 2.458 3.677 2.872 2.408 2.260 2.205 2.191
0.00061788 -1.40000 10.04139 0.8276357651 2.4280193849    0.825  0.976  3.7330  3.263    3  0.000  0.537     0.00     0.00     0.00     0.00     0.00 -1 -3.02e-12      0.00 7.584e-01 2.409e-01 1.111e-04 3.038e-05 2.760e-04 -1.000 6.246e-04 2.331 3.566 2.752 2.282 2.132 2.075 2.059
0.00061788 -1.40000 10.04139 0.8281537294 2.4281867970    0.826  1.031  3.7312  3.201    3  0.000  0.536     0.00     0.00     0.00     0.00     0.00 -1 -3.68e-12      0.00 7.564e-01 2.430e-01 1.114e-04 3.050e-05 2.769e-04 -1.000 6.213e-04 2.193 3.444 2.621 2.146 1.992 1.933 1.917
0.00061788 -1.40000 10.04139 0.8286124468 2.4283348588    0.826  1.084  3.7295  3.141    3  0.000  0.535     0.00     0.00     0.00     0.00     0.00 -1 -4.46e-12      0.00 7.545e-01 2.449e-01 1.113e-04 3.066e-05 2.775e-04 -1.000 6.114e-04 2.060 3.325 2.494 2.014 1.858 1.797 1.779
0.00061788 -1.40000 10.04139 0.8290017247 2.4284603597    0.827  1.133  3.7279  3.086    3  0.000  0.533     0.00     0.00     0.00     0.00     0.00 -1 -5.32e-12      0.00 7.529e-01 2.465e-01 1.111e-04 3.090e-05 2.780e-04 -1.000 6.252e-04 1.937 3.216 2.378 1.892 1.734 1.671 1.653
0.00061788 -1.40000 10.04139 0.8293063641 2.4285584790    0.827  1.174  3.7267  3.040    3  0.000  0.531     0.00     0.00     0.00     0.00     0.00 -1 -6.17e-12      0.00 7.516e-01 2.477e-01 1.107e-04 3.123e-05 2.783e-04 -1.000 6.194e-04 1.834 3.124 2.279 1.790 1.630 1.565 1.546
0.00061788 -1.40000 10.04139 0.8296437860 2.4286670604    0.827  1.224  3.7251  2.983    3  0.000  0.528     0.00     0.00     0.00     0.00     0.00 -1 -7.39e-12      0.00 7.503e-01 2.490e-01 1.101e-04 3.181e-05 2.786e-04 -1.000 6.347e-04 1.709 3.013 2.160 1.666 1.504 1.437 1.417
0.00061788 -1.40000 10.04139 0.8299663067 2.4287707517    0.827  1.277  3.7233  2.924    3  0.000  0.524     0.00     0.00     0.00     0.00     0.00 -1 -8.92e-12      0.00 7.491e-01 2.502e-01 1.093e-04 3.259e-05 2.788e-04 -1.000 6.247e-04 1.578 2.898 2.036 1.537 1.371 1.303 1.282
0.00061788 -1.40000 10.04139 0.8302584291 2.4288645899    0.827  1.329  3.7216  2.865    3  0.000  0.520     0.00     0.00     0.00     0.00     0.00 -1 -1.08e-11      0.00 7.482e-01 2.512e-01 1.086e-04 3.343e-05 2.790e-04 -1.000 6.410e-04 1.448 2.784 1.913 1.408 1.240 1.169 1.147
0.00061788 -1.40000 10.04139 0.8305135369 2.4289464759    0.827  1.379  3.7199  2.809    3  0.000  0.516     0.00     0.00     0.00     0.00     0.00 -1 -1.29e-11      0.00 7.474e-01 2.519e-01 1.079e-04 3.417e-05 2.792e-04 -1.000 6.287e-04 1.324 2.676 1.796 1.285 1.114 1.041 1.019
0.00061788 -1.40000 10.04139 0.8307441473 2.4290204488    0.828  1.428  3.7181  2.753    3  0.000  0.514     0.00     0.00     0.00     0.00     0.00 -1 -1.54e-11      0.00 7.469e-01 2.524e-01 1.075e-04 3.474e-05 2.793e-04 -1.000 6.247e-04 1.201 2.572 1.681 1.164 0.990 0.915 0.892
0.00061788 -1.40000 10.04139 0.8309515119 2.4290869248    0.828  1.476  3.7164  2.697    3  0.000  0.512     0.00     0.00     0.00     0.00     0.00 -1 -1.83e-11      0.00 7.466e-01 2.528e-01 1.071e-04 3.515e-05 2.793e-04 -1.000 6.237e-04 1.080 2.469 1.568 1.044 0.868 0.791 0.766
0.00061788 -1.40000 10.04139 0.8311441541 2.4291486470    0.828  1.525  3.7145  2.641    3  0.000  0.511     0.00     0.00     0.00     0.00     0.00 -1 -2.19e-11      0.00 7.463e-01 2.530e-01 1.069e-04 3.543e-05 2.794e-04 -1.000 6.415e-04 0.957 2.365 1.453 0.923 0.744 0.664 0.639
0.00061788 -1.40000 10.04139 0.8313146234 2.4292032376    0.828  1.573  3.7126  2.585    3  0.000  0.510     0.00     0.00     0.00     0.00     0.00 -1 -2.61e-11      0.00 7.462e-01 2.532e-01 1.068e-04 3.557e-05 2.794e-04 -1.000 6.415e-04 0.837 2.265 1.342 0.806 0.623 0.541 0.515
0.00061788 -1.40000 10.04139 0.8314735889 2.4292541211    0.828  1.622  3.7107  2.529    3  0.000  0.510     0.00     0.00     0.00     0.00     0.00 -1 -3.11e-11      0.00 7.462e-01 2.532e-01 1.068e-04 3.560e-05 2.794e-04 -1.000 6.416e-04 0.716 2.162 1.229 0.686 0.500 0.416 0.389
0.00061788 -1.40000 10.04139 0.8316141367 2.4292990905    0.827  1.669  3.7088  2.474    3  0.000  0.510     0.00     0.00     0.00     0.00     0.00 -1  -3.7e-11      0.00 7.461e-01 2.532e-01 1.067e-04 3.562e-05 2.794e-04 -1.000 6.417e-04 0.598 2.067 1.121 0.570 0.381 0.295 0.266
0.00061788 -1.40000 10.04139 0.8317394257 2.4293391631    0.827  1.715  3.7068  2.420    3  0.000  0.510     0.00     0.00     0.00     0.00     0.00 -1 -4.37e-11      0.00 7.461e-01 2.532e-01 1.067e-04 3.563e-05 2.794e-04 -1.000 6.419e-04 0.483 1.978 1.016 0.458 0.265 0.176 0.147
0.00061788 -1.40000 10.04139 0.8318555951 2.4293763064    0.827  1.761  3.7048  2.366    3  0.000  0.510     0.00     0.00     0.00     0.00     0.00 -1 -5.17e-11      0.00 7.461e-01 2.532e-01 1.067e-04 3.564e-05 2.794e-04 -1.000 6.419e-04 0.368 1.888 0.911 0.344 0.148 0.057 0.026
0.00061788 -1.40000 10.04139 0.8319587111 2.4294092662    0.827  1.805  3.7028  2.314    3  0.000  0.510     0.00     0.00     0.00     0.00     0.00 -1 -6.08e-11      0.00 7.461e-01 2.532e-01 1.067e-04 3.565e-05 2.794e-04 -1.000 6.419e-04 0.257 1.803 0.810 0.235 0.036 -0.058 -0.090
0.00061788 -1.40000 10.04139 0.8320559263 2.4294403312    0.827  1.850  3.7008  2.260    3  0.000  0.510     0.00     0.00     0.00     0.00     0.00 -1 -7.18e-11      0.00 7.461e-01 2.532e-01 1.067e-04 3.566e-05 2.794e-04 -1.000 6.419e-04 0.144 1.717 0.708 0.124 -0.079 -0.175 -0.208
0.00061788 -1.40000 10.04139 0.8321435452 2.4294683225    0.827  1.894  3.6988  2.208    3  0.000  0.510     0.00     0.00     0.00     0.00     0.00 -1 -8.44e-11      0.00 7.461e-01 2.533e-01 1.067e-04 3.567e-05 2.794e-04 -1.000 6.420e-04 0.035 1.635 0.610 0.017 -0.190 -0.288 -0.322
0.00061788 -1.40000 10.04139 0.8322253823 2.4294944607    0.826  1.938  3.6967  2.156    3  0.000  0.510     0.00     0.00     0.00     0.00     0.00 -1  -9.9e-11      0.00 7.461e-01 2.533e-01 1.067e-04 3.567e-05 2.794e-04 -1.000 6.421e-04 -0.074 1.555 0.513 -0.090 -0.300 -0.401 -0.436
0.00061788 -1.40000 10.04139 0.8323038220 2.4295195082    0.826  1.981  3.6946  2.104    3  0.000  0.510     0.00     0.00     0.00     0.00     0.00 -1 -1.16e-10      0.00 7.461e-01 2.533e-01 1.067e-04 3.568e-05 2.794e-04 -1.000 6.421e-04 -0.182 1.477 0.417 -0.195 -0.409 -0.513 -0.549
0.00061788 -1.40000 10.04139 0.8323842883 2.4295451972    0.826  2.020  3.6927  2.057    3  0.000  0.510     0.00     0.00     0.00     0.00     0.00 -1 -1.34e-10      0.00 7.461e-01 2.533e-01 1.067e-04 3.569e-05 2.794e-04 -1.000 6.422e-04 -0.281 1.405 0.330 -0.291 -0.508 -0.614 -0.652
0.00061788 -1.40000 10.04139 0.8324574232 2.4295685407    0.825  2.047  3.6914  2.025    3  0.000  0.510     0.00     0.00     0.00     0.00     0.00 -1 -1.49e-10      0.00 7.461e-01 2.533e-01 1.067e-04 3.570e-05 2.794e-04 -1.000 6.422e-04 -0.348 1.355 0.269 -0.356 -0.576 -0.684 -0.722
0.00061788 -1.40000 10.04139 0.8325057626 2.4295839672    0.825  2.031  3.6925  2.046    3  0.000  0.510     0.00     0.00     0.00     0.00     0.00 -1 -1.41e-10      0.00 7.461e-01 2.533e-01 1.067e-04 3.570e-05 2.794e-04 -1.000 6.422e-04 -0.308 1.380 0.303 -0.318 -0.535 -0.642 -0.679
0.00061788 -1.40000 10.04139 0.8325227499 2.4295893879    0.825  2.025  3.6930  2.053    3  0.000  0.510     0.00     0.00     0.00     0.00     0.00 -1 -1.38e-10      0.00 7.461e-01 2.533e-01 1.067e-04 3.570e-05 2.794e-04 -1.000 6.422e-04 -0.293 1.389 0.315 -0.303 -0.520 -0.626 -0.663
0.00061788 -1.40000 10.04139 0.8325768113 2.4296066373    0.825  2.066  3.6909  2.004    3  0.000  0.510     0.00     0.00     0.00     0.00     0.00 -1 -1.59e-10      0.00 7.461e-01 2.533e-01 1.067e-04 3.571e-05 2.794e-04 -1.000 6.423e-04 -0.394 1.317 0.226 -0.402 -0.623 -0.731 -0.770
0.00061788 -1.40000 10.04139 0.8326278925 2.4296229334    0.824  2.106  3.6888  1.955    3  0.000  0.510     0.00     0.00     0.00     0.00     0.00 -1 -1.84e-10      0.00 7.461e-01 2.533e-01 1.067e-04 3.571e-05 2.795e-04 -1.000 6.423e-04 -0.495 1.251 0.139 -0.499 -0.724 -0.835 -0.875
0.00061788 -1.40000 10.04139 0.8326777816 2.4296388470    0.824  2.148  3.6866  1.904    3  0.000  0.510     0.00     0.00     0.00     0.00     0.00 -1 -2.15e-10      0.00 7.461e-01 2.533e-01 1.067e-04 3.572e-05 2.795e-04 -1.000 6.423e-04 -0.600 1.186 0.049 -0.600 -0.828 -0.943 -0.984
0.00061788 -1.40000 10.04139 0.8327240348 2.4296535989    0.823  2.190  3.6843  1.853    3  0.000  0.510     0.00     0.00     0.00     0.00     0.00 -1 -2.51e-10      0.00 7.461e-01 2.533e-01 1.067e-04 3.572e-05 2.795e-04 -1.000 6.424e-04 -0.704 1.127 -0.039 -0.701 -0.934 -1.051 -1.094
0.00061788 -1.40000 10.04139 0.8327653408 2.4296667713    0.823  2.230  3.6821  1.804    3  0.000  0.510     0.00     0.00     0.00     0.00     0.00 -1 -2.92e-10      0.00 7.461e-01 2.533e-01 1.067e-04 3.573e-05 2.795e-04 -1.000 6.424e-04 -0.804 1.077 -0.123 -0.800 -1.036 -1.156 -1.200
0.00061788 -1.40000 10.04139 0.8328037858 2.4296790300    0.822  2.269  3.6798  1.755    3  0.000  0.510     0.00     0.00     0.00     0.00     0.00 -1 -3.39e-10      0.00 7.461e-01 2.533e-01 1.067e-04 3.573e-05 2.795e-04 -1.000 6.425e-04 -0.904 1.030 -0.206 -0.898 -1.138 -1.261 -1.306
0.00061788 -1.40000 10.04139 0.8328391910 2.4296903182    0.822  2.309  3.6775  1.706    3  0.000  0.510     0.00     0.00     0.00     0.00     0.00 -1 -3.92e-10      0.00 7.461e-01 2.533e-01 1.067e-04 3.573e-05 2.795e-04 -1.000 6.424e-04 -1.002 0.988 -0.286 -0.994 -1.238 -1.364 -1.411
0.00061788 -1.40000 10.04139 0.8328722715 2.4297008643    0.821  2.348  3.6752  1.657    3  0.000  0.510     0.00     0.00     0.00     0.00     0.00 -1 -4.55e-10      0.00 7.460e-01 2.533e-01 1.067e-04 3.574e-05 2.795e-04 -1.000 6.424e-04 -1.101 0.948 -0.364 -1.090 -1.338 -1.467 -1.515
0.00061788 -1.40000 10.04139 0.8329017758 2.4297102695    0.821  2.386  3.6729  1.610    3  0.000  0.510     0.00     0.00     0.00     0.00     0.00 -1 -5.23e-10      0.00 7.460e-01 2.533e-01 1.067e-04 3.574e-05 2.795e-04 -1.000 6.425e-04 -1.195 0.914 -0.438 -1.182 -1.434 -1.565 -1.615
0.00061788 -1.40000 10.04139 0.8329293728 2.4297190660    0.820  2.424  3.6706  1.563    3  0.000  0.510     0.00     0.00     0.00     0.00     0.00 -1 -6.03e-10      0.00 7.460e-01 2.533e-01 1.067e-04 3.574e-05 2.795e-04 -1.000 6.426e-04 -1.289 0.883 -0.512 -1.273 -1.530 -1.664 -1.715
0.00061788 -1.40000 10.04139 0.8329606652 2.4297290396    0.819  2.470  3.6678  1.505    3  0.000  0.510     0.00     0.00     0.00     0.00     0.00 -1 -7.16e-10      0.00 7.460e-01 2.533e-01 1.067e-04 3.574e-05 2.795e-04 -1.000 6.425e-04 -1.404 0.852 -0.598 -1.384 -1.645 -1.783 -1.837
0.00061788 -1.40000 10.04139 0.8329887986 2.4297380056    0.818  2.514  3.6650  1.448    3  0.000  0.510     7.53     5.90     4.18     3.23     2.61  3 -8.48e-10      0.00 7.460e-01 2.533e-01 1.067e-04 3.575e-05 2.795e-04 -1.000 6.425e-04 -1.516 0.831 -0.678 -1.490 -1.758 -1.900 -1.956
0.00061788 -1.40000 10.04139 0.8330150247 2.4297463631    0.817  2.559  3.6621  1.391    3  0.000  0.510     8.50     6.54     4.61     3.57     2.89  3 -1.01e-09      0.00 7.460e-01 2.533e-01 1.067e-04 3.575e-05 2.795e-04 -1.000 6.426e-04 -1.629 0.817 -0.757 -1.597 -1.871 -2.017 -2.075
0.00061788 -1.40000 10.04139 0.8330383897 2.4297538084    0.816  2.602  3.6593  1.336    3  0.000  0.510     9.54     7.21     5.06     3.93     3.18  3 -1.18e-09      0.00 7.460e-01 2.533e-01 1.066e-04 3.575e-05 2.795e-04 -1.000 6.425e-04 -1.736 0.810 -0.829 -1.698 -1.979 -2.129 -2.189
0.00061788 -1.40000 10.04139 0.8330597878 2.4297606264    0.815  2.645  3.6565  1.282    3  0.000  0.510    10.70     7.96     5.56     4.32     3.50  3 -1.39e-09      0.00 7.460e-01 2.533e-01 1.066e-04 3.575e-05 2.795e-04 -1.000 6.425e-04 -1.842 0.800 -0.899 -1.795 -2.083 -2.237 -2.300
0.00061788 -1.40000 10.04139 0.8330802917 2.4297671593    0.813  2.689  3.6535  1.225    3  0.000  0.510    12.05     8.81     6.13     4.77     3.86  3 -1.64e-09      0.00 7.460e-01 2.533e-01 1.066e-04 3.576e-05 2.795e-04 -1.000 6.426e-04 -1.952 0.778 -0.973 -1.893 -2.189 -2.349 -2.414
0.00061788 -1.40000 10.04139 0.8330981135 2.4297728372    0.812  2.730  3.6507  1.172    3  0.000  0.510    13.47     9.69     6.71     5.23     4.24  3 -1.92e-09      0.00 7.460e-01 2.533e-01 1.066e-04 3.576e-05 2.795e-04 -1.000 6.426e-04 -2.054 0.761 -1.040 -1.984 -2.288 -2.452 -2.519
0.00061788 -1.40000 10.04139 0.8331148028 2.4297781541    0.810  2.771  3.6478  1.119    3  0.000  0.510    15.07    10.67     7.36     5.74     4.65  2 -2.25e-09      0.00 7.460e-01 2.533e-01 1.066e-04 3.576e-05 2.795e-04 -1.000 6.427e-04 -2.157 0.745 -1.107 -2.075 -2.386 -2.555 -2.625
0.00061788 -1.40000 10.04139 0.8331306577 2.4297832049    0.808  2.813  3.6449  1.065    3  0.000  0.510    16.90    11.76     8.07     6.31     5.11  2 -2.64e-09      0.00 7.460e-01 2.533e-01 1.066e-04 3.576e-05 2.795e-04 -1.000 6.426e-04 -2.262 0.730 -1.173 -2.166 -2.486 -2.660 -2.731
0.00061788 -1.40000 10.04139 0.8331443667 2.4297875719    0.807  2.851  3.6422  1.014    3  0.000  0.510    18.79    12.88     8.80     6.89     5.58  2 -3.06e-09      0.00 7.460e-01 2.533e-01 1.066e-04 3.576e-05 2.795e-04 -1.000 6.426e-04 -2.357 0.720 -1.233 -2.249 -2.576 -2.756 -2.829
0.00061788 -1.40000 10.04139 0.8331575990 2.4297917870    0.805  2.891  3.6393  0.962    3  0.000  0.510    20.96    14.14     9.63     7.54     6.11  2 -3.56e-09      0.00 7.460e-01 2.533e-01 1.066e-04 3.576e-05 2.795e-04 -1.000 6.426e-04 -2.457 0.716 -1.291 -2.334 -2.670 -2.855 -2.931
0.00061788 -1.40000 10.04139 0.8331700563 2.4297957550    0.803  2.930  3.6365  0.910    3  0.000  0.510    23.40    15.53    10.53     8.26     6.70  2 -4.15e-09      0.00 7.460e-01 2.533e-01 1.066e-04 3.576e-05 2.795e-04 -1.000 6.427e-04 -2.556 0.716 -1.345 -2.417 -2.763 -2.954 -3.032
0.00061788 -1.40000 10.04139 0.8331807256 2.4297991534    0.800  2.967  3.6337  0.861    3  0.000  0.510    25.91    16.94    11.44     8.99     7.29  2 -4.78e-09      0.00 7.460e-01 2.533e-01 1.066e-04 3.576e-05 2.795e-04 -1.000 6.426e-04 -2.647 0.720 -1.392 -2.492 -2.847 -3.043 -3.124
0.00061788 -1.40000 10.04139 0.8331910968 2.4298024567    0.798  3.004  3.6309  0.812    3  0.000  0.509    28.77    18.52    12.45     9.80     7.95  1 -5.52e-09      0.00 7.460e-01 2.533e-01 1.066e-04 3.577e-05 2.795e-04 -1.000 6.427e-04 -2.740 0.725 -1.439 -2.569 -2.934 -3.135 -3.219
0.00061788 -1.40000 10.04139 0.8332011104 2.4298056460    0.795  3.042  3.6282  0.761    3  0.000  0.509    32.01    20.28    13.58    10.70     8.68  1  -6.4e-09      0.00 7.460e-01 2.533e-01 1.066e-04 3.577e-05 2.795e-04 -1.000 6.426e-04 -2.836 0.727 -1.487 -2.647 -3.021 -3.229 -3.315
0.00061788 -1.40000 10.04139 0.8332098722 2.4298084366    0.793  3.077  3.6255  0.714    3  0.000  0.509    35.35    22.07    14.72    11.62     9.43  1 -7.34e-09      0.00 7.460e-01 2.533e-01 1.066e-04 3.577e-05 2.795e-04 -1.000 6.427e-04 -2.923 0.731 -1.529 -2.717 -3.101 -3.315 -3.403
0.00061788 -1.40000 10.04139 0.8332185149 2.4298111892    0.789  3.114  3.6227  0.664    3  0.000  0.509    39.24    24.12    16.02    12.66    10.28  1 -8.47e-09      0.00 7.460e-01 2.533e-01 1.066e-04 3.577e-05 2.795e-04 -1.000 6.427e-04 -3.015 0.736 -1.573 -2.790 -3.185 -3.404 -3.495
0.00061788 -1.40000 10.04139 0.8332265019 2.4298137329    0.786  3.150  3.6200  0.616    3  0.000  0.509    43.44    26.30    17.40    13.77    11.18  1 -9.75e-09      0.00 7.460e-01 2.533e-01 1.066e-04 3.577e-05 2.795e-04 -1.000 6.427e-04 -3.105 0.740 -1.616 -2.862 -3.267 -3.492 -3.585
0.00061788 -1.40000 10.04139 0.8332339525 2.4298161057    0.783  3.185  3.6174  0.568    3  0.000  0.509    47.96    28.61    18.86    14.94    12.13  1 -1.12e-08      0.00 7.460e-01 2.533e-01 1.066e-04 3.577e-05 2.795e-04 -1.000 6.427e-04 -3.192 0.742 -1.655 -2.930 -3.345 -3.576 -3.672
0.00061788 -1.40000 10.04139 0.8332409859 2.4298183455    0.779  3.220  3.6147  0.521    3  0.000  0.509    53.02    31.15    20.45    16.23    13.18  1 -1.28e-08      0.00 7.460e-01 2.533e-01 1.066e-04 3.577e-05 2.795e-04 -1.000 6.427e-04 -3.279 0.746 -1.693 -2.997 -3.423 -3.660 -3.758
0.00061788 -1.40000 10.04139 0.8332476020 2.4298204525    0.774  3.254  3.6121  0.474    3  0.000  0.509    58.51    33.86    22.14    17.60    14.30  1 -1.47e-08      0.00 7.460e-01 2.533e-01 1.066e-04 3.577e-05 2.795e-04 -1.000 6.427e-04 -3.365 0.747 -1.725 -3.062 -3.499 -3.742 -3.843
0.00061788 -1.40000 10.04139 0.8332538605 2.4298224455    0.770  3.286  3.6097  0.429    3  0.000  0.509    64.24    36.65    23.88    19.00    15.44  1 -1.67e-08      0.00 7.460e-01 2.533e-01 1.066e-04 3.577e-05 2.795e-04 -1.000 6.427e-04 -3.445 0.747 -1.752 -3.121 -3.570 -3.820 -3.923
0.00061788 -1.40000 10.04139 0.8332585692 2.4298239450    0.766  3.310  3.6079  0.396    3  0.000  0.509    68.80    38.84    25.23    20.10    16.33  1 -1.85e-08      0.00 7.460e-01 2.533e-01 1.066e-04 3.577e-05 2.795e-04 -1.000 6.427e-04 -3.504 0.745 -1.769 -3.163 -3.622 -3.876 -3.981
0.00061788 -1.40000 10.04139 0.8332585692 2.4298239450    0.766  1.743  3.7526  2.542    4  0.000  0.523     0.00     0.00     0.00     0.00     0.00 -1    -1e-30      0.00 7.415e-01 2.578e-01 1.113e-04 3.364e-05 2.845e-04 -1.000 6.527e-04 0.413 1.459 0.742 0.359 0.245 0.207 0.199
0.00061788 -1.40000 10.04139 0.8333110213 2.4298406470    0.766  1.761  3.7509  2.517    4  0.000  0.523     0.00     0.00     0.00     0.00     0.00 -1    -1e-30      0.00 7.415e-01 2.578e-01 1.113e-04 3.364e-05 2.845e-04 -1.000 6.527e-04 0.368 1.426 0.702 0.314 0.197 0.157 0.149
0.00061788 -1.40000 10.04139 0.8333646059 2.4298577071    0.766  1.763  3.7508  2.514    4  0.000  0.523     0.00     0.00     0.00     0.00     0.00 -1    -1e-30      0.00 7.415e-01 2.578e-01 1.113e-04 3.364e-05 2.845e-04 -1.000 6.527e-04 0.362 1.422 0.697 0.308 0.191 0.151 0.143
0.00061788 -1.40000 10.04139 0.8334191442 2.4298750682    0.766  1.765  3.7510  2.514    4  0.000  0.523     0.00     0.00     0.00     0.00     0.00 -1    -1e-30      0.00 7.415e-01 2.578e-01 1.113e-04 3.364e-05 2.845e-04 -1.000 6.527e-04 0.358 1.417 0.693 0.305 0.188 0.148 0.140
0.00061788 -1.40000 10.04139 0.8334754705 2.4298929958    0.766  1.765  3.7514  2.514    4  0.000  0.523     0.00     0.00     0.00     0.00     0.00 -1    -1e-30      0.00 7.415e-01 2.578e-01 1.113e-04 3.364e-05 2.845e-04 -1.000 6.527e-04 0.357 1.412 0.690 0.303 0.186 0.147 0.139
0.00061788 -1.40000 10.04139 0.8335303068 2.4299104464    0.766  1.765  3.7520  2.517    4  0.000  0.523     0.00     0.00     0.00     0.00     0.00 -1    -1e-30      0.00 7.415e-01 2.578e-01 1.113e-04 3.364e-05 2.845e-04 -1.000 6.527e-04 0.356 1.407 0.687 0.303 0.187 0.149 0.141
0.00061788 -1.40000 10.04139 0.8335856199 2.4299280461    0.766  1.765  3.7528  2.520    4  0.000  0.523     0.00     0.00     0.00     0.00     0.00 -1    -1e-30      0.00 7.415e-01 2.578e-01 1.113e-04 3.364e-05 2.845e-04 -1.000 6.527e-04 0.357 1.402 0.685 0.303 0.189 0.152 0.144
0.00061788 -1.40000 10.04139 0.8336420655 2.4299460034    0.766  1.764  3.7537  2.525    4  0.000  0.523     0.00     0.00     0.00     0.00     0.00 -1    -1e-30      0.00 7.415e-01 2.578e-01 1.113e-04 3.364e-05 2.845e-04 -1.000 6.527e-04 0.359 1.397 0.683 0.305 0.192 0.156 0.148
0.00061788 -1.40000 10.04139 0.8336978555 2.4299637494    0.766  1.763  3.7547  2.530    4  0.000  0.523     0.00     0.00     0.00     0.00     0.00 -1    -1e-30      0.00 7.415e-01 2.578e-01 1.113e-04 3.364e-05 2.845e-04 -1.000 6.527e-04 0.362 1.392 0.682 0.307 0.197 0.161 0.154
0.00061788 -1.40000 10.04139 0.8337544799 2.4299817579    0.767  1.762  3.7557  2.535    4  0.000  0.523     0.00     0.00     0.00     0.00     0.00 -1    -1e-30      0.00 7.415e-01 2.578e-01 1.113e-04 3.364e-05 2.845e-04 -1.000 6.527e-04 0.364 1.386 0.680 0.310 0.201 0.166 0.160
0.00061788 -1.40000 10.04139 0.8338080645 2.4299987972    0.767  1.761  3.7567  2.540    4  0.000  0.523     0.00     0.00     0.00     0.00     0.00 -1    -1e-30      0.00 7.415e-01 2.578e-01 1.113e-04 3.364e-05 2.845e-04 -1.000 6.528e-04 0.367 1.381 0.678 0.312 0.204 0.171 0.165
0.00061788 -1.40000 10.04139 0.8338651657 2.4300169519    0.767  1.760  3.7576  2.545    4  0.000  0.523     0.00     0.00     0.00     0.00     0.00 -1    -1e-30      0.00 7.415e-01 2.578e-01 1.113e-04 3.364e-05 2.845e-04 -1.000 6.527e-04 0.369 1.376 0.677 0.313 0.208 0.175 0.170
0.00061788 -1.40000 10.04139 0.8339212537 2.4300347816    0.767  1.760  3.7585  2.549    4  0.000  0.523     0.00     0.00     0.00     0.00     0.00 -1    -1e-30      0.00 7.415e-01 2.578e-01 1.113e-04 3.364e-05 2.845e-04 -1.000 6.528e-04 0.371 1.371 0.675 0.315 0.211 0.180 0.174
0.00061788 -1.40000 10.04139 0.8339737654 2.4300514720    0.767  1.759  3.7593  2.553    4  0.000  0.523     0.00     0.00     0.00     0.00     0.00 -1    -1e-30      0.00 7.415e-01 2.578e-01 1.113e-04 3.364e-05 2.845e-04 -1.000 6.528e-04 0.372 1.366 0.673 0.316 0.214 0.183 0.178
0.00061788 -1.40000 10.04139 0.8340291381 2.4300690691    0.767  1.759  3.7599  2.556    4  0.000  0.523     0.00     0.00     0.00     0.00     0.00 -1    -1e-30      0.00 7.415e-01 2.578e-01 1.113e-04 3.364e-05 2.845e-04 -1.000 6.527e-04 0.373 1.362 0.672 0.317 0.215 0.185 0.181
0.00061788 -1.40000 10.04139 0.8340420723 2.4300731792    0.767  1.759  3.7600  2.556    4  0.000  0.523     0.00     0.00     0.00     0.00     0.00 -1    -1e-30      0.00 7.415e-01 2.578e-01 1.113e-04 3.364e-05 2.845e-04 -1.000 6.527e-04 0.373 1.361 0.671 0.317 0.216 0.186 0.181
0.00061788 -1.40000 10.04139 0.8340484500 2.4300752057    0.767  1.759  3.7601  2.556    4  0.000  0.523     0.00     0.00     0.00     0.00     0.00 -1    -1e-30      0.00 7.415e-01 2.578e-01 1.113e-04 3.364e-05 2.845e-04 -1.000 6.527e-04 0.373 1.361 0.671 0.317 0.216 0.186 0.181
0.00061788 -1.40000 10.04139 0.8341041207 2.4300928939    0.767  1.759  3.7605  2.558    4  0.000  0.523     0.00     0.00     0.00     0.00     0.00 -1    -1e-30      0.00 7.415e-01 2.578e-01 1.113e-04 3.364e-05 2.845e-04 -1.000 6.527e-04 0.373 1.358 0.670 0.317 0.216 0.187 0.182
0.00061788 -1.40000 10.04139 0.8341146111 2.4300962267    0.767  1.759  3.7605  2.558    4  0.000  0.523     0.00     0.00     0.00     0.00     0.00 -1    -1e-30      0.00 7.415e-01 2.578e-01 1.113e-04 3.364e-05 2.845e-04 -1.000 6.528e-04 0.373 1.358 0.669 0.317 0.216 0.187 0.182
0.00061788 -1.40000 10.04139 0.8341523409 2.4301082126    0.767  1.759  3.7607  2.559    4  0.000  0.523     0.00     0.00     0.00     0.00     0.00 -1    -1e-30      0.00 7.415e-01 2.578e-01 1.113e-04 3.364e-05 2.845e-04 -1.000 6.527e-04 0.372 1.356 0.668 0.316 0.216 0.187 0.182
0.00061788 -1.40000 10.04139 0.8342045546 2.4301247978    0.767  1.760  3.7608  2.558    4  0.000  0.523     0.00     0.00     0.00     0.00     0.00 -1    -1e-30      0.00 7.415e-01 2.578e-01 1.113e-04 3.364e-05 2.845e-04 -1.000 6.528e-04 0.371 1.354 0.666 0.315 0.215 0.185 0.181
0.00061788 -1.40000 10.04139 0.8342563510 2.4301412480    0.767  1.761  3.7607  2.557    4  0.000  0.523     0.00     0.00     0.00     0.00     0.00 -1    -1e-30      0.00 7.415e-01 2.578e-01 1.113e-04 3.364e-05 2.845e-04 -1.000 6.527e-04 0.368 1.352 0.664 0.312 0.212 0.183 0.178
0.00061788 -1.40000 10.04139 0.8343064785 2.4301571659    0.767  1.762  3.7604  2.555    4  0.000  0.523     0.00     0.00     0.00     0.00     0.00 -1    -1e-30      0.00 7.415e-01 2.578e-01 1.113e-04 3.364e-05 2.845e-04 -1.000 6.527e-04 0.365 1.351 0.662 0.309 0.208 0.179 0.174
0.00061788 -1.40000 10.04139 0.8343572617 2.4301732898    0.767  1.764  3.7599  2.551    4  0.000  0.523     0.00     0.00     0.00     0.00     0.00 -1    -1e-30      0.00 7.415e-01 2.578e-01 1.113e-04 3.364e-05 2.845e-04 -1.000 6.527e-04 0.361 1.350 0.660 0.305 0.203 0.173 0.169
0.00061788 -1.40000 10.04139 0.8344089389 2.4301896953    0.767  1.766  3.7592  2.546    4  0.000  0.523     0.00     0.00     0.00     0.00     0.00 -1    -1e-30      0.00 7.415e-01 2.578e-01 1.113e-04 3.364e-05 2.845e-04 -1.000 6.528e-04 0.356 1.350 0.657 0.300 0.197 0.167 0.161
0.00061788 -1.40000 10.04139 0.8344339132 2.4301976228    0.767  1.767  3.7588  2.543    4  0.000  0.523     0.00     0.00     0.00     0.00     0.00 -1    -1e-30      0.00 7.415e-01 2.578e-01 1.113e-04 3.364e-05 2.845e-04 -1.000 6.528e-04 0.353 1.350 0.656 0.297 0.194 0.162 0.157
0.00061788 -1.40000 10.04139 0.8344620466 2.4302065524    0.767  1.768  3.7583  2.540    4  0.000  0.523     0.00     0.00     0.00     0.00     0.00 -1    -1e-30      0.00 7.415e-01 2.578e-01 1.113e-04 3.364e-05 2.845e-04 -1.000 6.527e-04 0.349 1.351 0.654 0.293 0.189 0.157 0.152
0.00061788 -1.40000 10.04139 0.8345158100 2.4302236152    0.767  1.772  3.7571  2.532    4  0.000  0.523     0.00     0.00     0.00     0.00     0.00 -1    -1e-30      0.00 7.415e-01 2.578e-01 1.113e-04 3.364e-05 2.845e-04 -1.000 6.527e-04 0.341 1.352 0.650 0.285 0.179 0.146 0.140
0.00061788 -1.40000 10.04139 0.8345699906 2.4302408078    0.767  1.776  3.7559  2.523    4  0.000  0.523     0.00     0.00     0.00     0.00     0.00 -1    -1e-30      0.00 7.415e-01 2.578e-01 1.113e-04 3.364e-05 2.845e-04 -1.000 6.528e-04 0.331 1.352 0.646 0.276 0.167 0.133 0.127
0.00061788 -1.40000 10.04139 0.8346246481 2.4302581491    0.768  1.780  3.7546  2.514    4  0.000  0.523     0.00     0.00     0.00     0.00     0.00 -1    -1e-30      0.00 7.415e-01 2.578e-01 1.113e-04 3.364e-05 2.845e-04 -1.000 6.527e-04 0.321 1.351 0.640 0.266 0.155 0.119 0.112
0.00061788 -1.40000 10.04139 0.8346745372 2.4302739753    0.768  1.785  3.7532  2.503    4  0.000  0.523     0.00     0.00     0.00     0.00     0.00 -1    -1e-30      0.00 7.415e-01 2.578e-01 1.113e-04 3.364e-05 2.845e-04 -1.000 6.528e-04 0.309 1.350 0.634 0.254 0.141 0.104 0.096
0.00061788 -1.40000 10.04139 0.8347248435 2.4302899316    0.768  1.790  3.7518  2.492    4  0.000  0.523     0.00     0.00     0.00     0.00     0.00 -1    -1e-30      0.00 7.415e-01 2.578e-01 1.113e-04 3.364e-05 2.845e-04 -1.000 6.527e-04 0.296 1.348 0.626 0.241 0.126 0.087 0.079
0.00061788 -1.40000 10.04139 0.8347743154 2.4303056211    0.768  1.795  3.7504  2.482    4  0.000  0.523     0.00     0.00     0.00     0.00     0.00 -1    -1e-30      0.00 7.415e-01 2.578e-01 1.113e-04 3.364e-05 2.845e-04 -1.000 6.528e-04 0.282 1.345 0.618 0.228 0.110 0.070 0.062
0.00061788 -1.40000 10.04139 0.8348249197 2.4303216675    0.768  1.800  3.7492  2.472    4  0.000  0.523     0.00     0.00     0.00     0.00     0.00 -1    -1e-30      0.00 7.415e-01 2.578e-01 1.113e-04 3.364e-05 2.845e-04 -1.000 6.527e-04 0.269 1.342 0.610 0.216 0.096 0.054 0.045
0.00061788 -1.40000 10.04139 0.8348754644 2.4303376928    0.768  1.810  3.7470  2.453    4  0.000  0.523     0.00     0.00     0.00     0.00     0.00 -1    -1e-30      0.00 7.415e-01 2.578e-01 1.113e-04 3.364e-05 2.845e-04 -1.000 6.527e-04 0.246 1.337 0.595 0.193 0.069 0.025 0.015
0.00061788 -1.40000 10.04139 0.8349264860 2.4303538670    0.768  1.822  3.7445  2.432    4  0.000  0.523     0.00     0.00     0.00     0.00     0.00 -1    -1e-30      0.00 7.415e-01 2.578e-01 1.113e-04 3.364e-05 2.845e-04 -1.000 6.528e-04 0.216 1.328 0.575 0.163 0.035 -0.011 -0.022
0.00061788 -1.40000 10.04139 0.8349782228 2.4303702656    0.768  1.837  3.7416  2.404    4  0.000  0.523     0.00     0.00     0.00     0.00     0.00 -1    -1e-30      0.00 7.415e-01 2.578e-01 1.113e-04 3.364e-05 2.845e-04 -1.000 6.527e-04 0.176 1.313 0.547 0.125 -0.008 -0.057 -0.070
0.00061788 -1.40000 10.04139 0.8350288272 2.4303863031    0.768  1.871  3.7360  2.348    4  0.000  0.523     0.00     0.00     0.00     0.00     0.00 -1    -1e-30      0.00 7.415e-01 2.578e-01 1.113e-04 3.364e-05 2.845e-04 -1.000 6.526e-04 0.093 1.281 0.486 0.043 -0.100 -0.155 -0.170
0.00061788 -1.40000 10.04139 0.8350534439 2.4303941037    0.768  1.906  3.7307  2.292    4  0.000  0.523     0.00     0.00     0.00     0.00     0.00 -1    -1e-30      0.00 7.415e-01 2.578e-01 1.113e-04 3.364e-05 2.845e-04 -1.000 6.527e-04 0.004 1.243 0.419 -0.045 -0.196 -0.257 -0.274
0.00061788 -1.40000 10.04139 0.8350642920 2.4303975411    0.768  1.941  3.7259  2.237    4  0.000  0.523     0.00     0.00     0.00     0.00     0.00 -1    -1e-30      0.00 7.415e-01 2.578e-01 1.113e-04 3.364e-05 2.845e-04 -1.000 6.527e-04 -0.084 1.205 0.352 -0.130 -0.289 -0.355 -0.375
0.00061788 -1.40000 10.04139 0.8350690007 2.4303990332    0.768  1.977  3.7215  2.184    4  0.000  0.523     0.00     0.00     0.00     0.00     0.00 -1    -1e-30      0.00 7.415e-01 2.578e-01 1.113e-04 3.364e-05 2.845e-04 -1.000 6.528e-04 -0.172 1.164 0.284 -0.216 -0.382 -0.454 -0.476
0.00061788 -1.40000 10.04139 0.8350714445 2.4303998075    0.768  2.012  3.7175  2.134    4  0.000  0.523     0.00     0.00     0.00     0.00     0.00 -1    -1e-30      0.00 7.415e-01 2.578e-01 1.113e-04 3.364e-05 2.845e-04 -1.000 6.527e-04 -0.259 1.121 0.215 -0.300 -0.473 -0.549 -0.573
0.00061788 -1.40000 10.04139 0.8350728154 2.4304002419    0.768  2.044  3.7141  2.088    4  0.000  0.523     0.00     0.00     0.00     0.00     0.00 -1    -1e-30      0.00 7.415e-01 2.578e-01 1.113e-04 3.364e-05 2.845e-04 -1.000 6.527e-04 -0.339 1.080 0.152 -0.378 -0.557 -0.637 -0.663
0.00061788 -1.40000 10.04139 0.8350730538 2.4304003174    0.768  2.051  3.7134  2.078    7  0.000  0.523     0.00     0.00     0.00     0.00     0.00 -1 -8.83e-10      0.00 7.415e-01 2.562e-01 1.113e-04 3.364e-05 2.845e-04 -1.000 2.253e-03 -0.358 1.071 0.137 -0.396 -0.576 -0.657 -0.683
0.00061788 -1.40000 10.04139 0.8350731134 2.4304003363    0.768  2.052  3.7133  2.077    7  0.000  0.523     0.00     0.00     0.00     0.00     0.00 -1 -8.86e-10      0.00 7.415e-01 2.562e-01 1.113e-04 3.364e-05 2.845e-04 -1.000 2.253e-03 -0.360 1.070 0.135 -0.398 -0.578 -0.659 -0.685
0.00061788 -1.40000 10.04139 0.8350740671 2.4304006385    0.768  2.091  3.7097  2.023    7  0.000  0.523     0.00     0.00     0.00     0.00     0.00 -1 -1.14e-09      0.00 7.415e-01 2.562e-01 1.113e-04 3.364e-05 2.845e-04 -1.000 2.253e-03 -0.458 1.013 0.054 -0.494 -0.680 -0.765 -0.793
0.00061788 -1.40000 10.04139 0.8350750208 2.4304009407    0.768  2.130  3.7064  1.971    7  0.000  0.523     0.00     0.00     0.00     0.00     0.00 -1 -1.43e-09      0.00 7.415e-01 2.562e-01 1.113e-04 3.364e-05 2.845e-04 -1.000 2.253e-03 -0.555 0.962 -0.024 -0.587 -0.779 -0.868 -0.898
0.00061788 -1.40000 10.04139 0.8350759149 2.4304012240    0.768  2.167  3.7033  1.922    7  0.000  0.523     0.00     0.00     0.00     0.00     0.00 -1 -1.77e-09      0.00 7.415e-01 2.562e-01 1.113e-04 3.364e-05 2.845e-04 -1.000 2.253e-03 -0.647 0.913 -0.099 -0.676 -0.874 -0.967 -0.999
0.00061788 -1.40000 10.04139 0.8350768089 2.4304015073    0.768  2.198  3.7007  1.880    7  0.000  0.523     0.00     0.00     0.00     0.00     0.00 -1 -2.12e-09      0.00 7.415e-01 2.562e-01 1.113e-04 3.364e-05 2.845e-04 -1.000 2.253e-03 -0.725 0.872 -0.162 -0.751 -0.954 -1.050 -1.083
0.00061788 -1.40000 10.04139 0.8350782990 2.4304019794    0.768  2.220  3.6990  1.851    7  0.000  0.523     0.00     0.00     0.00     0.00     0.00 -1 -2.41e-09      0.00 7.415e-01 2.562e-01 1.113e-04 3.364e-05 2.845e-04 -1.000 2.253e-03 -0.779 0.844 -0.206 -0.803 -1.009 -1.108 -1.142
0.00061788 -1.40000 10.04139 0.8350808620 2.4304027915    0.767  2.190  3.7014  1.890    7  0.000  0.523     0.00     0.00     0.00     0.00     0.00 -1 -2.03e-09      0.00 7.415e-01 2.562e-01 1.113e-04 3.364e-05 2.845e-04 -1.000 2.253e-03 -0.706 0.881 -0.147 -0.733 -0.934 -1.030 -1.062
0.00061788 -1.40000 10.04139 0.8350850940 2.4304041324    0.767  2.159  3.7040  1.931    7  0.000  0.523     0.00     0.00     0.00     0.00     0.00 -1 -1.69e-09      0.00 7.415e-01 2.562e-01 1.113e-04 3.364e-05 2.845e-04 -1.000 2.253e-03 -0.628 0.922 -0.084 -0.658 -0.855 -0.947 -0.978
0.00061788 -1.40000 10.04139 0.8351110816 2.4304123662    0.765  2.167  3.7032  1.919    7  0.000  0.523     0.00     0.00     0.00     0.00     0.00 -1 -1.79e-09      0.00 7.415e-01 2.562e-01 1.113e-04 3.364e-05 2.845e-04 -1.000 2.253e-03 -0.648 0.913 -0.100 -0.677 -0.875 -0.968 -1.000
0.00061788 -1.40000 10.04139 0.8351298571 2.4304183145    0.763  2.204  3.7001  1.869    7  0.000  0.523     0.00     0.00     0.00     0.00     0.00 -1 -2.24e-09      0.00 7.415e-01 2.562e-01 1.113e-04 3.364e-05 2.845e-04 -1.000 2.253e-03 -0.740 0.866 -0.174 -0.765 -0.969 -1.066 -1.100
0.00061788 -1.40000 10.04139 0.8351497650 2.4304246213    0.761  2.251  3.6963  1.805    7  0.000  0.523     0.00     0.00     0.00     0.00     0.00 -1 -3.01e-09      0.00 7.415e-01 2.562e-01 1.113e-04 3.364e-05 2.845e-04 -1.000 2.253e-03 -0.858 0.807 -0.268 -0.878 -1.089 -1.191 -1.227
0.00061788 -1.40000 10.04139 0.8351691365 2.4304307579    0.758  2.296  3.6927  1.745    7  0.000  0.523     0.00     0.00     0.00     0.00     0.00 -1 -3.93e-09      0.00 7.415e-01 2.562e-01 1.113e-04 3.364e-05 2.845e-04 -1.000 2.253e-03 -0.970 0.751 -0.358 -0.985 -1.203 -1.309 -1.347
0.00061788 -1.40000 10.04139 0.8351860642 2.4304361200    0.755  2.339  3.6894  1.686    7  0.000  0.523     0.00     0.00     0.00     0.00     0.00 -1 -5.12e-09      0.00 7.415e-01 2.562e-01 1.113e-04 3.364e-05 2.845e-04 -1.000 2.252e-03 -1.078 0.697 -0.444 -1.088 -1.312 -1.423 -1.463
0.00061788 -1.40000 10.04139 0.8352010846 2.4304408777    0.751  2.382  3.6860  1.627    7  0.000  0.523     0.00     0.00     0.00     0.00     0.00 -1 -6.67e-09      0.00 7.415e-01 2.562e-01 1.113e-04 3.364e-05 2.845e-04 -1.000 2.227e-03 -1.186 0.646 -0.529 -1.189 -1.419 -1.535 -1.577
0.00061788 -1.40000 10.04139 0.8352141976 2.4304450312    0.746  2.425  3.6828  1.569    7  0.000  0.522     0.00     0.00     0.00     0.00     0.00 -1 -8.67e-09      0.00 7.415e-01 2.563e-01 1.112e-04 3.364e-05 2.845e-04 -1.000 2.162e-03 -1.292 0.613 -0.611 -1.293 -1.529 -1.648 -1.692
0.00061788 -1.40000 10.04139 0.8352257013 2.4304486747    0.741  2.467  3.6795  1.511    7  0.000  0.522     0.00     0.00     0.00     0.00     0.00 -1 -1.12e-08      0.00 7.415e-01 2.563e-01 1.111e-04 3.367e-05 2.845e-04 -1.000 2.122e-03 -1.398 0.586 -0.691 -1.396 -1.637 -1.761 -1.807
0.00061788 -1.40000 10.04139 0.8352360129 2.4304519406    0.735  2.509  3.6763  1.452    7  0.000  0.520     7.21     5.70     4.03     3.13     2.53  3 -1.46e-08      0.00 7.415e-01 2.564e-01 1.108e-04 3.384e-05 2.845e-04 -1.000 2.088e-03 -1.503 0.568 -0.767 -1.497 -1.745 -1.873 -1.921
0.00061788 -1.40000 10.04139 0.8352453709 2.4304549044    0.729  2.551  3.6729  1.393    7  0.000  0.515     8.16     6.33     4.46     3.46     2.80  3  -1.9e-08      0.00 7.415e-01 2.565e-01 1.098e-04 3.462e-05 2.845e-04 -1.000 2.017e-03 -1.608 0.561 -0.839 -1.598 -1.853 -1.985 -2.035
0.00061788 -1.40000 10.04139 0.8352539539 2.4304576226    0.720  2.594  3.6660  1.318    7  0.000  0.506     9.54     7.22     5.06     3.94     3.19  2 -2.51e-08      0.00 7.415e-01 2.565e-01 1.081e-04 3.646e-05 2.845e-04 -1.000 1.991e-03 -1.714 0.657 -0.874 -1.692 -1.961 -2.102 -2.157
0.00061788 -1.40000 10.04139 0.8352600336 2.4304595480    0.713  2.626  3.6608  1.261    7  0.000  0.498    10.74     7.99     5.57     4.34     3.51  2 -3.12e-08      0.00 7.415e-01 2.565e-01 1.065e-04 3.840e-05 2.845e-04 -1.000 1.980e-03 -1.794 0.743 -0.895 -1.762 -2.041 -2.189 -2.248
0.00061788 -1.40000 10.04139 0.8352674842 2.4304619076    0.701  2.668  3.6573  1.197    7  0.000  0.488    12.24     8.93     6.18     4.84     3.91  2 -4.12e-08      0.00 7.414e-01 2.566e-01 1.043e-04 4.104e-05 2.845e-04 -1.000 1.951e-03 -1.899 0.769 -0.953 -1.856 -2.145 -2.298 -2.360
0.00061788 -1.40000 10.04139 0.8352746367 2.4304641727    0.686  2.709  3.6541  1.133    7  0.000  0.479    13.95     9.97     6.87     5.38     4.36  2  -5.5e-08      0.00 7.413e-01 2.567e-01 1.023e-04 4.343e-05 2.845e-04 -1.000 1.949e-03 -2.004 0.763 -1.017 -1.948 -2.245 -2.404 -2.469
0.00061788 -1.40000 10.04139 0.8352814317 2.4304663245    0.666  2.751  3.6507  1.065    7  0.000  0.471    16.00    11.18     7.66     6.02     4.87  2 -7.47e-08      0.00 7.413e-01 2.568e-01 1.007e-04 4.547e-05 2.845e-04 -1.000 1.935e-03 -2.108 0.763 -1.079 -2.039 -2.345 -2.510 -2.577
0.00061788 -1.40000 10.04139 0.8352881074 2.4304684385    0.640  2.794  3.6476  0.992    7  0.000  0.464    18.52    12.62     8.59     6.78     5.48  1 -1.05e-07      0.00 7.412e-01 2.569e-01 9.922e-05 4.727e-05 2.845e-04 -1.000 1.919e-03 -2.215 0.762 -1.143 -2.132 -2.448 -2.618 -2.688
0.00061788 -1.40000 10.04139 0.8352942467 2.4304703826    0.604  2.837  3.6459  0.918    7  0.000  0.458    21.46    14.24     9.63     7.62     6.17  1 -1.56e-07      0.00 7.411e-01 2.570e-01 9.795e-05 4.884e-05 2.844e-04 -1.000 1.855e-03 -2.323 0.744 -1.215 -2.232 -2.555 -2.729 -2.800
0.00061788 -1.40000 10.04139 0.8352998495 2.4304721568    0.557  2.881  3.6500  0.854    7  0.000  0.452    24.16    15.64    10.51     8.36     6.76  1 -2.46e-07      0.00 7.410e-01 2.571e-01 9.677e-05 5.026e-05 2.843e-04 -1.000 1.854e-03 -2.433 0.591 -1.354 -2.361 -2.678 -2.846 -2.914
0.00061788 -1.40000 10.04139 0.8353024125 2.4304729684    0.512  2.905  3.6627  0.846    7  0.000  0.449    24.17    15.54    10.43     8.32     6.72  1 -3.12e-07      0.00 7.410e-01 2.572e-01 9.602e-05 5.121e-05 2.843e-04 -1.000 1.840e-03 -2.491 0.200 -1.556 -2.467 -2.754 -2.903 -2.961
0.00061788 -1.40000 10.04139 1.1217594147 2.4952569506    0.551 -9.999  3.6054  7.966    9  0.552  0.000     0.00     0.00     0.00     0.00     0.00 -1    -1e-30      0.00 7.286e-01 2.709e-01 8.544e-05 7.366e-05 2.853e-04 -1.000 5.453e-04 29.767 33.151 31.214 29.957 29.493 29.267 29.190
