# Zini     MH   logAge Mini        int_IMF         Mass   logL    logTe  logg  label   McoreTP C_O  period0  period1  period2  period3  period4  pmode  Mloss  tau1m   X   Y   Xc  Xn  Xo  Cexcess  Z 	 mbolmag  umag    gmag    rmag    imag    zmag    Ymag
0.00039019 -1.60000 10.01703 0.0900000036 1.0816895926    0.090 -3.189  3.4780  5.445    1  0.000  0.545     0.00     0.00     0.00     0.00     0.00 -1 -5.13e-17      0.00 7.484e-01 2.511e-01 7.531e-05 2.032e-05 1.843e-04 -1.000 4.188e-04 12.743 17.882 16.134 14.202 12.595 12.075 11.971
0.00039019 -1.60000 10.01703 0.0923839658 1.1041414577    0.092 -3.111  3.4892  5.424    1  0.000  0.545     0.00     0.00     0.00     0.00     0.00 -1 -6.22e-17      0.00 7.480e-01 2.516e-01 7.531e-05 2.032e-05 1.843e-04 -1.000 4.189e-04 12.548 17.650 15.706 13.812 12.385 11.908 11.802
0.00039019 -1.60000 10.01703 0.1000000015 1.1711064122    0.100 -2.875  3.5233  5.358    1  0.000  0.545     0.00     0.00     0.00     0.00     0.00 -1 -1.11e-16      0.00 7.467e-01 2.529e-01 7.531e-05 2.032e-05 1.843e-04 -1.000 4.188e-04 11.958 16.747 14.498 12.761 11.764 11.385 11.277
0.00039019 -1.60000 10.01703 0.1199999899 1.3193153758    0.120 -2.587  3.5543  5.274    1  0.000  0.545     0.00     0.00     0.00     0.00     0.00 -1 -2.17e-16      0.00 7.442e-01 2.554e-01 7.531e-05 2.032e-05 1.843e-04 -1.000 4.188e-04 11.238 15.497 13.286 11.728 11.021 10.708 10.607
0.00039019 -1.60000 10.01703 0.1400000006 1.4384526719    0.140 -2.406  3.5695  5.220    1  0.000  0.545     0.00     0.00     0.00     0.00     0.00 -1 -3.24e-16      0.00 7.425e-01 2.571e-01 7.531e-05 2.032e-05 1.843e-04 -1.000 4.188e-04 10.784 14.731 12.616 11.155 10.559 10.274 10.177
0.00039019 -1.60000 10.01703 0.1599999964 1.5372931554    0.160 -2.264  3.5795  5.176    1  0.000  0.545     0.00     0.00     0.00     0.00     0.00 -1 -4.41e-16      0.00 7.412e-01 2.584e-01 7.531e-05 2.032e-05 1.843e-04 -1.000 4.188e-04 10.431 14.173 12.131 10.740 10.199 9.931 9.839
0.00039019 -1.60000 10.01703 0.2000000179 1.6938791367    0.200 -2.044  3.5925  5.105    1  0.000  0.545     0.00     0.00     0.00     0.00     0.00 -1 -7.11e-16      0.00 7.400e-01 2.595e-01 7.531e-05 2.032e-05 1.843e-04 -1.000 4.188e-04 9.880 13.345 11.418 10.127 9.643 9.394 9.308
0.00039019 -1.60000 10.01703 0.2500000000 1.8403257998    0.250 -1.840  3.6036  5.042    1  0.000  0.545     0.00     0.00     0.00     0.00     0.00 -1  -1.1e-15      0.00 7.400e-01 2.596e-01 7.530e-05 2.032e-05 1.843e-04 -1.000 4.188e-04 9.369 12.618 10.779 9.571 9.125 8.894 8.814
0.00039019 -1.60000 10.01703 0.3000000417 1.9529140366    0.300 -1.683  3.6123  5.000    1  0.000  0.545     0.00     0.00     0.00     0.00     0.00 -1  -1.5e-15      0.00 7.401e-01 2.595e-01 7.529e-05 2.032e-05 1.843e-04 -1.000 4.188e-04 8.979 12.069 10.295 9.149 8.730 8.512 8.436
0.00039019 -1.60000 10.01703 0.3471356630 2.0386977786    0.347 -1.564  3.6194  4.972    1  0.000  0.545     0.00     0.00     0.00     0.00     0.00 -1  -1.9e-15      0.00 7.402e-01 2.594e-01 7.526e-05 2.032e-05 1.843e-04 -1.000 4.188e-04 8.679 11.648 9.921 8.825 8.426 8.219 8.147
0.00039019 -1.60000 10.01703 0.3499999940 2.0434174644    0.350 -1.557  3.6198  4.970    1  0.000  0.545     0.00     0.00     0.00     0.00     0.00 -1 -1.93e-15      0.00 7.402e-01 2.594e-01 7.526e-05 2.032e-05 1.843e-04 -1.000 4.189e-04 8.662 11.624 9.900 8.807 8.409 8.202 8.130
0.00039019 -1.60000 10.01703 0.3544653058 2.0506758781    0.354 -1.544  3.6208  4.967    1  0.000  0.545     0.00     0.00     0.00     0.00     0.00 -1 -1.98e-15      0.00 7.411e-01 2.585e-01 7.526e-05 2.032e-05 1.843e-04 -1.000 4.188e-04 8.630 11.575 9.858 8.771 8.376 8.171 8.099
0.00039019 -1.60000 10.01703 0.4000000060 2.1185024399    0.400 -1.420  3.6304  4.934    1  0.000  0.545     0.00     0.00     0.00     0.00     0.00 -1 -2.58e-15      0.00 7.503e-01 2.493e-01 7.531e-05 2.032e-05 1.843e-04 -1.000 4.188e-04 8.320 11.106 9.452 8.431 8.063 7.872 7.805
0.00039019 -1.60000 10.01703 0.4156400561 2.1395193245    0.415 -1.366  3.6361  4.919    1  0.000  0.545     0.00     0.00     0.00     0.00     0.00 -1 -2.92e-15      0.00 7.504e-01 2.492e-01 7.531e-05 2.032e-05 1.843e-04 -1.000 4.189e-04 8.184 10.880 9.262 8.278 7.925 7.743 7.679
0.00039019 -1.60000 10.01703 0.4500000179 2.1822809362    0.450 -1.253  3.6480  4.887    1  0.000  0.545     0.00     0.00     0.00     0.00     0.00 -1 -3.77e-15      0.00 7.505e-01 2.491e-01 7.531e-05 2.032e-05 1.843e-04 -1.000 4.189e-04 7.901 10.413 8.871 7.961 7.638 7.474 7.416
0.00039019 -1.60000 10.01703 0.5000000000 2.2374541529    0.500 -1.065  3.6716  4.840    1  0.000  0.545     0.00     0.00     0.00     0.00     0.00 -1 -5.81e-15      0.00 7.505e-01 2.491e-01 7.531e-05 2.032e-05 1.843e-04 -1.000 4.188e-04 7.433 9.570 8.207 7.436 7.168 7.037 6.991
0.00039019 -1.60000 10.01703 0.5500000715 2.2836583126    0.550 -0.860  3.6950  4.770    1  0.000  0.544     0.00     0.00     0.00     0.00     0.00 -1 -9.64e-15      0.00 7.803e-01 2.193e-01 6.686e-05 1.805e-05 1.638e-04 -1.000 3.740e-04 6.920 8.691 7.535 6.882 6.660 6.560 6.527
0.00039019 -1.60000 10.01703 0.6000000238 2.3211213258    0.600 -0.658  3.7211  4.711    1  0.000  0.544     0.00     0.00     0.00     0.00     0.00 -1 -1.57e-14      0.00 7.901e-01 2.095e-01 6.425e-05 1.735e-05 1.575e-04 -1.000 3.942e-04 6.416 7.841 6.900 6.355 6.178 6.107 6.088
0.00039019 -1.60000 10.01703 0.6082802415 2.3266456682    0.608 -0.624  3.7260  4.702    1  0.000  0.544     0.00     0.00     0.00     0.00     0.00 -1 -1.71e-14      0.00 7.920e-01 2.076e-01 6.374e-05 1.722e-05 1.563e-04 -1.000 3.473e-04 6.330 7.699 6.793 6.267 6.097 6.033 6.016
0.00039019 -1.60000 10.01703 0.6229522228 2.3360209290    0.623 -0.562  3.7346  4.685    1  0.000  0.544     0.00     0.00     0.00     0.00     0.00 -1 -1.98e-14      0.00 7.956e-01 2.041e-01 6.282e-05 1.697e-05 1.541e-04 -1.000 3.631e-04 6.176 7.451 6.606 6.112 5.956 5.901 5.889
0.00039019 -1.60000 10.01703 0.6364815831 2.3442270152    0.636 -0.506  3.7425  4.669    1  0.000  0.543     0.00     0.00     0.00     0.00     0.00 -1 -2.27e-14      0.00 7.991e-01 2.006e-01 6.192e-05 1.673e-05 1.519e-04 -1.000 3.356e-04 6.034 7.231 6.436 5.971 5.827 5.780 5.771
0.00039019 -1.60000 10.01703 0.6480597854 2.3509376539    0.648 -0.457  3.7491  4.655    1  0.000  0.543     0.00     0.00     0.00     0.00     0.00 -1 -2.56e-14      0.00 8.022e-01 1.975e-01 6.111e-05 1.652e-05 1.500e-04 -1.000 3.342e-04 5.912 7.048 6.292 5.852 5.718 5.678 5.672
0.00039019 -1.60000 10.01703 0.6499999762 2.3520353107    0.650 -0.449  3.7502  4.652    1  0.000  0.543     0.00     0.00     0.00     0.00     0.00 -1 -2.61e-14      0.00 8.027e-01 1.970e-01 6.097e-05 1.648e-05 1.497e-04 -1.000 3.400e-04 5.891 7.017 6.268 5.832 5.700 5.661 5.655
0.00039019 -1.60000 10.01703 0.6575083733 2.3562130543    0.657 -0.417  3.7542  4.641    1  0.000  0.543     0.00     0.00     0.00     0.00     0.00 -1 -2.83e-14      0.00 8.052e-01 1.945e-01 6.032e-05 1.631e-05 1.481e-04 -1.000 3.332e-04 5.812 6.902 6.176 5.755 5.630 5.595 5.591
0.00039019 -1.60000 10.01703 0.6718119383 2.3638753417    0.672 -0.355  3.7617  4.619    1  0.000  0.543     0.00     0.00     0.00     0.00     0.00 -1 -3.31e-14      0.00 8.103e-01 1.893e-01 5.900e-05 1.595e-05 1.449e-04 -1.000 3.318e-04 5.658 6.685 6.000 5.608 5.494 5.468 5.467
0.00039019 -1.60000 10.01703 0.6853910089 2.3708102500    0.685 -0.296  3.7686  4.596    1  0.000  0.542     0.00     0.00     0.00     0.00     0.00 -1 -3.85e-14      0.00 8.156e-01 1.841e-01 5.765e-05 1.560e-05 1.417e-04 -1.000 3.458e-04 5.511 6.486 5.835 5.467 5.365 5.344 5.346
0.00039019 -1.60000 10.01703 0.6979621649 2.3769545617    0.698 -0.241  3.7748  4.573    1  0.000  0.542     0.00     0.00     0.00     0.00     0.00 -1 -4.46e-14      0.00 8.208e-01 1.789e-01 5.630e-05 1.524e-05 1.385e-04 -1.000 3.442e-04 5.372 6.305 5.681 5.335 5.242 5.228 5.232
0.00039019 -1.60000 10.01703 0.6999999881 2.3779266974    0.700 -0.231  3.7757  4.569    1  0.000  0.542     0.00     0.00     0.00     0.00     0.00 -1 -4.57e-14      0.00 8.217e-01 1.780e-01 5.608e-05 1.518e-05 1.380e-04 -1.000 3.432e-04 5.349 6.275 5.655 5.313 5.222 5.209 5.213
0.00039019 -1.60000 10.01703 0.7081108093 2.3817322442    0.708 -0.194  3.7795  4.552    1  0.000  0.540     0.00     0.00     0.00     0.00     0.00 -1 -5.04e-14      0.00 8.260e-01 1.737e-01 5.483e-05 1.487e-05 1.353e-04 -1.000 3.234e-04 5.256 6.158 5.554 5.226 5.140 5.130 5.136
0.00039019 -1.60000 10.01703 0.7200738788 2.3871656961    0.720 -0.138  3.7849  4.525    1  0.000  0.538     0.00     0.00     0.00     0.00     0.00 -1 -5.87e-14      0.00 8.326e-01 1.672e-01 5.293e-05 1.441e-05 1.312e-04 -1.000 2.458e-04 5.116 5.987 5.401 5.092 5.015 5.011 5.018
0.00039019 -1.60000 10.01703 0.7307191491 2.3918289861    0.730 -0.087  3.7896  4.498    1  0.000  0.536     0.00     0.00     0.00     0.00     0.00 -1 -6.76e-14      0.00 8.384e-01 1.613e-01 5.127e-05 1.400e-05 1.276e-04 -1.000 2.561e-04 4.987 5.832 5.261 4.969 4.899 4.899 4.909
0.00039019 -1.60000 10.01703 0.7407543063 2.3960841653    0.740 -0.036  3.7938  4.471    1  0.000  0.534     0.00     0.00     0.00     0.00     0.00 -1 -7.79e-14      0.00 8.438e-01 1.560e-01 4.978e-05 1.363e-05 1.243e-04 -1.000 2.506e-04 4.860 5.684 5.124 4.847 4.784 4.788 4.799
0.00039019 -1.60000 10.01703 0.7495623231 2.3997112306    0.749  0.011  3.7975  4.444    1  0.000  0.532     0.00     0.00     0.00     0.00     0.00 -1 -8.89e-14      0.00 8.483e-01 1.515e-01 4.856e-05 1.334e-05 1.217e-04 -1.000 2.461e-04 4.743 5.549 4.998 4.734 4.677 4.685 4.697
0.00039019 -1.60000 10.01703 0.7500000000 2.3998889087    0.750  0.013  3.7976  4.442    1  0.000  0.532     0.00     0.00     0.00     0.00     0.00 -1 -8.95e-14      0.00 8.485e-01 1.513e-01 4.850e-05 1.332e-05 1.216e-04 -1.000 2.459e-04 4.737 5.543 4.992 4.729 4.672 4.680 4.692
0.00039019 -1.60000 10.01703 0.7520679832 2.4007252060    0.752  0.024  3.7985  4.436    1  0.000  0.532     0.00     0.00     0.00     0.00     0.00 -1 -9.23e-14      0.00 8.490e-01 1.508e-01 4.842e-05 1.330e-05 1.214e-04 -1.000 2.473e-04 4.709 5.511 4.963 4.702 4.646 4.656 4.668
0.00039019 -1.60000 10.01703 0.7616394758 2.4045280093    0.761  0.078  3.8024  4.403    1  0.000  0.531     0.00     0.00     0.00     0.00     0.00 -1 -1.08e-13      0.00 8.512e-01 1.486e-01 4.810e-05 1.322e-05 1.207e-04 -1.000 2.459e-04 4.575 5.359 4.819 4.572 4.523 4.536 4.549
0.00039019 -1.60000 10.01703 0.7701179385 2.4078059091    0.769  0.128  3.8058  4.371    1  0.000  0.530     0.00     0.00     0.00     0.00     0.00 -1 -1.25e-13      0.00 8.529e-01 1.468e-01 4.786e-05 1.317e-05 1.203e-04 -1.000 2.566e-04 4.449 5.219 4.684 4.449 4.405 4.421 4.436
0.00039019 -1.60000 10.01703 0.7782084346 2.4108573509    0.777  0.180  3.8090  4.337    1  0.000  0.530     0.00     0.00     0.00     0.00     0.00 -1 -1.45e-13      0.00 8.544e-01 1.453e-01 4.768e-05 1.312e-05 1.200e-04 -1.000 2.585e-04 4.320 5.076 4.547 4.323 4.285 4.304 4.319
0.00039019 -1.60000 10.01703 0.7856653333 2.4136059129    0.785  0.230  3.8117  4.301    1  0.000  0.530     0.00     0.00     0.00     0.00     0.00 -1 -1.69e-13      0.00 8.557e-01 1.440e-01 4.755e-05 1.309e-05 1.197e-04 -1.000 2.534e-04 4.194 4.939 4.412 4.199 4.165 4.187 4.203
0.00039019 -1.60000 10.01703 0.7924900055 2.4160693777    0.792  0.280  3.8140  4.265    1  0.000  0.529     0.00     0.00     0.00     0.00     0.00 -1 -1.97e-13      0.00 8.567e-01 1.430e-01 4.744e-05 1.307e-05 1.195e-04 -1.000 2.459e-04 4.071 4.807 4.282 4.077 4.047 4.071 4.088
0.00039019 -1.60000 10.01703 0.7987347841 2.4182811565    0.798  0.328  3.8158  4.227    1  0.000  0.529     0.00     0.00     0.00     0.00     0.00 -1 -2.28e-13      0.00 8.573e-01 1.424e-01 4.745e-05 1.307e-05 1.196e-04 -1.000 2.833e-04 3.951 4.680 4.156 3.958 3.931 3.956 3.974
0.00039019 -1.60000 10.01703 0.8000000119 2.4187244405    0.799  0.338  3.8161  4.219    1  0.000  0.529     0.00     0.00     0.00     0.00     0.00 -1 -2.35e-13      0.00 8.574e-01 1.423e-01 4.746e-05 1.308e-05 1.196e-04 -1.000 2.937e-04 3.926 4.654 4.130 3.933 3.907 3.933 3.950
0.00039019 -1.60000 10.01703 0.8001415730 2.4187739374    0.799  0.339  3.8162  4.219    1  0.000  0.529     0.00     0.00     0.00     0.00     0.00 -1 -2.36e-13      0.00 8.574e-01 1.424e-01 4.746e-05 1.308e-05 1.197e-04 -1.000 2.950e-04 3.923 4.651 4.127 3.930 3.904 3.930 3.948
0.00039019 -1.60000 10.01703 0.8074266911 2.4212942645    0.806  0.399  3.8176  4.168    1  0.000  0.529     0.00     0.00     0.00     0.00     0.00 -1 -2.87e-13      0.00 8.553e-01 1.444e-01 4.810e-05 1.325e-05 1.212e-04 -1.000 3.229e-04 3.771 4.492 3.969 3.778 3.755 3.782 3.800
0.00039019 -1.60000 10.01703 0.8084970117 2.4216601498    0.807  0.409  3.8178  4.159    1  0.000  0.529     0.00     0.00     0.00     0.00     0.00 -1 -2.97e-13      0.00 8.549e-01 1.447e-01 4.820e-05 1.328e-05 1.215e-04 -1.000 3.235e-04 3.748 4.468 3.945 3.755 3.732 3.759 3.777
0.00039019 -1.60000 10.01703 0.8104153275 2.4223131389    0.809  0.427  3.8177  4.142    1  0.000  0.529     0.00     0.00     0.00     0.00     0.00 -1 -3.16e-13      0.00 8.543e-01 1.454e-01 4.839e-05 1.333e-05 1.220e-04 -1.000 3.246e-04 3.702 4.422 3.899 3.709 3.686 3.713 3.731
0.00039019 -1.60000 10.01703 0.8158631325 2.4241483166    0.814  0.482  3.8164  4.085    1  0.000  0.529     0.00     0.00     0.00     0.00     0.00 -1 -3.79e-13      0.00 8.526e-01 1.471e-01 4.893e-05 1.348e-05 1.233e-04 -1.000 3.276e-04 3.565 4.287 3.761 3.569 3.545 3.571 3.588
0.00039019 -1.60000 10.01703 0.8204015493 2.4256557709    0.819  0.535  3.8131  4.020    1  0.000  0.529     0.00     0.00     0.00     0.00     0.00 -1  -4.6e-13      0.00 8.511e-01 1.486e-01 4.937e-05 1.360e-05 1.244e-04 -1.000 3.300e-04 3.432 4.164 3.633 3.432 3.404 3.426 3.442
0.00039019 -1.60000 10.01703 0.8211688995 2.4259087563    0.820  0.545  3.8122  4.007    1  0.000  0.529     0.00     0.00     0.00     0.00     0.00 -1 -4.81e-13      0.00 8.509e-01 1.488e-01 4.945e-05 1.362e-05 1.246e-04 -1.000 3.305e-04 3.407 4.142 3.610 3.407 3.377 3.399 3.414
0.00039019 -1.60000 10.01703 0.8218929172 2.4261469575    0.820  0.555  3.8109  3.993    1  0.000  0.529     0.00     0.00     0.00     0.00     0.00 -1 -5.01e-13      0.00 8.506e-01 1.490e-01 4.952e-05 1.364e-05 1.248e-04 -1.000 3.308e-04 3.382 4.120 3.587 3.380 3.348 3.369 3.384
0.00039019 -1.60000 10.01703 0.8243255019 2.4269437528    0.823  0.592  3.8057  3.936    2  0.000  0.529     0.00     0.00     0.00     0.00     0.00 -1 -5.78e-13      0.00 8.499e-01 1.498e-01 4.975e-05 1.371e-05 1.254e-04 -1.000 3.322e-04 3.290 4.047 3.506 3.282 3.243 3.259 3.272
0.00039019 -1.60000 10.01703 0.8261789083 2.4275472172    0.825  0.624  3.7995  3.880    2  0.000  0.529     0.00     0.00     0.00     0.00     0.00 -1 -6.62e-13      0.00 8.493e-01 1.504e-01 4.993e-05 1.375e-05 1.258e-04 -1.000 3.332e-04 3.211 3.992 3.440 3.197 3.148 3.158 3.170
0.00039019 -1.60000 10.01703 0.8276248574 2.4280158568    0.826  0.652  3.7920  3.823    2  0.000  0.529     0.00     0.00     0.00     0.00     0.00 -1 -7.53e-13      0.00 8.488e-01 1.509e-01 5.007e-05 1.379e-05 1.262e-04 -1.000 3.339e-04 3.141 3.954 3.387 3.121 3.061 3.064 3.072
0.00039019 -1.60000 10.01703 0.8287878633 2.4283914288    0.827  0.676  3.7841  3.768    2  0.000  0.530     0.00     0.00     0.00     0.00     0.00 -1 -8.49e-13      0.00 8.426e-01 1.571e-01 5.200e-05 1.432e-05 1.309e-04 -1.000 3.268e-04 3.080 3.932 3.347 3.054 2.982 2.976 2.982
0.00039019 -1.60000 10.01703 0.8297562599 2.4287032316    0.828  0.697  3.7759  3.714    2  0.000  0.531     0.00     0.00     0.00     0.00     0.00 -1 -9.49e-13      0.00 8.296e-01 1.701e-01 5.552e-05 1.526e-05 1.394e-04 -1.000 3.079e-04 3.027 3.923 3.315 2.995 2.909 2.896 2.899
0.00039019 -1.60000 10.01703 0.8305997252 2.4289741281    0.829  0.717  3.7680  3.663    2  0.000  0.533     0.00     0.00     0.00     0.00     0.00 -1 -1.05e-12      0.00 8.090e-01 1.907e-01 6.041e-05 1.657e-05 1.511e-04 -1.000 3.388e-04 2.977 3.921 3.287 2.940 2.843 2.822 2.821
0.00039019 -1.60000 10.01703 0.8313778043 2.4292234639    0.829  0.739  3.7605  3.612    2  0.000  0.535     0.00     0.00     0.00     0.00     0.00 -1 -1.17e-12      0.00 7.904e-01 2.092e-01 6.468e-05 1.771e-05 1.612e-04 -1.000 3.581e-04 2.922 3.915 3.255 2.882 2.772 2.744 2.741
0.00039019 -1.60000 10.01703 0.8321587443 2.4294731775    0.830  0.769  3.7532  3.553    2  0.000  0.536     0.00     0.00     0.00     0.00     0.00 -1 -1.34e-12      0.00 7.783e-01 2.213e-01 6.744e-05 1.845e-05 1.678e-04 -1.000 3.806e-04 2.848 3.893 3.204 2.805 2.684 2.648 2.642
0.00039019 -1.60000 10.01703 0.8327693939 2.4296680637    0.831  0.801  3.7483  3.502    2  0.000  0.536     0.00     0.00     0.00     0.00     0.00 -1 -1.53e-12      0.00 7.726e-01 2.270e-01 6.878e-05 1.881e-05 1.710e-04 -1.000 3.841e-04 2.767 3.848 3.139 2.724 2.595 2.554 2.546
0.00039019 -1.60000 10.01703 0.8333737254 2.4298606103    0.831  0.839  3.7442  3.447    2  0.000  0.537     0.00     0.00     0.00     0.00     0.00 -1 -1.78e-12      0.00 7.685e-01 2.311e-01 6.972e-05 1.906e-05 1.733e-04 -1.000 3.459e-04 2.672 3.785 3.058 2.629 2.493 2.447 2.438
0.00039019 -1.60000 10.01703 0.8335630298 2.4299208586    0.831  0.854  3.7432  3.429    3  0.000  0.537     0.00     0.00     0.00     0.00     0.00 -1 -1.88e-12      0.00 7.676e-01 2.320e-01 6.991e-05 1.911e-05 1.737e-04 -1.000 3.618e-04 2.635 3.755 3.024 2.592 2.455 2.408 2.398
0.00039019 -1.60000 10.01703 0.8340710402 2.4300823836    0.832  0.895  3.7407  3.378    3  0.000  0.537     0.00     0.00     0.00     0.00     0.00 -1 -2.19e-12      0.00 7.653e-01 2.343e-01 7.038e-05 1.924e-05 1.748e-04 -1.000 4.097e-04 2.532 3.670 2.929 2.488 2.347 2.298 2.286
0.00039019 -1.60000 10.01703 0.8346266150 2.4302587731    0.832  0.944  3.7383  3.319    3  0.000  0.537     0.00     0.00     0.00     0.00     0.00 -1 -2.62e-12      0.00 7.630e-01 2.366e-01 7.079e-05 1.935e-05 1.758e-04 -1.000 4.076e-04 2.410 3.568 2.815 2.366 2.222 2.170 2.157
0.00039019 -1.60000 10.01703 0.8350983262 2.4304083249    0.833  0.989  3.7365  3.267    3  0.000  0.537     0.00     0.00     0.00     0.00     0.00 -1 -3.09e-12      0.00 7.611e-01 2.385e-01 7.107e-05 1.942e-05 1.765e-04 -1.000 4.077e-04 2.297 3.471 2.709 2.254 2.107 2.052 2.039
0.00039019 -1.60000 10.01703 0.8355489969 2.4305510246    0.833  1.035  3.7347  3.214    3  0.000  0.537     0.00     0.00     0.00     0.00     0.00 -1 -3.65e-12      0.00 7.594e-01 2.402e-01 7.129e-05 1.949e-05 1.771e-04 -1.000 4.188e-04 2.181 3.370 2.600 2.140 1.990 1.933 1.919
0.00039019 -1.60000 10.01703 0.8360067606 2.4306957891    0.834  1.086  3.7331  3.157    3  0.000  0.536     0.00     0.00     0.00     0.00     0.00 -1 -4.38e-12      0.00 7.576e-01 2.420e-01 7.145e-05 1.956e-05 1.776e-04 -1.000 3.996e-04 2.055 3.257 2.480 2.014 1.862 1.803 1.788
0.00039019 -1.60000 10.01703 0.8364274502 2.4308286685    0.834  1.136  3.7315  3.101    3  0.000  0.536     0.00     0.00     0.00     0.00     0.00 -1 -5.24e-12      0.00 7.559e-01 2.437e-01 7.149e-05 1.963e-05 1.780e-04 -1.000 3.882e-04 1.930 3.145 2.360 1.890 1.735 1.675 1.659
0.00039019 -1.60000 10.01703 0.8368050456 2.4309478053    0.834  1.185  3.7299  3.046    3  0.000  0.534     0.00     0.00     0.00     0.00     0.00 -1 -6.24e-12      0.00 7.543e-01 2.453e-01 7.140e-05 1.975e-05 1.783e-04 -1.000 3.910e-04 1.808 3.035 2.245 1.769 1.612 1.550 1.533
0.00039019 -1.60000 10.01703 0.8371351957 2.4310518712    0.834  1.231  3.7285  2.995    3  0.000  0.532     0.00     0.00     0.00     0.00     0.00 -1 -7.36e-12      0.00 7.530e-01 2.466e-01 7.119e-05 1.993e-05 1.785e-04 -1.000 4.071e-04 1.693 2.933 2.135 1.656 1.496 1.432 1.414
0.00039019 -1.60000 10.01703 0.8374567628 2.4311531409    0.835  1.279  3.7269  2.940    3  0.000  0.529     0.00     0.00     0.00     0.00     0.00 -1 -8.77e-12      0.00 7.517e-01 2.479e-01 7.085e-05 2.023e-05 1.787e-04 -1.000 4.182e-04 1.571 2.825 2.019 1.535 1.373 1.307 1.288
0.00039019 -1.60000 10.01703 0.8377652764 2.4312502157    0.835  1.330  3.7253  2.882    3  0.000  0.525     0.00     0.00     0.00     0.00     0.00 -1 -1.05e-11      0.00 7.506e-01 2.490e-01 7.040e-05 2.066e-05 1.789e-04 -1.000 4.122e-04 1.444 2.712 1.897 1.408 1.243 1.176 1.156
0.00039019 -1.60000 10.01703 0.8380239606 2.4313315482    0.835  1.377  3.7238  2.830    3  0.000  0.522     0.00     0.00     0.00     0.00     0.00 -1 -1.25e-11      0.00 7.497e-01 2.499e-01 6.996e-05 2.113e-05 1.790e-04 -1.000 4.069e-04 1.327 2.609 1.787 1.292 1.126 1.056 1.036
0.00039019 -1.60000 10.01703 0.8382598162 2.4314056529    0.835  1.423  3.7222  2.778    3  0.000  0.519     0.00     0.00     0.00     0.00     0.00 -1 -1.47e-11      0.00 7.490e-01 2.506e-01 6.955e-05 2.160e-05 1.791e-04 -1.000 4.153e-04 1.212 2.508 1.678 1.178 1.009 0.938 0.917
0.00039019 -1.60000 10.01703 0.8384816647 2.4314753128    0.835  1.470  3.7206  2.724    3  0.000  0.516     0.00     0.00     0.00     0.00     0.00 -1 -1.75e-11      0.00 7.484e-01 2.512e-01 6.918e-05 2.202e-05 1.792e-04 -1.000 4.025e-04 1.094 2.404 1.566 1.061 0.889 0.816 0.794
0.00039019 -1.60000 10.01703 0.8386778235 2.4315368710    0.835  1.516  3.7190  2.672    3  0.000  0.514     0.00     0.00     0.00     0.00     0.00 -1 -2.06e-11      0.00 7.480e-01 2.516e-01 6.892e-05 2.232e-05 1.792e-04 -1.000 3.943e-04 0.981 2.306 1.459 0.949 0.775 0.700 0.677
0.00039019 -1.60000 10.01703 0.8388643265 2.4315953682    0.835  1.563  3.7173  2.618    3  0.000  0.512     0.00     0.00     0.00     0.00     0.00 -1 -2.44e-11      0.00 7.477e-01 2.519e-01 6.873e-05 2.255e-05 1.793e-04 -1.000 4.069e-04 0.863 2.205 1.349 0.833 0.656 0.579 0.555
0.00039019 -1.60000 10.01703 0.8390287161 2.4316469048    0.835  1.608  3.7156  2.566    3  0.000  0.511     0.00     0.00     0.00     0.00     0.00 -1 -2.88e-11      0.00 7.475e-01 2.521e-01 6.860e-05 2.271e-05 1.793e-04 -1.000 4.189e-04 0.750 2.108 1.243 0.721 0.541 0.462 0.438
0.00039019 -1.60000 10.01703 0.8391750455 2.4316927599    0.835  1.652  3.7139  2.516    3  0.000  0.511     0.00     0.00     0.00     0.00     0.00 -1 -3.37e-11      0.00 7.474e-01 2.522e-01 6.854e-05 2.279e-05 1.793e-04 -1.000 4.188e-04 0.640 2.015 1.141 0.614 0.431 0.350 0.324
0.00039019 -1.60000 10.01703 0.8393144011 2.4317364125    0.835  1.697  3.7122  2.463    3  0.000  0.511     0.00     0.00     0.00     0.00     0.00 -1 -3.97e-11      0.00 7.474e-01 2.522e-01 6.852e-05 2.282e-05 1.793e-04 -1.000 4.188e-04 0.527 1.921 1.036 0.501 0.316 0.233 0.207
0.00039019 -1.60000 10.01703 0.8394406438 2.4317759432    0.835  1.742  3.7104  2.412    3  0.000  0.511     0.00     0.00     0.00     0.00     0.00 -1 -4.68e-11      0.00 7.474e-01 2.522e-01 6.852e-05 2.283e-05 1.793e-04 -1.000 4.188e-04 0.416 1.829 0.932 0.391 0.202 0.117 0.090
0.00039019 -1.60000 10.01703 0.8395517468 2.4318107218    0.835  1.784  3.7087  2.362    3  0.000  0.511     0.00     0.00     0.00     0.00     0.00 -1 -5.46e-11      0.00 7.474e-01 2.522e-01 6.851e-05 2.283e-05 1.793e-04 -1.000 4.187e-04 0.309 1.744 0.834 0.286 0.094 0.007 -0.021
0.00039019 -1.60000 10.01703 0.8396537900 2.4318426551    0.835  1.826  3.7069  2.313    3  0.000  0.510     0.00     0.00     0.00     0.00     0.00 -1 -6.36e-11      0.00 7.474e-01 2.522e-01 6.851e-05 2.284e-05 1.793e-04 -1.000 4.189e-04 0.204 1.660 0.737 0.182 -0.012 -0.102 -0.131
0.00039019 -1.60000 10.01703 0.8397525549 2.4318735540    0.834  1.870  3.7051  2.262    3  0.000  0.510     0.00     0.00     0.00     0.00     0.00 -1 -7.47e-11      0.00 7.473e-01 2.522e-01 6.850e-05 2.284e-05 1.793e-04 -1.000 4.188e-04 0.094 1.574 0.637 0.074 -0.124 -0.215 -0.245
0.00039019 -1.60000 10.01703 0.8398390412 2.4319006046    0.834  1.912  3.7033  2.213    3  0.000  0.510     0.00     0.00     0.00     0.00     0.00 -1  -8.7e-11      0.00 7.473e-01 2.522e-01 6.850e-05 2.285e-05 1.793e-04 -1.000 4.188e-04 -0.009 1.493 0.542 -0.028 -0.229 -0.323 -0.354
0.00039019 -1.60000 10.01703 0.8399184942 2.4319254498    0.834  1.952  3.7015  2.165    3  0.000  0.510     0.00     0.00     0.00     0.00     0.00 -1 -1.01e-10      0.00 7.473e-01 2.523e-01 6.850e-05 2.285e-05 1.793e-04 -1.000 4.188e-04 -0.111 1.413 0.450 -0.129 -0.332 -0.428 -0.460
0.00039019 -1.60000 10.01703 0.8399937749 2.4319489853    0.834  1.994  3.6997  2.116    3  0.000  0.510     0.00     0.00     0.00     0.00     0.00 -1 -1.17e-10      0.00 7.473e-01 2.523e-01 6.849e-05 2.286e-05 1.794e-04 -1.000 4.187e-04 -0.214 1.334 0.356 -0.230 -0.437 -0.535 -0.568
0.00039019 -1.60000 10.01703 0.8400601149 2.4319697215    0.833  2.032  3.6979  2.070    3  0.000  0.510     0.00     0.00     0.00     0.00     0.00 -1 -1.35e-10      0.00 7.473e-01 2.523e-01 6.849e-05 2.286e-05 1.794e-04 -1.000 4.188e-04 -0.310 1.262 0.270 -0.324 -0.534 -0.634 -0.668
0.00039019 -1.60000 10.01703 0.8401238918 2.4319896531    0.833  2.069  3.6962  2.026    3  0.000  0.510     0.00     0.00     0.00     0.00     0.00 -1 -1.55e-10      0.00 7.473e-01 2.523e-01 6.849e-05 2.287e-05 1.794e-04 -1.000 4.188e-04 -0.403 1.192 0.187 -0.415 -0.628 -0.731 -0.766
0.00039019 -1.60000 10.01703 0.8401901722 2.4320103634    0.833  2.102  3.6947  1.987    3  0.000  0.510     0.00     0.00     0.00     0.00     0.00 -1 -1.75e-10      0.00 7.473e-01 2.523e-01 6.849e-05 2.287e-05 1.794e-04 -1.000 4.188e-04 -0.485 1.131 0.114 -0.495 -0.711 -0.815 -0.851
0.00039019 -1.60000 10.01703 0.8402493596 2.4320288542    0.832  2.126  3.6936  1.959    3  0.000  0.510     0.00     0.00     0.00     0.00     0.00 -1 -1.92e-10      0.00 7.473e-01 2.523e-01 6.848e-05 2.287e-05 1.794e-04 -1.000 4.188e-04 -0.545 1.088 0.060 -0.553 -0.771 -0.877 -0.913
0.00039019 -1.60000 10.01703 0.8402993679 2.4320444750    0.832  2.109  3.6948  1.981    3  0.000  0.510     0.00     0.00     0.00     0.00     0.00 -1 -1.81e-10      0.00 7.473e-01 2.523e-01 6.848e-05 2.288e-05 1.794e-04 -1.000 4.188e-04 -0.501 1.114 0.097 -0.511 -0.727 -0.831 -0.867
0.00039019 -1.60000 10.01703 0.8403060436 2.4320465601    0.832  2.106  3.6949  1.984    3  0.000  0.510     0.00     0.00     0.00     0.00     0.00 -1  -1.8e-10      0.00 7.473e-01 2.523e-01 6.848e-05 2.288e-05 1.794e-04 -1.000 4.188e-04 -0.496 1.118 0.102 -0.506 -0.721 -0.825 -0.861
0.00039019 -1.60000 10.01703 0.8403396010 2.4320570408    0.832  2.133  3.6937  1.952    3  0.000  0.510     0.00     0.00     0.00     0.00     0.00 -1 -1.97e-10      0.00 7.473e-01 2.523e-01 6.848e-05 2.288e-05 1.794e-04 -1.000 4.188e-04 -0.562 1.071 0.042 -0.571 -0.789 -0.894 -0.931
0.00039019 -1.60000 10.01703 0.8403905034 2.4320729369    0.831  2.175  3.6916  1.901    3  0.000  0.510     0.00     0.00     0.00     0.00     0.00 -1 -2.29e-10      0.00 7.473e-01 2.523e-01 6.848e-05 2.288e-05 1.794e-04 -1.000 4.188e-04 -0.668 0.998 -0.051 -0.674 -0.896 -1.004 -1.042
0.00039019 -1.60000 10.01703 0.8404378891 2.4320877329    0.831  2.217  3.6895  1.850    3  0.000  0.510     0.00     0.00     0.00     0.00     0.00 -1 -2.68e-10      0.00 7.473e-01 2.523e-01 6.848e-05 2.288e-05 1.794e-04 -1.000 4.188e-04 -0.773 0.927 -0.142 -0.776 -1.002 -1.113 -1.152
0.00039019 -1.60000 10.01703 0.8404815793 2.4321013732    0.830  2.259  3.6874  1.800    3  0.000  0.510     0.00     0.00     0.00     0.00     0.00 -1 -3.12e-10      0.00 7.473e-01 2.523e-01 6.847e-05 2.289e-05 1.794e-04 -1.000 4.188e-04 -0.877 0.859 -0.232 -0.876 -1.106 -1.220 -1.260
0.00039019 -1.60000 10.01703 0.8405200243 2.4321133746    0.830  2.298  3.6853  1.752    3  0.000  0.510     0.00     0.00     0.00     0.00     0.00 -1 -3.61e-10      0.00 7.473e-01 2.523e-01 6.847e-05 2.289e-05 1.794e-04 -1.000 4.188e-04 -0.975 0.799 -0.316 -0.971 -1.204 -1.321 -1.363
0.00039019 -1.60000 10.01703 0.8405573964 2.4321250399    0.829  2.339  3.6832  1.703    3  0.000  0.510     0.00     0.00     0.00     0.00     0.00 -1  -4.2e-10      0.00 7.473e-01 2.523e-01 6.847e-05 2.289e-05 1.794e-04 -1.000 4.188e-04 -1.076 0.746 -0.402 -1.071 -1.308 -1.428 -1.470
0.00039019 -1.60000 10.01703 0.8405902982 2.4321353088    0.829  2.377  3.6810  1.656    3  0.000  0.510     0.00     0.00     0.00     0.00     0.00 -1 -4.84e-10      0.00 7.473e-01 2.523e-01 6.847e-05 2.289e-05 1.794e-04 -1.000 4.188e-04 -1.172 0.702 -0.481 -1.166 -1.406 -1.528 -1.572
0.00039019 -1.60000 10.01703 0.8406221867 2.4321452606    0.828  2.417  3.6790  1.607    3  0.000  0.510     0.00     0.00     0.00     0.00     0.00 -1 -5.61e-10      0.00 7.473e-01 2.523e-01 6.847e-05 2.289e-05 1.794e-04 -1.000 4.188e-04 -1.271 0.656 -0.563 -1.263 -1.508 -1.632 -1.678
0.00039019 -1.60000 10.01703 0.8406505585 2.4321541141    0.827  2.454  3.6768  1.560    3  0.000  0.510     0.00     0.00     0.00     0.00     0.00 -1 -6.46e-10      0.00 7.473e-01 2.523e-01 6.847e-05 2.290e-05 1.794e-04 -1.000 4.188e-04 -1.366 0.620 -0.639 -1.355 -1.604 -1.731 -1.778
0.00039019 -1.60000 10.01703 0.8406835794 2.4321644176    0.826  2.501  3.6741  1.502    3  0.000  0.510     6.75     5.36     3.82     2.94     2.38  3  -7.7e-10      0.00 7.473e-01 2.523e-01 6.847e-05 2.290e-05 1.794e-04 -1.000 4.188e-04 -1.484 0.578 -0.732 -1.470 -1.724 -1.855 -1.903
0.00039019 -1.60000 10.01703 0.8407129049 2.4321735672    0.825  2.547  3.6714  1.445    3  0.000  0.510     7.61     5.94     4.21     3.25     2.63  3 -9.14e-10      0.00 7.473e-01 2.523e-01 6.846e-05 2.290e-05 1.794e-04 -1.000 4.188e-04 -1.597 0.548 -0.817 -1.580 -1.840 -1.975 -2.025
0.00039019 -1.60000 10.01703 0.8407359719 2.4321807636    0.824  2.585  3.6692  1.398    3  0.000  0.510     8.41     6.47     4.57     3.53     2.86  3 -1.06e-09      0.00 7.473e-01 2.523e-01 6.846e-05 2.290e-05 1.794e-04 -1.000 4.188e-04 -1.693 0.528 -0.888 -1.673 -1.938 -2.076 -2.127
0.00039019 -1.60000 10.01703 0.8407604098 2.4321883873    0.823  2.629  3.6666  1.343    3  0.000  0.510     9.44     7.15     5.02     3.89     3.15  3 -1.24e-09      0.00 7.473e-01 2.523e-01 6.846e-05 2.290e-05 1.794e-04 -1.000 4.188e-04 -1.802 0.511 -0.965 -1.777 -2.049 -2.190 -2.244
0.00039019 -1.60000 10.01703 0.8407800198 2.4321945044    0.822  2.666  3.6643  1.296    3  0.000  0.510    10.42     7.78     5.44     4.22     3.42  3 -1.43e-09      0.00 7.473e-01 2.523e-01 6.846e-05 2.290e-05 1.794e-04 -1.000 4.188e-04 -1.896 0.502 -1.030 -1.866 -2.144 -2.288 -2.343
0.00039019 -1.60000 10.01703 0.8408006430 2.4322009373    0.821  2.708  3.6616  1.242    3  0.000  0.510    11.66     8.56     5.96     4.64     3.75  3 -1.68e-09      0.00 7.473e-01 2.523e-01 6.846e-05 2.290e-05 1.794e-04 -1.000 4.188e-04 -2.001 0.499 -1.101 -1.966 -2.250 -2.399 -2.456
0.00039019 -1.60000 10.01703 0.8408204913 2.4322071281    0.819  2.752  3.6589  1.187    3  0.000  0.510    13.10     9.46     6.56     5.11     4.14  3 -1.98e-09      0.00 7.473e-01 2.523e-01 6.846e-05 2.290e-05 1.794e-04 -1.000 4.188e-04 -2.110 0.505 -1.169 -2.068 -2.360 -2.513 -2.572
0.00039019 -1.60000 10.01703 0.8408389688 2.4322128910    0.817  2.795  3.6560  1.131    3  0.000  0.510    14.73    10.46     7.22     5.63     4.56  2 -2.33e-09      0.00 7.473e-01 2.523e-01 6.846e-05 2.291e-05 1.794e-04 -1.000 4.188e-04 -2.219 0.496 -1.239 -2.167 -2.467 -2.624 -2.686
0.00039019 -1.60000 10.01703 0.8408550620 2.4322179101    0.816  2.836  3.6534  1.079    3  0.000  0.510    16.43    11.48     7.89     6.16     4.99  2 -2.72e-09      0.00 7.473e-01 2.523e-01 6.846e-05 2.291e-05 1.794e-04 -1.000 4.188e-04 -2.320 0.478 -1.306 -2.258 -2.565 -2.727 -2.791
0.00039019 -1.60000 10.01703 0.8408707380 2.4322227989    0.814  2.878  3.6506  1.025    3  0.000  0.510    18.43    12.67     8.67     6.78     5.49  2  -3.2e-09      0.00 7.473e-01 2.523e-01 6.846e-05 2.291e-05 1.794e-04 -1.000 4.188e-04 -2.426 0.462 -1.375 -2.353 -2.668 -2.835 -2.901
0.00039019 -1.60000 10.01703 0.8408844471 2.4322270740    0.812  2.918  3.6479  0.973    3  0.000  0.510    20.53    13.89     9.47     7.41     6.01  2 -3.73e-09      0.00 7.473e-01 2.523e-01 6.846e-05 2.291e-05 1.794e-04 -1.000 4.188e-04 -2.525 0.454 -1.434 -2.439 -2.763 -2.935 -3.003
0.00039019 -1.60000 10.01703 0.8408976197 2.4322311817    0.810  2.958  3.6453  0.921    3  0.000  0.510    22.92    15.26    10.36     8.12     6.59  2 -4.35e-09      0.00 7.473e-01 2.523e-01 6.846e-05 2.291e-05 1.794e-04 -1.000 4.188e-04 -2.626 0.449 -1.493 -2.527 -2.860 -3.038 -3.108
0.00039019 -1.60000 10.01703 0.8409100175 2.4322350477    0.807  2.999  3.6423  0.867    3  0.000  0.510    25.66    16.81    11.35     8.92     7.23  2 -5.09e-09      0.00 7.473e-01 2.523e-01 6.846e-05 2.291e-05 1.794e-04 -1.000 4.188e-04 -2.728 0.450 -1.550 -2.614 -2.957 -3.140 -3.213
0.00039019 -1.60000 10.01703 0.8409208059 2.4322384117    0.805  3.037  3.6397  0.817    3  0.000  0.510    28.49    18.37    12.36     9.72     7.89  1  -5.9e-09      0.00 7.473e-01 2.523e-01 6.846e-05 2.291e-05 1.794e-04 -1.000 4.188e-04 -2.823 0.449 -1.602 -2.695 -3.048 -3.236 -3.311
0.00039019 -1.60000 10.01703 0.8409313560 2.4322417013    0.802  3.076  3.6370  0.766    3  0.000  0.510    31.71    20.13    13.49    10.62     8.62  1 -6.85e-09      0.00 7.473e-01 2.523e-01 6.846e-05 2.291e-05 1.794e-04 -1.000 4.188e-04 -2.920 0.449 -1.653 -2.777 -3.139 -3.332 -3.410
0.00039019 -1.60000 10.01703 0.8409411907 2.4322447678    0.799  3.114  3.6342  0.715    3  0.000  0.510    35.35    22.08    14.73    11.62     9.43  1 -7.96e-09      0.00 7.472e-01 2.523e-01 6.845e-05 2.291e-05 1.794e-04 -1.000 4.188e-04 -3.016 0.456 -1.700 -2.855 -3.228 -3.428 -3.508
0.00039019 -1.60000 10.01703 0.8409500718 2.4322475368    0.795  3.152  3.6316  0.665    3  0.000  0.510    39.21    24.12    16.02    12.66    10.28  1 -9.19e-09      0.00 7.472e-01 2.523e-01 6.845e-05 2.291e-05 1.794e-04 -1.000 4.188e-04 -3.109 0.459 -1.746 -2.932 -3.315 -3.520 -3.603
0.00039019 -1.60000 10.01703 0.8409589529 2.4322503058    0.792  3.191  3.6288  0.613    3  0.000  0.510    43.75    26.48    17.51    13.86    11.25  1 -1.07e-08      0.00 7.472e-01 2.523e-01 6.845e-05 2.291e-05 1.794e-04 -1.000 4.188e-04 -3.207 0.462 -1.793 -3.012 -3.405 -3.617 -3.702
0.00039019 -1.60000 10.01703 0.8409668803 2.4322527774    0.788  3.227  3.6261  0.564    3  0.000  0.510    48.51    28.90    19.04    15.09    12.25  1 -1.24e-08      0.00 7.472e-01 2.523e-01 6.845e-05 2.291e-05 1.794e-04 -1.000 4.188e-04 -3.298 0.465 -1.835 -3.085 -3.489 -3.706 -3.794
0.00039019 -1.60000 10.01703 0.8409745693 2.4322551745    0.783  3.264  3.6235  0.514    3  0.000  0.510    53.81    31.56    20.71    16.43    13.35  1 -1.43e-08      0.00 7.472e-01 2.523e-01 6.845e-05 2.291e-05 1.794e-04 -1.000 4.188e-04 -3.389 0.468 -1.877 -3.158 -3.572 -3.796 -3.886
0.00039019 -1.60000 10.01703 0.8409810066 2.4322571815    0.779  3.293  3.6214  0.475    3  0.000  0.510    58.45    33.85    22.14    17.59    14.29  1 -1.61e-08      0.00 7.472e-01 2.523e-01 6.845e-05 2.291e-05 1.794e-04 -1.000 4.188e-04 -3.462 0.471 -1.907 -3.215 -3.638 -3.867 -3.959
0.00039019 -1.60000 10.01703 0.8409810066 2.4322571815    0.779  1.742  3.7711  2.624    4  0.000  0.526     0.00     0.00     0.00     0.00     0.00 -1    -1e-30      0.00 7.452e-01 2.543e-01 7.186e-05 2.103e-05 1.824e-04 -1.000 4.188e-04 0.416 1.310 0.678 0.367 0.283 0.263 0.263
0.00039019 -1.60000 10.01703 0.8410333395 2.4322734956    0.779  1.761  3.7669  2.589    4  0.000  0.526     0.00     0.00     0.00     0.00     0.00 -1    -1e-30      0.00 7.452e-01 2.543e-01 7.186e-05 2.103e-05 1.824e-04 -1.000 4.188e-04 0.368 1.290 0.646 0.320 0.229 0.205 0.203
0.00039019 -1.60000 10.01703 0.8410865664 2.4322900861    0.779  1.763  3.7667  2.585    4  0.000  0.526     0.00     0.00     0.00     0.00     0.00 -1    -1e-30      0.00 7.452e-01 2.543e-01 7.186e-05 2.103e-05 1.824e-04 -1.000 4.188e-04 0.361 1.285 0.640 0.313 0.221 0.197 0.195
0.00039019 -1.60000 10.01703 0.8411406875 2.4323069528    0.779  1.765  3.7670  2.585    4  0.000  0.526     0.00     0.00     0.00     0.00     0.00 -1    -1e-30      0.00 7.452e-01 2.543e-01 7.186e-05 2.103e-05 1.824e-04 -1.000 4.188e-04 0.358 1.279 0.635 0.310 0.219 0.195 0.193
0.00039019 -1.60000 10.01703 0.8411942720 2.4323236499    0.779  1.765  3.7676  2.587    4  0.000  0.526     0.00     0.00     0.00     0.00     0.00 -1    -1e-30      0.00 7.452e-01 2.543e-01 7.186e-05 2.103e-05 1.824e-04 -1.000 4.189e-04 0.357 1.274 0.631 0.308 0.218 0.195 0.193
0.00039019 -1.60000 10.01703 0.8412496448 2.4323409015    0.779  1.766  3.7684  2.590    4  0.000  0.526     0.00     0.00     0.00     0.00     0.00 -1    -1e-30      0.00 7.452e-01 2.543e-01 7.186e-05 2.103e-05 1.824e-04 -1.000 4.188e-04 0.356 1.267 0.627 0.307 0.219 0.196 0.195
0.00039019 -1.60000 10.01703 0.8413036466 2.4323577236    0.779  1.765  3.7695  2.594    4  0.000  0.526     0.00     0.00     0.00     0.00     0.00 -1    -1e-30      0.00 7.452e-01 2.543e-01 7.186e-05 2.103e-05 1.824e-04 -1.000 4.188e-04 0.356 1.261 0.624 0.308 0.221 0.199 0.198
0.00039019 -1.60000 10.01703 0.8413617015 2.4323758054    0.779  1.765  3.7707  2.600    4  0.000  0.526     0.00     0.00     0.00     0.00     0.00 -1    -1e-30      0.00 7.452e-01 2.543e-01 7.186e-05 2.103e-05 1.824e-04 -1.000 4.189e-04 0.358 1.254 0.621 0.309 0.224 0.204 0.203
0.00039019 -1.60000 10.01703 0.8414162993 2.4323928079    0.779  1.764  3.7720  2.605    4  0.000  0.526     0.00     0.00     0.00     0.00     0.00 -1    -1e-30      0.00 7.452e-01 2.543e-01 7.186e-05 2.103e-05 1.824e-04 -1.000 4.189e-04 0.359 1.247 0.618 0.310 0.228 0.209 0.209
0.00039019 -1.60000 10.01703 0.8414727449 2.4324103832    0.780  1.764  3.7733  2.611    4  0.000  0.526     0.00     0.00     0.00     0.00     0.00 -1    -1e-30      0.00 7.452e-01 2.543e-01 7.186e-05 2.103e-05 1.824e-04 -1.000 4.189e-04 0.361 1.241 0.614 0.312 0.232 0.214 0.215
0.00039019 -1.60000 10.01703 0.8415262103 2.4324270280    0.780  1.763  3.7744  2.617    4  0.000  0.526     0.00     0.00     0.00     0.00     0.00 -1    -1e-30      0.00 7.452e-01 2.543e-01 7.186e-05 2.103e-05 1.824e-04 -1.000 4.188e-04 0.362 1.235 0.612 0.313 0.236 0.219 0.220
0.00039019 -1.60000 10.01703 0.8415843248 2.4324451174    0.780  1.762  3.7756  2.622    4  0.000  0.526     0.00     0.00     0.00     0.00     0.00 -1    -1e-30      0.00 7.452e-01 2.543e-01 7.186e-05 2.103e-05 1.824e-04 -1.000 4.188e-04 0.364 1.229 0.609 0.315 0.239 0.223 0.225
0.00039019 -1.60000 10.01703 0.8416427374 2.4324632967    0.780  1.762  3.7766  2.626    4  0.000  0.526     0.00     0.00     0.00     0.00     0.00 -1    -1e-30      0.00 7.452e-01 2.543e-01 7.186e-05 2.103e-05 1.824e-04 -1.000 4.188e-04 0.365 1.223 0.606 0.316 0.242 0.227 0.229
0.00039019 -1.60000 10.01703 0.8416981697 2.4324805457    0.780  1.762  3.7773  2.629    4  0.000  0.526     0.00     0.00     0.00     0.00     0.00 -1    -1e-30      0.00 7.452e-01 2.543e-01 7.186e-05 2.103e-05 1.824e-04 -1.000 4.189e-04 0.366 1.219 0.604 0.317 0.244 0.230 0.232
0.00039019 -1.60000 10.01703 0.8417534232 2.4324977366    0.780  1.762  3.7778  2.632    4  0.000  0.526     0.00     0.00     0.00     0.00     0.00 -1    -1e-30      0.00 7.452e-01 2.543e-01 7.186e-05 2.103e-05 1.824e-04 -1.000 4.188e-04 0.366 1.216 0.603 0.317 0.245 0.231 0.234
0.00039019 -1.60000 10.01703 0.8417598009 2.4324997207    0.780  1.762  3.7778  2.632    4  0.000  0.526     0.00     0.00     0.00     0.00     0.00 -1    -1e-30      0.00 7.452e-01 2.543e-01 7.186e-05 2.103e-05 1.824e-04 -1.000 4.188e-04 0.366 1.216 0.602 0.317 0.245 0.231 0.234
0.00039019 -1.60000 10.01703 0.8417654037 2.4325014637    0.780  1.762  3.7778  2.632    4  0.000  0.526     0.00     0.00     0.00     0.00     0.00 -1    -1e-30      0.00 7.452e-01 2.543e-01 7.186e-05 2.103e-05 1.824e-04 -1.000 4.189e-04 0.366 1.216 0.602 0.317 0.245 0.231 0.234
0.00039019 -1.60000 10.01703 0.8418166041 2.4325173907    0.780  1.762  3.7779  2.631    4  0.000  0.526     0.00     0.00     0.00     0.00     0.00 -1    -1e-30      0.00 7.452e-01 2.543e-01 7.186e-05 2.103e-05 1.824e-04 -1.000 4.189e-04 0.365 1.215 0.601 0.316 0.244 0.230 0.233
0.00039019 -1.60000 10.01703 0.8418704271 2.4325341310    0.780  1.763  3.7777  2.630    4  0.000  0.526     0.00     0.00     0.00     0.00     0.00 -1    -1e-30      0.00 7.452e-01 2.543e-01 7.186e-05 2.103e-05 1.824e-04 -1.000 4.189e-04 0.363 1.214 0.601 0.314 0.243 0.229 0.231
0.00039019 -1.60000 10.01703 0.8419240117 2.4325507948    0.780  1.763  3.7772  2.628    4  0.000  0.526     0.00     0.00     0.00     0.00     0.00 -1    -1e-30      0.00 7.452e-01 2.543e-01 7.186e-05 2.103e-05 1.824e-04 -1.000 4.188e-04 0.361 1.215 0.600 0.312 0.240 0.225 0.227
0.00039019 -1.60000 10.01703 0.8419771791 2.4325673265    0.780  1.765  3.7764  2.623    4  0.000  0.526     0.00     0.00     0.00     0.00     0.00 -1    -1e-30      0.00 7.452e-01 2.543e-01 7.186e-05 2.103e-05 1.824e-04 -1.000 4.188e-04 0.358 1.217 0.600 0.309 0.235 0.220 0.222
0.00039019 -1.60000 10.01703 0.8420284986 2.4325832813    0.780  1.766  3.7753  2.617    4  0.000  0.526     0.00     0.00     0.00     0.00     0.00 -1    -1e-30      0.00 7.452e-01 2.543e-01 7.186e-05 2.103e-05 1.824e-04 -1.000 4.188e-04 0.354 1.221 0.600 0.305 0.229 0.213 0.215
0.00039019 -1.60000 10.01703 0.8420805931 2.4325994747    0.780  1.768  3.7739  2.610    4  0.000  0.526     0.00     0.00     0.00     0.00     0.00 -1    -1e-30      0.00 7.452e-01 2.543e-01 7.186e-05 2.103e-05 1.824e-04 -1.000 4.189e-04 0.350 1.225 0.601 0.301 0.222 0.204 0.205
0.00039019 -1.60000 10.01703 0.8421336412 2.4326159622    0.780  1.770  3.7722  2.601    4  0.000  0.526     0.00     0.00     0.00     0.00     0.00 -1    -1e-30      0.00 7.452e-01 2.543e-01 7.186e-05 2.103e-05 1.824e-04 -1.000 4.188e-04 0.344 1.230 0.601 0.295 0.213 0.194 0.194
0.00039019 -1.60000 10.01703 0.8421592116 2.4326239087    0.780  1.772  3.7712  2.595    4  0.000  0.526     0.00     0.00     0.00     0.00     0.00 -1    -1e-30      0.00 7.452e-01 2.543e-01 7.186e-05 2.103e-05 1.824e-04 -1.000 4.188e-04 0.341 1.233 0.601 0.292 0.208 0.188 0.188
0.00039019 -1.60000 10.01703 0.8421677351 2.4326265574    0.780  1.772  3.7709  2.594    4  0.000  0.526     0.00     0.00     0.00     0.00     0.00 -1    -1e-30      0.00 7.452e-01 2.543e-01 7.186e-05 2.103e-05 1.824e-04 -1.000 4.189e-04 0.339 1.234 0.601 0.290 0.206 0.186 0.186
0.00039019 -1.60000 10.01703 0.8422178626 2.4326421335    0.780  1.775  3.7688  2.582    4  0.000  0.526     0.00     0.00     0.00     0.00     0.00 -1    -1e-30      0.00 7.452e-01 2.543e-01 7.186e-05 2.103e-05 1.824e-04 -1.000 4.188e-04 0.332 1.241 0.602 0.283 0.195 0.173 0.172
0.00039019 -1.60000 10.01703 0.8422569633 2.4326542818    0.780  1.778  3.7672  2.573    4  0.000  0.526     0.00     0.00     0.00     0.00     0.00 -1    -1e-30      0.00 7.452e-01 2.543e-01 7.186e-05 2.103e-05 1.824e-04 -1.000 4.188e-04 0.326 1.245 0.601 0.277 0.186 0.162 0.160
0.00039019 -1.60000 10.01703 0.8422601223 2.4326552632    0.780  1.778  3.7670  2.572    4  0.000  0.526     0.00     0.00     0.00     0.00     0.00 -1    -1e-30      0.00 7.452e-01 2.543e-01 7.186e-05 2.103e-05 1.824e-04 -1.000 4.188e-04 0.325 1.245 0.601 0.276 0.186 0.161 0.159
0.00039019 -1.60000 10.01703 0.8423132896 2.4326717797    0.781  1.782  3.7650  2.561    4  0.000  0.526     0.00     0.00     0.00     0.00     0.00 -1    -1e-30      0.00 7.452e-01 2.543e-01 7.186e-05 2.103e-05 1.824e-04 -1.000 4.188e-04 0.316 1.250 0.600 0.268 0.173 0.147 0.144
0.00039019 -1.60000 10.01703 0.8423677683 2.4326887010    0.781  1.786  3.7628  2.548    4  0.000  0.526     0.00     0.00     0.00     0.00     0.00 -1    -1e-30      0.00 7.452e-01 2.543e-01 7.186e-05 2.103e-05 1.824e-04 -1.000 4.189e-04 0.306 1.254 0.598 0.257 0.159 0.131 0.127
0.00039019 -1.60000 10.01703 0.8424197435 2.4327048424    0.781  1.790  3.7607  2.535    4  0.000  0.526     0.00     0.00     0.00     0.00     0.00 -1    -1e-30      0.00 7.452e-01 2.544e-01 7.186e-05 2.103e-05 1.824e-04 -1.000 4.189e-04 0.295 1.257 0.594 0.247 0.145 0.115 0.110
0.00039019 -1.60000 10.01703 0.8424716592 2.4327209630    0.781  1.795  3.7590  2.524    4  0.000  0.526     0.00     0.00     0.00     0.00     0.00 -1    -1e-30      0.00 7.452e-01 2.544e-01 7.186e-05 2.103e-05 1.824e-04 -1.000 4.189e-04 0.283 1.257 0.590 0.236 0.131 0.099 0.094
0.00039019 -1.60000 10.01703 0.8425229788 2.4327368963    0.781  1.799  3.7574  2.513    4  0.000  0.526     0.00     0.00     0.00     0.00     0.00 -1    -1e-30      0.00 7.452e-01 2.544e-01 7.186e-05 2.103e-05 1.824e-04 -1.000 4.188e-04 0.272 1.258 0.585 0.224 0.117 0.083 0.077
0.00039019 -1.60000 10.01703 0.8425750732 2.4327530679    0.781  1.804  3.7557  2.501    4  0.000  0.526     0.00     0.00     0.00     0.00     0.00 -1    -1e-30      0.00 7.452e-01 2.544e-01 7.186e-05 2.103e-05 1.824e-04 -1.000 4.188e-04 0.259 1.257 0.578 0.212 0.102 0.066 0.060
0.00039019 -1.60000 10.01703 0.8426268101 2.4327691262    0.781  1.811  3.7539  2.487    4  0.000  0.526     0.00     0.00     0.00     0.00     0.00 -1    -1e-30      0.00 7.452e-01 2.544e-01 7.186e-05 2.103e-05 1.824e-04 -1.000 4.188e-04 0.243 1.255 0.570 0.197 0.083 0.046 0.038
0.00039019 -1.60000 10.01703 0.8426607251 2.4327796516    0.781  1.813  3.7537  2.484    4  0.000  0.526     0.00     0.00     0.00     0.00     0.00 -1    -1e-30      0.00 7.452e-01 2.544e-01 7.186e-05 2.103e-05 1.824e-04 -1.000 4.188e-04 0.237 1.250 0.564 0.190 0.076 0.039 0.031
0.00039019 -1.60000 10.01703 0.8427117467 2.4327954842    0.781  1.826  3.7502  2.458    4  0.000  0.526     0.00     0.00     0.00     0.00     0.00 -1    -1e-30      0.00 7.452e-01 2.544e-01 7.186e-05 2.103e-05 1.824e-04 -1.000 4.188e-04 0.205 1.244 0.546 0.159 0.040 -0.002 -0.010
0.00039019 -1.60000 10.01703 0.8427645564 2.4328118694    0.781  1.843  3.7464  2.425    4  0.000  0.526     0.00     0.00     0.00     0.00     0.00 -1    -1e-30      0.00 7.452e-01 2.544e-01 7.186e-05 2.103e-05 1.824e-04 -1.000 4.189e-04 0.162 1.232 0.518 0.117 -0.009 -0.054 -0.065
0.00039019 -1.60000 10.01703 0.8428161740 2.4328278824    0.781  1.871  3.7410  2.376    4  0.000  0.526     0.00     0.00     0.00     0.00     0.00 -1    -1e-30      0.00 7.452e-01 2.544e-01 7.186e-05 2.103e-05 1.824e-04 -1.000 4.188e-04 0.093 1.204 0.469 0.049 -0.086 -0.137 -0.150
0.00039019 -1.60000 10.01703 0.8428474069 2.4328375704    0.781  1.903  3.7356  2.322    4  0.000  0.526     0.00     0.00     0.00     0.00     0.00 -1    -1e-30      0.00 7.452e-01 2.544e-01 7.186e-05 2.103e-05 1.824e-04 -1.000 4.189e-04 0.012 1.172 0.410 -0.030 -0.175 -0.232 -0.247
0.00039019 -1.60000 10.01703 0.8428630233 2.4328424142    0.781  1.938  3.7303  2.265    4  0.000  0.526     0.00     0.00     0.00     0.00     0.00 -1    -1e-30      0.00 7.452e-01 2.544e-01 7.186e-05 2.103e-05 1.824e-04 -1.000 4.188e-04 -0.076 1.133 0.343 -0.118 -0.271 -0.333 -0.351
0.00039019 -1.60000 10.01703 0.8428696394 2.4328444662    0.781  1.974  3.7255  2.211    4  0.000  0.526     0.00     0.00     0.00     0.00     0.00 -1    -1e-30      0.00 7.452e-01 2.544e-01 7.186e-05 2.103e-05 1.824e-04 -1.000 4.188e-04 -0.165 1.092 0.275 -0.204 -0.365 -0.433 -0.453
0.00039019 -1.60000 10.01703 0.8428726792 2.4328454090    0.781  2.010  3.7212  2.158    4  0.000  0.526     0.00     0.00     0.00     0.00     0.00 -1    -1e-30      0.00 7.452e-01 2.544e-01 7.186e-05 2.103e-05 1.824e-04 -1.000 4.188e-04 -0.255 1.045 0.203 -0.293 -0.461 -0.533 -0.555
0.00039019 -1.60000 10.01703 0.8428742886 2.4328459082    0.781  2.044  3.7177  2.110    4  0.000  0.526     0.00     0.00     0.00     0.00     0.00 -1    -1e-30      0.00 7.452e-01 2.544e-01 7.186e-05 2.103e-05 1.824e-04 -1.000 4.188e-04 -0.339 0.999 0.136 -0.375 -0.549 -0.625 -0.649
0.00039019 -1.60000 10.01703 0.8428743482 2.4328459267    0.781  2.046  3.7175  2.106    7  0.000  0.526     0.00     0.00     0.00     0.00     0.00 -1    -1e-30      0.00 7.452e-01 2.544e-01 7.186e-05 2.103e-05 1.824e-04 -1.000 4.188e-04 -0.346 0.995 0.130 -0.381 -0.556 -0.633 -0.656
0.00039019 -1.60000 10.01703 0.8428750038 2.4328461300    0.781  2.070  3.7154  2.075    7  0.000  0.526     0.00     0.00     0.00     0.00     0.00 -1    -1e-30      0.00 7.452e-01 2.544e-01 7.186e-05 2.103e-05 1.824e-04 -1.000 4.188e-04 -0.404 0.961 0.082 -0.438 -0.616 -0.695 -0.720
0.00039019 -1.60000 10.01703 0.8428761959 2.4328464997    0.781  2.115  3.7116  2.014    7  0.000  0.526     0.00     0.00     0.00     0.00     0.00 -1    -1e-30      0.00 7.452e-01 2.544e-01 7.186e-05 2.103e-05 1.824e-04 -1.000 4.188e-04 -0.518 0.890 -0.013 -0.549 -0.734 -0.818 -0.844
0.00039019 -1.60000 10.01703 0.8428772092 2.4328468140    0.781  2.154  3.7086  1.964    7  0.000  0.526     0.00     0.00     0.00     0.00     0.00 -1    -1e-30      0.00 7.452e-01 2.544e-01 7.186e-05 2.103e-05 1.824e-04 -1.000 4.188e-04 -0.614 0.832 -0.094 -0.643 -0.833 -0.920 -0.948
0.00039019 -1.60000 10.01703 0.8428782225 2.4328471283    0.781  2.189  3.7059  1.917    7  0.000  0.526     0.00     0.00     0.00     0.00     0.00 -1    -1e-30      0.00 7.452e-01 2.544e-01 7.186e-05 2.103e-05 1.824e-04 -1.000 4.188e-04 -0.703 0.779 -0.169 -0.730 -0.925 -1.015 -1.045
0.00039019 -1.60000 10.01703 0.8428805470 2.4328478492    0.781  2.207  3.7048  1.895    7  0.000  0.526     0.00     0.00     0.00     0.00     0.00 -1    -1e-30      0.00 7.452e-01 2.544e-01 7.186e-05 2.103e-05 1.824e-04 -1.000 4.188e-04 -0.748 0.750 -0.207 -0.773 -0.971 -1.062 -1.093
0.00039019 -1.60000 10.01703 0.8428825140 2.4328484593    0.781  2.171  3.7076  1.942    7  0.000  0.526     0.00     0.00     0.00     0.00     0.00 -1    -1e-30      0.00 7.452e-01 2.544e-01 7.186e-05 2.103e-05 1.824e-04 -1.000 4.189e-04 -0.658 0.802 -0.133 -0.686 -0.878 -0.967 -0.995
0.00039019 -1.60000 10.01703 0.8428900838 2.4328508070    0.781  2.141  3.7098  1.981    7  0.000  0.526     0.00     0.00     0.00     0.00     0.00 -1    -1e-30      0.00 7.452e-01 2.544e-01 7.186e-05 2.103e-05 1.824e-04 -1.000 4.189e-04 -0.583 0.847 -0.069 -0.613 -0.801 -0.887 -0.914
0.00039019 -1.60000 10.01703 0.8429221511 2.4328607519    0.781  2.177  3.7068  1.933    7  0.000  0.526     0.00     0.00     0.00     0.00     0.00 -1    -1e-30      0.00 7.452e-01 2.544e-01 7.186e-05 2.103e-05 1.824e-04 -1.000 4.189e-04 -0.672 0.799 -0.142 -0.699 -0.893 -0.982 -1.011
0.00039019 -1.60000 10.01703 0.8429415822 2.4328667775    0.781  2.220  3.7034  1.876    7  0.000  0.526     0.00     0.00     0.00     0.00     0.00 -1    -1e-30      0.00 7.452e-01 2.544e-01 7.186e-05 2.103e-05 1.824e-04 -1.000 4.189e-04 -0.781 0.736 -0.232 -0.805 -1.004 -1.098 -1.129
0.00039019 -1.60000 10.01703 0.8429566622 2.4328714537    0.781  2.260  3.7004  1.824    7  0.000  0.526     0.00     0.00     0.00     0.00     0.00 -1    -1e-30      0.00 7.452e-01 2.544e-01 7.186e-05 2.103e-05 1.824e-04 -1.000 4.188e-04 -0.880 0.679 -0.315 -0.901 -1.106 -1.204 -1.237
0.00039019 -1.60000 10.01703 0.8429743648 2.4328769428    0.781  2.302  3.6974  1.770    7  0.000  0.526     0.00     0.00     0.00     0.00     0.00 -1    -1e-30      0.00 7.452e-01 2.544e-01 7.186e-05 2.103e-05 1.824e-04 -1.000 4.189e-04 -0.985 0.619 -0.402 -1.003 -1.214 -1.315 -1.349
0.00039019 -1.60000 10.01703 0.8429913521 2.4328822099    0.781  2.344  3.6944  1.716    7  0.000  0.526     0.00     0.00     0.00     0.00     0.00 -1    -1e-30      0.00 7.452e-01 2.544e-01 7.186e-05 2.103e-05 1.824e-04 -1.000 4.188e-04 -1.091 0.558 -0.489 -1.104 -1.321 -1.426 -1.462
0.00039019 -1.60000 10.01703 0.8430065513 2.4328869224    0.781  2.386  3.6915  1.663    7  0.000  0.526     0.00     0.00     0.00     0.00     0.00 -1    -1e-30      0.00 7.452e-01 2.544e-01 7.186e-05 2.103e-05 1.824e-04 -1.000 4.188e-04 -1.194 0.500 -0.574 -1.204 -1.426 -1.535 -1.573
0.00039019 -1.60000 10.01703 0.8430201411 2.4328911357    0.781  2.427  3.6887  1.611    7  0.000  0.526     0.00     0.00     0.00     0.00     0.00 -1    -1e-30      0.00 7.452e-01 2.544e-01 7.183e-05 2.104e-05 1.824e-04 -1.000 4.188e-04 -1.297 0.443 -0.659 -1.302 -1.530 -1.642 -1.682
0.00039019 -1.60000 10.01703 0.8430321813 2.4328948684    0.781  2.468  3.6858  1.558    7  0.000  0.525     0.00     0.00     0.00     0.00     0.00 -1    -1e-30      0.00 7.452e-01 2.544e-01 7.174e-05 2.107e-05 1.824e-04 -1.000 4.188e-04 -1.400 0.388 -0.741 -1.399 -1.632 -1.749 -1.790
0.00039019 -1.60000 10.01703 0.8430431485 2.4328982684    0.781  2.509  3.6830  1.506    7  0.000  0.522     6.57     5.25     3.74     2.89     2.33  3    -1e-30      0.00 7.452e-01 2.544e-01 7.140e-05 2.127e-05 1.824e-04 -1.000 4.188e-04 -1.502 0.353 -0.822 -1.499 -1.737 -1.857 -1.900
0.00039019 -1.60000 10.01703 0.8430530429 2.4329013357    0.781  2.550  3.6801  1.454    7  0.000  0.515     7.34     5.77     4.09     3.16     2.56  3    -1e-30      0.00 7.451e-01 2.544e-01 7.056e-05 2.200e-05 1.824e-04 -1.000 4.188e-04 -1.604 0.325 -0.901 -1.599 -1.843 -1.966 -2.011
0.00039019 -1.60000 10.01703 0.8430620432 2.4329041258    0.781  2.590  3.6772  1.402    7  0.000  0.504     8.19     6.34     4.47     3.47     2.80  3    -1e-30      0.00 7.451e-01 2.545e-01 6.909e-05 2.367e-05 1.824e-04 -1.000 4.157e-04 -1.706 0.304 -0.975 -1.698 -1.947 -2.074 -2.121
0.00039019 -1.60000 10.01703 0.8430702686 2.4329066756    0.781  2.631  3.6743  1.349    7  0.000  0.492     9.15     6.97     4.89     3.80     3.07  3    -1e-30      0.00 7.450e-01 2.546e-01 6.754e-05 2.557e-05 1.824e-04 -1.000 4.079e-04 -1.807 0.291 -1.048 -1.796 -2.051 -2.183 -2.231
0.00039019 -1.60000 10.01703 0.8430779576 2.4329090591    0.781  2.671  3.6714  1.298    7  0.000  0.482    10.21     7.65     5.35     4.16     3.37  3    -1e-30      0.00 7.449e-01 2.547e-01 6.618e-05 2.725e-05 1.824e-04 -1.000 4.087e-04 -1.908 0.284 -1.117 -1.892 -2.155 -2.290 -2.340
0.00039019 -1.60000 10.01703 0.8430852890 2.4329113316    0.781  2.711  3.6685  1.246    7  0.000  0.473    11.40     8.40     5.85     4.55     3.69  3    -1e-30      0.00 7.447e-01 2.548e-01 6.496e-05 2.874e-05 1.824e-04 -1.000 4.165e-04 -2.008 0.285 -1.183 -1.988 -2.257 -2.397 -2.449
0.00039019 -1.60000 10.01703 0.8430923223 2.4329135118    0.781  2.751  3.6656  1.194    7  0.000  0.466    12.72     9.23     6.40     4.99     4.04  2    -1e-30      0.00 7.446e-01 2.550e-01 6.391e-05 3.005e-05 1.824e-04 -1.000 4.074e-04 -2.108 0.293 -1.246 -2.082 -2.359 -2.503 -2.557
0.00039019 -1.60000 10.01703 0.8430992365 2.4329156549    0.781  2.791  3.6626  1.142    7  0.000  0.459    14.21    10.14     7.00     5.46     4.43  2    -1e-30      0.00 7.445e-01 2.551e-01 6.300e-05 3.116e-05 1.824e-04 -1.000 4.050e-04 -2.209 0.307 -1.307 -2.177 -2.462 -2.609 -2.666
0.00039019 -1.60000 10.01703 0.8431054950 2.4329175948    0.781  2.832  3.6595  1.089    7  0.000  0.453    15.91    11.17     7.68     6.00     4.86  2    -1e-30      0.00 7.444e-01 2.552e-01 6.219e-05 3.216e-05 1.824e-04 -1.000 4.188e-04 -2.311 0.332 -1.365 -2.272 -2.565 -2.718 -2.777
0.00039019 -1.60000 10.01703 0.8431112766 2.4329193868    0.781  2.874  3.6564  1.035    7  0.000  0.448    17.82    12.30     8.42     6.59     5.34  2    -1e-30      0.00 7.442e-01 2.554e-01 6.149e-05 3.302e-05 1.823e-04 -1.000 4.188e-04 -2.414 0.345 -1.424 -2.364 -2.666 -2.824 -2.886
0.00039019 -1.60000 10.01703 0.8431164026 2.4329209756    0.781  2.916  3.6531  0.979    7  0.000  0.444    20.06    13.61     9.27     7.27     5.89  2    -1e-30      0.00 7.441e-01 2.555e-01 6.086e-05 3.381e-05 1.822e-04 -1.000 4.188e-04 -2.520 0.343 -1.486 -2.457 -2.769 -2.932 -2.997
0.00039019 -1.60000 10.01703 0.8431202769 2.4329221765    0.781  2.958  3.6499  0.924    7  0.000  0.440    22.53    15.02    10.19     8.00     6.49  2    -1e-30      0.00 7.440e-01 2.556e-01 6.035e-05 3.447e-05 1.821e-04 -1.000 4.188e-04 -2.625 0.348 -1.543 -2.548 -2.870 -3.039 -3.106
0.00039019 -1.60000 10.01703 0.8431236148 2.4329232110    0.781  2.997  3.6468  0.873    7  0.000  0.438    25.13    16.49    11.14     8.76     7.10  1    -1e-30      0.00 7.439e-01 2.557e-01 5.993e-05 3.503e-05 1.819e-04 -1.000 4.188e-04 -2.723 0.354 -1.594 -2.630 -2.963 -3.138 -3.207
0.00039019 -1.60000 10.01703 0.8431268930 2.4329242271    0.781  3.037  3.6437  0.821    7  0.000  0.436    28.06    18.11    12.19     9.59     7.78  1    -1e-30      0.00 7.437e-01 2.558e-01 5.961e-05 3.550e-05 1.817e-04 -1.000 4.189e-04 -2.821 0.361 -1.645 -2.713 -3.056 -3.237 -3.309
0.00039019 -1.60000 10.01703 0.8431298137 2.4329251323    0.781  3.077  3.6403  0.767    7  0.000  0.435    31.47    19.98    13.38    10.55     8.56  1    -1e-30      0.00 7.436e-01 2.560e-01 5.935e-05 3.593e-05 1.815e-04 -1.000 4.188e-04 -2.924 0.371 -1.698 -2.799 -3.152 -3.340 -3.415
0.00039019 -1.60000 10.01703 0.8431325555 2.4329259821    0.781  3.123  3.6366  0.706    7  0.000  0.434    35.80    22.30    14.86    11.73     9.52  1    -1e-30      0.00 7.435e-01 2.560e-01 5.912e-05 3.640e-05 1.812e-04 -1.000 4.187e-04 -3.038 0.385 -1.750 -2.892 -3.258 -3.454 -3.532
0.00039019 -1.60000 10.01703 0.8431327343 2.4329260375    0.781  3.164  3.6331  0.651    7  0.000  0.434    40.20    24.61    16.33    12.91    10.48  1    -1e-30      0.00 7.435e-01 2.560e-01 5.911e-05 3.642e-05 1.812e-04 -1.000 4.187e-04 -3.139 0.404 -1.792 -2.971 -3.351 -3.553 -3.635
0.00039019 -1.60000 10.01703 0.8431329131 2.4329260929    0.781  3.197  3.6302  0.606    7  0.000  0.431    44.23    26.70    17.65    13.97    11.34  1    -1e-30      0.00 7.432e-01 2.564e-01 5.838e-05 3.810e-05 1.802e-04 -1.000 4.187e-04 -3.223 0.420 -1.825 -3.037 -3.426 -3.635 -3.719
0.00039019 -1.60000 10.01703 0.8431332111 2.4329261853    0.781  3.239  3.6265  0.550    7  0.000  0.430    49.90    29.59    19.47    15.44    12.54  1    -1e-30      0.00 7.430e-01 2.566e-01 5.803e-05 3.912e-05 1.795e-04 -1.000 4.188e-04 -3.329 0.437 -1.867 -3.118 -3.521 -3.738 -3.826
0.00039019 -1.60000 10.01703 0.8431337476 2.4329263515    0.781  3.286  3.6226  0.487    7  0.000  0.429    56.99    33.14    21.69    17.23    14.00  1    -1e-30      0.00 7.428e-01 2.568e-01 5.776e-05 4.000e-05 1.789e-04 -1.000 4.188e-04 -3.446 0.452 -1.912 -3.208 -3.627 -3.852 -3.943
0.00039019 -1.60000 10.01703 0.8431338668 2.4329263885    0.781  3.294  3.6220  0.477    7  0.549  0.429    58.23    33.75    22.08    17.54    14.25  1    -1e-30      0.00 7.428e-01 2.568e-01 5.771e-05 4.012e-05 1.788e-04 -1.000 4.188e-04 -3.465 0.454 -1.918 -3.222 -3.644 -3.871 -3.963
0.00039019 -1.60000 10.01703 0.8431339860 2.4329264254    0.781  3.296  3.6219  0.474    7  0.542  0.429    58.57    33.92    22.18    17.62    14.32  1    -1e-30      0.00 7.428e-01 2.568e-01 5.770e-05 4.017e-05 1.787e-04 -1.000 4.188e-04 -3.471 0.453 -1.921 -3.227 -3.649 -3.877 -3.969
0.00039019 -1.60000 10.01703 0.8431340456 2.4329264439    0.781  3.377  3.6162  0.371    8  0.542  0.404    72.90    40.88    26.51    21.12    17.16  1 -8.56e-07      0.00 7.347e-01 2.650e-01 5.388e-05 4.883e-05 1.812e-04 -1.000 3.076e-04 -3.672 0.448 -1.995 -3.380 -3.831 -4.073 -4.171
0.00039019 -1.60000 10.01703 0.8431341052 2.4329264624    0.780  3.215  3.6284  0.580    8  0.542  0.396    46.71    27.97    18.45    14.62    11.87  1 -4.09e-07      0.00 7.347e-01 2.650e-01 5.388e-05 4.883e-05 1.812e-04 -1.000 3.075e-04 -3.268 0.435 -1.839 -3.069 -3.466 -3.679 -3.764
0.00039019 -1.60000 10.01703 0.8431342244 2.4329264993    0.779  3.072  3.6407  0.772    8  0.542  0.396    31.14    19.79    13.26    10.45     8.48  1 -2.13e-07      0.00 7.347e-01 2.650e-01 5.388e-05 4.883e-05 1.812e-04 -1.000 3.076e-04 -2.911 0.374 -1.690 -2.788 -3.140 -3.327 -3.402
0.00039019 -1.60000 10.01703 0.8431344032 2.4329265548    0.775  2.872  3.6579  1.039    8  0.542  0.396    17.64    12.19     8.35     6.53     5.30  2 -8.49e-08      0.00 7.347e-01 2.650e-01 5.388e-05 4.883e-05 1.812e-04 -1.000 3.076e-04 -2.410 0.315 -1.436 -2.367 -2.665 -2.821 -2.881
0.00039019 -1.60000 10.01703 0.8431346416 2.4329266287    0.770  2.878  3.6573  1.028    8  0.543  0.396    18.01    12.41     8.49     6.65     5.39  2 -8.85e-08      0.00 7.347e-01 2.650e-01 5.388e-05 4.883e-05 1.812e-04 -1.000 3.076e-04 -2.424 0.319 -1.442 -2.378 -2.678 -2.835 -2.895
0.00039019 -1.60000 10.01703 0.8431349993 2.4329267395    0.764  2.972  3.6490  0.897    8  0.543  0.396    23.75    15.70    10.63     8.35     6.77  2 -1.41e-07      0.00 7.347e-01 2.650e-01 5.388e-05 4.883e-05 1.812e-04 -1.000 3.076e-04 -2.661 0.352 -1.561 -2.579 -2.904 -3.076 -3.144
0.00039019 -1.60000 10.01703 0.8431353569 2.4329268503    0.757  3.131  3.6350  0.678    8  0.543  0.396    37.71    23.26    15.46    12.23     9.92  1 -3.02e-07      0.00 7.347e-01 2.650e-01 5.388e-05 4.883e-05 1.812e-04 -1.000 3.076e-04 -3.058 0.422 -1.742 -2.901 -3.274 -3.472 -3.552
0.00039019 -1.60000 10.01703 0.8431358337 2.4329269981    0.749  3.270  3.6228  0.486    8  0.544  0.396    56.62    32.83    21.48    17.08    13.87  1 -5.91e-07      0.00 7.347e-01 2.650e-01 5.388e-05 4.883e-05 1.812e-04 -1.000 3.076e-04 -3.404 0.490 -1.872 -3.167 -3.586 -3.811 -3.902
0.00039019 -1.60000 10.01703 0.8431363702 2.4329271644    0.739  3.362  3.6146  0.356    8  0.544  0.396    74.55    41.42    26.82    21.41    17.39  1 -9.36e-07      0.00 7.347e-01 2.650e-01 5.388e-05 4.883e-05 1.812e-04 -1.000 3.076e-04 -3.634 0.530 -1.926 -3.328 -3.786 -4.032 -4.131
0.00039019 -1.60000 10.01703 0.8431369662 2.4329273491    0.729  3.413  3.6100  0.280    8  0.545  0.396    87.43    47.35    30.46    24.38    19.81  1 -1.23e-06      0.00 7.347e-01 2.650e-01 5.388e-05 4.883e-05 1.812e-04 -1.000 3.076e-04 -3.762 0.552 -1.948 -3.414 -3.894 -4.153 -4.257
0.00039019 -1.60000 10.01703 0.8431376815 2.4329275708    0.717  3.439  3.6074  0.236    8  0.545  0.396    95.76    51.05    32.72    26.23    21.32  1 -1.46e-06      0.00 7.347e-01 2.650e-01 5.388e-05 4.883e-05 1.812e-04 -1.000 3.076e-04 -3.828 0.568 -1.953 -3.454 -3.949 -4.216 -4.322
0.00039019 -1.60000 10.01703 0.8431383967 2.4329277925    0.704  3.456  3.6056  0.204    8  0.546  0.396   102.23    53.84    34.41    27.62    22.45  1 -1.66e-06      0.00 7.347e-01 2.650e-01 5.388e-05 4.883e-05 1.812e-04 -1.000 3.076e-04 -3.871 0.582 -1.951 -3.479 -3.984 -4.256 -4.364
0.00039019 -1.60000 10.01703 0.8431414962 2.4329287531    0.547 -9.999  4.0000  1.746    9  0.548  0.000     0.00     0.00     0.00     0.00     0.00 -1    -1e-30      0.00 7.347e-01 2.650e-01 5.388e-05 4.883e-05 1.812e-04 -1.000 3.076e-04 29.767 30.102 29.965 30.242 30.471 30.552 30.640
