# Zini     MH   logAge Mini        int_IMF         Mass   logL    logTe  logg  label   McoreTP C_O  period0  period1  period2  period3  period4  pmode  Mloss  tau1m   X   Y   Xc  Xn  Xo  Cexcess  Z 	 mbolmag  umag    gmag    rmag    imag    zmag    Ymag
0.0013794 -1.05000 10.00860 0.0900000036 1.0816895926    0.090 -3.233  3.4471  5.365    1  0.000  0.545     0.00     0.00     0.00     0.00     0.00 -1  -5.1e-17      0.00 7.457e-01 2.528e-01 2.632e-04 7.102e-05 6.441e-04 -1.000 1.464e-03 12.851 18.095 17.047 15.237 13.021 12.263 12.106
0.0013794 -1.05000 10.00860 0.0955041200 1.1324140387    0.095 -3.096  3.4665  5.332    1  0.000  0.545     0.00     0.00     0.00     0.00     0.00 -1 -7.05e-17      0.00 7.451e-01 2.534e-01 2.632e-04 7.102e-05 6.441e-04 -1.000 1.464e-03 12.509 17.703 16.241 14.442 12.576 11.926 11.782
0.0013794 -1.05000 10.00860 0.1000000015 1.1711064122    0.100 -2.990  3.4815  5.306    1  0.000  0.545     0.00     0.00     0.00     0.00     0.00 -1 -9.06e-17      0.00 7.446e-01 2.539e-01 2.632e-04 7.102e-05 6.441e-04 -1.000 1.464e-03 12.244 17.367 15.632 13.860 12.243 11.668 11.532
0.0013794 -1.05000 10.00860 0.1199999973 1.3193154249    0.120 -2.708  3.5147  5.235    1  0.000  0.545     0.00     0.00     0.00     0.00     0.00 -1 -1.72e-16      0.00 7.429e-01 2.557e-01 2.632e-04 7.102e-05 6.441e-04 -1.000 1.464e-03 11.539 16.338 14.239 12.566 11.429 10.989 10.868
0.0013794 -1.05000 10.00860 0.1400000006 1.4384526719    0.140 -2.524  3.5321  5.188    1  0.000  0.545     0.00     0.00     0.00     0.00     0.00 -1 -2.56e-16      0.00 7.415e-01 2.571e-01 2.632e-04 7.102e-05 6.442e-04 -1.000 1.464e-03 11.080 15.626 13.473 11.872 10.929 10.544 10.430
0.0013794 -1.05000 10.00860 0.1599999964 1.5372931554    0.160 -2.384  3.5431  5.151    1  0.000  0.545     0.00     0.00     0.00     0.00     0.00 -1 -3.45e-16      0.00 7.404e-01 2.582e-01 2.632e-04 7.102e-05 6.442e-04 -1.000 1.464e-03 10.730 15.096 12.949 11.397 10.559 10.203 10.093
0.0013794 -1.05000 10.00860 0.2000000179 1.6938791367    0.200 -2.165  3.5577  5.087    1  0.000  0.545     0.00     0.00     0.00     0.00     0.00 -1  -5.5e-16      0.00 7.390e-01 2.596e-01 2.632e-04 7.102e-05 6.442e-04 -1.000 1.464e-03 10.182 14.299 12.189 10.705 9.989 9.668 9.565
0.0013794 -1.05000 10.00860 0.2500000000 1.8403257998    0.250 -1.960  3.5692  5.024    1  0.000  0.545     0.00     0.00     0.00     0.00     0.00 -1 -4.66e-16      0.00 7.385e-01 2.600e-01 2.632e-04 7.102e-05 6.442e-04 -1.000 1.464e-03 9.670 13.582 11.521 10.093 9.463 9.167 9.069
0.0013794 -1.05000 10.00860 0.3000000119 1.9529139769    0.300 -1.801  3.5779  4.979    1  0.000  0.545     0.00     0.00     0.00     0.00     0.00 -1 -5.07e-16      0.00 7.386e-01 2.599e-01 2.632e-04 7.103e-05 6.442e-04 -1.000 1.464e-03 9.271 13.038 11.017 9.634 9.056 8.777 8.683
0.0013794 -1.05000 10.00860 0.3499999642 2.0434174156    0.350 -1.669  3.5851  4.944    1  0.000  0.545     0.00     0.00     0.00     0.00     0.00 -1 -1.53e-15      0.00 7.470e-01 2.516e-01 2.632e-04 7.102e-05 6.441e-04 -1.000 1.464e-03 8.944 12.588 10.605 9.263 8.723 8.456 8.366
0.0013794 -1.05000 10.00860 0.4000000060 2.1185024399    0.400 -1.518  3.5962  4.895    1  0.000  0.545     0.00     0.00     0.00     0.00     0.00 -1 -2.15e-15      0.00 7.475e-01 2.510e-01 2.632e-04 7.102e-05 6.441e-04 -1.000 1.464e-03 8.565 12.030 10.104 8.826 8.336 8.089 8.004
0.0013794 -1.05000 10.00860 0.4499999881 2.1822809009    0.450 -1.343  3.6129  4.837    1  0.000  0.545     0.00     0.00     0.00     0.00     0.00 -1 -3.25e-15      0.00 7.475e-01 2.510e-01 2.632e-04 7.102e-05 6.441e-04 -1.000 1.464e-03 8.126 11.340 9.490 8.316 7.885 7.665 7.588
0.0013794 -1.05000 10.00860 0.5000000000 2.2374541529    0.500 -1.143  3.6395  4.790    1  0.000  0.545     0.00     0.00     0.00     0.00     0.00 -1 -5.15e-15      0.00 7.475e-01 2.510e-01 2.632e-04 7.102e-05 6.441e-04 -1.000 1.464e-03 7.628 10.470 8.728 7.724 7.378 7.199 7.135
0.0013794 -1.05000 10.00860 0.5500000715 2.2836583126    0.550 -0.925  3.6715  4.742    1  0.000  0.544     0.00     0.00     0.00     0.00     0.00 -1 -8.56e-15      0.00 7.768e-01 2.219e-01 2.349e-04 6.341e-05 5.753e-04 -1.000 1.318e-03 7.084 9.417 7.881 7.084 6.826 6.696 6.648
0.0013794 -1.05000 10.00860 0.6000000238 2.3211213258    0.600 -0.726  3.7004  4.695    1  0.000  0.544     0.00     0.00     0.00     0.00     0.00 -1 -1.37e-14      0.00 7.838e-01 2.149e-01 2.288e-04 6.178e-05 5.608e-04 -1.000 1.258e-03 6.584 8.425 7.168 6.527 6.325 6.234 6.202
0.0013794 -1.05000 10.00860 0.6090828776 2.3271719900    0.609 -0.689  3.7062  4.688    1  0.000  0.544     0.00     0.00     0.00     0.00     0.00 -1 -1.49e-14      0.00 7.852e-01 2.135e-01 2.275e-04 6.144e-05 5.577e-04 -1.000 1.253e-03 6.491 8.247 7.043 6.428 6.236 6.152 6.123
0.0013794 -1.05000 10.00860 0.6283159852 2.3393228934    0.628 -0.611  3.7183  4.672    1  0.000  0.544     0.00     0.00     0.00     0.00     0.00 -1 -1.79e-14      0.00 7.882e-01 2.105e-01 2.247e-04 6.071e-05 5.511e-04 -1.000 1.259e-03 6.296 7.880 6.784 6.221 6.048 5.979 5.956
0.0013794 -1.05000 10.00860 0.6465108395 2.3500559017    0.646 -0.537  3.7295  4.656    1  0.000  0.543     0.00     0.00     0.00     0.00     0.00 -1 -2.13e-14      0.00 7.912e-01 2.076e-01 2.220e-04 5.998e-05 5.446e-04 -1.000 1.250e-03 6.112 7.553 6.549 6.030 5.875 5.818 5.802
0.0013794 -1.05000 10.00860 0.6499999762 2.3520353107    0.650 -0.523  3.7317  4.652    1  0.000  0.543     0.00     0.00     0.00     0.00     0.00 -1  -2.2e-14      0.00 7.918e-01 2.070e-01 2.215e-04 5.983e-05 5.433e-04 -1.000 1.271e-03 6.077 7.492 6.505 5.994 5.842 5.787 5.772
0.0013794 -1.05000 10.00860 0.6556276083 2.3551769057    0.655 -0.500  3.7348  4.646    1  0.000  0.543     0.00     0.00     0.00     0.00     0.00 -1 -2.33e-14      0.00 7.929e-01 2.058e-01 2.205e-04 5.957e-05 5.410e-04 -1.000 1.268e-03 6.020 7.400 6.437 5.936 5.789 5.738 5.724
0.0013794 -1.05000 10.00860 0.6721351147 2.3640441366    0.672 -0.433  3.7439  4.626    1  0.000  0.543     0.00     0.00     0.00     0.00     0.00 -1 -2.74e-14      0.00 7.963e-01 2.024e-01 2.175e-04 5.878e-05 5.338e-04 -1.000 1.223e-03 5.853 7.133 6.236 5.769 5.635 5.593 5.583
0.0013794 -1.05000 10.00860 0.6874692440 2.3718438538    0.687 -0.371  3.7520  4.606    1  0.000  0.543     0.00     0.00     0.00     0.00     0.00 -1 -3.21e-14      0.00 7.997e-01 1.991e-01 2.146e-04 5.800e-05 5.269e-04 -1.000 1.206e-03 5.697 6.892 6.051 5.615 5.493 5.460 5.454
0.0013794 -1.05000 10.00860 0.6999999285 2.3779266691    0.700 -0.319  3.7585  4.588    1  0.000  0.543     0.00     0.00     0.00     0.00     0.00 -1 -3.65e-14      0.00 8.026e-01 1.962e-01 2.120e-04 5.734e-05 5.209e-04 -1.000 1.178e-03 5.568 6.700 5.901 5.489 5.378 5.352 5.349
0.0013794 -1.05000 10.00860 0.7012745142 2.3785314038    0.701 -0.314  3.7591  4.586    1  0.000  0.542     0.00     0.00     0.00     0.00     0.00 -1  -3.7e-14      0.00 8.030e-01 1.959e-01 2.116e-04 5.725e-05 5.202e-04 -1.000 1.173e-03 5.555 6.680 5.886 5.476 5.366 5.341 5.338
0.0013794 -1.05000 10.00860 0.7120823264 2.3835593361    0.712 -0.268  3.7644  4.568    1  0.000  0.541     0.00     0.00     0.00     0.00     0.00 -1 -4.16e-14      0.00 8.061e-01 1.928e-01 2.084e-04 5.653e-05 5.138e-04 -1.000 1.171e-03 5.441 6.518 5.756 5.366 5.264 5.244 5.243
0.0013794 -1.05000 10.00860 0.7224137187 2.3882042487    0.722 -0.224  3.7694  4.550    1  0.000  0.539     0.00     0.00     0.00     0.00     0.00 -1 -4.67e-14      0.00 8.092e-01 1.897e-01 2.051e-04 5.580e-05 5.075e-04 -1.000 1.140e-03 5.330 6.365 5.632 5.260 5.165 5.150 5.151
0.0013794 -1.05000 10.00860 0.7321737409 2.3924540891    0.732 -0.182  3.7738  4.531    1  0.000  0.537     0.00     0.00     0.00     0.00     0.00 -1 -5.23e-14      0.00 8.123e-01 1.866e-01 2.019e-04 5.508e-05 5.012e-04 -1.000 1.135e-03 5.224 6.222 5.513 5.158 5.070 5.060 5.063
0.0013794 -1.05000 10.00860 0.7414625287 2.3963794707    0.741 -0.140  3.7780  4.512    1  0.000  0.536     0.00     0.00     0.00     0.00     0.00 -1 -5.84e-14      0.00 8.155e-01 1.835e-01 1.989e-04 5.436e-05 4.949e-04 -1.000 1.081e-03 5.121 6.085 5.399 5.059 4.978 4.971 4.976
0.0013794 -1.05000 10.00860 0.7500000000 2.3998889087    0.750 -0.102  3.7816  4.493    1  0.000  0.534     0.00     0.00     0.00     0.00     0.00 -1 -6.49e-14      0.00 8.185e-01 1.805e-01 1.959e-04 5.367e-05 4.888e-04 -1.000 1.071e-03 5.024 5.961 5.293 4.966 4.890 4.888 4.894
0.0013794 -1.05000 10.00860 0.7507700324 2.4002009308    0.750 -0.098  3.7819  4.491    1  0.000  0.534     0.00     0.00     0.00     0.00     0.00 -1 -6.55e-14      0.00 8.188e-01 1.801e-01 1.956e-04 5.359e-05 4.881e-04 -1.000 1.071e-03 5.015 5.951 5.284 4.958 4.882 4.880 4.886
0.0013794 -1.05000 10.00860 0.7611913085 2.4043524030    0.761 -0.049  3.7856  4.463    1  0.000  0.534     0.00     0.00     0.00     0.00     0.00 -1 -7.52e-14      0.00 8.237e-01 1.752e-01 1.914e-04 5.248e-05 4.782e-04 -1.000 1.107e-03 4.893 5.805 5.152 4.840 4.770 4.771 4.779
0.0013794 -1.05000 10.00860 0.7710762620 2.4081712002    0.771 -0.001  3.7890  4.434    1  0.000  0.533     0.00     0.00     0.00     0.00     0.00 -1 -8.62e-14      0.00 8.283e-01 1.706e-01 1.875e-04 5.143e-05 4.688e-04 -1.000 1.067e-03 4.773 5.663 5.023 4.723 4.659 4.663 4.672
0.0013794 -1.05000 10.00860 0.7800019979 2.4115239675    0.779  0.044  3.7919  4.406    1  0.000  0.533     0.00     0.00     0.00     0.00     0.00 -1 -9.83e-14      0.00 8.325e-01 1.665e-01 1.840e-04 5.048e-05 4.603e-04 -1.000 1.051e-03 4.660 5.531 4.903 4.614 4.554 4.561 4.571
0.0013794 -1.05000 10.00860 0.7883756757 2.4145901225    0.788  0.088  3.7946  4.376    1  0.000  0.532     0.00     0.00     0.00     0.00     0.00 -1 -1.12e-13      0.00 8.363e-01 1.627e-01 1.807e-04 4.960e-05 4.524e-04 -1.000 1.036e-03 4.549 5.404 4.784 4.505 4.450 4.459 4.470
0.0013794 -1.05000 10.00860 0.7965508103 2.4175121700    0.796  0.134  3.7971  4.345    1  0.000  0.532     0.00     0.00     0.00     0.00     0.00 -1 -1.28e-13      0.00 8.399e-01 1.591e-01 1.775e-04 4.874e-05 4.448e-04 -1.000 1.027e-03 4.435 5.275 4.663 4.394 4.342 4.354 4.365
0.0013794 -1.05000 10.00860 0.8000000119 2.4187244405    0.799  0.154  3.7980  4.331    1  0.000  0.532     0.00     0.00     0.00     0.00     0.00 -1 -1.36e-13      0.00 8.414e-01 1.576e-01 1.762e-04 4.839e-05 4.416e-04 -1.000 1.012e-03 4.385 5.219 4.610 4.344 4.294 4.307 4.319
0.0013794 -1.05000 10.00860 0.8042939901 2.4202169234    0.803  0.179  3.7993  4.313    1  0.000  0.531     0.00     0.00     0.00     0.00     0.00 -1 -1.47e-13      0.00 8.425e-01 1.565e-01 1.753e-04 4.816e-05 4.396e-04 -1.000 9.998e-04 4.322 5.148 4.544 4.283 4.235 4.249 4.261
0.0013794 -1.05000 10.00860 0.8115066290 2.4226830307    0.811  0.223  3.8011  4.280    1  0.000  0.531     0.00     0.00     0.00     0.00     0.00 -1 -1.68e-13      0.00 8.441e-01 1.549e-01 1.740e-04 4.783e-05 4.367e-04 -1.000 9.905e-04 4.213 5.029 4.430 4.176 4.131 4.146 4.159
0.0013794 -1.05000 10.00860 0.8206689954 2.4257440061    0.820  0.281  3.8029  4.234    1  0.000  0.531     0.00     0.00     0.00     0.00     0.00 -1 -2.01e-13      0.00 8.451e-01 1.539e-01 1.735e-04 4.769e-05 4.357e-04 -1.000 1.013e-03 4.066 4.873 4.277 4.030 3.989 4.006 4.019
0.0013794 -1.05000 10.00860 0.8278477192 2.4280879201    0.827  0.331  3.8037  4.191    1  0.000  0.530     0.00     0.00     0.00     0.00     0.00 -1 -2.37e-13      0.00 8.446e-01 1.543e-01 1.741e-04 4.788e-05 4.374e-04 -1.000 1.025e-03 3.943 4.744 4.150 3.907 3.867 3.886 3.899
0.0013794 -1.05000 10.00860 0.8280675411 2.4281589567    0.827  0.332  3.8038  4.190    1  0.000  0.530     0.00     0.00     0.00     0.00     0.00 -1 -2.38e-13      0.00 8.446e-01 1.544e-01 1.741e-04 4.789e-05 4.375e-04 -1.000 1.025e-03 3.939 4.740 4.146 3.903 3.863 3.882 3.895
0.0013794 -1.05000 10.00860 0.8313103318 2.4292018636    0.830  0.357  3.8036  4.167    1  0.000  0.530     0.00     0.00     0.00     0.00     0.00 -1 -2.58e-13      0.00 8.443e-01 1.547e-01 1.746e-04 4.801e-05 4.387e-04 -1.000 1.025e-03 3.878 4.678 4.084 3.842 3.802 3.820 3.833
0.0013794 -1.05000 10.00860 0.8378970623 2.4312916575    0.836  0.410  3.8024  4.112    1  0.000  0.530     0.00     0.00     0.00     0.00     0.00 -1 -3.08e-13      0.00 8.435e-01 1.555e-01 1.755e-04 4.827e-05 4.410e-04 -1.000 1.015e-03 3.745 4.549 3.952 3.707 3.665 3.682 3.695
0.0013794 -1.05000 10.00860 0.8434488177 2.4330239602    0.842  0.460  3.7997  4.054    1  0.000  0.530     0.00     0.00     0.00     0.00     0.00 -1 -3.68e-13      0.00 8.428e-01 1.561e-01 1.764e-04 4.852e-05 4.433e-04 -1.000 1.024e-03 3.620 4.435 3.832 3.579 3.534 3.548 3.559
0.0013794 -1.05000 10.00860 0.8445180058 2.4333545703    0.843  0.470  3.7990  4.041    1  0.000  0.530     0.00     0.00     0.00     0.00     0.00 -1 -3.84e-13      0.00 8.427e-01 1.563e-01 1.765e-04 4.856e-05 4.437e-04 -1.000 1.025e-03 3.594 4.413 3.808 3.553 3.506 3.520 3.531
0.0013794 -1.05000 10.00860 0.8479793072 2.4344182872    0.846  0.508  3.7943  3.987    2  0.000  0.530     0.00     0.00     0.00     0.00     0.00 -1 -4.44e-13      0.00 8.414e-01 1.576e-01 1.783e-04 4.905e-05 4.482e-04 -1.000 1.038e-03 3.500 4.343 3.724 3.454 3.401 3.410 3.420
0.0013794 -1.05000 10.00860 0.8500000238 2.4350346840    0.848  0.531  3.7907  3.950    2  0.000  0.530     0.00     0.00     0.00     0.00     0.00 -1 -4.86e-13      0.00 8.394e-01 1.596e-01 1.809e-04 4.975e-05 4.546e-04 -1.000 1.054e-03 3.442 4.304 3.675 3.393 3.335 3.340 3.349
0.0013794 -1.05000 10.00860 0.8521829844 2.4356967955    0.850  0.558  3.7853  3.903    2  0.000  0.531     0.00     0.00     0.00     0.00     0.00 -1 -5.45e-13      0.00 8.343e-01 1.647e-01 1.875e-04 5.154e-05 4.708e-04 -1.000 1.085e-03 3.376 4.268 3.622 3.322 3.256 3.256 3.263
0.0013794 -1.05000 10.00860 0.8541990519 2.4363048313    0.852  0.583  3.7777  3.849    2  0.000  0.531     0.00     0.00     0.00     0.00     0.00 -1 -6.15e-13      0.00 8.226e-01 1.763e-01 1.997e-04 5.485e-05 5.006e-04 -1.000 1.135e-03 3.313 4.252 3.579 3.253 3.175 3.168 3.172
0.0013794 -1.05000 10.00860 0.8557510972 2.4367706765    0.854  0.602  3.7696  3.798    2  0.000  0.533     0.00     0.00     0.00     0.00     0.00 -1 -6.81e-13      0.00 8.023e-01 1.964e-01 2.162e-04 5.929e-05 5.404e-04 -1.000 1.217e-03 3.266 4.262 3.555 3.201 3.111 3.096 3.096
0.0013794 -1.05000 10.00860 0.8570307493 2.4371533040    0.855  0.618  3.7612  3.749    2  0.000  0.535     0.00     0.00     0.00     0.00     0.00 -1 -7.47e-13      0.00 7.849e-01 2.138e-01 2.295e-04 6.284e-05 5.720e-04 -1.000 1.301e-03 3.226 4.287 3.541 3.157 3.054 3.030 3.027
0.0013794 -1.05000 10.00860 0.8581883907 2.4374983190    0.856  0.637  3.7523  3.695    2  0.000  0.536     0.00     0.00     0.00     0.00     0.00 -1 -8.31e-13      0.00 7.740e-01 2.247e-01 2.378e-04 6.506e-05 5.918e-04 -1.000 1.342e-03 3.177 4.311 3.521 3.107 2.990 2.957 2.950
0.0013794 -1.05000 10.00860 0.8592333198 2.4378088240    0.857  0.666  3.7446  3.635    2  0.000  0.536     0.00     0.00     0.00     0.00     0.00 -1  -9.5e-13      0.00 7.674e-01 2.312e-01 2.428e-04 6.639e-05 6.036e-04 -1.000 1.367e-03 3.104 4.304 3.476 3.035 2.906 2.864 2.854
0.0013794 -1.05000 10.00860 0.8601940274 2.4380935371    0.858  0.707  3.7386  3.571    2  0.000  0.537     0.00     0.00     0.00     0.00     0.00 -1 -1.12e-12      0.00 7.632e-01 2.354e-01 2.460e-04 6.723e-05 6.111e-04 -1.000 1.414e-03 3.002 4.254 3.395 2.934 2.796 2.748 2.735
0.0013794 -1.05000 10.00860 0.8607279062 2.4382514402    0.859  0.735  3.7358  3.532    2  0.000  0.537     0.00     0.00     0.00     0.00     0.00 -1 -1.25e-12      0.00 7.612e-01 2.374e-01 2.474e-04 6.761e-05 6.145e-04 -1.000 1.406e-03 2.934 4.211 3.338 2.868 2.725 2.674 2.659
0.0013794 -1.05000 10.00860 0.8609617949 2.4383205455    0.859  0.749  3.7348  3.514    2  0.000  0.537     0.00     0.00     0.00     0.00     0.00 -1 -1.32e-12      0.00 7.603e-01 2.383e-01 2.478e-04 6.774e-05 6.156e-04 -1.000 1.409e-03 2.897 4.184 3.305 2.832 2.688 2.635 2.620
0.0013794 -1.05000 10.00860 0.8615811467 2.4385033325    0.859  0.790  3.7324  3.464    3  0.000  0.537     0.00     0.00     0.00     0.00     0.00 -1 -1.53e-12      0.00 7.582e-01 2.404e-01 2.490e-04 6.805e-05 6.184e-04 -1.000 1.406e-03 2.796 4.105 3.213 2.732 2.585 2.529 2.513
0.0013794 -1.05000 10.00860 0.8621805310 2.4386799389    0.860  0.832  3.7302  3.413    3  0.000  0.537     0.00     0.00     0.00     0.00     0.00 -1 -1.79e-12      0.00 7.562e-01 2.424e-01 2.499e-04 6.831e-05 6.207e-04 -1.000 1.392e-03 2.690 4.018 3.115 2.627 2.476 2.418 2.401
0.0013794 -1.05000 10.00860 0.8627594113 2.4388502361    0.861  0.877  3.7284  3.362    3  0.000  0.537     0.00     0.00     0.00     0.00     0.00 -1  -2.1e-12      0.00 7.542e-01 2.444e-01 2.506e-04 6.855e-05 6.226e-04 -1.000 1.431e-03 2.578 3.924 3.010 2.517 2.363 2.303 2.285
0.0013794 -1.05000 10.00860 0.8633593917 2.4390264634    0.861  0.927  3.7266  3.304    3  0.000  0.536     0.00     0.00     0.00     0.00     0.00 -1 -2.52e-12      0.00 7.520e-01 2.466e-01 2.509e-04 6.884e-05 6.243e-04 -1.000 1.405e-03 2.452 3.816 2.892 2.393 2.236 2.174 2.155
0.0013794 -1.05000 10.00860 0.8638607860 2.4391735179    0.862  0.972  3.7251  3.253    3  0.000  0.534     0.00     0.00     0.00     0.00     0.00 -1 -2.97e-12      0.00 7.501e-01 2.485e-01 2.505e-04 6.931e-05 6.256e-04 -1.000 1.399e-03 2.339 3.717 2.785 2.281 2.122 2.058 2.038
0.0013794 -1.05000 10.00860 0.8643689752 2.4393223652    0.862  1.022  3.7235  3.197    3  0.000  0.531     0.00     0.00     0.00     0.00     0.00 -1 -3.55e-12      0.00 7.480e-01 2.505e-01 2.492e-04 7.040e-05 6.266e-04 -1.000 1.410e-03 2.214 3.607 2.667 2.158 1.997 1.931 1.910
0.0013794 -1.05000 10.00860 0.8648279309 2.4394566192    0.862  1.071  3.7219  3.142    3  0.000  0.525     0.00     0.00     0.00     0.00     0.00 -1 -4.23e-12      0.00 7.462e-01 2.524e-01 2.470e-04 7.244e-05 6.275e-04 -1.000 1.423e-03 2.092 3.499 2.551 2.037 1.874 1.806 1.784
0.0013794 -1.05000 10.00860 0.8652710915 2.4395860974    0.863  1.122  3.7203  3.085    3  0.000  0.519     0.00     0.00     0.00     0.00     0.00 -1 -5.08e-12      0.00 7.445e-01 2.540e-01 2.442e-04 7.537e-05 6.282e-04 -1.000 1.449e-03 1.964 3.386 2.430 1.911 1.745 1.675 1.653
0.0013794 -1.05000 10.00860 0.8656477928 2.4396960383    0.863  1.170  3.7187  3.031    3  0.000  0.513     0.00     0.00     0.00     0.00     0.00 -1 -6.03e-12      0.00 7.432e-01 2.553e-01 2.416e-04 7.846e-05 6.287e-04 -1.000 1.428e-03 1.845 3.283 2.318 1.794 1.625 1.554 1.530
0.0013794 -1.05000 10.00860 0.8659937382 2.4397969062    0.863  1.218  3.7170  2.977    3  0.000  0.507     0.00     0.00     0.00     0.00     0.00 -1 -7.17e-12      0.00 7.421e-01 2.565e-01 2.389e-04 8.164e-05 6.291e-04 -1.000 1.441e-03 1.726 3.182 2.207 1.677 1.505 1.432 1.407
0.0013794 -1.05000 10.00860 0.8663104773 2.4398891771    0.863  1.265  3.7154  2.923    3  0.000  0.502     0.00     0.00     0.00     0.00     0.00 -1 -8.51e-12      0.00 7.411e-01 2.574e-01 2.367e-04 8.445e-05 6.295e-04 -1.000 1.455e-03 1.607 3.082 2.096 1.560 1.386 1.310 1.284
0.0013794 -1.05000 10.00860 0.8666081429 2.4399758209    0.864  1.314  3.7135  2.867    3  0.000  0.498     0.00     0.00     0.00     0.00     0.00 -1 -1.02e-11      0.00 7.404e-01 2.582e-01 2.350e-04 8.657e-05 6.297e-04 -1.000 1.413e-03 1.485 2.981 1.983 1.440 1.263 1.184 1.158
0.0013794 -1.05000 10.00860 0.8668591380 2.4400488268    0.864  1.359  3.7118  2.815    3  0.000  0.495     0.00     0.00     0.00     0.00     0.00 -1 -1.19e-11      0.00 7.400e-01 2.586e-01 2.339e-04 8.798e-05 6.299e-04 -1.000 1.395e-03 1.374 2.889 1.879 1.330 1.150 1.070 1.042
0.0013794 -1.05000 10.00860 0.8671008348 2.4401190823    0.864  1.405  3.7100  2.761    3  0.000  0.493     0.00     0.00     0.00     0.00     0.00 -1 -1.42e-11      0.00 7.395e-01 2.590e-01 2.330e-04 8.918e-05 6.300e-04 -1.000 1.436e-03 1.257 2.793 1.771 1.216 1.032 0.949 0.921
0.0013794 -1.05000 10.00860 0.8673253059 2.4401842903    0.864  1.453  3.7080  2.706    3  0.000  0.492     0.00     0.00     0.00     0.00     0.00 -1 -1.68e-11      0.00 7.393e-01 2.592e-01 2.325e-04 8.974e-05 6.300e-04 -1.000 1.415e-03 1.138 2.698 1.663 1.100 0.913 0.828 0.798
0.0013794 -1.05000 10.00860 0.8675267696 2.4402427816    0.864  1.499  3.7060  2.651    3  0.000  0.492     0.00     0.00     0.00     0.00     0.00 -1 -1.99e-11      0.00 7.392e-01 2.593e-01 2.323e-04 9.001e-05 6.301e-04 -1.000 1.447e-03 1.022 2.605 1.557 0.987 0.796 0.708 0.678
0.0013794 -1.05000 10.00860 0.8677119017 2.4402965039    0.864  1.546  3.7040  2.597    3  0.000  0.492     0.00     0.00     0.00     0.00     0.00 -1 -2.36e-11      0.00 7.392e-01 2.593e-01 2.323e-04 9.009e-05 6.301e-04 -1.000 1.447e-03 0.906 2.514 1.452 0.874 0.680 0.589 0.557
0.0013794 -1.05000 10.00860 0.8678712845 2.4403427330    0.864  1.589  3.7020  2.546    3  0.000  0.492     0.00     0.00     0.00     0.00     0.00 -1 -2.77e-11      0.00 7.392e-01 2.594e-01 2.322e-04 9.014e-05 6.301e-04 -1.000 1.447e-03 0.797 2.429 1.354 0.768 0.571 0.478 0.444
0.0013794 -1.05000 10.00860 0.8680267334 2.4403878023    0.864  1.635  3.6999  2.491    3  0.000  0.492     0.00     0.00     0.00     0.00     0.00 -1 -3.28e-11      0.00 7.392e-01 2.594e-01 2.322e-04 9.018e-05 6.301e-04 -1.000 1.447e-03 0.682 2.340 1.250 0.657 0.456 0.360 0.325
0.0013794 -1.05000 10.00860 0.8681644797 2.4404277236    0.864  1.679  3.6978  2.439    3  0.000  0.492     0.00     0.00     0.00     0.00     0.00 -1 -3.86e-11      0.00 7.392e-01 2.594e-01 2.322e-04 9.021e-05 6.301e-04 -1.000 1.447e-03 0.572 2.261 1.152 0.549 0.345 0.246 0.210
0.0013794 -1.05000 10.00860 0.8682942986 2.4404653340    0.864  1.724  3.6956  2.385    3  0.000  0.492     0.00     0.00     0.00     0.00     0.00 -1 -4.55e-11      0.00 7.392e-01 2.594e-01 2.322e-04 9.024e-05 6.301e-04 -1.000 1.447e-03 0.459 2.182 1.052 0.440 0.231 0.130 0.093
0.0013794 -1.05000 10.00860 0.8684136271 2.4404998938    0.864  1.769  3.6934  2.331    3  0.000  0.491     0.00     0.00     0.00     0.00     0.00 -1 -5.37e-11      0.00 7.392e-01 2.594e-01 2.321e-04 9.027e-05 6.301e-04 -1.000 1.447e-03 0.348 2.104 0.954 0.331 0.119 0.014 -0.024
0.0013794 -1.05000 10.00860 0.8685209751 2.4405309745    0.864  1.812  3.6912  2.279    3  0.000  0.491     0.00     0.00     0.00     0.00     0.00 -1 -6.29e-11      0.00 7.392e-01 2.594e-01 2.321e-04 9.030e-05 6.301e-04 -1.000 1.447e-03 0.241 2.030 0.860 0.227 0.011 -0.096 -0.136
0.0013794 -1.05000 10.00860 0.8686263561 2.4405614771    0.863  1.856  3.6889  2.226    3  0.000  0.491     0.00     0.00     0.00     0.00     0.00 -1  -7.4e-11      0.00 7.391e-01 2.594e-01 2.321e-04 9.032e-05 6.301e-04 -1.000 1.446e-03 0.131 1.957 0.765 0.122 -0.099 -0.209 -0.250
0.0013794 -1.05000 10.00860 0.8687261939 2.4405903673    0.863  1.895  3.6868  2.178    3  0.000  0.491     0.00     0.00     0.00     0.00     0.00 -1 -8.57e-11      0.00 7.391e-01 2.594e-01 2.321e-04 9.035e-05 6.301e-04 -1.000 1.446e-03 0.032 1.892 0.680 0.028 -0.197 -0.310 -0.352
0.0013794 -1.05000 10.00860 0.8688533902 2.4406271633    0.863  1.931  3.6850  2.135    3  0.000  0.491     0.00     0.00     0.00     0.00     0.00 -1 -9.83e-11      0.00 7.391e-01 2.594e-01 2.321e-04 9.038e-05 6.301e-04 -1.000 1.446e-03 -0.057 1.832 0.603 -0.058 -0.286 -0.402 -0.445
0.0013794 -1.05000 10.00860 0.8689262867 2.4406482456    0.863  1.909  3.6866  2.163    3  0.000  0.491     0.00     0.00     0.00     0.00     0.00 -1 -9.14e-11      0.00 7.391e-01 2.594e-01 2.321e-04 9.039e-05 6.301e-04 -1.000 1.446e-03 -0.003 1.861 0.646 -0.008 -0.233 -0.346 -0.388
0.0013794 -1.05000 10.00860 0.8689612150 2.4406583457    0.862  1.897  3.6874  2.179    3  0.000  0.491     0.00     0.00     0.00     0.00     0.00 -1 -8.73e-11      0.00 7.391e-01 2.594e-01 2.320e-04 9.040e-05 6.301e-04 -1.000 1.446e-03 0.028 1.878 0.671 0.021 -0.202 -0.314 -0.356
0.0013794 -1.05000 10.00860 0.8690263629 2.4406771818    0.862  1.934  3.6854  2.134    3  0.000  0.491     0.00     0.00     0.00     0.00     0.00 -1 -9.89e-11      0.00 7.391e-01 2.594e-01 2.320e-04 9.042e-05 6.301e-04 -1.000 1.446e-03 -0.064 1.819 0.593 -0.066 -0.293 -0.408 -0.451
0.0013794 -1.05000 10.00860 0.8690981865 2.4406979444    0.862  1.975  3.6831  2.083    3  0.000  0.491     0.00     0.00     0.00     0.00     0.00 -1 -1.15e-10      0.00 7.391e-01 2.594e-01 2.320e-04 9.044e-05 6.302e-04 -1.000 1.446e-03 -0.167 1.754 0.505 -0.164 -0.396 -0.514 -0.558
0.0013794 -1.05000 10.00860 0.8691675663 2.4407179967    0.862  2.017  3.6807  2.031    3  0.000  0.491     0.00     0.00     0.00     0.00     0.00 -1 -1.34e-10      0.00 7.391e-01 2.594e-01 2.320e-04 9.045e-05 6.302e-04 -1.000 1.446e-03 -0.273 1.688 0.416 -0.264 -0.500 -0.622 -0.668
0.0013794 -1.05000 10.00860 0.8692310452 2.4407363403    0.861  2.058  3.6783  1.980    3  0.000  0.491     0.00     0.00     0.00     0.00     0.00 -1 -1.57e-10      0.00 7.391e-01 2.594e-01 2.320e-04 9.047e-05 6.302e-04 -1.000 1.446e-03 -0.375 1.631 0.331 -0.363 -0.603 -0.728 -0.775
0.0013794 -1.05000 10.00860 0.8692910671 2.4407536821    0.861  2.100  3.6758  1.928    3  0.000  0.491     0.00     0.00     0.00     0.00     0.00 -1 -1.83e-10      0.00 7.391e-01 2.595e-01 2.320e-04 9.048e-05 6.302e-04 -1.000 1.446e-03 -0.479 1.585 0.247 -0.465 -0.709 -0.836 -0.885
0.0013794 -1.05000 10.00860 0.8693452477 2.4407693338    0.861  2.140  3.6733  1.878    3  0.000  0.491     0.00     0.00     0.00     0.00     0.00 -1 -2.13e-10      0.00 7.391e-01 2.595e-01 2.320e-04 9.049e-05 6.302e-04 -1.000 1.446e-03 -0.580 1.543 0.166 -0.564 -0.811 -0.941 -0.992
0.0013794 -1.05000 10.00860 0.8693955541 2.4407838643    0.860  2.181  3.6708  1.827    3  0.000  0.491     0.00     0.00     0.00     0.00     0.00 -1 -2.48e-10      0.00 7.391e-01 2.595e-01 2.320e-04 9.051e-05 6.302e-04 -1.000 1.446e-03 -0.682 1.503 0.085 -0.662 -0.913 -1.047 -1.099
0.0013794 -1.05000 10.00860 0.8694416881 2.4407971880    0.860  2.221  3.6682  1.777    3  0.000  0.491     0.00     0.00     0.00     0.00     0.00 -1 -2.89e-10      0.00 7.391e-01 2.595e-01 2.320e-04 9.052e-05 6.302e-04 -1.000 1.446e-03 -0.782 1.467 0.008 -0.759 -1.014 -1.150 -1.205
0.0013794 -1.05000 10.00860 0.8694844842 2.4408095462    0.859  2.261  3.6657  1.726    3  0.000  0.491     0.00     0.00     0.00     0.00     0.00 -1 -3.35e-10      0.00 7.391e-01 2.595e-01 2.320e-04 9.053e-05 6.302e-04 -1.000 1.446e-03 -0.882 1.436 -0.068 -0.854 -1.113 -1.253 -1.309
0.0013794 -1.05000 10.00860 0.8695232868 2.4408207501    0.859  2.299  3.6632  1.677    3  0.000  0.491     0.00     0.00     0.00     0.00     0.00 -1 -3.88e-10      0.00 7.391e-01 2.595e-01 2.320e-04 9.054e-05 6.302e-04 -1.000 1.446e-03 -0.979 1.408 -0.141 -0.947 -1.210 -1.353 -1.411
0.0013794 -1.05000 10.00860 0.8695599437 2.4408313333    0.858  2.339  3.6606  1.627    3  0.000  0.491     0.00     0.00     0.00     0.00     0.00 -1  -4.5e-10      0.00 7.391e-01 2.595e-01 2.319e-04 9.055e-05 6.302e-04 -1.000 1.446e-03 -1.077 1.382 -0.213 -1.040 -1.307 -1.453 -1.514
0.0013794 -1.05000 10.00860 0.8695933819 2.4408409863    0.858  2.377  3.6579  1.578    3  0.000  0.491     0.00     0.00     0.00     0.00     0.00 -1  -5.2e-10      0.00 7.391e-01 2.595e-01 2.319e-04 9.055e-05 6.302e-04 -1.000 1.446e-03 -1.173 1.360 -0.282 -1.130 -1.401 -1.551 -1.614
0.0013794 -1.05000 10.00860 0.8696243763 2.4408499331    0.857  2.416  3.6554  1.529    3  0.000  0.491     0.00     0.00     0.00     0.00     0.00 -1 -6.02e-10      0.00 7.391e-01 2.595e-01 2.319e-04 9.056e-05 6.302e-04 -1.000 1.446e-03 -1.269 1.342 -0.350 -1.219 -1.495 -1.648 -1.713
0.0013794 -1.05000 10.00860 0.8696527481 2.4408581223    0.856  2.453  3.6528  1.481    3  0.000  0.491     0.00     0.00     0.00     0.00     0.00 -1 -6.93e-10      0.00 7.391e-01 2.595e-01 2.319e-04 9.057e-05 6.302e-04 -1.000 1.445e-03 -1.362 1.324 -0.415 -1.304 -1.585 -1.742 -1.809
0.0013794 -1.05000 10.00860 0.8696852922 2.4408675149    0.855  2.499  3.6495  1.421    3  0.000  0.491     0.00     0.00     0.00     0.00     0.00 -1 -8.26e-10      0.00 7.391e-01 2.595e-01 2.319e-04 9.058e-05 6.302e-04 -1.000 1.445e-03 -1.478 1.301 -0.494 -1.406 -1.696 -1.858 -1.928
0.0013794 -1.05000 10.00860 0.8697096705 2.4408745503    0.854  2.536  3.6469  1.373    3  0.000  0.491     8.96     6.83     4.81     3.72     3.01  3 -9.52e-10      0.00 7.391e-01 2.595e-01 2.319e-04 9.058e-05 6.302e-04 -1.000 1.445e-03 -1.571 1.285 -0.556 -1.488 -1.784 -1.951 -2.022
0.0013794 -1.05000 10.00860 0.8697365522 2.4408823076    0.853  2.580  3.6437  1.316    3  0.000  0.491    10.11     7.57     5.31     4.11     3.33  3 -1.13e-09      0.00 7.391e-01 2.595e-01 2.319e-04 9.059e-05 6.302e-04 -1.000 1.445e-03 -1.681 1.268 -0.627 -1.583 -1.887 -2.060 -2.134
0.0013794 -1.05000 10.00860 0.8697618246 2.4408895999    0.852  2.625  3.6405  1.257    3  0.000  0.491    11.43     8.41     5.87     4.55     3.69  3 -1.34e-09      0.00 7.391e-01 2.595e-01 2.319e-04 9.060e-05 6.302e-04 -1.000 1.445e-03 -1.792 1.251 -0.700 -1.680 -1.993 -2.171 -2.248
0.0013794 -1.05000 10.00860 0.8697810769 2.4408951549    0.851  2.661  3.6378  1.210    3  0.000  0.491    12.63     9.17     6.37     4.95     4.01  3 -1.54e-09      0.00 7.391e-01 2.595e-01 2.319e-04 9.060e-05 6.302e-04 -1.000 1.445e-03 -1.883 1.239 -0.757 -1.758 -2.078 -2.261 -2.340
0.0013794 -1.05000 10.00860 0.8698020577 2.4409012083    0.850  2.704  3.6347  1.154    3  0.000  0.491    14.19    10.13     7.01     5.45     4.42  3  -1.8e-09      0.00 7.391e-01 2.595e-01 2.319e-04 9.060e-05 6.302e-04 -1.000 1.445e-03 -1.989 1.228 -0.822 -1.847 -2.177 -2.365 -2.447
0.0013794 -1.05000 10.00860 0.8698220253 2.4409069690    0.848  2.747  3.6314  1.097    3  0.000  0.491    16.00    11.23     7.73     6.03     4.89  2 -2.13e-09      0.00 7.391e-01 2.595e-01 2.319e-04 9.061e-05 6.302e-04 -1.000 1.445e-03 -2.098 1.218 -0.888 -1.939 -2.277 -2.472 -2.556
0.0013794 -1.05000 10.00860 0.8698409200 2.4409124199    0.846  2.791  3.6281  1.039    3  0.000  0.491    18.08    12.47     8.55     6.67     5.41  2 -2.53e-09      0.00 7.391e-01 2.595e-01 2.319e-04 9.061e-05 6.302e-04 -1.000 1.445e-03 -2.208 1.210 -0.953 -2.030 -2.378 -2.579 -2.666
0.0013794 -1.05000 10.00860 0.8698570728 2.4409170796    0.844  2.831  3.6249  0.985    3  0.000  0.491    20.24    13.74     9.37     7.33     5.94  2 -2.95e-09      0.00 7.391e-01 2.595e-01 2.319e-04 9.062e-05 6.302e-04 -1.000 1.445e-03 -2.308 1.207 -1.008 -2.112 -2.470 -2.677 -2.766
0.0013794 -1.05000 10.00860 0.8698725700 2.4409215500    0.842  2.873  3.6218  0.930    3  0.000  0.491    22.72    15.16    10.30     8.06     6.54  2 -3.46e-09      0.00 7.391e-01 2.595e-01 2.319e-04 9.062e-05 6.302e-04 -1.000 1.445e-03 -2.411 1.209 -1.061 -2.195 -2.564 -2.777 -2.869
0.0013794 -1.05000 10.00860 0.8698872328 2.4409257795    0.840  2.914  3.6185  0.874    3  0.000  0.491    25.56    16.77    11.34     8.89     7.22  2 -4.07e-09      0.00 7.391e-01 2.595e-01 2.319e-04 9.063e-05 6.302e-04 -1.000 1.445e-03 -2.516 1.212 -1.113 -2.278 -2.658 -2.879 -2.973
0.0013794 -1.05000 10.00860 0.8699004650 2.4409295962    0.838  2.955  3.6153  0.820    3  0.000  0.491    28.63    18.48    12.44     9.77     7.93  2 -4.76e-09      0.00 7.391e-01 2.595e-01 2.319e-04 9.063e-05 6.302e-04 -1.000 1.445e-03 -2.617 1.214 -1.161 -2.357 -2.749 -2.976 -3.073
0.0013794 -1.05000 10.00860 0.8699126244 2.4409331033    0.835  2.994  3.6122  0.766    3  0.000  0.491    32.02    20.34    13.63    10.72     8.70  2 -5.56e-09      0.00 7.391e-01 2.595e-01 2.319e-04 9.063e-05 6.302e-04 -1.000 1.445e-03 -2.716 1.218 -1.208 -2.434 -2.837 -3.071 -3.171
0.0013794 -1.05000 10.00860 0.8699241281 2.4409364212    0.833  3.034  3.6091  0.713    3  0.000  0.491    35.81    22.38    14.94    11.77     9.55  1 -6.48e-09      0.00 7.391e-01 2.595e-01 2.319e-04 9.063e-05 6.302e-04 -1.000 1.445e-03 -2.814 1.220 -1.254 -2.510 -2.925 -3.166 -3.269
0.0013794 -1.05000 10.00860 0.8699352145 2.4409396187    0.829  3.074  3.6059  0.658    3  0.000  0.491    40.17    24.69    16.40    12.94    10.51  1 -7.59e-09      0.00 7.391e-01 2.595e-01 2.319e-04 9.064e-05 6.302e-04 -1.000 1.445e-03 -2.915 1.219 -1.297 -2.586 -3.014 -3.263 -3.368
0.0013794 -1.05000 10.00860 0.8699447513 2.4409423692    0.826  3.111  3.6029  0.607    3  0.000  0.491    44.68    27.04    17.88    14.13    11.48  1 -8.78e-09      0.00 7.391e-01 2.595e-01 2.319e-04 9.064e-05 6.302e-04 -1.000 1.445e-03 -3.008 1.220 -1.336 -2.655 -3.096 -3.351 -3.459
0.0013794 -1.05000 10.00860 0.8699541688 2.4409450852    0.823  3.150  3.5998  0.555    3  0.000  0.491    49.90    29.71    19.57    15.49    12.58  1 -1.02e-08      0.00 7.391e-01 2.595e-01 2.319e-04 9.064e-05 6.302e-04 -1.000 1.445e-03 -3.104 1.217 -1.376 -2.726 -3.180 -3.442 -3.553
0.0013794 -1.05000 10.00860 0.8699630499 2.4409476464    0.819  3.188  3.5967  0.502    3  0.000  0.491    55.73    32.64    21.40    16.97    13.79  1 -1.19e-08      0.00 7.391e-01 2.595e-01 2.319e-04 9.064e-05 6.302e-04 -1.000 1.445e-03 -3.200 1.209 -1.411 -2.795 -3.263 -3.532 -3.646
0.0013794 -1.05000 10.00860 0.8699711561 2.4409499841    0.814  3.225  3.5937  0.451    3  0.000  0.491    62.07    35.77    23.36    18.54    15.07  1 -1.38e-08      0.00 7.391e-01 2.595e-01 2.319e-04 9.065e-05 6.302e-04 -1.000 1.445e-03 -3.292 1.203 -1.438 -2.858 -3.342 -3.620 -3.736
0.0013794 -1.05000 10.00860 0.8699786067 2.4409521327    0.810  3.260  3.5907  0.401    3  0.000  0.491    68.89    39.08    25.42    20.21    16.43  1 -1.59e-08      0.00 7.391e-01 2.595e-01 2.319e-04 9.065e-05 6.302e-04 -1.000 1.445e-03 -3.381 1.198 -1.464 -2.919 -3.418 -3.704 -3.823
0.0013794 -1.05000 10.00860 0.8699856400 2.4409541610    0.805  3.295  3.5878  0.352    3  0.000  0.491    76.24    42.60    27.59    21.97    17.86  1 -1.82e-08      0.00 7.391e-01 2.595e-01 2.319e-04 9.065e-05 6.302e-04 -1.000 1.445e-03 -3.467 1.188 -1.485 -2.975 -3.491 -3.785 -3.906
0.0013794 -1.05000 10.00860 0.8699924946 2.4409561376    0.799  3.328  3.5850  0.305    3  0.000  0.491    84.19    46.33    29.89    23.84    19.38  1 -2.09e-08      0.00 7.391e-01 2.595e-01 2.319e-04 9.065e-05 6.302e-04 -1.000 1.445e-03 -3.550 1.175 -1.504 -3.029 -3.562 -3.863 -3.987
0.0013794 -1.05000 10.00860 0.8699939847 2.4409565673    0.798  3.335  3.5844  0.295    3  0.000  0.491    85.94    47.14    30.39    24.24    19.71  1 -2.16e-08      0.00 7.391e-01 2.595e-01 2.319e-04 9.065e-05 6.302e-04 -1.000 1.445e-03 -3.567 1.172 -1.508 -3.039 -3.576 -3.879 -4.003
0.0013794 -1.05000 10.00860 0.8699939847 2.4409565673    0.798  1.750  3.7309  2.466    4  0.000  0.514     0.00     0.00     0.00     0.00     0.00 -1    -1e-30      0.00 7.393e-01 2.593e-01 2.433e-04 7.942e-05 6.329e-04 -1.000 1.418e-03 0.396 1.697 0.808 0.337 0.188 0.129 0.111
0.0013794 -1.05000 10.00860 0.8700606823 2.4409757989    0.798  1.766  3.7297  2.445    4  0.000  0.514     0.00     0.00     0.00     0.00     0.00 -1    -1e-30      0.00 7.393e-01 2.593e-01 2.433e-04 7.942e-05 6.329e-04 -1.000 1.418e-03 0.356 1.669 0.773 0.297 0.147 0.086 0.068
0.0013794 -1.05000 10.00860 0.8701252341 2.4409944085    0.798  1.769  3.7296  2.442    4  0.000  0.514     0.00     0.00     0.00     0.00     0.00 -1    -1e-30      0.00 7.393e-01 2.593e-01 2.433e-04 7.942e-05 6.329e-04 -1.000 1.418e-03 0.348 1.663 0.766 0.289 0.139 0.078 0.059
0.0013794 -1.05000 10.00860 0.8701909781 2.4410133585    0.798  1.771  3.7296  2.440    4  0.000  0.514     0.00     0.00     0.00     0.00     0.00 -1    -1e-30      0.00 7.393e-01 2.593e-01 2.433e-04 7.942e-05 6.329e-04 -1.000 1.418e-03 0.343 1.658 0.761 0.285 0.134 0.074 0.055
0.0013794 -1.05000 10.00860 0.8702570796 2.4410324083    0.798  1.771  3.7299  2.441    4  0.000  0.514     0.00     0.00     0.00     0.00     0.00 -1    -1e-30      0.00 7.393e-01 2.593e-01 2.433e-04 7.942e-05 6.329e-04 -1.000 1.418e-03 0.342 1.653 0.758 0.282 0.133 0.072 0.054
0.0013794 -1.05000 10.00860 0.8703236580 2.4410515921    0.798  1.771  3.7304  2.443    4  0.000  0.514     0.00     0.00     0.00     0.00     0.00 -1    -1e-30      0.00 7.393e-01 2.593e-01 2.433e-04 7.942e-05 6.329e-04 -1.000 1.418e-03 0.342 1.649 0.756 0.282 0.134 0.074 0.055
0.0013794 -1.05000 10.00860 0.8703913689 2.4410710988    0.799  1.771  3.7310  2.446    4  0.000  0.514     0.00     0.00     0.00     0.00     0.00 -1    -1e-30      0.00 7.393e-01 2.593e-01 2.432e-04 7.942e-05 6.329e-04 -1.000 1.418e-03 0.344 1.645 0.755 0.284 0.136 0.077 0.059
0.0013794 -1.05000 10.00860 0.8704577684 2.4410902243    0.799  1.770  3.7316  2.449    4  0.000  0.514     0.00     0.00     0.00     0.00     0.00 -1    -1e-30      0.00 7.393e-01 2.593e-01 2.432e-04 7.943e-05 6.329e-04 -1.000 1.418e-03 0.346 1.641 0.755 0.286 0.139 0.081 0.063
0.0013794 -1.05000 10.00860 0.8705260158 2.4411098786    0.799  1.768  3.7323  2.453    4  0.000  0.514     0.00     0.00     0.00     0.00     0.00 -1    -1e-30      0.00 7.393e-01 2.593e-01 2.432e-04 7.943e-05 6.329e-04 -1.000 1.418e-03 0.349 1.637 0.755 0.289 0.143 0.085 0.068
0.0013794 -1.05000 10.00860 0.8705903292 2.4411283967    0.799  1.767  3.7329  2.457    4  0.000  0.514     0.00     0.00     0.00     0.00     0.00 -1    -1e-30      0.00 7.393e-01 2.593e-01 2.432e-04 7.943e-05 6.329e-04 -1.000 1.418e-03 0.352 1.633 0.755 0.291 0.146 0.089 0.072
0.0013794 -1.05000 10.00860 0.8706601858 2.4411485073    0.799  1.766  3.7336  2.460    4  0.000  0.514     0.00     0.00     0.00     0.00     0.00 -1    -1e-30      0.00 7.393e-01 2.593e-01 2.432e-04 7.943e-05 6.329e-04 -1.000 1.418e-03 0.354 1.629 0.755 0.293 0.150 0.093 0.076
0.0013794 -1.05000 10.00860 0.8707218170 2.4411662468    0.799  1.766  3.7341  2.463    4  0.000  0.514     0.00     0.00     0.00     0.00     0.00 -1    -1e-30      0.00 7.393e-01 2.593e-01 2.432e-04 7.943e-05 6.329e-04 -1.000 1.418e-03 0.356 1.625 0.754 0.295 0.152 0.096 0.080
0.0013794 -1.05000 10.00860 0.8707898855 2.4411858359    0.799  1.765  3.7347  2.466    4  0.000  0.514     0.00     0.00     0.00     0.00     0.00 -1    -1e-30      0.00 7.393e-01 2.593e-01 2.432e-04 7.943e-05 6.329e-04 -1.000 1.418e-03 0.358 1.621 0.753 0.296 0.155 0.099 0.083
0.0013794 -1.05000 10.00860 0.8708559275 2.4412048384    0.799  1.764  3.7352  2.469    4  0.000  0.514     0.00     0.00     0.00     0.00     0.00 -1    -1e-30      0.00 7.393e-01 2.593e-01 2.432e-04 7.943e-05 6.329e-04 -1.000 1.418e-03 0.359 1.617 0.753 0.298 0.157 0.102 0.086
0.0013794 -1.05000 10.00860 0.8709214926 2.4412237005    0.799  1.764  3.7356  2.471    4  0.000  0.514     0.00     0.00     0.00     0.00     0.00 -1    -1e-30      0.00 7.393e-01 2.593e-01 2.432e-04 7.943e-05 6.329e-04 -1.000 1.418e-03 0.360 1.614 0.752 0.298 0.158 0.104 0.088
0.0013794 -1.05000 10.00860 0.8709364533 2.4412280040    0.799  1.764  3.7357  2.472    4  0.000  0.514     0.00     0.00     0.00     0.00     0.00 -1    -1e-30      0.00 7.393e-01 2.593e-01 2.432e-04 7.943e-05 6.329e-04 -1.000 1.418e-03 0.360 1.613 0.752 0.298 0.158 0.104 0.088
0.0013794 -1.05000 10.00860 0.8709993958 2.4412461077    0.799  1.764  3.7360  2.473    4  0.000  0.514     0.00     0.00     0.00     0.00     0.00 -1    -1e-30      0.00 7.393e-01 2.593e-01 2.432e-04 7.943e-05 6.329e-04 -1.000 1.418e-03 0.361 1.610 0.750 0.298 0.159 0.105 0.090
0.0013794 -1.05000 10.00860 0.8710682988 2.4412659224    0.799  1.764  3.7363  2.474    4  0.000  0.514     0.00     0.00     0.00     0.00     0.00 -1    -1e-30      0.00 7.393e-01 2.593e-01 2.432e-04 7.943e-05 6.329e-04 -1.000 1.418e-03 0.360 1.607 0.749 0.298 0.159 0.106 0.090
0.0013794 -1.05000 10.00860 0.8711305261 2.4412838142    0.799  1.764  3.7365  2.474    4  0.000  0.514     0.00     0.00     0.00     0.00     0.00 -1    -1e-30      0.00 7.393e-01 2.593e-01 2.432e-04 7.943e-05 6.329e-04 -1.000 1.418e-03 0.359 1.604 0.747 0.297 0.158 0.105 0.090
0.0013794 -1.05000 10.00860 0.8711960316 2.4413026455    0.799  1.765  3.7366  2.474    4  0.000  0.514     0.00     0.00     0.00     0.00     0.00 -1    -1e-30      0.00 7.393e-01 2.593e-01 2.432e-04 7.943e-05 6.329e-04 -1.000 1.418e-03 0.358 1.602 0.745 0.295 0.157 0.104 0.088
0.0013794 -1.05000 10.00860 0.8712618351 2.4413215591    0.800  1.766  3.7366  2.473    4  0.000  0.514     0.00     0.00     0.00     0.00     0.00 -1    -1e-30      0.00 7.393e-01 2.593e-01 2.432e-04 7.943e-05 6.329e-04 -1.000 1.418e-03 0.356 1.599 0.743 0.293 0.155 0.101 0.086
0.0013794 -1.05000 10.00860 0.8713288903 2.4413408291    0.800  1.767  3.7365  2.472    4  0.000  0.514     0.00     0.00     0.00     0.00     0.00 -1    -1e-30      0.00 7.393e-01 2.593e-01 2.432e-04 7.943e-05 6.329e-04 -1.000 1.418e-03 0.352 1.597 0.740 0.290 0.151 0.098 0.082
0.0013794 -1.05000 10.00860 0.8713967204 2.4413603183    0.800  1.769  3.7363  2.469    4  0.000  0.514     0.00     0.00     0.00     0.00     0.00 -1    -1e-30      0.00 7.393e-01 2.593e-01 2.432e-04 7.943e-05 6.329e-04 -1.000 1.418e-03 0.348 1.595 0.736 0.285 0.146 0.093 0.077
0.0013794 -1.05000 10.00860 0.8714085221 2.4413637089    0.800  1.769  3.7362  2.469    4  0.000  0.514     0.00     0.00     0.00     0.00     0.00 -1    -1e-30      0.00 7.393e-01 2.593e-01 2.432e-04 7.943e-05 6.329e-04 -1.000 1.418e-03 0.347 1.595 0.736 0.284 0.145 0.092 0.076
0.0013794 -1.05000 10.00860 0.8714229465 2.4413678527    0.800  1.770  3.7361  2.468    4  0.000  0.514     0.00     0.00     0.00     0.00     0.00 -1    -1e-30      0.00 7.393e-01 2.593e-01 2.432e-04 7.943e-05 6.329e-04 -1.000 1.418e-03 0.346 1.594 0.735 0.283 0.144 0.090 0.075
0.0013794 -1.05000 10.00860 0.8714827895 2.4413850430    0.800  1.772  3.7358  2.464    4  0.000  0.514     0.00     0.00     0.00     0.00     0.00 -1    -1e-30      0.00 7.393e-01 2.593e-01 2.432e-04 7.943e-05 6.329e-04 -1.000 1.418e-03 0.340 1.592 0.731 0.278 0.138 0.084 0.068
0.0013794 -1.05000 10.00860 0.8715412617 2.4414018369    0.800  1.774  3.7355  2.461    4  0.000  0.514     0.00     0.00     0.00     0.00     0.00 -1    -1e-30      0.00 7.393e-01 2.593e-01 2.432e-04 7.943e-05 6.329e-04 -1.000 1.418e-03 0.334 1.590 0.726 0.272 0.132 0.077 0.061
0.0013794 -1.05000 10.00860 0.8716014028 2.4414191073    0.800  1.777  3.7350  2.456    4  0.000  0.514     0.00     0.00     0.00     0.00     0.00 -1    -1e-30      0.00 7.393e-01 2.593e-01 2.432e-04 7.943e-05 6.329e-04 -1.000 1.418e-03 0.327 1.588 0.721 0.265 0.124 0.070 0.053
0.0013794 -1.05000 10.00860 0.8716594577 2.4414357761    0.800  1.780  3.7345  2.451    4  0.000  0.514     0.00     0.00     0.00     0.00     0.00 -1    -1e-30      0.00 7.393e-01 2.593e-01 2.432e-04 7.943e-05 6.329e-04 -1.000 1.418e-03 0.320 1.585 0.716 0.258 0.117 0.061 0.045
0.0013794 -1.05000 10.00860 0.8717191815 2.4414529214    0.800  1.784  3.7337  2.444    4  0.000  0.514     0.00     0.00     0.00     0.00     0.00 -1    -1e-30      0.00 7.393e-01 2.593e-01 2.432e-04 7.943e-05 6.329e-04 -1.000 1.418e-03 0.309 1.583 0.708 0.248 0.104 0.048 0.031
0.0013794 -1.05000 10.00860 0.8717769980 2.4414695166    0.800  1.789  3.7329  2.436    4  0.000  0.514     0.00     0.00     0.00     0.00     0.00 -1    -1e-30      0.00 7.393e-01 2.593e-01 2.432e-04 7.943e-05 6.329e-04 -1.000 1.418e-03 0.297 1.579 0.700 0.236 0.091 0.034 0.017
0.0013794 -1.05000 10.00860 0.8718351722 2.4414862119    0.800  1.794  3.7321  2.427    4  0.000  0.514     0.00     0.00     0.00     0.00     0.00 -1    -1e-30      0.00 7.393e-01 2.593e-01 2.432e-04 7.943e-05 6.329e-04 -1.000 1.418e-03 0.285 1.576 0.691 0.224 0.078 0.020 0.002
0.0013794 -1.05000 10.00860 0.8718933463 2.4415029046    0.800  1.798  3.7314  2.420    4  0.000  0.514     0.00     0.00     0.00     0.00     0.00 -1    -1e-30      0.00 7.393e-01 2.593e-01 2.432e-04 7.943e-05 6.329e-04 -1.000 1.418e-03 0.274 1.572 0.683 0.214 0.066 0.008 -0.010
0.0013794 -1.05000 10.00860 0.8719514608 2.4415195777    0.800  1.806  3.7302  2.408    4  0.000  0.514     0.00     0.00     0.00     0.00     0.00 -1    -1e-30      0.00 7.393e-01 2.593e-01 2.432e-04 7.944e-05 6.329e-04 -1.000 1.418e-03 0.256 1.565 0.670 0.195 0.046 -0.014 -0.032
0.0013794 -1.05000 10.00860 0.8720090985 2.4415361114    0.800  1.816  3.7287  2.392    4  0.000  0.514     0.00     0.00     0.00     0.00     0.00 -1    -1e-30      0.00 7.393e-01 2.593e-01 2.432e-04 7.944e-05 6.329e-04 -1.000 1.418e-03 0.229 1.557 0.650 0.170 0.018 -0.044 -0.063
0.0013794 -1.05000 10.00860 0.8720686436 2.4415531897    0.800  1.831  3.7265  2.368    4  0.000  0.514     0.00     0.00     0.00     0.00     0.00 -1    -1e-30      0.00 7.393e-01 2.593e-01 2.432e-04 7.944e-05 6.329e-04 -1.000 1.418e-03 0.192 1.544 0.623 0.134 -0.021 -0.086 -0.106
0.0013794 -1.05000 10.00860 0.8721270561 2.4415699405    0.800  1.858  3.7229  2.327    4  0.000  0.514     0.00     0.00     0.00     0.00     0.00 -1    -1e-30      0.00 7.393e-01 2.593e-01 2.432e-04 7.944e-05 6.329e-04 -1.000 1.418e-03 0.125 1.518 0.573 0.069 -0.092 -0.160 -0.182
0.0013794 -1.05000 10.00860 0.8721674681 2.4415815278    0.801  1.892  3.7185  2.275    4  0.000  0.514     0.00     0.00     0.00     0.00     0.00 -1    -1e-30      0.00 7.393e-01 2.593e-01 2.432e-04 7.944e-05 6.329e-04 -1.000 1.418e-03 0.039 1.484 0.507 -0.014 -0.182 -0.255 -0.280
0.0013794 -1.05000 10.00860 0.8721867204 2.4415870476    0.801  1.928  3.7142  2.223    4  0.000  0.514     0.00     0.00     0.00     0.00     0.00 -1    -1e-30      0.00 7.393e-01 2.593e-01 2.432e-04 7.944e-05 6.329e-04 -1.000 1.418e-03 -0.049 1.449 0.441 -0.098 -0.274 -0.352 -0.379
0.0013794 -1.05000 10.00860 0.8721953034 2.4415895083    0.801  1.963  3.7101  2.171    4  0.000  0.514     0.00     0.00     0.00     0.00     0.00 -1    -1e-30      0.00 7.393e-01 2.593e-01 2.432e-04 7.944e-05 6.329e-04 -1.000 1.418e-03 -0.137 1.414 0.374 -0.182 -0.365 -0.449 -0.477
0.0013794 -1.05000 10.00860 0.8721994162 2.4415906874    0.801  1.998  3.7062  2.121    4  0.000  0.514     0.00     0.00     0.00     0.00     0.00 -1    -1e-30      0.00 7.393e-01 2.593e-01 2.432e-04 7.944e-05 6.329e-04 -1.000 1.418e-03 -0.224 1.379 0.308 -0.264 -0.454 -0.542 -0.573
0.0013794 -1.05000 10.00860 0.8722016215 2.4415913197    0.801  2.032  3.7026  2.072    4  0.000  0.514     0.00     0.00     0.00     0.00     0.00 -1    -1e-30      0.00 7.393e-01 2.593e-01 2.432e-04 7.944e-05 6.329e-04 -1.000 1.418e-03 -0.310 1.342 0.243 -0.346 -0.542 -0.635 -0.668
0.0013794 -1.05000 10.00860 0.8722029328 2.4415916956    0.801  2.061  3.6996  2.031    4  0.000  0.514     0.00     0.00     0.00     0.00     0.00 -1    -1e-30      0.00 7.393e-01 2.593e-01 2.432e-04 7.944e-05 6.329e-04 -1.000 1.418e-03 -0.383 1.310 0.186 -0.415 -0.617 -0.713 -0.747
0.0013794 -1.05000 10.00860 0.8722030520 2.4415917298    0.801  2.064  3.6993  2.026    7  0.000  0.514     0.00     0.00     0.00     0.00     0.00 -1  -9.1e-10      0.00 7.393e-01 2.576e-01 2.432e-04 7.944e-05 6.329e-04 -1.000 3.062e-03 -0.391 1.306 0.180 -0.422 -0.624 -0.721 -0.756
0.0013794 -1.05000 10.00860 0.8722040057 2.4415920032    0.800  2.096  3.6964  1.982    7  0.000  0.514     0.00     0.00     0.00     0.00     0.00 -1  -1.1e-09      0.00 7.393e-01 2.576e-01 2.432e-04 7.944e-05 6.329e-04 -1.000 3.062e-03 -0.471 1.271 0.118 -0.498 -0.705 -0.806 -0.842
0.0013794 -1.05000 10.00860 0.8722050786 2.4415923108    0.800  2.133  3.6930  1.932    7  0.000  0.514     0.00     0.00     0.00     0.00     0.00 -1 -1.35e-09      0.00 7.393e-01 2.576e-01 2.432e-04 7.944e-05 6.329e-04 -1.000 3.062e-03 -0.563 1.234 0.048 -0.584 -0.798 -0.903 -0.941
0.0013794 -1.05000 10.00860 0.8722062111 2.4415926354    0.800  2.165  3.6901  1.889    7  0.000  0.514     0.00     0.00     0.00     0.00     0.00 -1 -1.62e-09      0.00 7.393e-01 2.576e-01 2.432e-04 7.944e-05 6.329e-04 -1.000 3.062e-03 -0.643 1.201 -0.014 -0.660 -0.879 -0.988 -1.028
0.0013794 -1.05000 10.00860 0.8722091913 2.4415934898    0.800  2.203  3.6868  1.838    7  0.000  0.514     0.00     0.00     0.00     0.00     0.00 -1 -2.01e-09      0.00 7.393e-01 2.576e-01 2.432e-04 7.944e-05 6.329e-04 -1.000 3.062e-03 -0.737 1.164 -0.085 -0.747 -0.972 -1.085 -1.128
0.0013794 -1.05000 10.00860 0.8722121716 2.4415943442    0.800  2.192  3.6879  1.853    7  0.000  0.514     0.00     0.00     0.00     0.00     0.00 -1  -1.9e-09      0.00 7.393e-01 2.576e-01 2.432e-04 7.944e-05 6.329e-04 -1.000 3.062e-03 -0.709 1.174 -0.064 -0.721 -0.944 -1.056 -1.098
0.0013794 -1.05000 10.00860 0.8722461462 2.4416040836    0.798  2.178  3.6889  1.870    7  0.000  0.514     0.00     0.00     0.00     0.00     0.00 -1 -1.77e-09      0.00 7.393e-01 2.576e-01 2.432e-04 7.944e-05 6.329e-04 -1.000 3.062e-03 -0.674 1.189 -0.037 -0.689 -0.910 -1.021 -1.061
0.0013794 -1.05000 10.00860 0.8722753525 2.4416124555    0.796  2.209  3.6861  1.826    7  0.000  0.514     0.00     0.00     0.00     0.00     0.00 -1 -2.13e-09      0.00 7.393e-01 2.576e-01 2.432e-04 7.944e-05 6.329e-04 -1.000 3.062e-03 -0.752 1.162 -0.095 -0.761 -0.987 -1.102 -1.144
0.0013794 -1.05000 10.00860 0.8722950816 2.4416181103    0.794  2.246  3.6827  1.775    7  0.000  0.514     0.00     0.00     0.00     0.00     0.00 -1 -2.64e-09      0.00 7.393e-01 2.576e-01 2.432e-04 7.944e-05 6.329e-04 -1.000 3.062e-03 -0.844 1.139 -0.163 -0.849 -1.081 -1.199 -1.244
0.0013794 -1.05000 10.00860 0.8723118305 2.4416229108    0.792  2.279  3.6797  1.728    7  0.000  0.514     0.00     0.00     0.00     0.00     0.00 -1 -3.19e-09      0.00 7.393e-01 2.576e-01 2.432e-04 7.944e-05 6.329e-04 -1.000 3.062e-03 -0.929 1.121 -0.225 -0.931 -1.167 -1.289 -1.336
0.0013794 -1.05000 10.00860 0.8723308444 2.4416283601    0.790  2.318  3.6763  1.675    7  0.000  0.514     0.00     0.00     0.00     0.00     0.00 -1 -4.05e-09      0.00 7.393e-01 2.576e-01 2.432e-04 7.944e-05 6.329e-04 -1.000 3.062e-03 -1.026 1.102 -0.295 -1.025 -1.266 -1.392 -1.441
0.0013794 -1.05000 10.00860 0.8723345995 2.4416294363    0.789  2.327  3.6756  1.663    7  0.000  0.514     0.00     0.00     0.00     0.00     0.00 -1 -4.26e-09      0.00 7.393e-01 2.576e-01 2.432e-04 7.944e-05 6.329e-04 -1.000 3.062e-03 -1.047 1.099 -0.310 -1.045 -1.287 -1.414 -1.464
0.0013794 -1.05000 10.00860 0.8723462820 2.4416327843    0.787  2.355  3.6732  1.624    7  0.000  0.514     0.00     0.00     0.00     0.00     0.00 -1 -5.02e-09      0.00 7.393e-01 2.576e-01 2.432e-04 7.944e-05 6.329e-04 -1.000 3.062e-03 -1.117 1.087 -0.359 -1.111 -1.358 -1.487 -1.539
0.0013794 -1.05000 10.00860 0.8723605275 2.4416368667    0.784  2.392  3.6700  1.572    7  0.000  0.514     0.00     0.00     0.00     0.00     0.00 -1  -6.2e-09      0.00 7.393e-01 2.576e-01 2.432e-04 7.944e-05 6.329e-04 -1.000 3.060e-03 -1.211 1.073 -0.425 -1.201 -1.453 -1.586 -1.640
0.0013794 -1.05000 10.00860 0.8723734021 2.4416405561    0.781  2.430  3.6667  1.519    7  0.000  0.514     0.00     0.00     0.00     0.00     0.00 -1 -7.78e-09      0.00 7.393e-01 2.577e-01 2.432e-04 7.945e-05 6.329e-04 -1.000 2.989e-03 -1.305 1.066 -0.488 -1.290 -1.546 -1.684 -1.740
0.0013794 -1.05000 10.00860 0.8723851442 2.4416439209    0.777  2.468  3.6634  1.466    7  0.000  0.513     0.00     0.00     0.00     0.00     0.00 -1  -9.7e-09      0.00 7.393e-01 2.577e-01 2.431e-04 7.946e-05 6.329e-04 -1.000 2.963e-03 -1.401 1.065 -0.551 -1.378 -1.641 -1.782 -1.841
0.0013794 -1.05000 10.00860 0.8723956347 2.4416469269    0.772  2.506  3.6602  1.413    7  0.000  0.513     7.97     6.20     4.37     3.39     2.74  3  -1.2e-08      0.00 7.393e-01 2.578e-01 2.429e-04 7.954e-05 6.329e-04 -1.000 2.962e-03 -1.495 1.069 -0.610 -1.466 -1.734 -1.879 -1.941
0.0013794 -1.05000 10.00860 0.8724051118 2.4416496424    0.767  2.543  3.6569  1.359    7  0.000  0.511     8.90     6.81     4.79     3.72     3.01  3  -1.5e-08      0.00 7.393e-01 2.578e-01 2.422e-04 7.994e-05 6.329e-04 -1.000 2.938e-03 -1.587 1.078 -0.665 -1.548 -1.823 -1.973 -2.038
0.0013794 -1.05000 10.00860 0.8724095821 2.4416509233    0.764  2.562  3.6546  1.330    7  0.000  0.510     9.46     7.17     5.03     3.91     3.16  3 -1.68e-08      0.00 7.393e-01 2.578e-01 2.417e-04 8.037e-05 6.329e-04 -1.000 2.923e-03 -1.634 1.090 -0.687 -1.585 -1.865 -2.020 -2.086
0.0013794 -1.05000 10.00860 0.8724178076 2.4416532801    0.758  2.598  3.6498  1.271    7  0.000  0.505    10.70     7.96     5.55     4.32     3.50  3 -2.11e-08      0.00 7.393e-01 2.579e-01 2.397e-04 8.224e-05 6.329e-04 -1.000 2.865e-03 -1.724 1.123 -0.726 -1.656 -1.948 -2.110 -2.180
0.0013794 -1.05000 10.00860 0.8724257350 2.4416555515    0.751  2.635  3.6423  1.200    7  0.000  0.499    12.41     9.04     6.27     4.89     3.96  2 -2.67e-08      0.00 7.392e-01 2.579e-01 2.368e-04 8.559e-05 6.329e-04 -1.000 2.861e-03 -1.818 1.218 -0.737 -1.715 -2.025 -2.200 -2.275
0.0013794 -1.05000 10.00860 0.8724333048 2.4416577204    0.742  2.673  3.6391  1.144    7  0.000  0.492    13.92     9.96     6.88     5.37     4.35  2 -3.35e-08      0.00 7.392e-01 2.580e-01 2.336e-04 8.943e-05 6.330e-04 -1.000 2.853e-03 -1.911 1.217 -0.791 -1.794 -2.112 -2.293 -2.371
0.0013794 -1.05000 10.00860 0.8724406362 2.4416598209    0.731  2.710  3.6358  1.087    7  0.000  0.485    15.67    11.01     7.57     5.93     4.80  2 -4.26e-08      0.00 7.391e-01 2.581e-01 2.307e-04 9.307e-05 6.331e-04 -1.000 2.818e-03 -2.006 1.222 -0.843 -1.871 -2.199 -2.386 -2.466
0.0013794 -1.05000 10.00860 0.8724475503 2.4416618019    0.718  2.747  3.6325  1.029    7  0.000  0.480    17.64    12.17     8.32     6.53     5.29  2  -5.4e-08      0.00 7.390e-01 2.582e-01 2.281e-04 9.620e-05 6.331e-04 -1.000 2.770e-03 -2.098 1.231 -0.891 -1.945 -2.282 -2.475 -2.559
0.0013794 -1.05000 10.00860 0.8724541664 2.4416636974    0.702  2.784  3.6291  0.969    7  0.000  0.475    19.95    13.50     9.18     7.22     5.85  2 -6.99e-08      0.00 7.389e-01 2.582e-01 2.260e-04 9.893e-05 6.332e-04 -1.000 2.808e-03 -2.191 1.248 -0.936 -2.019 -2.366 -2.566 -2.652
0.0013794 -1.05000 10.00860 0.8724605441 2.4416655246    0.682  2.822  3.6257  0.904    7  0.000  0.471    22.73    15.05    10.18     8.03     6.50  1 -9.29e-08      0.00 7.389e-01 2.583e-01 2.238e-04 1.016e-04 6.332e-04 -1.000 2.803e-03 -2.286 1.269 -0.976 -2.092 -2.451 -2.658 -2.748
0.0013794 -1.05000 10.00860 0.8724658489 2.4416670443    0.661  2.856  3.6229  0.846    7  0.000  0.467    25.57    16.60    11.17     8.83     7.15  1 -1.21e-07      0.00 7.388e-01 2.584e-01 2.222e-04 1.036e-04 6.332e-04 -1.000 2.766e-03 -2.370 1.284 -1.014 -2.159 -2.528 -2.741 -2.832
0.0013794 -1.05000 10.00860 0.8724694848 2.4416680860    0.641  2.883  3.6209  0.797    7  0.000  0.465    28.18    17.98    12.04     9.55     7.73  1 -1.51e-07      0.00 7.388e-01 2.585e-01 2.211e-04 1.050e-04 6.332e-04 -1.000 2.790e-03 -2.438 1.291 -1.048 -2.214 -2.591 -2.808 -2.901
0.0013794 -1.05000 10.00860 0.8724725842 2.4416689739    0.621  2.910  3.6195  0.751    7  0.000  0.463    30.89    19.37    12.93    10.27     8.32  1  -1.9e-07      0.00 7.387e-01 2.585e-01 2.201e-04 1.062e-04 6.332e-04 -1.000 2.776e-03 -2.504 1.287 -1.085 -2.270 -2.652 -2.873 -2.968
0.0013794 -1.05000 10.00860 0.8724755645 2.4416698277    0.595  2.940  3.6192  0.701    7  0.000  0.460    34.13    20.99    13.94    11.11     8.99  1 -2.51e-07      0.00 7.387e-01 2.586e-01 2.190e-04 1.076e-04 6.331e-04 -1.000 2.722e-03 -2.581 1.250 -1.148 -2.345 -2.730 -2.951 -3.047
0.0013794 -1.05000 10.00860 0.8724780679 2.4416705449    0.569  2.969  3.6211  0.661    7  0.000  0.458    36.91    22.31    14.76    11.79     9.55  1 -3.28e-07      0.00 7.387e-01 2.586e-01 2.180e-04 1.087e-04 6.331e-04 -1.000 2.712e-03 -2.652 1.168 -1.233 -2.428 -2.808 -3.027 -3.121
0.0013794 -1.05000 10.00860 0.8724799156 2.4416710742    0.538  2.991  3.6313  0.655    7  0.000  0.457    36.97    22.22    14.69    11.76     9.51  1 -4.12e-07      0.00 7.386e-01 2.587e-01 2.174e-04 1.096e-04 6.330e-04 -1.000 2.743e-03 -2.708 0.899 -1.410 -2.547 -2.899 -3.098 -3.185
0.0013794 -1.05000 10.00860 0.8724806905 2.4416712962    0.518  3.001  3.6366  0.650    7  0.000  0.456    37.15    22.22    14.67    11.76     9.52  1 -4.55e-07      0.00 7.386e-01 2.587e-01 2.170e-04 1.101e-04 6.330e-04 -1.000 2.760e-03 -2.732 0.766 -1.493 -2.600 -2.940 -3.130 -3.213
0.0013794 -1.05000 10.00860 1.0957379341 2.4909603871    0.545 -9.999  3.6526  7.953    9  0.545  0.000     0.00     0.00     0.00     0.00     0.00 -1    -1e-30      0.00 7.258e-01 2.727e-01 2.008e-04 1.499e-04 6.442e-04 -1.000 1.417e-03 29.767 32.423 30.746 29.797 29.481 29.326 29.272
