# Zini     MH   logAge Mini        int_IMF         Mass   logL    logTe  logg  label   McoreTP C_O  period0  period1  period2  period3  period4  pmode  Mloss  tau1m   X   Y   Xc  Xn  Xo  Cexcess  Z 	 mbolmag  umag    gmag    rmag    imag    zmag    Ymag
0.00027635 -1.75000 10.06446 0.0900000036 1.0816895926    0.090 -3.195  3.4831  5.472    1  0.000  0.545     0.00     0.00     0.00     0.00     0.00 -1 -4.92e-17      0.00 7.483e-01 2.514e-01 5.500e-05 1.484e-05 1.346e-04 -1.000 3.059e-04 12.757 17.869 16.003 14.063 12.556 12.072 11.972
0.00027635 -1.75000 10.06446 0.0911240131 1.0923705010    0.091 -3.154  3.4892  5.460    1  0.000  0.545     0.00     0.00     0.00     0.00     0.00 -1 -5.45e-17      0.00 7.481e-01 2.516e-01 5.500e-05 1.484e-05 1.346e-04 -1.000 3.059e-04 12.654 17.748 15.776 13.860 12.449 11.986 11.884
0.00027635 -1.75000 10.06446 0.1000000015 1.1711064122    0.100 -2.845  3.5342  5.372    1  0.000  0.545     0.00     0.00     0.00     0.00     0.00 -1 -1.17e-16      0.00 7.460e-01 2.537e-01 5.500e-05 1.484e-05 1.346e-04 -1.000 3.058e-04 11.883 16.527 14.233 12.542 11.662 11.313 11.208
0.00027635 -1.75000 10.06446 0.1184742674 1.3091760480    0.118 -2.574  3.5629  5.289    1  0.000  0.545     0.00     0.00     0.00     0.00     0.00 -1 -2.21e-16      0.00 7.433e-01 2.564e-01 5.500e-05 1.484e-05 1.346e-04 -1.000 3.059e-04 11.206 15.300 13.121 11.609 10.974 10.680 10.582
0.00027635 -1.75000 10.06446 0.1199999973 1.3193154249    0.120 -2.554  3.5651  5.283    1  0.000  0.545     0.00     0.00     0.00     0.00     0.00 -1 -2.31e-16      0.00 7.431e-01 2.566e-01 5.500e-05 1.484e-05 1.346e-04 -1.000 3.060e-04 11.154 15.202 13.039 11.543 10.923 10.632 10.534
0.00027635 -1.75000 10.06446 0.1399999857 1.4384525915    0.140 -2.371  3.5800  5.227    1  0.000  0.545     0.00     0.00     0.00     0.00     0.00 -1 -3.49e-16      0.00 7.410e-01 2.587e-01 5.500e-05 1.484e-05 1.346e-04 -1.000 3.060e-04 10.697 14.426 12.380 10.992 10.459 10.193 10.101
0.00027635 -1.75000 10.06446 0.1469523609 1.4747860124    0.147 -2.319  3.5836  5.210    1  0.000  0.545     0.00     0.00     0.00     0.00     0.00 -1 -3.91e-16      0.00 7.405e-01 2.592e-01 5.500e-05 1.484e-05 1.346e-04 -1.000 3.059e-04 10.566 14.216 12.205 10.845 10.328 10.067 9.977
0.00027635 -1.75000 10.06446 0.1599999964 1.5372931554    0.160 -2.227  3.5898  5.181    1  0.000  0.545     0.00     0.00     0.00     0.00     0.00 -1 -4.78e-16      0.00 7.396e-01 2.601e-01 5.500e-05 1.484e-05 1.346e-04 -1.000 3.058e-04 10.338 13.849 11.898 10.588 10.098 9.846 9.759
0.00027635 -1.75000 10.06446 0.2000000179 1.6938791367    0.200 -2.007  3.6023  5.107    1  0.000  0.545     0.00     0.00     0.00     0.00     0.00 -1 -7.74e-16      0.00 7.387e-01 2.610e-01 5.500e-05 1.484e-05 1.346e-04 -1.000 3.060e-04 9.786 13.040 11.199 9.987 9.540 9.308 9.227
0.00027635 -1.75000 10.06446 0.2500000000 1.8403257998    0.250 -1.804  3.6134  5.045    1  0.000  0.545     0.00     0.00     0.00     0.00     0.00 -1 -1.18e-15      0.00 7.388e-01 2.609e-01 5.499e-05 1.484e-05 1.346e-04 -1.000 3.059e-04 9.280 12.323 10.572 9.442 9.028 8.812 8.737
0.00027635 -1.75000 10.06446 0.3000000119 1.9529139769    0.300 -1.649  3.6223  5.005    1  0.000  0.545     0.00     0.00     0.00     0.00     0.00 -1 -1.62e-15      0.00 7.389e-01 2.608e-01 5.498e-05 1.484e-05 1.346e-04 -1.000 3.060e-04 8.893 11.775 10.092 9.025 8.636 8.434 8.363
0.00027635 -1.75000 10.06446 0.3046672344 1.9621673217    0.305 -1.636  3.6231  5.002    1  0.000  0.545     0.00     0.00     0.00     0.00     0.00 -1 -1.66e-15      0.00 7.389e-01 2.608e-01 5.498e-05 1.484e-05 1.346e-04 -1.000 3.059e-04 8.861 11.730 10.052 8.991 8.604 8.403 8.333
0.00027635 -1.75000 10.06446 0.3499999940 2.0434174644    0.350 -1.522  3.6302  4.977    1  0.000  0.544     0.00     0.00     0.00     0.00     0.00 -1 -2.07e-15      0.00 7.388e-01 2.609e-01 5.496e-05 1.484e-05 1.346e-04 -1.000 3.058e-04 8.576 11.322 9.696 8.684 8.316 8.126 8.059
0.00027635 -1.75000 10.06446 0.4000000060 2.1185024399    0.400 -1.390  3.6402  4.943    1  0.000  0.545     0.00     0.00     0.00     0.00     0.00 -1 -2.74e-15      0.00 7.503e-01 2.494e-01 5.500e-05 1.484e-05 1.346e-04 -1.000 3.058e-04 8.245 10.830 9.273 8.325 7.982 7.806 7.745
0.00027635 -1.75000 10.06446 0.4500000179 2.1822809362    0.450 -1.227  3.6567  4.897    1  0.000  0.545     0.00     0.00     0.00     0.00     0.00 -1 -3.95e-15      0.00 7.506e-01 2.491e-01 5.500e-05 1.484e-05 1.346e-04 -1.000 3.059e-04 7.839 10.163 8.725 7.874 7.571 7.419 7.366
0.00027635 -1.75000 10.06446 0.5000000000 2.2374541529    0.500 -1.045  3.6779  4.846    1  0.000  0.545     0.00     0.00     0.00     0.00     0.00 -1 -6.04e-15      0.00 7.506e-01 2.491e-01 5.500e-05 1.484e-05 1.346e-04 -1.000 3.058e-04 7.384 9.373 8.108 7.375 7.118 6.994 6.953
0.00027635 -1.75000 10.06446 0.5500000715 2.2836583126    0.550 -0.838  3.7000  4.768    1  0.000  0.544     0.00     0.00     0.00     0.00     0.00 -1 -1.02e-14      0.00 7.837e-01 2.161e-01 4.816e-05 1.300e-05 1.180e-04 -1.000 2.064e-04 6.865 8.527 7.453 6.824 6.608 6.513 6.483
0.00027635 -1.75000 10.06446 0.6000000238 2.3211213258    0.600 -0.631  3.7260  4.703    1  0.000  0.544     0.00     0.00     0.00     0.00     0.00 -1 -1.69e-14      0.00 7.951e-01 2.046e-01 4.593e-05 1.241e-05 1.126e-04 -1.000 2.365e-04 6.347 7.687 6.813 6.289 6.117 6.051 6.035
0.00027635 -1.75000 10.06446 0.6023190022 2.3226861014    0.602 -0.621  3.7274  4.700    1  0.000  0.544     0.00     0.00     0.00     0.00     0.00 -1 -1.73e-14      0.00 7.958e-01 2.040e-01 4.581e-05 1.238e-05 1.124e-04 -1.000 2.330e-04 6.321 7.646 6.782 6.264 6.094 6.030 6.014
0.00027635 -1.75000 10.06446 0.6153458953 2.3312247380    0.615 -0.564  3.7352  4.683    1  0.000  0.543     0.00     0.00     0.00     0.00     0.00 -1 -1.99e-14      0.00 7.994e-01 2.003e-01 4.512e-05 1.219e-05 1.107e-04 -1.000 2.472e-04 6.180 7.423 6.611 6.121 5.964 5.908 5.896
0.00027635 -1.75000 10.06446 0.6264886260 2.3382052616    0.626 -0.515  3.7418  4.669    1  0.000  0.543     0.00     0.00     0.00     0.00     0.00 -1 -2.24e-14      0.00 8.027e-01 1.970e-01 4.450e-05 1.202e-05 1.092e-04 -1.000 2.550e-04 6.057 7.237 6.465 6.000 5.853 5.804 5.795
0.00027635 -1.75000 10.06446 0.6372643113 2.3446895234    0.637 -0.467  3.7481  4.654    1  0.000  0.543     0.00     0.00     0.00     0.00     0.00 -1 -2.52e-14      0.00 8.061e-01 1.937e-01 4.387e-05 1.186e-05 1.077e-04 -1.000 2.651e-04 5.938 7.062 6.326 5.884 5.747 5.705 5.698
0.00027635 -1.75000 10.06446 0.6472753882 2.3504917349    0.647 -0.423  3.7539  4.639    1  0.000  0.543     0.00     0.00     0.00     0.00     0.00 -1 -5.73e-15      0.00 8.094e-01 1.904e-01 4.326e-05 1.169e-05 1.062e-04 -1.000 2.566e-04 5.827 6.901 6.197 5.776 5.649 5.613 5.609
0.00027635 -1.75000 10.06446 0.6499999762 2.3520353107    0.650 -0.411  3.7554  4.635    1  0.000  0.543     0.00     0.00     0.00     0.00     0.00 -1 -2.91e-14      0.00 8.103e-01 1.895e-01 4.308e-05 1.165e-05 1.058e-04 -1.000 2.443e-04 5.796 6.858 6.161 5.747 5.622 5.587 5.584
0.00027635 -1.75000 10.06446 0.6630540490 2.3592289569    0.663 -0.351  3.7624  4.612    1  0.000  0.542     0.00     0.00     0.00     0.00     0.00 -1 -3.39e-14      0.00 8.158e-01 1.840e-01 4.206e-05 1.138e-05 1.034e-04 -1.000 2.707e-04 5.648 6.653 5.993 5.605 5.491 5.464 5.464
0.00027635 -1.75000 10.06446 0.6752212048 2.3656466458    0.675 -0.295  3.7688  4.590    1  0.000  0.542     0.00     0.00     0.00     0.00     0.00 -1 -3.92e-14      0.00 8.213e-01 1.784e-01 4.103e-05 1.110e-05 1.009e-04 -1.000 2.647e-04 5.508 6.468 5.836 5.471 5.367 5.346 5.348
0.00027635 -1.75000 10.06446 0.6863993406 2.3713126397    0.686 -0.242  3.7745  4.567    1  0.000  0.542     0.00     0.00     0.00     0.00     0.00 -1 -3.92e-14      0.00 8.267e-01 1.730e-01 4.002e-05 1.083e-05 9.850e-05 -1.000 2.459e-04 5.375 6.298 5.690 5.345 5.250 5.235 5.239
0.00027635 -1.75000 10.06446 0.6970579028 2.3765210925    0.697 -0.190  3.7799  4.543    1  0.000  0.541     0.00     0.00     0.00     0.00     0.00 -1 -3.75e-14      0.00 8.323e-01 1.675e-01 3.899e-05 1.056e-05 9.605e-05 -1.000 1.764e-04 5.245 6.134 5.547 5.221 5.135 5.125 5.131
0.00027635 -1.75000 10.06446 0.6999999881 2.3779266974    0.700 -0.175  3.7814  4.535    1  0.000  0.541     0.00     0.00     0.00     0.00     0.00 -1  -5.4e-14      0.00 8.339e-01 1.659e-01 3.870e-05 1.048e-05 9.535e-05 -1.000 1.876e-04 5.208 6.089 5.506 5.186 5.102 5.093 5.100
0.00027635 -1.75000 10.06446 0.7075871229 2.3814895621    0.707 -0.136  3.7849  4.516    1  0.000  0.539     0.00     0.00     0.00     0.00     0.00 -1    -6e-14      0.00 8.383e-01 1.615e-01 3.779e-05 1.026e-05 9.339e-05 -1.000 2.252e-04 5.111 5.973 5.401 5.094 5.015 5.010 5.018
0.00027635 -1.75000 10.06446 0.7173208594 2.3859337688    0.717 -0.085  3.7894  4.488    1  0.000  0.537     0.00     0.00     0.00     0.00     0.00 -1 -6.94e-14      0.00 8.438e-01 1.560e-01 3.668e-05 9.986e-06 9.098e-05 -1.000 2.124e-04 4.981 5.820 5.261 4.970 4.899 4.898 4.907
0.00027635 -1.75000 10.06446 0.7258649468 2.3897220523    0.725 -0.037  3.7933  4.461    1  0.000  0.536     0.00     0.00     0.00     0.00     0.00 -1 -7.94e-14      0.00 8.484e-01 1.514e-01 3.577e-05 9.765e-06 8.901e-05 -1.000 2.013e-04 4.862 5.681 5.132 4.855 4.790 4.793 4.803
0.00027635 -1.75000 10.06446 0.7343015671 2.3933633826    0.734  0.013  3.7971  4.431    1  0.000  0.534     0.00     0.00     0.00     0.00     0.00 -1 -9.16e-14      0.00 8.526e-01 1.472e-01 3.494e-05 9.565e-06 8.725e-05 -1.000 1.800e-04 4.737 5.539 4.999 4.735 4.676 4.682 4.694
0.00027635 -1.75000 10.06446 0.7415477037 2.3964149422    0.741  0.058  3.8002  4.402    1  0.000  0.532     0.00     0.00     0.00     0.00     0.00 -1 -1.04e-13      0.00 8.559e-01 1.440e-01 3.430e-05 9.412e-06 8.592e-05 -1.000 1.764e-04 4.625 5.412 4.878 4.625 4.571 4.581 4.594
0.00027635 -1.75000 10.06446 0.7485678792 2.3993066405    0.748  0.104  3.8030  4.372    1  0.000  0.531     0.00     0.00     0.00     0.00     0.00 -1  -9.6e-14      0.00 8.588e-01 1.410e-01 3.375e-05 9.281e-06 8.478e-05 -1.000 1.971e-04 4.509 5.285 4.755 4.513 4.463 4.476 4.490
0.00027635 -1.75000 10.06446 0.7500000000 2.3998889087    0.749  0.114  3.8036  4.365    1  0.000  0.530     0.00     0.00     0.00     0.00     0.00 -1 -1.23e-13      0.00 8.593e-01 1.405e-01 3.364e-05 9.256e-06 8.456e-05 -1.000 2.076e-04 4.485 5.258 4.729 4.489 4.440 4.454 4.467
0.00027635 -1.75000 10.06446 0.7533417940 2.4012377111    0.753  0.137  3.8051  4.350    1  0.000  0.530     0.00     0.00     0.00     0.00     0.00 -1 -1.32e-13      0.00 8.599e-01 1.399e-01 3.360e-05 9.247e-06 8.450e-05 -1.000 2.312e-04 4.428 5.195 4.668 4.433 4.387 4.402 4.416
0.00027635 -1.75000 10.06446 0.7605780363 2.4041117176    0.760  0.190  3.8081  4.313    1  0.000  0.530     0.00     0.00     0.00     0.00     0.00 -1 -1.55e-13      0.00 8.609e-01 1.389e-01 3.354e-05 9.233e-06 8.440e-05 -1.000 2.212e-04 4.295 5.050 4.527 4.303 4.262 4.279 4.294
0.00027635 -1.75000 10.06446 0.7672007680 2.4066874876    0.766  0.242  3.8106  4.274    1  0.000  0.529     0.00     0.00     0.00     0.00     0.00 -1 -1.82e-13      0.00 8.617e-01 1.381e-01 3.349e-05 9.222e-06 8.435e-05 -1.000 1.706e-04 4.164 4.908 4.388 4.173 4.137 4.157 4.173
0.00027635 -1.75000 10.06446 0.7732608318 2.4090000177    0.772  0.294  3.8126  4.234    1  0.000  0.529     0.00     0.00     0.00     0.00     0.00 -1 -2.13e-13      0.00 8.623e-01 1.375e-01 3.347e-05 9.221e-06 8.436e-05 -1.000 1.793e-04 4.034 4.771 4.252 4.045 4.012 4.034 4.050
0.00027635 -1.75000 10.06446 0.7789058685 2.4111169868    0.778  0.346  3.8140  4.191    1  0.000  0.529     0.00     0.00     0.00     0.00     0.00 -1 -2.51e-13      0.00 8.617e-01 1.381e-01 3.367e-05 9.279e-06 8.489e-05 -1.000 1.885e-04 3.906 4.637 4.119 3.917 3.887 3.910 3.926
0.00027635 -1.75000 10.06446 0.7827733755 2.4125471051    0.782  0.383  3.8145  4.158    1  0.000  0.529     0.00     0.00     0.00     0.00     0.00 -1 -2.85e-13      0.00 8.609e-01 1.389e-01 3.387e-05 9.331e-06 8.538e-05 -1.000 1.940e-04 3.813 4.541 4.023 3.823 3.794 3.818 3.835
0.00027635 -1.75000 10.06446 0.7840951681 2.4130321562    0.783  0.397  3.8144  4.144    1  0.000  0.529     0.00     0.00     0.00     0.00     0.00 -1 -2.99e-13      0.00 8.607e-01 1.391e-01 3.393e-05 9.350e-06 8.556e-05 -1.000 1.949e-04 3.778 4.505 3.987 3.788 3.758 3.782 3.799
0.00027635 -1.75000 10.06446 0.7892199755 2.4148951265    0.788  0.455  3.8129  4.083    1  0.000  0.529     0.00     0.00     0.00     0.00     0.00 -1 -3.63e-13      0.00 8.596e-01 1.402e-01 3.420e-05 9.424e-06 8.624e-05 -1.000 1.985e-04 3.633 4.363 3.842 3.640 3.609 3.631 3.647
0.00027635 -1.75000 10.06446 0.7931030393 2.4162882759    0.792  0.506  3.8098  4.022    1  0.000  0.529     0.00     0.00     0.00     0.00     0.00 -1 -4.37e-13      0.00 8.588e-01 1.410e-01 3.440e-05 9.480e-06 8.675e-05 -1.000 2.010e-04 3.506 4.245 3.720 3.509 3.474 3.493 3.508
0.00027635 -1.75000 10.06446 0.7937638164 2.4165237867    0.792  0.515  3.8090  4.010    1  0.000  0.529     0.00     0.00     0.00     0.00     0.00 -1 -4.55e-13      0.00 8.587e-01 1.411e-01 3.444e-05 9.489e-06 8.684e-05 -1.000 2.016e-04 3.482 4.225 3.698 3.485 3.448 3.467 3.482
0.00027635 -1.75000 10.06446 0.7944291234 2.4167604568    0.793  0.526  3.8079  3.995    2  0.000  0.529     0.00     0.00     0.00     0.00     0.00 -1 -4.75e-13      0.00 8.586e-01 1.412e-01 3.447e-05 9.499e-06 8.692e-05 -1.000 2.020e-04 3.456 4.202 3.674 3.458 3.420 3.437 3.451
0.00027635 -1.75000 10.06446 0.7966652513 2.4175525855    0.795  0.563  3.8029  3.938    2  0.000  0.529     0.00     0.00     0.00     0.00     0.00 -1 -5.49e-13      0.00 8.581e-01 1.417e-01 3.459e-05 9.531e-06 8.722e-05 -1.000 2.036e-04 3.361 4.126 3.589 3.358 3.313 3.325 3.337
0.00027635 -1.75000 10.06446 0.7983748317 2.4181547487    0.797  0.597  3.7966  3.881    2  0.000  0.529     0.00     0.00     0.00     0.00     0.00 -1 -6.33e-13      0.00 8.577e-01 1.421e-01 3.469e-05 9.558e-06 8.747e-05 -1.000 2.048e-04 3.277 4.066 3.519 3.268 3.213 3.220 3.230
0.00027635 -1.75000 10.06446 0.7997129560 2.4186240093    0.798  0.628  3.7891  3.821    2  0.000  0.529     0.00     0.00     0.00     0.00     0.00 -1 -7.27e-13      0.00 8.571e-01 1.427e-01 3.486e-05 9.606e-06 8.791e-05 -1.000 2.059e-04 3.201 4.022 3.460 3.185 3.119 3.118 3.126
0.00027635 -1.75000 10.06446 0.8000000119 2.4187244405    0.798  0.635  3.7870  3.806    2  0.000  0.529     0.00     0.00     0.00     0.00     0.00 -1 -7.52e-13      0.00 8.557e-01 1.441e-01 3.532e-05 9.731e-06 8.904e-05 -1.000 2.058e-04 3.183 4.014 3.448 3.166 3.096 3.093 3.100
0.00027635 -1.75000 10.06446 0.8006974459 2.4189681040    0.799  0.652  3.7819  3.768    2  0.000  0.529     0.00     0.00     0.00     0.00     0.00 -1 -8.17e-13      0.00 8.521e-01 1.477e-01 3.644e-05 1.004e-05 9.180e-05 -1.000 2.066e-04 3.140 3.995 3.418 3.119 3.041 3.033 3.039
0.00027635 -1.75000 10.06446 0.8015764356 2.4192745036    0.800  0.676  3.7740  3.713    2  0.000  0.530     0.00     0.00     0.00     0.00     0.00 -1 -9.19e-13      0.00 8.374e-01 1.624e-01 3.960e-05 1.089e-05 9.947e-05 -1.000 2.070e-04 3.081 3.979 3.380 3.054 2.965 2.949 2.951
0.00027635 -1.75000 10.06446 0.8023419380 2.4195407147    0.801  0.698  3.7667  3.662    2  0.000  0.533     0.00     0.00     0.00     0.00     0.00 -1 -1.03e-12      0.00 8.119e-01 1.879e-01 4.375e-05 1.200e-05 1.094e-04 -1.000 2.566e-04 3.024 3.964 3.343 2.993 2.892 2.869 2.868
0.00027635 -1.75000 10.06446 0.8030479550 2.4197857219    0.801  0.724  3.7596  3.609    2  0.000  0.535     0.00     0.00     0.00     0.00     0.00 -1 -1.16e-12      0.00 7.928e-01 2.070e-01 4.686e-05 1.284e-05 1.168e-04 -1.000 2.283e-04 2.961 3.946 3.300 2.927 2.814 2.784 2.781
0.00027635 -1.75000 10.06446 0.8037564754 2.4200311002    0.802  0.757  3.7529  3.549    2  0.000  0.536     0.00     0.00     0.00     0.00     0.00 -1 -1.34e-12      0.00 7.809e-01 2.189e-01 4.883e-05 1.336e-05 1.215e-04 -1.000 2.727e-04 2.877 3.909 3.238 2.841 2.718 2.680 2.674
0.00027635 -1.75000 10.06446 0.8043104410 2.4202226061    0.802  0.791  3.7483  3.497    2  0.000  0.536     0.00     0.00     0.00     0.00     0.00 -1 -1.53e-12      0.00 7.751e-01 2.246e-01 4.982e-05 1.362e-05 1.239e-04 -1.000 2.922e-04 2.792 3.856 3.168 2.754 2.624 2.582 2.574
0.00027635 -1.75000 10.06446 0.8048586249 2.4204118149    0.803  0.832  3.7445  3.441    2  0.000  0.536     0.00     0.00     0.00     0.00     0.00 -1  -1.8e-12      0.00 7.711e-01 2.287e-01 5.049e-05 1.380e-05 1.255e-04 -1.000 2.706e-04 2.691 3.783 3.079 2.653 2.516 2.470 2.461
0.00027635 -1.75000 10.06446 0.8050326705 2.4204718257    0.803  0.847  3.7435  3.422    3  0.000  0.536     0.00     0.00     0.00     0.00     0.00 -1 -1.91e-12      0.00 7.701e-01 2.296e-01 5.064e-05 1.384e-05 1.259e-04 -1.000 2.246e-04 2.654 3.753 3.045 2.615 2.478 2.430 2.420
0.00027635 -1.75000 10.06446 0.8054997325 2.4206327210    0.804  0.888  3.7412  3.371    3  0.000  0.537     0.00     0.00     0.00     0.00     0.00 -1 -2.22e-12      0.00 7.677e-01 2.320e-01 5.102e-05 1.394e-05 1.268e-04 -1.000 3.026e-04 2.549 3.666 2.948 2.511 2.369 2.319 2.308
0.00027635 -1.75000 10.06446 0.8060104847 2.4208084215    0.804  0.938  3.7388  3.312    3  0.000  0.537     0.00     0.00     0.00     0.00     0.00 -1 -2.65e-12      0.00 7.653e-01 2.344e-01 5.134e-05 1.403e-05 1.275e-04 -1.000 2.902e-04 2.425 3.560 2.832 2.387 2.242 2.189 2.177
0.00027635 -1.75000 10.06446 0.8064439893 2.4209573478    0.804  0.983  3.7371  3.260    3  0.000  0.537     0.00     0.00     0.00     0.00     0.00 -1 -3.13e-12      0.00 7.635e-01 2.362e-01 5.156e-05 1.409e-05 1.281e-04 -1.000 2.899e-04 2.312 3.461 2.725 2.275 2.126 2.072 2.059
0.00027635 -1.75000 10.06446 0.8068583012 2.4210995086    0.805  1.029  3.7354  3.208    3  0.000  0.537     0.00     0.00     0.00     0.00     0.00 -1 -3.69e-12      0.00 7.618e-01 2.378e-01 5.174e-05 1.414e-05 1.285e-04 -1.000 3.059e-04 2.196 3.359 2.616 2.160 2.009 1.953 1.939
0.00027635 -1.75000 10.06446 0.8072790504 2.4212437065    0.805  1.080  3.7337  3.151    3  0.000  0.537     0.00     0.00     0.00     0.00     0.00 -1 -4.43e-12      0.00 7.601e-01 2.396e-01 5.190e-05 1.419e-05 1.289e-04 -1.000 3.038e-04 2.071 3.247 2.496 2.035 1.882 1.823 1.808
0.00027635 -1.75000 10.06446 0.8076657057 2.4213760675    0.805  1.130  3.7322  3.095    3  0.000  0.536     0.00     0.00     0.00     0.00     0.00 -1  -5.3e-12      0.00 7.586e-01 2.411e-01 5.199e-05 1.423e-05 1.292e-04 -1.000 2.983e-04 1.946 3.134 2.376 1.910 1.755 1.695 1.679
0.00027635 -1.75000 10.06446 0.8080127239 2.4214947358    0.806  1.178  3.7307  3.040    3  0.000  0.536     0.00     0.00     0.00     0.00     0.00 -1  -6.3e-12      0.00 7.572e-01 2.425e-01 5.203e-05 1.428e-05 1.295e-04 -1.000 2.862e-04 1.824 3.024 2.260 1.790 1.632 1.570 1.553
0.00027635 -1.75000 10.06446 0.8083161116 2.4215983880    0.806  1.225  3.7292  2.989    3  0.000  0.535     0.00     0.00     0.00     0.00     0.00 -1 -7.44e-12      0.00 7.559e-01 2.438e-01 5.201e-05 1.433e-05 1.297e-04 -1.000 2.874e-04 1.709 2.920 2.150 1.675 1.515 1.451 1.434
0.00027635 -1.75000 10.06446 0.8086116314 2.4216992661    0.806  1.273  3.7278  2.934    3  0.000  0.534     0.00     0.00     0.00     0.00     0.00 -1 -8.87e-12      0.00 7.548e-01 2.449e-01 5.193e-05 1.442e-05 1.298e-04 -1.000 3.051e-04 1.586 2.811 2.033 1.554 1.391 1.326 1.308
0.00027635 -1.75000 10.06446 0.8088951111 2.4217959545    0.806  1.325  3.7262  2.876    3  0.000  0.532     0.00     0.00     0.00     0.00     0.00 -1 -1.07e-11      0.00 7.538e-01 2.459e-01 5.180e-05 1.453e-05 1.300e-04 -1.000 2.948e-04 1.458 2.696 1.911 1.426 1.262 1.194 1.176
0.00027635 -1.75000 10.06446 0.8091328144 2.4218769697    0.806  1.372  3.7247  2.824    3  0.000  0.530     0.00     0.00     0.00     0.00     0.00 -1 -1.26e-11      0.00 7.529e-01 2.468e-01 5.165e-05 1.467e-05 1.301e-04 -1.000 2.858e-04 1.341 2.592 1.800 1.310 1.143 1.074 1.055
0.00027635 -1.75000 10.06446 0.8093495965 2.4219508066    0.806  1.418  3.7231  2.771    3  0.000  0.529     0.00     0.00     0.00     0.00     0.00 -1 -1.49e-11      0.00 7.523e-01 2.474e-01 5.150e-05 1.482e-05 1.301e-04 -1.000 3.054e-04 1.225 2.489 1.689 1.195 1.026 0.955 0.934
0.00027635 -1.75000 10.06446 0.8095534444 2.4220201966    0.806  1.466  3.7216  2.717    3  0.000  0.527     0.00     0.00     0.00     0.00     0.00 -1 -1.77e-11      0.00 7.517e-01 2.480e-01 5.135e-05 1.497e-05 1.302e-04 -1.000 3.038e-04 1.105 2.383 1.575 1.076 0.905 0.832 0.811
0.00027635 -1.75000 10.06446 0.8097336292 2.4220814983    0.806  1.512  3.7200  2.665    3  0.000  0.526     0.00     0.00     0.00     0.00     0.00 -1 -2.09e-11      0.00 7.514e-01 2.483e-01 5.123e-05 1.509e-05 1.302e-04 -1.000 3.029e-04 0.990 2.281 1.466 0.962 0.788 0.713 0.691
0.00027635 -1.75000 10.06446 0.8099049926 2.4221397696    0.806  1.560  3.7183  2.610    3  0.000  0.525     0.00     0.00     0.00     0.00     0.00 -1 -2.49e-11      0.00 7.511e-01 2.486e-01 5.114e-05 1.519e-05 1.303e-04 -1.000 3.043e-04 0.870 2.177 1.353 0.844 0.667 0.590 0.567
0.00027635 -1.75000 10.06446 0.8100560308 2.4221911060    0.806  1.606  3.7167  2.557    3  0.000  0.524     0.00     0.00     0.00     0.00     0.00 -1 -2.95e-11      0.00 7.509e-01 2.488e-01 5.108e-05 1.525e-05 1.303e-04 -1.000 3.058e-04 0.754 2.077 1.245 0.729 0.550 0.471 0.448
0.00027635 -1.75000 10.06446 0.8101904392 2.4222367715    0.806  1.651  3.7150  2.506    3  0.000  0.524     0.00     0.00     0.00     0.00     0.00 -1 -3.47e-11      0.00 7.508e-01 2.489e-01 5.105e-05 1.528e-05 1.303e-04 -1.000 3.059e-04 0.642 1.980 1.140 0.619 0.437 0.356 0.332
0.00027635 -1.75000 10.06446 0.8103185296 2.4222802743    0.806  1.698  3.7133  2.452    3  0.000  0.523     0.00     0.00     0.00     0.00     0.00 -1  -4.1e-11      0.00 7.508e-01 2.489e-01 5.104e-05 1.530e-05 1.303e-04 -1.000 3.059e-04 0.526 1.882 1.031 0.503 0.318 0.236 0.210
0.00027635 -1.75000 10.06446 0.8104344606 2.4223196338    0.806  1.743  3.7116  2.399    3  0.000  0.523     0.00     0.00     0.00     0.00     0.00 -1 -4.85e-11      0.00 7.508e-01 2.489e-01 5.104e-05 1.531e-05 1.303e-04 -1.000 3.059e-04 0.411 1.786 0.923 0.389 0.201 0.117 0.091
0.00027635 -1.75000 10.06446 0.8105365634 2.4223542878    0.806  1.787  3.7099  2.348    3  0.000  0.523     0.00     0.00     0.00     0.00     0.00 -1 -5.69e-11      0.00 7.508e-01 2.489e-01 5.103e-05 1.531e-05 1.303e-04 -1.000 3.058e-04 0.301 1.695 0.821 0.280 0.089 0.003 -0.024
0.00027635 -1.75000 10.06446 0.8106303215 2.4223861007    0.806  1.831  3.7082  2.298    3  0.000  0.523     0.00     0.00     0.00     0.00     0.00 -1 -6.67e-11      0.00 7.508e-01 2.489e-01 5.103e-05 1.531e-05 1.303e-04 -1.000 3.058e-04 0.192 1.607 0.720 0.172 -0.022 -0.110 -0.138
0.00027635 -1.75000 10.06446 0.8107210398 2.4224168742    0.805  1.877  3.7064  2.245    3  0.000  0.523     0.00     0.00     0.00     0.00     0.00 -1 -7.88e-11      0.00 7.508e-01 2.489e-01 5.103e-05 1.532e-05 1.303e-04 -1.000 3.059e-04 0.078 1.514 0.614 0.059 -0.138 -0.228 -0.257
0.00027635 -1.75000 10.06446 0.8108004332 2.4224437995    0.805  1.920  3.7046  2.194    3  0.000  0.523     0.00     0.00     0.00     0.00     0.00 -1 -9.24e-11      0.00 7.507e-01 2.489e-01 5.103e-05 1.532e-05 1.303e-04 -1.000 3.058e-04 -0.031 1.428 0.515 -0.048 -0.248 -0.340 -0.370
0.00027635 -1.75000 10.06446 0.8108735085 2.4224685767    0.805  1.963  3.7028  2.143    3  0.000  0.523     0.00     0.00     0.00     0.00     0.00 -1 -1.08e-10      0.00 7.507e-01 2.490e-01 5.102e-05 1.532e-05 1.303e-04 -1.000 3.059e-04 -0.139 1.342 0.416 -0.154 -0.357 -0.452 -0.483
0.00027635 -1.75000 10.06446 0.8109426498 2.4224920154    0.804  2.007  3.7010  2.092    3  0.000  0.523     0.00     0.00     0.00     0.00     0.00 -1 -1.27e-10      0.00 7.507e-01 2.490e-01 5.102e-05 1.533e-05 1.303e-04 -1.000 3.059e-04 -0.248 1.254 0.316 -0.262 -0.468 -0.565 -0.597
0.00027635 -1.75000 10.06446 0.8110035658 2.4225126619    0.804  2.048  3.6991  2.044    3  0.000  0.523     0.00     0.00     0.00     0.00     0.00 -1 -1.48e-10      0.00 7.507e-01 2.490e-01 5.102e-05 1.533e-05 1.303e-04 -1.000 3.059e-04 -0.351 1.176 0.223 -0.363 -0.572 -0.671 -0.704
0.00027635 -1.75000 10.06446 0.8110621572 2.4225325171    0.804  2.089  3.6974  1.996    3  0.000  0.523     0.00     0.00     0.00     0.00     0.00 -1 -1.71e-10      0.00 7.507e-01 2.490e-01 5.102e-05 1.533e-05 1.303e-04 -1.000 3.059e-04 -0.452 1.098 0.131 -0.462 -0.675 -0.776 -0.810
0.00027635 -1.75000 10.06446 0.8111230135 2.4225531364    0.803  2.128  3.6957  1.949    3  0.000  0.523     0.00     0.00     0.00     0.00     0.00 -1 -1.98e-10      0.00 7.507e-01 2.490e-01 5.102e-05 1.533e-05 1.303e-04 -1.000 3.059e-04 -0.551 1.025 0.043 -0.559 -0.775 -0.879 -0.914
0.00027635 -1.75000 10.06446 0.8111774325 2.4225715716    0.803  2.153  3.6947  1.921    3  0.000  0.523     0.00     0.00     0.00     0.00     0.00 -1 -2.17e-10      0.00 7.507e-01 2.490e-01 5.101e-05 1.533e-05 1.303e-04 -1.000 3.059e-04 -0.612 0.980 -0.012 -0.619 -0.836 -0.941 -0.977
0.00027635 -1.75000 10.06446 0.8112138510 2.4225839072    0.802  2.141  3.6955  1.935    3  0.000  0.523     0.00     0.00     0.00     0.00     0.00 -1  -2.1e-10      0.00 7.507e-01 2.490e-01 5.101e-05 1.534e-05 1.303e-04 -1.000 3.058e-04 -0.583 0.997 0.012 -0.591 -0.807 -0.911 -0.946
0.00027635 -1.75000 10.06446 0.8112186790 2.4225855425    0.802  2.140  3.6956  1.937    3  0.000  0.523     0.00     0.00     0.00     0.00     0.00 -1 -2.09e-10      0.00 7.507e-01 2.490e-01 5.101e-05 1.534e-05 1.303e-04 -1.000 3.058e-04 -0.579 0.999 0.015 -0.587 -0.803 -0.907 -0.942
0.00027635 -1.75000 10.06446 0.8112462759 2.4225948891    0.802  2.166  3.6943  1.906    3  0.000  0.523     0.00     0.00     0.00     0.00     0.00 -1 -2.28e-10      0.00 7.507e-01 2.490e-01 5.101e-05 1.534e-05 1.303e-04 -1.000 3.058e-04 -0.645 0.952 -0.043 -0.652 -0.870 -0.975 -1.011
0.00027635 -1.75000 10.06446 0.8112882376 2.4226090995    0.802  2.208  3.6924  1.856    3  0.000  0.523     0.00     0.00     0.00     0.00     0.00 -1 -2.65e-10      0.00 7.507e-01 2.490e-01 5.101e-05 1.534e-05 1.303e-04 -1.000 3.059e-04 -0.750 0.877 -0.136 -0.754 -0.976 -1.084 -1.121
0.00027635 -1.75000 10.06446 0.8113272786 2.4226223193    0.801  2.249  3.6905  1.806    3  0.000  0.523     0.00     0.00     0.00     0.00     0.00 -1 -3.08e-10      0.00 7.507e-01 2.490e-01 5.101e-05 1.534e-05 1.303e-04 -1.000 3.059e-04 -0.853 0.804 -0.228 -0.855 -1.081 -1.191 -1.229
0.00027635 -1.75000 10.06446 0.8113632798 2.4226345084    0.800  2.290  3.6885  1.757    3  0.000  0.523     0.00     0.00     0.00     0.00     0.00 -1 -3.59e-10      0.00 7.507e-01 2.490e-01 5.101e-05 1.534e-05 1.303e-04 -1.000 3.059e-04 -0.955 0.735 -0.317 -0.954 -1.183 -1.296 -1.335
0.00027635 -1.75000 10.06446 0.8113948703 2.4226452032    0.800  2.328  3.6866  1.711    3  0.000  0.523     0.00     0.00     0.00     0.00     0.00 -1 -4.13e-10      0.00 7.507e-01 2.490e-01 5.101e-05 1.534e-05 1.303e-04 -1.000 3.058e-04 -1.051 0.671 -0.400 -1.046 -1.279 -1.395 -1.435
0.00027635 -1.75000 10.06446 0.8114256859 2.4226556347    0.799  2.368  3.6847  1.663    3  0.000  0.523     0.00     0.00     0.00     0.00     0.00 -1 -4.79e-10      0.00 7.507e-01 2.490e-01 5.101e-05 1.534e-05 1.303e-04 -1.000 3.059e-04 -1.150 0.611 -0.486 -1.144 -1.380 -1.499 -1.540
0.00027635 -1.75000 10.06446 0.8114528060 2.4226648145    0.799  2.406  3.6826  1.617    3  0.000  0.523     0.00     0.00     0.00     0.00     0.00 -1 -5.51e-10      0.00 7.507e-01 2.490e-01 5.101e-05 1.535e-05 1.303e-04 -1.000 3.059e-04 -1.244 0.566 -0.564 -1.237 -1.477 -1.597 -1.640
0.00027635 -1.75000 10.06446 0.8114790916 2.4226737112    0.798  2.444  3.6808  1.571    3  0.000  0.523     0.00     0.00     0.00     0.00     0.00 -1 -6.36e-10      0.00 7.507e-01 2.490e-01 5.101e-05 1.535e-05 1.303e-04 -1.000 3.059e-04 -1.341 0.517 -0.647 -1.333 -1.576 -1.699 -1.743
0.00027635 -1.75000 10.06446 0.8115023971 2.4226815986    0.797  2.481  3.6788  1.525    3  0.000  0.523     0.00     0.00     0.00     0.00     0.00 -1  -7.3e-10      0.00 7.507e-01 2.490e-01 5.101e-05 1.535e-05 1.303e-04 -1.000 3.058e-04 -1.434 0.478 -0.722 -1.424 -1.671 -1.796 -1.841
0.00027635 -1.75000 10.06446 0.8115295768 2.4226907965    0.796  2.528  3.6763  1.469    3  0.000  0.523     7.15     5.64     4.00     3.09     2.50  3 -8.66e-10      0.00 7.507e-01 2.490e-01 5.101e-05 1.535e-05 1.303e-04 -1.000 3.059e-04 -1.549 0.435 -0.813 -1.536 -1.789 -1.917 -1.964
0.00027635 -1.75000 10.06446 0.8115537763 2.4226989853    0.795  2.572  3.6740  1.414    3  0.000  0.523     8.02     6.22     4.39     3.40     2.75  3 -1.02e-09      0.00 7.507e-01 2.490e-01 5.100e-05 1.535e-05 1.303e-04 -1.000 3.058e-04 -1.660 0.401 -0.899 -1.644 -1.902 -2.034 -2.082
0.00027635 -1.75000 10.06446 0.8115727901 2.4227054190    0.794  2.609  3.6719  1.368    3  0.000  0.523     8.84     6.77     4.76     3.69     2.99  3 -1.18e-09      0.00 7.507e-01 2.490e-01 5.100e-05 1.535e-05 1.303e-04 -1.000 3.059e-04 -1.753 0.379 -0.969 -1.735 -1.998 -2.133 -2.182
0.00027635 -1.75000 10.06446 0.8115929365 2.4227122355    0.793  2.652  3.6695  1.316    3  0.000  0.523     9.87     7.43     5.21     4.04     3.27  3 -1.38e-09      0.00 7.507e-01 2.490e-01 5.100e-05 1.535e-05 1.303e-04 -1.000 3.058e-04 -1.859 0.358 -1.047 -1.838 -2.107 -2.245 -2.296
0.00027635 -1.75000 10.06446 0.8116090894 2.4227177005    0.792  2.688  3.6675  1.270    3  0.000  0.523    10.86     8.07     5.63     4.38     3.54  3 -1.58e-09      0.00 7.507e-01 2.490e-01 5.100e-05 1.535e-05 1.303e-04 -1.000 3.060e-04 -1.950 0.345 -1.112 -1.925 -2.199 -2.341 -2.393
0.00027635 -1.75000 10.06446 0.8116261363 2.4227234677    0.790  2.729  3.6650  1.219    3  0.000  0.523    12.10     8.84     6.15     4.79     3.88  3 -1.84e-09      0.00 7.507e-01 2.490e-01 5.100e-05 1.535e-05 1.303e-04 -1.000 3.059e-04 -2.052 0.339 -1.181 -2.022 -2.303 -2.448 -2.502
0.00027635 -1.75000 10.06446 0.8116424084 2.4227289726    0.789  2.771  3.6626  1.166    3  0.000  0.523    13.52     9.72     6.73     5.25     4.25  2 -2.16e-09      0.00 7.507e-01 2.490e-01 5.100e-05 1.535e-05 1.303e-04 -1.000 3.059e-04 -2.157 0.338 -1.251 -2.122 -2.410 -2.559 -2.615
0.00027635 -1.75000 10.06446 0.8116576672 2.4227341344    0.787  2.813  3.6600  1.113    3  0.000  0.523    15.13    10.70     7.37     5.75     4.66  2 -2.53e-09      0.00 7.507e-01 2.490e-01 5.100e-05 1.535e-05 1.303e-04 -1.000 3.059e-04 -2.262 0.347 -1.317 -2.221 -2.517 -2.670 -2.728
0.00027635 -1.75000 10.06446 0.8116708994 2.4227386104    0.785  2.852  3.6577  1.064    3  0.000  0.523    16.78    11.69     8.02     6.27     5.08  2 -2.93e-09      0.00 7.507e-01 2.490e-01 5.100e-05 1.535e-05 1.303e-04 -1.000 3.059e-04 -2.359 0.358 -1.375 -2.311 -2.615 -2.771 -2.831
0.00027635 -1.75000 10.06446 0.8116838336 2.4227429855    0.783  2.892  3.6552  1.012    3  0.000  0.523    18.72    12.83     8.77     6.86     5.56  2 -3.42e-09      0.00 7.507e-01 2.490e-01 5.100e-05 1.535e-05 1.303e-04 -1.000 3.059e-04 -2.461 0.341 -1.441 -2.403 -2.714 -2.875 -2.937
0.00027635 -1.75000 10.06446 0.8116950989 2.4227467960    0.781  2.930  3.6528  0.964    3  0.000  0.523    20.73    13.99     9.52     7.47     6.05  2 -3.95e-09      0.00 7.507e-01 2.490e-01 5.100e-05 1.535e-05 1.303e-04 -1.000 3.059e-04 -2.555 0.331 -1.500 -2.488 -2.807 -2.972 -3.036
0.00027635 -1.75000 10.06446 0.8117060065 2.4227504853    0.779  2.969  3.6503  0.914    3  0.000  0.523    23.03    15.31    10.37     8.15     6.61  2 -4.58e-09      0.00 7.507e-01 2.490e-01 5.100e-05 1.535e-05 1.303e-04 -1.000 3.059e-04 -2.653 0.326 -1.557 -2.573 -2.901 -3.072 -3.138
0.00027635 -1.75000 10.06446 0.8117161393 2.4227539125    0.776  3.008  3.6478  0.864    3  0.000  0.523    25.58    16.74    11.30     8.89     7.21  1 -5.32e-09      0.00 7.507e-01 2.490e-01 5.100e-05 1.536e-05 1.303e-04 -1.000 3.058e-04 -2.749 0.321 -1.612 -2.658 -2.995 -3.170 -3.238
0.00027635 -1.75000 10.06446 0.8117250800 2.4227569364    0.774  3.044  3.6455  0.817    3  0.000  0.523    28.22    18.19    12.23     9.63     7.81  1 -6.11e-09      0.00 7.507e-01 2.490e-01 5.100e-05 1.536e-05 1.303e-04 -1.000 3.059e-04 -2.839 0.317 -1.663 -2.736 -3.081 -3.261 -3.331
0.00027635 -1.75000 10.06446 0.8117337227 2.4227598594    0.771  3.080  3.6431  0.769    3  0.000  0.523    31.22    19.83    13.28    10.47     8.50  1 -7.03e-09      0.00 7.507e-01 2.490e-01 5.100e-05 1.536e-05 1.303e-04 -1.000 3.058e-04 -2.930 0.316 -1.714 -2.814 -3.169 -3.354 -3.426
0.00027635 -1.75000 10.06446 0.8117418289 2.4227626009    0.768  3.117  3.6407  0.722    3  0.000  0.523    34.50    21.58    14.40    11.37     9.23  1 -8.08e-09      0.00 7.507e-01 2.490e-01 5.100e-05 1.536e-05 1.303e-04 -1.000 3.058e-04 -3.021 0.313 -1.766 -2.893 -3.256 -3.446 -3.520
0.00027635 -1.75000 10.06446 0.8117491603 2.4227650804    0.765  3.151  3.6383  0.676    3  0.000  0.523    38.01    23.43    15.57    12.32     9.99  1 -9.26e-09      0.00 7.507e-01 2.490e-01 5.100e-05 1.536e-05 1.303e-04 -1.000 3.059e-04 -3.108 0.315 -1.809 -2.966 -3.338 -3.533 -3.609
0.00027635 -1.75000 10.06446 0.8117564917 2.4227675597    0.761  3.188  3.6359  0.627    3  0.000  0.523    42.08    25.54    16.91    13.39    10.87  1 -1.07e-08      0.00 7.507e-01 2.490e-01 5.100e-05 1.536e-05 1.303e-04 -1.000 3.059e-04 -3.200 0.316 -1.854 -3.042 -3.424 -3.624 -3.703
0.00027635 -1.75000 10.06446 0.8117630482 2.4227697770    0.758  3.222  3.6336  0.582    3  0.000  0.523    46.28    27.69    18.26    14.48    11.75  1 -1.22e-08      0.00 7.507e-01 2.490e-01 5.100e-05 1.536e-05 1.303e-04 -1.000 3.059e-04 -3.285 0.317 -1.896 -3.112 -3.504 -3.709 -3.790
0.00027635 -1.75000 10.06446 0.8117693663 2.4227719136    0.753  3.256  3.6313  0.536    3  0.000  0.523    50.93    30.02    19.73    15.66    12.72  1 -1.39e-08      0.00 7.507e-01 2.490e-01 5.100e-05 1.536e-05 1.303e-04 -1.000 3.059e-04 -3.370 0.320 -1.936 -3.182 -3.583 -3.794 -3.877
0.00027635 -1.75000 10.06446 0.8117746711 2.4227737075    0.749  3.283  3.6295  0.500    3  0.000  0.523    54.94    32.01    20.97    16.67    13.54  1 -1.56e-08      0.00 7.507e-01 2.490e-01 5.100e-05 1.536e-05 1.303e-04 -1.000 3.058e-04 -3.437 0.321 -1.968 -3.237 -3.646 -3.861 -3.945
0.00027635 -1.75000 10.06446 0.8117746711 2.4227737075    0.749  1.704  3.8256  2.863    4  0.000  0.529     0.00     0.00     0.00     0.00     0.00 -1    -1e-30      0.00 7.498e-01 2.499e-01 5.217e-05 1.507e-05 1.319e-04 -1.000 3.059e-04 0.509 1.125 0.594 0.480 0.492 0.515 0.534
0.00027635 -1.75000 10.06446 0.8117781281 2.4227748766    0.749  1.706  3.8247  2.857    4  0.000  0.529     0.00     0.00     0.00     0.00     0.00 -1    -1e-30      0.00 7.498e-01 2.499e-01 5.217e-05 1.507e-05 1.319e-04 -1.000 3.059e-04 0.504 1.123 0.591 0.474 0.485 0.507 0.526
0.00027635 -1.75000 10.06446 0.8118352294 2.4227941844    0.750  1.726  3.8173  2.808    4  0.000  0.529     0.00     0.00     0.00     0.00     0.00 -1    -1e-30      0.00 7.498e-01 2.499e-01 5.217e-05 1.507e-05 1.319e-04 -1.000 3.059e-04 0.456 1.103 0.563 0.422 0.419 0.437 0.453
0.00027635 -1.75000 10.06446 0.8118929863 2.4228137108    0.750  1.727  3.8178  2.809    4  0.000  0.529     0.00     0.00     0.00     0.00     0.00 -1    -1e-30      0.00 7.498e-01 2.499e-01 5.217e-05 1.507e-05 1.319e-04 -1.000 3.059e-04 0.453 1.097 0.558 0.418 0.417 0.434 0.451
0.00027635 -1.75000 10.06446 0.8119519949 2.4228336571    0.750  1.727  3.8187  2.812    4  0.000  0.529     0.00     0.00     0.00     0.00     0.00 -1    -1e-30      0.00 7.498e-01 2.499e-01 5.217e-05 1.507e-05 1.319e-04 -1.000 3.059e-04 0.452 1.092 0.554 0.418 0.418 0.436 0.453
0.00027635 -1.75000 10.06446 0.8120104671 2.4228534187    0.750  1.727  3.8199  2.817    4  0.000  0.529     0.00     0.00     0.00     0.00     0.00 -1    -1e-30      0.00 7.498e-01 2.499e-01 5.217e-05 1.507e-05 1.319e-04 -1.000 3.059e-04 0.451 1.087 0.551 0.418 0.420 0.439 0.456
0.00027635 -1.75000 10.06446 0.8120654821 2.4228720090    0.750  1.727  3.8211  2.822    4  0.000  0.529     0.00     0.00     0.00     0.00     0.00 -1    -1e-30      0.00 7.498e-01 2.499e-01 5.217e-05 1.507e-05 1.319e-04 -1.000 3.059e-04 0.452 1.083 0.548 0.419 0.423 0.443 0.461
0.00027635 -1.75000 10.06446 0.8121194839 2.4228902541    0.750  1.727  3.8224  2.827    4  0.000  0.529     0.00     0.00     0.00     0.00     0.00 -1    -1e-30      0.00 7.498e-01 2.499e-01 5.217e-05 1.507e-05 1.319e-04 -1.000 3.058e-04 0.452 1.079 0.545 0.421 0.427 0.448 0.466
0.00027635 -1.75000 10.06446 0.8121742010 2.4229087379    0.750  1.727  3.8237  2.833    4  0.000  0.529     0.00     0.00     0.00     0.00     0.00 -1    -1e-30      0.00 7.498e-01 2.499e-01 5.217e-05 1.507e-05 1.319e-04 -1.000 3.059e-04 0.454 1.075 0.542 0.423 0.431 0.453 0.471
0.00027635 -1.75000 10.06446 0.8122314215 2.4229280644    0.750  1.726  3.8250  2.839    4  0.000  0.529     0.00     0.00     0.00     0.00     0.00 -1    -1e-30      0.00 7.498e-01 2.499e-01 5.217e-05 1.507e-05 1.319e-04 -1.000 3.059e-04 0.455 1.071 0.540 0.425 0.436 0.458 0.477
0.00027635 -1.75000 10.06446 0.8122878075 2.4229471060    0.750  1.726  3.8261  2.844    4  0.000  0.529     0.00     0.00     0.00     0.00     0.00 -1    -1e-30      0.00 7.498e-01 2.499e-01 5.217e-05 1.507e-05 1.319e-04 -1.000 3.059e-04 0.456 1.068 0.538 0.426 0.439 0.463 0.481
0.00027635 -1.75000 10.06446 0.8123458624 2.4229667080    0.750  1.725  3.8269  2.847    4  0.000  0.529     0.00     0.00     0.00     0.00     0.00 -1    -1e-30      0.00 7.498e-01 2.499e-01 5.217e-05 1.507e-05 1.319e-04 -1.000 3.059e-04 0.456 1.065 0.536 0.427 0.442 0.466 0.485
0.00027635 -1.75000 10.06446 0.8124033809 2.4229861257    0.750  1.725  3.8274  2.849    4  0.000  0.529     0.00     0.00     0.00     0.00     0.00 -1    -1e-30      0.00 7.498e-01 2.499e-01 5.217e-05 1.507e-05 1.319e-04 -1.000 3.059e-04 0.457 1.064 0.535 0.428 0.443 0.467 0.486
0.00027635 -1.75000 10.06446 0.8124603033 2.4230053390    0.750  1.726  3.8276  2.850    4  0.000  0.529     0.00     0.00     0.00     0.00     0.00 -1    -1e-30      0.00 7.498e-01 2.499e-01 5.217e-05 1.507e-05 1.319e-04 -1.000 3.059e-04 0.456 1.062 0.534 0.427 0.443 0.467 0.486
0.00027635 -1.75000 10.06446 0.8125153780 2.4230239258    0.750  1.726  3.8273  2.849    4  0.000  0.529     0.00     0.00     0.00     0.00     0.00 -1    -1e-30      0.00 7.498e-01 2.499e-01 5.217e-05 1.507e-05 1.319e-04 -1.000 3.059e-04 0.455 1.062 0.533 0.426 0.441 0.466 0.485
0.00027635 -1.75000 10.06446 0.8125394583 2.4230320515    0.750  1.726  3.8271  2.847    4  0.000  0.529     0.00     0.00     0.00     0.00     0.00 -1    -1e-30      0.00 7.498e-01 2.499e-01 5.217e-05 1.507e-05 1.319e-04 -1.000 3.059e-04 0.454 1.062 0.533 0.425 0.440 0.464 0.483
0.00027635 -1.75000 10.06446 0.8125520349 2.4230362952    0.750  1.726  3.8269  2.846    4  0.000  0.529     0.00     0.00     0.00     0.00     0.00 -1    -1e-30      0.00 7.498e-01 2.499e-01 5.217e-05 1.507e-05 1.319e-04 -1.000 3.059e-04 0.454 1.063 0.533 0.425 0.439 0.463 0.482
0.00027635 -1.75000 10.06446 0.8126071095 2.4230548771    0.750  1.727  3.8258  2.841    4  0.000  0.529     0.00     0.00     0.00     0.00     0.00 -1    -1e-30      0.00 7.498e-01 2.499e-01 5.217e-05 1.507e-05 1.319e-04 -1.000 3.058e-04 0.451 1.064 0.534 0.422 0.434 0.457 0.476
0.00027635 -1.75000 10.06446 0.8126628995 2.4230736974    0.750  1.729  3.8240  2.833    4  0.000  0.529     0.00     0.00     0.00     0.00     0.00 -1    -1e-30      0.00 7.498e-01 2.499e-01 5.217e-05 1.507e-05 1.319e-04 -1.000 3.059e-04 0.448 1.068 0.535 0.417 0.427 0.449 0.467
0.00027635 -1.75000 10.06446 0.8127177954 2.4230922131    0.750  1.731  3.8218  2.822    4  0.000  0.529     0.00     0.00     0.00     0.00     0.00 -1    -1e-30      0.00 7.498e-01 2.499e-01 5.217e-05 1.507e-05 1.319e-04 -1.000 3.059e-04 0.444 1.072 0.537 0.412 0.417 0.437 0.455
0.00027635 -1.75000 10.06446 0.8127717972 2.4231104245    0.751  1.733  3.8190  2.809    4  0.000  0.529     0.00     0.00     0.00     0.00     0.00 -1    -1e-30      0.00 7.498e-01 2.499e-01 5.217e-05 1.507e-05 1.319e-04 -1.000 3.059e-04 0.438 1.077 0.540 0.405 0.405 0.424 0.440
0.00027635 -1.75000 10.06446 0.8128255606 2.4231285528    0.751  1.735  3.8157  2.793    4  0.000  0.529     0.00     0.00     0.00     0.00     0.00 -1    -1e-30      0.00 7.498e-01 2.499e-01 5.217e-05 1.507e-05 1.319e-04 -1.000 3.059e-04 0.432 1.085 0.544 0.397 0.391 0.407 0.423
0.00027635 -1.75000 10.06446 0.8128790259 2.4231465778    0.751  1.738  3.8118  2.775    4  0.000  0.529     0.00     0.00     0.00     0.00     0.00 -1    -1e-30      0.00 7.498e-01 2.499e-01 5.217e-05 1.507e-05 1.319e-04 -1.000 3.059e-04 0.425 1.093 0.548 0.388 0.375 0.389 0.403
0.00027635 -1.75000 10.06446 0.8129325509 2.4231646202    0.751  1.741  3.8075  2.754    4  0.000  0.529     0.00     0.00     0.00     0.00     0.00 -1    -1e-30      0.00 7.498e-01 2.499e-01 5.217e-05 1.507e-05 1.319e-04 -1.000 3.059e-04 0.417 1.105 0.554 0.378 0.358 0.368 0.381
0.00027635 -1.75000 10.06446 0.8129376173 2.4231663278    0.751  1.742  3.8071  2.752    4  0.000  0.529     0.00     0.00     0.00     0.00     0.00 -1    -1e-30      0.00 7.498e-01 2.499e-01 5.217e-05 1.507e-05 1.319e-04 -1.000 3.059e-04 0.416 1.106 0.555 0.377 0.356 0.366 0.379
0.00027635 -1.75000 10.06446 0.8129468560 2.4231694417    0.751  1.742  3.8062  2.748    4  0.000  0.529     0.00     0.00     0.00     0.00     0.00 -1    -1e-30      0.00 7.498e-01 2.499e-01 5.217e-05 1.507e-05 1.319e-04 -1.000 3.059e-04 0.415 1.108 0.556 0.375 0.353 0.362 0.375
0.00027635 -1.75000 10.06446 0.8130013943 2.4231878221    0.751  1.746  3.8011  2.724    4  0.000  0.529     0.00     0.00     0.00     0.00     0.00 -1    -1e-30      0.00 7.498e-01 2.499e-01 5.217e-05 1.507e-05 1.319e-04 -1.000 3.059e-04 0.405 1.122 0.563 0.364 0.332 0.338 0.348
0.00027635 -1.75000 10.06446 0.8130545616 2.4232057377    0.751  1.750  3.7961  2.700    4  0.000  0.529     0.00     0.00     0.00     0.00     0.00 -1    -1e-30      0.00 7.498e-01 2.499e-01 5.217e-05 1.507e-05 1.319e-04 -1.000 3.059e-04 0.395 1.137 0.570 0.352 0.312 0.313 0.323
0.00027635 -1.75000 10.06446 0.8131114244 2.4232248956    0.751  1.755  3.7904  2.672    4  0.000  0.529     0.00     0.00     0.00     0.00     0.00 -1    -1e-30      0.00 7.498e-01 2.499e-01 5.217e-05 1.507e-05 1.319e-04 -1.000 3.059e-04 0.382 1.154 0.577 0.339 0.288 0.285 0.292
0.00027635 -1.75000 10.06446 0.8131656051 2.4232431470    0.751  1.760  3.7849  2.645    4  0.000  0.529     0.00     0.00     0.00     0.00     0.00 -1    -1e-30      0.00 7.498e-01 2.499e-01 5.217e-05 1.507e-05 1.319e-04 -1.000 3.059e-04 0.369 1.170 0.583 0.325 0.265 0.257 0.262
0.00027635 -1.75000 10.06446 0.8132174611 2.4232606127    0.751  1.766  3.7803  2.621    4  0.000  0.529     0.00     0.00     0.00     0.00     0.00 -1    -1e-30      0.00 7.498e-01 2.499e-01 5.217e-05 1.507e-05 1.319e-04 -1.000 3.059e-04 0.356 1.181 0.586 0.311 0.243 0.231 0.235
0.00027635 -1.75000 10.06446 0.8132709265 2.4232786177    0.751  1.772  3.7757  2.597    4  0.000  0.529     0.00     0.00     0.00     0.00     0.00 -1    -1e-30      0.00 7.498e-01 2.499e-01 5.217e-05 1.507e-05 1.319e-04 -1.000 3.059e-04 0.341 1.194 0.588 0.297 0.221 0.204 0.206
0.00027635 -1.75000 10.06446 0.8133234978 2.4232963190    0.751  1.777  3.7721  2.577    4  0.000  0.529     0.00     0.00     0.00     0.00     0.00 -1    -1e-30      0.00 7.498e-01 2.499e-01 5.217e-05 1.507e-05 1.319e-04 -1.000 3.059e-04 0.327 1.202 0.587 0.283 0.200 0.180 0.180
0.00027635 -1.75000 10.06446 0.8133765459 2.4233141782    0.751  1.784  3.7686  2.557    4  0.000  0.529     0.00     0.00     0.00     0.00     0.00 -1    -1e-30      0.00 7.498e-01 2.499e-01 5.217e-05 1.507e-05 1.319e-04 -1.000 3.059e-04 0.311 1.209 0.584 0.268 0.179 0.155 0.154
0.00027635 -1.75000 10.06446 0.8134297132 2.4233320748    0.751  1.790  3.7654  2.537    4  0.000  0.529     0.00     0.00     0.00     0.00     0.00 -1    -1e-30      0.00 7.498e-01 2.499e-01 5.217e-05 1.507e-05 1.319e-04 -1.000 3.059e-04 0.294 1.212 0.579 0.251 0.156 0.130 0.127
0.00027635 -1.75000 10.06446 0.8134832382 2.4233500891    0.751  1.799  3.7617  2.513    4  0.000  0.529     0.00     0.00     0.00     0.00     0.00 -1    -1e-30      0.00 7.498e-01 2.499e-01 5.217e-05 1.507e-05 1.319e-04 -1.000 3.059e-04 0.271 1.213 0.570 0.229 0.128 0.097 0.094
0.00027635 -1.75000 10.06446 0.8134927154 2.4233532784    0.751  1.791  3.7650  2.534    4  0.000  0.529     0.00     0.00     0.00     0.00     0.00 -1    -1e-30      0.00 7.498e-01 2.499e-01 5.217e-05 1.507e-05 1.319e-04 -1.000 3.059e-04 0.292 1.213 0.578 0.248 0.153 0.126 0.123
0.00027635 -1.75000 10.06446 0.8134937882 2.4233536395    0.751  1.790  3.7654  2.537    4  0.000  0.529     0.00     0.00     0.00     0.00     0.00 -1    -1e-30      0.00 7.498e-01 2.499e-01 5.217e-05 1.507e-05 1.319e-04 -1.000 3.058e-04 0.294 1.213 0.579 0.251 0.156 0.130 0.127
0.00027635 -1.75000 10.06446 0.8135444522 2.4233706879    0.751  1.805  3.7596  2.499    4  0.000  0.529     0.00     0.00     0.00     0.00     0.00 -1    -1e-30      0.00 7.498e-01 2.499e-01 5.217e-05 1.507e-05 1.319e-04 -1.000 3.058e-04 0.258 1.213 0.564 0.215 0.111 0.078 0.073
0.00027635 -1.75000 10.06446 0.8135943413 2.4233874731    0.751  1.823  3.7543  2.460    4  0.000  0.529     0.00     0.00     0.00     0.00     0.00 -1    -1e-30      0.00 7.498e-01 2.499e-01 5.217e-05 1.507e-05 1.319e-04 -1.000 3.059e-04 0.213 1.206 0.540 0.171 0.058 0.020 0.013
0.00027635 -1.75000 10.06446 0.8136363029 2.4234015893    0.751  1.853  3.7474  2.403    4  0.000  0.529     0.00     0.00     0.00     0.00     0.00 -1    -1e-30      0.00 7.498e-01 2.499e-01 5.217e-05 1.507e-05 1.319e-04 -1.000 3.059e-04 0.138 1.182 0.492 0.098 -0.027 -0.072 -0.082
0.00027635 -1.75000 10.06446 0.8136590719 2.4234092483    0.752  1.888  3.7403  2.339    4  0.000  0.529     0.00     0.00     0.00     0.00     0.00 -1    -1e-30      0.00 7.498e-01 2.499e-01 5.217e-05 1.507e-05 1.319e-04 -1.000 3.059e-04 0.049 1.147 0.430 0.010 -0.127 -0.179 -0.192
0.00027635 -1.75000 10.06446 0.8136693239 2.4234126967    0.752  1.926  3.7339  2.276    4  0.000  0.529     0.00     0.00     0.00     0.00     0.00 -1    -1e-30      0.00 7.498e-01 2.499e-01 5.217e-05 1.507e-05 1.319e-04 -1.000 3.059e-04 -0.044 1.110 0.362 -0.082 -0.230 -0.289 -0.305
0.00027635 -1.75000 10.06446 0.8136739135 2.4234142404    0.752  1.964  3.7283  2.215    4  0.000  0.529     0.00     0.00     0.00     0.00     0.00 -1    -1e-30      0.00 7.498e-01 2.499e-01 5.217e-05 1.507e-05 1.319e-04 -1.000 3.058e-04 -0.140 1.066 0.290 -0.175 -0.333 -0.398 -0.417
0.00027635 -1.75000 10.06446 0.8136761189 2.4234149821    0.752  2.001  3.7236  2.159    4  0.000  0.529     0.00     0.00     0.00     0.00     0.00 -1    -1e-30      0.00 7.498e-01 2.499e-01 5.217e-05 1.507e-05 1.319e-04 -1.000 3.059e-04 -0.232 1.019 0.217 -0.266 -0.432 -0.502 -0.523
0.00027635 -1.75000 10.06446 0.8136769533 2.4234152628    0.752  2.025  3.7210  2.125    7  0.000  0.529     0.00     0.00     0.00     0.00     0.00 -1    -1e-30      0.00 7.498e-01 2.499e-01 5.217e-05 1.507e-05 1.319e-04 -1.000 3.059e-04 -0.293 0.984 0.167 -0.326 -0.496 -0.569 -0.591
0.00027635 -1.75000 10.06446 0.8136779666 2.4234156036    0.752  2.065  3.7174  2.070    7  0.000  0.529     0.00     0.00     0.00     0.00     0.00 -1    -1e-30      0.00 7.498e-01 2.499e-01 5.217e-05 1.507e-05 1.319e-04 -1.000 3.058e-04 -0.393 0.923 0.085 -0.423 -0.600 -0.677 -0.700
0.00027635 -1.75000 10.06446 0.8136788607 2.4234159044    0.752  2.100  3.7144  2.023    7  0.000  0.529     0.00     0.00     0.00     0.00     0.00 -1    -1e-30      0.00 7.498e-01 2.499e-01 5.217e-05 1.507e-05 1.319e-04 -1.000 3.059e-04 -0.481 0.867 0.010 -0.510 -0.691 -0.772 -0.797
0.00027635 -1.75000 10.06446 0.8136797547 2.4234162051    0.752  2.129  3.7123  1.986    7  0.000  0.529     0.00     0.00     0.00     0.00     0.00 -1    -1e-30      0.00 7.498e-01 2.499e-01 5.217e-05 1.507e-05 1.319e-04 -1.000 3.058e-04 -0.553 0.820 -0.051 -0.580 -0.765 -0.849 -0.875
0.00027635 -1.75000 10.06446 0.8136805892 2.4234164857    0.752  2.146  3.7111  1.965    7  0.000  0.529     0.00     0.00     0.00     0.00     0.00 -1    -1e-30      0.00 7.498e-01 2.499e-01 5.217e-05 1.507e-05 1.319e-04 -1.000 3.060e-04 -0.594 0.793 -0.087 -0.621 -0.809 -0.893 -0.920
0.00027635 -1.75000 10.06446 0.8136819601 2.4234169468    0.752  2.159  3.7103  1.948    7  0.000  0.529     0.00     0.00     0.00     0.00     0.00 -1    -1e-30      0.00 7.498e-01 2.499e-01 5.217e-05 1.507e-05 1.319e-04 -1.000 3.059e-04 -0.627 0.770 -0.115 -0.654 -0.842 -0.928 -0.955
0.00027635 -1.75000 10.06446 0.8136844039 2.4234177688    0.752  2.147  3.7111  1.963    7  0.000  0.529     0.00     0.00     0.00     0.00     0.00 -1    -1e-30      0.00 7.498e-01 2.499e-01 5.217e-05 1.507e-05 1.319e-04 -1.000 3.059e-04 -0.598 0.788 -0.091 -0.625 -0.812 -0.897 -0.924
0.00027635 -1.75000 10.06446 0.8136885166 2.4234191521    0.752  2.128  3.7126  1.988    7  0.000  0.529     0.00     0.00     0.00     0.00     0.00 -1    -1e-30      0.00 7.498e-01 2.499e-01 5.217e-05 1.507e-05 1.319e-04 -1.000 3.058e-04 -0.550 0.820 -0.049 -0.577 -0.762 -0.845 -0.871
0.00027635 -1.75000 10.06446 0.8137132525 2.4234274714    0.752  2.150  3.7106  1.958    7  0.000  0.529     0.00     0.00     0.00     0.00     0.00 -1    -1e-30      0.00 7.498e-01 2.499e-01 5.217e-05 1.507e-05 1.319e-04 -1.000 3.059e-04 -0.606 0.787 -0.096 -0.632 -0.820 -0.906 -0.933
0.00027635 -1.75000 10.06446 0.8137283325 2.4234325429    0.752  2.175  3.7086  1.926    7  0.000  0.529     0.00     0.00     0.00     0.00     0.00 -1    -1e-30      0.00 7.498e-01 2.499e-01 5.217e-05 1.507e-05 1.319e-04 -1.000 3.059e-04 -0.667 0.751 -0.147 -0.692 -0.884 -0.972 -1.000
0.00027635 -1.75000 10.06446 0.8137465715 2.4234386765    0.752  2.218  3.7054  1.869    7  0.000  0.529     0.00     0.00     0.00     0.00     0.00 -1    -1e-30      0.00 7.498e-01 2.499e-01 5.217e-05 1.507e-05 1.319e-04 -1.000 3.059e-04 -0.776 0.685 -0.238 -0.798 -0.996 -1.088 -1.117
0.00027635 -1.75000 10.06446 0.8137652278 2.4234449501    0.752  2.273  3.7016  1.800    7  0.000  0.529     0.00     0.00     0.00     0.00     0.00 -1    -1e-30      0.00 7.498e-01 2.499e-01 5.217e-05 1.507e-05 1.319e-04 -1.000 3.059e-04 -0.911 0.601 -0.353 -0.930 -1.135 -1.231 -1.263
0.00027635 -1.75000 10.06446 0.8137819767 2.4234505821    0.752  2.320  3.6984  1.739    7  0.000  0.529     0.00     0.00     0.00     0.00     0.00 -1    -1e-30      0.00 7.498e-01 2.499e-01 5.217e-05 1.507e-05 1.319e-04 -1.000 3.059e-04 -1.031 0.528 -0.453 -1.046 -1.257 -1.357 -1.391
0.00027635 -1.75000 10.06446 0.8137968183 2.4234555724    0.752  2.364  3.6955  1.684    7  0.000  0.529     0.00     0.00     0.00     0.00     0.00 -1    -1e-30      0.00 7.499e-01 2.499e-01 5.216e-05 1.507e-05 1.319e-04 -1.000 2.849e-04 -1.141 0.461 -0.546 -1.152 -1.368 -1.473 -1.508
0.00027635 -1.75000 10.06446 0.8138099313 2.4234599814    0.752  2.407  3.6927  1.630    7  0.000  0.528     0.00     0.00     0.00     0.00     0.00 -1    -1e-30      0.00 7.499e-01 2.498e-01 5.214e-05 1.507e-05 1.319e-04 -1.000 2.788e-04 -1.248 0.396 -0.636 -1.256 -1.478 -1.585 -1.622
0.00027635 -1.75000 10.06446 0.8138214350 2.4234638492    0.752  2.449  3.6900  1.577    7  0.000  0.527     0.00     0.00     0.00     0.00     0.00 -1    -1e-30      0.00 7.499e-01 2.498e-01 5.204e-05 1.512e-05 1.319e-04 -1.000 2.788e-04 -1.353 0.333 -0.724 -1.358 -1.584 -1.696 -1.734
0.00027635 -1.75000 10.06446 0.8138316274 2.4234672759    0.752  2.491  3.6873  1.525    7  0.000  0.522     0.00     0.00     0.00     0.00     0.00 -1    -1e-30      0.00 7.499e-01 2.499e-01 5.171e-05 1.536e-05 1.319e-04 -1.000 2.809e-04 -1.456 0.274 -0.809 -1.456 -1.688 -1.803 -1.843
0.00027635 -1.75000 10.06446 0.8138409257 2.4234704020    0.752  2.532  3.6846  1.472    7  0.000  0.513     6.96     5.52     3.92     3.03     2.45  3    -1e-30      0.00 7.498e-01 2.499e-01 5.103e-05 1.602e-05 1.319e-04 -1.000 3.058e-04 -1.560 0.224 -0.893 -1.556 -1.794 -1.912 -1.954
0.00027635 -1.75000 10.06446 0.8138493896 2.4234732474    0.752  2.574  3.6819  1.420    7  0.000  0.501     7.78     6.07     4.29     3.33     2.69  3    -1e-30      0.00 7.497e-01 2.499e-01 4.999e-05 1.716e-05 1.319e-04 -1.000 3.059e-04 -1.665 0.191 -0.975 -1.659 -1.902 -2.023 -2.067
0.00027635 -1.75000 10.06446 0.8138573170 2.4234759125    0.752  2.616  3.6791  1.367    7  0.000  0.489     8.71     6.69     4.70     3.65     2.95  3    -1e-30      0.00 7.497e-01 2.500e-01 4.878e-05 1.860e-05 1.320e-04 -1.000 3.058e-04 -1.770 0.164 -1.055 -1.762 -2.010 -2.136 -2.181
0.00027635 -1.75000 10.06446 0.8138647079 2.4234783971    0.752  2.658  3.6763  1.313    7  0.000  0.477     9.76     7.37     5.16     4.01     3.25  3    -1e-30      0.00 7.495e-01 2.502e-01 4.761e-05 2.004e-05 1.320e-04 -1.000 2.936e-04 -1.875 0.147 -1.132 -1.864 -2.119 -2.248 -2.295
0.00027635 -1.75000 10.06446 0.8138716817 2.4234807415    0.752  2.700  3.6735  1.260    7  0.000  0.467    10.92     8.10     5.65     4.40     3.56  3    -1e-30      0.00 7.494e-01 2.503e-01 4.658e-05 2.130e-05 1.320e-04 -1.000 3.058e-04 -1.979 0.136 -1.205 -1.965 -2.226 -2.360 -2.408
0.00027635 -1.75000 10.06446 0.8138784170 2.4234830056    0.752  2.741  3.6707  1.208    7  0.000  0.458    12.21     8.91     6.18     4.82     3.91  2    -1e-30      0.00 7.492e-01 2.505e-01 4.569e-05 2.239e-05 1.319e-04 -1.000 3.058e-04 -2.083 0.133 -1.275 -2.065 -2.333 -2.470 -2.521
0.00027635 -1.75000 10.06446 0.8138848543 2.4234851696    0.752  2.783  3.6679  1.155    7  0.000  0.450    13.67     9.81     6.78     5.29     4.29  2    -1e-30      0.00 7.491e-01 2.506e-01 4.493e-05 2.332e-05 1.319e-04 -1.000 3.058e-04 -2.187 0.137 -1.343 -2.164 -2.440 -2.581 -2.633
0.00027635 -1.75000 10.06446 0.8138906956 2.4234871331    0.752  2.825  3.6650  1.101    7  0.000  0.444    15.32    10.81     7.44     5.82     4.71  2    -1e-30      0.00 7.490e-01 2.507e-01 4.427e-05 2.413e-05 1.319e-04 -1.000 3.059e-04 -2.292 0.150 -1.408 -2.264 -2.547 -2.693 -2.747
0.00027635 -1.75000 10.06446 0.8138955235 2.4234887560    0.752  2.865  3.6622  1.050    7  0.000  0.439    17.10    11.87     8.13     6.37     5.16  2    -1e-30      0.00 7.488e-01 2.509e-01 4.374e-05 2.479e-05 1.318e-04 -1.000 3.060e-04 -2.393 0.172 -1.466 -2.358 -2.650 -2.800 -2.857
0.00027635 -1.75000 10.06446 0.8138995767 2.4234901184    0.752  2.905  3.6593  0.998    7  0.000  0.434    19.06    13.02     8.88     6.97     5.64  2    -1e-30      0.00 7.487e-01 2.510e-01 4.328e-05 2.537e-05 1.317e-04 -1.000 3.060e-04 -2.493 0.203 -1.520 -2.451 -2.752 -2.907 -2.965
0.00027635 -1.75000 10.06446 0.8139030933 2.4234913005    0.752  2.945  3.6565  0.947    7  0.000  0.431    21.26    14.28     9.70     7.62     6.18  2    -1e-30      0.00 7.485e-01 2.512e-01 4.287e-05 2.591e-05 1.316e-04 -1.000 2.937e-04 -2.592 0.225 -1.571 -2.539 -2.850 -3.010 -3.071
0.00027635 -1.75000 10.06446 0.8139063716 2.4234924024    0.752  2.986  3.6534  0.894    7  0.000  0.428    23.82    15.73    10.64     8.37     6.79  1    -1e-30      0.00 7.483e-01 2.514e-01 4.251e-05 2.641e-05 1.315e-04 -1.000 3.059e-04 -2.696 0.228 -1.628 -2.629 -2.951 -3.117 -3.180
0.00027635 -1.75000 10.06446 0.8139097095 2.4234935244    0.752  3.031  3.6502  0.836    7  0.000  0.426    26.91    17.45    11.75     9.26     7.51  1    -1e-30      0.00 7.481e-01 2.515e-01 4.221e-05 2.686e-05 1.313e-04 -1.000 3.059e-04 -2.807 0.232 -1.688 -2.726 -3.058 -3.230 -3.297
0.00027635 -1.75000 10.06446 0.8139126897 2.4234945261    0.752  3.078  3.6466  0.774    7  0.000  0.424    30.72    19.53    13.08    10.32     8.37  1    -1e-30      0.00 7.480e-01 2.517e-01 4.195e-05 2.733e-05 1.310e-04 -1.000 3.059e-04 -2.926 0.238 -1.751 -2.827 -3.172 -3.351 -3.421
0.00027635 -1.75000 10.06446 0.8139136434 2.4234948466    0.752  3.107  3.6444  0.736    7  0.000  0.423    33.27    20.90    13.96    11.02     8.94  1    -1e-30      0.00 7.479e-01 2.518e-01 4.184e-05 2.755e-05 1.309e-04 -1.000 3.059e-04 -2.998 0.243 -1.788 -2.888 -3.241 -3.424 -3.495
0.00027635 -1.75000 10.06446 0.8139138818 2.4234949268    0.752  3.131  3.6426  0.706    7  0.000  0.423    35.51    22.09    14.72    11.63     9.44  1    -1e-30      0.00 7.478e-01 2.519e-01 4.175e-05 2.781e-05 1.307e-04 -1.000 3.058e-04 -3.057 0.246 -1.819 -2.938 -3.297 -3.484 -3.556
0.00027635 -1.75000 10.06446 0.8139141798 2.4234950270    0.752  3.162  3.6403  0.665    7  0.000  0.422    38.69    23.76    15.78    12.48    10.13  1    -1e-30      0.00 7.476e-01 2.521e-01 4.160e-05 2.826e-05 1.304e-04 -1.000 3.058e-04 -3.134 0.252 -1.857 -3.003 -3.370 -3.562 -3.636
0.00027635 -1.75000 10.06446 0.8139145970 2.4234951672    0.752  3.196  3.6376  0.620    7  0.549  0.421    42.60    25.79    17.06    13.52    10.97  1    -1e-30      0.00 7.474e-01 2.523e-01 4.134e-05 2.890e-05 1.300e-04 -1.000 3.058e-04 -3.220 0.262 -1.895 -3.072 -3.450 -3.648 -3.725
0.00027635 -1.75000 10.06446 0.8139148355 2.4234952473    0.752  3.294  3.6280  0.485    8  0.531  0.417    56.84    32.95    21.56    17.14    13.92  1 -5.63e-07      0.00 7.432e-01 2.566e-01 3.994e-05 3.418e-05 1.307e-04 -1.000 2.334e-04 -3.464 0.339 -1.968 -3.254 -3.669 -3.887 -3.972
0.00027635 -1.75000 10.06446 0.8139148951 2.4234952674    0.750  3.102  3.6426  0.734    8  0.531  0.407    33.44    20.99    14.01    11.07     8.98  1 -2.43e-07      0.00 7.432e-01 2.566e-01 3.994e-05 3.418e-05 1.307e-04 -1.000 2.333e-04 -2.985 0.297 -1.755 -2.867 -3.224 -3.410 -3.483
0.00027635 -1.75000 10.06446 0.8139150143 2.4234953074    0.749  2.952  3.6545  0.930    8  0.531  0.407    22.02    14.71     9.98     7.84     6.36  2  -1.3e-07      0.00 7.432e-01 2.566e-01 3.994e-05 3.418e-05 1.307e-04 -1.000 2.334e-04 -2.611 0.262 -1.564 -2.549 -2.866 -3.029 -3.092
0.00027635 -1.75000 10.06446 0.8139151931 2.4234953675    0.745  2.749  3.6706  1.195    8  0.532  0.407    12.51     9.10     6.31     4.92     3.99  2 -5.86e-08      0.00 7.432e-01 2.566e-01 3.994e-05 3.418e-05 1.307e-04 -1.000 2.334e-04 -2.104 0.120 -1.294 -2.086 -2.354 -2.492 -2.542
0.00027635 -1.75000 10.06446 0.8139154315 2.4234954477    0.740  2.756  3.6700  1.183    8  0.532  0.407    12.81     9.28     6.42     5.02     4.06  2 -6.08e-08      0.00 7.432e-01 2.566e-01 3.994e-05 3.418e-05 1.307e-04 -1.000 2.334e-04 -2.119 0.128 -1.301 -2.100 -2.371 -2.509 -2.560
0.00027635 -1.75000 10.06446 0.8139157891 2.4234955679    0.733  2.850  3.6623  1.055    8  0.532  0.407    16.79    11.68     8.00     6.27     5.08  2 -8.93e-08      0.00 7.432e-01 2.566e-01 3.994e-05 3.418e-05 1.307e-04 -1.000 2.334e-04 -2.354 0.202 -1.430 -2.320 -2.611 -2.761 -2.817
0.00027635 -1.75000 10.06446 0.8139162064 2.4234957081    0.725  3.023  3.6483  0.821    8  0.532  0.407    27.56    17.77    11.95     9.43     7.64  1 -1.87e-07      0.00 7.432e-01 2.566e-01 3.994e-05 3.418e-05 1.307e-04 -1.000 2.334e-04 -2.787 0.304 -1.644 -2.697 -3.035 -3.211 -3.278
0.00027635 -1.75000 10.06446 0.8139166832 2.4234958684    0.716  3.176  3.6359  0.613    8  0.533  0.407    42.85    25.82    17.06    13.54    10.99  1 -3.73e-07      0.00 7.432e-01 2.566e-01 3.994e-05 3.418e-05 1.307e-04 -1.000 2.334e-04 -3.169 0.357 -1.820 -3.011 -3.394 -3.595 -3.673
0.00027635 -1.75000 10.06446 0.8139172196 2.4234960487    0.705  3.278  3.6275  0.470    8  0.533  0.407    57.89    33.27    21.73    17.32    14.06  1 -6.08e-07      0.00 7.432e-01 2.566e-01 3.994e-05 3.418e-05 1.307e-04 -1.000 2.334e-04 -3.425 0.401 -1.915 -3.211 -3.628 -3.848 -3.934
0.00027635 -1.75000 10.06446 0.8139178753 2.4234962691    0.694  3.336  3.6226  0.386    8  0.533  0.407    69.07    38.56    25.01    19.99    16.23  1 -8.19e-07      0.00 7.432e-01 2.566e-01 3.994e-05 3.418e-05 1.307e-04 -1.000 2.334e-04 -3.569 0.426 -1.951 -3.315 -3.757 -3.989 -4.080
0.00027635 -1.75000 10.06446 0.8139185309 2.4234964895    0.681  3.366  3.6199  0.337    8  0.534  0.407    76.50    41.96    27.09    21.70    17.62  1 -9.83e-07      0.00 7.432e-01 2.566e-01 3.994e-05 3.418e-05 1.307e-04 -1.000 2.334e-04 -3.645 0.446 -1.963 -3.367 -3.823 -4.063 -4.157
0.00027635 -1.75000 10.06446 0.8139193058 2.4234967499    0.667  3.386  3.6180  0.301    8  0.534  0.407    82.37    44.55    28.68    23.01    18.68  1 -1.13e-06      0.00 7.432e-01 2.566e-01 3.994e-05 3.418e-05 1.307e-04 -1.000 2.334e-04 -3.694 0.462 -1.966 -3.399 -3.865 -4.110 -4.206
0.00027635 -1.75000 10.06446 0.8139227629 2.4234979119    0.536 -9.999  4.0000  1.816    9  0.537  0.000     0.00     0.00     0.00     0.00     0.00 -1    -1e-30      0.00 7.432e-01 2.566e-01 3.994e-05 3.418e-05 1.307e-04 -1.000 2.334e-04 29.767 30.105 29.967 30.246 30.474 30.554 30.642
