# Zini     MH   logAge Mini        int_IMF         Mass   logL    logTe  logg  label   McoreTP C_O  period0  period1  period2  period3  period4  pmode  Mloss  tau1m   X   Y   Xc  Xn  Xo  Cexcess  Z 	 mbolmag  umag    gmag    rmag    imag    zmag    Ymag
0.00123 -1.10000 10.05690 0.0900000036 1.0816895926    0.090 -3.225  3.4506  5.372    1  0.000  0.545     0.00     0.00     0.00     0.00     0.00 -1 -5.15e-17      0.00 7.460e-01 2.527e-01 2.335e-04 6.300e-05 5.714e-04 -1.000 1.299e-03 12.832 18.066 16.939 15.111 12.961 12.233 12.087
0.00123 -1.10000 10.05690 0.0931330100 1.1110408511    0.093 -3.144  3.4620  5.352    1  0.000  0.545     0.00     0.00     0.00     0.00     0.00 -1 -6.23e-17      0.00 7.456e-01 2.531e-01 2.335e-04 6.300e-05 5.714e-04 -1.000 1.299e-03 12.631 17.840 16.465 14.638 12.703 12.039 11.899
0.00123 -1.10000 10.05690 0.1000000089 1.1711064744    0.100 -2.978  3.4858  5.310    1  0.000  0.545     0.00     0.00     0.00     0.00     0.00 -1 -9.26e-17      0.00 7.447e-01 2.540e-01 2.335e-04 6.300e-05 5.714e-04 -1.000 1.299e-03 12.214 17.318 15.507 13.726 12.186 11.637 11.507
0.00123 -1.10000 10.05690 0.1200000048 1.3193154741    0.120 -2.695  3.5188  5.239    1  0.000  0.545     0.00     0.00     0.00     0.00     0.00 -1 -1.76e-16      0.00 7.427e-01 2.560e-01 2.335e-04 6.300e-05 5.714e-04 -1.000 1.299e-03 11.507 16.269 14.133 12.461 11.382 10.961 10.843
0.00123 -1.10000 10.05690 0.1400000006 1.4384526719    0.140 -2.512  3.5358  5.191    1  0.000  0.545     0.00     0.00     0.00     0.00     0.00 -1 -2.62e-16      0.00 7.411e-01 2.576e-01 2.335e-04 6.300e-05 5.714e-04 -1.000 1.299e-03 11.050 15.552 13.385 11.789 10.888 10.517 10.405
0.00123 -1.10000 10.05690 0.1599999964 1.5372931554    0.160 -2.372  3.5466  5.152    1  0.000  0.545     0.00     0.00     0.00     0.00     0.00 -1 -3.55e-16      0.00 7.398e-01 2.589e-01 2.335e-04 6.300e-05 5.714e-04 -1.000 1.299e-03 10.699 15.021 12.867 11.322 10.519 10.175 10.068
0.00123 -1.10000 10.05690 0.2000000179 1.6938791367    0.200 -2.151  3.5610  5.086    1  0.000  0.545     0.00     0.00     0.00     0.00     0.00 -1 -5.69e-16      0.00 7.384e-01 2.603e-01 2.335e-04 6.300e-05 5.714e-04 -1.000 1.299e-03 10.148 14.215 12.108 10.633 9.949 9.637 9.536
0.00123 -1.10000 10.05690 0.2500000000 1.8403257998    0.250 -1.946  3.5723  5.023    1  0.000  0.545     0.00     0.00     0.00     0.00     0.00 -1 -3.51e-16      0.00 7.381e-01 2.606e-01 2.335e-04 6.300e-05 5.714e-04 -1.000 1.299e-03 9.635 13.497 11.445 10.029 9.424 9.136 9.040
0.00123 -1.10000 10.05690 0.3000000417 1.9529140366    0.300 -1.788  3.5810  4.979    1  0.000  0.545     0.00     0.00     0.00     0.00     0.00 -1 -4.41e-17      0.00 7.382e-01 2.605e-01 2.335e-04 6.301e-05 5.714e-04 -1.000 1.299e-03 9.240 12.954 10.946 9.578 9.021 8.748 8.656
0.00123 -1.10000 10.05690 0.3499999940 2.0434174644    0.350 -1.658  3.5882  4.945    1  0.000  0.545     0.00     0.00     0.00     0.00     0.00 -1 -1.57e-15      0.00 7.473e-01 2.514e-01 2.335e-04 6.300e-05 5.714e-04 -1.000 1.299e-03 8.916 12.503 10.538 9.213 8.691 8.431 8.343
0.00123 -1.10000 10.05690 0.4000000358 2.1185024810    0.400 -1.507  3.5994  4.896    1  0.000  0.545     0.00     0.00     0.00     0.00     0.00 -1  -2.2e-15      0.00 7.480e-01 2.507e-01 2.335e-04 6.300e-05 5.714e-04 -1.000 1.299e-03 8.537 11.944 10.037 8.779 8.305 8.063 7.980
0.00123 -1.10000 10.05690 0.4500000179 2.1822809362    0.450 -1.330  3.6165  4.839    1  0.000  0.545     0.00     0.00     0.00     0.00     0.00 -1 -3.34e-15      0.00 7.480e-01 2.507e-01 2.335e-04 6.300e-05 5.714e-04 -1.000 1.299e-03 8.094 11.242 9.417 8.268 7.851 7.636 7.561
0.00123 -1.10000 10.05690 0.5000000000 2.2374541529    0.500 -1.127  3.6442  4.793    1  0.000  0.545     0.00     0.00     0.00     0.00     0.00 -1 -5.33e-15      0.00 7.480e-01 2.507e-01 2.335e-04 6.300e-05 5.714e-04 -1.000 1.299e-03 7.588 10.342 8.637 7.668 7.336 7.164 7.102
0.00123 -1.10000 10.05690 0.5500000715 2.2836583126    0.550 -0.905  3.6760  4.739    1  0.000  0.544     0.00     0.00     0.00     0.00     0.00 -1 -8.99e-15      0.00 7.807e-01 2.182e-01 2.055e-04 5.547e-05 5.033e-04 -1.000 1.142e-03 7.033 9.269 7.791 7.024 6.775 6.651 6.606
0.00123 -1.10000 10.05690 0.5607938766 2.2923974405    0.560 -0.859  3.6826  4.728    1  0.000  0.544     0.00     0.00     0.00     0.00     0.00 -1    -1e-14      0.00 7.825e-01 2.164e-01 2.041e-04 5.509e-05 5.000e-04 -1.000 1.132e-03 6.919 9.042 7.625 6.895 6.660 6.545 6.503
0.00123 -1.10000 10.05690 0.6000000238 2.3211213258    0.600 -0.700  3.7053  4.689    1  0.000  0.544     0.00     0.00     0.00     0.00     0.00 -1 -1.46e-14      0.00 7.888e-01 2.101e-01 1.991e-04 5.378e-05 4.882e-04 -1.000 1.101e-03 6.520 8.274 7.077 6.459 6.265 6.179 6.150
0.00123 -1.10000 10.05690 0.6009895205 2.3217907065    0.601 -0.696  3.7059  4.688    1  0.000  0.544     0.00     0.00     0.00     0.00     0.00 -1 -1.48e-14      0.00 7.890e-01 2.099e-01 1.990e-04 5.374e-05 4.878e-04 -1.000 1.101e-03 6.510 8.254 7.063 6.448 6.255 6.170 6.141
0.00123 -1.10000 10.05690 0.6174088717 2.3325389884    0.617 -0.627  3.7165  4.673    1  0.000  0.544     0.00     0.00     0.00     0.00     0.00 -1 -1.74e-14      0.00 7.919e-01 2.070e-01 1.966e-04 5.311e-05 4.821e-04 -1.000 1.113e-03 6.337 7.932 6.834 6.265 6.089 6.017 5.993
0.00123 -1.10000 10.05690 0.6326270700 2.3419302000    0.632 -0.563  3.7261  4.658    1  0.000  0.543     0.00     0.00     0.00     0.00     0.00 -1 -2.02e-14      0.00 7.947e-01 2.042e-01 1.943e-04 5.249e-05 4.767e-04 -1.000 1.091e-03 6.177 7.647 6.629 6.098 5.938 5.876 5.858
0.00123 -1.10000 10.05690 0.6467832923 2.3502113501    0.647 -0.503  3.7349  4.643    1  0.000  0.543     0.00     0.00     0.00     0.00     0.00 -1 -2.21e-14      0.00 7.974e-01 2.015e-01 1.921e-04 5.190e-05 4.713e-04 -1.000 1.107e-03 6.027 7.394 6.444 5.946 5.798 5.746 5.732
0.00123 -1.10000 10.05690 0.6499999762 2.3520353107    0.650 -0.489  3.7369  4.640    1  0.000  0.543     0.00     0.00     0.00     0.00     0.00 -1 -2.41e-14      0.00 7.980e-01 2.009e-01 1.915e-04 5.177e-05 4.701e-04 -1.000 1.064e-03 5.993 7.338 6.403 5.911 5.766 5.717 5.704
0.00123 -1.10000 10.05690 0.6640113592 2.3597437104    0.664 -0.430  3.7448  4.621    1  0.000  0.543     0.00     0.00     0.00     0.00     0.00 -1  -2.8e-14      0.00 8.014e-01 1.976e-01 1.890e-04 5.107e-05 4.639e-04 -1.000 1.048e-03 5.844 7.105 6.226 5.762 5.629 5.588 5.579
0.00123 -1.10000 10.05690 0.6776580811 2.3669001857    0.677 -0.371  3.7521  4.601    1  0.000  0.543     0.00     0.00     0.00     0.00     0.00 -1 -3.25e-14      0.00 8.048e-01 1.942e-01 1.863e-04 5.037e-05 4.576e-04 -1.000 1.040e-03 5.698 6.882 6.053 5.618 5.496 5.463 5.457
0.00123 -1.10000 10.05690 0.6902633309 2.3732222103    0.690 -0.316  3.7588  4.580    1  0.000  0.543     0.00     0.00     0.00     0.00     0.00 -1 -3.32e-14      0.00 8.082e-01 1.908e-01 1.837e-04 4.967e-05 4.514e-04 -1.000 1.034e-03 5.560 6.680 5.894 5.484 5.373 5.347 5.344
0.00123 -1.10000 10.05690 0.6999999881 2.3779266974    0.700 -0.273  3.7637  4.563    1  0.000  0.542     0.00     0.00     0.00     0.00     0.00 -1 -4.18e-14      0.00 8.109e-01 1.881e-01 1.816e-04 4.912e-05 4.464e-04 -1.000 1.015e-03 5.452 6.527 5.771 5.380 5.276 5.255 5.254
0.00123 -1.10000 10.05690 0.7078719139 2.3816215886    0.708 -0.237  3.7675  4.547    1  0.000  0.541     0.00     0.00     0.00     0.00     0.00 -1  -4.6e-14      0.00 8.136e-01 1.854e-01 1.791e-04 4.856e-05 4.415e-04 -1.000 1.027e-03 5.363 6.405 5.671 5.293 5.196 5.178 5.179
0.00123 -1.10000 10.05690 0.7168623209 2.3857275235    0.717 -0.195  3.7718  4.528    1  0.000  0.539     0.00     0.00     0.00     0.00     0.00 -1 -5.14e-14      0.00 8.168e-01 1.822e-01 1.762e-04 4.789e-05 4.356e-04 -1.000 9.861e-04 5.258 6.265 5.555 5.193 5.102 5.088 5.091
0.00123 -1.10000 10.05690 0.7255889177 2.3896012692    0.725 -0.154  3.7758  4.507    1  0.000  0.538     0.00     0.00     0.00     0.00     0.00 -1 -5.76e-14      0.00 8.201e-01 1.790e-01 1.733e-04 4.720e-05 4.296e-04 -1.000 9.390e-04 5.154 6.129 5.440 5.093 5.008 4.999 5.003
0.00123 -1.10000 10.05690 0.7339753509 2.3932243726    0.734 -0.112  3.7795  4.486    1  0.000  0.536     0.00     0.00     0.00     0.00     0.00 -1 -6.45e-14      0.00 8.234e-01 1.756e-01 1.703e-04 4.651e-05 4.235e-04 -1.000 9.555e-04 5.051 5.996 5.327 4.994 4.914 4.909 4.914
0.00123 -1.10000 10.05690 0.7450961471 2.3978844225    0.745 -0.056  3.7842  4.454    1  0.000  0.534     0.00     0.00     0.00     0.00     0.00 -1 -3.87e-14      0.00 8.282e-01 1.709e-01 1.663e-04 4.554e-05 4.149e-04 -1.000 9.398e-04 4.909 5.824 5.173 4.857 4.785 4.784 4.791
0.00123 -1.10000 10.05690 0.7500000000 2.3998889087    0.750 -0.029  3.7861  4.439    1  0.000  0.533     0.00     0.00     0.00     0.00     0.00 -1 -8.15e-14      0.00 8.304e-01 1.687e-01 1.644e-04 4.509e-05 4.110e-04 -1.000 9.390e-04 4.844 5.746 5.103 4.794 4.725 4.726 4.733
0.00123 -1.10000 10.05690 0.7540060878 2.4015041931    0.754 -0.008  3.7876  4.425    1  0.000  0.533     0.00     0.00     0.00     0.00     0.00 -1 -8.67e-14      0.00 8.324e-01 1.667e-01 1.629e-04 4.469e-05 4.074e-04 -1.000 9.372e-04 4.790 5.683 5.046 4.742 4.675 4.677 4.685
0.00123 -1.10000 10.05690 0.7621087432 2.4047116288    0.762  0.037  3.7904  4.396    1  0.000  0.532     0.00     0.00     0.00     0.00     0.00 -1 -9.91e-14      0.00 8.365e-01 1.626e-01 1.599e-04 4.388e-05 4.001e-04 -1.000 9.317e-04 4.676 5.551 4.925 4.631 4.569 4.574 4.583
0.00123 -1.10000 10.05690 0.7700194716 2.4077683165    0.769  0.085  3.7930  4.364    1  0.000  0.532     0.00     0.00     0.00     0.00     0.00 -1 -1.14e-13      0.00 8.402e-01 1.588e-01 1.571e-04 4.312e-05 3.934e-04 -1.000 9.266e-04 4.559 5.418 4.800 4.516 4.458 4.466 4.475
0.00123 -1.10000 10.05690 0.7804802060 2.4117011090    0.780  0.150  3.7961  4.316    1  0.000  0.531     0.00     0.00     0.00     0.00     0.00 -1 -1.39e-13      0.00 8.449e-01 1.542e-01 1.536e-04 4.220e-05 3.851e-04 -1.000 8.950e-04 4.394 5.234 4.626 4.355 4.301 4.312 4.323
0.00123 -1.10000 10.05690 0.7902831435 2.4152781309    0.789  0.216  3.7984  4.265    1  0.000  0.531     0.00     0.00     0.00     0.00     0.00 -1  -1.7e-13      0.00 8.485e-01 1.506e-01 1.509e-04 4.148e-05 3.789e-04 -1.000 8.820e-04 4.229 5.055 4.454 4.192 4.143 4.155 4.167
0.00123 -1.10000 10.05690 0.7989284992 2.4183491310    0.798  0.279  3.7998  4.212    1  0.000  0.531     0.00     0.00     0.00     0.00     0.00 -1 -2.09e-13      0.00 8.499e-01 1.492e-01 1.499e-04 4.122e-05 3.765e-04 -1.000 9.046e-04 4.072 4.889 4.292 4.036 3.989 4.003 4.015
0.00123 -1.10000 10.05690 0.8000000715 2.4187244613    0.799  0.287  3.7999  4.205    1  0.000  0.530     0.00     0.00     0.00     0.00     0.00 -1 -2.14e-13      0.00 8.500e-01 1.491e-01 1.498e-04 4.121e-05 3.764e-04 -1.000 9.079e-04 4.052 4.868 4.272 4.016 3.969 3.984 3.995
0.00123 -1.10000 10.05690 0.8006491065 2.4189512314    0.800  0.292  3.8000  4.201    1  0.000  0.530     0.00     0.00     0.00     0.00     0.00 -1 -2.18e-13      0.00 8.499e-01 1.492e-01 1.499e-04 4.123e-05 3.766e-04 -1.000 9.091e-04 4.040 4.856 4.259 4.004 3.957 3.972 3.984
0.00123 -1.10000 10.05690 0.8008620739 2.4190255492    0.800  0.294  3.8000  4.199    1  0.000  0.530     0.00     0.00     0.00     0.00     0.00 -1 -2.19e-13      0.00 8.499e-01 1.492e-01 1.500e-04 4.124e-05 3.767e-04 -1.000 9.091e-04 4.036 4.851 4.255 4.000 3.953 3.968 3.979
0.00123 -1.10000 10.05690 0.8037710786 2.4200361524    0.803  0.318  3.7999  4.176    1  0.000  0.530     0.00     0.00     0.00     0.00     0.00 -1 -2.37e-13      0.00 8.494e-01 1.497e-01 1.504e-04 4.137e-05 3.779e-04 -1.000 9.089e-04 3.975 4.790 4.194 3.939 3.892 3.906 3.918
0.00123 -1.10000 10.05690 0.8096945882 2.4220682186    0.808  0.370  3.7988  4.123    1  0.000  0.530     0.00     0.00     0.00     0.00     0.00 -1 -2.82e-13      0.00 8.485e-01 1.506e-01 1.514e-04 4.165e-05 3.805e-04 -1.000 8.880e-04 3.844 4.664 4.064 3.806 3.759 3.772 3.783
0.00123 -1.10000 10.05690 0.8147022724 2.4237596288    0.813  0.419  3.7964  4.066    1  0.000  0.530     0.00     0.00     0.00     0.00     0.00 -1 -3.36e-13      0.00 8.474e-01 1.517e-01 1.527e-04 4.201e-05 3.838e-04 -1.000 9.052e-04 3.722 4.552 3.945 3.681 3.630 3.641 3.651
0.00123 -1.10000 10.05690 0.8156682849 2.4240831651    0.814  0.429  3.7957  4.054    1  0.000  0.530     0.00     0.00     0.00     0.00     0.00 -1 -3.49e-13      0.00 8.472e-01 1.519e-01 1.530e-04 4.208e-05 3.844e-04 -1.000 9.091e-04 3.697 4.530 3.922 3.656 3.604 3.614 3.624
0.00123 -1.10000 10.05690 0.8188348413 2.4251375539    0.817  0.467  3.7916  4.002    2  0.000  0.530     0.00     0.00     0.00     0.00     0.00 -1 -4.04e-13      0.00 8.457e-01 1.534e-01 1.551e-04 4.266e-05 3.897e-04 -1.000 9.124e-04 3.603 4.457 3.837 3.558 3.500 3.506 3.515
0.00123 -1.10000 10.05690 0.8221955299 2.4262463739    0.821  0.511  3.7844  3.931    2  0.000  0.530     0.00     0.00     0.00     0.00     0.00 -1 -4.83e-13      0.00 8.404e-01 1.587e-01 1.615e-04 4.440e-05 4.055e-04 -1.000 9.156e-04 3.493 4.387 3.744 3.441 3.373 3.372 3.378
0.00123 -1.10000 10.05690 0.8244953752 2.4269991930    0.823  0.544  3.7761  3.865    2  0.000  0.531     0.00     0.00     0.00     0.00     0.00 -1 -5.62e-13      0.00 8.250e-01 1.741e-01 1.750e-04 4.808e-05 4.388e-04 -1.000 9.686e-04 3.410 4.356 3.683 3.352 3.271 3.262 3.265
0.00123 -1.10000 10.05690 0.8261820674 2.4275482432    0.824  0.569  3.7669  3.805    2  0.000  0.533     0.00     0.00     0.00     0.00     0.00 -1 -6.38e-13      0.00 8.011e-01 1.978e-01 1.923e-04 5.273e-05 4.805e-04 -1.000 1.079e-03 3.347 4.358 3.646 3.284 3.189 3.170 3.170
0.00123 -1.10000 10.05690 0.8275614977 2.4279953611    0.826  0.593  3.7573  3.743    2  0.000  0.535     0.00     0.00     0.00     0.00     0.00 -1 -7.23e-13      0.00 7.833e-01 2.155e-01 2.046e-04 5.601e-05 5.097e-04 -1.000 1.159e-03 3.287 4.373 3.617 3.221 3.110 3.082 3.077
0.00123 -1.10000 10.05690 0.8286322951 2.4283412611    0.827  0.621  3.7490  3.683    2  0.000  0.536     0.00     0.00     0.00     0.00     0.00 -1 -8.24e-13      0.00 7.740e-01 2.248e-01 2.110e-04 5.772e-05 5.250e-04 -1.000 1.185e-03 3.219 4.372 3.576 3.151 3.028 2.991 2.983
0.00123 -1.10000 10.05690 0.8294981122 2.4286201955    0.828  0.654  3.7428  3.626    2  0.000  0.536     0.00     0.00     0.00     0.00     0.00 -1 -9.49e-13      0.00 7.686e-01 2.302e-01 2.147e-04 5.870e-05 5.337e-04 -1.000 1.206e-03 3.136 4.342 3.515 3.069 2.937 2.893 2.882
0.00123 -1.10000 10.05690 0.8301830292 2.4288403766    0.828  0.688  3.7386  3.575    2  0.000  0.537     0.00     0.00     0.00     0.00     0.00 -1 -1.09e-12      0.00 7.653e-01 2.334e-01 2.169e-04 5.929e-05 5.389e-04 -1.000 1.252e-03 3.050 4.292 3.445 2.985 2.846 2.798 2.785
0.00123 -1.10000 10.05690 0.8305223584 2.4289493065    0.829  0.707  3.7367  3.548    2  0.000  0.537     0.00     0.00     0.00     0.00     0.00 -1 -1.17e-12      0.00 7.638e-01 2.349e-01 2.178e-04 5.954e-05 5.412e-04 -1.000 1.269e-03 3.003 4.262 3.404 2.938 2.796 2.746 2.732
0.00123 -1.10000 10.05690 0.8306439519 2.4289883149    0.829  0.715  3.7362  3.538    2  0.000  0.537     0.00     0.00     0.00     0.00     0.00 -1 -1.21e-12      0.00 7.634e-01 2.354e-01 2.181e-04 5.961e-05 5.418e-04 -1.000 1.269e-03 2.983 4.247 3.386 2.918 2.776 2.725 2.711
0.00123 -1.10000 10.05690 0.8312841058 2.4291934666    0.829  0.759  3.7335  3.483    3  0.000  0.537     0.00     0.00     0.00     0.00     0.00 -1 -1.42e-12      0.00 7.609e-01 2.378e-01 2.194e-04 5.996e-05 5.449e-04 -1.000 1.257e-03 2.872 4.160 3.286 2.809 2.663 2.608 2.593
0.00123 -1.10000 10.05690 0.8318233490 2.4293659974    0.830  0.800  3.7314  3.434    3  0.000  0.537     0.00     0.00     0.00     0.00     0.00 -1 -1.65e-12      0.00 7.589e-01 2.399e-01 2.203e-04 6.021e-05 5.472e-04 -1.000 1.211e-03 2.769 4.076 3.191 2.708 2.558 2.502 2.485
0.00123 -1.10000 10.05690 0.8324217796 2.4295571644    0.830  0.850  3.7294  3.377    3  0.000  0.537     0.00     0.00     0.00     0.00     0.00 -1 -1.98e-12      0.00 7.567e-01 2.420e-01 2.212e-04 6.046e-05 5.493e-04 -1.000 1.269e-03 2.646 3.971 3.075 2.586 2.433 2.374 2.357
0.00123 -1.10000 10.05690 0.8329748511 2.4297335607    0.831  0.899  3.7276  3.321    3  0.000  0.537     0.00     0.00     0.00     0.00     0.00 -1 -2.36e-12      0.00 7.547e-01 2.441e-01 2.217e-04 6.067e-05 5.510e-04 -1.000 1.210e-03 2.522 3.864 2.959 2.464 2.308 2.247 2.229
0.00123 -1.10000 10.05690 0.8335296512 2.4299102378    0.831  0.953  3.7259  3.260    3  0.000  0.536     0.00     0.00     0.00     0.00     0.00 -1 -2.87e-12      0.00 7.524e-01 2.464e-01 2.218e-04 6.097e-05 5.524e-04 -1.000 1.234e-03 2.387 3.745 2.830 2.330 2.172 2.109 2.089
0.00123 -1.10000 10.05690 0.8340210319 2.4300664932    0.832  1.006  3.7243  3.201    3  0.000  0.533     0.00     0.00     0.00     0.00     0.00 -1 -3.47e-12      0.00 7.505e-01 2.483e-01 2.213e-04 6.149e-05 5.535e-04 -1.000 1.228e-03 2.255 3.629 2.706 2.201 2.040 1.975 1.954
0.00123 -1.10000 10.05690 0.8344379067 2.4301988904    0.832  1.054  3.7228  3.147    3  0.000  0.530     0.00     0.00     0.00     0.00     0.00 -1 -4.12e-12      0.00 7.487e-01 2.500e-01 2.203e-04 6.238e-05 5.544e-04 -1.000 1.254e-03 2.135 3.522 2.591 2.081 1.919 1.851 1.830
0.00123 -1.10000 10.05690 0.8347641826 2.4303024077    0.832  1.095  3.7215  3.102    3  0.000  0.527     0.00     0.00     0.00     0.00     0.00 -1 -4.77e-12      0.00 7.475e-01 2.513e-01 2.192e-04 6.345e-05 5.549e-04 -1.000 1.248e-03 2.033 3.432 2.495 1.981 1.816 1.748 1.726
0.00123 -1.10000 10.05690 0.8351254463 2.4304169172    0.833  1.144  3.7199  3.047    3  0.000  0.523     0.00     0.00     0.00     0.00     0.00 -1 -5.68e-12      0.00 7.462e-01 2.526e-01 2.176e-04 6.508e-05 5.554e-04 -1.000 1.242e-03 1.911 3.324 2.379 1.860 1.693 1.623 1.600
0.00123 -1.10000 10.05690 0.8354707956 2.4305262758    0.833  1.195  3.7182  2.989    3  0.000  0.518     0.00     0.00     0.00     0.00     0.00 -1 -6.83e-12      0.00 7.450e-01 2.538e-01 2.157e-04 6.717e-05 5.559e-04 -1.000 1.261e-03 1.783 3.214 2.259 1.735 1.565 1.492 1.468
0.00123 -1.10000 10.05690 0.8357836008 2.4306252392    0.833  1.246  3.7165  2.931    3  0.000  0.514     0.00     0.00     0.00     0.00     0.00 -1 -8.21e-12      0.00 7.440e-01 2.548e-01 2.140e-04 6.920e-05 5.563e-04 -1.000 1.288e-03 1.656 3.106 2.140 1.609 1.436 1.361 1.337
0.00123 -1.10000 10.05690 0.8360565901 2.4307115363    0.833  1.294  3.7147  2.875    3  0.000  0.510     0.00     0.00     0.00     0.00     0.00 -1 -9.79e-12      0.00 7.433e-01 2.555e-01 2.128e-04 7.074e-05 5.565e-04 -1.000 1.238e-03 1.534 3.004 2.026 1.489 1.314 1.236 1.211
0.00123 -1.10000 10.05690 0.8363034725 2.4307895248    0.833  1.342  3.7129  2.820    3  0.000  0.508     0.00     0.00     0.00     0.00     0.00 -1 -1.17e-11      0.00 7.428e-01 2.560e-01 2.118e-04 7.188e-05 5.567e-04 -1.000 1.246e-03 1.414 2.904 1.915 1.371 1.193 1.113 1.086
0.00123 -1.10000 10.05690 0.8365254998 2.4308596165    0.833  1.390  3.7111  2.766    3  0.000  0.506     0.00     0.00     0.00     0.00     0.00 -1 -1.38e-11      0.00 7.424e-01 2.564e-01 2.111e-04 7.281e-05 5.568e-04 -1.000 1.273e-03 1.296 2.807 1.806 1.256 1.074 0.992 0.964
0.00123 -1.10000 10.05690 0.8367316127 2.4309246459    0.833  1.437  3.7092  2.710    3  0.000  0.505     0.00     0.00     0.00     0.00     0.00 -1 -1.64e-11      0.00 7.422e-01 2.566e-01 2.107e-04 7.325e-05 5.569e-04 -1.000 1.256e-03 1.177 2.709 1.696 1.139 0.954 0.869 0.840
0.00123 -1.10000 10.05690 0.8369141221 2.4309821975    0.833  1.484  3.7073  2.656    3  0.000  0.505     0.00     0.00     0.00     0.00     0.00 -1 -1.95e-11      0.00 7.421e-01 2.566e-01 2.106e-04 7.343e-05 5.569e-04 -1.000 1.273e-03 1.061 2.616 1.590 1.026 0.838 0.751 0.721
0.00123 -1.10000 10.05690 0.8370842934 2.4310358325    0.833  1.531  3.7053  2.601    3  0.000  0.504     0.00     0.00     0.00     0.00     0.00 -1 -2.31e-11      0.00 7.421e-01 2.566e-01 2.106e-04 7.347e-05 5.569e-04 -1.000 1.273e-03 0.943 2.522 1.483 0.912 0.719 0.630 0.599
0.00123 -1.10000 10.05690 0.8372346759 2.4310832096    0.833  1.576  3.7033  2.548    3  0.000  0.504     0.00     0.00     0.00     0.00     0.00 -1 -2.73e-11      0.00 7.421e-01 2.567e-01 2.106e-04 7.350e-05 5.569e-04 -1.000 1.274e-03 0.830 2.433 1.380 0.801 0.606 0.514 0.481
0.00123 -1.10000 10.05690 0.8373687863 2.4311254438    0.833  1.620  3.7013  2.496    3  0.000  0.504     0.00     0.00     0.00     0.00     0.00 -1  -3.2e-11      0.00 7.421e-01 2.567e-01 2.105e-04 7.352e-05 5.569e-04 -1.000 1.274e-03 0.721 2.347 1.281 0.695 0.496 0.401 0.368
0.00123 -1.10000 10.05690 0.8374930620 2.4311645669    0.833  1.664  3.6993  2.444    3  0.000  0.504     0.00     0.00     0.00     0.00     0.00 -1 -3.77e-11      0.00 7.420e-01 2.567e-01 2.105e-04 7.354e-05 5.569e-04 -1.000 1.274e-03 0.611 2.265 1.182 0.587 0.385 0.287 0.253
0.00123 -1.10000 10.05690 0.8376033902 2.4311992880    0.833  1.706  3.6972  2.394    3  0.000  0.504     0.00     0.00     0.00     0.00     0.00 -1  -4.4e-11      0.00 7.420e-01 2.567e-01 2.105e-04 7.357e-05 5.569e-04 -1.000 1.275e-03 0.505 2.190 1.088 0.484 0.278 0.178 0.142
0.00123 -1.10000 10.05690 0.8377074599 2.4312320299    0.833  1.749  3.6951  2.342    3  0.000  0.504     0.00     0.00     0.00     0.00     0.00 -1 -5.16e-11      0.00 7.420e-01 2.567e-01 2.105e-04 7.359e-05 5.569e-04 -1.000 1.275e-03 0.397 2.113 0.993 0.379 0.169 0.067 0.030
0.00123 -1.10000 10.05690 0.8378012180 2.4312615195    0.833  1.791  3.6931  2.292    3  0.000  0.504     0.00     0.00     0.00     0.00     0.00 -1 -6.01e-11      0.00 7.420e-01 2.567e-01 2.105e-04 7.360e-05 5.569e-04 -1.000 1.275e-03 0.294 2.041 0.902 0.279 0.065 -0.040 -0.078
0.00123 -1.10000 10.05690 0.8378887773 2.4312890526    0.833  1.831  3.6910  2.243    3  0.000  0.504     0.00     0.00     0.00     0.00     0.00 -1 -6.99e-11      0.00 7.420e-01 2.567e-01 2.105e-04 7.362e-05 5.569e-04 -1.000 1.275e-03 0.192 1.970 0.812 0.180 -0.037 -0.145 -0.184
0.00123 -1.10000 10.05690 0.8379727602 2.4313154550    0.833  1.871  3.6889  2.195    3  0.000  0.504     0.00     0.00     0.00     0.00     0.00 -1 -8.09e-11      0.00 7.420e-01 2.567e-01 2.105e-04 7.364e-05 5.569e-04 -1.000 1.275e-03 0.093 1.903 0.726 0.085 -0.136 -0.247 -0.287
0.00123 -1.10000 10.05690 0.8380588293 2.4313425068    0.832  1.906  3.6871  2.153    3  0.000  0.504     0.00     0.00     0.00     0.00     0.00 -1 -9.22e-11      0.00 7.420e-01 2.567e-01 2.104e-04 7.365e-05 5.570e-04 -1.000 1.275e-03 0.006 1.845 0.651 0.001 -0.223 -0.336 -0.378
0.00123 -1.10000 10.05690 0.8381370306 2.4313670802    0.832  1.929  3.6860  2.125    3  0.000  0.504     0.00     0.00     0.00     0.00     0.00 -1 -1.01e-10      0.00 7.420e-01 2.567e-01 2.104e-04 7.367e-05 5.570e-04 -1.000 1.276e-03 -0.052 1.805 0.600 -0.055 -0.281 -0.395 -0.438
0.00123 -1.10000 10.05690 0.8382120132 2.4313906373    0.832  1.905  3.6877  2.156    3  0.000  0.504     0.00     0.00     0.00     0.00     0.00 -1 -9.29e-11      0.00 7.420e-01 2.567e-01 2.104e-04 7.368e-05 5.570e-04 -1.000 1.276e-03 0.007 1.837 0.648 0.001 -0.223 -0.335 -0.376
0.00123 -1.10000 10.05690 0.8382252455 2.4313947939    0.832  1.901  3.6881  2.161    3  0.000  0.504     0.00     0.00     0.00     0.00     0.00 -1 -9.13e-11      0.00 7.420e-01 2.567e-01 2.104e-04 7.369e-05 5.570e-04 -1.000 1.276e-03 0.018 1.843 0.657 0.011 -0.211 -0.323 -0.364
0.00123 -1.10000 10.05690 0.8382815719 2.4314124860    0.831  1.937  3.6861  2.117    3  0.000  0.504     0.00     0.00     0.00     0.00     0.00 -1 -1.04e-10      0.00 7.420e-01 2.567e-01 2.104e-04 7.370e-05 5.570e-04 -1.000 1.276e-03 -0.073 1.783 0.579 -0.076 -0.302 -0.416 -0.458
0.00123 -1.10000 10.05690 0.8383437395 2.4314320096    0.831  1.978  3.6838  2.067    3  0.000  0.504     0.00     0.00     0.00     0.00     0.00 -1  -1.2e-10      0.00 7.420e-01 2.567e-01 2.104e-04 7.371e-05 5.570e-04 -1.000 1.276e-03 -0.176 1.718 0.491 -0.173 -0.404 -0.521 -0.565
0.00123 -1.10000 10.05690 0.8384037018 2.4314508375    0.831  2.020  3.6814  2.015    3  0.000  0.504     0.00     0.00     0.00     0.00     0.00 -1 -1.41e-10      0.00 7.420e-01 2.567e-01 2.104e-04 7.372e-05 5.570e-04 -1.000 1.276e-03 -0.280 1.651 0.403 -0.273 -0.508 -0.628 -0.673
0.00123 -1.10000 10.05690 0.8384585381 2.4314680531    0.831  2.061  3.6791  1.965    3  0.000  0.504     0.00     0.00     0.00     0.00     0.00 -1 -1.64e-10      0.00 7.420e-01 2.568e-01 2.104e-04 7.373e-05 5.570e-04 -1.000 1.276e-03 -0.382 1.598 0.317 -0.373 -0.611 -0.735 -0.781
0.00123 -1.10000 10.05690 0.8385104537 2.4314843494    0.830  2.103  3.6766  1.913    3  0.000  0.504     0.00     0.00     0.00     0.00     0.00 -1 -1.91e-10      0.00 7.420e-01 2.568e-01 2.104e-04 7.374e-05 5.570e-04 -1.000 1.276e-03 -0.486 1.552 0.233 -0.474 -0.716 -0.843 -0.891
0.00123 -1.10000 10.05690 0.8385572433 2.4314990347    0.830  2.143  3.6742  1.863    3  0.000  0.504     0.00     0.00     0.00     0.00     0.00 -1 -2.22e-10      0.00 7.420e-01 2.568e-01 2.104e-04 7.375e-05 5.570e-04 -1.000 1.276e-03 -0.587 1.510 0.152 -0.573 -0.818 -0.947 -0.997
0.00123 -1.10000 10.05690 0.8386008143 2.4315127081    0.829  2.183  3.6717  1.813    3  0.000  0.504     0.00     0.00     0.00     0.00     0.00 -1 -2.59e-10      0.00 7.420e-01 2.568e-01 2.104e-04 7.376e-05 5.570e-04 -1.000 1.276e-03 -0.688 1.471 0.072 -0.671 -0.920 -1.053 -1.104
0.00123 -1.10000 10.05690 0.8386406898 2.4315252203    0.829  2.223  3.6692  1.762    3  0.000  0.504     0.00     0.00     0.00     0.00     0.00 -1    -3e-10      0.00 7.420e-01 2.568e-01 2.104e-04 7.377e-05 5.570e-04 -1.000 1.277e-03 -0.787 1.435 -0.006 -0.768 -1.021 -1.156 -1.210
0.00123 -1.10000 10.05690 0.8386777043 2.4315368336    0.828  2.263  3.6667  1.712    3  0.000  0.504     0.00     0.00     0.00     0.00     0.00 -1 -3.49e-10      0.00 7.420e-01 2.568e-01 2.104e-04 7.377e-05 5.570e-04 -1.000 1.277e-03 -0.887 1.403 -0.082 -0.863 -1.121 -1.259 -1.314
0.00123 -1.10000 10.05690 0.8387112021 2.4315473425    0.828  2.302  3.6642  1.663    3  0.000  0.504     0.00     0.00     0.00     0.00     0.00 -1 -4.04e-10      0.00 7.420e-01 2.568e-01 2.104e-04 7.378e-05 5.570e-04 -1.000 1.277e-03 -0.984 1.376 -0.154 -0.956 -1.217 -1.359 -1.416
0.00123 -1.10000 10.05690 0.8387429118 2.4315572895    0.827  2.341  3.6616  1.613    3  0.000  0.504     0.00     0.00     0.00     0.00     0.00 -1 -4.68e-10      0.00 7.419e-01 2.568e-01 2.104e-04 7.379e-05 5.570e-04 -1.000 1.277e-03 -1.082 1.351 -0.227 -1.049 -1.315 -1.459 -1.519
0.00123 -1.10000 10.05690 0.8387718201 2.4315663570    0.826  2.379  3.6590  1.564    3  0.000  0.504     0.00     0.00     0.00     0.00     0.00 -1 -5.41e-10      0.00 7.419e-01 2.568e-01 2.103e-04 7.379e-05 5.570e-04 -1.000 1.277e-03 -1.178 1.330 -0.296 -1.140 -1.410 -1.558 -1.619
0.00123 -1.10000 10.05690 0.8387985826 2.4315747509    0.826  2.418  3.6565  1.515    3  0.000  0.504     0.00     0.00     0.00     0.00     0.00 -1 -6.26e-10      0.00 7.419e-01 2.568e-01 2.103e-04 7.380e-05 5.570e-04 -1.000 1.277e-03 -1.274 1.312 -0.364 -1.229 -1.503 -1.655 -1.719
0.00123 -1.10000 10.05690 0.8388231397 2.4315824524    0.825  2.455  3.6539  1.467    3  0.000  0.504     0.00     0.00     0.00     0.00     0.00 -1 -7.21e-10      0.00 7.419e-01 2.568e-01 2.103e-04 7.380e-05 5.570e-04 -1.000 1.277e-03 -1.368 1.293 -0.429 -1.313 -1.594 -1.749 -1.815
0.00123 -1.10000 10.05690 0.8388512731 2.4315912750    0.824  2.501  3.6507  1.407    3  0.000  0.504     8.23     6.36     4.49     3.47     2.81  3 -8.59e-10      0.00 7.419e-01 2.568e-01 2.103e-04 7.381e-05 5.570e-04 -1.000 1.277e-03 -1.483 1.270 -0.507 -1.416 -1.704 -1.865 -1.934
0.00123 -1.10000 10.05690 0.8388723135 2.4315978727    0.823  2.538  3.6481  1.360    3  0.000  0.504     9.11     6.93     4.88     3.78     3.06  3 -9.89e-10      0.00 7.419e-01 2.568e-01 2.103e-04 7.381e-05 5.570e-04 -1.000 1.277e-03 -1.576 1.253 -0.569 -1.497 -1.793 -1.958 -2.028
0.00123 -1.10000 10.05690 0.8388955593 2.4316051616    0.822  2.582  3.6450  1.303    3  0.000  0.504    10.26     7.68     5.38     4.17     3.38  3 -1.17e-09      0.00 7.419e-01 2.568e-01 2.103e-04 7.381e-05 5.570e-04 -1.000 1.277e-03 -1.685 1.235 -0.641 -1.593 -1.896 -2.067 -2.140
0.00123 -1.10000 10.05690 0.8389174342 2.4316120202    0.821  2.627  3.6418  1.245    3  0.000  0.504    11.60     8.53     5.94     4.62     3.74  3 -1.39e-09      0.00 7.419e-01 2.568e-01 2.103e-04 7.382e-05 5.570e-04 -1.000 1.277e-03 -1.796 1.219 -0.713 -1.690 -2.001 -2.178 -2.253
0.00123 -1.10000 10.05690 0.8389340043 2.4316172152    0.820  2.663  3.6391  1.197    3  0.000  0.504    12.82     9.29     6.45     5.02     4.06  3 -1.59e-09      0.00 7.419e-01 2.568e-01 2.103e-04 7.382e-05 5.570e-04 -1.000 1.277e-03 -1.887 1.206 -0.771 -1.768 -2.087 -2.268 -2.346
0.00123 -1.10000 10.05690 0.8389521241 2.4316228959    0.818  2.705  3.6360  1.142    3  0.000  0.504    14.41    10.26     7.09     5.53     4.48  3 -1.87e-09      0.00 7.419e-01 2.568e-01 2.103e-04 7.383e-05 5.570e-04 -1.000 1.277e-03 -1.993 1.194 -0.837 -1.858 -2.185 -2.372 -2.452
0.00123 -1.10000 10.05690 0.8389694095 2.4316283147    0.816  2.748  3.6328  1.085    3  0.000  0.504    16.24    11.37     7.82     6.10     4.95  2 -2.21e-09      0.00 7.419e-01 2.568e-01 2.103e-04 7.383e-05 5.570e-04 -1.000 1.277e-03 -2.101 1.184 -0.902 -1.949 -2.286 -2.478 -2.561
0.00123 -1.10000 10.05690 0.8389857411 2.4316334343    0.815  2.792  3.6295  1.027    3  0.000  0.504    18.34    12.62     8.64     6.75     5.47  2 -2.62e-09      0.00 7.419e-01 2.568e-01 2.103e-04 7.383e-05 5.570e-04 -1.000 1.277e-03 -2.210 1.175 -0.968 -2.041 -2.387 -2.586 -2.671
0.00123 -1.10000 10.05690 0.8389996886 2.4316378063    0.813  2.832  3.6264  0.973    3  0.000  0.504    20.53    13.89     9.47     7.41     6.01  2 -3.06e-09      0.00 7.419e-01 2.568e-01 2.103e-04 7.383e-05 5.570e-04 -1.000 1.277e-03 -2.311 1.174 -1.022 -2.122 -2.478 -2.683 -2.771
0.00123 -1.10000 10.05690 0.8390130997 2.4316420100    0.811  2.873  3.6233  0.919    3  0.000  0.504    23.02    15.32    10.39     8.15     6.61  2 -3.58e-09      0.00 7.419e-01 2.568e-01 2.103e-04 7.384e-05 5.570e-04 -1.000 1.277e-03 -2.413 1.175 -1.075 -2.205 -2.572 -2.783 -2.874
0.00123 -1.10000 10.05690 0.8390257359 2.4316459707    0.808  2.915  3.6200  0.863    3  0.000  0.504    25.90    16.94    11.44     8.99     7.29  2 -4.21e-09      0.00 7.419e-01 2.568e-01 2.103e-04 7.384e-05 5.570e-04 -1.000 1.277e-03 -2.517 1.180 -1.126 -2.288 -2.666 -2.885 -2.978
0.00123 -1.10000 10.05690 0.8390371799 2.4316495576    0.806  2.955  3.6169  0.809    3  0.000  0.504    29.02    18.67    12.55     9.87     8.01  2 -4.92e-09      0.00 7.419e-01 2.568e-01 2.103e-04 7.384e-05 5.570e-04 -1.000 1.277e-03 -2.618 1.182 -1.174 -2.367 -2.757 -2.982 -3.078
0.00123 -1.10000 10.05690 0.8390477300 2.4316528642    0.803  2.995  3.6138  0.756    3  0.000  0.504    32.45    20.53    13.74    10.83     8.79  1 -5.74e-09      0.00 7.419e-01 2.568e-01 2.103e-04 7.384e-05 5.570e-04 -1.000 1.277e-03 -2.717 1.185 -1.222 -2.444 -2.845 -3.077 -3.176
0.00123 -1.10000 10.05690 0.8390576243 2.4316559652    0.800  3.034  3.6107  0.702    3  0.000  0.504    36.29    22.59    15.05    11.88     9.64  1 -6.69e-09      0.00 7.419e-01 2.568e-01 2.103e-04 7.385e-05 5.570e-04 -1.000 1.277e-03 -2.814 1.189 -1.267 -2.520 -2.933 -3.171 -3.273
0.00123 -1.10000 10.05690 0.8390671611 2.4316589540    0.797  3.074  3.6076  0.648    3  0.000  0.504    40.68    24.89    16.51    13.05    10.60  1 -7.83e-09      0.00 7.419e-01 2.568e-01 2.103e-04 7.385e-05 5.570e-04 -1.000 1.277e-03 -2.914 1.189 -1.311 -2.596 -3.022 -3.267 -3.371
0.00123 -1.10000 10.05690 0.8390755057 2.4316615692    0.794  3.111  3.6046  0.597    3  0.000  0.504    45.25    27.26    18.01    14.25    11.57  1 -9.06e-09      0.00 7.419e-01 2.568e-01 2.103e-04 7.385e-05 5.570e-04 -1.000 1.277e-03 -3.007 1.190 -1.349 -2.665 -3.103 -3.355 -3.462
0.00123 -1.10000 10.05690 0.8390836120 2.4316641096    0.790  3.149  3.6016  0.545    3  0.000  0.504    50.52    29.93    19.69    15.61    12.68  1 -1.05e-08      0.00 7.419e-01 2.568e-01 2.103e-04 7.385e-05 5.570e-04 -1.000 1.277e-03 -3.103 1.187 -1.388 -2.736 -3.187 -3.446 -3.555
0.00123 -1.10000 10.05690 0.8390912414 2.4316665005    0.786  3.187  3.5985  0.492    3  0.000  0.504    56.39    32.86    21.52    17.09    13.88  1 -1.22e-08      0.00 7.419e-01 2.568e-01 2.103e-04 7.385e-05 5.570e-04 -1.000 1.277e-03 -3.198 1.182 -1.424 -2.805 -3.269 -3.536 -3.648
0.00123 -1.10000 10.05690 0.8390982747 2.4316687046    0.782  3.224  3.5955  0.441    3  0.000  0.504    62.76    35.98    23.47    18.66    15.16  1 -1.42e-08      0.00 7.419e-01 2.568e-01 2.103e-04 7.385e-05 5.570e-04 -1.000 1.277e-03 -3.289 1.176 -1.450 -2.868 -3.348 -3.623 -3.737
0.00123 -1.10000 10.05690 0.8391047120 2.4316707218    0.777  3.259  3.5927  0.392    3  0.000  0.504    69.62    39.29    25.52    20.32    16.52  1 -1.63e-08      0.00 7.419e-01 2.568e-01 2.103e-04 7.386e-05 5.570e-04 -1.000 1.277e-03 -3.378 1.170 -1.476 -2.929 -3.424 -3.706 -3.824
0.00123 -1.10000 10.05690 0.8391107917 2.4316726270    0.772  3.293  3.5899  0.344    3  0.000  0.504    76.97    42.76    27.67    22.07    17.94  1 -1.87e-08      0.00 7.419e-01 2.568e-01 2.103e-04 7.386e-05 5.570e-04 -1.000 1.277e-03 -3.462 1.165 -1.499 -2.987 -3.497 -3.786 -3.906
0.00123 -1.10000 10.05690 0.8391166925 2.4316744761    0.766  3.326  3.5872  0.297    3  0.000  0.504    84.95    46.47    29.95    23.92    19.45  1 -2.14e-08      0.00 7.419e-01 2.568e-01 2.103e-04 7.386e-05 5.570e-04 -1.000 1.277e-03 -3.545 1.152 -1.519 -3.041 -3.567 -3.864 -3.987
0.00123 -1.10000 10.05690 0.8391180038 2.4316748870    0.765  3.333  3.5866  0.287    3  0.000  0.504    86.71    47.28    30.45    24.33    19.78  1 -2.21e-08      0.00 7.419e-01 2.568e-01 2.103e-04 7.386e-05 5.570e-04 -1.000 1.277e-03 -3.562 1.149 -1.522 -3.051 -3.581 -3.880 -4.003
0.00123 -1.10000 10.05690 0.8391180038 2.4316748870    0.765  1.736  3.7368  2.485    4  0.000  0.515     0.00     0.00     0.00     0.00     0.00 -1    -1e-30      0.00 7.398e-01 2.589e-01 2.167e-04 6.979e-05 5.621e-04 -1.000 1.269e-03 0.431 1.661 0.819 0.371 0.232 0.179 0.164
0.00123 -1.10000 10.05690 0.8391718268 2.4316917514    0.765  1.753  3.7356  2.463    4  0.000  0.515     0.00     0.00     0.00     0.00     0.00 -1    -1e-30      0.00 7.398e-01 2.589e-01 2.167e-04 6.979e-05 5.621e-04 -1.000 1.269e-03 0.388 1.631 0.781 0.329 0.188 0.133 0.118
0.00123 -1.10000 10.05690 0.8392228484 2.4317077358    0.765  1.755  3.7355  2.460    4  0.000  0.515     0.00     0.00     0.00     0.00     0.00 -1    -1e-30      0.00 7.398e-01 2.589e-01 2.167e-04 6.979e-05 5.621e-04 -1.000 1.269e-03 0.381 1.626 0.774 0.322 0.181 0.126 0.110
0.00123 -1.10000 10.05690 0.8392732739 2.4317235313    0.765  1.757  3.7356  2.459    4  0.000  0.515     0.00     0.00     0.00     0.00     0.00 -1    -1e-30      0.00 7.398e-01 2.589e-01 2.167e-04 6.979e-05 5.621e-04 -1.000 1.269e-03 0.378 1.621 0.770 0.318 0.177 0.123 0.107
0.00123 -1.10000 10.05690 0.8393253684 2.4317398473    0.765  1.758  3.7359  2.460    4  0.000  0.515     0.00     0.00     0.00     0.00     0.00 -1    -1e-30      0.00 7.398e-01 2.589e-01 2.167e-04 6.979e-05 5.621e-04 -1.000 1.269e-03 0.376 1.616 0.767 0.316 0.176 0.122 0.106
0.00123 -1.10000 10.05690 0.8393773437 2.4317561236    0.765  1.757  3.7364  2.462    4  0.000  0.515     0.00     0.00     0.00     0.00     0.00 -1    -1e-30      0.00 7.398e-01 2.589e-01 2.167e-04 6.979e-05 5.621e-04 -1.000 1.269e-03 0.377 1.612 0.766 0.317 0.177 0.124 0.108
0.00123 -1.10000 10.05690 0.8394299150 2.4317725841    0.765  1.757  3.7371  2.466    4  0.000  0.515     0.00     0.00     0.00     0.00     0.00 -1    -1e-30      0.00 7.398e-01 2.589e-01 2.167e-04 6.979e-05 5.621e-04 -1.000 1.269e-03 0.379 1.607 0.765 0.318 0.180 0.127 0.112
0.00123 -1.10000 10.05690 0.8394821882 2.4317889491    0.765  1.755  3.7378  2.470    4  0.000  0.515     0.00     0.00     0.00     0.00     0.00 -1    -1e-30      0.00 7.398e-01 2.589e-01 2.167e-04 6.979e-05 5.621e-04 -1.000 1.269e-03 0.382 1.603 0.765 0.321 0.184 0.132 0.117
0.00123 -1.10000 10.05690 0.8395349979 2.4318054796    0.765  1.754  3.7386  2.474    4  0.000  0.515     0.00     0.00     0.00     0.00     0.00 -1    -1e-30      0.00 7.398e-01 2.589e-01 2.167e-04 6.979e-05 5.621e-04 -1.000 1.269e-03 0.385 1.598 0.765 0.324 0.188 0.137 0.123
0.00123 -1.10000 10.05690 0.8395887613 2.4318223061    0.765  1.753  3.7394  2.479    4  0.000  0.515     0.00     0.00     0.00     0.00     0.00 -1    -1e-30      0.00 7.398e-01 2.589e-01 2.167e-04 6.979e-05 5.621e-04 -1.000 1.269e-03 0.388 1.594 0.765 0.327 0.192 0.142 0.128
0.00123 -1.10000 10.05690 0.8396434784 2.4318394286    0.766  1.752  3.7401  2.483    4  0.000  0.515     0.00     0.00     0.00     0.00     0.00 -1    -1e-30      0.00 7.398e-01 2.589e-01 2.167e-04 6.979e-05 5.621e-04 -1.000 1.269e-03 0.391 1.589 0.764 0.329 0.196 0.147 0.133
0.00123 -1.10000 10.05690 0.8396930099 2.4318549261    0.766  1.751  3.7408  2.486    4  0.000  0.515     0.00     0.00     0.00     0.00     0.00 -1    -1e-30      0.00 7.398e-01 2.589e-01 2.167e-04 6.979e-05 5.621e-04 -1.000 1.269e-03 0.394 1.586 0.764 0.331 0.199 0.151 0.137
0.00123 -1.10000 10.05690 0.8397480845 2.4318721556    0.766  1.750  3.7414  2.490    4  0.000  0.515     0.00     0.00     0.00     0.00     0.00 -1    -1e-30      0.00 7.398e-01 2.589e-01 2.167e-04 6.979e-05 5.621e-04 -1.000 1.269e-03 0.396 1.583 0.764 0.333 0.202 0.154 0.141
0.00123 -1.10000 10.05690 0.8398013711 2.4318888232    0.766  1.749  3.7420  2.493    4  0.000  0.515     0.00     0.00     0.00     0.00     0.00 -1    -1e-30      0.00 7.398e-01 2.589e-01 2.167e-04 6.979e-05 5.621e-04 -1.000 1.269e-03 0.398 1.579 0.763 0.335 0.205 0.157 0.144
0.00123 -1.10000 10.05690 0.8398534060 2.4319050969    0.766  1.749  3.7424  2.495    4  0.000  0.515     0.00     0.00     0.00     0.00     0.00 -1    -1e-30      0.00 7.398e-01 2.589e-01 2.167e-04 6.979e-05 5.621e-04 -1.000 1.269e-03 0.399 1.577 0.762 0.336 0.206 0.160 0.147
0.00123 -1.10000 10.05690 0.8398591876 2.4319069050    0.766  1.748  3.7425  2.496    4  0.000  0.515     0.00     0.00     0.00     0.00     0.00 -1    -1e-30      0.00 7.398e-01 2.589e-01 2.167e-04 6.979e-05 5.621e-04 -1.000 1.269e-03 0.399 1.576 0.762 0.336 0.207 0.160 0.147
0.00123 -1.10000 10.05690 0.8398759961 2.4319121612    0.766  1.748  3.7426  2.496    4  0.000  0.515     0.00     0.00     0.00     0.00     0.00 -1    -1e-30      0.00 7.398e-01 2.589e-01 2.167e-04 6.979e-05 5.621e-04 -1.000 1.269e-03 0.399 1.575 0.762 0.336 0.207 0.160 0.148
0.00123 -1.10000 10.05690 0.8399314880 2.4319295125    0.766  1.748  3.7430  2.498    4  0.000  0.515     0.00     0.00     0.00     0.00     0.00 -1    -1e-30      0.00 7.398e-01 2.589e-01 2.167e-04 6.979e-05 5.621e-04 -1.000 1.269e-03 0.399 1.573 0.761 0.336 0.208 0.161 0.149
0.00123 -1.10000 10.05690 0.8399868011 2.4319468052    0.766  1.748  3.7432  2.499    4  0.000  0.515     0.00     0.00     0.00     0.00     0.00 -1    -1e-30      0.00 7.398e-01 2.589e-01 2.167e-04 6.979e-05 5.621e-04 -1.000 1.269e-03 0.399 1.570 0.759 0.336 0.208 0.161 0.149
0.00123 -1.10000 10.05690 0.8400423527 2.4319641699    0.766  1.749  3.7433  2.498    4  0.000  0.515     0.00     0.00     0.00     0.00     0.00 -1    -1e-30      0.00 7.398e-01 2.589e-01 2.167e-04 6.979e-05 5.621e-04 -1.000 1.269e-03 0.397 1.568 0.757 0.334 0.206 0.160 0.148
0.00123 -1.10000 10.05690 0.8400945663 2.4319804888    0.766  1.750  3.7433  2.497    4  0.000  0.515     0.00     0.00     0.00     0.00     0.00 -1    -1e-30      0.00 7.398e-01 2.589e-01 2.167e-04 6.979e-05 5.621e-04 -1.000 1.269e-03 0.395 1.566 0.755 0.332 0.204 0.158 0.145
0.00123 -1.10000 10.05690 0.8401457667 2.4319964887    0.766  1.751  3.7431  2.496    4  0.000  0.515     0.00     0.00     0.00     0.00     0.00 -1    -1e-30      0.00 7.398e-01 2.589e-01 2.167e-04 6.979e-05 5.621e-04 -1.000 1.269e-03 0.392 1.564 0.753 0.329 0.201 0.154 0.142
0.00123 -1.10000 10.05690 0.8401983380 2.4320129147    0.766  1.753  3.7429  2.493    4  0.000  0.515     0.00     0.00     0.00     0.00     0.00 -1    -1e-30      0.00 7.398e-01 2.589e-01 2.167e-04 6.979e-05 5.621e-04 -1.000 1.269e-03 0.388 1.562 0.749 0.324 0.196 0.149 0.137
0.00123 -1.10000 10.05690 0.8402364850 2.4320248323    0.766  1.754  3.7426  2.490    4  0.000  0.515     0.00     0.00     0.00     0.00     0.00 -1    -1e-30      0.00 7.398e-01 2.589e-01 2.167e-04 6.979e-05 5.621e-04 -1.000 1.269e-03 0.384 1.560 0.747 0.321 0.192 0.145 0.133
0.00123 -1.10000 10.05690 0.8402484059 2.4320285563    0.766  1.755  3.7425  2.490    4  0.000  0.515     0.00     0.00     0.00     0.00     0.00 -1    -1e-30      0.00 7.398e-01 2.589e-01 2.167e-04 6.979e-05 5.621e-04 -1.000 1.269e-03 0.383 1.560 0.746 0.319 0.190 0.144 0.131
0.00123 -1.10000 10.05690 0.8402981162 2.4320440840    0.766  1.757  3.7420  2.485    4  0.000  0.515     0.00     0.00     0.00     0.00     0.00 -1    -1e-30      0.00 7.398e-01 2.589e-01 2.167e-04 6.979e-05 5.621e-04 -1.000 1.269e-03 0.376 1.558 0.742 0.313 0.184 0.136 0.123
0.00123 -1.10000 10.05690 0.8403466940 2.4320592560    0.766  1.760  3.7415  2.480    4  0.000  0.515     0.00     0.00     0.00     0.00     0.00 -1    -1e-30      0.00 7.398e-01 2.589e-01 2.167e-04 6.979e-05 5.621e-04 -1.000 1.269e-03 0.369 1.556 0.737 0.307 0.176 0.128 0.115
0.00123 -1.10000 10.05690 0.8403968215 2.4320749098    0.766  1.764  3.7408  2.474    4  0.000  0.515     0.00     0.00     0.00     0.00     0.00 -1    -1e-30      0.00 7.398e-01 2.589e-01 2.167e-04 6.979e-05 5.621e-04 -1.000 1.269e-03 0.361 1.553 0.731 0.298 0.166 0.118 0.104
0.00123 -1.10000 10.05690 0.8404453397 2.4320900591    0.766  1.767  3.7401  2.468    4  0.000  0.515     0.00     0.00     0.00     0.00     0.00 -1    -1e-30      0.00 7.398e-01 2.589e-01 2.167e-04 6.979e-05 5.621e-04 -1.000 1.269e-03 0.352 1.550 0.725 0.289 0.156 0.107 0.093
0.00123 -1.10000 10.05690 0.8404952288 2.4321056343    0.767  1.771  3.7394  2.461    4  0.000  0.515     0.00     0.00     0.00     0.00     0.00 -1    -1e-30      0.00 7.398e-01 2.589e-01 2.167e-04 6.979e-05 5.621e-04 -1.000 1.269e-03 0.342 1.548 0.718 0.280 0.146 0.095 0.081
0.00123 -1.10000 10.05690 0.8405436277 2.4321207423    0.767  1.776  3.7386  2.453    4  0.000  0.515     0.00     0.00     0.00     0.00     0.00 -1    -1e-30      0.00 7.398e-01 2.589e-01 2.167e-04 6.979e-05 5.621e-04 -1.000 1.269e-03 0.331 1.545 0.710 0.269 0.133 0.082 0.068
0.00123 -1.10000 10.05690 0.8405924439 2.4321359785    0.767  1.780  3.7381  2.447    4  0.000  0.515     0.00     0.00     0.00     0.00     0.00 -1    -1e-30      0.00 7.398e-01 2.589e-01 2.167e-04 6.979e-05 5.621e-04 -1.000 1.269e-03 0.321 1.540 0.702 0.259 0.123 0.071 0.057
0.00123 -1.10000 10.05690 0.8406413794 2.4321512498    0.767  1.786  3.7369  2.436    4  0.000  0.515     0.00     0.00     0.00     0.00     0.00 -1    -1e-30      0.00 7.398e-01 2.589e-01 2.167e-04 6.979e-05 5.621e-04 -1.000 1.269e-03 0.305 1.536 0.691 0.244 0.105 0.052 0.037
0.00123 -1.10000 10.05690 0.8406902552 2.4321665005    0.767  1.794  3.7354  2.422    4  0.000  0.515     0.00     0.00     0.00     0.00     0.00 -1    -1e-30      0.00 7.398e-01 2.589e-01 2.167e-04 6.979e-05 5.621e-04 -1.000 1.269e-03 0.285 1.531 0.677 0.224 0.083 0.029 0.013
0.00123 -1.10000 10.05690 0.8407388330 2.4321816562    0.767  1.801  3.7342  2.410    4  0.000  0.515     0.00     0.00     0.00     0.00     0.00 -1    -1e-30      0.00 7.398e-01 2.589e-01 2.167e-04 6.979e-05 5.621e-04 -1.000 1.269e-03 0.267 1.526 0.665 0.207 0.064 0.008 -0.008
0.00123 -1.10000 10.05690 0.8407891989 2.4321973676    0.767  1.818  3.7316  2.383    4  0.000  0.515     0.00     0.00     0.00     0.00     0.00 -1    -1e-30      0.00 7.398e-01 2.589e-01 2.167e-04 6.979e-05 5.621e-04 -1.000 1.269e-03 0.225 1.511 0.634 0.166 0.019 -0.040 -0.057
0.00123 -1.10000 10.05690 0.8408386111 2.4322127795    0.767  1.845  3.7277  2.340    4  0.000  0.515     0.00     0.00     0.00     0.00     0.00 -1    -1e-30      0.00 7.398e-01 2.589e-01 2.167e-04 6.979e-05 5.621e-04 -1.000 1.269e-03 0.157 1.485 0.583 0.100 -0.054 -0.117 -0.136
0.00123 -1.10000 10.05690 0.8408728838 2.4322234680    0.767  1.880  3.7229  2.286    4  0.000  0.515     0.00     0.00     0.00     0.00     0.00 -1    -1e-30      0.00 7.398e-01 2.589e-01 2.167e-04 6.979e-05 5.621e-04 -1.000 1.269e-03 0.069 1.451 0.516 0.015 -0.147 -0.215 -0.237
0.00123 -1.10000 10.05690 0.8408892155 2.4322285610    0.767  1.916  3.7184  2.232    4  0.000  0.515     0.00     0.00     0.00     0.00     0.00 -1    -1e-30      0.00 7.398e-01 2.589e-01 2.167e-04 6.979e-05 5.621e-04 -1.000 1.269e-03 -0.020 1.415 0.449 -0.071 -0.240 -0.314 -0.338
0.00123 -1.10000 10.05690 0.8408964872 2.4322308286    0.767  1.950  3.7142  2.181    4  0.000  0.515     0.00     0.00     0.00     0.00     0.00 -1    -1e-30      0.00 7.398e-01 2.589e-01 2.167e-04 6.979e-05 5.621e-04 -1.000 1.269e-03 -0.106 1.381 0.384 -0.154 -0.330 -0.409 -0.435
0.00123 -1.10000 10.05690 0.8409000039 2.4322319252    0.767  1.985  3.7102  2.131    4  0.000  0.515     0.00     0.00     0.00     0.00     0.00 -1    -1e-30      0.00 7.398e-01 2.589e-01 2.167e-04 6.979e-05 5.621e-04 -1.000 1.269e-03 -0.192 1.345 0.319 -0.236 -0.419 -0.502 -0.531
0.00123 -1.10000 10.05690 0.8409019113 2.4322325200    0.767  2.020  3.7063  2.080    4  0.000  0.515     0.00     0.00     0.00     0.00     0.00 -1    -1e-30      0.00 7.398e-01 2.589e-01 2.167e-04 6.979e-05 5.621e-04 -1.000 1.269e-03 -0.280 1.308 0.252 -0.319 -0.509 -0.597 -0.628
0.00123 -1.10000 10.05690 0.8409029841 2.4322328545    0.767  2.052  3.7029  2.034    4  0.000  0.515     0.00     0.00     0.00     0.00     0.00 -1    -1e-30      0.00 7.398e-01 2.589e-01 2.167e-04 6.979e-05 5.621e-04 -1.000 1.269e-03 -0.361 1.273 0.189 -0.396 -0.592 -0.684 -0.717
0.00123 -1.10000 10.05690 0.8409030437 2.4322328731    0.767  2.056  3.7026  2.029    4  0.000  0.515     0.00     0.00     0.00     0.00     0.00 -1 -9.14e-28      0.00 7.398e-01 2.587e-01 2.167e-04 6.979e-05 5.621e-04 -1.000 1.499e-03 -0.369 1.269 0.183 -0.404 -0.601 -0.693 -0.726
0.00123 -1.10000 10.05690 0.8409031034 2.4322328917    0.767  2.056  3.7026  2.029    7  0.000  0.515     0.00     0.00     0.00     0.00     0.00 -1 -9.82e-10      0.00 7.398e-01 2.573e-01 2.167e-04 6.979e-05 5.621e-04 -1.000 2.899e-03 -0.370 1.268 0.182 -0.405 -0.602 -0.695 -0.728
0.00123 -1.10000 10.05690 0.8409040570 2.4322331891    0.767  2.096  3.6988  1.974    7  0.000  0.515     0.00     0.00     0.00     0.00     0.00 -1 -1.24e-09      0.00 7.398e-01 2.573e-01 2.167e-04 6.979e-05 5.621e-04 -1.000 2.899e-03 -0.469 1.224 0.105 -0.499 -0.702 -0.800 -0.834
0.00123 -1.10000 10.05690 0.8409048915 2.4322334493    0.767  2.131  3.6955  1.926    7  0.000  0.515     0.00     0.00     0.00     0.00     0.00 -1 -1.51e-09      0.00 7.398e-01 2.573e-01 2.167e-04 6.979e-05 5.621e-04 -1.000 2.899e-03 -0.557 1.187 0.037 -0.582 -0.791 -0.893 -0.930
0.00123 -1.10000 10.05690 0.8409056664 2.4322336909    0.767  2.162  3.6927  1.883    7  0.000  0.515     0.00     0.00     0.00     0.00     0.00 -1 -1.81e-09      0.00 7.398e-01 2.573e-01 2.167e-04 6.979e-05 5.621e-04 -1.000 2.899e-03 -0.635 1.156 -0.022 -0.655 -0.870 -0.975 -1.014
0.00123 -1.10000 10.05690 0.8409065008 2.4322339511    0.767  2.179  3.6911  1.860    7  0.000  0.515     0.00     0.00     0.00     0.00     0.00 -1    -2e-09      0.00 7.398e-01 2.573e-01 2.167e-04 6.979e-05 5.621e-04 -1.000 2.899e-03 -0.678 1.138 -0.056 -0.696 -0.914 -1.021 -1.061
0.00123 -1.10000 10.05690 0.8409079313 2.4322343972    0.767  2.185  3.6906  1.852    7  0.000  0.515     0.00     0.00     0.00     0.00     0.00 -1 -2.07e-09      0.00 7.398e-01 2.573e-01 2.167e-04 6.979e-05 5.621e-04 -1.000 2.899e-03 -0.693 1.131 -0.067 -0.710 -0.929 -1.037 -1.077
0.00123 -1.10000 10.05690 0.8409097791 2.4322349733    0.766  2.162  3.6927  1.884    7  0.000  0.515     0.00     0.00     0.00     0.00     0.00 -1  -1.8e-09      0.00 7.398e-01 2.573e-01 2.167e-04 6.979e-05 5.621e-04 -1.000 2.899e-03 -0.634 1.156 -0.022 -0.654 -0.869 -0.975 -1.013
0.00123 -1.10000 10.05690 0.8409121037 2.4322356982    0.766  2.145  3.6942  1.906    7  0.000  0.515     0.00     0.00     0.00     0.00     0.00 -1 -1.65e-09      0.00 7.398e-01 2.573e-01 2.167e-04 6.979e-05 5.621e-04 -1.000 2.899e-03 -0.594 1.172 0.009 -0.617 -0.828 -0.932 -0.970
0.00123 -1.10000 10.05690 0.8409208059 2.4322384117    0.765  2.133  3.6954  1.923    7  0.000  0.515     0.00     0.00     0.00     0.00     0.00 -1 -1.54e-09      0.00 7.398e-01 2.573e-01 2.167e-04 6.979e-05 5.621e-04 -1.000 2.899e-03 -0.561 1.185 0.034 -0.586 -0.796 -0.898 -0.934
0.00123 -1.10000 10.05690 0.8409476876 2.4322467934    0.763  2.165  3.6923  1.877    7  0.000  0.515     0.00     0.00     0.00     0.00     0.00 -1 -1.87e-09      0.00 7.398e-01 2.573e-01 2.167e-04 6.979e-05 5.621e-04 -1.000 2.899e-03 -0.642 1.154 -0.028 -0.662 -0.878 -0.984 -1.022
0.00123 -1.10000 10.05690 0.8409646153 2.4322520712    0.762  2.204  3.6888  1.823    7  0.000  0.515     0.00     0.00     0.00     0.00     0.00 -1 -2.36e-09      0.00 7.398e-01 2.573e-01 2.167e-04 6.979e-05 5.621e-04 -1.000 2.899e-03 -0.739 1.116 -0.101 -0.752 -0.974 -1.085 -1.126
0.00123 -1.10000 10.05690 0.8409835696 2.4322579805    0.759  2.255  3.6841  1.752    7  0.000  0.515     0.00     0.00     0.00     0.00     0.00 -1 -3.18e-09      0.00 7.398e-01 2.573e-01 2.167e-04 6.979e-05 5.621e-04 -1.000 2.899e-03 -0.867 1.075 -0.196 -0.873 -1.103 -1.220 -1.264
0.00123 -1.10000 10.05690 0.8410007954 2.4322633507    0.756  2.304  3.6797  1.683    7  0.000  0.515     0.00     0.00     0.00     0.00     0.00 -1  -4.3e-09      0.00 7.398e-01 2.573e-01 2.167e-04 6.979e-05 5.621e-04 -1.000 2.899e-03 -0.991 1.048 -0.287 -0.993 -1.229 -1.351 -1.398
0.00123 -1.10000 10.05690 0.8410157561 2.4322680145    0.753  2.349  3.6759  1.621    7  0.000  0.515     0.00     0.00     0.00     0.00     0.00 -1 -5.57e-09      0.00 7.398e-01 2.573e-01 2.167e-04 6.979e-05 5.621e-04 -1.000 2.899e-03 -1.103 1.029 -0.367 -1.100 -1.343 -1.470 -1.519
0.00123 -1.10000 10.05690 0.8410289288 2.4322721207    0.749  2.392  3.6722  1.561    7  0.000  0.515     0.00     0.00     0.00     0.00     0.00 -1 -7.21e-09      0.00 7.398e-01 2.573e-01 2.167e-04 6.979e-05 5.621e-04 -1.000 2.895e-03 -1.209 1.014 -0.442 -1.202 -1.451 -1.582 -1.634
0.00123 -1.10000 10.05690 0.8410404921 2.4322757252    0.745  2.433  3.6686  1.503    7  0.000  0.515     0.00     0.00     0.00     0.00     0.00 -1 -9.25e-09      0.00 7.398e-01 2.574e-01 2.167e-04 6.980e-05 5.621e-04 -1.000 2.828e-03 -1.314 1.004 -0.513 -1.301 -1.556 -1.691 -1.746
0.00123 -1.10000 10.05690 0.8410506845 2.4322789022    0.740  2.474  3.6651  1.445    7  0.000  0.515     0.00     0.00     0.00     0.00     0.00 -1 -1.18e-08      0.00 7.398e-01 2.574e-01 2.165e-04 6.983e-05 5.621e-04 -1.000 2.799e-03 -1.415 1.006 -0.579 -1.396 -1.657 -1.797 -1.855
0.00123 -1.10000 10.05690 0.8410598636 2.4322817633    0.734  2.515  3.6616  1.387    7  0.000  0.514     8.27     6.40     4.51     3.50     2.83  3 -1.49e-08      0.00 7.398e-01 2.574e-01 2.161e-04 7.006e-05 5.621e-04 -1.000 2.773e-03 -1.516 1.012 -0.642 -1.490 -1.758 -1.902 -1.962
0.00123 -1.10000 10.05690 0.8410682678 2.4322843828    0.727  2.555  3.6574  1.326    7  0.000  0.510     9.40     7.14     5.00     3.89     3.15  3 -1.92e-08      0.00 7.398e-01 2.575e-01 2.149e-04 7.094e-05 5.621e-04 -1.000 2.706e-03 -1.618 1.043 -0.695 -1.580 -1.856 -2.006 -2.070
0.00123 -1.10000 10.05690 0.8410759568 2.4322867794    0.719  2.596  3.6510  1.256    7  0.000  0.505    10.89     8.08     5.63     4.39     3.55  2 -2.49e-08      0.00 7.398e-01 2.575e-01 2.126e-04 7.322e-05 5.621e-04 -1.000 2.699e-03 -1.719 1.102 -0.729 -1.655 -1.946 -2.107 -2.176
0.00123 -1.10000 10.05690 0.8410814404 2.4322884885    0.712  2.626  3.6451  1.197    7  0.000  0.499    12.31     8.97     6.22     4.86     3.93  2 -3.04e-08      0.00 7.398e-01 2.575e-01 2.101e-04 7.607e-05 5.621e-04 -1.000 2.678e-03 -1.796 1.175 -0.740 -1.705 -2.011 -2.181 -2.255
0.00123 -1.10000 10.05690 0.8410882354 2.4322906063    0.701  2.666  3.6417  1.136    7  0.000  0.490    13.95     9.97     6.87     5.38     4.36  2 -3.93e-08      0.00 7.398e-01 2.576e-01 2.068e-04 8.013e-05 5.621e-04 -1.000 2.640e-03 -1.896 1.176 -0.799 -1.790 -2.104 -2.281 -2.357
0.00123 -1.10000 10.05690 0.8410947323 2.4322926312    0.687  2.706  3.6382  1.074    7  0.000  0.483    15.85    11.10     7.61     5.98     4.84  2 -5.16e-08      0.00 7.397e-01 2.576e-01 2.038e-04 8.381e-05 5.621e-04 -1.000 2.613e-03 -1.996 1.180 -0.855 -1.873 -2.197 -2.380 -2.459
0.00123 -1.10000 10.05690 0.8411010504 2.4322946003    0.669  2.746  3.6349  1.009    7  0.000  0.477    18.08    12.40     8.45     6.65     5.39  2 -6.83e-08      0.00 7.397e-01 2.577e-01 2.011e-04 8.705e-05 5.621e-04 -1.000 2.632e-03 -2.095 1.186 -0.909 -1.955 -2.288 -2.478 -2.559
0.00123 -1.10000 10.05690 0.8411071301 2.4322964950    0.646  2.787  3.6316  0.940    7  0.000  0.471    20.79    13.92     9.44     7.45     6.03  1 -9.35e-08      0.00 7.396e-01 2.577e-01 1.988e-04 8.997e-05 5.621e-04 -1.000 2.612e-03 -2.197 1.200 -0.961 -2.039 -2.383 -2.579 -2.663
0.00123 -1.10000 10.05690 0.8411124945 2.4322981668    0.618  2.826  3.6293  0.872    7  0.000  0.466    23.79    15.55    10.48     8.30     6.72  1 -1.31e-07      0.00 7.396e-01 2.578e-01 1.967e-04 9.247e-05 5.621e-04 -1.000 2.545e-03 -2.295 1.198 -1.017 -2.123 -2.475 -2.676 -2.763
0.00123 -1.10000 10.05690 0.8411175013 2.4322997272    0.582  2.867  3.6293  0.805    7  0.000  0.462    27.12    17.28    11.57     9.20     7.45  1  -1.9e-07      0.00 7.395e-01 2.579e-01 1.949e-04 9.463e-05 5.620e-04 -1.000 2.575e-03 -2.397 1.143 -1.103 -2.223 -2.578 -2.780 -2.867
0.00123 -1.10000 10.05690 0.8411213756 2.4323009346    0.540  2.905  3.6383  0.770    7  0.000  0.458    28.81    18.06    12.05     9.62     7.78  1 -2.79e-07      0.00 7.395e-01 2.580e-01 1.935e-04 9.647e-05 5.620e-04 -1.000 2.537e-03 -2.494 0.877 -1.296 -2.372 -2.705 -2.891 -2.971
0.00123 -1.10000 10.05690 0.8411228657 2.4323013990    0.509  2.923  3.6594  0.811    7  0.000  0.456    26.04    16.52    11.05     8.82     7.13  1 -3.18e-07      0.00 7.394e-01 2.580e-01 1.925e-04 9.768e-05 5.619e-04 -1.000 2.599e-03 -2.538 0.341 -1.568 -2.513 -2.798 -2.948 -3.012
0.00123 -1.10000 10.05690 1.0949344635 2.4908239789    0.545 -9.999  3.6103  7.956    9  0.546  0.000     0.00     0.00     0.00     0.00     0.00 -1    -1e-30      0.00 7.265e-01 2.722e-01 1.773e-04 1.344e-04 5.712e-04 -1.000 1.249e-03 29.767 33.071 31.170 29.946 29.496 29.277 29.202
