# Zini     MH   logAge Mini        int_IMF         Mass   logL    logTe  logg  label   McoreTP C_O  period0  period1  period2  period3  period4  pmode  Mloss  tau1m   X   Y   Xc  Xn  Xo  Cexcess  Z 	 mbolmag  umag    gmag    rmag    imag    zmag    Ymag
0.00031003 -1.70000 10.01703 0.0900000036 1.0816895926    0.090 -3.194  3.4812  5.463    1  0.000  0.545     0.00     0.00     0.00     0.00     0.00 -1 -4.97e-17      0.00 7.485e-01 2.511e-01 6.177e-05 1.667e-05 1.511e-04 -1.000 3.435e-04 12.756 17.881 16.065 14.120 12.573 12.077 11.976
0.00031003 -1.70000 10.01703 0.0931013450 1.1107506493    0.093 -3.085  3.4971  5.433    1  0.000  0.545     0.00     0.00     0.00     0.00     0.00 -1 -6.51e-17      0.00 7.479e-01 2.517e-01 6.177e-05 1.667e-05 1.511e-04 -1.000 3.435e-04 12.483 17.542 15.479 13.599 12.289 11.846 11.742
0.00031003 -1.70000 10.01703 0.1000000015 1.1711064122    0.100 -2.856  3.5304  5.368    1  0.000  0.545     0.00     0.00     0.00     0.00     0.00 -1 -1.15e-16      0.00 7.466e-01 2.531e-01 6.177e-05 1.667e-05 1.511e-04 -1.000 3.436e-04 11.910 16.611 14.326 12.616 11.698 11.340 11.234
0.00031003 -1.70000 10.01703 0.1200000048 1.3193154741    0.120 -2.566  3.5614  5.280    1  0.000  0.545     0.00     0.00     0.00     0.00     0.00 -1 -2.26e-16      0.00 7.440e-01 2.557e-01 6.177e-05 1.667e-05 1.511e-04 -1.000 3.434e-04 11.184 15.311 13.125 11.605 10.957 10.660 10.561
0.00031003 -1.70000 10.01703 0.1400000006 1.4384526719    0.140 -2.384  3.5764  5.225    1  0.000  0.545     0.00     0.00     0.00     0.00     0.00 -1 -3.39e-16      0.00 7.422e-01 2.575e-01 6.177e-05 1.667e-05 1.511e-04 -1.000 3.435e-04 10.729 14.536 12.465 11.049 10.496 10.223 10.130
0.00031003 -1.70000 10.01703 0.1599999964 1.5372931554    0.160 -2.241  3.5863  5.181    1  0.000  0.545     0.00     0.00     0.00     0.00     0.00 -1 -4.63e-16      0.00 7.409e-01 2.588e-01 6.177e-05 1.667e-05 1.511e-04 -1.000 3.435e-04 10.374 13.967 11.983 10.643 10.137 9.879 9.791
0.00031003 -1.70000 10.01703 0.2000000179 1.6938791367    0.200 -2.021  3.5990  5.108    1  0.000  0.545     0.00     0.00     0.00     0.00     0.00 -1 -7.47e-16      0.00 7.398e-01 2.599e-01 6.177e-05 1.667e-05 1.511e-04 -1.000 3.435e-04 9.823 13.149 11.278 10.038 9.580 9.342 9.260
0.00031003 -1.70000 10.01703 0.2500000000 1.8403257998    0.250 -1.817  3.6101  5.046    1  0.000  0.545     0.00     0.00     0.00     0.00     0.00 -1 -1.15e-15      0.00 7.398e-01 2.599e-01 6.176e-05 1.667e-05 1.511e-04 -1.000 3.434e-04 9.313 12.425 10.644 9.488 9.064 8.843 8.766
0.00031003 -1.70000 10.01703 0.3000000417 1.9529140366    0.300 -1.661  3.6189  5.004    1  0.000  0.545     0.00     0.00     0.00     0.00     0.00 -1 -1.57e-15      0.00 7.399e-01 2.597e-01 6.175e-05 1.667e-05 1.511e-04 -1.000 3.436e-04 8.924 11.876 10.161 9.068 8.670 8.462 8.390
0.00031003 -1.70000 10.01703 0.3499999940 2.0434174644    0.350 -1.535  3.6267  4.975    1  0.000  0.544     0.00     0.00     0.00     0.00     0.00 -1 -2.02e-15      0.00 7.399e-01 2.597e-01 6.173e-05 1.667e-05 1.511e-04 -1.000 3.436e-04 8.606 11.425 9.765 8.726 8.349 8.153 8.085
0.00031003 -1.70000 10.01703 0.4000000060 2.1185024399    0.400 -1.402  3.6367  4.941    1  0.000  0.545     0.00     0.00     0.00     0.00     0.00 -1 -2.67e-15      0.00 7.503e-01 2.494e-01 6.177e-05 1.667e-05 1.511e-04 -1.000 3.435e-04 8.275 10.928 9.337 8.365 8.014 7.833 7.769
0.00031003 -1.70000 10.01703 0.4032552242 2.1229638563    0.403 -1.391  3.6379  4.938    1  0.000  0.545     0.00     0.00     0.00     0.00     0.00 -1 -2.74e-15      0.00 7.503e-01 2.493e-01 6.177e-05 1.667e-05 1.511e-04 -1.000 3.435e-04 8.247 10.881 9.298 8.333 7.985 7.806 7.743
0.00031003 -1.70000 10.01703 0.4500000179 2.1822809362    0.450 -1.239  3.6535  4.896    1  0.000  0.545     0.00     0.00     0.00     0.00     0.00 -1 -3.86e-15      0.00 7.506e-01 2.491e-01 6.177e-05 1.667e-05 1.511e-04 -1.000 3.435e-04 7.867 10.257 8.782 7.911 7.601 7.445 7.390
0.00031003 -1.70000 10.01703 0.5000000000 2.2374541529    0.500 -1.057  3.6752  4.847    1  0.000  0.545     0.00     0.00     0.00     0.00     0.00 -1 -5.89e-15      0.00 7.506e-01 2.491e-01 6.177e-05 1.667e-05 1.511e-04 -1.000 3.435e-04 7.412 9.455 8.155 7.407 7.146 7.019 6.976
0.00031003 -1.70000 10.01703 0.5500000715 2.2836583126    0.550 -0.854  3.6975  4.774    1  0.000  0.544     0.00     0.00     0.00     0.00     0.00 -1 -9.74e-15      0.00 7.803e-01 2.194e-01 5.486e-05 1.481e-05 1.344e-04 -1.000 2.797e-04 6.904 8.612 7.505 6.865 6.646 6.548 6.517
0.00031003 -1.70000 10.01703 0.6000000238 2.3211213258    0.600 -0.652  3.7230  4.712    1  0.000  0.544     0.00     0.00     0.00     0.00     0.00 -1 -1.59e-14      0.00 7.904e-01 2.093e-01 5.264e-05 1.422e-05 1.290e-04 -1.000 3.247e-04 6.401 7.783 6.879 6.343 6.166 6.098 6.080
0.00031003 -1.70000 10.01703 0.6075451970 2.3261622659    0.607 -0.621  3.7274  4.704    1  0.000  0.544     0.00     0.00     0.00     0.00     0.00 -1 -1.71e-14      0.00 7.923e-01 2.074e-01 5.225e-05 1.411e-05 1.281e-04 -1.000 2.965e-04 6.322 7.654 6.782 6.263 6.093 6.030 6.014
0.00031003 -1.70000 10.01703 0.6221473217 2.3355197740    0.622 -0.560  3.7359  4.687    1  0.000  0.544     0.00     0.00     0.00     0.00     0.00 -1 -1.99e-14      0.00 7.960e-01 2.037e-01 5.147e-05 1.390e-05 1.262e-04 -1.000 2.943e-04 6.169 7.412 6.596 6.109 5.953 5.899 5.887
0.00031003 -1.70000 10.01703 0.6356077194 2.3437091077    0.635 -0.503  3.7437  4.671    1  0.000  0.543     0.00     0.00     0.00     0.00     0.00 -1 -2.28e-14      0.00 7.996e-01 2.001e-01 5.070e-05 1.370e-05 1.244e-04 -1.000 2.760e-04 6.027 7.196 6.428 5.969 5.825 5.779 5.771
0.00031003 -1.70000 10.01703 0.6471236944 2.3504053556    0.647 -0.454  3.7502  4.656    1  0.000  0.543     0.00     0.00     0.00     0.00     0.00 -1 -2.57e-14      0.00 8.029e-01 1.969e-01 5.002e-05 1.352e-05 1.228e-04 -1.000 2.737e-04 5.906 7.017 6.285 5.850 5.717 5.677 5.672
0.00031003 -1.70000 10.01703 0.6499999762 2.3520353107    0.650 -0.442  3.7518  4.652    1  0.000  0.543     0.00     0.00     0.00     0.00     0.00 -1 -2.65e-14      0.00 8.037e-01 1.960e-01 4.984e-05 1.347e-05 1.223e-04 -1.000 2.835e-04 5.875 6.972 6.249 5.821 5.690 5.652 5.647
0.00031003 -1.70000 10.01703 0.6565744877 2.3556994125    0.656 -0.414  3.7553  4.642    1  0.000  0.543     0.00     0.00     0.00     0.00     0.00 -1 -2.85e-14      0.00 8.060e-01 1.937e-01 4.935e-05 1.334e-05 1.212e-04 -1.000 2.720e-04 5.805 6.872 6.169 5.753 5.628 5.594 5.591
0.00031003 -1.70000 10.01703 0.6708613634 2.3633777725    0.671 -0.352  3.7628  4.620    1  0.000  0.543     0.00     0.00     0.00     0.00     0.00 -1 -3.33e-14      0.00 8.115e-01 1.882e-01 4.822e-05 1.304e-05 1.185e-04 -1.000 2.687e-04 5.651 6.658 5.993 5.606 5.493 5.467 5.466
0.00031003 -1.70000 10.01703 0.6844254136 2.3703275574    0.684 -0.293  3.7697  4.597    1  0.000  0.542     0.00     0.00     0.00     0.00     0.00 -1 -3.88e-14      0.00 8.170e-01 1.827e-01 4.706e-05 1.273e-05 1.157e-04 -1.000 2.957e-04 5.503 6.460 5.827 5.465 5.363 5.343 5.345
0.00031003 -1.70000 10.01703 0.6969833374 2.3764852909    0.697 -0.237  3.7759  4.574    1  0.000  0.542     0.00     0.00     0.00     0.00     0.00 -1 -4.49e-14      0.00 8.226e-01 1.771e-01 4.590e-05 1.242e-05 1.130e-04 -1.000 2.942e-04 5.363 6.281 5.673 5.332 5.240 5.226 5.231
0.00031003 -1.70000 10.01703 0.6999999881 2.3779266974    0.700 -0.223  3.7774  4.568    1  0.000  0.542     0.00     0.00     0.00     0.00     0.00 -1 -4.66e-14      0.00 8.240e-01 1.757e-01 4.561e-05 1.235e-05 1.123e-04 -1.000 2.935e-04 5.329 6.237 5.635 5.300 5.210 5.198 5.203
0.00031003 -1.70000 10.01703 0.7071548700 2.3812889399    0.707 -0.191  3.7807  4.553    1  0.000  0.540     0.00     0.00     0.00     0.00     0.00 -1 -5.08e-14      0.00 8.279e-01 1.718e-01 4.470e-05 1.212e-05 1.103e-04 -1.000 2.770e-04 5.247 6.134 5.545 5.222 5.137 5.128 5.134
0.00031003 -1.70000 10.01703 0.7191162109 2.3867383870    0.719 -0.134  3.7862  4.525    1  0.000  0.538     0.00     0.00     0.00     0.00     0.00 -1 -5.92e-14      0.00 8.346e-01 1.652e-01 4.316e-05 1.175e-05 1.070e-04 -1.000 1.957e-04 5.105 5.964 5.391 5.088 5.011 5.008 5.016
0.00031003 -1.70000 10.01703 0.7297607064 2.3914155339    0.729 -0.082  3.7909  4.499    1  0.000  0.536     0.00     0.00     0.00     0.00     0.00 -1 -6.83e-14      0.00 8.403e-01 1.595e-01 4.182e-05 1.142e-05 1.041e-04 -1.000 2.163e-04 4.975 5.809 5.251 4.964 4.895 4.896 4.905
0.00031003 -1.70000 10.01703 0.7397956848 2.3956834157    0.739 -0.031  3.7952  4.470    1  0.000  0.534     0.00     0.00     0.00     0.00     0.00 -1 -7.89e-14      0.00 8.455e-01 1.543e-01 4.064e-05 1.113e-05 1.015e-04 -1.000 2.060e-04 4.847 5.661 5.112 4.841 4.779 4.784 4.795
0.00031003 -1.70000 10.01703 0.7486039996 2.3993213577    0.748  0.016  3.7989  4.443    1  0.000  0.532     0.00     0.00     0.00     0.00     0.00 -1 -9.01e-14      0.00 8.498e-01 1.500e-01 3.969e-05 1.090e-05 9.948e-05 -1.000 1.970e-04 4.729 5.525 4.985 4.727 4.671 4.680 4.692
0.00031003 -1.70000 10.01703 0.7500000000 2.3998889087    0.750  0.024  3.7994  4.439    1  0.000  0.531     0.00     0.00     0.00     0.00     0.00 -1 -9.21e-14      0.00 8.504e-01 1.494e-01 3.954e-05 1.086e-05 9.917e-05 -1.000 1.957e-04 4.710 5.503 4.965 4.708 4.653 4.663 4.675
0.00031003 -1.70000 10.01703 0.7510976791 2.4003334722    0.751  0.030  3.7999  4.435    1  0.000  0.531     0.00     0.00     0.00     0.00     0.00 -1 -9.36e-14      0.00 8.507e-01 1.491e-01 3.952e-05 1.086e-05 9.911e-05 -1.000 1.968e-04 4.696 5.487 4.949 4.694 4.640 4.650 4.662
0.00031003 -1.70000 10.01703 0.7606736422 2.4041492685    0.760  0.084  3.8039  4.403    1  0.000  0.531     0.00     0.00     0.00     0.00     0.00 -1 -1.09e-13      0.00 8.525e-01 1.473e-01 3.931e-05 1.081e-05 9.872e-05 -1.000 1.957e-04 4.560 5.335 4.804 4.563 4.515 4.529 4.543
0.00031003 -1.70000 10.01703 0.7691559792 2.4074381791    0.768  0.135  3.8074  4.370    1  0.000  0.530     0.00     0.00     0.00     0.00     0.00 -1 -1.27e-13      0.00 8.539e-01 1.459e-01 3.917e-05 1.078e-05 9.847e-05 -1.000 2.154e-04 4.432 5.192 4.666 4.438 4.396 4.413 4.428
0.00031003 -1.70000 10.01703 0.7772502303 2.4104997632    0.776  0.188  3.8107  4.336    1  0.000  0.530     0.00     0.00     0.00     0.00     0.00 -1 -1.48e-13      0.00 8.551e-01 1.447e-01 3.907e-05 1.075e-05 9.831e-05 -1.000 2.211e-04 4.301 5.048 4.527 4.310 4.273 4.294 4.310
0.00031003 -1.70000 10.01703 0.7847105861 2.4132573518    0.784  0.239  3.8136  4.300    1  0.000  0.529     0.00     0.00     0.00     0.00     0.00 -1 -1.73e-13      0.00 8.561e-01 1.437e-01 3.900e-05 1.074e-05 9.819e-05 -1.000 2.113e-04 4.172 4.908 4.389 4.183 4.151 4.174 4.191
0.00031003 -1.70000 10.01703 0.7915385365 2.4157288609    0.791  0.290  3.8161  4.262    1  0.000  0.529     0.00     0.00     0.00     0.00     0.00 -1 -2.02e-13      0.00 8.569e-01 1.429e-01 3.895e-05 1.073e-05 9.814e-05 -1.000 1.957e-04 4.045 4.772 4.255 4.057 4.030 4.055 4.073
0.00031003 -1.70000 10.01703 0.7977862358 2.4179477634    0.797  0.339  3.8179  4.224    1  0.000  0.529     0.00     0.00     0.00     0.00     0.00 -1 -2.36e-13      0.00 8.574e-01 1.424e-01 3.897e-05 1.074e-05 9.824e-05 -1.000 2.198e-04 3.922 4.642 4.126 3.934 3.910 3.937 3.955
0.00031003 -1.70000 10.01703 0.8000000119 2.4187244405    0.799  0.357  3.8185  4.209    1  0.000  0.529     0.00     0.00     0.00     0.00     0.00 -1 -2.49e-13      0.00 8.574e-01 1.424e-01 3.901e-05 1.075e-05 9.837e-05 -1.000 2.295e-04 3.877 4.594 4.078 3.889 3.866 3.894 3.912
0.00031003 -1.70000 10.01703 0.8065116405 2.4209805721    0.805  0.413  3.8199  4.162    1  0.000  0.529     0.00     0.00     0.00     0.00     0.00 -1 -2.98e-13      0.00 8.554e-01 1.443e-01 3.948e-05 1.088e-05 9.953e-05 -1.000 2.505e-04 3.737 4.448 3.933 3.749 3.729 3.758 3.776
0.00031003 -1.70000 10.01703 0.8075866103 2.4213490032    0.806  0.423  3.8200  4.154    1  0.000  0.529     0.00     0.00     0.00     0.00     0.00 -1 -3.09e-13      0.00 8.551e-01 1.447e-01 3.956e-05 1.090e-05 9.974e-05 -1.000 2.517e-04 3.713 4.423 3.907 3.725 3.705 3.734 3.752
0.00031003 -1.70000 10.01703 0.8094106317 2.4219715873    0.808  0.441  3.8198  4.136    1  0.000  0.529     0.00     0.00     0.00     0.00     0.00 -1 -3.29e-13      0.00 8.545e-01 1.453e-01 3.971e-05 1.094e-05 1.001e-04 -1.000 2.536e-04 3.668 4.378 3.862 3.679 3.659 3.688 3.706
0.00031003 -1.70000 10.01703 0.8145877719 2.4237212218    0.813  0.495  3.8186  4.080    1  0.000  0.529     0.00     0.00     0.00     0.00     0.00 -1 -3.93e-13      0.00 8.528e-01 1.469e-01 4.012e-05 1.105e-05 1.011e-04 -1.000 2.591e-04 3.533 4.245 3.727 3.542 3.520 3.548 3.566
0.00031003 -1.70000 10.01703 0.8188975453 2.4251583382    0.817  0.547  3.8153  4.017    1  0.000  0.529     0.00     0.00     0.00     0.00     0.00 -1 -4.76e-13      0.00 8.514e-01 1.483e-01 4.046e-05 1.115e-05 1.020e-04 -1.000 2.636e-04 3.403 4.125 3.601 3.408 3.382 3.407 3.424
0.00031003 -1.70000 10.01703 0.8196259141 2.4253995003    0.818  0.556  3.8145  4.004    1  0.000  0.529     0.00     0.00     0.00     0.00     0.00 -1 -4.96e-13      0.00 8.512e-01 1.486e-01 4.051e-05 1.116e-05 1.021e-04 -1.000 2.644e-04 3.379 4.103 3.579 3.383 3.356 3.380 3.396
0.00031003 -1.70000 10.01703 0.8203344941 2.4256336378    0.819  0.567  3.8133  3.990    2  0.000  0.529     0.00     0.00     0.00     0.00     0.00 -1 -5.17e-13      0.00 8.510e-01 1.488e-01 4.057e-05 1.118e-05 1.022e-04 -1.000 2.651e-04 3.353 4.081 3.555 3.357 3.328 3.350 3.366
0.00031003 -1.70000 10.01703 0.8227143884 2.4264166371    0.821  0.604  3.8080  3.932    2  0.000  0.529     0.00     0.00     0.00     0.00     0.00 -1 -5.97e-13      0.00 8.502e-01 1.495e-01 4.075e-05 1.123e-05 1.027e-04 -1.000 2.676e-04 3.261 4.005 3.473 3.258 3.222 3.239 3.253
0.00031003 -1.70000 10.01703 0.8245269656 2.4270095000    0.823  0.636  3.8015  3.875    2  0.000  0.529     0.00     0.00     0.00     0.00     0.00 -1 -6.86e-13      0.00 8.496e-01 1.501e-01 4.090e-05 1.127e-05 1.031e-04 -1.000 2.695e-04 3.180 3.948 3.406 3.171 3.125 3.136 3.148
0.00031003 -1.70000 10.01703 0.8259406686 2.4274698214    0.824  0.665  3.7938  3.816    2  0.000  0.529     0.00     0.00     0.00     0.00     0.00 -1 -7.84e-13      0.00 8.492e-01 1.506e-01 4.101e-05 1.130e-05 1.033e-04 -1.000 2.710e-04 3.108 3.908 3.352 3.093 3.035 3.039 3.048
0.00031003 -1.70000 10.01703 0.8270774484 2.4278386604    0.825  0.690  3.7855  3.758    2  0.000  0.529     0.00     0.00     0.00     0.00     0.00 -1 -8.88e-13      0.00 8.448e-01 1.550e-01 4.235e-05 1.166e-05 1.066e-04 -1.000 2.674e-04 3.045 3.884 3.310 3.024 2.953 2.948 2.955
0.00031003 -1.70000 10.01703 0.8280238509 2.4281448414    0.826  0.713  3.7767  3.701    2  0.000  0.530     0.00     0.00     0.00     0.00     0.00 -1 -9.99e-13      0.00 8.337e-01 1.661e-01 4.500e-05 1.238e-05 1.130e-04 -1.000 2.528e-04 2.988 3.872 3.277 2.961 2.876 2.863 2.867
0.00031003 -1.70000 10.01703 0.8288480043 2.4284108174    0.827  0.734  3.7686  3.648    2  0.000  0.533     0.00     0.00     0.00     0.00     0.00 -1 -1.11e-12      0.00 8.121e-01 1.876e-01 4.913e-05 1.348e-05 1.229e-04 -1.000 2.770e-04 2.935 3.867 3.247 2.904 2.806 2.785 2.785
0.00031003 -1.70000 10.01703 0.8296082616 2.4286556336    0.828  0.757  3.7608  3.594    2  0.000  0.535     0.00     0.00     0.00     0.00     0.00 -1 -1.25e-12      0.00 7.921e-01 2.076e-01 5.281e-05 1.447e-05 1.317e-04 -1.000 2.882e-04 2.878 3.858 3.212 2.842 2.732 2.704 2.701
0.00031003 -1.70000 10.01703 0.8303710818 2.4289007570    0.828  0.788  3.7534  3.534    2  0.000  0.536     0.00     0.00     0.00     0.00     0.00 -1 -1.44e-12      0.00 7.790e-01 2.207e-01 5.522e-05 1.511e-05 1.374e-04 -1.000 3.151e-04 2.801 3.832 3.158 2.762 2.641 2.604 2.598
0.00031003 -1.70000 10.01703 0.8309675455 2.4290920632    0.829  0.821  3.7485  3.482    2  0.000  0.536     0.00     0.00     0.00     0.00     0.00 -1 -1.65e-12      0.00 7.731e-01 2.266e-01 5.635e-05 1.541e-05 1.401e-04 -1.000 3.210e-04 2.717 3.783 3.090 2.678 2.549 2.507 2.499
0.00031003 -1.70000 10.01703 0.8315578103 2.4292810705    0.829  0.861  3.7444  3.426    2  0.000  0.536     0.00     0.00     0.00     0.00     0.00 -1 -1.92e-12      0.00 7.689e-01 2.308e-01 5.713e-05 1.562e-05 1.420e-04 -1.000 2.957e-04 2.619 3.715 3.006 2.579 2.443 2.397 2.387
0.00031003 -1.70000 10.01703 0.8317417502 2.4293399064    0.830  0.876  3.7434  3.407    2  0.000  0.537     0.00     0.00     0.00     0.00     0.00 -1 -2.03e-12      0.00 7.680e-01 2.317e-01 5.729e-05 1.566e-05 1.424e-04 -1.000 2.931e-04 2.581 3.685 2.972 2.542 2.404 2.357 2.347
0.00031003 -1.70000 10.01703 0.8322352767 2.4294976205    0.830  0.917  3.7410  3.356    3  0.000  0.537     0.00     0.00     0.00     0.00     0.00 -1 -2.37e-12      0.00 7.657e-01 2.340e-01 5.768e-05 1.576e-05 1.433e-04 -1.000 3.377e-04 2.477 3.599 2.875 2.437 2.295 2.246 2.234
0.00031003 -1.70000 10.01703 0.8327749968 2.4296698503    0.831  0.967  3.7386  3.297    3  0.000  0.537     0.00     0.00     0.00     0.00     0.00 -1 -2.84e-12      0.00 7.634e-01 2.363e-01 5.802e-05 1.586e-05 1.441e-04 -1.000 3.353e-04 2.353 3.495 2.760 2.314 2.169 2.116 2.104
0.00031003 -1.70000 10.01703 0.8332331777 2.4298158589    0.831  1.012  3.7368  3.245    3  0.000  0.537     0.00     0.00     0.00     0.00     0.00 -1 -3.35e-12      0.00 7.616e-01 2.381e-01 5.825e-05 1.592e-05 1.447e-04 -1.000 3.353e-04 2.240 3.396 2.653 2.201 2.053 1.999 1.985
0.00031003 -1.70000 10.01703 0.8336709738 2.4299551990    0.831  1.058  3.7351  3.192    3  0.000  0.537     0.00     0.00     0.00     0.00     0.00 -1 -3.96e-12      0.00 7.599e-01 2.398e-01 5.843e-05 1.597e-05 1.451e-04 -1.000 3.435e-04 2.124 3.295 2.544 2.086 1.936 1.879 1.865
0.00031003 -1.70000 10.01703 0.8341156244 2.4300965486    0.832  1.109  3.7334  3.135    3  0.000  0.537     0.00     0.00     0.00     0.00     0.00 -1 -4.74e-12      0.00 7.581e-01 2.416e-01 5.857e-05 1.603e-05 1.456e-04 -1.000 3.310e-04 1.998 3.182 2.423 1.961 1.807 1.749 1.734
0.00031003 -1.70000 10.01703 0.8345242143 2.4302262822    0.832  1.159  3.7318  3.078    3  0.000  0.536     0.00     0.00     0.00     0.00     0.00 -1 -5.68e-12      0.00 7.565e-01 2.432e-01 5.861e-05 1.609e-05 1.459e-04 -1.000 3.166e-04 1.872 3.069 2.304 1.836 1.680 1.620 1.604
0.00031003 -1.70000 10.01703 0.8348909616 2.4303426058    0.832  1.208  3.7302  3.023    3  0.000  0.535     0.00     0.00     0.00     0.00     0.00 -1 -6.77e-12      0.00 7.550e-01 2.447e-01 5.856e-05 1.617e-05 1.461e-04 -1.000 3.099e-04 1.750 2.959 2.187 1.715 1.557 1.495 1.478
0.00031003 -1.70000 10.01703 0.8352116346 2.4304442194    0.832  1.254  3.7288  2.972    3  0.000  0.533     0.00     0.00     0.00     0.00     0.00 -1 -7.99e-12      0.00 7.537e-01 2.460e-01 5.842e-05 1.630e-05 1.463e-04 -1.000 3.348e-04 1.635 2.856 2.077 1.601 1.440 1.376 1.359
0.00031003 -1.70000 10.01703 0.8355239630 2.4305431025    0.833  1.303  3.7273  2.917    3  0.000  0.530     0.00     0.00     0.00     0.00     0.00 -1 -9.52e-12      0.00 7.524e-01 2.472e-01 5.817e-05 1.652e-05 1.465e-04 -1.000 3.430e-04 1.513 2.747 1.961 1.479 1.317 1.251 1.233
0.00031003 -1.70000 10.01703 0.8358235359 2.4306378675    0.833  1.354  3.7256  2.859    3  0.000  0.527     0.00     0.00     0.00     0.00     0.00 -1 -1.14e-11      0.00 7.514e-01 2.483e-01 5.784e-05 1.683e-05 1.466e-04 -1.000 3.385e-04 1.385 2.633 1.839 1.352 1.187 1.119 1.100
0.00031003 -1.70000 10.01703 0.8360747695 2.4307172809    0.833  1.401  3.7241  2.806    3  0.000  0.524     0.00     0.00     0.00     0.00     0.00 -1 -1.35e-11      0.00 7.505e-01 2.491e-01 5.751e-05 1.717e-05 1.467e-04 -1.000 3.344e-04 1.268 2.530 1.728 1.237 1.069 1.000 0.980
0.00031003 -1.70000 10.01703 0.8363038301 2.4307896377    0.833  1.447  3.7226  2.754    3  0.000  0.521     0.00     0.00     0.00     0.00     0.00 -1  -1.6e-11      0.00 7.498e-01 2.498e-01 5.719e-05 1.752e-05 1.468e-04 -1.000 3.412e-04 1.153 2.428 1.618 1.122 0.952 0.881 0.860
0.00031003 -1.70000 10.01703 0.8365192413 2.4308576413    0.833  1.494  3.7210  2.700    3  0.000  0.518     0.00     0.00     0.00     0.00     0.00 -1  -1.9e-11      0.00 7.493e-01 2.504e-01 5.691e-05 1.784e-05 1.469e-04 -1.000 3.334e-04 1.034 2.323 1.506 1.004 0.832 0.759 0.737
0.00031003 -1.70000 10.01703 0.8367097378 2.4309177460    0.833  1.540  3.7193  2.648    3  0.000  0.516     0.00     0.00     0.00     0.00     0.00 -1 -2.24e-11      0.00 7.489e-01 2.508e-01 5.671e-05 1.808e-05 1.469e-04 -1.000 3.282e-04 0.920 2.224 1.398 0.891 0.716 0.641 0.619
0.00031003 -1.70000 10.01703 0.8368908167 2.4309748501    0.833  1.587  3.7177  2.594    3  0.000  0.515     0.00     0.00     0.00     0.00     0.00 -1 -2.66e-11      0.00 7.486e-01 2.511e-01 5.656e-05 1.825e-05 1.469e-04 -1.000 3.361e-04 0.802 2.121 1.287 0.774 0.597 0.520 0.496
0.00031003 -1.70000 10.01703 0.8370504379 2.4310251639    0.833  1.633  3.7160  2.542    3  0.000  0.514     0.00     0.00     0.00     0.00     0.00 -1 -3.14e-11      0.00 7.484e-01 2.512e-01 5.646e-05 1.837e-05 1.470e-04 -1.000 3.436e-04 0.688 2.023 1.180 0.662 0.482 0.403 0.379
0.00031003 -1.70000 10.01703 0.8371925354 2.4310699355    0.833  1.677  3.7143  2.491    3  0.000  0.514     0.00     0.00     0.00     0.00     0.00 -1 -3.68e-11      0.00 7.483e-01 2.513e-01 5.641e-05 1.843e-05 1.470e-04 -1.000 3.435e-04 0.578 1.929 1.078 0.554 0.371 0.290 0.265
0.00031003 -1.70000 10.01703 0.8373278975 2.4311125687    0.833  1.723  3.7126  2.439    3  0.000  0.513     0.00     0.00     0.00     0.00     0.00 -1 -4.34e-11      0.00 7.483e-01 2.514e-01 5.640e-05 1.846e-05 1.470e-04 -1.000 3.435e-04 0.464 1.834 0.971 0.440 0.254 0.171 0.145
0.00031003 -1.70000 10.01703 0.8374504447 2.4311511521    0.833  1.767  3.7109  2.387    3  0.000  0.513     0.00     0.00     0.00     0.00     0.00 -1 -5.11e-11      0.00 7.483e-01 2.514e-01 5.639e-05 1.846e-05 1.470e-04 -1.000 3.436e-04 0.351 1.741 0.866 0.328 0.140 0.055 0.028
0.00031003 -1.70000 10.01703 0.8375583291 2.4311851082    0.833  1.810  3.7092  2.337    3  0.000  0.513     0.00     0.00     0.00     0.00     0.00 -1 -5.98e-11      0.00 7.483e-01 2.514e-01 5.639e-05 1.847e-05 1.470e-04 -1.000 3.436e-04 0.244 1.654 0.767 0.222 0.031 -0.056 -0.084
0.00031003 -1.70000 10.01703 0.8376573920 2.4312162789    0.832  1.853  3.7075  2.287    3  0.000  0.513     0.00     0.00     0.00     0.00     0.00 -1 -6.97e-11      0.00 7.483e-01 2.514e-01 5.639e-05 1.847e-05 1.470e-04 -1.000 3.436e-04 0.138 1.569 0.669 0.118 -0.077 -0.166 -0.194
0.00031003 -1.70000 10.01703 0.8377532959 2.4312464476    0.832  1.897  3.7057  2.236    3  0.000  0.513     0.00     0.00     0.00     0.00     0.00 -1  -8.2e-11      0.00 7.483e-01 2.514e-01 5.638e-05 1.847e-05 1.470e-04 -1.000 3.435e-04 0.028 1.480 0.567 0.008 -0.189 -0.280 -0.310
0.00031003 -1.70000 10.01703 0.8378372192 2.4312728410    0.832  1.939  3.7039  2.187    3  0.000  0.513     0.00     0.00     0.00     0.00     0.00 -1 -9.55e-11      0.00 7.483e-01 2.514e-01 5.638e-05 1.848e-05 1.470e-04 -1.000 3.435e-04 -0.077 1.397 0.472 -0.095 -0.295 -0.388 -0.419
0.00031003 -1.70000 10.01703 0.8379144669 2.4312971295    0.832  1.980  3.7021  2.138    3  0.000  0.513     0.00     0.00     0.00     0.00     0.00 -1 -1.11e-10      0.00 7.482e-01 2.514e-01 5.638e-05 1.848e-05 1.470e-04 -1.000 3.435e-04 -0.180 1.316 0.378 -0.196 -0.400 -0.495 -0.527
0.00031003 -1.70000 10.01703 0.8379875422 2.4313201014    0.831  2.022  3.7003  2.089    3  0.000  0.513     0.00     0.00     0.00     0.00     0.00 -1 -1.29e-10      0.00 7.482e-01 2.514e-01 5.638e-05 1.848e-05 1.470e-04 -1.000 3.436e-04 -0.285 1.233 0.282 -0.299 -0.506 -0.604 -0.636
0.00031003 -1.70000 10.01703 0.8380519152 2.4313403339    0.831  2.061  3.6985  2.043    3  0.000  0.513     0.00     0.00     0.00     0.00     0.00 -1  -1.5e-10      0.00 7.482e-01 2.514e-01 5.637e-05 1.849e-05 1.470e-04 -1.000 3.436e-04 -0.383 1.159 0.194 -0.395 -0.605 -0.705 -0.738
0.00031003 -1.70000 10.01703 0.8381138444 2.4313597949    0.831  2.099  3.6968  1.997    3  0.000  0.513     0.00     0.00     0.00     0.00     0.00 -1 -1.72e-10      0.00 7.482e-01 2.514e-01 5.637e-05 1.849e-05 1.470e-04 -1.000 3.435e-04 -0.478 1.086 0.108 -0.489 -0.702 -0.804 -0.838
0.00031003 -1.70000 10.01703 0.8381781578 2.4313800016    0.830  2.134  3.6953  1.957    3  0.000  0.513     0.00     0.00     0.00     0.00     0.00 -1 -1.96e-10      0.00 7.482e-01 2.514e-01 5.637e-05 1.849e-05 1.470e-04 -1.000 3.436e-04 -0.564 1.023 0.031 -0.573 -0.789 -0.892 -0.928
0.00031003 -1.70000 10.01703 0.8382356763 2.4313980704    0.830  2.158  3.6943  1.928    3  0.000  0.513     0.00     0.00     0.00     0.00     0.00 -1 -2.15e-10      0.00 7.482e-01 2.514e-01 5.637e-05 1.850e-05 1.470e-04 -1.000 3.436e-04 -0.626 0.978 -0.024 -0.633 -0.851 -0.956 -0.992
0.00031003 -1.70000 10.01703 0.8382809162 2.4314122801    0.829  2.143  3.6953  1.947    3  0.000  0.513     0.00     0.00     0.00     0.00     0.00 -1 -2.04e-10      0.00 7.482e-01 2.514e-01 5.637e-05 1.850e-05 1.470e-04 -1.000 3.435e-04 -0.587 1.002 0.009 -0.596 -0.811 -0.915 -0.950
0.00031003 -1.70000 10.01703 0.8382869959 2.4314141895    0.829  2.141  3.6955  1.950    3  0.000  0.513     0.00     0.00     0.00     0.00     0.00 -1 -2.03e-10      0.00 7.482e-01 2.514e-01 5.637e-05 1.850e-05 1.470e-04 -1.000 3.435e-04 -0.581 1.005 0.013 -0.590 -0.806 -0.910 -0.945
0.00031003 -1.70000 10.01703 0.8383184671 2.4314240733    0.829  2.167  3.6942  1.918    3  0.000  0.513     0.00     0.00     0.00     0.00     0.00 -1 -2.22e-10      0.00 7.482e-01 2.514e-01 5.637e-05 1.850e-05 1.470e-04 -1.000 3.436e-04 -0.648 0.958 -0.046 -0.656 -0.874 -0.979 -1.015
0.00031003 -1.70000 10.01703 0.8383662701 2.4314390845    0.829  2.209  3.6922  1.868    3  0.000  0.513     0.00     0.00     0.00     0.00     0.00 -1 -2.58e-10      0.00 7.482e-01 2.514e-01 5.636e-05 1.850e-05 1.470e-04 -1.000 3.436e-04 -0.753 0.884 -0.139 -0.758 -0.980 -1.088 -1.125
0.00031003 -1.70000 10.01703 0.8384106755 2.4314530270    0.828  2.251  3.6902  1.818    3  0.000  0.513     0.00     0.00     0.00     0.00     0.00 -1    -3e-10      0.00 7.482e-01 2.514e-01 5.636e-05 1.850e-05 1.470e-04 -1.000 3.436e-04 -0.857 0.811 -0.230 -0.860 -1.085 -1.196 -1.234
0.00031003 -1.70000 10.01703 0.8384516835 2.4314659013    0.828  2.292  3.6882  1.769    3  0.000  0.513     0.00     0.00     0.00     0.00     0.00 -1 -3.49e-10      0.00 7.482e-01 2.514e-01 5.636e-05 1.851e-05 1.470e-04 -1.000 3.436e-04 -0.959 0.743 -0.319 -0.959 -1.188 -1.301 -1.341
0.00031003 -1.70000 10.01703 0.8384878039 2.4314772399    0.827  2.330  3.6862  1.722    3  0.000  0.513     0.00     0.00     0.00     0.00     0.00 -1 -4.03e-10      0.00 7.482e-01 2.515e-01 5.636e-05 1.851e-05 1.470e-04 -1.000 3.435e-04 -1.055 0.679 -0.402 -1.051 -1.284 -1.400 -1.441
0.00031003 -1.70000 10.01703 0.8385228515 2.4314882407    0.827  2.370  3.6842  1.674    3  0.000  0.513     0.00     0.00     0.00     0.00     0.00 -1 -4.67e-10      0.00 7.482e-01 2.515e-01 5.636e-05 1.851e-05 1.470e-04 -1.000 3.436e-04 -1.155 0.623 -0.488 -1.149 -1.386 -1.505 -1.546
0.00031003 -1.70000 10.01703 0.8385537863 2.4314979497    0.826  2.408  3.6822  1.628    3  0.000  0.513     0.00     0.00     0.00     0.00     0.00 -1 -5.38e-10      0.00 7.482e-01 2.515e-01 5.636e-05 1.851e-05 1.470e-04 -1.000 3.436e-04 -1.249 0.579 -0.566 -1.242 -1.482 -1.603 -1.646
0.00031003 -1.70000 10.01703 0.8385837078 2.4315073399    0.825  2.447  3.6802  1.581    3  0.000  0.513     0.00     0.00     0.00     0.00     0.00 -1 -6.21e-10      0.00 7.482e-01 2.515e-01 5.636e-05 1.851e-05 1.470e-04 -1.000 3.436e-04 -1.347 0.531 -0.648 -1.339 -1.582 -1.706 -1.750
0.00031003 -1.70000 10.01703 0.8386102915 2.4315156820    0.824  2.484  3.6782  1.535    3  0.000  0.513     0.00     0.00     0.00     0.00     0.00 -1 -7.13e-10      0.00 7.482e-01 2.515e-01 5.636e-05 1.851e-05 1.470e-04 -1.000 3.435e-04 -1.439 0.494 -0.723 -1.429 -1.677 -1.803 -1.848
0.00031003 -1.70000 10.01703 0.8386412859 2.4315254073    0.823  2.530  3.6757  1.479    3  0.000  0.513     7.08     5.59     3.97     3.07     2.48  3 -8.46e-10      0.00 7.482e-01 2.515e-01 5.636e-05 1.851e-05 1.470e-04 -1.000 3.436e-04 -1.554 0.452 -0.814 -1.542 -1.794 -1.924 -1.971
0.00031003 -1.70000 10.01703 0.8386688232 2.4315340473    0.822  2.574  3.6732  1.424    3  0.000  0.513     7.95     6.17     4.36     3.37     2.73  3 -9.99e-10      0.00 7.482e-01 2.515e-01 5.635e-05 1.851e-05 1.470e-04 -1.000 3.436e-04 -1.665 0.421 -0.899 -1.649 -1.908 -2.041 -2.089
0.00031003 -1.70000 10.01703 0.8386904001 2.4315408166    0.821  2.611  3.6711  1.378    3  0.000  0.513     8.76     6.71     4.73     3.66     2.96  3 -1.15e-09      0.00 7.482e-01 2.515e-01 5.635e-05 1.852e-05 1.470e-04 -1.000 3.436e-04 -1.758 0.400 -0.968 -1.740 -2.004 -2.139 -2.189
0.00031003 -1.70000 10.01703 0.8387134075 2.4315480343    0.820  2.654  3.6686  1.325    3  0.000  0.513     9.79     7.38     5.17     4.01     3.25  3 -1.35e-09      0.00 7.482e-01 2.515e-01 5.635e-05 1.852e-05 1.470e-04 -1.000 3.435e-04 -1.865 0.381 -1.045 -1.842 -2.112 -2.251 -2.303
0.00031003 -1.70000 10.01703 0.8387318254 2.4315538119    0.819  2.690  3.6665  1.279    3  0.000  0.513    10.78     8.01     5.60     4.34     3.52  3 -1.54e-09      0.00 7.482e-01 2.515e-01 5.635e-05 1.852e-05 1.470e-04 -1.000 3.436e-04 -1.956 0.371 -1.109 -1.930 -2.205 -2.347 -2.400
0.00031003 -1.70000 10.01703 0.8387511969 2.4315598883    0.818  2.731  3.6641  1.228    3  0.000  0.513    12.01     8.78     6.11     4.75     3.85  3  -1.8e-09      0.00 7.482e-01 2.515e-01 5.635e-05 1.852e-05 1.470e-04 -1.000 3.436e-04 -2.058 0.365 -1.179 -2.027 -2.308 -2.454 -2.509
0.00031003 -1.70000 10.01703 0.8387697935 2.4315657214    0.816  2.773  3.6615  1.175    3  0.000  0.513    13.42     9.66     6.69     5.21     4.22  2 -2.11e-09      0.00 7.482e-01 2.515e-01 5.635e-05 1.852e-05 1.470e-04 -1.000 3.435e-04 -2.163 0.366 -1.247 -2.126 -2.415 -2.565 -2.622
0.00031003 -1.70000 10.01703 0.8387871385 2.4315711616    0.815  2.815  3.6589  1.122    3  0.000  0.513    15.02    10.63     7.33     5.72     4.63  2 -2.47e-09      0.00 7.482e-01 2.515e-01 5.635e-05 1.852e-05 1.470e-04 -1.000 3.435e-04 -2.267 0.378 -1.312 -2.225 -2.521 -2.675 -2.734
0.00031003 -1.70000 10.01703 0.8388022184 2.4315758912    0.813  2.854  3.6565  1.072    3  0.000  0.513    16.66    11.62     7.98     6.23     5.05  2 -2.87e-09      0.00 7.482e-01 2.515e-01 5.635e-05 1.852e-05 1.470e-04 -1.000 3.435e-04 -2.365 0.373 -1.373 -2.313 -2.617 -2.775 -2.836
0.00031003 -1.70000 10.01703 0.8388170004 2.4315805271    0.811  2.895  3.6539  1.020    3  0.000  0.513    18.59    12.76     8.73     6.83     5.53  2 -3.35e-09      0.00 7.482e-01 2.515e-01 5.635e-05 1.852e-05 1.470e-04 -1.000 3.435e-04 -2.466 0.356 -1.440 -2.405 -2.716 -2.879 -2.942
0.00031003 -1.70000 10.01703 0.8388297558 2.4315845273    0.809  2.932  3.6515  0.972    3  0.000  0.513    20.58    13.92     9.48     7.43     6.02  2 -3.86e-09      0.00 7.482e-01 2.515e-01 5.635e-05 1.852e-05 1.470e-04 -1.000 3.435e-04 -2.561 0.348 -1.498 -2.488 -2.808 -2.975 -3.040
0.00031003 -1.70000 10.01703 0.8388421535 2.4315884152    0.807  2.971  3.6490  0.922    3  0.000  0.513    22.84    15.22    10.33     8.10     6.57  2 -4.48e-09      0.00 7.482e-01 2.515e-01 5.635e-05 1.852e-05 1.470e-04 -1.000 3.435e-04 -2.657 0.341 -1.555 -2.574 -2.902 -3.074 -3.141
0.00031003 -1.70000 10.01703 0.8388537765 2.4315920600    0.805  3.010  3.6464  0.871    3  0.000  0.513    25.41    16.67    11.26     8.84     7.17  2  -5.2e-09      0.00 7.482e-01 2.515e-01 5.635e-05 1.852e-05 1.470e-04 -1.000 3.435e-04 -2.754 0.340 -1.609 -2.657 -2.995 -3.172 -3.241
0.00031003 -1.70000 10.01703 0.8388639688 2.4315952561    0.802  3.046  3.6440  0.825    3  0.000  0.513    28.02    18.12    12.19     9.59     7.78  1 -5.97e-09      0.00 7.482e-01 2.515e-01 5.635e-05 1.852e-05 1.470e-04 -1.000 3.436e-04 -2.844 0.337 -1.660 -2.735 -3.081 -3.263 -3.334
0.00031003 -1.70000 10.01703 0.8388737440 2.4315983213    0.799  3.082  3.6415  0.777    3  0.000  0.513    30.99    19.74    13.23    10.42     8.46  1 -6.87e-09      0.00 7.482e-01 2.515e-01 5.635e-05 1.852e-05 1.470e-04 -1.000 3.435e-04 -2.935 0.335 -1.711 -2.814 -3.169 -3.356 -3.429
0.00031003 -1.70000 10.01703 0.8388830423 2.4316012369    0.796  3.119  3.6390  0.729    3  0.000  0.513    34.30    21.52    14.37    11.33     9.20  1 -7.91e-09      0.00 7.482e-01 2.515e-01 5.635e-05 1.852e-05 1.470e-04 -1.000 3.435e-04 -3.026 0.337 -1.759 -2.890 -3.255 -3.447 -3.523
0.00031003 -1.70000 10.01703 0.8388913870 2.4316038534    0.793  3.153  3.6366  0.683    3  0.000  0.513    37.74    23.34    15.53    12.26     9.96  1 -9.05e-09      0.00 7.482e-01 2.515e-01 5.635e-05 1.852e-05 1.470e-04 -1.000 3.435e-04 -3.113 0.338 -1.802 -2.963 -3.336 -3.534 -3.611
0.00031003 -1.70000 10.01703 0.8388997316 2.4316064698    0.790  3.190  3.6341  0.634    3  0.000  0.513    41.78    25.45    16.87    13.34    10.83  1 -1.04e-08      0.00 7.482e-01 2.515e-01 5.635e-05 1.852e-05 1.470e-04 -1.000 3.435e-04 -3.204 0.341 -1.846 -3.038 -3.422 -3.624 -3.704
0.00031003 -1.70000 10.01703 0.8389071822 2.4316088059    0.786  3.224  3.6317  0.589    3  0.000  0.513    45.97    27.61    18.23    14.43    11.72  1 -1.19e-08      0.00 7.482e-01 2.515e-01 5.635e-05 1.853e-05 1.470e-04 -1.000 3.436e-04 -3.289 0.344 -1.887 -3.108 -3.501 -3.709 -3.792
0.00031003 -1.70000 10.01703 0.8389143944 2.4316110671    0.782  3.258  3.6294  0.543    3  0.000  0.513    50.56    29.93    19.68    15.61    12.68  1 -1.36e-08      0.00 7.482e-01 2.515e-01 5.635e-05 1.853e-05 1.470e-04 -1.000 3.435e-04 -3.374 0.347 -1.927 -3.177 -3.580 -3.793 -3.878
0.00031003 -1.70000 10.01703 0.8389204741 2.4316129733    0.779  3.284  3.6276  0.507    3  0.000  0.513    54.54    31.91    20.92    16.61    13.49  1 -1.52e-08      0.00 7.482e-01 2.515e-01 5.635e-05 1.853e-05 1.470e-04 -1.000 3.435e-04 -3.441 0.347 -1.959 -3.231 -3.642 -3.859 -3.945
0.00031003 -1.70000 10.01703 0.8389204741 2.4316129733    0.779  1.733  3.7866  2.695    4  0.000  0.528     0.00     0.00     0.00     0.00     0.00 -1    -1e-30      0.00 7.482e-01 2.514e-01 5.873e-05 1.706e-05 1.487e-04 -1.000 3.436e-04 0.438 1.234 0.648 0.394 0.337 0.331 0.336
0.00031003 -1.70000 10.01703 0.8389725089 2.4316292863    0.779  1.752  3.7801  2.650    4  0.000  0.528     0.00     0.00     0.00     0.00     0.00 -1    -1e-30      0.00 7.482e-01 2.514e-01 5.873e-05 1.706e-05 1.487e-04 -1.000 3.436e-04 0.390 1.219 0.621 0.345 0.277 0.265 0.268
0.00031003 -1.70000 10.01703 0.8390254378 2.4316458773    0.779  1.755  3.7799  2.646    4  0.000  0.528     0.00     0.00     0.00     0.00     0.00 -1    -1e-30      0.00 7.482e-01 2.514e-01 5.873e-05 1.706e-05 1.487e-04 -1.000 3.436e-04 0.383 1.213 0.615 0.338 0.269 0.257 0.260
0.00031003 -1.70000 10.01703 0.8390792012 2.4316627273    0.779  1.756  3.7804  2.647    4  0.000  0.528     0.00     0.00     0.00     0.00     0.00 -1    -1e-30      0.00 7.482e-01 2.514e-01 5.873e-05 1.706e-05 1.487e-04 -1.000 3.436e-04 0.380 1.208 0.610 0.335 0.267 0.255 0.259
0.00031003 -1.70000 10.01703 0.8391324878 2.4316794255    0.779  1.757  3.7812  2.650    4  0.000  0.528     0.00     0.00     0.00     0.00     0.00 -1    -1e-30      0.00 7.482e-01 2.514e-01 5.873e-05 1.706e-05 1.487e-04 -1.000 3.436e-04 0.379 1.202 0.606 0.334 0.267 0.256 0.260
0.00031003 -1.70000 10.01703 0.8391875625 2.4316966814    0.779  1.757  3.7823  2.654    4  0.000  0.528     0.00     0.00     0.00     0.00     0.00 -1    -1e-30      0.00 7.482e-01 2.514e-01 5.873e-05 1.706e-05 1.487e-04 -1.000 3.436e-04 0.378 1.196 0.602 0.333 0.269 0.258 0.262
0.00031003 -1.70000 10.01703 0.8392412066 2.4317134867    0.779  1.757  3.7835  2.659    4  0.000  0.528     0.00     0.00     0.00     0.00     0.00 -1    -1e-30      0.00 7.482e-01 2.514e-01 5.873e-05 1.706e-05 1.487e-04 -1.000 3.436e-04 0.378 1.189 0.597 0.333 0.271 0.262 0.267
0.00031003 -1.70000 10.01703 0.8392989635 2.4317315776    0.779  1.756  3.7850  2.665    4  0.000  0.528     0.00     0.00     0.00     0.00     0.00 -1    -1e-30      0.00 7.482e-01 2.514e-01 5.873e-05 1.706e-05 1.487e-04 -1.000 3.435e-04 0.379 1.182 0.593 0.334 0.275 0.267 0.272
0.00031003 -1.70000 10.01703 0.8393532634 2.4317485830    0.779  1.756  3.7865  2.672    4  0.000  0.528     0.00     0.00     0.00     0.00     0.00 -1    -1e-30      0.00 7.482e-01 2.514e-01 5.873e-05 1.706e-05 1.487e-04 -1.000 3.436e-04 0.380 1.175 0.589 0.336 0.279 0.272 0.278
0.00031003 -1.70000 10.01703 0.8394093513 2.4317661458    0.779  1.755  3.7881  2.679    4  0.000  0.528     0.00     0.00     0.00     0.00     0.00 -1    -1e-30      0.00 7.482e-01 2.514e-01 5.873e-05 1.706e-05 1.487e-04 -1.000 3.436e-04 0.382 1.169 0.585 0.337 0.283 0.278 0.284
0.00031003 -1.70000 10.01703 0.8394624591 2.4317827728    0.779  1.755  3.7894  2.684    4  0.000  0.528     0.00     0.00     0.00     0.00     0.00 -1    -1e-30      0.00 7.482e-01 2.514e-01 5.873e-05 1.706e-05 1.487e-04 -1.000 3.435e-04 0.383 1.163 0.581 0.338 0.286 0.282 0.289
0.00031003 -1.70000 10.01703 0.8395202756 2.4318008714    0.779  1.754  3.7906  2.690    4  0.000  0.528     0.00     0.00     0.00     0.00     0.00 -1    -1e-30      0.00 7.482e-01 2.514e-01 5.873e-05 1.706e-05 1.487e-04 -1.000 3.436e-04 0.384 1.157 0.578 0.339 0.289 0.287 0.294
0.00031003 -1.70000 10.01703 0.8395783305 2.4318190417    0.779  1.754  3.7916  2.694    4  0.000  0.528     0.00     0.00     0.00     0.00     0.00 -1    -1e-30      0.00 7.482e-01 2.514e-01 5.873e-05 1.706e-05 1.487e-04 -1.000 3.436e-04 0.384 1.153 0.575 0.340 0.292 0.290 0.297
0.00031003 -1.70000 10.01703 0.8396334052 2.4318362766    0.779  1.754  3.7922  2.696    4  0.000  0.528     0.00     0.00     0.00     0.00     0.00 -1    -1e-30      0.00 7.482e-01 2.514e-01 5.873e-05 1.706e-05 1.487e-04 -1.000 3.435e-04 0.385 1.150 0.573 0.341 0.293 0.292 0.300
0.00031003 -1.70000 10.01703 0.8396883011 2.4318534529    0.779  1.754  3.7925  2.698    4  0.000  0.528     0.00     0.00     0.00     0.00     0.00 -1    -1e-30      0.00 7.482e-01 2.514e-01 5.873e-05 1.706e-05 1.487e-04 -1.000 3.435e-04 0.384 1.148 0.572 0.340 0.294 0.292 0.300
0.00031003 -1.70000 10.01703 0.8396946788 2.4318554483    0.779  1.754  3.7926  2.698    4  0.000  0.528     0.00     0.00     0.00     0.00     0.00 -1    -1e-30      0.00 7.482e-01 2.514e-01 5.873e-05 1.706e-05 1.487e-04 -1.000 3.436e-04 0.384 1.147 0.572 0.340 0.294 0.292 0.300
0.00031003 -1.70000 10.01703 0.8397003412 2.4318572198    0.779  1.754  3.7925  2.698    4  0.000  0.528     0.00     0.00     0.00     0.00     0.00 -1    -1e-30      0.00 7.482e-01 2.514e-01 5.873e-05 1.706e-05 1.487e-04 -1.000 3.435e-04 0.384 1.147 0.572 0.340 0.294 0.292 0.300
0.00031003 -1.70000 10.01703 0.8397517800 2.4318733116    0.779  1.755  3.7923  2.696    4  0.000  0.528     0.00     0.00     0.00     0.00     0.00 -1    -1e-30      0.00 7.482e-01 2.514e-01 5.873e-05 1.706e-05 1.487e-04 -1.000 3.436e-04 0.383 1.147 0.571 0.339 0.292 0.290 0.298
0.00031003 -1.70000 10.01703 0.8398059607 2.4318902587    0.780  1.756  3.7917  2.693    4  0.000  0.528     0.00     0.00     0.00     0.00     0.00 -1    -1e-30      0.00 7.482e-01 2.514e-01 5.873e-05 1.706e-05 1.487e-04 -1.000 3.436e-04 0.381 1.149 0.571 0.337 0.289 0.286 0.294
0.00031003 -1.70000 10.01703 0.8398599029 2.4319071287    0.780  1.757  3.7906  2.688    4  0.000  0.528     0.00     0.00     0.00     0.00     0.00 -1    -1e-30      0.00 7.482e-01 2.514e-01 5.873e-05 1.706e-05 1.487e-04 -1.000 3.436e-04 0.378 1.151 0.572 0.334 0.284 0.281 0.288
0.00031003 -1.70000 10.01703 0.8399133086 2.4319238284    0.780  1.758  3.7891  2.680    4  0.000  0.528     0.00     0.00     0.00     0.00     0.00 -1    -1e-30      0.00 7.482e-01 2.514e-01 5.873e-05 1.706e-05 1.487e-04 -1.000 3.436e-04 0.375 1.155 0.574 0.330 0.277 0.273 0.280
0.00031003 -1.70000 10.01703 0.8399650455 2.4319400040    0.780  1.760  3.7873  2.671    4  0.000  0.528     0.00     0.00     0.00     0.00     0.00 -1    -1e-30      0.00 7.482e-01 2.514e-01 5.873e-05 1.706e-05 1.487e-04 -1.000 3.436e-04 0.370 1.161 0.576 0.325 0.270 0.264 0.270
0.00031003 -1.70000 10.01703 0.8400174975 2.4319564008    0.780  1.762  3.7850  2.660    4  0.000  0.528     0.00     0.00     0.00     0.00     0.00 -1    -1e-30      0.00 7.482e-01 2.514e-01 5.873e-05 1.706e-05 1.487e-04 -1.000 3.436e-04 0.365 1.168 0.579 0.320 0.260 0.252 0.257
0.00031003 -1.70000 10.01703 0.8400708437 2.4319730748    0.780  1.765  3.7823  2.647    4  0.000  0.528     0.00     0.00     0.00     0.00     0.00 -1    -1e-30      0.00 7.482e-01 2.514e-01 5.873e-05 1.706e-05 1.487e-04 -1.000 3.436e-04 0.358 1.176 0.582 0.313 0.249 0.239 0.243
0.00031003 -1.70000 10.01703 0.8400966525 2.4319811407    0.780  1.766  3.7808  2.639    4  0.000  0.528     0.00     0.00     0.00     0.00     0.00 -1    -1e-30      0.00 7.482e-01 2.514e-01 5.873e-05 1.706e-05 1.487e-04 -1.000 3.435e-04 0.355 1.180 0.583 0.310 0.243 0.231 0.235
0.00031003 -1.70000 10.01703 0.8401054740 2.4319838975    0.780  1.767  3.7803  2.637    4  0.000  0.528     0.00     0.00     0.00     0.00     0.00 -1    -1e-30      0.00 7.482e-01 2.514e-01 5.873e-05 1.706e-05 1.487e-04 -1.000 3.436e-04 0.354 1.182 0.584 0.308 0.241 0.229 0.232
0.00031003 -1.70000 10.01703 0.8401576281 2.4320001950    0.780  1.770  3.7772  2.621    4  0.000  0.528     0.00     0.00     0.00     0.00     0.00 -1    -1e-30      0.00 7.482e-01 2.514e-01 5.873e-05 1.706e-05 1.487e-04 -1.000 3.435e-04 0.346 1.193 0.587 0.300 0.227 0.212 0.214
0.00031003 -1.70000 10.01703 0.8402085304 2.4320160990    0.780  1.773  3.7742  2.606    4  0.000  0.528     0.00     0.00     0.00     0.00     0.00 -1    -1e-30      0.00 7.482e-01 2.514e-01 5.873e-05 1.706e-05 1.487e-04 -1.000 3.436e-04 0.337 1.203 0.589 0.292 0.213 0.195 0.196
0.00031003 -1.70000 10.01703 0.8402628899 2.4320330808    0.780  1.777  3.7712  2.590    4  0.000  0.528     0.00     0.00     0.00     0.00     0.00 -1    -1e-30      0.00 7.482e-01 2.514e-01 5.873e-05 1.706e-05 1.487e-04 -1.000 3.436e-04 0.327 1.212 0.590 0.282 0.198 0.177 0.177
0.00031003 -1.70000 10.01703 0.8403146863 2.4320492595    0.780  1.782  3.7681  2.573    4  0.000  0.528     0.00     0.00     0.00     0.00     0.00 -1    -1e-30      0.00 7.482e-01 2.514e-01 5.873e-05 1.706e-05 1.487e-04 -1.000 3.435e-04 0.316 1.220 0.591 0.271 0.182 0.158 0.157
0.00031003 -1.70000 10.01703 0.8403642774 2.4320647472    0.780  1.786  3.7656  2.558    4  0.000  0.528     0.00     0.00     0.00     0.00     0.00 -1    -1e-30      0.00 7.482e-01 2.514e-01 5.873e-05 1.706e-05 1.487e-04 -1.000 3.435e-04 0.305 1.226 0.589 0.260 0.166 0.140 0.138
0.00031003 -1.70000 10.01703 0.8404154778 2.4320807353    0.780  1.791  3.7634  2.545    4  0.000  0.528     0.00     0.00     0.00     0.00     0.00 -1    -1e-30      0.00 7.482e-01 2.514e-01 5.873e-05 1.706e-05 1.487e-04 -1.000 3.436e-04 0.293 1.228 0.585 0.249 0.151 0.123 0.119
0.00031003 -1.70000 10.01703 0.8404656649 2.4320964048    0.780  1.796  3.7612  2.531    4  0.000  0.528     0.00     0.00     0.00     0.00     0.00 -1    -1e-30      0.00 7.482e-01 2.514e-01 5.873e-05 1.706e-05 1.487e-04 -1.000 3.436e-04 0.281 1.229 0.581 0.237 0.135 0.105 0.101
0.00031003 -1.70000 10.01703 0.8405164480 2.4321122582    0.780  1.801  3.7592  2.518    4  0.000  0.528     0.00     0.00     0.00     0.00     0.00 -1    -1e-30      0.00 7.482e-01 2.514e-01 5.873e-05 1.706e-05 1.487e-04 -1.000 3.436e-04 0.267 1.229 0.575 0.223 0.118 0.086 0.081
0.00031003 -1.70000 10.01703 0.8405672312 2.4321281095    0.780  1.808  3.7572  2.503    4  0.000  0.528     0.00     0.00     0.00     0.00     0.00 -1    -1e-30      0.00 7.482e-01 2.514e-01 5.873e-05 1.706e-05 1.487e-04 -1.000 3.436e-04 0.251 1.228 0.567 0.208 0.099 0.065 0.059
0.00031003 -1.70000 10.01703 0.8406183720 2.4321440701    0.780  1.810  3.7570  2.500    4  0.000  0.528     0.00     0.00     0.00     0.00     0.00 -1    -1e-30      0.00 7.482e-01 2.514e-01 5.873e-05 1.706e-05 1.487e-04 -1.000 3.436e-04 0.245 1.223 0.561 0.202 0.093 0.058 0.052
0.00031003 -1.70000 10.01703 0.8406285644 2.4321472508    0.780  1.813  3.7562  2.495    4  0.000  0.528     0.00     0.00     0.00     0.00     0.00 -1    -1e-30      0.00 7.482e-01 2.514e-01 5.873e-05 1.706e-05 1.487e-04 -1.000 3.436e-04 0.239 1.222 0.558 0.196 0.086 0.050 0.044
0.00031003 -1.70000 10.01703 0.8406810164 2.4321636179    0.781  1.828  3.7519  2.462    4  0.000  0.528     0.00     0.00     0.00     0.00     0.00 -1    -1e-30      0.00 7.482e-01 2.514e-01 5.873e-05 1.706e-05 1.488e-04 -1.000 3.436e-04 0.201 1.216 0.537 0.159 0.041 0.001 -0.007
0.00031003 -1.70000 10.01703 0.8407326937 2.4321797409    0.781  1.849  3.7469  2.421    4  0.000  0.528     0.00     0.00     0.00     0.00     0.00 -1    -1e-30      0.00 7.482e-01 2.514e-01 5.873e-05 1.706e-05 1.488e-04 -1.000 3.436e-04 0.147 1.198 0.502 0.105 -0.021 -0.066 -0.076
0.00031003 -1.70000 10.01703 0.8407761455 2.4321932959    0.781  1.880  3.7409  2.366    4  0.000  0.528     0.00     0.00     0.00     0.00     0.00 -1    -1e-30      0.00 7.482e-01 2.514e-01 5.873e-05 1.706e-05 1.488e-04 -1.000 3.435e-04 0.069 1.167 0.448 0.029 -0.107 -0.159 -0.171
0.00031003 -1.70000 10.01703 0.8407997489 2.4322006584    0.781  1.915  3.7350  2.308    4  0.000  0.528     0.00     0.00     0.00     0.00     0.00 -1    -1e-30      0.00 7.482e-01 2.514e-01 5.873e-05 1.706e-05 1.488e-04 -1.000 3.435e-04 -0.017 1.133 0.385 -0.056 -0.202 -0.260 -0.275
0.00031003 -1.70000 10.01703 0.8408104181 2.4322039863    0.781  1.949  3.7298  2.253    4  0.000  0.528     0.00     0.00     0.00     0.00     0.00 -1    -1e-30      0.00 7.482e-01 2.514e-01 5.873e-05 1.706e-05 1.488e-04 -1.000 3.436e-04 -0.103 1.093 0.320 -0.140 -0.295 -0.359 -0.376
0.00031003 -1.70000 10.01703 0.8408151269 2.4322054549    0.781  1.984  3.7252  2.199    4  0.000  0.528     0.00     0.00     0.00     0.00     0.00 -1    -1e-30      0.00 7.482e-01 2.514e-01 5.873e-05 1.706e-05 1.488e-04 -1.000 3.435e-04 -0.190 1.051 0.252 -0.226 -0.388 -0.456 -0.476
0.00031003 -1.70000 10.01703 0.8408173919 2.4322061614    0.781  2.018  3.7213  2.150    4  0.000  0.528     0.00     0.00     0.00     0.00     0.00 -1    -1e-30      0.00 7.482e-01 2.514e-01 5.873e-05 1.706e-05 1.488e-04 -1.000 3.436e-04 -0.274 1.006 0.185 -0.308 -0.477 -0.550 -0.571
0.00031003 -1.70000 10.01703 0.8408182859 2.4322064402    0.781  2.039  3.7191  2.120    7  0.000  0.528     0.00     0.00     0.00     0.00     0.00 -1    -1e-30      0.00 7.482e-01 2.514e-01 5.873e-05 1.706e-05 1.488e-04 -1.000 3.435e-04 -0.328 0.976 0.141 -0.361 -0.534 -0.609 -0.632
0.00031003 -1.70000 10.01703 0.8408189416 2.4322066447    0.781  2.061  3.7171  2.089    7  0.000  0.528     0.00     0.00     0.00     0.00     0.00 -1    -1e-30      0.00 7.482e-01 2.514e-01 5.873e-05 1.706e-05 1.488e-04 -1.000 3.435e-04 -0.383 0.942 0.095 -0.415 -0.591 -0.669 -0.693
0.00031003 -1.70000 10.01703 0.8408201337 2.4322070166    0.781  2.106  3.7134  2.030    7  0.000  0.528     0.00     0.00     0.00     0.00     0.00 -1    -1e-30      0.00 7.482e-01 2.514e-01 5.873e-05 1.706e-05 1.488e-04 -1.000 3.436e-04 -0.495 0.871 0.001 -0.525 -0.707 -0.789 -0.815
0.00031003 -1.70000 10.01703 0.8408210874 2.4322073140    0.781  2.144  3.7105  1.981    7  0.000  0.528     0.00     0.00     0.00     0.00     0.00 -1    -1e-30      0.00 7.482e-01 2.514e-01 5.873e-05 1.706e-05 1.488e-04 -1.000 3.435e-04 -0.589 0.810 -0.079 -0.617 -0.804 -0.890 -0.917
0.00031003 -1.70000 10.01703 0.8408220410 2.4322076115    0.781  2.176  3.7081  1.939    7  0.000  0.528     0.00     0.00     0.00     0.00     0.00 -1    -1e-30      0.00 7.482e-01 2.514e-01 5.873e-05 1.706e-05 1.488e-04 -1.000 3.436e-04 -0.670 0.760 -0.148 -0.696 -0.888 -0.976 -1.005
0.00031003 -1.70000 10.01703 0.8408243060 2.4322083179    0.781  2.184  3.7077  1.930    7  0.000  0.528     0.00     0.00     0.00     0.00     0.00 -1    -1e-30      0.00 7.482e-01 2.514e-01 5.873e-05 1.706e-05 1.488e-04 -1.000 3.436e-04 -0.689 0.746 -0.165 -0.715 -0.908 -0.996 -1.025
0.00031003 -1.70000 10.01703 0.8408262134 2.4322089128    0.781  2.157  3.7099  1.965    7  0.000  0.528     0.00     0.00     0.00     0.00     0.00 -1    -1e-30      0.00 7.482e-01 2.514e-01 5.873e-05 1.706e-05 1.488e-04 -1.000 3.436e-04 -0.622 0.786 -0.108 -0.649 -0.838 -0.924 -0.951
0.00031003 -1.70000 10.01703 0.8408335447 2.4322111994    0.781  2.136  3.7113  1.992    7  0.000  0.528     0.00     0.00     0.00     0.00     0.00 -1    -1e-30      0.00 7.482e-01 2.514e-01 5.873e-05 1.706e-05 1.488e-04 -1.000 3.435e-04 -0.571 0.819 -0.065 -0.599 -0.785 -0.869 -0.896
0.00031003 -1.70000 10.01703 0.8408645988 2.4322208843    0.781  2.171  3.7084  1.945    7  0.000  0.528     0.00     0.00     0.00     0.00     0.00 -1    -1e-30      0.00 7.482e-01 2.514e-01 5.873e-05 1.706e-05 1.488e-04 -1.000 3.436e-04 -0.657 0.769 -0.136 -0.683 -0.875 -0.963 -0.991
0.00031003 -1.70000 10.01703 0.8408834338 2.4322267580    0.781  2.214  3.7052  1.889    7  0.000  0.528     0.00     0.00     0.00     0.00     0.00 -1    -1e-30      0.00 7.482e-01 2.514e-01 5.873e-05 1.706e-05 1.488e-04 -1.000 3.436e-04 -0.765 0.705 -0.226 -0.788 -0.986 -1.078 -1.108
0.00031003 -1.70000 10.01703 0.8408980370 2.4322313118    0.781  2.255  3.7022  1.836    7  0.000  0.528     0.00     0.00     0.00     0.00     0.00 -1    -1e-30      0.00 7.482e-01 2.514e-01 5.873e-05 1.706e-05 1.488e-04 -1.000 3.436e-04 -0.867 0.643 -0.312 -0.888 -1.091 -1.186 -1.218
0.00031003 -1.70000 10.01703 0.8409151435 2.4322366461    0.781  2.300  3.6991  1.779    7  0.000  0.528     0.00     0.00     0.00     0.00     0.00 -1    -1e-30      0.00 7.482e-01 2.514e-01 5.873e-05 1.706e-05 1.488e-04 -1.000 3.435e-04 -0.980 0.575 -0.407 -0.997 -1.206 -1.306 -1.339
0.00031003 -1.70000 10.01703 0.8409316540 2.4322417942    0.781  2.343  3.6962  1.724    7  0.000  0.528     0.00     0.00     0.00     0.00     0.00 -1    -1e-30      0.00 7.482e-01 2.514e-01 5.873e-05 1.706e-05 1.488e-04 -1.000 3.436e-04 -1.088 0.510 -0.497 -1.102 -1.316 -1.419 -1.454
0.00031003 -1.70000 10.01703 0.8409463167 2.4322463660    0.781  2.385  3.6934  1.671    7  0.000  0.528     0.00     0.00     0.00     0.00     0.00 -1    -1e-30      0.00 7.482e-01 2.514e-01 5.873e-05 1.706e-05 1.488e-04 -1.000 3.435e-04 -1.192 0.448 -0.584 -1.202 -1.421 -1.528 -1.565
0.00031003 -1.70000 10.01703 0.8409594893 2.4322504730    0.781  2.426  3.6907  1.619    7  0.000  0.527     0.00     0.00     0.00     0.00     0.00 -1    -1e-30      0.00 7.482e-01 2.514e-01 5.870e-05 1.707e-05 1.488e-04 -1.000 3.435e-04 -1.295 0.387 -0.670 -1.301 -1.526 -1.636 -1.675
0.00031003 -1.70000 10.01703 0.8409711719 2.4322541153    0.781  2.467  3.6880  1.568    7  0.000  0.526     0.00     0.00     0.00     0.00     0.00 -1    -1e-30      0.00 7.482e-01 2.514e-01 5.859e-05 1.712e-05 1.488e-04 -1.000 3.435e-04 -1.397 0.329 -0.754 -1.399 -1.629 -1.743 -1.782
0.00031003 -1.70000 10.01703 0.8409817815 2.4322574230    0.781  2.508  3.6853  1.516    7  0.000  0.522     6.42     5.15     3.67     2.84     2.29  3    -1e-30      0.00 7.482e-01 2.515e-01 5.824e-05 1.735e-05 1.488e-04 -1.000 3.436e-04 -1.499 0.274 -0.838 -1.496 -1.731 -1.849 -1.890
0.00031003 -1.70000 10.01703 0.8409913182 2.4322603962    0.781  2.548  3.6826  1.465    7  0.000  0.514     7.16     5.66     4.01     3.10     2.51  3    -1e-30      0.00 7.481e-01 2.516e-01 5.746e-05 1.808e-05 1.488e-04 -1.000 3.436e-04 -1.601 0.240 -0.918 -1.596 -1.837 -1.957 -2.000
0.00031003 -1.70000 10.01703 0.8410000205 2.4322631091    0.781  2.589  3.6799  1.414    7  0.000  0.502     7.98     6.20     4.38     3.39     2.75  3    -1e-30      0.00 7.480e-01 2.517e-01 5.621e-05 1.952e-05 1.488e-04 -1.000 3.373e-04 -1.702 0.212 -0.996 -1.695 -1.941 -2.065 -2.110
0.00031003 -1.70000 10.01703 0.8410080075 2.4322655990    0.781  2.629  3.6772  1.362    7  0.000  0.490     8.90     6.81     4.78     3.71     3.00  3    -1e-30      0.00 7.479e-01 2.518e-01 5.492e-05 2.110e-05 1.488e-04 -1.000 3.215e-04 -1.803 0.192 -1.071 -1.793 -2.045 -2.173 -2.219
0.00031003 -1.70000 10.01703 0.8410154581 2.4322679216    0.781  2.669  3.6745  1.311    7  0.000  0.480     9.91     7.46     5.22     4.06     3.29  3    -1e-30      0.00 7.478e-01 2.519e-01 5.380e-05 2.249e-05 1.488e-04 -1.000 3.231e-04 -1.903 0.179 -1.142 -1.890 -2.148 -2.279 -2.327
0.00031003 -1.70000 10.01703 0.8410160542 2.4322681074    0.781  2.673  3.6743  1.307    7  0.000  0.479    10.01     7.52     5.26     4.09     3.31  3    -1e-30      0.00 7.477e-01 2.519e-01 5.371e-05 2.260e-05 1.488e-04 -1.000 3.245e-04 -1.911 0.178 -1.148 -1.898 -2.157 -2.288 -2.337
0.00031003 -1.70000 10.01703 0.8410226703 2.4322701698    0.781  2.709  3.6718  1.261    7  0.000  0.471    11.04     8.18     5.70     4.44     3.59  3    -1e-30      0.00 7.476e-01 2.520e-01 5.279e-05 2.372e-05 1.488e-04 -1.000 3.389e-04 -2.002 0.173 -1.211 -1.986 -2.250 -2.386 -2.435
0.00031003 -1.70000 10.01703 0.8410296440 2.4322723437    0.781  2.749  3.6690  1.210    7  0.000  0.463    12.29     8.96     6.22     4.85     3.93  2    -1e-30      0.00 7.475e-01 2.522e-01 5.193e-05 2.479e-05 1.488e-04 -1.000 3.211e-04 -2.102 0.173 -1.277 -2.081 -2.352 -2.492 -2.543
0.00031003 -1.70000 10.01703 0.8410364389 2.4322744618    0.781  2.789  3.6662  1.159    7  0.000  0.456    13.71     9.83     6.80     5.30     4.30  2    -1e-30      0.00 7.473e-01 2.523e-01 5.118e-05 2.571e-05 1.488e-04 -1.000 3.174e-04 -2.202 0.180 -1.341 -2.176 -2.455 -2.598 -2.652
0.00031003 -1.70000 10.01703 0.8410425782 2.4322763755    0.781  2.829  3.6634  1.107    7  0.000  0.450    15.30    10.80     7.44     5.81     4.71  2    -1e-30      0.00 7.472e-01 2.525e-01 5.051e-05 2.654e-05 1.488e-04 -1.000 3.435e-04 -2.303 0.195 -1.402 -2.272 -2.558 -2.705 -2.761
0.00031003 -1.70000 10.01703 0.8410483003 2.4322781591    0.781  2.871  3.6604  1.054    7  0.000  0.445    17.13    11.90     8.16     6.38     5.17  2    -1e-30      0.00 7.470e-01 2.526e-01 4.993e-05 2.726e-05 1.487e-04 -1.000 3.435e-04 -2.407 0.221 -1.461 -2.369 -2.664 -2.816 -2.874
0.00031003 -1.70000 10.01703 0.8410533071 2.4322797197    0.781  2.913  3.6573  0.998    7  0.000  0.441    19.27    13.15     8.97     7.03     5.70  2    -1e-30      0.00 7.469e-01 2.528e-01 4.941e-05 2.791e-05 1.486e-04 -1.000 3.435e-04 -2.514 0.248 -1.518 -2.466 -2.770 -2.928 -2.988
0.00031003 -1.70000 10.01703 0.8410571814 2.4322809273    0.781  2.955  3.6543  0.945    7  0.000  0.437    21.56    14.47     9.83     7.72     6.26  2    -1e-30      0.00 7.467e-01 2.530e-01 4.899e-05 2.847e-05 1.485e-04 -1.000 3.435e-04 -2.616 0.250 -1.576 -2.555 -2.870 -3.033 -3.096
0.00031003 -1.70000 10.01703 0.8410604596 2.4322819491    0.781  2.993  3.6514  0.896    7  0.000  0.435    23.95    15.83    10.71     8.41     6.82  1    -1e-30      0.00 7.466e-01 2.531e-01 4.865e-05 2.894e-05 1.483e-04 -1.000 3.436e-04 -2.712 0.253 -1.628 -2.638 -2.962 -3.131 -3.196
0.00031003 -1.70000 10.01703 0.8410636783 2.4322829523    0.781  3.031  3.6485  0.845    7  0.000  0.433    26.64    17.33    11.68     9.19     7.45  1    -1e-30      0.00 7.464e-01 2.532e-01 4.839e-05 2.935e-05 1.482e-04 -1.000 3.435e-04 -2.808 0.258 -1.679 -2.721 -3.055 -3.229 -3.297
0.00031003 -1.70000 10.01703 0.8410665393 2.4322838441    0.781  3.070  3.6455  0.794    7  0.000  0.432    29.70    19.01    12.76    10.05     8.16  1    -1e-30      0.00 7.463e-01 2.534e-01 4.818e-05 2.972e-05 1.479e-04 -1.000 3.434e-04 -2.906 0.264 -1.730 -2.804 -3.148 -3.328 -3.398
0.00031003 -1.70000 10.01703 0.8410692215 2.4322846801    0.781  3.116  3.6420  0.734    7  0.000  0.431    33.72    21.18    14.15    11.16     9.06  1    -1e-30      0.00 7.462e-01 2.535e-01 4.797e-05 3.018e-05 1.477e-04 -1.000 3.434e-04 -3.020 0.272 -1.789 -2.900 -3.257 -3.443 -3.517
0.00031003 -1.70000 10.01703 0.8410694599 2.4322847544    0.781  3.146  3.6394  0.694    7  0.000  0.431    36.74    22.80    15.18    11.99     9.73  1    -1e-30      0.00 7.462e-01 2.535e-01 4.796e-05 3.021e-05 1.476e-04 -1.000 3.434e-04 -3.096 0.285 -1.823 -2.962 -3.327 -3.519 -3.594
0.00031003 -1.70000 10.01703 0.8410696387 2.4322848101    0.781  3.176  3.6369  0.654    7  0.000  0.429    39.96    24.48    16.25    12.85    10.43  1    -1e-30      0.00 7.459e-01 2.537e-01 4.743e-05 3.144e-05 1.469e-04 -1.000 3.435e-04 -3.170 0.298 -1.853 -3.020 -3.395 -3.592 -3.670
0.00031003 -1.70000 10.01703 0.8410698771 2.4322848844    0.781  3.216  3.6335  0.601    7  0.000  0.428    44.78    26.98    17.83    14.12    11.46  1    -1e-30      0.00 7.457e-01 2.540e-01 4.716e-05 3.228e-05 1.463e-04 -1.000 3.435e-04 -3.271 0.313 -1.896 -3.100 -3.488 -3.692 -3.773
0.00031003 -1.70000 10.01703 0.8410704136 2.4322850516    0.781  3.271  3.6292  0.529    7  0.000  0.427    52.12    30.71    20.17    16.00    13.00  1    -1e-30      0.00 7.454e-01 2.542e-01 4.688e-05 3.318e-05 1.457e-04 -1.000 3.434e-04 -3.407 0.329 -1.954 -3.209 -3.613 -3.826 -3.911
0.00031003 -1.70000 10.01703 0.8410705924 2.4322851074    0.781  3.282  3.6284  0.514    7  0.549  0.427    53.80    31.55    20.70    16.43    13.34  1    -1e-30      0.00 7.454e-01 2.543e-01 4.682e-05 3.335e-05 1.455e-04 -1.000 3.436e-04 -3.435 0.330 -1.966 -3.231 -3.639 -3.854 -3.940
0.00031003 -1.70000 10.01703 0.8410707116 2.4322851445    0.781  3.341  3.6230  0.434    8  0.536  0.416    63.75    36.46    23.77    18.90    15.36  1 -6.66e-07      0.00 7.400e-01 2.597e-01 4.472e-05 3.911e-05 1.474e-04 -1.000 2.499e-04 -3.581 0.363 -2.004 -3.336 -3.768 -3.997 -4.087
0.00031003 -1.70000 10.01703 0.8410707712 2.4322851631    0.779  3.163  3.6366  0.666    8  0.536  0.405    38.98    23.97    15.92    12.59    10.22  1 -3.01e-07      0.00 7.400e-01 2.597e-01 4.472e-05 3.911e-05 1.474e-04 -1.000 2.499e-04 -3.136 0.328 -1.820 -2.986 -3.360 -3.558 -3.636
0.00031003 -1.70000 10.01703 0.8410708904 2.4322852003    0.777  3.017  3.6485  0.857    8  0.536  0.405    25.95    16.94    11.43     8.99     7.29  1  -1.6e-07      0.00 7.400e-01 2.597e-01 4.472e-05 3.911e-05 1.474e-04 -1.000 2.499e-04 -2.774 0.284 -1.648 -2.687 -3.020 -3.194 -3.261
0.00031003 -1.70000 10.01703 0.8410710692 2.4322852560    0.773  2.813  3.6652  1.126    8  0.536  0.405    14.66    10.42     7.18     5.61     4.54  2 -6.83e-08      0.00 7.400e-01 2.597e-01 4.472e-05 3.911e-05 1.474e-04 -1.000 2.499e-04 -2.264 0.166 -1.386 -2.236 -2.518 -2.663 -2.717
0.00031003 -1.70000 10.01703 0.8410713673 2.4322853489    0.767  2.819  3.6645  1.114    8  0.536  0.405    15.00    10.62     7.32     5.72     4.63  2 -7.11e-08      0.00 7.400e-01 2.597e-01 4.472e-05 3.911e-05 1.474e-04 -1.000 2.499e-04 -2.278 0.177 -1.392 -2.250 -2.533 -2.679 -2.734
0.00031003 -1.70000 10.01703 0.8410717249 2.4322854604    0.760  2.912  3.6567  0.986    8  0.537  0.405    19.64    13.35     9.10     7.14     5.79  2 -1.07e-07      0.00 7.400e-01 2.597e-01 4.472e-05 3.911e-05 1.474e-04 -1.000 2.499e-04 -2.510 0.273 -1.506 -2.460 -2.766 -2.925 -2.986
0.00031003 -1.70000 10.01703 0.8410721421 2.4322855904    0.751  3.079  3.6427  0.758    8  0.537  0.405    31.79    20.11    13.45    10.62     8.61  1 -2.27e-07      0.00 7.400e-01 2.597e-01 4.472e-05 3.911e-05 1.474e-04 -1.000 2.500e-04 -2.928 0.330 -1.712 -2.811 -3.165 -3.350 -3.422
0.00031003 -1.70000 10.01703 0.8410726786 2.4322857576    0.741  3.226  3.6303  0.555    8  0.537  0.405    48.80    28.91    19.02    15.11    12.26  1 -4.53e-07      0.00 7.400e-01 2.597e-01 4.472e-05 3.911e-05 1.474e-04 -1.000 2.499e-04 -3.296 0.395 -1.865 -3.106 -3.505 -3.716 -3.800
0.00031003 -1.70000 10.01703 0.8410732150 2.4322859248    0.730  3.325  3.6219  0.416    8  0.538  0.405    65.40    37.02    24.08    19.20    15.60  1 -7.35e-07      0.00 7.400e-01 2.597e-01 4.472e-05 3.911e-05 1.474e-04 -1.000 2.499e-04 -3.542 0.439 -1.941 -3.289 -3.725 -3.957 -4.049
0.00031003 -1.70000 10.01703 0.8410738707 2.4322861292    0.717  3.380  3.6171  0.334    8  0.538  0.405    77.68    42.75    27.62    22.08    17.94  1 -9.87e-07      0.00 7.400e-01 2.597e-01 4.472e-05 3.911e-05 1.474e-04 -1.000 2.499e-04 -3.680 0.464 -1.969 -3.384 -3.845 -4.089 -4.186
0.00031003 -1.70000 10.01703 0.8410746455 2.4322863707    0.703  3.409  3.6143  0.285    8  0.539  0.405    85.85    46.43    29.87    23.93    19.44  1 -1.18e-06      0.00 7.400e-01 2.597e-01 4.472e-05 3.911e-05 1.474e-04 -1.000 2.499e-04 -3.752 0.484 -1.977 -3.431 -3.906 -4.158 -4.258
0.00031003 -1.70000 10.01703 0.8410754204 2.4322866122    0.688  3.427  3.6124  0.250    8  0.539  0.405    92.36    49.26    31.59    25.35    20.60  1 -1.36e-06      0.00 7.400e-01 2.597e-01 4.472e-05 3.911e-05 1.474e-04 -1.000 2.499e-04 -3.799 0.503 -1.976 -3.459 -3.945 -4.203 -4.304
0.00031003 -1.70000 10.01703 0.8410789967 2.4322877268    0.541 -9.999  4.0000  1.785    9  0.541  0.000     0.00     0.00     0.00     0.00     0.00 -1    -1e-30      0.00 7.400e-01 2.597e-01 4.472e-05 3.911e-05 1.474e-04 -1.000 2.500e-04 29.767 30.104 29.966 30.244 30.473 30.553 30.642
