# Zini     MH   logAge Mini        int_IMF         Mass   logL    logTe  logg  label   McoreTP C_O  period0  period1  period2  period3  period4  pmode  Mloss  tau1m   X   Y   Xc  Xn  Xo  Cexcess  Z 	 mbolmag  umag    gmag    rmag    imag    zmag    Ymag
0.00031003 -1.70000 10.00000 0.0900000036 1.0816895926    0.090 -3.195  3.4811  5.464    1  0.000  0.545     0.00     0.00     0.00     0.00     0.00 -1 -4.96e-17      0.00 7.486e-01 2.510e-01 6.177e-05 1.667e-05 1.511e-04 -1.000 3.435e-04 12.757 17.883 16.069 14.123 12.574 12.078 11.978
0.00031003 -1.70000 10.00000 0.0968294889 1.1440626469    0.097 -2.960  3.5153  5.397    1  0.000  0.545     0.00     0.00     0.00     0.00     0.00 -1 -8.88e-17      0.00 7.473e-01 2.523e-01 6.177e-05 1.667e-05 1.511e-04 -1.000 3.435e-04 12.169 17.067 14.840 13.047 11.966 11.572 11.466
0.00031003 -1.70000 10.00000 0.1000000015 1.1711064122    0.100 -2.856  3.5304  5.368    1  0.000  0.545     0.00     0.00     0.00     0.00     0.00 -1 -1.15e-16      0.00 7.467e-01 2.529e-01 6.177e-05 1.667e-05 1.511e-04 -1.000 3.436e-04 11.911 16.613 14.328 12.617 11.699 11.341 11.235
0.00031003 -1.70000 10.00000 0.1200000048 1.3193154741    0.120 -2.566  3.5614  5.280    1  0.000  0.545     0.00     0.00     0.00     0.00     0.00 -1 -2.26e-16      0.00 7.442e-01 2.554e-01 6.177e-05 1.667e-05 1.511e-04 -1.000 3.434e-04 11.185 15.313 13.127 11.606 10.958 10.660 10.562
0.00031003 -1.70000 10.00000 0.1400000006 1.4384526719    0.140 -2.384  3.5764  5.225    1  0.000  0.545     0.00     0.00     0.00     0.00     0.00 -1 -3.39e-16      0.00 7.425e-01 2.572e-01 6.177e-05 1.667e-05 1.511e-04 -1.000 3.435e-04 10.730 14.539 12.467 11.051 10.497 10.224 10.131
0.00031003 -1.70000 10.00000 0.1599999964 1.5372931554    0.160 -2.242  3.5862  5.181    1  0.000  0.545     0.00     0.00     0.00     0.00     0.00 -1 -4.62e-16      0.00 7.412e-01 2.584e-01 6.177e-05 1.667e-05 1.511e-04 -1.000 3.436e-04 10.376 13.970 11.985 10.645 10.139 9.882 9.793
0.00031003 -1.70000 10.00000 0.2000000179 1.6938791367    0.200 -2.022  3.5990  5.109    1  0.000  0.545     0.00     0.00     0.00     0.00     0.00 -1 -7.44e-16      0.00 7.401e-01 2.595e-01 6.177e-05 1.667e-05 1.511e-04 -1.000 3.435e-04 9.826 13.153 11.281 10.041 9.583 9.345 9.262
0.00031003 -1.70000 10.00000 0.2153630555 1.7435401791    0.215 -1.955  3.6026  5.088    1  0.000  0.545     0.00     0.00     0.00     0.00     0.00 -1 -8.58e-16      0.00 7.401e-01 2.595e-01 6.177e-05 1.667e-05 1.511e-04 -1.000 3.434e-04 9.657 12.912 11.070 9.858 9.412 9.180 9.099
0.00031003 -1.70000 10.00000 0.2500000000 1.8403257998    0.250 -1.818  3.6100  5.046    1  0.000  0.545     0.00     0.00     0.00     0.00     0.00 -1 -1.14e-15      0.00 7.401e-01 2.596e-01 6.176e-05 1.667e-05 1.511e-04 -1.000 3.434e-04 9.316 12.428 10.647 9.490 9.067 8.846 8.769
0.00031003 -1.70000 10.00000 0.3000000417 1.9529140366    0.300 -1.662  3.6188  5.004    1  0.000  0.545     0.00     0.00     0.00     0.00     0.00 -1 -1.57e-15      0.00 7.402e-01 2.594e-01 6.175e-05 1.667e-05 1.511e-04 -1.000 3.435e-04 8.925 11.879 10.163 9.070 8.671 8.464 8.391
0.00031003 -1.70000 10.00000 0.3374468088 2.0223499155    0.337 -1.565  3.6248  4.982    1  0.000  0.545     0.00     0.00     0.00     0.00     0.00 -1  -1.9e-15      0.00 7.403e-01 2.594e-01 6.173e-05 1.667e-05 1.511e-04 -1.000 3.435e-04 8.683 11.534 9.861 8.809 8.426 8.227 8.158
0.00031003 -1.70000 10.00000 0.3499999940 2.0434174644    0.350 -1.535  3.6266  4.975    1  0.000  0.544     0.00     0.00     0.00     0.00     0.00 -1 -2.02e-15      0.00 7.403e-01 2.594e-01 6.173e-05 1.667e-05 1.511e-04 -1.000 3.435e-04 8.607 11.427 9.767 8.727 8.350 8.154 8.085
0.00031003 -1.70000 10.00000 0.3797512352 2.0896488086    0.380 -1.454  3.6327  4.955    1  0.000  0.545     0.00     0.00     0.00     0.00     0.00 -1 -2.39e-15      0.00 7.464e-01 2.533e-01 6.175e-05 1.667e-05 1.511e-04 -1.000 3.436e-04 8.406 11.123 9.506 8.507 8.146 7.959 7.894
0.00031003 -1.70000 10.00000 0.4000000060 2.1185024399    0.400 -1.403  3.6367  4.941    1  0.000  0.545     0.00     0.00     0.00     0.00     0.00 -1 -2.66e-15      0.00 7.503e-01 2.493e-01 6.177e-05 1.667e-05 1.511e-04 -1.000 3.435e-04 8.277 10.932 9.340 8.367 8.016 7.835 7.772
0.00031003 -1.70000 10.00000 0.4500000179 2.1822809362    0.450 -1.240  3.6533  4.896    1  0.000  0.545     0.00     0.00     0.00     0.00     0.00 -1 -3.84e-15      0.00 7.506e-01 2.491e-01 6.177e-05 1.667e-05 1.511e-04 -1.000 3.435e-04 7.871 10.263 8.787 7.915 7.605 7.448 7.393
0.00031003 -1.70000 10.00000 0.5000000000 2.2374541529    0.500 -1.059  3.6750  4.848    1  0.000  0.545     0.00     0.00     0.00     0.00     0.00 -1 -5.85e-15      0.00 7.506e-01 2.491e-01 6.177e-05 1.667e-05 1.511e-04 -1.000 3.435e-04 7.417 9.466 8.163 7.414 7.152 7.025 6.981
0.00031003 -1.70000 10.00000 0.5500000715 2.2836583126    0.550 -0.858  3.6971  4.776    1  0.000  0.544     0.00     0.00     0.00     0.00     0.00 -1 -9.62e-15      0.00 7.791e-01 2.206e-01 5.512e-05 1.488e-05 1.350e-04 -1.000 2.913e-04 6.914 8.628 7.518 6.876 6.656 6.557 6.526
0.00031003 -1.70000 10.00000 0.6000000238 2.3211213258    0.600 -0.658  3.7224  4.716    1  0.000  0.544     0.00     0.00     0.00     0.00     0.00 -1 -1.56e-14      0.00 7.889e-01 2.108e-01 5.298e-05 1.431e-05 1.299e-04 -1.000 3.369e-04 6.416 7.805 6.897 6.358 6.180 6.111 6.093
0.00031003 -1.70000 10.00000 0.6018500328 2.3223707737    0.601 -0.651  3.7234  4.714    1  0.000  0.544     0.00     0.00     0.00     0.00     0.00 -1 -1.59e-14      0.00 7.893e-01 2.103e-01 5.289e-05 1.428e-05 1.296e-04 -1.000 3.417e-04 6.397 7.774 6.873 6.339 6.163 6.095 6.077
0.00031003 -1.70000 10.00000 0.6145336032 2.3307044698    0.614 -0.598  3.7307  4.700    1  0.000  0.544     0.00     0.00     0.00     0.00     0.00 -1  -1.8e-14      0.00 7.924e-01 2.073e-01 5.225e-05 1.411e-05 1.281e-04 -1.000 2.973e-04 6.266 7.561 6.712 6.205 6.042 5.982 5.968
0.00031003 -1.70000 10.00000 0.6292952299 2.3399187388    0.629 -0.537  3.7392  4.683    1  0.000  0.544     0.00     0.00     0.00     0.00     0.00 -1 -2.09e-14      0.00 7.961e-01 2.036e-01 5.146e-05 1.390e-05 1.262e-04 -1.000 3.043e-04 6.113 7.322 6.528 6.053 5.902 5.851 5.841
0.00031003 -1.70000 10.00000 0.6429029703 2.3479831301    0.643 -0.481  3.7469  4.666    1  0.000  0.543     0.00     0.00     0.00     0.00     0.00 -1  -2.4e-14      0.00 7.997e-01 2.000e-01 5.070e-05 1.370e-05 1.244e-04 -1.000 2.757e-04 5.971 7.111 6.361 5.914 5.776 5.733 5.726
0.00031003 -1.70000 10.00000 0.6499999762 2.3520353107    0.650 -0.451  3.7509  4.657    1  0.000  0.543     0.00     0.00     0.00     0.00     0.00 -1 -2.58e-14      0.00 8.017e-01 1.980e-01 5.028e-05 1.359e-05 1.234e-04 -1.000 2.911e-04 5.897 7.002 6.275 5.842 5.710 5.671 5.666
0.00031003 -1.70000 10.00000 0.6639274359 2.3596986524    0.664 -0.392  3.7582  4.637    1  0.000  0.543     0.00     0.00     0.00     0.00     0.00 -1 -2.99e-14      0.00 8.066e-01 1.932e-01 4.926e-05 1.332e-05 1.210e-04 -1.000 2.670e-04 5.751 6.793 6.105 5.701 5.581 5.550 5.548
0.00031003 -1.70000 10.00000 0.6783745885 2.3672667906    0.678 -0.331  3.7657  4.615    1  0.000  0.543     0.00     0.00     0.00     0.00     0.00 -1  -3.5e-14      0.00 8.121e-01 1.877e-01 4.812e-05 1.301e-05 1.182e-04 -1.000 2.667e-04 5.597 6.584 5.932 5.555 5.446 5.423 5.424
0.00031003 -1.70000 10.00000 0.6920908093 2.3741168074    0.692 -0.272  3.7725  4.592    1  0.000  0.542     0.00     0.00     0.00     0.00     0.00 -1 -4.08e-14      0.00 8.177e-01 1.820e-01 4.695e-05 1.270e-05 1.155e-04 -1.000 2.957e-04 5.449 6.389 5.767 5.414 5.317 5.300 5.303
0.00031003 -1.70000 10.00000 0.6999999881 2.3779266974    0.700 -0.237  3.7764  4.577    1  0.000  0.542     0.00     0.00     0.00     0.00     0.00 -1 -4.47e-14      0.00 8.211e-01 1.786e-01 4.624e-05 1.251e-05 1.138e-04 -1.000 2.957e-04 5.362 6.278 5.671 5.332 5.241 5.227 5.232
0.00031003 -1.70000 10.00000 0.7023051977 2.3790185721    0.702 -0.227  3.7774  4.573    1  0.000  0.541     0.00     0.00     0.00     0.00     0.00 -1 -4.59e-14      0.00 8.223e-01 1.774e-01 4.595e-05 1.244e-05 1.131e-04 -1.000 2.935e-04 5.337 6.245 5.643 5.308 5.218 5.206 5.211
0.00031003 -1.70000 10.00000 0.7148589492 2.3848228606    0.715 -0.170  3.7832  4.547    1  0.000  0.539     0.00     0.00     0.00     0.00     0.00 -1 -5.34e-14      0.00 8.291e-01 1.706e-01 4.437e-05 1.206e-05 1.097e-04 -1.000 2.626e-04 5.195 6.070 5.488 5.174 5.093 5.086 5.093
0.00031003 -1.70000 10.00000 0.7269518375 2.3901966220    0.727 -0.114  3.7886  4.519    1  0.000  0.537     0.00     0.00     0.00     0.00     0.00 -1 -6.22e-14      0.00 8.357e-01 1.641e-01 4.284e-05 1.168e-05 1.064e-04 -1.000 1.957e-04 5.054 5.900 5.335 5.039 4.967 4.966 4.975
0.00031003 -1.70000 10.00000 0.7377133965 2.3948087919    0.737 -0.062  3.7932  4.492    1  0.000  0.534     0.00     0.00     0.00     0.00     0.00 -1 -7.17e-14      0.00 8.414e-01 1.584e-01 4.152e-05 1.136e-05 1.036e-04 -1.000 2.082e-04 4.924 5.748 5.195 4.916 4.851 4.854 4.864
0.00031003 -1.70000 10.00000 0.7478586435 2.3990173314    0.747 -0.011  3.7975  4.464    1  0.000  0.532     0.00     0.00     0.00     0.00     0.00 -1 -8.28e-14      0.00 8.465e-01 1.533e-01 4.037e-05 1.108e-05 1.011e-04 -1.000 1.978e-04 4.797 5.600 5.057 4.793 4.735 4.742 4.754
0.00031003 -1.70000 10.00000 0.7500000000 2.3998889087    0.750  0.000  3.7984  4.458    1  0.000  0.532     0.00     0.00     0.00     0.00     0.00 -1 -8.54e-14      0.00 8.475e-01 1.523e-01 4.014e-05 1.102e-05 1.006e-04 -1.000 1.957e-04 4.769 5.568 5.027 4.766 4.709 4.718 4.730
0.00031003 -1.70000 10.00000 0.7593962550 2.4036466535    0.759  0.050  3.8023  4.429    1  0.000  0.531     0.00     0.00     0.00     0.00     0.00 -1 -9.82e-14      0.00 8.494e-01 1.504e-01 3.991e-05 1.097e-05 1.001e-04 -1.000 2.059e-04 4.645 5.427 4.893 4.646 4.596 4.608 4.621
0.00031003 -1.70000 10.00000 0.7690785527 2.4074085352    0.768  0.104  3.8063  4.397    1  0.000  0.531     0.00     0.00     0.00     0.00     0.00 -1 -1.15e-13      0.00 8.512e-01 1.486e-01 3.972e-05 1.093e-05 9.979e-05 -1.000 1.958e-04 4.510 5.275 4.748 4.515 4.471 4.487 4.502
0.00031003 -1.70000 10.00000 0.7776550651 2.4106509652    0.777  0.155  3.8098  4.364    1  0.000  0.530     0.00     0.00     0.00     0.00     0.00 -1 -1.33e-13      0.00 8.525e-01 1.473e-01 3.960e-05 1.090e-05 9.957e-05 -1.000 2.239e-04 4.382 5.133 4.611 4.391 4.352 4.372 4.387
0.00031003 -1.70000 10.00000 0.7858391404 2.4136692620    0.785  0.207  3.8131  4.330    1  0.000  0.530     0.00     0.00     0.00     0.00     0.00 -1 -1.55e-13      0.00 8.537e-01 1.461e-01 3.950e-05 1.087e-05 9.944e-05 -1.000 2.128e-04 4.252 4.991 4.472 4.263 4.230 4.253 4.269
0.00031003 -1.70000 10.00000 0.7933823466 2.4163878803    0.792  0.258  3.8159  4.294    1  0.000  0.529     0.00     0.00     0.00     0.00     0.00 -1 -1.81e-13      0.00 8.546e-01 1.451e-01 3.945e-05 1.086e-05 9.935e-05 -1.000 2.024e-04 4.124 4.852 4.336 4.136 4.108 4.134 4.151
0.00031003 -1.70000 10.00000 0.8000000119 2.4187244405    0.799  0.307  3.8182  4.259    1  0.000  0.529     0.00     0.00     0.00     0.00     0.00 -1  -2.1e-13      0.00 8.554e-01 1.444e-01 3.940e-05 1.086e-05 9.932e-05 -1.000 1.957e-04 4.004 4.723 4.208 4.017 3.993 4.021 4.039
0.00031003 -1.70000 10.00000 0.8013433218 2.4191933198    0.800  0.316  3.8188  4.252    1  0.000  0.529     0.00     0.00     0.00     0.00     0.00 -1 -2.16e-13      0.00 8.553e-01 1.445e-01 3.943e-05 1.086e-05 9.940e-05 -1.000 1.982e-04 3.979 4.697 4.182 3.993 3.970 3.998 4.016
0.00031003 -1.70000 10.00000 0.8080198169 2.4214971601    0.807  0.368  3.8209  4.212    1  0.000  0.529     0.00     0.00     0.00     0.00     0.00 -1 -2.54e-13      0.00 8.547e-01 1.451e-01 3.966e-05 1.093e-05 9.999e-05 -1.000 2.389e-04 3.850 4.559 4.046 3.864 3.845 3.875 3.893
0.00031003 -1.70000 10.00000 0.8154173493 2.4239992067    0.814  0.430  3.8224  4.160    1  0.000  0.529     0.00     0.00     0.00     0.00     0.00 -1 -3.09e-13      0.00 8.525e-01 1.472e-01 4.018e-05 1.107e-05 1.013e-04 -1.000 2.599e-04 3.695 4.398 3.884 3.709 3.692 3.724 3.743
0.00031003 -1.70000 10.00000 0.8165042400 2.4243624323    0.815  0.440  3.8226  4.152    1  0.000  0.529     0.00     0.00     0.00     0.00     0.00 -1  -3.2e-13      0.00 8.522e-01 1.476e-01 4.027e-05 1.109e-05 1.015e-04 -1.000 2.610e-04 3.671 4.373 3.859 3.684 3.669 3.700 3.719
0.00031003 -1.70000 10.00000 0.8183697462 2.4249832760    0.817  0.458  3.8224  4.134    1  0.000  0.529     0.00     0.00     0.00     0.00     0.00 -1  -3.4e-13      0.00 8.516e-01 1.482e-01 4.041e-05 1.113e-05 1.019e-04 -1.000 2.630e-04 3.626 4.328 3.814 3.639 3.623 3.654 3.673
0.00031003 -1.70000 10.00000 0.8236640096 2.4267276161    0.822  0.512  3.8211  4.078    1  0.000  0.529     0.00     0.00     0.00     0.00     0.00 -1 -4.08e-13      0.00 8.499e-01 1.498e-01 4.083e-05 1.125e-05 1.029e-04 -1.000 2.685e-04 3.491 4.195 3.678 3.501 3.484 3.514 3.533
0.00031003 -1.70000 10.00000 0.8280705214 2.4281599194    0.827  0.564  3.8177  4.015    1  0.000  0.529     0.00     0.00     0.00     0.00     0.00 -1 -4.93e-13      0.00 8.485e-01 1.512e-01 4.117e-05 1.134e-05 1.037e-04 -1.000 2.732e-04 3.361 4.074 3.554 3.368 3.346 3.373 3.390
0.00031003 -1.70000 10.00000 0.8288151622 2.4284002300    0.827  0.573  3.8169  4.002    1  0.000  0.529     0.00     0.00     0.00     0.00     0.00 -1 -5.14e-13      0.00 8.483e-01 1.515e-01 4.123e-05 1.136e-05 1.039e-04 -1.000 2.740e-04 3.337 4.053 3.531 3.343 3.320 3.346 3.363
0.00031003 -1.70000 10.00000 0.8295401335 2.4286337162    0.828  0.583  3.8157  3.987    2  0.000  0.529     0.00     0.00     0.00     0.00     0.00 -1 -5.36e-13      0.00 8.480e-01 1.517e-01 4.128e-05 1.137e-05 1.040e-04 -1.000 2.747e-04 3.312 4.031 3.508 3.316 3.292 3.316 3.333
0.00031003 -1.70000 10.00000 0.8319748044 2.4294144093    0.830  0.620  3.8102  3.929    2  0.000  0.529     0.00     0.00     0.00     0.00     0.00 -1 -6.19e-13      0.00 8.473e-01 1.525e-01 4.147e-05 1.142e-05 1.045e-04 -1.000 2.772e-04 3.219 3.955 3.425 3.218 3.185 3.205 3.220
0.00031003 -1.70000 10.00000 0.8338290453 2.4300054681    0.832  0.653  3.8035  3.871    2  0.000  0.529     0.00     0.00     0.00     0.00     0.00 -1 -7.12e-13      0.00 8.467e-01 1.530e-01 4.162e-05 1.146e-05 1.048e-04 -1.000 2.792e-04 3.138 3.899 3.359 3.131 3.088 3.101 3.114
0.00031003 -1.70000 10.00000 0.8352751136 2.4304643237    0.833  0.681  3.7956  3.812    2  0.000  0.529     0.00     0.00     0.00     0.00     0.00 -1 -8.13e-13      0.00 8.462e-01 1.535e-01 4.173e-05 1.149e-05 1.051e-04 -1.000 2.807e-04 3.067 3.859 3.306 3.053 2.998 3.004 3.014
0.00031003 -1.70000 10.00000 0.8364378810 2.4308319612    0.835  0.706  3.7870  3.753    2  0.000  0.529     0.00     0.00     0.00     0.00     0.00 -1 -9.22e-13      0.00 8.428e-01 1.569e-01 4.273e-05 1.177e-05 1.076e-04 -1.000 2.754e-04 3.004 3.835 3.265 2.984 2.915 2.913 2.919
0.00031003 -1.70000 10.00000 0.8374059200 2.4311371352    0.836  0.729  3.7779  3.695    2  0.000  0.530     0.00     0.00     0.00     0.00     0.00 -1 -1.04e-12      0.00 8.334e-01 1.663e-01 4.499e-05 1.237e-05 1.130e-04 -1.000 2.559e-04 2.948 3.825 3.233 2.922 2.839 2.827 2.831
0.00031003 -1.70000 10.00000 0.8382489085 2.4314022268    0.836  0.749  3.7693  3.640    2  0.000  0.532     0.00     0.00     0.00     0.00     0.00 -1 -1.16e-12      0.00 8.128e-01 1.870e-01 4.902e-05 1.345e-05 1.227e-04 -1.000 2.746e-04 2.897 3.823 3.206 2.865 2.769 2.748 2.749
0.00031003 -1.70000 10.00000 0.8390263915 2.4316461762    0.837  0.772  3.7613  3.586    2  0.000  0.535     0.00     0.00     0.00     0.00     0.00 -1  -1.3e-12      0.00 7.922e-01 2.075e-01 5.283e-05 1.447e-05 1.317e-04 -1.000 2.964e-04 2.841 3.817 3.173 2.805 2.696 2.668 2.665
0.00031003 -1.70000 10.00000 0.8398066163 2.4318904637    0.838  0.802  3.7537  3.526    2  0.000  0.536     0.00     0.00     0.00     0.00     0.00 -1 -1.49e-12      0.00 7.785e-01 2.212e-01 5.532e-05 1.514e-05 1.377e-04 -1.000 3.181e-04 2.765 3.794 3.121 2.727 2.606 2.569 2.564
0.00031003 -1.70000 10.00000 0.8404166698 2.4320811075    0.838  0.835  3.7487  3.473    2  0.000  0.536     0.00     0.00     0.00     0.00     0.00 -1 -1.71e-12      0.00 7.724e-01 2.272e-01 5.647e-05 1.544e-05 1.404e-04 -1.000 3.197e-04 2.682 3.746 3.054 2.643 2.513 2.472 2.464
0.00031003 -1.70000 10.00000 0.8410202861 2.4322694266    0.839  0.875  3.7444  3.417    2  0.000  0.537     0.00     0.00     0.00     0.00     0.00 -1 -1.99e-12      0.00 7.683e-01 2.314e-01 5.727e-05 1.566e-05 1.423e-04 -1.000 2.956e-04 2.584 3.680 2.970 2.544 2.408 2.362 2.352
0.00031003 -1.70000 10.00000 0.8412069678 2.4323276055    0.839  0.890  3.7435  3.398    2  0.000  0.537     0.00     0.00     0.00     0.00     0.00 -1 -2.11e-12      0.00 7.674e-01 2.323e-01 5.743e-05 1.570e-05 1.427e-04 -1.000 3.029e-04 2.546 3.649 2.936 2.506 2.369 2.322 2.312
0.00031003 -1.70000 10.00000 0.8417079449 2.4324835872    0.840  0.932  3.7410  3.346    3  0.000  0.537     0.00     0.00     0.00     0.00     0.00 -1 -2.46e-12      0.00 7.651e-01 2.346e-01 5.780e-05 1.580e-05 1.436e-04 -1.000 3.372e-04 2.441 3.563 2.839 2.401 2.260 2.210 2.199
0.00031003 -1.70000 10.00000 0.8422557116 2.4326538929    0.840  0.981  3.7386  3.288    3  0.000  0.537     0.00     0.00     0.00     0.00     0.00 -1 -2.95e-12      0.00 7.628e-01 2.369e-01 5.814e-05 1.589e-05 1.444e-04 -1.000 3.398e-04 2.318 3.459 2.725 2.279 2.134 2.081 2.069
0.00031003 -1.70000 10.00000 0.8427207470 2.4327982769    0.840  1.026  3.7367  3.235    3  0.000  0.537     0.00     0.00     0.00     0.00     0.00 -1 -3.48e-12      0.00 7.610e-01 2.387e-01 5.836e-05 1.595e-05 1.449e-04 -1.000 3.399e-04 2.204 3.361 2.618 2.166 2.018 1.963 1.950
0.00031003 -1.70000 10.00000 0.8431651592 2.4329360866    0.841  1.073  3.7350  3.182    3  0.000  0.537     0.00     0.00     0.00     0.00     0.00 -1 -4.11e-12      0.00 7.593e-01 2.404e-01 5.854e-05 1.600e-05 1.454e-04 -1.000 3.435e-04 2.089 3.259 2.508 2.051 1.900 1.843 1.829
0.00031003 -1.70000 10.00000 0.8436164856 2.4330758695    0.841  1.123  3.7333  3.125    3  0.000  0.536     0.00     0.00     0.00     0.00     0.00 -1 -4.93e-12      0.00 7.575e-01 2.422e-01 5.866e-05 1.606e-05 1.458e-04 -1.000 3.276e-04 1.962 3.146 2.388 1.925 1.772 1.713 1.698
0.00031003 -1.70000 10.00000 0.8440311551 2.4332041477    0.841  1.174  3.7317  3.068    3  0.000  0.536     0.00     0.00     0.00     0.00     0.00 -1 -5.91e-12      0.00 7.558e-01 2.438e-01 5.868e-05 1.612e-05 1.461e-04 -1.000 3.101e-04 1.836 3.033 2.268 1.800 1.644 1.584 1.568
0.00031003 -1.70000 10.00000 0.8444033861 2.4333191741    0.842  1.222  3.7302  3.014    3  0.000  0.534     0.00     0.00     0.00     0.00     0.00 -1 -7.04e-12      0.00 7.543e-01 2.453e-01 5.860e-05 1.621e-05 1.464e-04 -1.000 3.062e-04 1.714 2.923 2.151 1.679 1.521 1.458 1.442
0.00031003 -1.70000 10.00000 0.8447288275 2.4334196461    0.842  1.268  3.7287  2.962    3  0.000  0.532     0.00     0.00     0.00     0.00     0.00 -1 -8.31e-12      0.00 7.530e-01 2.467e-01 5.842e-05 1.637e-05 1.466e-04 -1.000 3.405e-04 1.599 2.820 2.041 1.564 1.404 1.340 1.322
0.00031003 -1.70000 10.00000 0.8450458050 2.4335174196    0.842  1.317  3.7272  2.907    3  0.000  0.529     0.00     0.00     0.00     0.00     0.00 -1  -9.9e-12      0.00 7.518e-01 2.479e-01 5.812e-05 1.663e-05 1.467e-04 -1.000 3.433e-04 1.477 2.711 1.925 1.443 1.280 1.214 1.196
0.00031003 -1.70000 10.00000 0.8453499079 2.4336111426    0.842  1.368  3.7255  2.849    3  0.000  0.525     0.00     0.00     0.00     0.00     0.00 -1 -1.19e-11      0.00 7.507e-01 2.490e-01 5.772e-05 1.700e-05 1.468e-04 -1.000 3.418e-04 1.349 2.598 1.803 1.316 1.151 1.083 1.064
0.00031003 -1.70000 10.00000 0.8456048965 2.4336896690    0.842  1.415  3.7240  2.796    3  0.000  0.522     0.00     0.00     0.00     0.00     0.00 -1 -1.41e-11      0.00 7.498e-01 2.499e-01 5.734e-05 1.740e-05 1.469e-04 -1.000 3.407e-04 1.232 2.495 1.692 1.200 1.033 0.963 0.943
0.00031003 -1.70000 10.00000 0.8458373547 2.4337612095    0.842  1.461  3.7224  2.744    3  0.000  0.518     0.00     0.00     0.00     0.00     0.00 -1 -1.66e-11      0.00 7.491e-01 2.506e-01 5.698e-05 1.781e-05 1.470e-04 -1.000 3.407e-04 1.117 2.393 1.583 1.086 0.916 0.844 0.823
0.00031003 -1.70000 10.00000 0.8460560441 2.4338284713    0.843  1.509  3.7208  2.690    3  0.000  0.515     0.00     0.00     0.00     0.00     0.00 -1 -1.97e-11      0.00 7.485e-01 2.511e-01 5.666e-05 1.818e-05 1.471e-04 -1.000 3.308e-04 0.998 2.288 1.471 0.968 0.796 0.723 0.701
0.00031003 -1.70000 10.00000 0.8462493420 2.4338878902    0.843  1.554  3.7192  2.638    3  0.000  0.513     0.00     0.00     0.00     0.00     0.00 -1 -2.33e-11      0.00 7.482e-01 2.515e-01 5.644e-05 1.844e-05 1.471e-04 -1.000 3.245e-04 0.884 2.190 1.363 0.856 0.681 0.606 0.583
0.00031003 -1.70000 10.00000 0.8464331031 2.4339443487    0.843  1.601  3.7175  2.584    3  0.000  0.512     0.00     0.00     0.00     0.00     0.00 -1 -2.76e-11      0.00 7.479e-01 2.518e-01 5.628e-05 1.864e-05 1.471e-04 -1.000 3.342e-04 0.766 2.087 1.253 0.739 0.562 0.484 0.461
0.00031003 -1.70000 10.00000 0.8465951681 2.4339941178    0.843  1.647  3.7158  2.532    3  0.000  0.511     0.00     0.00     0.00     0.00     0.00 -1 -3.25e-11      0.00 7.477e-01 2.520e-01 5.617e-05 1.878e-05 1.472e-04 -1.000 3.435e-04 0.653 1.990 1.146 0.628 0.447 0.368 0.344
0.00031003 -1.70000 10.00000 0.8467393517 2.4340383773    0.842  1.691  3.7142  2.482    3  0.000  0.510     0.00     0.00     0.00     0.00     0.00 -1 -3.82e-11      0.00 7.476e-01 2.521e-01 5.611e-05 1.885e-05 1.472e-04 -1.000 3.435e-04 0.544 1.897 1.044 0.519 0.336 0.255 0.230
0.00031003 -1.70000 10.00000 0.8468767405 2.4340805349    0.842  1.736  3.7125  2.429    3  0.000  0.510     0.00     0.00     0.00     0.00     0.00 -1  -4.5e-11      0.00 7.476e-01 2.521e-01 5.610e-05 1.887e-05 1.472e-04 -1.000 3.436e-04 0.430 1.803 0.938 0.407 0.221 0.138 0.112
0.00031003 -1.70000 10.00000 0.8470011353 2.4341186917    0.842  1.781  3.7107  2.378    3  0.000  0.510     0.00     0.00     0.00     0.00     0.00 -1 -5.29e-11      0.00 7.475e-01 2.521e-01 5.609e-05 1.888e-05 1.472e-04 -1.000 3.436e-04 0.319 1.710 0.834 0.296 0.107 0.022 -0.005
0.00031003 -1.70000 10.00000 0.8471106291 2.4341522671    0.842  1.823  3.7090  2.328    3  0.000  0.510     0.00     0.00     0.00     0.00     0.00 -1 -6.18e-11      0.00 7.475e-01 2.521e-01 5.609e-05 1.888e-05 1.472e-04 -1.000 3.436e-04 0.213 1.624 0.736 0.191 -0.001 -0.088 -0.116
0.00031003 -1.70000 10.00000 0.8472111821 2.4341830921    0.842  1.865  3.7073  2.279    3  0.000  0.510     0.00     0.00     0.00     0.00     0.00 -1  -7.2e-11      0.00 7.475e-01 2.521e-01 5.609e-05 1.889e-05 1.472e-04 -1.000 3.436e-04 0.108 1.540 0.639 0.087 -0.108 -0.197 -0.225
0.00031003 -1.70000 10.00000 0.8473084569 2.4342129042    0.842  1.909  3.7055  2.228    3  0.000  0.510     0.00     0.00     0.00     0.00     0.00 -1 -8.45e-11      0.00 7.475e-01 2.521e-01 5.608e-05 1.889e-05 1.472e-04 -1.000 3.436e-04 -0.002 1.452 0.538 -0.021 -0.219 -0.310 -0.340
0.00031003 -1.70000 10.00000 0.8473936915 2.4342390198    0.841  1.950  3.7037  2.180    3  0.000  0.510     0.00     0.00     0.00     0.00     0.00 -1 -9.83e-11      0.00 7.475e-01 2.521e-01 5.608e-05 1.889e-05 1.472e-04 -1.000 3.435e-04 -0.105 1.370 0.444 -0.123 -0.324 -0.417 -0.448
0.00031003 -1.70000 10.00000 0.8474720716 2.4342630298    0.841  1.991  3.7020  2.132    3  0.000  0.510     0.00     0.00     0.00     0.00     0.00 -1 -1.14e-10      0.00 7.475e-01 2.521e-01 5.608e-05 1.890e-05 1.472e-04 -1.000 3.436e-04 -0.207 1.290 0.351 -0.223 -0.427 -0.523 -0.554
0.00031003 -1.70000 10.00000 0.8475462794 2.4342857571    0.841  2.032  3.7002  2.083    3  0.000  0.510     0.00     0.00     0.00     0.00     0.00 -1 -1.33e-10      0.00 7.475e-01 2.522e-01 5.608e-05 1.890e-05 1.472e-04 -1.000 3.436e-04 -0.310 1.209 0.257 -0.325 -0.532 -0.630 -0.662
0.00031003 -1.70000 10.00000 0.8476115465 2.4343057423    0.841  2.071  3.6985  2.038    3  0.000  0.510     0.00     0.00     0.00     0.00     0.00 -1 -1.53e-10      0.00 7.475e-01 2.522e-01 5.607e-05 1.890e-05 1.472e-04 -1.000 3.436e-04 -0.407 1.136 0.170 -0.419 -0.629 -0.729 -0.763
0.00031003 -1.70000 10.00000 0.8476744294 2.4343249942    0.840  2.108  3.6968  1.993    3  0.000  0.510     0.00     0.00     0.00     0.00     0.00 -1 -1.76e-10      0.00 7.475e-01 2.522e-01 5.607e-05 1.891e-05 1.472e-04 -1.000 3.436e-04 -0.501 1.065 0.086 -0.511 -0.725 -0.827 -0.861
0.00031003 -1.70000 10.00000 0.8477396965 2.4343449725    0.840  2.141  3.6953  1.954    3  0.000  0.510     0.00     0.00     0.00     0.00     0.00 -1 -1.99e-10      0.00 7.475e-01 2.522e-01 5.607e-05 1.891e-05 1.472e-04 -1.000 3.436e-04 -0.583 1.005 0.012 -0.592 -0.808 -0.912 -0.947
0.00031003 -1.70000 10.00000 0.8477981091 2.4343628496    0.839  2.166  3.6943  1.925    3  0.000  0.510     0.00     0.00     0.00     0.00     0.00 -1 -2.18e-10      0.00 7.475e-01 2.522e-01 5.607e-05 1.891e-05 1.472e-04 -1.000 3.435e-04 -0.645 0.959 -0.043 -0.653 -0.871 -0.976 -1.012
0.00031003 -1.70000 10.00000 0.8478457928 2.4343774411    0.839  2.149  3.6954  1.946    3  0.000  0.510     0.00     0.00     0.00     0.00     0.00 -1 -2.06e-10      0.00 7.475e-01 2.522e-01 5.607e-05 1.891e-05 1.472e-04 -1.000 3.436e-04 -0.603 0.985 -0.008 -0.612 -0.828 -0.932 -0.967
0.00031003 -1.70000 10.00000 0.8478522301 2.4343794108    0.839  2.147  3.6955  1.949    3  0.000  0.510     0.00     0.00     0.00     0.00     0.00 -1 -2.05e-10      0.00 7.475e-01 2.522e-01 5.607e-05 1.891e-05 1.472e-04 -1.000 3.436e-04 -0.597 0.988 -0.003 -0.607 -0.822 -0.926 -0.961
0.00031003 -1.70000 10.00000 0.8478847742 2.4343893682    0.839  2.174  3.6943  1.917    3  0.000  0.510     0.00     0.00     0.00     0.00     0.00 -1 -2.24e-10      0.00 7.475e-01 2.522e-01 5.606e-05 1.891e-05 1.472e-04 -1.000 3.436e-04 -0.664 0.941 -0.063 -0.672 -0.890 -0.995 -1.031
0.00031003 -1.70000 10.00000 0.8479341865 2.4344044850    0.838  2.216  3.6922  1.866    3  0.000  0.510     0.00     0.00     0.00     0.00     0.00 -1 -2.61e-10      0.00 7.475e-01 2.522e-01 5.606e-05 1.892e-05 1.472e-04 -1.000 3.436e-04 -0.770 0.867 -0.156 -0.775 -0.997 -1.105 -1.141
0.00031003 -1.70000 10.00000 0.8479802012 2.4344185607    0.838  2.257  3.6902  1.817    3  0.000  0.510     0.00     0.00     0.00     0.00     0.00 -1 -3.04e-10      0.00 7.475e-01 2.522e-01 5.606e-05 1.892e-05 1.472e-04 -1.000 3.435e-04 -0.873 0.794 -0.247 -0.876 -1.102 -1.212 -1.250
0.00031003 -1.70000 10.00000 0.8480225801 2.4344315225    0.837  2.298  3.6882  1.767    3  0.000  0.510     0.00     0.00     0.00     0.00     0.00 -1 -3.53e-10      0.00 7.475e-01 2.522e-01 5.606e-05 1.892e-05 1.472e-04 -1.000 3.436e-04 -0.976 0.726 -0.336 -0.975 -1.204 -1.318 -1.357
0.00031003 -1.70000 10.00000 0.8480598927 2.4344429336    0.837  2.337  3.6862  1.721    3  0.000  0.510     0.00     0.00     0.00     0.00     0.00 -1 -4.07e-10      0.00 7.475e-01 2.522e-01 5.606e-05 1.892e-05 1.472e-04 -1.000 3.436e-04 -1.072 0.663 -0.419 -1.068 -1.301 -1.417 -1.457
0.00031003 -1.70000 10.00000 0.8480961919 2.4344540336    0.836  2.377  3.6842  1.673    3  0.000  0.510     0.00     0.00     0.00     0.00     0.00 -1 -4.72e-10      0.00 7.475e-01 2.522e-01 5.606e-05 1.892e-05 1.472e-04 -1.000 3.436e-04 -1.171 0.607 -0.504 -1.166 -1.402 -1.521 -1.562
0.00031003 -1.70000 10.00000 0.8481281996 2.4344638204    0.835  2.414  3.6822  1.627    3  0.000  0.510     0.00     0.00     0.00     0.00     0.00 -1 -5.43e-10      0.00 7.475e-01 2.522e-01 5.606e-05 1.892e-05 1.472e-04 -1.000 3.436e-04 -1.265 0.562 -0.583 -1.258 -1.498 -1.619 -1.662
0.00031003 -1.70000 10.00000 0.8481591344 2.4344732784    0.835  2.453  3.6803  1.580    3  0.000  0.510     0.00     0.00     0.00     0.00     0.00 -1 -6.27e-10      0.00 7.475e-01 2.522e-01 5.606e-05 1.893e-05 1.472e-04 -1.000 3.436e-04 -1.362 0.515 -0.664 -1.354 -1.598 -1.721 -1.765
0.00031003 -1.70000 10.00000 0.8481866121 2.4344816787    0.834  2.490  3.6782  1.534    3  0.000  0.510     0.00     0.00     0.00     0.00     0.00 -1  -7.2e-10      0.00 7.475e-01 2.522e-01 5.606e-05 1.893e-05 1.472e-04 -1.000 3.436e-04 -1.455 0.478 -0.739 -1.445 -1.692 -1.818 -1.864
0.00031003 -1.70000 10.00000 0.8482186794 2.4344914813    0.833  2.536  3.6757  1.478    3  0.000  0.510     7.12     5.62     3.99     3.08     2.49  3 -8.54e-10      0.00 7.475e-01 2.522e-01 5.605e-05 1.893e-05 1.472e-04 -1.000 3.436e-04 -1.569 0.437 -0.829 -1.556 -1.809 -1.939 -1.986
0.00031003 -1.70000 10.00000 0.8482471704 2.4345001900    0.832  2.580  3.6732  1.423    3  0.000  0.510     7.99     6.20     4.38     3.39     2.74  3 -1.01e-09      0.00 7.475e-01 2.522e-01 5.605e-05 1.893e-05 1.472e-04 -1.000 3.436e-04 -1.680 0.406 -0.914 -1.664 -1.922 -2.055 -2.104
0.00031003 -1.70000 10.00000 0.8482695222 2.4345070217    0.831  2.617  3.6711  1.377    3  0.000  0.510     8.80     6.73     4.74     3.67     2.97  3 -1.16e-09      0.00 7.474e-01 2.522e-01 5.605e-05 1.893e-05 1.472e-04 -1.000 3.436e-04 -1.772 0.385 -0.983 -1.754 -2.017 -2.153 -2.203
0.00031003 -1.70000 10.00000 0.8482933044 2.4345142901    0.830  2.659  3.6687  1.325    3  0.000  0.510     9.83     7.40     5.19     4.02     3.26  3 -1.36e-09      0.00 7.474e-01 2.522e-01 5.605e-05 1.893e-05 1.472e-04 -1.000 3.435e-04 -1.878 0.366 -1.059 -1.856 -2.125 -2.264 -2.316
0.00031003 -1.70000 10.00000 0.8483123779 2.4345201191    0.829  2.696  3.6666  1.279    3  0.000  0.510    10.82     8.03     5.61     4.36     3.53  3 -1.55e-09      0.00 7.474e-01 2.522e-01 5.605e-05 1.893e-05 1.472e-04 -1.000 3.436e-04 -1.969 0.356 -1.123 -1.943 -2.218 -2.360 -2.413
0.00031003 -1.70000 10.00000 0.8483324051 2.4345262392    0.827  2.736  3.6641  1.228    3  0.000  0.510    12.04     8.80     6.13     4.76     3.86  3 -1.81e-09      0.00 7.474e-01 2.522e-01 5.605e-05 1.893e-05 1.472e-04 -1.000 3.436e-04 -2.070 0.350 -1.192 -2.039 -2.321 -2.467 -2.522
0.00031003 -1.70000 10.00000 0.8483516574 2.4345321222    0.826  2.778  3.6616  1.176    3  0.000  0.510    13.45     9.68     6.70     5.22     4.23  2 -2.12e-09      0.00 7.474e-01 2.522e-01 5.605e-05 1.893e-05 1.472e-04 -1.000 3.436e-04 -2.174 0.351 -1.260 -2.138 -2.427 -2.576 -2.633
0.00031003 -1.70000 10.00000 0.8483695984 2.4345376043    0.824  2.819  3.6590  1.123    3  0.000  0.510    15.03    10.65     7.34     5.72     4.64  2 -2.48e-09      0.00 7.474e-01 2.522e-01 5.605e-05 1.894e-05 1.472e-04 -1.000 3.436e-04 -2.279 0.363 -1.324 -2.236 -2.532 -2.686 -2.745
0.00031003 -1.70000 10.00000 0.8483851552 2.4345423576    0.823  2.858  3.6566  1.074    3  0.000  0.510    16.66    11.62     7.99     6.23     5.05  2 -2.87e-09      0.00 7.474e-01 2.522e-01 5.605e-05 1.894e-05 1.472e-04 -1.000 3.435e-04 -2.375 0.359 -1.385 -2.324 -2.628 -2.786 -2.846
0.00031003 -1.70000 10.00000 0.8484004736 2.4345470378    0.821  2.898  3.6540  1.022    3  0.000  0.510    18.57    12.76     8.73     6.82     5.53  2 -3.35e-09      0.00 7.474e-01 2.522e-01 5.605e-05 1.894e-05 1.472e-04 -1.000 3.435e-04 -2.476 0.343 -1.451 -2.415 -2.726 -2.889 -2.951
0.00031003 -1.70000 10.00000 0.8484137058 2.4345510805    0.819  2.936  3.6516  0.974    3  0.000  0.510    20.55    13.90     9.48     7.42     6.01  2 -3.86e-09      0.00 7.474e-01 2.522e-01 5.605e-05 1.894e-05 1.472e-04 -1.000 3.436e-04 -2.569 0.334 -1.508 -2.498 -2.817 -2.984 -3.049
0.00031003 -1.70000 10.00000 0.8484265208 2.4345549956    0.817  2.974  3.6492  0.925    3  0.000  0.510    22.77    15.18    10.31     8.08     6.55  2 -4.47e-09      0.00 7.474e-01 2.522e-01 5.605e-05 1.894e-05 1.472e-04 -1.000 3.436e-04 -2.665 0.326 -1.566 -2.583 -2.910 -3.082 -3.149
0.00031003 -1.70000 10.00000 0.8484385610 2.4345586739    0.814  3.012  3.6465  0.875    3  0.000  0.510    25.32    16.62    11.23     8.82     7.15  2 -5.18e-09      0.00 7.474e-01 2.522e-01 5.605e-05 1.894e-05 1.472e-04 -1.000 3.435e-04 -2.761 0.327 -1.618 -2.665 -3.002 -3.179 -3.248
0.00031003 -1.70000 10.00000 0.8484490514 2.4345618786    0.812  3.048  3.6442  0.829    3  0.000  0.510    27.88    18.05    12.15     9.55     7.75  1 -5.94e-09      0.00 7.474e-01 2.522e-01 5.605e-05 1.894e-05 1.472e-04 -1.000 3.435e-04 -2.850 0.323 -1.669 -2.742 -3.087 -3.269 -3.340
0.00031003 -1.70000 10.00000 0.8484591842 2.4345649740    0.809  3.084  3.6418  0.781    3  0.000  0.510    30.79    19.64    13.17    10.37     8.41  1 -6.82e-09      0.00 7.474e-01 2.522e-01 5.605e-05 1.894e-05 1.472e-04 -1.000 3.436e-04 -2.940 0.321 -1.720 -2.820 -3.174 -3.360 -3.433
0.00031003 -1.70000 10.00000 0.8484687805 2.4345679054    0.807  3.120  3.6392  0.733    3  0.000  0.510    34.05    21.40    14.30    11.27     9.15  1 -7.85e-09      0.00 7.474e-01 2.522e-01 5.605e-05 1.894e-05 1.472e-04 -1.000 3.435e-04 -3.030 0.324 -1.767 -2.896 -3.259 -3.451 -3.526
0.00031003 -1.70000 10.00000 0.8484774232 2.4345705454    0.804  3.154  3.6369  0.689    3  0.000  0.510    37.40    23.18    15.43    12.18     9.89  1 -8.95e-09      0.00 7.474e-01 2.522e-01 5.605e-05 1.894e-05 1.472e-04 -1.000 3.435e-04 -3.116 0.324 -1.811 -2.967 -3.340 -3.536 -3.614
0.00031003 -1.70000 10.00000 0.8484860659 2.4345731854    0.800  3.190  3.6344  0.641    3  0.000  0.510    41.35    25.25    16.74    13.23    10.74  1 -1.03e-08      0.00 7.474e-01 2.522e-01 5.605e-05 1.894e-05 1.472e-04 -1.000 3.436e-04 -3.206 0.327 -1.854 -3.041 -3.424 -3.626 -3.706
0.00031003 -1.70000 10.00000 0.8484937549 2.4345755340    0.797  3.224  3.6321  0.596    3  0.000  0.510    45.44    27.36    18.07    14.30    11.62  1 -1.18e-08      0.00 7.474e-01 2.522e-01 5.605e-05 1.894e-05 1.472e-04 -1.000 3.435e-04 -3.290 0.331 -1.894 -3.111 -3.502 -3.710 -3.792
0.00031003 -1.70000 10.00000 0.8485012650 2.4345778280    0.793  3.257  3.6298  0.551    3  0.000  0.510    49.87    29.61    19.49    15.44    12.54  1 -1.34e-08      0.00 7.474e-01 2.522e-01 5.605e-05 1.894e-05 1.472e-04 -1.000 3.436e-04 -3.373 0.334 -1.934 -3.179 -3.580 -3.792 -3.876
0.00031003 -1.70000 10.00000 0.8485075235 2.4345797396    0.789  3.283  3.6280  0.516    3  0.000  0.510    53.72    31.54    20.70    16.42    13.34  1  -1.5e-08      0.00 7.474e-01 2.522e-01 5.605e-05 1.894e-05 1.472e-04 -1.000 3.436e-04 -3.439 0.334 -1.965 -3.232 -3.641 -3.857 -3.943
0.00031003 -1.70000 10.00000 0.8485075235 2.4345797396    0.789  1.740  3.7793  2.664    4  0.000  0.527     0.00     0.00     0.00     0.00     0.00 -1    -1e-30      0.00 7.478e-01 2.518e-01 5.873e-05 1.710e-05 1.489e-04 -1.000 3.436e-04 0.419 1.255 0.655 0.375 0.305 0.292 0.295
0.00031003 -1.70000 10.00000 0.8485659957 2.4345975977    0.789  1.761  3.7733  2.620    4  0.000  0.527     0.00     0.00     0.00     0.00     0.00 -1    -1e-30      0.00 7.478e-01 2.518e-01 5.873e-05 1.710e-05 1.489e-04 -1.000 3.435e-04 0.369 1.241 0.625 0.324 0.243 0.225 0.225
0.00031003 -1.70000 10.00000 0.8486228585 2.4346149616    0.789  1.763  3.7733  2.618    4  0.000  0.527     0.00     0.00     0.00     0.00     0.00 -1    -1e-30      0.00 7.478e-01 2.518e-01 5.873e-05 1.711e-05 1.489e-04 -1.000 3.435e-04 0.363 1.236 0.620 0.319 0.238 0.219 0.220
0.00031003 -1.70000 10.00000 0.8486817479 2.4346329416    0.789  1.764  3.7737  2.618    4  0.000  0.527     0.00     0.00     0.00     0.00     0.00 -1    -1e-30      0.00 7.478e-01 2.518e-01 5.873e-05 1.711e-05 1.489e-04 -1.000 3.436e-04 0.360 1.230 0.615 0.316 0.236 0.218 0.218
0.00031003 -1.70000 10.00000 0.8487400413 2.4346507367    0.789  1.765  3.7744  2.620    4  0.000  0.527     0.00     0.00     0.00     0.00     0.00 -1    -1e-30      0.00 7.478e-01 2.518e-01 5.873e-05 1.711e-05 1.489e-04 -1.000 3.435e-04 0.359 1.224 0.611 0.314 0.235 0.218 0.219
0.00031003 -1.70000 10.00000 0.8487988710 2.4346686927    0.789  1.765  3.7754  2.624    4  0.000  0.527     0.00     0.00     0.00     0.00     0.00 -1    -1e-30      0.00 7.478e-01 2.518e-01 5.873e-05 1.711e-05 1.489e-04 -1.000 3.436e-04 0.358 1.217 0.607 0.313 0.236 0.220 0.221
0.00031003 -1.70000 10.00000 0.8488584757 2.4346868824    0.790  1.765  3.7766  2.629    4  0.000  0.527     0.00     0.00     0.00     0.00     0.00 -1    -1e-30      0.00 7.478e-01 2.518e-01 5.873e-05 1.711e-05 1.489e-04 -1.000 3.436e-04 0.358 1.209 0.602 0.313 0.239 0.223 0.225
0.00031003 -1.70000 10.00000 0.8489174843 2.4347048872    0.790  1.764  3.7780  2.635    4  0.000  0.527     0.00     0.00     0.00     0.00     0.00 -1    -1e-30      0.00 7.478e-01 2.518e-01 5.873e-05 1.711e-05 1.489e-04 -1.000 3.436e-04 0.359 1.202 0.598 0.314 0.242 0.228 0.230
0.00031003 -1.70000 10.00000 0.8489777446 2.4347232710    0.790  1.764  3.7795  2.641    4  0.000  0.527     0.00     0.00     0.00     0.00     0.00 -1    -1e-30      0.00 7.478e-01 2.518e-01 5.873e-05 1.711e-05 1.489e-04 -1.000 3.436e-04 0.360 1.193 0.594 0.315 0.246 0.233 0.236
0.00031003 -1.70000 10.00000 0.8490370512 2.4347413609    0.790  1.763  3.7810  2.648    4  0.000  0.527     0.00     0.00     0.00     0.00     0.00 -1    -1e-30      0.00 7.478e-01 2.519e-01 5.873e-05 1.711e-05 1.489e-04 -1.000 3.436e-04 0.361 1.186 0.590 0.316 0.250 0.238 0.242
0.00031003 -1.70000 10.00000 0.8490920663 2.4347581392    0.790  1.763  3.7823  2.654    4  0.000  0.527     0.00     0.00     0.00     0.00     0.00 -1    -1e-30      0.00 7.478e-01 2.519e-01 5.872e-05 1.711e-05 1.489e-04 -1.000 3.436e-04 0.362 1.180 0.586 0.317 0.253 0.243 0.247
0.00031003 -1.70000 10.00000 0.8491536975 2.4347769323    0.790  1.763  3.7836  2.659    4  0.000  0.527     0.00     0.00     0.00     0.00     0.00 -1    -1e-30      0.00 7.478e-01 2.519e-01 5.872e-05 1.711e-05 1.489e-04 -1.000 3.435e-04 0.363 1.174 0.582 0.318 0.256 0.247 0.252
0.00031003 -1.70000 10.00000 0.8492149115 2.4347955950    0.790  1.762  3.7847  2.664    4  0.000  0.527     0.00     0.00     0.00     0.00     0.00 -1    -1e-30      0.00 7.478e-01 2.519e-01 5.872e-05 1.711e-05 1.489e-04 -1.000 3.435e-04 0.364 1.169 0.579 0.319 0.259 0.251 0.256
0.00031003 -1.70000 10.00000 0.8492743969 2.4348137278    0.790  1.762  3.7855  2.667    4  0.000  0.527     0.00     0.00     0.00     0.00     0.00 -1    -1e-30      0.00 7.478e-01 2.519e-01 5.872e-05 1.711e-05 1.489e-04 -1.000 3.435e-04 0.364 1.165 0.576 0.319 0.260 0.253 0.258
0.00031003 -1.70000 10.00000 0.8493341208 2.4348319304    0.790  1.762  3.7860  2.669    4  0.000  0.527     0.00     0.00     0.00     0.00     0.00 -1    -1e-30      0.00 7.478e-01 2.519e-01 5.872e-05 1.711e-05 1.489e-04 -1.000 3.435e-04 0.364 1.162 0.574 0.319 0.261 0.254 0.260
0.00031003 -1.70000 10.00000 0.8493407369 2.4348339467    0.790  1.763  3.7860  2.669    4  0.000  0.527     0.00     0.00     0.00     0.00     0.00 -1    -1e-30      0.00 7.478e-01 2.519e-01 5.872e-05 1.711e-05 1.489e-04 -1.000 3.436e-04 0.364 1.161 0.574 0.319 0.261 0.254 0.260
0.00031003 -1.70000 10.00000 0.8493954539 2.4348506203    0.790  1.763  3.7860  2.668    4  0.000  0.527     0.00     0.00     0.00     0.00     0.00 -1    -1e-30      0.00 7.478e-01 2.519e-01 5.872e-05 1.711e-05 1.489e-04 -1.000 3.435e-04 0.363 1.161 0.573 0.318 0.260 0.253 0.258
0.00031003 -1.70000 10.00000 0.8494549990 2.4348687624    0.790  1.764  3.7856  2.666    4  0.000  0.527     0.00     0.00     0.00     0.00     0.00 -1    -1e-30      0.00 7.478e-01 2.519e-01 5.872e-05 1.711e-05 1.489e-04 -1.000 3.436e-04 0.361 1.161 0.573 0.316 0.257 0.250 0.255
0.00031003 -1.70000 10.00000 0.8495131731 2.4348864840    0.790  1.765  3.7848  2.662    4  0.000  0.527     0.00     0.00     0.00     0.00     0.00 -1    -1e-30      0.00 7.478e-01 2.519e-01 5.872e-05 1.711e-05 1.489e-04 -1.000 3.435e-04 0.358 1.162 0.573 0.313 0.253 0.245 0.251
0.00031003 -1.70000 10.00000 0.8495686054 2.4349033678    0.790  1.766  3.7837  2.657    4  0.000  0.527     0.00     0.00     0.00     0.00     0.00 -1    -1e-30      0.00 7.478e-01 2.519e-01 5.872e-05 1.711e-05 1.489e-04 -1.000 3.436e-04 0.355 1.165 0.574 0.310 0.248 0.239 0.244
0.00031003 -1.70000 10.00000 0.8496258259 2.4349207935    0.790  1.768  3.7821  2.649    4  0.000  0.527     0.00     0.00     0.00     0.00     0.00 -1    -1e-30      0.00 7.478e-01 2.519e-01 5.872e-05 1.711e-05 1.489e-04 -1.000 3.436e-04 0.351 1.170 0.575 0.306 0.241 0.231 0.235
0.00031003 -1.70000 10.00000 0.8496867418 2.4349393417    0.790  1.770  3.7800  2.638    4  0.000  0.527     0.00     0.00     0.00     0.00     0.00 -1    -1e-30      0.00 7.478e-01 2.519e-01 5.872e-05 1.711e-05 1.489e-04 -1.000 3.436e-04 0.346 1.175 0.577 0.301 0.232 0.220 0.223
0.00031003 -1.70000 10.00000 0.8497439027 2.4349567437    0.790  1.772  3.7777  2.627    4  0.000  0.527     0.00     0.00     0.00     0.00     0.00 -1    -1e-30      0.00 7.478e-01 2.519e-01 5.872e-05 1.711e-05 1.489e-04 -1.000 3.435e-04 0.340 1.183 0.579 0.294 0.222 0.208 0.210
0.00031003 -1.70000 10.00000 0.8497704268 2.4349648178    0.790  1.773  3.7766  2.621    4  0.000  0.527     0.00     0.00     0.00     0.00     0.00 -1    -1e-30      0.00 7.478e-01 2.519e-01 5.872e-05 1.711e-05 1.489e-04 -1.000 3.435e-04 0.337 1.188 0.580 0.291 0.217 0.201 0.203
0.00031003 -1.70000 10.00000 0.8498221040 2.4349805469    0.791  1.776  3.7742  2.609    4  0.000  0.527     0.00     0.00     0.00     0.00     0.00 -1    -1e-30      0.00 7.478e-01 2.519e-01 5.872e-05 1.711e-05 1.489e-04 -1.000 3.435e-04 0.330 1.196 0.582 0.285 0.206 0.188 0.189
0.00031003 -1.70000 10.00000 0.8498767614 2.4349971807    0.791  1.779  3.7716  2.595    4  0.000  0.527     0.00     0.00     0.00     0.00     0.00 -1    -1e-30      0.00 7.478e-01 2.519e-01 5.872e-05 1.711e-05 1.489e-04 -1.000 3.435e-04 0.321 1.204 0.583 0.277 0.193 0.173 0.173
0.00031003 -1.70000 10.00000 0.8499307632 2.4350136126    0.791  1.783  3.7692  2.582    4  0.000  0.527     0.00     0.00     0.00     0.00     0.00 -1    -1e-30      0.00 7.478e-01 2.519e-01 5.872e-05 1.711e-05 1.489e-04 -1.000 3.436e-04 0.313 1.210 0.583 0.268 0.180 0.158 0.157
0.00031003 -1.70000 10.00000 0.8499860764 2.4350304410    0.791  1.787  3.7667  2.568    4  0.000  0.527     0.00     0.00     0.00     0.00     0.00 -1    -1e-30      0.00 7.478e-01 2.519e-01 5.872e-05 1.711e-05 1.489e-04 -1.000 3.436e-04 0.303 1.217 0.583 0.258 0.166 0.141 0.139
0.00031003 -1.70000 10.00000 0.8500388265 2.4350464873    0.791  1.791  3.7645  2.555    4  0.000  0.527     0.00     0.00     0.00     0.00     0.00 -1    -1e-30      0.00 7.477e-01 2.519e-01 5.872e-05 1.711e-05 1.489e-04 -1.000 3.435e-04 0.292 1.220 0.581 0.248 0.152 0.125 0.122
0.00031003 -1.70000 10.00000 0.8500915766 2.4350625313    0.791  1.795  3.7626  2.543    4  0.000  0.527     0.00     0.00     0.00     0.00     0.00 -1    -1e-30      0.00 7.477e-01 2.519e-01 5.872e-05 1.711e-05 1.489e-04 -1.000 3.435e-04 0.282 1.222 0.577 0.238 0.139 0.110 0.106
0.00031003 -1.70000 10.00000 0.8501436710 2.4350783737    0.791  1.800  3.7604  2.529    4  0.000  0.527     0.00     0.00     0.00     0.00     0.00 -1    -1e-30      0.00 7.477e-01 2.519e-01 5.872e-05 1.711e-05 1.489e-04 -1.000 3.436e-04 0.269 1.223 0.572 0.225 0.122 0.091 0.087
0.00031003 -1.70000 10.00000 0.8501964808 2.4350944313    0.791  1.807  3.7580  2.513    4  0.000  0.527     0.00     0.00     0.00     0.00     0.00 -1    -1e-30      0.00 7.477e-01 2.519e-01 5.872e-05 1.711e-05 1.489e-04 -1.000 3.436e-04 0.253 1.223 0.565 0.209 0.102 0.068 0.063
0.00031003 -1.70000 10.00000 0.8502489924 2.4351103960    0.791  1.814  3.7557  2.497    4  0.000  0.527     0.00     0.00     0.00     0.00     0.00 -1    -1e-30      0.00 7.477e-01 2.519e-01 5.872e-05 1.711e-05 1.489e-04 -1.000 3.436e-04 0.234 1.222 0.556 0.192 0.080 0.044 0.038
0.00031003 -1.70000 10.00000 0.8502833843 2.4351208506    0.791  1.817  3.7554  2.493    4  0.000  0.527     0.00     0.00     0.00     0.00     0.00 -1    -1e-30      0.00 7.477e-01 2.519e-01 5.872e-05 1.712e-05 1.489e-04 -1.000 3.436e-04 0.228 1.218 0.552 0.186 0.074 0.038 0.031
0.00031003 -1.70000 10.00000 0.8503351212 2.4351365761    0.791  1.828  3.7519  2.467    4  0.000  0.527     0.00     0.00     0.00     0.00     0.00 -1    -1e-30      0.00 7.477e-01 2.519e-01 5.872e-05 1.712e-05 1.489e-04 -1.000 3.436e-04 0.199 1.214 0.535 0.157 0.039 -0.001 -0.009
0.00031003 -1.70000 10.00000 0.8503887057 2.4351528608    0.791  1.845  3.7479  2.435    4  0.000  0.527     0.00     0.00     0.00     0.00     0.00 -1    -1e-30      0.00 7.477e-01 2.519e-01 5.872e-05 1.712e-05 1.489e-04 -1.000 3.435e-04 0.158 1.202 0.509 0.116 -0.008 -0.052 -0.062
0.00031003 -1.70000 10.00000 0.8504410386 2.4351687628    0.791  1.872  3.7424  2.386    4  0.000  0.527     0.00     0.00     0.00     0.00     0.00 -1    -1e-30      0.00 7.477e-01 2.519e-01 5.872e-05 1.712e-05 1.489e-04 -1.000 3.435e-04 0.090 1.176 0.462 0.050 -0.084 -0.134 -0.146
0.00031003 -1.70000 10.00000 0.8504726291 2.4351783610    0.791  1.903  3.7369  2.333    4  0.000  0.527     0.00     0.00     0.00     0.00     0.00 -1    -1e-30      0.00 7.477e-01 2.519e-01 5.872e-05 1.712e-05 1.489e-04 -1.000 3.436e-04 0.012 1.145 0.406 -0.027 -0.170 -0.226 -0.240
0.00031003 -1.70000 10.00000 0.8504885435 2.4351831959    0.791  1.937  3.7315  2.277    4  0.000  0.527     0.00     0.00     0.00     0.00     0.00 -1    -1e-30      0.00 7.477e-01 2.519e-01 5.872e-05 1.712e-05 1.489e-04 -1.000 3.435e-04 -0.073 1.107 0.342 -0.111 -0.263 -0.325 -0.342
0.00031003 -1.70000 10.00000 0.8504952788 2.4351852421    0.791  1.972  3.7267  2.224    4  0.000  0.527     0.00     0.00     0.00     0.00     0.00 -1    -1e-30      0.00 7.477e-01 2.519e-01 5.872e-05 1.712e-05 1.489e-04 -1.000 3.436e-04 -0.159 1.067 0.276 -0.196 -0.356 -0.422 -0.441
0.00031003 -1.70000 10.00000 0.8504983783 2.4351861837    0.791  2.006  3.7225  2.172    4  0.000  0.527     0.00     0.00     0.00     0.00     0.00 -1    -1e-30      0.00 7.477e-01 2.519e-01 5.872e-05 1.712e-05 1.489e-04 -1.000 3.435e-04 -0.246 1.022 0.208 -0.281 -0.448 -0.519 -0.540
0.00031003 -1.70000 10.00000 0.8504999280 2.4351866545    0.791  2.038  3.7191  2.126    4  0.000  0.527     0.00     0.00     0.00     0.00     0.00 -1    -1e-30      0.00 7.477e-01 2.519e-01 5.872e-05 1.712e-05 1.489e-04 -1.000 3.436e-04 -0.326 0.976 0.143 -0.359 -0.532 -0.607 -0.630
0.00031003 -1.70000 10.00000 0.8504999876 2.4351866726    0.791  2.041  3.7189  2.123    7  0.000  0.527     0.00     0.00     0.00     0.00     0.00 -1    -1e-30      0.00 7.477e-01 2.519e-01 5.872e-05 1.712e-05 1.489e-04 -1.000 3.436e-04 -0.332 0.973 0.138 -0.365 -0.538 -0.613 -0.636
0.00031003 -1.70000 10.00000 0.8505007029 2.4351868899    0.791  2.064  3.7168  2.091    7  0.000  0.527     0.00     0.00     0.00     0.00     0.00 -1    -1e-30      0.00 7.477e-01 2.519e-01 5.872e-05 1.712e-05 1.489e-04 -1.000 3.435e-04 -0.391 0.937 0.089 -0.423 -0.600 -0.677 -0.701
0.00031003 -1.70000 10.00000 0.8505019546 2.4351872702    0.791  2.110  3.7131  2.031    7  0.000  0.527     0.00     0.00     0.00     0.00     0.00 -1    -1e-30      0.00 7.477e-01 2.519e-01 5.872e-05 1.712e-05 1.489e-04 -1.000 3.436e-04 -0.505 0.864 -0.008 -0.534 -0.718 -0.800 -0.825
0.00031003 -1.70000 10.00000 0.8505029678 2.4351875780    0.791  2.148  3.7103  1.982    7  0.000  0.527     0.00     0.00     0.00     0.00     0.00 -1    -1e-30      0.00 7.477e-01 2.519e-01 5.872e-05 1.712e-05 1.489e-04 -1.000 3.435e-04 -0.599 0.803 -0.088 -0.627 -0.815 -0.901 -0.928
0.00031003 -1.70000 10.00000 0.8505040407 2.4351879039    0.791  2.183  3.7077  1.936    7  0.000  0.527     0.00     0.00     0.00     0.00     0.00 -1    -1e-30      0.00 7.477e-01 2.519e-01 5.872e-05 1.712e-05 1.489e-04 -1.000 3.436e-04 -0.687 0.749 -0.162 -0.713 -0.905 -0.994 -1.023
0.00031003 -1.70000 10.00000 0.8505064845 2.4351886463    0.791  2.201  3.7066  1.914    7  0.000  0.527     0.00     0.00     0.00     0.00     0.00 -1    -1e-30      0.00 7.477e-01 2.519e-01 5.872e-05 1.712e-05 1.489e-04 -1.000 3.436e-04 -0.733 0.719 -0.201 -0.757 -0.952 -1.042 -1.071
0.00031003 -1.70000 10.00000 0.8505085707 2.4351892801    0.791  2.182  3.7081  1.939    7  0.000  0.527     0.00     0.00     0.00     0.00     0.00 -1    -1e-30      0.00 7.477e-01 2.519e-01 5.872e-05 1.712e-05 1.489e-04 -1.000 3.436e-04 -0.684 0.747 -0.161 -0.710 -0.902 -0.990 -1.018
0.00031003 -1.70000 10.00000 0.8505164385 2.4351916702    0.791  2.157  3.7099  1.971    7  0.000  0.527     0.00     0.00     0.00     0.00     0.00 -1    -1e-30      0.00 7.477e-01 2.519e-01 5.872e-05 1.712e-05 1.489e-04 -1.000 3.435e-04 -0.622 0.785 -0.109 -0.650 -0.839 -0.925 -0.952
0.00031003 -1.70000 10.00000 0.8505498767 2.4352018276    0.791  2.182  3.7077  1.937    7  0.000  0.527     0.00     0.00     0.00     0.00     0.00 -1    -1e-30      0.00 7.477e-01 2.519e-01 5.872e-05 1.712e-05 1.489e-04 -1.000 3.435e-04 -0.685 0.751 -0.160 -0.710 -0.903 -0.992 -1.020
0.00031003 -1.70000 10.00000 0.8505700827 2.4352079650    0.791  2.225  3.7045  1.882    7  0.000  0.527     0.00     0.00     0.00     0.00     0.00 -1    -1e-30      0.00 7.477e-01 2.519e-01 5.872e-05 1.712e-05 1.489e-04 -1.000 3.435e-04 -0.791 0.688 -0.249 -0.814 -1.013 -1.105 -1.136
0.00031003 -1.70000 10.00000 0.8505858779 2.4352127625    0.791  2.261  3.7019  1.835    7  0.000  0.527     0.00     0.00     0.00     0.00     0.00 -1    -1e-30      0.00 7.477e-01 2.519e-01 5.872e-05 1.712e-05 1.489e-04 -1.000 3.435e-04 -0.883 0.632 -0.326 -0.903 -1.107 -1.203 -1.234
0.00031003 -1.70000 10.00000 0.8506042957 2.4352183563    0.791  2.303  3.6990  1.781    7  0.000  0.527     0.00     0.00     0.00     0.00     0.00 -1    -1e-30      0.00 7.477e-01 2.519e-01 5.872e-05 1.712e-05 1.489e-04 -1.000 3.436e-04 -0.988 0.568 -0.414 -1.005 -1.214 -1.313 -1.347
0.00031003 -1.70000 10.00000 0.8506220579 2.4352237507    0.791  2.345  3.6962  1.728    7  0.000  0.527     0.00     0.00     0.00     0.00     0.00 -1    -1e-30      0.00 7.477e-01 2.519e-01 5.872e-05 1.712e-05 1.489e-04 -1.000 3.436e-04 -1.092 0.505 -0.502 -1.106 -1.320 -1.423 -1.458
0.00031003 -1.70000 10.00000 0.8506379724 2.4352285837    0.791  2.386  3.6935  1.676    7  0.000  0.527     0.00     0.00     0.00     0.00     0.00 -1    -1e-30      0.00 7.477e-01 2.519e-01 5.872e-05 1.712e-05 1.489e-04 -1.000 3.435e-04 -1.196 0.443 -0.588 -1.206 -1.425 -1.532 -1.568
0.00031003 -1.70000 10.00000 0.8506520987 2.4352328735    0.791  2.427  3.6908  1.624    7  0.000  0.527     0.00     0.00     0.00     0.00     0.00 -1    -1e-30      0.00 7.477e-01 2.520e-01 5.869e-05 1.713e-05 1.489e-04 -1.000 3.436e-04 -1.299 0.382 -0.674 -1.305 -1.530 -1.640 -1.678
0.00031003 -1.70000 10.00000 0.8506646752 2.4352366925    0.791  2.468  3.6881  1.572    7  0.000  0.525     0.00     0.00     0.00     0.00     0.00 -1    -1e-30      0.00 7.477e-01 2.520e-01 5.857e-05 1.718e-05 1.489e-04 -1.000 3.436e-04 -1.401 0.324 -0.759 -1.403 -1.632 -1.746 -1.786
0.00031003 -1.70000 10.00000 0.8506761193 2.4352401676    0.791  2.509  3.6854  1.521    7  0.000  0.521     6.39     5.13     3.65     2.82     2.28  3    -1e-30      0.00 7.476e-01 2.520e-01 5.821e-05 1.744e-05 1.489e-04 -1.000 3.435e-04 -1.504 0.268 -0.843 -1.501 -1.736 -1.853 -1.894
0.00031003 -1.70000 10.00000 0.8506863713 2.4352432806    0.792  2.550  3.6827  1.469    7  0.000  0.513     7.13     5.63     3.99     3.09     2.50  3    -1e-30      0.00 7.476e-01 2.521e-01 5.743e-05 1.820e-05 1.489e-04 -1.000 3.436e-04 -1.605 0.234 -0.923 -1.601 -1.841 -1.962 -2.005
0.00031003 -1.70000 10.00000 0.8506957889 2.4352461401    0.792  2.591  3.6800  1.418    7  0.000  0.502     7.95     6.18     4.37     3.38     2.74  3    -1e-30      0.00 7.475e-01 2.522e-01 5.623e-05 1.958e-05 1.489e-04 -1.000 3.406e-04 -1.707 0.204 -1.002 -1.701 -1.946 -2.070 -2.115
0.00031003 -1.70000 10.00000 0.8507043719 2.4352487461    0.792  2.631  3.6773  1.366    7  0.000  0.490     8.86     6.78     4.77     3.70     2.99  3    -1e-30      0.00 7.473e-01 2.523e-01 5.500e-05 2.108e-05 1.489e-04 -1.000 3.334e-04 -1.808 0.184 -1.077 -1.799 -2.050 -2.178 -2.224
0.00031003 -1.70000 10.00000 0.8507123590 2.4352511712    0.792  2.671  3.6746  1.315    7  0.000  0.480     9.88     7.44     5.21     4.04     3.27  3    -1e-30      0.00 7.472e-01 2.525e-01 5.390e-05 2.243e-05 1.489e-04 -1.000 3.342e-04 -1.909 0.170 -1.149 -1.896 -2.153 -2.285 -2.333
0.00031003 -1.70000 10.00000 0.8507200480 2.4352535057    0.792  2.712  3.6718  1.264    7  0.000  0.471    11.01     8.16     5.69     4.42     3.58  3    -1e-30      0.00 7.471e-01 2.526e-01 5.291e-05 2.365e-05 1.489e-04 -1.000 3.413e-04 -2.009 0.164 -1.218 -1.993 -2.257 -2.392 -2.442
0.00031003 -1.70000 10.00000 0.8507274389 2.4352557497    0.792  2.752  3.6690  1.213    7  0.000  0.464    12.26     8.94     6.21     4.84     3.92  2    -1e-30      0.00 7.469e-01 2.527e-01 5.208e-05 2.468e-05 1.489e-04 -1.000 3.234e-04 -2.109 0.164 -1.284 -2.089 -2.359 -2.499 -2.550
0.00031003 -1.70000 10.00000 0.8507345915 2.4352579212    0.792  2.792  3.6662  1.161    7  0.000  0.457    13.69     9.82     6.79     5.30     4.29  2    -1e-30      0.00 7.468e-01 2.529e-01 5.134e-05 2.559e-05 1.489e-04 -1.000 3.129e-04 -2.210 0.170 -1.349 -2.185 -2.463 -2.606 -2.660
0.00031003 -1.70000 10.00000 0.8507411480 2.4352599117    0.792  2.833  3.6633  1.109    7  0.000  0.451    15.30    10.80     7.44     5.81     4.71  2    -1e-30      0.00 7.467e-01 2.530e-01 5.069e-05 2.639e-05 1.489e-04 -1.000 3.430e-04 -2.313 0.186 -1.411 -2.281 -2.567 -2.715 -2.771
0.00031003 -1.70000 10.00000 0.8507471681 2.4352617394    0.792  2.875  3.6603  1.055    7  0.000  0.446    17.16    11.91     8.17     6.39     5.18  2    -1e-30      0.00 7.465e-01 2.532e-01 5.011e-05 2.711e-05 1.488e-04 -1.000 3.434e-04 -2.418 0.211 -1.471 -2.380 -2.675 -2.827 -2.885
0.00031003 -1.70000 10.00000 0.8507524729 2.4352633499    0.792  2.919  3.6572  0.998    7  0.000  0.442    19.34    13.19     9.00     7.05     5.72  2    -1e-30      0.00 7.463e-01 2.533e-01 4.960e-05 2.776e-05 1.487e-04 -1.000 3.435e-04 -2.527 0.238 -1.531 -2.479 -2.784 -2.941 -3.002
0.00031003 -1.70000 10.00000 0.8507565856 2.4352645984    0.792  2.960  3.6541  0.944    7  0.000  0.439    21.67    14.54     9.88     7.75     6.28  2    -1e-30      0.00 7.462e-01 2.535e-01 4.919e-05 2.831e-05 1.486e-04 -1.000 3.435e-04 -2.631 0.239 -1.589 -2.570 -2.885 -3.048 -3.111
0.00031003 -1.70000 10.00000 0.8507599831 2.4352656298    0.792  2.999  3.6513  0.895    7  0.000  0.436    24.07    15.90    10.76     8.45     6.85  2    -1e-30      0.00 7.460e-01 2.536e-01 4.887e-05 2.877e-05 1.484e-04 -1.000 3.436e-04 -2.727 0.242 -1.641 -2.652 -2.977 -3.146 -3.211
0.00031003 -1.70000 10.00000 0.8507634401 2.4352666793    0.792  3.038  3.6483  0.844    7  0.000  0.435    26.83    17.45    11.76     9.25     7.50  1    -1e-30      0.00 7.459e-01 2.538e-01 4.861e-05 2.919e-05 1.482e-04 -1.000 3.435e-04 -2.825 0.247 -1.694 -2.737 -3.072 -3.246 -3.314
0.00031003 -1.70000 10.00000 0.8507664800 2.4352676022    0.792  3.091  3.6442  0.775    7  0.000  0.434    31.05    19.76    13.25    10.43     8.47  1    -1e-30      0.00 7.458e-01 2.539e-01 4.840e-05 2.957e-05 1.480e-04 -1.000 3.434e-04 -2.957 0.255 -1.762 -2.848 -3.197 -3.379 -3.450
0.00031003 -1.70000 10.00000 0.8507693410 2.4352684707    0.792  3.184  3.6371  0.653    7  0.000  0.432    40.18    24.62    16.34    12.91    10.48  1    -1e-30      0.00 7.453e-01 2.543e-01 4.801e-05 3.069e-05 1.473e-04 -1.000 3.430e-04 -3.189 0.274 -1.875 -3.041 -3.415 -3.612 -3.689
0.00031003 -1.70000 10.00000 0.8507695794 2.4352685431    0.792  3.204  3.6354  0.626    7  0.000  0.432    42.57    25.87    17.13    13.55    11.00  1    -1e-30      0.00 7.453e-01 2.544e-01 4.799e-05 3.075e-05 1.472e-04 -1.000 3.428e-04 -3.240 0.283 -1.896 -3.081 -3.462 -3.662 -3.742
0.00031003 -1.70000 10.00000 0.8507696986 2.4352685793    0.792  3.226  3.6335  0.596    7  0.000  0.431    45.33    27.29    18.03    14.27    11.59  1    -1e-30      0.00 7.451e-01 2.545e-01 4.763e-05 3.163e-05 1.467e-04 -1.000 3.428e-04 -3.296 0.293 -1.918 -3.124 -3.512 -3.717 -3.798
0.00031003 -1.70000 10.00000 0.8507700562 2.4352686878    0.792  3.261  3.6305  0.550    7  0.000  0.430    50.03    29.69    19.54    15.48    12.58  1    -1e-30      0.00 7.449e-01 2.547e-01 4.729e-05 3.256e-05 1.461e-04 -1.000 3.431e-04 -3.382 0.309 -1.952 -3.193 -3.592 -3.803 -3.887
0.00031003 -1.70000 10.00000 0.8507705927 2.4352688507    0.792  3.300  3.6273  0.497    7  0.000  0.429    55.87    32.62    21.38    16.96    13.78  1    -1e-30      0.00 7.448e-01 2.549e-01 4.709e-05 3.322e-05 1.456e-04 -1.000 3.433e-04 -3.481 0.321 -1.992 -3.269 -3.681 -3.899 -3.986
0.00031003 -1.70000 10.00000 0.8507707119 2.4352688869    0.792  3.308  3.6267  0.487    7  0.543  0.429    57.14    33.25    21.77    17.28    14.04  1    -1e-30      0.00 7.448e-01 2.549e-01 4.705e-05 3.334e-05 1.455e-04 -1.000 3.435e-04 -3.501 0.322 -1.999 -3.284 -3.699 -3.919 -4.006
0.00031003 -1.70000 10.00000 0.8507708907 2.4352689411    0.792  3.362  3.6215  0.412    8  0.537  0.417    66.90    38.04    24.76    19.69    16.00  1  -7.1e-07      0.00 7.396e-01 2.602e-01 4.478e-05 3.923e-05 1.473e-04 -1.000 2.599e-04 -3.635 0.358 -2.026 -3.378 -3.816 -4.049 -4.141
0.00031003 -1.70000 10.00000 0.8507709503 2.4352689592    0.790  3.187  3.6350  0.641    8  0.537  0.405    41.22    25.16    16.68    13.19    10.71  1 -3.24e-07      0.00 7.396e-01 2.602e-01 4.478e-05 3.923e-05 1.473e-04 -1.000 2.598e-04 -3.197 0.324 -1.852 -3.035 -3.416 -3.617 -3.697
0.00031003 -1.70000 10.00000 0.8507710695 2.4352689954    0.788  3.043  3.6468  0.831    8  0.537  0.405    27.53    17.83    12.01     9.45     7.66  1 -1.73e-07      0.00 7.396e-01 2.602e-01 4.478e-05 3.923e-05 1.473e-04 -1.000 2.599e-04 -2.837 0.278 -1.685 -2.741 -3.080 -3.257 -3.326
0.00031003 -1.70000 10.00000 0.8507712483 2.4352690497    0.783  2.837  3.6636  1.101    8  0.537  0.405    15.50    10.92     7.52     5.87     4.76  2 -7.33e-08      0.00 7.396e-01 2.602e-01 4.478e-05 3.923e-05 1.473e-04 -1.000 2.599e-04 -2.322 0.170 -1.423 -2.292 -2.577 -2.725 -2.780
0.00031003 -1.70000 10.00000 0.8507715464 2.4352691402    0.777  2.842  3.6630  1.090    8  0.537  0.405    15.82    11.11     7.64     5.97     4.84  2 -7.61e-08      0.00 7.396e-01 2.602e-01 4.478e-05 3.923e-05 1.473e-04 -1.000 2.598e-04 -2.335 0.183 -1.427 -2.303 -2.591 -2.739 -2.795
0.00031003 -1.70000 10.00000 0.8507719040 2.4352692487    0.769  2.933  3.6553  0.965    8  0.538  0.405    20.61    13.92     9.47     7.43     6.02  2 -1.14e-07      0.00 7.396e-01 2.602e-01 4.478e-05 3.923e-05 1.473e-04 -1.000 2.599e-04 -2.562 0.268 -1.537 -2.505 -2.816 -2.977 -3.040
0.00031003 -1.70000 10.00000 0.8507723808 2.4352693935    0.760  3.097  3.6415  0.739    8  0.538  0.405    33.17    20.86    13.93    11.00     8.93  1  -2.4e-07      0.00 7.396e-01 2.602e-01 4.478e-05 3.923e-05 1.473e-04 -1.000 2.599e-04 -2.974 0.326 -1.738 -2.851 -3.208 -3.396 -3.470
0.00031003 -1.70000 10.00000 0.8507729173 2.4352695563    0.749  3.243  3.6292  0.538    8  0.538  0.405    50.65    29.87    19.63    15.59    12.66  1 -4.75e-07      0.00 7.396e-01 2.602e-01 4.478e-05 3.923e-05 1.473e-04 -1.000 2.599e-04 -3.337 0.393 -1.886 -3.138 -3.542 -3.756 -3.841
0.00031003 -1.70000 10.00000 0.8507735133 2.4352697373    0.736  3.339  3.6209  0.401    8  0.539  0.405    67.56    38.09    24.75    19.74    16.03  1 -7.66e-07      0.00 7.396e-01 2.602e-01 4.478e-05 3.923e-05 1.473e-04 -1.000 2.599e-04 -3.578 0.437 -1.955 -3.316 -3.757 -3.991 -4.084
0.00031003 -1.70000 10.00000 0.8507741690 2.4352699363    0.723  3.392  3.6161  0.321    8  0.539  0.405    79.86    43.81    28.27    22.61    18.37  1 -1.02e-06      0.00 7.396e-01 2.602e-01 4.478e-05 3.923e-05 1.473e-04 -1.000 2.599e-04 -3.710 0.462 -1.979 -3.406 -3.872 -4.118 -4.216
0.00031003 -1.70000 10.00000 0.8507749438 2.4352701715    0.708  3.419  3.6135  0.275    8  0.540  0.405    87.84    47.37    30.45    24.40    19.83  1 -1.22e-06      0.00 7.396e-01 2.602e-01 4.478e-05 3.923e-05 1.473e-04 -1.000 2.599e-04 -3.777 0.482 -1.984 -3.449 -3.928 -4.182 -4.282
0.00031003 -1.70000 10.00000 0.8507757783 2.4352704249    0.692  3.435  3.6117  0.242    8  0.540  0.405    94.01    50.03    32.07    25.74    20.91  1 -1.39e-06      0.00 7.396e-01 2.602e-01 4.478e-05 3.923e-05 1.473e-04 -1.000 2.599e-04 -3.817 0.503 -1.981 -3.472 -3.961 -4.220 -4.323
0.00031003 -1.70000 10.00000 0.8507795334 2.4352715648    0.542 -9.999  4.0000  1.778    9  0.542  0.000     0.00     0.00     0.00     0.00     0.00 -1    -1e-30      0.00 7.396e-01 2.602e-01 4.478e-05 3.923e-05 1.473e-04 -1.000 2.599e-04 29.767 30.104 29.966 30.244 30.473 30.553 30.642
