# Zini     MH   logAge Mini        int_IMF         Mass   logL    logTe  logg  label   McoreTP C_O  period0  period1  period2  period3  period4  pmode  Mloss  tau1m   X   Y   Xc  Xn  Xo  Cexcess  Z 	 mbolmag  umag    gmag    rmag    imag    zmag    Ymag
0.00021956 -1.85000 10.07918 0.0900000036 1.0816895926    0.090 -3.199  3.4865  5.489    1  0.000  0.545     0.00     0.00     0.00     0.00     0.00 -1 -4.77e-17      0.00 7.483e-01 2.514e-01 4.145e-05 1.118e-05 1.014e-04 -1.000 2.305e-04 12.767 17.853 15.895 13.967 12.531 12.067 11.968
0.00021956 -1.85000 10.07918 0.0964352340 1.1406193190    0.096 -2.954  3.5226  5.418    1  0.000  0.545     0.00     0.00     0.00     0.00     0.00 -1 -8.79e-17      0.00 7.467e-01 2.531e-01 4.145e-05 1.118e-05 1.014e-04 -1.000 2.305e-04 12.155 16.975 14.677 12.914 11.919 11.548 11.443
0.00021956 -1.85000 10.07918 0.1000000015 1.1711064122    0.100 -2.826  3.5414  5.381    1  0.000  0.545     0.00     0.00     0.00     0.00     0.00 -1 -1.21e-16      0.00 7.457e-01 2.541e-01 4.145e-05 1.118e-05 1.014e-04 -1.000 2.305e-04 11.834 16.361 14.057 12.404 11.597 11.265 11.162
0.00021956 -1.85000 10.07918 0.1199999973 1.3193154249    0.120 -2.532  3.5722  5.290    1  0.000  0.545     0.00     0.00     0.00     0.00     0.00 -1 -2.42e-16      0.00 7.425e-01 2.573e-01 4.145e-05 1.118e-05 1.014e-04 -1.000 2.306e-04 11.099 14.990 12.876 11.429 10.858 10.580 10.486
0.00021956 -1.85000 10.07918 0.1399999857 1.4384525915    0.140 -2.348  3.5870  5.231    1  0.000  0.545     0.00     0.00     0.00     0.00     0.00 -1 -3.66e-16      0.00 7.403e-01 2.595e-01 4.145e-05 1.119e-05 1.014e-04 -1.000 2.306e-04 10.639 14.203 12.225 10.894 10.394 10.139 10.051
0.00021956 -1.85000 10.07918 0.1599999964 1.5372931554    0.160 -2.203  3.5966  5.184    1  0.000  0.545     0.00     0.00     0.00     0.00     0.00 -1 -5.04e-16      0.00 7.389e-01 2.609e-01 4.145e-05 1.119e-05 1.014e-04 -1.000 2.306e-04 10.278 13.636 11.748 10.495 10.031 9.790 9.706
0.00021956 -1.85000 10.07918 0.2000000179 1.6938791367    0.200 -1.983  3.6089  5.109    1  0.000  0.545     0.00     0.00     0.00     0.00     0.00 -1 -8.15e-16      0.00 7.380e-01 2.617e-01 4.145e-05 1.119e-05 1.014e-04 -1.000 2.307e-04 9.727 12.838 11.059 9.901 9.474 9.252 9.175
0.00021956 -1.85000 10.07918 0.2500000000 1.8403257998    0.250 -1.781  3.6198  5.049    1  0.000  0.545     0.00     0.00     0.00     0.00     0.00 -1 -1.13e-15      0.00 7.383e-01 2.615e-01 4.145e-05 1.119e-05 1.014e-04 -1.000 2.306e-04 9.223 12.129 10.440 9.361 8.966 8.760 8.688
0.00021956 -1.85000 10.07918 0.3000000417 1.9529140366    0.300 -1.627  3.6289  5.009    1  0.000  0.545     0.00     0.00     0.00     0.00     0.00 -1  -1.7e-15      0.00 7.384e-01 2.614e-01 4.144e-05 1.119e-05 1.014e-04 -1.000 2.305e-04 8.837 11.582 9.963 8.947 8.576 8.383 8.316
0.00021956 -1.85000 10.07918 0.3499999940 2.0434174644    0.350 -1.500  3.6371  4.983    1  0.000  0.544     0.00     0.00     0.00     0.00     0.00 -1 -2.17e-15      0.00 7.381e-01 2.616e-01 4.142e-05 1.119e-05 1.014e-04 -1.000 2.305e-04 8.520 11.128 9.570 8.607 8.256 8.075 8.012
0.00021956 -1.85000 10.07918 0.4000000060 2.1185024399    0.400 -1.371  3.6466  4.949    1  0.000  0.545     0.00     0.00     0.00     0.00     0.00 -1 -2.84e-15      0.00 7.503e-01 2.495e-01 4.145e-05 1.118e-05 1.014e-04 -1.000 2.305e-04 8.197 10.655 9.164 8.259 7.930 7.763 7.706
0.00021956 -1.85000 10.07918 0.4500000179 2.1822809362    0.450 -1.212  3.6624  4.905    1  0.000  0.545     0.00     0.00     0.00     0.00     0.00 -1 -4.06e-15      0.00 7.507e-01 2.491e-01 4.145e-05 1.118e-05 1.014e-04 -1.000 2.306e-04 7.800 10.008 8.639 7.823 7.531 7.386 7.337
0.00021956 -1.85000 10.07918 0.5000000000 2.2374541529    0.500 -1.035  3.6817  4.851    1  0.000  0.545     0.00     0.00     0.00     0.00     0.00 -1 -6.16e-15      0.00 7.507e-01 2.491e-01 4.145e-05 1.118e-05 1.014e-04 -1.000 2.306e-04 7.357 9.263 8.056 7.342 7.090 6.971 6.932
0.00021956 -1.85000 10.07918 0.5500000715 2.2836583126    0.550 -0.827  3.7028  4.769    1  0.000  0.544     0.00     0.00     0.00     0.00     0.00 -1 -1.04e-14      0.00 7.847e-01 2.151e-01 3.614e-05 9.758e-06 8.854e-05 -1.000 1.309e-04 6.839 8.444 7.415 6.797 6.584 6.491 6.463
0.00021956 -1.85000 10.07918 0.6000000238 2.3211213258    0.600 -0.618  3.7287  4.700    1  0.000  0.544     0.00     0.00     0.00     0.00     0.00 -1 -1.74e-14      0.00 7.970e-01 2.028e-01 3.433e-05 9.274e-06 8.419e-05 -1.000 1.718e-04 6.314 7.612 6.773 6.259 6.090 6.027 6.012
0.00021956 -1.85000 10.07918 0.6085847020 2.3268455035    0.608 -0.580  3.7338  4.689    1  0.000  0.543     0.00     0.00     0.00     0.00     0.00 -1 -1.91e-14      0.00 7.996e-01 2.002e-01 3.395e-05 9.173e-06 8.329e-05 -1.000 1.883e-04 6.220 7.465 6.659 6.164 6.003 5.946 5.933
0.00021956 -1.85000 10.07918 0.6195679307 2.3339036762    0.619 -0.531  3.7403  4.674    1  0.000  0.543     0.00     0.00     0.00     0.00     0.00 -1 -2.16e-14      0.00 8.030e-01 1.968e-01 3.345e-05 9.040e-06 8.209e-05 -1.000 2.042e-04 6.098 7.279 6.513 6.043 5.892 5.841 5.832
0.00021956 -1.85000 10.07918 0.6301866174 2.3404592741    0.630 -0.484  3.7466  4.659    1  0.000  0.543     0.00     0.00     0.00     0.00     0.00 -1 -2.43e-14      0.00 8.065e-01 1.933e-01 3.295e-05 8.904e-06 8.087e-05 -1.000 2.140e-04 5.979 7.105 6.374 5.927 5.786 5.742 5.735
0.00021956 -1.85000 10.07918 0.6400494576 2.3463247008    0.640 -0.439  3.7523  4.644    1  0.000  0.543     0.00     0.00     0.00     0.00     0.00 -1 -1.33e-16      0.00 8.099e-01 1.899e-01 3.245e-05 8.773e-06 7.969e-05 -1.000 2.038e-04 5.867 6.945 6.244 5.819 5.688 5.650 5.645
0.00021956 -1.85000 10.07918 0.6492118239 2.3515903260    0.649 -0.397  3.7576  4.630    1  0.000  0.543     0.00     0.00     0.00     0.00     0.00 -1 -1.71e-14      0.00 8.132e-01 1.866e-01 3.197e-05 8.645e-06 7.856e-05 -1.000 1.709e-04 5.763 6.797 6.124 5.718 5.596 5.563 5.561
0.00021956 -1.85000 10.07918 0.6499999762 2.3520353107    0.650 -0.393  3.7580  4.628    1  0.000  0.543     0.00     0.00     0.00     0.00     0.00 -1 -3.05e-14      0.00 8.135e-01 1.863e-01 3.193e-05 8.635e-06 7.845e-05 -1.000 2.039e-04 5.753 6.784 6.113 5.709 5.588 5.555 5.553
0.00021956 -1.85000 10.07918 0.6557565928 2.3552481839    0.655 -0.367  3.7611  4.618    1  0.000  0.543     0.00     0.00     0.00     0.00     0.00 -1 -3.27e-14      0.00 8.161e-01 1.837e-01 3.156e-05 8.534e-06 7.755e-05 -1.000 2.204e-04 5.687 6.693 6.037 5.646 5.529 5.500 5.499
0.00021956 -1.85000 10.07918 0.6677933931 2.3617607540    0.668 -0.310  3.7676  4.595    1  0.000  0.542     0.00     0.00     0.00     0.00     0.00 -1 -3.78e-14      0.00 8.219e-01 1.779e-01 3.072e-05 8.312e-06 7.556e-05 -1.000 2.101e-04 5.545 6.507 5.880 5.511 5.405 5.382 5.384
0.00021956 -1.85000 10.07918 0.6788522601 2.3675106994    0.679 -0.257  3.7734  4.572    1  0.000  0.542     0.00     0.00     0.00     0.00     0.00 -1  -3.2e-14      0.00 8.276e-01 1.722e-01 2.990e-05 8.094e-06 7.360e-05 -1.000 1.810e-04 5.412 6.336 5.733 5.384 5.287 5.270 5.274
0.00021956 -1.85000 10.07918 0.6893975139 2.3727964662    0.689 -0.204  3.7788  4.548    1  0.000  0.541     0.00     0.00     0.00     0.00     0.00 -1 -9.86e-15      0.00 8.334e-01 1.664e-01 2.907e-05 7.871e-06 7.160e-05 -1.000 1.374e-04 5.281 6.172 5.589 5.260 5.171 5.159 5.165
0.00021956 -1.85000 10.07918 0.6992231607 2.3775568835    0.699 -0.154  3.7838  4.523    1  0.000  0.541     0.00     0.00     0.00     0.00     0.00 -1 -3.34e-14      0.00 8.392e-01 1.606e-01 2.824e-05 7.650e-06 6.962e-05 -1.000 2.023e-04 5.154 6.018 5.451 5.140 5.059 5.052 5.059
0.00021956 -1.85000 10.07918 0.6999999881 2.3779266974    0.700 -0.150  3.7842  4.521    1  0.000  0.541     0.00     0.00     0.00     0.00     0.00 -1 -5.82e-14      0.00 8.396e-01 1.602e-01 2.817e-05 7.632e-06 6.946e-05 -1.000 2.100e-04 5.144 6.006 5.440 5.130 5.050 5.043 5.051
0.00021956 -1.85000 10.07918 0.7000204325 2.3779364174    0.700 -0.150  3.7842  4.521    1  0.000  0.541     0.00     0.00     0.00     0.00     0.00 -1 -5.82e-14      0.00 8.396e-01 1.602e-01 2.817e-05 7.631e-06 6.945e-05 -1.000 2.101e-04 5.144 6.006 5.440 5.130 5.049 5.043 5.050
0.00021956 -1.85000 10.07918 0.7096612453 2.3824483191    0.709 -0.097  3.7888  4.493    1  0.000  0.538     0.00     0.00     0.00     0.00     0.00 -1 -6.73e-14      0.00 8.453e-01 1.545e-01 2.732e-05 7.427e-06 6.765e-05 -1.000 1.923e-04 5.013 5.850 5.298 5.004 4.931 4.929 4.938
0.00021956 -1.85000 10.07918 0.7181243300 2.3862944302    0.718 -0.049  3.7928  4.466    1  0.000  0.537     0.00     0.00     0.00     0.00     0.00 -1 -7.72e-14      0.00 8.499e-01 1.499e-01 2.665e-05 7.263e-06 6.619e-05 -1.000 1.769e-04 4.892 5.710 5.167 4.888 4.821 4.823 4.834
0.00021956 -1.85000 10.07918 0.7264813185 2.3899913794    0.726  0.002  3.7966  4.435    1  0.000  0.535     0.00     0.00     0.00     0.00     0.00 -1 -8.92e-14      0.00 8.541e-01 1.457e-01 2.605e-05 7.119e-06 6.494e-05 -1.000 1.245e-04 4.765 5.566 5.031 4.766 4.706 4.712 4.723
0.00021956 -1.85000 10.07918 0.7336594462 2.3930896212    0.733  0.048  3.7998  4.407    1  0.000  0.533     0.00     0.00     0.00     0.00     0.00 -1 -1.02e-13      0.00 8.574e-01 1.425e-01 2.561e-05 7.015e-06 6.404e-05 -1.000 1.236e-04 4.651 5.436 4.909 4.655 4.600 4.609 4.621
0.00021956 -1.85000 10.07918 0.7406139374 2.3960255589    0.740  0.095  3.8028  4.376    1  0.000  0.532     0.00     0.00     0.00     0.00     0.00 -1 -7.71e-14      0.00 8.601e-01 1.397e-01 2.524e-05 6.928e-06 6.328e-05 -1.000 1.659e-04 4.533 5.306 4.783 4.540 4.490 4.502 4.515
0.00021956 -1.85000 10.07918 0.7475694418 2.3988991800    0.747  0.145  3.8057  4.341    1  0.000  0.530     0.00     0.00     0.00     0.00     0.00 -1 -2.16e-14      0.00 8.627e-01 1.371e-01 2.490e-05 6.851e-06 6.262e-05 -1.000 2.063e-04 4.407 5.169 4.649 4.417 4.371 4.386 4.400
0.00021956 -1.85000 10.07918 0.7500000000 2.3998889087    0.749  0.164  3.8066  4.327    1  0.000  0.530     0.00     0.00     0.00     0.00     0.00 -1 -1.44e-13      0.00 8.635e-01 1.363e-01 2.480e-05 6.827e-06 6.241e-05 -1.000 2.102e-04 4.361 5.118 4.600 4.371 4.327 4.343 4.357
0.00021956 -1.85000 10.07918 0.7524039149 2.4008605585    0.752  0.182  3.8077  4.315    1  0.000  0.530     0.00     0.00     0.00     0.00     0.00 -1 -1.52e-13      0.00 8.638e-01 1.360e-01 2.480e-05 6.828e-06 6.243e-05 -1.000 2.057e-04 4.315 5.068 4.552 4.326 4.284 4.301 4.316
0.00021956 -1.85000 10.07918 0.7589666843 2.4034771926    0.758  0.236  3.8103  4.275    1  0.000  0.529     0.00     0.00     0.00     0.00     0.00 -1  -1.8e-13      0.00 8.644e-01 1.354e-01 2.480e-05 6.832e-06 6.250e-05 -1.000 1.204e-04 4.180 4.922 4.408 4.193 4.155 4.174 4.190
0.00021956 -1.85000 10.07918 0.7649718523 2.4058263237    0.764  0.290  3.8124  4.233    1  0.000  0.529     0.00     0.00     0.00     0.00     0.00 -1 -2.12e-13      0.00 8.650e-01 1.349e-01 2.482e-05 6.838e-06 6.257e-05 -1.000 1.220e-04 4.045 4.780 4.267 4.059 4.026 4.047 4.063
0.00021956 -1.85000 10.07918 0.7705658078 2.4079767568    0.770  0.343  3.8139  4.189    1  0.000  0.529     0.00     0.00     0.00     0.00     0.00 -1 -2.52e-13      0.00 8.642e-01 1.357e-01 2.501e-05 6.892e-06 6.307e-05 -1.000 1.241e-04 3.913 4.641 4.128 3.927 3.896 3.918 3.935
0.00021956 -1.85000 10.07918 0.7743983269 2.4094294506    0.773  0.382  3.8145  4.154    1  0.000  0.529     0.00     0.00     0.00     0.00     0.00 -1 -2.87e-13      0.00 8.633e-01 1.366e-01 2.518e-05 6.941e-06 6.351e-05 -1.000 1.255e-04 3.815 4.540 4.028 3.829 3.799 3.822 3.839
0.00021956 -1.85000 10.07918 0.7756254673 2.4098911030    0.775  0.396  3.8143  4.140    1  0.000  0.529     0.00     0.00     0.00     0.00     0.00 -1 -3.01e-13      0.00 8.630e-01 1.369e-01 2.524e-05 6.957e-06 6.366e-05 -1.000 1.256e-04 3.780 4.505 3.992 3.793 3.764 3.787 3.803
0.00021956 -1.85000 10.07918 0.7803764939 2.4116627124    0.779  0.453  3.8129  4.080    1  0.000  0.529     0.00     0.00     0.00     0.00     0.00 -1 -3.65e-13      0.00 8.618e-01 1.380e-01 2.546e-05 7.018e-06 6.422e-05 -1.000 1.267e-04 3.637 4.365 3.850 3.648 3.617 3.638 3.654
0.00021956 -1.85000 10.07918 0.7839692831 2.4129860419    0.783  0.503  3.8098  4.020    1  0.000  0.529     0.00     0.00     0.00     0.00     0.00 -1 -4.38e-13      0.00 8.610e-01 1.389e-01 2.563e-05 7.063e-06 6.464e-05 -1.000 1.274e-04 3.513 4.250 3.730 3.520 3.485 3.503 3.518
0.00021956 -1.85000 10.07918 0.7845801115 2.4132096421    0.783  0.512  3.8091  4.008    1  0.000  0.529     0.00     0.00     0.00     0.00     0.00 -1 -4.55e-13      0.00 8.609e-01 1.390e-01 2.565e-05 7.071e-06 6.471e-05 -1.000 1.275e-04 3.490 4.229 3.709 3.496 3.460 3.478 3.492
0.00021956 -1.85000 10.07918 0.7852168083 2.4134422859    0.784  0.523  3.8080  3.994    2  0.000  0.529     0.00     0.00     0.00     0.00     0.00 -1 -4.75e-13      0.00 8.607e-01 1.392e-01 2.568e-05 7.079e-06 6.478e-05 -1.000 1.276e-04 3.464 4.207 3.685 3.469 3.431 3.448 3.462
0.00021956 -1.85000 10.07918 0.7873591781 2.4142219138    0.786  0.561  3.8030  3.936    2  0.000  0.529     0.00     0.00     0.00     0.00     0.00 -1  -5.5e-13      0.00 8.602e-01 1.397e-01 2.578e-05 7.106e-06 6.503e-05 -1.000 1.281e-04 3.368 4.128 3.598 3.368 3.322 3.334 3.347
0.00021956 -1.85000 10.07918 0.7889996171 2.4148155942    0.788  0.596  3.7967  3.877    2  0.000  0.529     0.00     0.00     0.00     0.00     0.00 -1 -6.37e-13      0.00 8.598e-01 1.401e-01 2.588e-05 7.133e-06 6.528e-05 -1.000 1.284e-04 3.281 4.066 3.526 3.275 3.220 3.226 3.237
0.00021956 -1.85000 10.07918 0.7902851701 2.4152788598    0.789  0.627  3.7892  3.817    2  0.000  0.529     0.00     0.00     0.00     0.00     0.00 -1 -7.34e-13      0.00 8.590e-01 1.409e-01 2.606e-05 7.182e-06 6.573e-05 -1.000 1.378e-04 3.202 4.019 3.465 3.191 3.124 3.123 3.130
0.00021956 -1.85000 10.07918 0.7913219929 2.4156512315    0.790  0.655  3.7809  3.756    2  0.000  0.529     0.00     0.00     0.00     0.00     0.00 -1  -8.4e-13      0.00 8.538e-01 1.460e-01 2.706e-05 7.455e-06 6.820e-05 -1.000 1.441e-04 3.132 3.987 3.415 3.114 3.034 3.025 3.030
0.00021956 -1.85000 10.07918 0.7921922207 2.4159629060    0.791  0.681  3.7727  3.698    2  0.000  0.530     0.00     0.00     0.00     0.00     0.00 -1 -9.53e-13      0.00 8.370e-01 1.629e-01 2.954e-05 8.124e-06 7.422e-05 -1.000 1.512e-04 3.067 3.966 3.372 3.043 2.951 2.933 2.935
0.00021956 -1.85000 10.07918 0.7929601073 2.4162372735    0.791  0.707  3.7650  3.641    2  0.000  0.533     0.00     0.00     0.00     0.00     0.00 -1 -7.56e-13      0.00 8.094e-01 1.904e-01 3.307e-05 9.072e-06 8.269e-05 -1.000 1.836e-04 3.001 3.946 3.327 2.973 2.869 2.843 2.842
0.00021956 -1.85000 10.07918 0.7936415076 2.4164802280    0.792  0.736  3.7580  3.584    2  0.000  0.535     0.00     0.00     0.00     0.00     0.00 -1 -7.33e-13      0.00 7.913e-01 2.085e-01 3.541e-05 9.696e-06 8.827e-05 -1.000 1.625e-04 2.929 3.918 3.276 2.897 2.782 2.749 2.746
0.00021956 -1.85000 10.07918 0.7943164706 2.4167204148    0.793  0.774  3.7516  3.521    2  0.000  0.536     0.00     0.00     0.00     0.00     0.00 -1 -9.05e-13      0.00 7.803e-01 2.195e-01 3.684e-05 1.008e-05 9.167e-05 -1.000 2.118e-04 2.835 3.867 3.202 2.801 2.676 2.636 2.630
0.00021956 -1.85000 10.07918 0.7948493361 2.4169097046    0.793  0.812  3.7473  3.467    2  0.000  0.536     0.00     0.00     0.00     0.00     0.00 -1  -1.1e-12      0.00 7.749e-01 2.248e-01 3.754e-05 1.027e-05 9.335e-05 -1.000 2.248e-04 2.741 3.803 3.121 2.706 2.574 2.530 2.522
0.00021956 -1.85000 10.07918 0.7952135801 2.4170389271    0.793  0.841  3.7447  3.428    2  0.000  0.536     0.00     0.00     0.00     0.00     0.00 -1 -1.26e-12      0.00 7.721e-01 2.277e-01 3.790e-05 1.036e-05 9.422e-05 -1.000 2.204e-04 2.668 3.749 3.057 2.633 2.497 2.450 2.441
0.00021956 -1.85000 10.07918 0.7953795791 2.4170977733    0.794  0.856  3.7438  3.409    3  0.000  0.536     0.00     0.00     0.00     0.00     0.00 -1 -1.36e-12      0.00 7.712e-01 2.287e-01 3.802e-05 1.040e-05 9.451e-05 -1.000 1.421e-04 2.631 3.720 3.023 2.596 2.458 2.410 2.401
0.00021956 -1.85000 10.07918 0.7958250046 2.4172555358    0.794  0.898  3.7415  3.358    3  0.000  0.537     0.00     0.00     0.00     0.00     0.00 -1 -1.64e-12      0.00 7.687e-01 2.311e-01 3.832e-05 1.047e-05 9.522e-05 -1.000 2.296e-04 2.526 3.631 2.926 2.491 2.349 2.299 2.288
0.00021956 -1.85000 10.07918 0.7963122129 2.4174278648    0.794  0.947  3.7392  3.299    3  0.000  0.537     0.00     0.00     0.00     0.00     0.00 -1 -2.04e-12      0.00 7.663e-01 2.334e-01 3.857e-05 1.054e-05 9.581e-05 -1.000 2.254e-04 2.401 3.524 2.809 2.366 2.221 2.168 2.156
0.00021956 -1.85000 10.07918 0.7967260480 2.4175740508    0.795  0.993  3.7375  3.247    3  0.000  0.537     0.00     0.00     0.00     0.00     0.00 -1 -2.48e-12      0.00 7.645e-01 2.353e-01 3.874e-05 1.059e-05 9.624e-05 -1.000 2.252e-04 2.288 3.424 2.702 2.254 2.106 2.051 2.038
0.00021956 -1.85000 10.07918 0.7971215248 2.4177135887    0.795  1.039  3.7358  3.195    3  0.000  0.537     0.00     0.00     0.00     0.00     0.00 -1 -3.03e-12      0.00 7.629e-01 2.368e-01 3.888e-05 1.063e-05 9.657e-05 -1.000 2.305e-04 2.173 3.322 2.592 2.139 1.989 1.932 1.918
0.00021956 -1.85000 10.07918 0.7975233197 2.4178551929    0.795  1.089  3.7342  3.138    3  0.000  0.537     0.00     0.00     0.00     0.00     0.00 -1 -3.75e-12      0.00 7.612e-01 2.386e-01 3.901e-05 1.066e-05 9.689e-05 -1.000 2.305e-04 2.047 3.210 2.473 2.014 1.861 1.803 1.788
0.00021956 -1.85000 10.07918 0.7978926301 2.4179852039    0.796  1.139  3.7327  3.082    3  0.000  0.537     0.00     0.00     0.00     0.00     0.00 -1 -4.62e-12      0.00 7.598e-01 2.400e-01 3.909e-05 1.069e-05 9.713e-05 -1.000 2.296e-04 1.922 3.096 2.353 1.890 1.735 1.675 1.659
0.00021956 -1.85000 10.07918 0.7982242107 2.4181018148    0.796  1.188  3.7312  3.028    3  0.000  0.536     0.00     0.00     0.00     0.00     0.00 -1 -5.66e-12      0.00 7.584e-01 2.414e-01 3.915e-05 1.072e-05 9.732e-05 -1.000 2.261e-04 1.801 2.986 2.237 1.769 1.612 1.550 1.534
0.00021956 -1.85000 10.07918 0.7985141873 2.4182037031    0.796  1.234  3.7297  2.976    3  0.000  0.536     0.00     0.00     0.00     0.00     0.00 -1 -6.84e-12      0.00 7.573e-01 2.425e-01 3.918e-05 1.074e-05 9.748e-05 -1.000 2.242e-04 1.685 2.882 2.126 1.655 1.495 1.431 1.414
0.00021956 -1.85000 10.07918 0.7987966537 2.4183028707    0.796  1.283  3.7282  2.921    3  0.000  0.535     0.00     0.00     0.00     0.00     0.00 -1 -8.35e-12      0.00 7.561e-01 2.436e-01 3.917e-05 1.077e-05 9.761e-05 -1.000 2.303e-04 1.563 2.772 2.009 1.533 1.371 1.305 1.288
0.00021956 -1.85000 10.07918 0.7990677357 2.4183979656    0.796  1.334  3.7267  2.864    3  0.000  0.534     0.00     0.00     0.00     0.00     0.00 -1 -1.03e-11      0.00 7.552e-01 2.446e-01 3.913e-05 1.081e-05 9.771e-05 -1.000 2.267e-04 1.435 2.656 1.886 1.405 1.241 1.174 1.155
0.00021956 -1.85000 10.07918 0.7992950082 2.4184776352    0.796  1.381  3.7252  2.811    3  0.000  0.533     0.00     0.00     0.00     0.00     0.00 -1 -1.24e-11      0.00 7.544e-01 2.454e-01 3.907e-05 1.086e-05 9.779e-05 -1.000 2.228e-04 1.317 2.552 1.775 1.289 1.122 1.053 1.034
0.00021956 -1.85000 10.07918 0.7995023131 2.4185502597    0.796  1.428  3.7237  2.758    3  0.000  0.532     0.00     0.00     0.00     0.00     0.00 -1 -1.49e-11      0.00 7.538e-01 2.460e-01 3.901e-05 1.091e-05 9.785e-05 -1.000 2.302e-04 1.201 2.448 1.664 1.173 1.004 0.933 0.913
0.00021956 -1.85000 10.07918 0.7996973395 2.4186185433    0.796  1.476  3.7222  2.704    3  0.000  0.531     0.00     0.00     0.00     0.00     0.00 -1 -1.81e-11      0.00 7.532e-01 2.465e-01 3.894e-05 1.097e-05 9.791e-05 -1.000 2.306e-04 1.080 2.340 1.549 1.054 0.882 0.810 0.789
0.00021956 -1.85000 10.07918 0.7998697162 2.4186788647    0.796  1.522  3.7206  2.651    3  0.000  0.530     0.00     0.00     0.00     0.00     0.00 -1 -2.17e-11      0.00 7.528e-01 2.469e-01 3.888e-05 1.103e-05 9.794e-05 -1.000 2.306e-04 0.964 2.237 1.439 0.939 0.764 0.690 0.669
0.00021956 -1.85000 10.07918 0.8000000119 2.4187244405    0.796  1.561  3.7192  2.607    3  0.000  0.529     0.00     0.00     0.00     0.00     0.00 -1 -2.52e-11      0.00 7.526e-01 2.472e-01 3.884e-05 1.107e-05 9.796e-05 -1.000 2.306e-04 0.868 2.153 1.348 0.843 0.667 0.591 0.569
0.00021956 -1.85000 10.07918 0.8000338078 2.4187362590    0.796  1.571  3.7189  2.596    3  0.000  0.529     0.00     0.00     0.00     0.00     0.00 -1 -2.61e-11      0.00 7.525e-01 2.473e-01 3.883e-05 1.108e-05 9.797e-05 -1.000 2.305e-04 0.843 2.131 1.324 0.818 0.642 0.566 0.543
0.00021956 -1.85000 10.07918 0.8001788855 2.4187869804    0.796  1.618  3.7173  2.543    3  0.000  0.529     0.00     0.00     0.00     0.00     0.00 -1 -3.09e-11      0.00 7.524e-01 2.474e-01 3.880e-05 1.110e-05 9.798e-05 -1.000 2.306e-04 0.726 2.029 1.214 0.703 0.524 0.446 0.422
0.00021956 -1.85000 10.07918 0.8003079891 2.4188320992    0.796  1.663  3.7157  2.491    3  0.000  0.528     0.00     0.00     0.00     0.00     0.00 -1 -3.65e-11      0.00 7.523e-01 2.475e-01 3.878e-05 1.112e-05 9.798e-05 -1.000 2.305e-04 0.613 1.931 1.108 0.591 0.409 0.329 0.305
0.00021956 -1.85000 10.07918 0.8004310131 2.4188750777    0.796  1.710  3.7139  2.437    3  0.000  0.528     0.00     0.00     0.00     0.00     0.00 -1 -4.33e-11      0.00 7.523e-01 2.475e-01 3.877e-05 1.113e-05 9.799e-05 -1.000 2.305e-04 0.495 1.832 0.997 0.474 0.289 0.207 0.182
0.00021956 -1.85000 10.07918 0.8005423546 2.4189139618    0.796  1.757  3.7123  2.383    3  0.000  0.528     0.00     0.00     0.00     0.00     0.00 -1 -5.12e-11      0.00 7.523e-01 2.475e-01 3.877e-05 1.113e-05 9.799e-05 -1.000 2.305e-04 0.378 1.733 0.888 0.358 0.170 0.087 0.061
0.00021956 -1.85000 10.07918 0.8006404042 2.4189481936    0.796  1.801  3.7106  2.332    3  0.000  0.528     0.00     0.00     0.00     0.00     0.00 -1 -6.03e-11      0.00 7.523e-01 2.475e-01 3.877e-05 1.114e-05 9.800e-05 -1.000 2.305e-04 0.266 1.640 0.784 0.247 0.057 -0.029 -0.056
0.00021956 -1.85000 10.07918 0.8007304072 2.4189796077    0.796  1.846  3.7088  2.280    3  0.000  0.528     0.00     0.00     0.00     0.00     0.00 -1 -7.09e-11      0.00 7.523e-01 2.475e-01 3.877e-05 1.114e-05 9.800e-05 -1.000 2.306e-04 0.155 1.549 0.681 0.137 -0.056 -0.144 -0.172
0.00021956 -1.85000 10.07918 0.8008175492 2.4190100155    0.795  1.892  3.7071  2.227    3  0.000  0.528     0.00     0.00     0.00     0.00     0.00 -1 -8.39e-11      0.00 7.523e-01 2.475e-01 3.876e-05 1.114e-05 9.800e-05 -1.000 2.306e-04 0.039 1.453 0.572 0.022 -0.175 -0.265 -0.293
0.00021956 -1.85000 10.07918 0.8008938432 2.4190366316    0.795  1.937  3.7053  2.175    3  0.000  0.528     0.00     0.00     0.00     0.00     0.00 -1 -9.86e-11      0.00 7.522e-01 2.475e-01 3.876e-05 1.114e-05 9.800e-05 -1.000 2.305e-04 -0.072 1.364 0.471 -0.088 -0.287 -0.379 -0.409
0.00021956 -1.85000 10.07918 0.8009639978 2.4190611008    0.795  1.981  3.7035  2.123    3  0.000  0.528     0.00     0.00     0.00     0.00     0.00 -1 -1.16e-10      0.00 7.522e-01 2.475e-01 3.876e-05 1.115e-05 9.800e-05 -1.000 2.306e-04 -0.182 1.276 0.369 -0.197 -0.399 -0.493 -0.524
0.00021956 -1.85000 10.07918 0.8010303974 2.4190842558    0.794  2.026  3.7018  2.071    3  0.000  0.528     0.00     0.00     0.00     0.00     0.00 -1 -1.37e-10      0.00 7.522e-01 2.475e-01 3.876e-05 1.115e-05 9.800e-05 -1.000 2.305e-04 -0.295 1.184 0.265 -0.308 -0.514 -0.610 -0.642
0.00021956 -1.85000 10.07918 0.8010888696 2.4191046426    0.794  2.068  3.6999  2.021    3  0.000  0.528     0.00     0.00     0.00     0.00     0.00 -1  -1.6e-10      0.00 7.522e-01 2.475e-01 3.876e-05 1.115e-05 9.800e-05 -1.000 2.306e-04 -0.400 1.102 0.170 -0.411 -0.620 -0.719 -0.752
0.00021956 -1.85000 10.07918 0.8011451960 2.4191242781    0.793  2.111  3.6981  1.971    3  0.000  0.528     0.00     0.00     0.00     0.00     0.00 -1 -1.87e-10      0.00 7.522e-01 2.475e-01 3.876e-05 1.115e-05 9.800e-05 -1.000 2.305e-04 -0.507 1.021 0.073 -0.516 -0.729 -0.830 -0.863
0.00021956 -1.85000 10.07918 0.8012036681 2.4191446582    0.793  2.155  3.6963  1.920    3  0.000  0.528     0.00     0.00     0.00     0.00     0.00 -1 -2.19e-10      0.00 7.522e-01 2.475e-01 3.876e-05 1.115e-05 9.800e-05 -1.000 2.306e-04 -0.616 0.938 -0.026 -0.624 -0.839 -0.942 -0.977
0.00021956 -1.85000 10.07918 0.8012558818 2.4191628540    0.792  2.178  3.6954  1.892    3  0.000  0.528     0.00     0.00     0.00     0.00     0.00 -1  -2.4e-10      0.00 7.522e-01 2.476e-01 3.876e-05 1.115e-05 9.801e-05 -1.000 2.305e-04 -0.675 0.894 -0.079 -0.681 -0.899 -1.003 -1.038
0.00021956 -1.85000 10.07918 0.8012858033 2.4191732801    0.792  2.169  3.6960  1.904    3  0.000  0.528     0.00     0.00     0.00     0.00     0.00 -1 -2.34e-10      0.00 7.522e-01 2.476e-01 3.876e-05 1.115e-05 9.801e-05 -1.000 2.305e-04 -0.653 0.907 -0.060 -0.660 -0.876 -0.980 -1.014
0.00021956 -1.85000 10.07918 0.8012897968 2.4191746716    0.792  2.168  3.6961  1.905    3  0.000  0.528     0.00     0.00     0.00     0.00     0.00 -1 -2.33e-10      0.00 7.522e-01 2.476e-01 3.876e-05 1.115e-05 9.801e-05 -1.000 2.306e-04 -0.650 0.909 -0.058 -0.657 -0.873 -0.977 -1.011
0.00021956 -1.85000 10.07918 0.8013147712 2.4191833730    0.792  2.194  3.6949  1.874    3  0.000  0.528     0.00     0.00     0.00     0.00     0.00 -1 -2.54e-10      0.00 7.522e-01 2.476e-01 3.875e-05 1.115e-05 9.801e-05 -1.000 2.306e-04 -0.715 0.862 -0.116 -0.721 -0.939 -1.045 -1.080
0.00021956 -1.85000 10.07918 0.8013526797 2.4191965798    0.791  2.236  3.6930  1.825    3  0.000  0.528     0.00     0.00     0.00     0.00     0.00 -1 -2.95e-10      0.00 7.522e-01 2.476e-01 3.875e-05 1.116e-05 9.801e-05 -1.000 2.305e-04 -0.820 0.786 -0.209 -0.823 -1.045 -1.153 -1.189
0.00021956 -1.85000 10.07918 0.8013879061 2.4192088508    0.791  2.277  3.6912  1.776    3  0.000  0.528     0.00     0.00     0.00     0.00     0.00 -1 -3.43e-10      0.00 7.522e-01 2.476e-01 3.875e-05 1.116e-05 9.801e-05 -1.000 2.306e-04 -0.922 0.711 -0.301 -0.924 -1.149 -1.259 -1.296
0.00021956 -1.85000 10.07918 0.8014204502 2.4192201864    0.790  2.317  3.6893  1.727    3  0.000  0.528     0.00     0.00     0.00     0.00     0.00 -1 -3.98e-10      0.00 7.522e-01 2.476e-01 3.875e-05 1.116e-05 9.801e-05 -1.000 2.305e-04 -1.023 0.641 -0.389 -1.022 -1.251 -1.363 -1.402
0.00021956 -1.85000 10.07918 0.8014490604 2.4192301509    0.789  2.355  3.6875  1.682    3  0.000  0.528     0.00     0.00     0.00     0.00     0.00 -1 -4.58e-10      0.00 7.522e-01 2.476e-01 3.875e-05 1.116e-05 9.801e-05 -1.000 2.305e-04 -1.118 0.576 -0.472 -1.114 -1.346 -1.461 -1.501
0.00021956 -1.85000 10.07918 0.8014768958 2.4192398447    0.789  2.394  3.6857  1.635    3  0.000  0.528     0.00     0.00     0.00     0.00     0.00 -1 -5.29e-10      0.00 7.522e-01 2.476e-01 3.875e-05 1.116e-05 9.801e-05 -1.000 2.305e-04 -1.216 0.509 -0.558 -1.209 -1.445 -1.562 -1.603
0.00021956 -1.85000 10.07918 0.8015013933 2.4192483754    0.788  2.431  3.6838  1.590    3  0.000  0.528     0.00     0.00     0.00     0.00     0.00 -1 -6.07e-10      0.00 7.522e-01 2.476e-01 3.875e-05 1.116e-05 9.801e-05 -1.000 2.305e-04 -1.308 0.463 -0.636 -1.300 -1.540 -1.659 -1.701
0.00021956 -1.85000 10.07918 0.8015251756 2.4192566565    0.787  2.470  3.6820  1.545    3  0.000  0.528     0.00     0.00     0.00     0.00     0.00 -1 -6.99e-10      0.00 7.522e-01 2.476e-01 3.875e-05 1.116e-05 9.801e-05 -1.000 2.305e-04 -1.404 0.412 -0.718 -1.395 -1.638 -1.760 -1.802
0.00021956 -1.85000 10.07918 0.8015462756 2.4192640032    0.786  2.506  3.6802  1.500    3  0.000  0.528     6.66     5.31     3.78     2.92     2.36  3    -8e-10      0.00 7.522e-01 2.476e-01 3.875e-05 1.116e-05 9.801e-05 -1.000 2.306e-04 -1.495 0.369 -0.793 -1.485 -1.731 -1.855 -1.899
0.00021956 -1.85000 10.07918 0.8015708327 2.4192725530    0.785  2.551  3.6779  1.445    3  0.000  0.528     7.48     5.87     4.15     3.21     2.60  3 -9.47e-10      0.00 7.522e-01 2.476e-01 3.875e-05 1.116e-05 9.801e-05 -1.000 2.306e-04 -1.608 0.326 -0.884 -1.596 -1.847 -1.974 -2.020
0.00021956 -1.85000 10.07918 0.8015927076 2.4192801685    0.784  2.595  3.6757  1.393    3  0.000  0.528     8.35     6.45     4.54     3.52     2.85  3 -1.11e-09      0.00 7.522e-01 2.476e-01 3.875e-05 1.116e-05 9.801e-05 -1.000 2.305e-04 -1.716 0.286 -0.970 -1.702 -1.958 -2.089 -2.135
0.00021956 -1.85000 10.07918 0.8016098142 2.4192861235    0.783  2.631  3.6737  1.347    3  0.000  0.528     9.20     7.00     4.91     3.81     3.09  3 -1.27e-09      0.00 7.522e-01 2.476e-01 3.875e-05 1.116e-05 9.801e-05 -1.000 2.305e-04 -1.808 0.264 -1.039 -1.791 -2.053 -2.186 -2.234
0.00021956 -1.85000 10.07918 0.8016280532 2.4192924725    0.782  2.673  3.6716  1.297    3  0.000  0.528    10.23     7.66     5.36     4.17     3.37  3 -1.49e-09      0.00 7.522e-01 2.476e-01 3.875e-05 1.116e-05 9.801e-05 -1.000 2.306e-04 -1.911 0.237 -1.117 -1.892 -2.159 -2.295 -2.344
0.00021956 -1.85000 10.07918 0.8016426563 2.4192975556    0.781  2.708  3.6696  1.253    3  0.000  0.528    11.23     8.30     5.78     4.50     3.64  3  -1.7e-09      0.00 7.522e-01 2.476e-01 3.875e-05 1.116e-05 9.801e-05 -1.000 2.306e-04 -2.000 0.223 -1.182 -1.978 -2.250 -2.389 -2.440
0.00021956 -1.85000 10.07918 0.8016580343 2.4193029082    0.779  2.748  3.6674  1.203    3  0.000  0.528    12.46     9.07     6.29     4.90     3.97  2 -1.97e-09      0.00 7.522e-01 2.476e-01 3.875e-05 1.116e-05 9.801e-05 -1.000 2.306e-04 -2.100 0.212 -1.251 -2.073 -2.351 -2.494 -2.546
0.00021956 -1.85000 10.07918 0.8016728163 2.4193080531    0.778  2.789  3.6652  1.153    3  0.000  0.528    13.86     9.93     6.86     5.36     4.34  2  -2.3e-09      0.00 7.522e-01 2.476e-01 3.875e-05 1.116e-05 9.801e-05 -1.000 2.305e-04 -2.202 0.205 -1.321 -2.171 -2.456 -2.601 -2.655
0.00021956 -1.85000 10.07918 0.8016865849 2.4193128452    0.776  2.829  3.6627  1.102    3  0.000  0.528    15.45    10.89     7.49     5.86     4.74  2 -2.68e-09      0.00 7.522e-01 2.476e-01 3.875e-05 1.116e-05 9.801e-05 -1.000 2.304e-04 -2.303 0.210 -1.386 -2.267 -2.559 -2.709 -2.764
0.00021956 -1.85000 10.07918 0.8016985059 2.4193169940    0.774  2.867  3.6607  1.055    3  0.000  0.528    17.05    11.84     8.12     6.35     5.15  2 -3.09e-09      0.00 7.522e-01 2.476e-01 3.875e-05 1.116e-05 9.801e-05 -1.000 2.305e-04 -2.397 0.216 -1.446 -2.357 -2.656 -2.808 -2.865
0.00021956 -1.85000 10.07918 0.8017102480 2.4193210804    0.772  2.906  3.6583  1.005    3  0.000  0.528    18.94    12.95     8.84     6.93     5.62  2 -3.58e-09      0.00 7.522e-01 2.476e-01 3.875e-05 1.117e-05 9.801e-05 -1.000 2.306e-04 -2.495 0.238 -1.501 -2.447 -2.755 -2.912 -2.971
0.00021956 -1.85000 10.07918 0.8017203808 2.4193246066    0.770  2.943  3.6563  0.959    3  0.000  0.528    20.86    14.06     9.56     7.50     6.08  2 -4.11e-09      0.00 7.522e-01 2.476e-01 3.875e-05 1.117e-05 9.801e-05 -1.000 2.306e-04 -2.586 0.229 -1.558 -2.530 -2.845 -3.006 -3.067
0.00021956 -1.85000 10.07918 0.8017302155 2.4193280290    0.768  2.980  3.6539  0.911    3  0.000  0.528    23.07    15.32    10.38     8.16     6.61  2 -4.75e-09      0.00 7.522e-01 2.476e-01 3.875e-05 1.117e-05 9.801e-05 -1.000 2.305e-04 -2.680 0.224 -1.612 -2.613 -2.936 -3.102 -3.164
0.00021956 -1.85000 10.07918 0.8017394543 2.4193312440    0.766  3.017  3.6517  0.864    3  0.000  0.528    25.49    16.67    11.25     8.85     7.18  1 -5.47e-09      0.00 7.522e-01 2.476e-01 3.875e-05 1.117e-05 9.801e-05 -1.000 2.304e-04 -2.772 0.217 -1.667 -2.695 -3.027 -3.197 -3.261
0.00021956 -1.85000 10.07918 0.8017475009 2.4193340440    0.763  3.051  3.6496  0.820    3  0.000  0.528    27.95    18.03    12.13     9.55     7.75  1 -6.23e-09      0.00 7.522e-01 2.476e-01 3.875e-05 1.117e-05 9.801e-05 -1.000 2.306e-04 -2.857 0.211 -1.717 -2.771 -3.111 -3.285 -3.351
0.00021956 -1.85000 10.07918 0.8017553091 2.4193367610    0.760  3.086  3.6473  0.775    3  0.000  0.528    30.75    19.55    13.10    10.33     8.38  1 -7.12e-09      0.00 7.522e-01 2.476e-01 3.875e-05 1.117e-05 9.801e-05 -1.000 2.305e-04 -2.944 0.209 -1.765 -2.846 -3.194 -3.373 -3.441
0.00021956 -1.85000 10.07918 0.8017626405 2.4193393120    0.758  3.120  3.6453  0.731    3  0.000  0.528    33.75    21.16    14.13    11.16     9.05  1 -8.12e-09      0.00 7.522e-01 2.476e-01 3.875e-05 1.117e-05 9.801e-05 -1.000 2.305e-04 -3.030 0.201 -1.816 -2.922 -3.278 -3.461 -3.530
0.00021956 -1.85000 10.07918 0.8017692566 2.4193416141    0.755  3.153  3.6432  0.687    3  0.000  0.528    36.96    22.86    15.20    12.02     9.76  1 -9.23e-09      0.00 7.522e-01 2.476e-01 3.875e-05 1.117e-05 9.801e-05 -1.000 2.306e-04 -3.112 0.200 -1.861 -2.993 -3.357 -3.544 -3.616
0.00021956 -1.85000 10.07918 0.8017758727 2.4193439162    0.751  3.187  3.6409  0.642    3  0.000  0.528    40.63    24.77    16.42    13.00    10.55  1 -1.05e-08      0.00 7.522e-01 2.476e-01 3.875e-05 1.117e-05 9.801e-05 -1.000 2.306e-04 -3.198 0.200 -1.907 -3.066 -3.439 -3.631 -3.705
0.00021956 -1.85000 10.07918 0.8017817736 2.4193459693    0.748  3.219  3.6390  0.601    3  0.000  0.528    44.35    26.67    17.62    13.97    11.34  1 -1.19e-08      0.00 7.522e-01 2.476e-01 3.875e-05 1.117e-05 9.801e-05 -1.000 2.305e-04 -3.278 0.198 -1.948 -3.134 -3.515 -3.711 -3.787
0.00021956 -1.85000 10.07918 0.8017875552 2.4193479809    0.744  3.251  3.6369  0.559    3  0.000  0.528    48.45    28.75    18.92    15.02    12.19  1 -1.35e-08      0.00 7.522e-01 2.476e-01 3.875e-05 1.117e-05 9.801e-05 -1.000 2.305e-04 -3.357 0.199 -1.986 -3.199 -3.589 -3.791 -3.868
0.00021956 -1.85000 10.07918 0.8017923236 2.4193496400    0.740  3.275  3.6354  0.526    3  0.000  0.528    51.93    30.48    20.00    15.90    12.91  1  -1.5e-08      0.00 7.522e-01 2.476e-01 3.875e-05 1.117e-05 9.801e-05 -1.000 2.305e-04 -3.418 0.199 -2.016 -3.251 -3.648 -3.852 -3.931
0.00021956 -1.85000 10.07918 0.8017923236 2.4193496400    0.740  1.685  3.8641  3.031    4  0.000  0.530     0.00     0.00     0.00     0.00     0.00 -1    -1e-30      0.00 7.529e-01 2.469e-01 3.904e-05 1.109e-05 9.830e-05 -1.000 2.306e-04 0.557 1.049 0.546 0.564 0.646 0.689 0.717
0.00021956 -1.85000 10.07918 0.8017956018 2.4193507806    0.740  1.691  3.8614  3.015    4  0.000  0.530     0.00     0.00     0.00     0.00     0.00 -1    -1e-30      0.00 7.529e-01 2.469e-01 3.904e-05 1.109e-05 9.830e-05 -1.000 2.305e-04 0.544 1.043 0.538 0.547 0.624 0.666 0.694
0.00021956 -1.85000 10.07918 0.8018503785 2.4193698372    0.740  1.708  3.8534  2.965    4  0.000  0.530     0.00     0.00     0.00     0.00     0.00 -1    -1e-30      0.00 7.529e-01 2.469e-01 3.904e-05 1.109e-05 9.830e-05 -1.000 2.306e-04 0.501 1.021 0.513 0.495 0.558 0.596 0.622
0.00021956 -1.85000 10.07918 0.8019056916 2.4193890773    0.741  1.708  3.8541  2.968    4  0.000  0.530     0.00     0.00     0.00     0.00     0.00 -1    -1e-30      0.00 7.529e-01 2.469e-01 3.904e-05 1.109e-05 9.830e-05 -1.000 2.306e-04 0.499 1.017 0.509 0.494 0.559 0.597 0.623
0.00021956 -1.85000 10.07918 0.8019622564 2.4194087497    0.741  1.709  3.8552  2.972    4  0.000  0.530     0.00     0.00     0.00     0.00     0.00 -1    -1e-30      0.00 7.529e-01 2.469e-01 3.904e-05 1.109e-05 9.830e-05 -1.000 2.306e-04 0.499 1.014 0.506 0.495 0.561 0.600 0.626
0.00021956 -1.85000 10.07918 0.8020183444 2.4194282531    0.741  1.708  3.8565  2.977    4  0.000  0.530     0.00     0.00     0.00     0.00     0.00 -1    -1e-30      0.00 7.529e-01 2.469e-01 3.904e-05 1.109e-05 9.830e-05 -1.000 2.306e-04 0.499 1.010 0.504 0.496 0.565 0.604 0.631
0.00021956 -1.85000 10.07918 0.8020710945 2.4194465930    0.741  1.708  3.8577  2.982    4  0.000  0.530     0.00     0.00     0.00     0.00     0.00 -1    -1e-30      0.00 7.529e-01 2.469e-01 3.904e-05 1.109e-05 9.830e-05 -1.000 2.305e-04 0.499 1.007 0.501 0.498 0.569 0.609 0.635
0.00021956 -1.85000 10.07918 0.8021228909 2.4194645986    0.741  1.708  3.8588  2.987    4  0.000  0.530     0.00     0.00     0.00     0.00     0.00 -1    -1e-30      0.00 7.529e-01 2.469e-01 3.904e-05 1.109e-05 9.830e-05 -1.000 2.305e-04 0.500 1.005 0.499 0.500 0.573 0.613 0.640
0.00021956 -1.85000 10.07918 0.8021753430 2.4194828294    0.741  1.708  3.8599  2.992    4  0.000  0.530     0.00     0.00     0.00     0.00     0.00 -1    -1e-30      0.00 7.529e-01 2.469e-01 3.904e-05 1.109e-05 9.830e-05 -1.000 2.305e-04 0.500 1.002 0.497 0.501 0.576 0.618 0.644
0.00021956 -1.85000 10.07918 0.8022301793 2.4195018859    0.741  1.708  3.8609  2.996    4  0.000  0.530     0.00     0.00     0.00     0.00     0.00 -1    -1e-30      0.00 7.529e-01 2.469e-01 3.904e-05 1.109e-05 9.830e-05 -1.000 2.305e-04 0.501 1.000 0.495 0.503 0.580 0.622 0.649
0.00021956 -1.85000 10.07918 0.8022842407 2.4195206703    0.741  1.708  3.8616  2.998    4  0.000  0.530     0.00     0.00     0.00     0.00     0.00 -1    -1e-30      0.00 7.529e-01 2.469e-01 3.904e-05 1.109e-05 9.830e-05 -1.000 2.306e-04 0.501 0.998 0.494 0.504 0.582 0.624 0.651
0.00021956 -1.85000 10.07918 0.8023399115 2.4195400107    0.741  1.708  3.8619  3.000    4  0.000  0.530     0.00     0.00     0.00     0.00     0.00 -1    -1e-30      0.00 7.529e-01 2.469e-01 3.904e-05 1.109e-05 9.830e-05 -1.000 2.306e-04 0.501 0.997 0.493 0.504 0.583 0.625 0.652
0.00021956 -1.85000 10.07918 0.8023951054 2.4195591825    0.741  1.708  3.8618  2.999    4  0.000  0.530     0.00     0.00     0.00     0.00     0.00 -1    -1e-30      0.00 7.529e-01 2.469e-01 3.904e-05 1.109e-05 9.830e-05 -1.000 2.305e-04 0.500 0.996 0.492 0.503 0.582 0.624 0.651
0.00021956 -1.85000 10.07918 0.8024496436 2.4195781236    0.741  1.709  3.8613  2.996    4  0.000  0.530     0.00     0.00     0.00     0.00     0.00 -1    -1e-30      0.00 7.529e-01 2.469e-01 3.904e-05 1.109e-05 9.830e-05 -1.000 2.305e-04 0.498 0.996 0.492 0.501 0.578 0.620 0.647
0.00021956 -1.85000 10.07918 0.8025025129 2.4195964822    0.741  1.710  3.8602  2.991    4  0.000  0.530     0.00     0.00     0.00     0.00     0.00 -1    -1e-30      0.00 7.529e-01 2.469e-01 3.904e-05 1.109e-05 9.830e-05 -1.000 2.306e-04 0.496 0.997 0.492 0.497 0.573 0.614 0.641
0.00021956 -1.85000 10.07918 0.8025255799 2.4196044912    0.741  1.710  3.8597  2.989    4  0.000  0.530     0.00     0.00     0.00     0.00     0.00 -1    -1e-30      0.00 7.529e-01 2.469e-01 3.904e-05 1.109e-05 9.830e-05 -1.000 2.306e-04 0.495 0.997 0.492 0.495 0.570 0.611 0.638
0.00021956 -1.85000 10.07918 0.8025376797 2.4196086921    0.741  1.710  3.8592  2.987    4  0.000  0.530     0.00     0.00     0.00     0.00     0.00 -1    -1e-30      0.00 7.529e-01 2.469e-01 3.904e-05 1.109e-05 9.830e-05 -1.000 2.306e-04 0.494 0.997 0.492 0.494 0.568 0.609 0.636
0.00021956 -1.85000 10.07918 0.8025907874 2.4196271288    0.741  1.712  3.8572  2.977    4  0.000  0.530     0.00     0.00     0.00     0.00     0.00 -1    -1e-30      0.00 7.529e-01 2.469e-01 3.904e-05 1.109e-05 9.830e-05 -1.000 2.305e-04 0.491 1.000 0.493 0.489 0.559 0.599 0.625
0.00021956 -1.85000 10.07918 0.8026445508 2.4196457903    0.741  1.714  3.8544  2.964    4  0.000  0.530     0.00     0.00     0.00     0.00     0.00 -1    -1e-30      0.00 7.529e-01 2.469e-01 3.904e-05 1.109e-05 9.830e-05 -1.000 2.305e-04 0.486 1.003 0.495 0.481 0.546 0.585 0.610
0.00021956 -1.85000 10.07918 0.8026973605 2.4196641180    0.741  1.716  3.8511  2.949    4  0.000  0.530     0.00     0.00     0.00     0.00     0.00 -1    -1e-30      0.00 7.529e-01 2.469e-01 3.904e-05 1.109e-05 9.830e-05 -1.000 2.306e-04 0.480 1.007 0.498 0.473 0.531 0.568 0.593
0.00021956 -1.85000 10.07918 0.8027494550 2.4196821947    0.741  1.718  3.8473  2.931    4  0.000  0.530     0.00     0.00     0.00     0.00     0.00 -1    -1e-30      0.00 7.529e-01 2.469e-01 3.904e-05 1.109e-05 9.830e-05 -1.000 2.306e-04 0.474 1.012 0.501 0.463 0.515 0.549 0.574
0.00021956 -1.85000 10.07918 0.8028013110 2.4197001860    0.742  1.721  3.8427  2.910    4  0.000  0.530     0.00     0.00     0.00     0.00     0.00 -1    -1e-30      0.00 7.529e-01 2.469e-01 3.904e-05 1.109e-05 9.830e-05 -1.000 2.306e-04 0.467 1.019 0.505 0.452 0.495 0.527 0.550
0.00021956 -1.85000 10.07918 0.8028528094 2.4197180506    0.742  1.725  3.8376  2.886    4  0.000  0.530     0.00     0.00     0.00     0.00     0.00 -1    -1e-30      0.00 7.529e-01 2.469e-01 3.904e-05 1.109e-05 9.830e-05 -1.000 2.306e-04 0.458 1.027 0.510 0.439 0.473 0.503 0.524
0.00021956 -1.85000 10.07918 0.8029043674 2.4197359332    0.742  1.728  3.8320  2.860    4  0.000  0.530     0.00     0.00     0.00     0.00     0.00 -1    -1e-30      0.00 7.529e-01 2.469e-01 3.904e-05 1.109e-05 9.830e-05 -1.000 2.305e-04 0.449 1.037 0.516 0.426 0.449 0.476 0.496
0.00021956 -1.85000 10.07918 0.8029092550 2.4197376283    0.742  1.729  3.8314  2.857    4  0.000  0.530     0.00     0.00     0.00     0.00     0.00 -1    -1e-30      0.00 7.529e-01 2.469e-01 3.904e-05 1.109e-05 9.830e-05 -1.000 2.306e-04 0.448 1.038 0.516 0.424 0.447 0.473 0.493
0.00021956 -1.85000 10.07918 0.8029185534 2.4197408531    0.742  1.730  3.8303  2.852    4  0.000  0.530     0.00     0.00     0.00     0.00     0.00 -1    -1e-30      0.00 7.529e-01 2.469e-01 3.904e-05 1.109e-05 9.830e-05 -1.000 2.306e-04 0.446 1.040 0.518 0.422 0.442 0.468 0.488
0.00021956 -1.85000 10.07918 0.8029732108 2.4197598071    0.742  1.734  3.8237  2.821    4  0.000  0.530     0.00     0.00     0.00     0.00     0.00 -1    -1e-30      0.00 7.529e-01 2.469e-01 3.904e-05 1.109e-05 9.830e-05 -1.000 2.306e-04 0.435 1.053 0.525 0.407 0.415 0.437 0.455
0.00021956 -1.85000 10.07918 0.8030265570 2.4197783035    0.742  1.738  3.8173  2.791    4  0.000  0.530     0.00     0.00     0.00     0.00     0.00 -1    -1e-30      0.00 7.529e-01 2.469e-01 3.904e-05 1.109e-05 9.830e-05 -1.000 2.306e-04 0.424 1.067 0.532 0.392 0.389 0.406 0.422
0.00021956 -1.85000 10.07918 0.8030835986 2.4197980781    0.742  1.744  3.8099  2.756    4  0.000  0.530     0.00     0.00     0.00     0.00     0.00 -1    -1e-30      0.00 7.529e-01 2.469e-01 3.904e-05 1.109e-05 9.830e-05 -1.000 2.305e-04 0.411 1.084 0.542 0.375 0.359 0.371 0.385
0.00021956 -1.85000 10.07918 0.8031378984 2.4198168991    0.742  1.749  3.8027  2.722    4  0.000  0.530     0.00     0.00     0.00     0.00     0.00 -1    -1e-30      0.00 7.529e-01 2.469e-01 3.904e-05 1.109e-05 9.830e-05 -1.000 2.306e-04 0.397 1.103 0.552 0.359 0.330 0.336 0.348
0.00021956 -1.85000 10.07918 0.8031899333 2.4198349324    0.742  1.755  3.7966  2.692    4  0.000  0.530     0.00     0.00     0.00     0.00     0.00 -1    -1e-30      0.00 7.529e-01 2.469e-01 3.904e-05 1.109e-05 9.830e-05 -1.000 2.306e-04 0.383 1.119 0.559 0.344 0.304 0.305 0.315
0.00021956 -1.85000 10.07918 0.8032436371 2.4198535412    0.742  1.761  3.7902  2.660    4  0.000  0.530     0.00     0.00     0.00     0.00     0.00 -1    -1e-30      0.00 7.529e-01 2.469e-01 3.904e-05 1.109e-05 9.830e-05 -1.000 2.306e-04 0.368 1.136 0.565 0.327 0.276 0.272 0.279
0.00021956 -1.85000 10.07918 0.8032963872 2.4198718168    0.742  1.767  3.7848  2.633    4  0.000  0.530     0.00     0.00     0.00     0.00     0.00 -1    -1e-30      0.00 7.529e-01 2.469e-01 3.904e-05 1.109e-05 9.830e-05 -1.000 2.306e-04 0.353 1.149 0.570 0.312 0.252 0.243 0.248
0.00021956 -1.85000 10.07918 0.8033496737 2.4198902755    0.742  1.773  3.7798  2.607    4  0.000  0.530     0.00     0.00     0.00     0.00     0.00 -1    -1e-30      0.00 7.529e-01 2.469e-01 3.904e-05 1.109e-05 9.830e-05 -1.000 2.306e-04 0.338 1.160 0.572 0.296 0.227 0.214 0.217
0.00021956 -1.85000 10.07918 0.8034029603 2.4199087313    0.742  1.780  3.7751  2.581    4  0.000  0.530     0.00     0.00     0.00     0.00     0.00 -1    -1e-30      0.00 7.529e-01 2.469e-01 3.904e-05 1.109e-05 9.830e-05 -1.000 2.306e-04 0.320 1.172 0.571 0.279 0.201 0.183 0.185
0.00021956 -1.85000 10.07918 0.8034566641 2.4199273288    0.742  1.789  3.7699  2.551    4  0.000  0.530     0.00     0.00     0.00     0.00     0.00 -1    -1e-30      0.00 7.529e-01 2.469e-01 3.904e-05 1.109e-05 9.830e-05 -1.000 2.306e-04 0.297 1.180 0.566 0.256 0.169 0.146 0.146
0.00021956 -1.85000 10.07918 0.8034673929 2.4199310438    0.742  1.780  3.7732  2.573    4  0.000  0.530     0.00     0.00     0.00     0.00     0.00 -1    -1e-30      0.00 7.529e-01 2.469e-01 3.904e-05 1.109e-05 9.830e-05 -1.000 2.306e-04 0.319 1.182 0.577 0.278 0.197 0.177 0.178
0.00021956 -1.85000 10.07918 0.8035225272 2.4199501331    0.742  1.795  3.7662  2.531    4  0.000  0.530     0.00     0.00     0.00     0.00     0.00 -1    -1e-30      0.00 7.529e-01 2.469e-01 3.904e-05 1.109e-05 9.830e-05 -1.000 2.306e-04 0.282 1.189 0.566 0.242 0.149 0.122 0.120
0.00021956 -1.85000 10.07918 0.8035767674 2.4199689100    0.742  1.813  3.7598  2.487    4  0.000  0.530     0.00     0.00     0.00     0.00     0.00 -1    -1e-30      0.00 7.529e-01 2.469e-01 3.904e-05 1.109e-05 9.830e-05 -1.000 2.306e-04 0.237 1.184 0.544 0.197 0.093 0.060 0.055
0.00021956 -1.85000 10.07918 0.8036224246 2.4199847132    0.742  1.842  3.7521  2.427    4  0.000  0.530     0.00     0.00     0.00     0.00     0.00 -1    -1e-30      0.00 7.529e-01 2.469e-01 3.904e-05 1.109e-05 9.830e-05 -1.000 2.306e-04 0.165 1.166 0.502 0.126 0.008 -0.032 -0.040
0.00021956 -1.85000 10.07918 0.8036472201 2.4199932948    0.742  1.876  3.7444  2.362    4  0.000  0.530     0.00     0.00     0.00     0.00     0.00 -1    -1e-30      0.00 7.529e-01 2.469e-01 3.904e-05 1.109e-05 9.830e-05 -1.000 2.306e-04 0.080 1.138 0.446 0.043 -0.088 -0.136 -0.148
0.00021956 -1.85000 10.07918 0.8036584258 2.4199971729    0.742  1.912  3.7374  2.299    4  0.000  0.530     0.00     0.00     0.00     0.00     0.00 -1    -1e-30      0.00 7.529e-01 2.469e-01 3.904e-05 1.109e-05 9.830e-05 -1.000 2.306e-04 -0.010 1.104 0.384 -0.045 -0.188 -0.244 -0.258
0.00021956 -1.85000 10.07918 0.8036633730 2.4199988849    0.742  1.949  3.7313  2.236    4  0.000  0.530     0.00     0.00     0.00     0.00     0.00 -1    -1e-30      0.00 7.529e-01 2.469e-01 3.904e-05 1.109e-05 9.830e-05 -1.000 2.306e-04 -0.103 1.064 0.315 -0.137 -0.290 -0.353 -0.370
0.00021956 -1.85000 10.07918 0.8036657572 2.4199997100    0.742  1.986  3.7262  2.179    4  0.000  0.530     0.00     0.00     0.00     0.00     0.00 -1    -1e-30      0.00 7.529e-01 2.469e-01 3.904e-05 1.109e-05 9.830e-05 -1.000 2.306e-04 -0.196 1.018 0.243 -0.228 -0.390 -0.458 -0.477
0.00021956 -1.85000 10.07918 0.8036667109 2.4200000400    0.742  2.012  3.7234  2.142    7  0.000  0.530     0.00     0.00     0.00     0.00     0.00 -1    -1e-30      0.00 7.529e-01 2.469e-01 3.904e-05 1.109e-05 9.830e-05 -1.000 2.306e-04 -0.259 0.983 0.192 -0.290 -0.457 -0.528 -0.549
0.00021956 -1.85000 10.07918 0.8036677241 2.4200003907    0.742  2.050  3.7198  2.090    7  0.000  0.530     0.00     0.00     0.00     0.00     0.00 -1    -1e-30      0.00 7.529e-01 2.469e-01 3.904e-05 1.109e-05 9.830e-05 -1.000 2.306e-04 -0.355 0.922 0.112 -0.384 -0.557 -0.632 -0.655
0.00021956 -1.85000 10.07918 0.8036686778 2.4200007207    0.742  2.087  3.7167  2.041    7  0.000  0.530     0.00     0.00     0.00     0.00     0.00 -1    -1e-30      0.00 7.529e-01 2.469e-01 3.904e-05 1.109e-05 9.830e-05 -1.000 2.306e-04 -0.447 0.864 0.035 -0.474 -0.652 -0.731 -0.755
0.00021956 -1.85000 10.07918 0.8036695719 2.4200010301    0.742  2.119  3.7142  1.998    7  0.000  0.530     0.00     0.00     0.00     0.00     0.00 -1    -1e-30      0.00 7.529e-01 2.469e-01 3.904e-05 1.109e-05 9.830e-05 -1.000 2.305e-04 -0.528 0.810 -0.035 -0.554 -0.737 -0.818 -0.843
0.00021956 -1.85000 10.07918 0.8036705256 2.4200013602    0.742  2.142  3.7126  1.969    7  0.000  0.530     0.00     0.00     0.00     0.00     0.00 -1    -1e-30      0.00 7.529e-01 2.469e-01 3.904e-05 1.109e-05 9.830e-05 -1.000 2.306e-04 -0.584 0.773 -0.083 -0.609 -0.795 -0.878 -0.904
0.00021956 -1.85000 10.07918 0.8036718965 2.4200018346    0.742  2.166  3.7109  1.938    7  0.000  0.530     0.00     0.00     0.00     0.00     0.00 -1    -1e-30      0.00 7.529e-01 2.469e-01 3.904e-05 1.109e-05 9.830e-05 -1.000 2.306e-04 -0.646 0.731 -0.136 -0.670 -0.858 -0.944 -0.970
0.00021956 -1.85000 10.07918 0.8036744595 2.4200027215    0.742  2.149  3.7123  1.961    7  0.000  0.530     0.00     0.00     0.00     0.00     0.00 -1    -1e-30      0.00 7.529e-01 2.469e-01 3.904e-05 1.109e-05 9.830e-05 -1.000 2.307e-04 -0.602 0.759 -0.099 -0.627 -0.813 -0.897 -0.923
0.00021956 -1.85000 10.07918 0.8036787510 2.4200042066    0.742  2.122  3.7142  1.996    7  0.000  0.530     0.00     0.00     0.00     0.00     0.00 -1    -1e-30      0.00 7.529e-01 2.469e-01 3.904e-05 1.109e-05 9.830e-05 -1.000 2.306e-04 -0.534 0.804 -0.041 -0.560 -0.743 -0.824 -0.849
0.00021956 -1.85000 10.07918 0.8037045002 2.4200131168    0.742  2.147  3.7120  1.962    7  0.000  0.530     0.00     0.00     0.00     0.00     0.00 -1    -1e-30      0.00 7.529e-01 2.469e-01 3.904e-05 1.109e-05 9.830e-05 -1.000 2.306e-04 -0.598 0.767 -0.093 -0.622 -0.809 -0.893 -0.919
0.00021956 -1.85000 10.07918 0.8037201762 2.4200185410    0.743  2.178  3.7096  1.921    7  0.000  0.530     0.00     0.00     0.00     0.00     0.00 -1    -1e-30      0.00 7.529e-01 2.469e-01 3.904e-05 1.109e-05 9.830e-05 -1.000 2.306e-04 -0.676 0.717 -0.160 -0.699 -0.890 -0.977 -1.005
0.00021956 -1.85000 10.07918 0.8037391305 2.4200250992    0.743  2.221  3.7065  1.865    7  0.000  0.530     0.00     0.00     0.00     0.00     0.00 -1    -1e-30      0.00 7.529e-01 2.469e-01 3.904e-05 1.109e-05 9.830e-05 -1.000 2.306e-04 -0.783 0.650 -0.251 -0.804 -1.001 -1.091 -1.121
0.00021956 -1.85000 10.07918 0.8037585616 2.4200318220    0.743  2.275  3.7029  1.797    7  0.000  0.530     0.00     0.00     0.00     0.00     0.00 -1    -1e-30      0.00 7.529e-01 2.469e-01 3.904e-05 1.109e-05 9.830e-05 -1.000 2.306e-04 -0.917 0.565 -0.365 -0.935 -1.138 -1.234 -1.265
0.00021956 -1.85000 10.07918 0.8037759662 2.4200378433    0.743  2.322  3.6998  1.738    7  0.000  0.530     0.00     0.00     0.00     0.00     0.00 -1    -1e-30      0.00 7.529e-01 2.469e-01 3.903e-05 1.109e-05 9.830e-05 -1.000 2.306e-04 -1.036 0.488 -0.466 -1.051 -1.260 -1.359 -1.391
0.00021956 -1.85000 10.07918 0.8037914038 2.4200431839    0.743  2.366  3.6971  1.683    7  0.000  0.530     0.00     0.00     0.00     0.00     0.00 -1    -1e-30      0.00 7.529e-01 2.469e-01 3.902e-05 1.109e-05 9.830e-05 -1.000 2.099e-04 -1.145 0.419 -0.559 -1.156 -1.370 -1.473 -1.507
0.00021956 -1.85000 10.07918 0.8038050532 2.4200479057    0.743  2.409  3.6944  1.630    7  0.000  0.530     0.00     0.00     0.00     0.00     0.00 -1    -1e-30      0.00 7.530e-01 2.468e-01 3.900e-05 1.110e-05 9.830e-05 -1.000 2.037e-04 -1.252 0.352 -0.650 -1.260 -1.479 -1.585 -1.621
0.00021956 -1.85000 10.07918 0.8038170338 2.4200520500    0.743  2.451  3.6919  1.578    7  0.000  0.528     0.00     0.00     0.00     0.00     0.00 -1    -1e-30      0.00 7.530e-01 2.468e-01 3.889e-05 1.115e-05 9.830e-05 -1.000 2.038e-04 -1.357 0.285 -0.739 -1.362 -1.586 -1.695 -1.733
0.00021956 -1.85000 10.07918 0.8038276434 2.4200557200    0.743  2.492  3.6894  1.526    7  0.000  0.522     0.00     0.00     0.00     0.00     0.00 -1    -1e-30      0.00 7.529e-01 2.469e-01 3.853e-05 1.142e-05 9.830e-05 -1.000 2.058e-04 -1.459 0.222 -0.825 -1.461 -1.690 -1.803 -1.841
0.00021956 -1.85000 10.07918 0.8038372993 2.4200590600    0.743  2.533  3.6868  1.475    7  0.000  0.511     6.89     5.48     3.89     3.01     2.44  3    -1e-30      0.00 7.528e-01 2.469e-01 3.779e-05 1.218e-05 9.831e-05 -1.000 2.305e-04 -1.563 0.161 -0.911 -1.560 -1.794 -1.910 -1.950
0.00021956 -1.85000 10.07918 0.8038461208 2.4200621112    0.743  2.574  3.6843  1.424    7  0.000  0.497     7.69     6.01     4.25     3.30     2.67  3    -1e-30      0.00 7.528e-01 2.470e-01 3.683e-05 1.330e-05 9.831e-05 -1.000 2.306e-04 -1.666 0.113 -0.995 -1.660 -1.899 -2.019 -2.061
0.00021956 -1.85000 10.07918 0.8038542867 2.4200649356    0.743  2.616  3.6817  1.372    7  0.000  0.484     8.58     6.60     4.64     3.61     2.92  3    -1e-30      0.00 7.527e-01 2.471e-01 3.585e-05 1.449e-05 9.832e-05 -1.000 2.305e-04 -1.769 0.079 -1.076 -1.762 -2.007 -2.129 -2.172
0.00021956 -1.85000 10.07918 0.8038619757 2.4200675951    0.743  2.657  3.6791  1.320    7  0.000  0.472     9.58     7.25     5.08     3.95     3.20  3    -1e-30      0.00 7.526e-01 2.473e-01 3.497e-05 1.557e-05 9.833e-05 -1.000 1.926e-04 -1.873 0.053 -1.155 -1.864 -2.114 -2.240 -2.285
0.00021956 -1.85000 10.07918 0.8038693070 2.4200701307    0.743  2.698  3.6765  1.269    7  0.000  0.462    10.68     7.96     5.55     4.32     3.50  3    -1e-30      0.00 7.524e-01 2.474e-01 3.420e-05 1.652e-05 9.834e-05 -1.000 2.306e-04 -1.975 0.034 -1.230 -1.963 -2.219 -2.349 -2.395
0.00021956 -1.85000 10.07918 0.8038762808 2.4200725427    0.743  2.739  3.6740  1.218    7  0.000  0.453    11.91     8.72     6.06     4.73     3.82  2    -1e-30      0.00 7.522e-01 2.475e-01 3.353e-05 1.734e-05 9.833e-05 -1.000 2.306e-04 -2.077 0.022 -1.303 -2.062 -2.324 -2.458 -2.505
0.00021956 -1.85000 10.07918 0.8038829565 2.4200748515    0.743  2.779  3.6714  1.167    7  0.000  0.445    13.28     9.57     6.62     5.17     4.19  2    -1e-30      0.00 7.520e-01 2.477e-01 3.297e-05 1.804e-05 9.832e-05 -1.000 2.306e-04 -2.179 0.017 -1.372 -2.160 -2.430 -2.567 -2.616
0.00021956 -1.85000 10.07918 0.8038890362 2.4200769541    0.743  2.821  3.6687  1.114    7  0.000  0.438    14.86    10.53     7.25     5.67     4.59  2    -1e-30      0.00 7.519e-01 2.479e-01 3.246e-05 1.867e-05 9.829e-05 -1.000 2.306e-04 -2.284 0.019 -1.442 -2.261 -2.538 -2.679 -2.730
0.00021956 -1.85000 10.07918 0.8038940430 2.4200786857    0.743  2.862  3.6660  1.063    7  0.000  0.433    16.58    11.55     7.92     6.21     5.03  2    -1e-30      0.00 7.517e-01 2.481e-01 3.205e-05 1.918e-05 9.823e-05 -1.000 2.306e-04 -2.385 0.031 -1.504 -2.357 -2.642 -2.787 -2.840
0.00021956 -1.85000 10.07918 0.8038983345 2.4200801698    0.743  2.903  3.6632  1.010    7  0.000  0.429    18.53    12.70     8.67     6.80     5.51  2    -1e-30      0.00 7.515e-01 2.482e-01 3.169e-05 1.964e-05 9.814e-05 -1.000 2.306e-04 -2.489 0.051 -1.565 -2.454 -2.748 -2.897 -2.952
0.00021956 -1.85000 10.07918 0.8039019108 2.4200814066    0.743  2.943  3.6605  0.960    7  0.000  0.425    20.63    13.92     9.46     7.43     6.02  2    -1e-30      0.00 7.513e-01 2.485e-01 3.138e-05 2.005e-05 9.801e-05 -1.000 1.928e-04 -2.588 0.087 -1.616 -2.547 -2.850 -3.004 -3.061
0.00021956 -1.85000 10.07918 0.8039053679 2.4200826022    0.743  2.984  3.6577  0.908    7  0.000  0.422    23.02    15.27    10.34     8.14     6.59  1    -1e-30      0.00 7.511e-01 2.486e-01 3.112e-05 2.044e-05 9.786e-05 -1.000 2.305e-04 -2.689 0.130 -1.663 -2.638 -2.952 -3.112 -3.171
0.00021956 -1.85000 10.07918 0.8039088249 2.4200837977    0.743  3.027  3.6547  0.853    7  0.000  0.420    25.88    16.87    11.37     8.96     7.26  1    -1e-30      0.00 7.510e-01 2.488e-01 3.091e-05 2.078e-05 9.768e-05 -1.000 2.306e-04 -2.797 0.130 -1.723 -2.733 -3.057 -3.222 -3.284
0.00021956 -1.85000 10.07918 0.8039119244 2.4200848696    0.743  3.072  3.6516  0.796    7  0.000  0.419    29.25    18.72    12.56     9.91     8.04  1    -1e-30      0.00 7.508e-01 2.490e-01 3.072e-05 2.117e-05 9.746e-05 -1.000 2.306e-04 -2.909 0.133 -1.784 -2.830 -3.166 -3.338 -3.402
0.00021956 -1.85000 10.07918 0.8039129376 2.4200852200    0.743  3.091  3.6501  0.770    7  0.000  0.418    30.88    19.60    13.13    10.36     8.40  1    -1e-30      0.00 7.507e-01 2.491e-01 3.063e-05 2.137e-05 9.733e-05 -1.000 2.306e-04 -2.958 0.135 -1.810 -2.873 -3.214 -3.389 -3.454
0.00021956 -1.85000 10.07918 0.8039131761 2.4200853024    0.743  3.126  3.6476  0.725    7  0.000  0.417    33.99    21.27    14.19    11.22     9.10  1    -1e-30      0.00 7.506e-01 2.492e-01 3.050e-05 2.172e-05 9.710e-05 -1.000 2.306e-04 -3.045 0.139 -1.856 -2.948 -3.298 -3.477 -3.545
0.00021956 -1.85000 10.07918 0.8039134741 2.4200854055    0.743  3.161  3.6450  0.680    7  0.000  0.416    37.42    23.07    15.34    12.14     9.85  1    -1e-30      0.00 7.503e-01 2.495e-01 3.031e-05 2.225e-05 9.674e-05 -1.000 2.306e-04 -3.132 0.144 -1.901 -3.021 -3.381 -3.565 -3.635
0.00021956 -1.85000 10.07918 0.8039139509 2.4200855704    0.743  3.202  3.6419  0.627    7  0.000  0.415    41.90    25.40    16.81    13.32    10.81  1    -1e-30      0.00 7.500e-01 2.498e-01 3.011e-05 2.288e-05 9.629e-05 -1.000 2.306e-04 -3.234 0.153 -1.950 -3.107 -3.478 -3.669 -3.742
0.00021956 -1.85000 10.07918 0.8039141297 2.4200856322    0.743  3.217  3.6396  0.602    8  0.524  0.418    44.20    26.58    17.56    13.92    11.30  1 -3.76e-07      0.00 7.495e-01 2.502e-01 3.020e-05 2.360e-05 9.644e-05 -1.000 2.133e-04 -3.274 0.188 -1.952 -3.133 -3.513 -3.708 -3.783
0.00021956 -1.85000 10.07918 0.8039141297 2.4200856322    0.743  3.000  3.6535  0.875    8  0.524  0.462    24.73    16.23    10.96     8.63     6.99  1 -1.54e-07      0.00 7.179e-01 2.814e-01 7.061e-04 3.804e-04 2.038e-03 -1.000 6.990e-04 -2.731 0.208 -1.649 -2.662 -2.988 -3.155 -3.218
0.00021956 -1.85000 10.07918 0.8039141297 2.4200856322    0.743  2.845  3.6652  1.077    8  0.524  0.462    16.07    11.25     7.73     6.05     4.90  2 -8.68e-08      0.00 7.193e-01 2.801e-01 6.777e-04 3.654e-04 1.956e-03 -1.000 6.782e-04 -2.341 0.096 -1.453 -2.311 -2.598 -2.744 -2.798
0.00021956 -1.85000 10.07918 0.8039141297 2.4200856322    0.743  2.635  3.6809  1.349    8  0.524  0.462     9.01     6.88     4.83     3.75     3.04  3 -4.34e-08      0.00 7.219e-01 2.775e-01 6.208e-04 3.354e-04 1.793e-03 -1.000 6.361e-04 -1.818 0.056 -1.117 -1.810 -2.057 -2.180 -2.224
0.00021956 -1.85000 10.07918 0.8039141297 2.4200856322    0.743  2.636  3.6808  1.348    8  0.524  0.461     9.03     6.90     4.84     3.76     3.04  3 -4.35e-08      0.00 7.253e-01 2.741e-01 5.468e-04 2.964e-04 1.580e-03 -1.000 5.816e-04 -1.820 0.056 -1.119 -1.813 -2.059 -2.183 -2.227
0.00021956 -1.85000 10.07918 0.8039141297 2.4200856322    0.743  2.721  3.6744  1.237    8  0.524  0.461    11.43     8.43     5.86     4.57     3.70  2 -5.71e-08      0.00 7.293e-01 2.702e-01 4.599e-04 2.506e-04 1.331e-03 -1.000 5.173e-04 -2.034 0.046 -1.265 -2.019 -2.280 -2.413 -2.460
0.00021956 -1.85000 10.07918 0.8039141297 2.4200856322    0.743  2.898  3.6612  1.008    8  0.524  0.460    18.64    12.76     8.71     6.83     5.54  2 -1.05e-07      0.00 7.336e-01 2.659e-01 3.654e-04 2.007e-04 1.059e-03 -1.000 4.472e-04 -2.475 0.143 -1.523 -2.436 -2.735 -2.888 -2.944
0.00021956 -1.85000 10.07918 0.8039141297 2.4200856322    0.743  3.054  3.6495  0.805    8  0.524  0.459    28.68    18.41    12.36     9.75     7.91  1 -1.89e-07      0.00 7.380e-01 2.616e-01 2.696e-04 1.502e-04 7.838e-04 -1.000 3.758e-04 -2.865 0.217 -1.719 -2.777 -3.118 -3.293 -3.359
0.00021956 -1.85000 10.07918 0.8039141893 2.4200856528    0.743  3.155  3.6420  0.674    8  0.524  0.456    37.89    23.32    15.49    12.26     9.95  1 -2.84e-07      0.00 7.422e-01 2.575e-01 1.796e-04 1.028e-04 5.253e-04 -1.000 3.081e-04 -3.117 0.234 -1.847 -2.991 -3.359 -3.549 -3.621
0.00021956 -1.85000 10.07918 0.8039141893 2.4200856528    0.743  3.206  3.6381  0.607    8  0.524  0.450    43.65    26.30    17.38    13.78    11.19  1 -3.52e-07      0.00 7.456e-01 2.541e-01 1.036e-04 6.280e-05 3.069e-04 -1.000 2.503e-04 -3.245 0.245 -1.906 -3.096 -3.479 -3.677 -3.753
0.00021956 -1.85000 10.07918 0.8039141893 2.4200856528    0.743  3.226  3.6366  0.581    8  0.524  0.436    46.19    27.60    18.19    14.44    11.72  1 -3.84e-07      0.00 7.480e-01 2.518e-01 5.056e-05 3.493e-05 1.545e-04 -1.000 2.086e-04 -3.296 0.250 -1.928 -3.137 -3.527 -3.728 -3.805
0.00021956 -1.85000 10.07918 0.8039141893 2.4200856528    0.743  3.234  3.6361  0.572    8  0.524  0.420    47.12    28.07    18.49    14.68    11.92  1 -3.96e-07      0.00 7.488e-01 2.510e-01 3.056e-05 2.449e-05 9.701e-05 -1.000 1.903e-04 -3.314 0.252 -1.936 -3.152 -3.543 -3.746 -3.824
0.00021956 -1.85000 10.07918 0.8039142489 2.4200856734    0.742  3.060  3.6490  0.796    8  0.524  0.420    29.21    18.70    12.55     9.90     8.03  1 -1.95e-07      0.00 7.488e-01 2.510e-01 3.056e-05 2.449e-05 9.701e-05 -1.000 1.903e-04 -2.881 0.219 -1.727 -2.791 -3.133 -3.309 -3.376
0.00021956 -1.85000 10.07918 0.8039143682 2.4200857147    0.739  2.864  3.6636  1.049    8  0.524  0.420    17.03    11.82     8.10     6.35     5.14  2 -9.36e-08      0.00 7.488e-01 2.510e-01 3.056e-05 2.449e-05 9.701e-05 -1.000 1.903e-04 -2.390 0.115 -1.478 -2.357 -2.648 -2.796 -2.851
0.00021956 -1.85000 10.07918 0.8039146066 2.4200857971    0.734  2.659  3.6789  1.313    8  0.524  0.420     9.70     7.33     5.13     3.99     3.23  3 -4.73e-08      0.00 7.488e-01 2.510e-01 3.056e-05 2.449e-05 9.701e-05 -1.000 1.903e-04 -1.877 0.056 -1.157 -1.867 -2.118 -2.245 -2.289
0.00021956 -1.85000 10.07918 0.8039149046 2.4200859002    0.728  2.665  3.6783  1.300    8  0.524  0.420     9.94     7.48     5.23     4.07     3.30  3 -4.88e-08      0.00 7.488e-01 2.510e-01 3.056e-05 2.449e-05 9.701e-05 -1.000 1.902e-04 -1.893 0.060 -1.167 -1.883 -2.135 -2.263 -2.308
0.00021956 -1.85000 10.07918 0.8039152622 2.4200860239    0.720  2.757  3.6712  1.175    8  0.524  0.420    12.94     9.36     6.47     5.06     4.10  2 -6.69e-08      0.00 7.488e-01 2.510e-01 3.056e-05 2.449e-05 9.701e-05 -1.000 1.903e-04 -2.124 0.076 -1.316 -2.105 -2.375 -2.512 -2.561
0.00021956 -1.85000 10.07918 0.8039157391 2.4200861888    0.711  2.941  3.6572  0.929    8  0.524  0.420    21.78    14.55     9.86     7.76     6.29  1 -1.31e-07      0.00 7.488e-01 2.510e-01 3.056e-05 2.449e-05 9.701e-05 -1.000 1.903e-04 -2.583 0.234 -1.556 -2.530 -2.845 -3.005 -3.065
0.00021956 -1.85000 10.07918 0.8039163351 2.4200863949    0.700  3.105  3.6446  0.708    8  0.525  0.420    34.78    21.60    14.38    11.40     9.24  1 -2.56e-07      0.00 7.488e-01 2.510e-01 3.056e-05 2.449e-05 9.701e-05 -1.000 1.902e-04 -2.993 0.271 -1.765 -2.881 -3.240 -3.425 -3.495
0.00021956 -1.85000 10.07918 0.8039169312 2.4200866010    0.687  3.215  3.6361  0.556    8  0.525  0.420    47.96    28.30    18.61    14.81    12.02  1 -4.19e-07      0.00 7.488e-01 2.510e-01 3.056e-05 2.449e-05 9.701e-05 -1.000 1.902e-04 -3.268 0.309 -1.885 -3.106 -3.499 -3.702 -3.780
0.00021956 -1.85000 10.07918 0.8039176464 2.4200868483    0.674  3.277  3.6311  0.465    8  0.526  0.420    57.99    33.16    21.64    17.28    14.02  1 -5.69e-07      0.00 7.488e-01 2.510e-01 3.056e-05 2.449e-05 9.701e-05 -1.000 1.903e-04 -3.423 0.340 -1.939 -3.227 -3.642 -3.856 -3.939
0.00021956 -1.85000 10.07918 0.8039184213 2.4200871163    0.659  3.310  3.6283  0.412    8  0.526  0.420    64.79    36.33    23.60    18.88    15.32  1 -6.85e-07      0.00 7.488e-01 2.510e-01 3.056e-05 2.449e-05 9.701e-05 -1.000 1.903e-04 -3.505 0.362 -1.957 -3.286 -3.716 -3.938 -4.023
0.00021956 -1.85000 10.07918 0.8039193153 2.4200874255    0.643  3.331  3.6263  0.372    8  0.527  0.420    70.24    38.77    25.10    20.12    16.33  1 -7.89e-07      0.00 7.488e-01 2.510e-01 3.056e-05 2.449e-05 9.701e-05 -1.000 1.903e-04 -3.557 0.382 -1.962 -3.322 -3.762 -3.989 -4.077
0.00021956 -1.85000 10.07918 0.8039234877 2.4200888683    0.528 -9.999  4.0000  1.865    9  0.529  0.000     0.00     0.00     0.00     0.00     0.00 -1    -1e-30      0.00 7.488e-01 2.510e-01 3.056e-05 2.449e-05 9.701e-05 -1.000 1.902e-04 29.767 30.107 29.969 30.248 30.476 30.555 30.644
