# Zini     MH   logAge Mini        int_IMF         Mass   logL    logTe  logg  label   McoreTP C_O  period0  period1  period2  period3  period4  pmode  Mloss  tau1m   X   Y   Xc  Xn  Xo  Cexcess  Z 	 mbolmag  umag    gmag    rmag    imag    zmag    Ymag
0.00097797 -1.20000 10.03342 0.0900000036 1.0816895926    0.090 -3.211  3.4573  5.385    1  0.000  0.545     0.00     0.00     0.00     0.00     0.00 -1 -5.23e-17      0.00 7.470e-01 2.521e-01 1.769e-04 4.773e-05 4.329e-04 -1.000 9.839e-04 12.798 18.016 16.736 14.867 12.856 12.185 12.058
0.00097797 -1.20000 10.03342 0.1000000015 1.1711064122    0.100 -2.955  3.4939  5.321    1  0.000  0.545     0.00     0.00     0.00     0.00     0.00 -1 -9.64e-17      0.00 7.456e-01 2.534e-01 1.769e-04 4.773e-05 4.329e-04 -1.000 9.839e-04 12.158 17.222 15.278 13.484 12.082 11.582 11.462
0.00097797 -1.20000 10.03342 0.1199999973 1.3193154249    0.120 -2.672  3.5266  5.247    1  0.000  0.545     0.00     0.00     0.00     0.00     0.00 -1 -1.84e-16      0.00 7.436e-01 2.554e-01 1.769e-04 4.773e-05 4.329e-04 -1.000 9.840e-04 11.449 16.130 13.943 12.280 11.297 10.907 10.796
0.00097797 -1.20000 10.03342 0.1400000006 1.4384526719    0.140 -2.490  3.5428  5.197    1  0.000  0.545     0.00     0.00     0.00     0.00     0.00 -1 -2.74e-16      0.00 7.421e-01 2.570e-01 1.769e-04 4.773e-05 4.329e-04 -1.000 9.839e-04 10.995 15.410 13.223 11.640 10.816 10.468 10.362
0.00097797 -1.20000 10.03342 0.1599999964 1.5372931554    0.160 -2.351  3.5532  5.158    1  0.000  0.545     0.00     0.00     0.00     0.00     0.00 -1  -3.7e-16      0.00 7.409e-01 2.581e-01 1.769e-04 4.773e-05 4.329e-04 -1.000 9.839e-04 10.647 14.878 12.719 11.189 10.453 10.129 10.026
0.00097797 -1.20000 10.03342 0.2000000179 1.6938791367    0.200 -2.131  3.5673  5.091    1  0.000  0.545     0.00     0.00     0.00     0.00     0.00 -1 -5.92e-16      0.00 7.395e-01 2.595e-01 1.769e-04 4.773e-05 4.329e-04 -1.000 9.840e-04 10.097 14.062 11.971 10.518 9.888 9.593 9.495
0.00097797 -1.20000 10.03342 0.2500000000 1.8403257998    0.250 -1.926  3.5786  5.028    1  0.000  0.545     0.00     0.00     0.00     0.00     0.00 -1 -1.96e-16      0.00 7.392e-01 2.599e-01 1.769e-04 4.773e-05 4.329e-04 -1.000 9.840e-04 9.585 13.344 11.316 9.928 9.366 9.091 8.998
0.00097797 -1.20000 10.03342 0.3000000417 1.9529140366    0.300 -1.768  3.5870  4.983    1  0.000  0.545     0.00     0.00     0.00     0.00     0.00 -1 -2.08e-16      0.00 7.393e-01 2.597e-01 1.769e-04 4.774e-05 4.329e-04 -1.000 9.839e-04 9.191 12.793 10.821 9.486 8.966 8.706 8.617
0.00097797 -1.20000 10.03342 0.3499999940 2.0434174644    0.350 -1.640  3.5942  4.951    1  0.000  0.545     0.00     0.00     0.00     0.00     0.00 -1 -1.63e-15      0.00 7.479e-01 2.512e-01 1.769e-04 4.773e-05 4.329e-04 -1.000 9.839e-04 8.871 12.346 10.419 9.130 8.640 8.392 8.306
0.00097797 -1.20000 10.03342 0.4000000060 2.1185024399    0.400 -1.491  3.6052  4.904    1  0.000  0.545     0.00     0.00     0.00     0.00     0.00 -1 -2.27e-15      0.00 7.489e-01 2.501e-01 1.769e-04 4.773e-05 4.329e-04 -1.000 9.839e-04 8.497 11.791 9.925 8.709 8.259 8.027 7.947
0.00097797 -1.20000 10.03342 0.4500000179 2.1822809362    0.450 -1.314  3.6226  4.848    1  0.000  0.545     0.00     0.00     0.00     0.00     0.00 -1 -3.42e-15      0.00 7.489e-01 2.501e-01 1.769e-04 4.773e-05 4.329e-04 -1.000 9.840e-04 8.056 11.084 9.306 8.203 7.808 7.604 7.532
0.00097797 -1.20000 10.03342 0.5000000000 2.2374541529    0.500 -1.112  3.6508  4.804    1  0.000  0.545     0.00     0.00     0.00     0.00     0.00 -1 -5.44e-15      0.00 7.489e-01 2.501e-01 1.769e-04 4.773e-05 4.329e-04 -1.000 9.840e-04 7.550 10.165 8.527 7.607 7.294 7.133 7.075
0.00097797 -1.20000 10.03342 0.5500000715 2.2836583126    0.550 -0.893  3.6815  4.749    1  0.000  0.544     0.00     0.00     0.00     0.00     0.00 -1 -9.14e-15      0.00 7.801e-01 2.191e-01 1.565e-04 4.224e-05 3.833e-04 -1.000 8.722e-04 7.003 9.111 7.714 6.984 6.745 6.628 6.586
0.00097797 -1.20000 10.03342 0.6000000238 2.3211213258    0.600 -0.691  3.7095  4.697    1  0.000  0.544     0.00     0.00     0.00     0.00     0.00 -1 -1.48e-14      0.00 7.885e-01 2.107e-01 1.513e-04 4.084e-05 3.708e-04 -1.000 8.369e-04 6.497 8.161 7.029 6.434 6.245 6.164 6.137
0.00097797 -1.20000 10.03342 0.6027472019 2.3229735235    0.602 -0.679  3.7113  4.694    1  0.000  0.544     0.00     0.00     0.00     0.00     0.00 -1 -1.52e-14      0.00 7.890e-01 2.102e-01 1.510e-04 4.076e-05 3.700e-04 -1.000 8.382e-04 6.468 8.108 6.992 6.403 6.218 6.139 6.113
0.00097797 -1.20000 10.03342 0.6195344329 2.3338825866    0.619 -0.609  3.7219  4.678    1  0.000  0.544     0.00     0.00     0.00     0.00     0.00 -1  -1.8e-14      0.00 7.921e-01 2.070e-01 1.490e-04 4.025e-05 3.654e-04 -1.000 8.521e-04 6.293 7.793 6.766 6.220 6.051 5.984 5.964
0.00097797 -1.20000 10.03342 0.6350665092 2.3433875299    0.635 -0.544  3.7315  4.663    1  0.000  0.543     0.00     0.00     0.00     0.00     0.00 -1  -2.1e-14      0.00 7.951e-01 2.040e-01 1.471e-04 3.975e-05 3.609e-04 -1.000 8.159e-04 6.131 7.514 6.563 6.054 5.900 5.844 5.828
0.00097797 -1.20000 10.03342 0.6483978629 2.3511294637    0.648 -0.488  3.7396  4.649    1  0.000  0.543     0.00     0.00     0.00     0.00     0.00 -1 -2.39e-14      0.00 7.978e-01 2.013e-01 1.454e-04 3.930e-05 3.569e-04 -1.000 8.806e-04 5.991 7.286 6.394 5.913 5.770 5.722 5.711
0.00097797 -1.20000 10.03342 0.6499999762 2.3520353107    0.650 -0.482  3.7406  4.647    1  0.000  0.543     0.00     0.00     0.00     0.00     0.00 -1 -2.44e-14      0.00 7.982e-01 2.010e-01 1.452e-04 3.925e-05 3.564e-04 -1.000 8.256e-04 5.974 7.259 6.373 5.896 5.754 5.707 5.696
0.00097797 -1.20000 10.03342 0.6580065489 2.3564863677    0.658 -0.448  3.7450  4.636    1  0.000  0.543     0.00     0.00     0.00     0.00     0.00 -1 -2.65e-14      0.00 8.002e-01 1.990e-01 1.440e-04 3.892e-05 3.535e-04 -1.000 7.919e-04 5.890 7.130 6.274 5.813 5.678 5.636 5.627
0.00097797 -1.20000 10.03342 0.6722441912 2.3641010651    0.672 -0.388  3.7526  4.616    1  0.000  0.543     0.00     0.00     0.00     0.00     0.00 -1 -3.08e-14      0.00 8.039e-01 1.953e-01 1.417e-04 3.831e-05 3.481e-04 -1.000 7.871e-04 5.740 6.902 6.097 5.665 5.542 5.509 5.503
0.00097797 -1.20000 10.03342 0.6857615113 2.3709950461    0.686 -0.330  3.7597  4.595    1  0.000  0.543     0.00     0.00     0.00     0.00     0.00 -1 -3.57e-14      0.00 8.076e-01 1.916e-01 1.394e-04 3.770e-05 3.426e-04 -1.000 7.872e-04 5.595 6.689 5.929 5.525 5.413 5.387 5.385
0.00097797 -1.20000 10.03342 0.6982761025 2.3771047497    0.698 -0.276  3.7660  4.573    1  0.000  0.542     0.00     0.00     0.00     0.00     0.00 -1 -4.11e-14      0.00 8.113e-01 1.879e-01 1.371e-04 3.710e-05 3.372e-04 -1.000 7.865e-04 5.459 6.500 5.776 5.394 5.292 5.273 5.273
0.00097797 -1.20000 10.03342 0.6999999881 2.3779266974    0.700 -0.268  3.7668  4.570    1  0.000  0.542     0.00     0.00     0.00     0.00     0.00 -1  -4.2e-14      0.00 8.118e-01 1.874e-01 1.368e-04 3.701e-05 3.364e-04 -1.000 7.870e-04 5.440 6.474 5.754 5.376 5.275 5.256 5.257
0.00097797 -1.20000 10.03342 0.7074132562 2.3814088990    0.707 -0.235  3.7704  4.556    1  0.000  0.541     0.00     0.00     0.00     0.00     0.00 -1 -4.58e-14      0.00 8.145e-01 1.847e-01 1.348e-04 3.655e-05 3.323e-04 -1.000 7.818e-04 5.357 6.362 5.662 5.296 5.201 5.186 5.188
0.00097797 -1.20000 10.03342 0.7164332271 2.3855342472    0.716 -0.194  3.7745  4.537    1  0.000  0.539     0.00     0.00     0.00     0.00     0.00 -1 -5.11e-14      0.00 8.181e-01 1.812e-01 1.323e-04 3.596e-05 3.272e-04 -1.000 7.516e-04 5.255 6.227 5.548 5.198 5.109 5.098 5.102
0.00097797 -1.20000 10.03342 0.7285463214 2.3908898764    0.728 -0.137  3.7799  4.509    1  0.000  0.537     0.00     0.00     0.00     0.00     0.00 -1 -5.96e-14      0.00 8.231e-01 1.762e-01 1.288e-04 3.512e-05 3.197e-04 -1.000 7.027e-04 5.113 6.043 5.392 5.062 4.982 4.976 4.982
0.00097797 -1.20000 10.03342 0.7397382855 2.3956593822    0.739 -0.083  3.7847  4.480    1  0.000  0.535     0.00     0.00     0.00     0.00     0.00 -1 -6.93e-14      0.00 8.281e-01 1.712e-01 1.253e-04 3.428e-05 3.123e-04 -1.000 6.872e-04 4.977 5.879 5.245 4.932 4.859 4.858 4.865
0.00097797 -1.20000 10.03342 0.7500000000 2.3998889087    0.750 -0.030  3.7888  4.450    1  0.000  0.533     0.00     0.00     0.00     0.00     0.00 -1 -8.03e-14      0.00 8.331e-01 1.663e-01 1.219e-04 3.345e-05 3.050e-04 -1.000 6.871e-04 4.846 5.723 5.104 4.806 4.739 4.742 4.750
0.00097797 -1.20000 10.03342 0.7556068301 2.4021441193    0.755 -0.001  3.7908  4.433    1  0.000  0.533     0.00     0.00     0.00     0.00     0.00 -1 -8.73e-14      0.00 8.360e-01 1.633e-01 1.203e-04 3.301e-05 3.010e-04 -1.000 6.871e-04 4.773 5.638 5.026 4.735 4.672 4.676 4.686
0.00097797 -1.20000 10.03342 0.7662361264 2.4063154959    0.766  0.057  3.7945  4.395    1  0.000  0.532     0.00     0.00     0.00     0.00     0.00 -1 -1.03e-13      0.00 8.413e-01 1.580e-01 1.173e-04 3.222e-05 2.941e-04 -1.000 6.871e-04 4.627 5.471 4.870 4.593 4.536 4.544 4.554
0.00097797 -1.20000 10.03342 0.7756994367 2.4099188767    0.775  0.113  3.7977  4.357    1  0.000  0.531     0.00     0.00     0.00     0.00     0.00 -1 -1.22e-13      0.00 8.457e-01 1.537e-01 1.151e-04 3.163e-05 2.887e-04 -1.000 6.871e-04 4.488 5.314 4.723 4.457 4.405 4.416 4.428
0.00097797 -1.20000 10.03342 0.7844180465 2.4131503555    0.784  0.167  3.8004  4.319    1  0.000  0.531     0.00     0.00     0.00     0.00     0.00 -1 -1.44e-13      0.00 8.492e-01 1.502e-01 1.134e-04 3.117e-05 2.847e-04 -1.000 6.871e-04 4.352 5.163 4.579 4.324 4.276 4.290 4.302
0.00097797 -1.20000 10.03342 0.7925276160 2.4160828187    0.792  0.220  3.8026  4.278    1  0.000  0.530     0.00     0.00     0.00     0.00     0.00 -1 -1.69e-13      0.00 8.520e-01 1.473e-01 1.121e-04 3.083e-05 2.818e-04 -1.000 6.829e-04 4.219 5.019 4.440 4.193 4.149 4.165 4.177
0.00097797 -1.20000 10.03342 0.7997757196 2.4186459753    0.799  0.271  3.8041  4.238    1  0.000  0.530     0.00     0.00     0.00     0.00     0.00 -1 -1.98e-13      0.00 8.539e-01 1.454e-01 1.113e-04 3.062e-05 2.800e-04 -1.000 6.891e-04 4.093 4.885 4.309 4.068 4.026 4.044 4.057
0.00097797 -1.20000 10.03342 0.8000000119 2.4187244405    0.799  0.272  3.8041  4.237    1  0.000  0.530     0.00     0.00     0.00     0.00     0.00 -1 -1.99e-13      0.00 8.540e-01 1.453e-01 1.113e-04 3.061e-05 2.799e-04 -1.000 6.896e-04 4.089 4.881 4.305 4.064 4.022 4.040 4.053
0.00097797 -1.20000 10.03342 0.8007090092 2.4189721398    0.800  0.277  3.8043  4.233    1  0.000  0.530     0.00     0.00     0.00     0.00     0.00 -1 -2.02e-13      0.00 8.540e-01 1.453e-01 1.113e-04 3.063e-05 2.800e-04 -1.000 6.898e-04 4.077 4.867 4.292 4.052 4.011 4.028 4.041
0.00097797 -1.20000 10.03342 0.8077555895 2.4214068159    0.807  0.331  3.8053  4.187    1  0.000  0.530     0.00     0.00     0.00     0.00     0.00 -1 -2.41e-13      0.00 8.525e-01 1.468e-01 1.126e-04 3.100e-05 2.834e-04 -1.000 6.904e-04 3.943 4.728 4.154 3.919 3.879 3.898 3.912
0.00097797 -1.20000 10.03342 0.8079713583 2.4214805964    0.807  0.332  3.8054  4.186    1  0.000  0.530     0.00     0.00     0.00     0.00     0.00 -1 -2.42e-13      0.00 8.524e-01 1.469e-01 1.126e-04 3.101e-05 2.835e-04 -1.000 6.904e-04 3.939 4.723 4.150 3.914 3.875 3.894 3.907
0.00097797 -1.20000 10.03342 0.8101513982 2.4222235090    0.809  0.351  3.8052  4.168    1  0.000  0.530     0.00     0.00     0.00     0.00     0.00 -1 -2.57e-13      0.00 8.519e-01 1.474e-01 1.131e-04 3.112e-05 2.845e-04 -1.000 6.903e-04 3.892 4.677 4.103 3.867 3.828 3.847 3.860
0.00097797 -1.20000 10.03342 0.8163961768 2.4243263687    0.815  0.407  3.8040  4.110    1  0.000  0.530     0.00     0.00     0.00     0.00     0.00 -1  -3.1e-13      0.00 8.506e-01 1.488e-01 1.143e-04 3.146e-05 2.876e-04 -1.000 6.903e-04 3.753 4.541 3.964 3.726 3.686 3.703 3.716
0.00097797 -1.20000 10.03342 0.8216577768 2.4260696495    0.820  0.459  3.8013  4.050    1  0.000  0.530     0.00     0.00     0.00     0.00     0.00 -1 -3.75e-13      0.00 8.494e-01 1.499e-01 1.153e-04 3.173e-05 2.901e-04 -1.000 6.904e-04 3.621 4.420 3.837 3.591 3.547 3.562 3.574
0.00097797 -1.20000 10.03342 0.8225525022 2.4263635407    0.821  0.469  3.8006  4.038    1  0.000  0.530     0.00     0.00     0.00     0.00     0.00 -1 -3.89e-13      0.00 8.492e-01 1.501e-01 1.154e-04 3.178e-05 2.905e-04 -1.000 6.904e-04 3.598 4.399 3.814 3.567 3.522 3.536 3.548
0.00097797 -1.20000 10.03342 0.8242220879 2.4269099895    0.823  0.489  3.7985  4.010    2  0.000  0.530     0.00     0.00     0.00     0.00     0.00 -1  -4.2e-13      0.00 8.488e-01 1.505e-01 1.157e-04 3.187e-05 2.913e-04 -1.000 6.903e-04 3.548 4.358 3.769 3.515 3.467 3.479 3.490
0.00097797 -1.20000 10.03342 0.8274829984 2.4279699629    0.826  0.531  3.7924  3.945    2  0.000  0.530     0.00     0.00     0.00     0.00     0.00 -1 -4.96e-13      0.00 8.481e-01 1.512e-01 1.164e-04 3.204e-05 2.929e-04 -1.000 6.903e-04 3.442 4.281 3.676 3.403 3.346 3.352 3.361
0.00097797 -1.20000 10.03342 0.8298174739 2.4287229131    0.828  0.565  3.7852  3.883    2  0.000  0.530     0.00     0.00     0.00     0.00     0.00 -1 -5.76e-13      0.00 8.447e-01 1.547e-01 1.188e-04 3.270e-05 2.989e-04 -1.000 6.539e-04 3.356 4.234 3.608 3.311 3.244 3.242 3.249
0.00097797 -1.20000 10.03342 0.8315536976 2.4292797547    0.830  0.592  3.7771  3.825    2  0.000  0.531     0.00     0.00     0.00     0.00     0.00 -1 -6.55e-13      0.00 8.273e-01 1.720e-01 1.297e-04 3.566e-05 3.256e-04 -1.000 6.948e-04 3.289 4.215 3.562 3.238 3.157 3.148 3.152
0.00097797 -1.20000 10.03342 0.8331655264 2.4297943121    0.831  0.618  3.7672  3.761    2  0.000  0.534     0.00     0.00     0.00     0.00     0.00 -1 -7.48e-13      0.00 8.000e-01 1.992e-01 1.456e-04 3.991e-05 3.637e-04 -1.000 8.117e-04 3.225 4.219 3.527 3.169 3.073 3.054 3.053
0.00097797 -1.20000 10.03342 0.8343108296 2.4301585475    0.832  0.640  3.7584  3.704    2  0.000  0.535     0.00     0.00     0.00     0.00     0.00 -1  -8.4e-13      0.00 7.836e-01 2.155e-01 1.547e-04 4.236e-05 3.855e-04 -1.000 8.702e-04 3.170 4.229 3.499 3.109 3.000 2.972 2.968
0.00097797 -1.20000 10.03342 0.8353554606 2.4304897652    0.833  0.670  3.7501  3.641    2  0.000  0.536     0.00     0.00     0.00     0.00     0.00 -1 -9.65e-13      0.00 7.738e-01 2.253e-01 1.602e-04 4.381e-05 3.984e-04 -1.000 9.041e-04 3.095 4.219 3.451 3.033 2.911 2.874 2.867
0.00097797 -1.20000 10.03342 0.8361669183 2.4307463948    0.834  0.704  3.7443  3.584    2  0.000  0.536     0.00     0.00     0.00     0.00     0.00 -1 -1.11e-12      0.00 7.686e-01 2.304e-01 1.630e-04 4.456e-05 4.051e-04 -1.000 9.355e-04 3.010 4.181 3.386 2.948 2.817 2.774 2.764
0.00097797 -1.20000 10.03342 0.8369451165 2.4309919683    0.835  0.746  3.7396  3.524    2  0.000  0.537     0.00     0.00     0.00     0.00     0.00 -1 -1.31e-12      0.00 7.648e-01 2.342e-01 1.649e-04 4.508e-05 4.097e-04 -1.000 9.806e-04 2.905 4.115 3.298 2.845 2.706 2.658 2.646
0.00097797 -1.20000 10.03342 0.8370656967 2.4310299724    0.835  0.754  3.7390  3.514    2  0.000  0.537     0.00     0.00     0.00     0.00     0.00 -1 -1.36e-12      0.00 7.644e-01 2.346e-01 1.651e-04 4.514e-05 4.102e-04 -1.000 9.793e-04 2.885 4.099 3.279 2.824 2.685 2.636 2.624
0.00097797 -1.20000 10.03342 0.8377003074 2.4312297799    0.836  0.799  3.7363  3.458    3  0.000  0.537     0.00     0.00     0.00     0.00     0.00 -1  -1.6e-12      0.00 7.619e-01 2.371e-01 1.661e-04 4.542e-05 4.128e-04 -1.000 9.612e-04 2.772 4.011 3.177 2.713 2.570 2.518 2.504
0.00097797 -1.20000 10.03342 0.8382349610 2.4313978458    0.836  0.840  3.7341  3.408    3  0.000  0.537     0.00     0.00     0.00     0.00     0.00 -1 -1.86e-12      0.00 7.599e-01 2.392e-01 1.669e-04 4.562e-05 4.146e-04 -1.000 9.197e-04 2.669 3.927 3.082 2.611 2.465 2.411 2.396
0.00097797 -1.20000 10.03342 0.8388281465 2.4315840226    0.837  0.890  3.7321  3.351    3  0.000  0.537     0.00     0.00     0.00     0.00     0.00 -1 -2.23e-12      0.00 7.577e-01 2.413e-01 1.676e-04 4.581e-05 4.162e-04 -1.000 9.554e-04 2.545 3.821 2.965 2.489 2.339 2.282 2.266
0.00097797 -1.20000 10.03342 0.8393763900 2.4317558249    0.837  0.940  3.7302  3.294    3  0.000  0.537     0.00     0.00     0.00     0.00     0.00 -1 -2.67e-12      0.00 7.557e-01 2.434e-01 1.680e-04 4.597e-05 4.175e-04 -1.000 8.976e-04 2.420 3.713 2.847 2.365 2.212 2.153 2.136
0.00097797 -1.20000 10.03342 0.8399264216 2.4319279284    0.838  0.994  3.7284  3.232    3  0.000  0.536     0.00     0.00     0.00     0.00     0.00 -1 -3.24e-12      0.00 7.535e-01 2.456e-01 1.682e-04 4.617e-05 4.187e-04 -1.000 9.253e-04 2.284 3.593 2.719 2.231 2.076 2.014 1.996
0.00097797 -1.20000 10.03342 0.8404135704 2.4320801397    0.838  1.047  3.7268  3.173    3  0.000  0.534     0.00     0.00     0.00     0.00     0.00 -1 -3.92e-12      0.00 7.515e-01 2.476e-01 1.679e-04 4.650e-05 4.195e-04 -1.000 9.308e-04 2.152 3.476 2.593 2.100 1.943 1.879 1.860
0.00097797 -1.20000 10.03342 0.8408268094 2.4322090987    0.838  1.096  3.7252  3.119    3  0.000  0.531     0.00     0.00     0.00     0.00     0.00 -1 -4.67e-12      0.00 7.498e-01 2.493e-01 1.672e-04 4.710e-05 4.202e-04 -1.000 9.376e-04 2.031 3.369 2.478 1.981 1.820 1.755 1.736
0.00097797 -1.20000 10.03342 0.8411501646 2.4323099061    0.839  1.137  3.7239  3.072    3  0.000  0.527     0.00     0.00     0.00     0.00     0.00 -1 -5.41e-12      0.00 7.485e-01 2.505e-01 1.663e-04 4.789e-05 4.206e-04 -1.000 9.312e-04 1.928 3.278 2.381 1.879 1.717 1.651 1.630
0.00097797 -1.20000 10.03342 0.8415083289 2.4324214614    0.839  1.186  3.7223  3.017    3  0.000  0.523     0.00     0.00     0.00     0.00     0.00 -1 -6.46e-12      0.00 7.472e-01 2.518e-01 1.650e-04 4.918e-05 4.210e-04 -1.000 9.113e-04 1.805 3.169 2.264 1.757 1.593 1.524 1.503
0.00097797 -1.20000 10.03342 0.8418506384 2.4325279765    0.839  1.238  3.7205  2.958    3  0.000  0.517     0.00     0.00     0.00     0.00     0.00 -1 -7.78e-12      0.00 7.460e-01 2.531e-01 1.635e-04 5.087e-05 4.214e-04 -1.000 9.363e-04 1.675 3.056 2.141 1.629 1.462 1.391 1.369
0.00097797 -1.20000 10.03342 0.8421607018 2.4326243718    0.839  1.289  3.7188  2.900    3  0.000  0.513     0.00     0.00     0.00     0.00     0.00 -1 -9.37e-12      0.00 7.450e-01 2.540e-01 1.621e-04 5.254e-05 4.216e-04 -1.000 9.716e-04 1.547 2.947 2.021 1.502 1.332 1.259 1.236
0.00097797 -1.20000 10.03342 0.8424313068 2.4327084332    0.839  1.338  3.7170  2.844    3  0.000  0.509     0.00     0.00     0.00     0.00     0.00 -1 -1.12e-11      0.00 7.443e-01 2.548e-01 1.610e-04 5.387e-05 4.219e-04 -1.000 9.378e-04 1.424 2.843 1.906 1.382 1.208 1.133 1.109
0.00097797 -1.20000 10.03342 0.8426760435 2.4327844053    0.840  1.387  3.7152  2.788    3  0.000  0.506     0.00     0.00     0.00     0.00     0.00 -1 -1.33e-11      0.00 7.437e-01 2.553e-01 1.602e-04 5.487e-05 4.220e-04 -1.000 9.459e-04 1.303 2.742 1.794 1.263 1.087 1.009 0.984
0.00097797 -1.20000 10.03342 0.8428961039 2.4328526740    0.840  1.434  3.7134  2.733    3  0.000  0.504     0.00     0.00     0.00     0.00     0.00 -1 -1.58e-11      0.00 7.434e-01 2.557e-01 1.596e-04 5.562e-05 4.221e-04 -1.000 9.607e-04 1.184 2.643 1.684 1.146 0.967 0.887 0.861
0.00097797 -1.20000 10.03342 0.8431004286 2.4329160244    0.840  1.483  3.7114  2.677    3  0.000  0.503     0.00     0.00     0.00     0.00     0.00 -1 -1.89e-11      0.00 7.431e-01 2.559e-01 1.592e-04 5.604e-05 4.221e-04 -1.000 9.708e-04 1.064 2.543 1.572 1.027 0.845 0.763 0.735
0.00097797 -1.20000 10.03342 0.8432812691 2.4329720641    0.840  1.529  3.7095  2.623    3  0.000  0.503     0.00     0.00     0.00     0.00     0.00 -1 -2.24e-11      0.00 7.430e-01 2.560e-01 1.591e-04 5.620e-05 4.221e-04 -1.000 9.712e-04 0.947 2.448 1.465 0.913 0.727 0.643 0.614
0.00097797 -1.20000 10.03342 0.8434500098 2.4330243294    0.840  1.577  3.7075  2.567    3  0.000  0.503     0.00     0.00     0.00     0.00     0.00 -1 -2.66e-11      0.00 7.430e-01 2.560e-01 1.591e-04 5.625e-05 4.221e-04 -1.000 9.716e-04 0.829 2.352 1.357 0.798 0.608 0.521 0.491
0.00097797 -1.20000 10.03342 0.8435991406 2.4330705007    0.840  1.622  3.7055  2.514    3  0.000  0.503     0.00     0.00     0.00     0.00     0.00 -1 -3.15e-11      0.00 7.430e-01 2.560e-01 1.591e-04 5.627e-05 4.221e-04 -1.000 9.719e-04 0.714 2.261 1.253 0.686 0.494 0.404 0.373
0.00097797 -1.20000 10.03342 0.8437319994 2.4331116184    0.840  1.667  3.7035  2.462    3  0.000  0.503     0.00     0.00     0.00     0.00     0.00 -1  -3.7e-11      0.00 7.430e-01 2.560e-01 1.591e-04 5.629e-05 4.221e-04 -1.000 9.722e-04 0.604 2.176 1.152 0.578 0.382 0.290 0.258
0.00097797 -1.20000 10.03342 0.8438552022 2.4331497343    0.839  1.711  3.7015  2.409    3  0.000  0.502     0.00     0.00     0.00     0.00     0.00 -1 -4.36e-11      0.00 7.430e-01 2.561e-01 1.591e-04 5.631e-05 4.222e-04 -1.000 9.724e-04 0.492 2.092 1.052 0.469 0.269 0.174 0.141
0.00097797 -1.20000 10.03342 0.8439646363 2.4331835799    0.839  1.754  3.6994  2.358    3  0.000  0.502     0.00     0.00     0.00     0.00     0.00 -1  -5.1e-11      0.00 7.430e-01 2.561e-01 1.590e-04 5.632e-05 4.222e-04 -1.000 9.726e-04 0.386 2.013 0.956 0.364 0.161 0.064 0.029
0.00097797 -1.20000 10.03342 0.8440676928 2.4332154437    0.839  1.797  3.6973  2.306    3  0.000  0.502     0.00     0.00     0.00     0.00     0.00 -1 -5.98e-11      0.00 7.430e-01 2.561e-01 1.590e-04 5.634e-05 4.222e-04 -1.000 9.728e-04 0.277 1.935 0.860 0.258 0.052 -0.048 -0.084
0.00097797 -1.20000 10.03342 0.8441606164 2.4332441669    0.839  1.839  3.6953  2.256    3  0.000  0.502     0.00     0.00     0.00     0.00     0.00 -1 -6.98e-11      0.00 7.430e-01 2.561e-01 1.590e-04 5.635e-05 4.222e-04 -1.000 9.729e-04 0.173 1.861 0.767 0.157 -0.053 -0.156 -0.193
0.00097797 -1.20000 10.03342 0.8442474604 2.4332710043    0.839  1.880  3.6932  2.207    3  0.000  0.502     0.00     0.00     0.00     0.00     0.00 -1 -8.12e-11      0.00 7.429e-01 2.561e-01 1.590e-04 5.636e-05 4.222e-04 -1.000 9.732e-04 0.070 1.788 0.677 0.057 -0.157 -0.262 -0.300
0.00097797 -1.20000 10.03342 0.8443306684 2.4332967122    0.839  1.920  3.6911  2.158    3  0.000  0.502     0.00     0.00     0.00     0.00     0.00 -1 -9.41e-11      0.00 7.429e-01 2.561e-01 1.590e-04 5.637e-05 4.222e-04 -1.000 9.733e-04 -0.029 1.718 0.589 -0.039 -0.257 -0.365 -0.404
0.00097797 -1.20000 10.03342 0.8444159627 2.4333230585    0.838  1.956  3.6893  2.115    3  0.000  0.502     0.00     0.00     0.00     0.00     0.00 -1 -1.08e-10      0.00 7.429e-01 2.561e-01 1.590e-04 5.639e-05 4.222e-04 -1.000 9.735e-04 -0.119 1.656 0.511 -0.126 -0.347 -0.458 -0.497
0.00097797 -1.20000 10.03342 0.8444935083 2.4333470061    0.838  1.980  3.6881  2.085    3  0.000  0.502     0.00     0.00     0.00     0.00     0.00 -1 -1.18e-10      0.00 7.429e-01 2.561e-01 1.590e-04 5.640e-05 4.222e-04 -1.000 9.736e-04 -0.181 1.613 0.457 -0.185 -0.409 -0.521 -0.561
0.00097797 -1.20000 10.03342 0.8445548415 2.4333659433    0.838  1.960  3.6895  2.111    3  0.000  0.502     0.00     0.00     0.00     0.00     0.00 -1 -1.11e-10      0.00 7.429e-01 2.561e-01 1.590e-04 5.641e-05 4.222e-04 -1.000 9.737e-04 -0.131 1.641 0.497 -0.139 -0.360 -0.470 -0.509
0.00097797 -1.20000 10.03342 0.8445762992 2.4333725679    0.838  1.953  3.6901  2.121    3  0.000  0.502     0.00     0.00     0.00     0.00     0.00 -1 -1.07e-10      0.00 7.429e-01 2.561e-01 1.590e-04 5.641e-05 4.222e-04 -1.000 9.738e-04 -0.112 1.652 0.513 -0.121 -0.340 -0.449 -0.489
0.00097797 -1.20000 10.03342 0.8446393013 2.4333920160    0.837  1.995  3.6878  2.069    3  0.000  0.502     0.00     0.00     0.00     0.00     0.00 -1 -1.24e-10      0.00 7.429e-01 2.561e-01 1.590e-04 5.642e-05 4.222e-04 -1.000 9.739e-04 -0.217 1.582 0.422 -0.222 -0.446 -0.558 -0.599
0.00097797 -1.20000 10.03342 0.8446989059 2.4334104123    0.837  2.036  3.6855  2.019    3  0.000  0.502     0.00     0.00     0.00     0.00     0.00 -1 -1.45e-10      0.00 7.429e-01 2.561e-01 1.590e-04 5.643e-05 4.222e-04 -1.000 9.740e-04 -0.320 1.515 0.334 -0.319 -0.547 -0.663 -0.705
0.00097797 -1.20000 10.03342 0.8447570205 2.4334283458    0.837  2.078  3.6832  1.967    3  0.000  0.502     0.00     0.00     0.00     0.00     0.00 -1 -1.69e-10      0.00 7.429e-01 2.561e-01 1.590e-04 5.644e-05 4.222e-04 -1.000 9.741e-04 -0.425 1.457 0.245 -0.422 -0.654 -0.772 -0.816
0.00097797 -1.20000 10.03342 0.8448109627 2.4334449893    0.836  2.120  3.6808  1.916    3  0.000  0.502     0.00     0.00     0.00     0.00     0.00 -1 -1.98e-10      0.00 7.429e-01 2.561e-01 1.590e-04 5.644e-05 4.222e-04 -1.000 9.742e-04 -0.530 1.407 0.158 -0.526 -0.761 -0.882 -0.927
0.00097797 -1.20000 10.03342 0.8448590636 2.4334598284    0.836  2.160  3.6784  1.866    3  0.000  0.502     0.00     0.00     0.00     0.00     0.00 -1  -2.3e-10      0.00 7.429e-01 2.561e-01 1.590e-04 5.645e-05 4.222e-04 -1.000 9.742e-04 -0.630 1.363 0.076 -0.625 -0.863 -0.987 -1.034
0.00097797 -1.20000 10.03342 0.8449038267 2.4334736360    0.835  2.200  3.6760  1.816    3  0.000  0.502     0.00     0.00     0.00     0.00     0.00 -1 -2.67e-10      0.00 7.429e-01 2.561e-01 1.589e-04 5.646e-05 4.222e-04 -1.000 9.744e-04 -0.731 1.321 -0.005 -0.723 -0.965 -1.092 -1.140
0.00097797 -1.20000 10.03342 0.8449451923 2.4334863942    0.835  2.241  3.6736  1.765    3  0.000  0.502     0.00     0.00     0.00     0.00     0.00 -1 -3.11e-10      0.00 7.429e-01 2.561e-01 1.589e-04 5.646e-05 4.222e-04 -1.000 9.745e-04 -0.831 1.282 -0.085 -0.820 -1.067 -1.197 -1.247
0.00097797 -1.20000 10.03342 0.8449836969 2.4334982687    0.834  2.281  3.6711  1.715    3  0.000  0.502     0.00     0.00     0.00     0.00     0.00 -1 -3.62e-10      0.00 7.429e-01 2.561e-01 1.589e-04 5.647e-05 4.222e-04 -1.000 9.745e-04 -0.932 1.245 -0.164 -0.918 -1.169 -1.302 -1.354
0.00097797 -1.20000 10.03342 0.8450180888 2.4335088738    0.834  2.320  3.6686  1.666    3  0.000  0.502     0.00     0.00     0.00     0.00     0.00 -1 -4.18e-10      0.00 7.429e-01 2.561e-01 1.589e-04 5.647e-05 4.222e-04 -1.000 9.746e-04 -1.029 1.214 -0.238 -1.012 -1.267 -1.402 -1.456
0.00097797 -1.20000 10.03342 0.8450502753 2.4335187979    0.833  2.359  3.6661  1.616    3  0.000  0.502     0.00     0.00     0.00     0.00     0.00 -1 -4.84e-10      0.00 7.429e-01 2.561e-01 1.589e-04 5.648e-05 4.222e-04 -1.000 9.747e-04 -1.127 1.187 -0.311 -1.105 -1.364 -1.503 -1.559
0.00097797 -1.20000 10.03342 0.8450867534 2.4335300442    0.832  2.406  3.6630  1.556    3  0.000  0.502     0.00     0.00     0.00     0.00     0.00 -1 -5.79e-10      0.00 7.429e-01 2.561e-01 1.589e-04 5.648e-05 4.222e-04 -1.000 9.747e-04 -1.246 1.160 -0.398 -1.218 -1.483 -1.626 -1.684
0.00097797 -1.20000 10.03342 0.8451195359 2.4335401502    0.832  2.453  3.6599  1.496    3  0.000  0.502     0.00     0.00     0.00     0.00     0.00 -1 -6.91e-10      0.00 7.429e-01 2.561e-01 1.589e-04 5.649e-05 4.222e-04 -1.000 9.748e-04 -1.363 1.137 -0.482 -1.329 -1.599 -1.746 -1.807
0.00097797 -1.20000 10.03342 0.8451501131 2.4335495756    0.831  2.500  3.6567  1.436    3  0.000  0.502     7.77     6.05     4.28     3.31     2.68  3 -8.26e-10      0.00 7.429e-01 2.562e-01 1.589e-04 5.649e-05 4.222e-04 -1.000 9.748e-04 -1.480 1.120 -0.562 -1.436 -1.714 -1.866 -1.929
0.00097797 -1.20000 10.03342 0.8451772928 2.4335579530    0.830  2.545  3.6535  1.378    3  0.000  0.502     8.79     6.73     4.74     3.67     2.97  3 -9.81e-10      0.00 7.429e-01 2.562e-01 1.589e-04 5.650e-05 4.222e-04 -1.000 9.749e-04 -1.594 1.098 -0.639 -1.537 -1.823 -1.980 -2.046
0.00097797 -1.20000 10.03342 0.8452022672 2.4335656501    0.828  2.590  3.6504  1.320    3  0.000  0.502     9.93     7.46     5.23     4.06     3.28  3 -1.16e-09      0.00 7.429e-01 2.562e-01 1.589e-04 5.650e-05 4.222e-04 -1.000 9.750e-04 -1.705 1.077 -0.715 -1.637 -1.931 -2.093 -2.161
0.00097797 -1.20000 10.03342 0.8452261686 2.4335730161    0.827  2.637  3.6472  1.260    3  0.000  0.502    11.26     8.31     5.80     4.50     3.65  3 -1.39e-09      0.00 7.429e-01 2.562e-01 1.589e-04 5.650e-05 4.222e-04 -1.000 9.749e-04 -1.821 1.057 -0.791 -1.738 -2.041 -2.209 -2.279
0.00097797 -1.20000 10.03342 0.8452469110 2.4335794081    0.826  2.680  3.6441  1.203    3  0.000  0.502    12.69     9.21     6.39     4.97     4.03  3 -1.64e-09      0.00 7.429e-01 2.562e-01 1.589e-04 5.651e-05 4.222e-04 -1.000 9.749e-04 -1.929 1.041 -0.860 -1.832 -2.143 -2.317 -2.390
0.00097797 -1.20000 10.03342 0.8452664614 2.4335854325    0.824  2.724  3.6409  1.146    3  0.000  0.502    14.31    10.20     7.05     5.49     4.45  3 -1.94e-09      0.00 7.429e-01 2.562e-01 1.589e-04 5.651e-05 4.222e-04 -1.000 9.751e-04 -2.039 1.026 -0.931 -1.927 -2.247 -2.426 -2.502
0.00097797 -1.20000 10.03342 0.8452848792 2.4335911076    0.822  2.768  3.6377  1.088    3  0.000  0.502    16.18    11.34     7.80     6.08     4.93  2  -2.3e-09      0.00 7.429e-01 2.562e-01 1.589e-04 5.651e-05 4.222e-04 -1.000 9.751e-04 -2.151 1.013 -1.000 -2.023 -2.352 -2.536 -2.615
0.00097797 -1.20000 10.03342 0.8453008533 2.4335960294    0.821  2.810  3.6345  1.033    3  0.000  0.502    18.16    12.51     8.57     6.70     5.43  2  -2.7e-09      0.00 7.429e-01 2.562e-01 1.589e-04 5.651e-05 4.222e-04 -1.000 9.751e-04 -2.254 1.007 -1.061 -2.110 -2.447 -2.638 -2.719
0.00097797 -1.20000 10.03342 0.8453162909 2.4336007858    0.819  2.853  3.6313  0.976    3  0.000  0.502    20.47    13.86     9.45     7.39     6.00  2 -3.18e-09      0.00 7.429e-01 2.562e-01 1.589e-04 5.652e-05 4.222e-04 -1.000 9.752e-04 -2.361 1.003 -1.123 -2.199 -2.547 -2.744 -2.827
0.00097797 -1.20000 10.03342 0.8453307748 2.4336052481    0.816  2.896  3.6281  0.918    3  0.000  0.502    23.08    15.36    10.42     8.17     6.63  2 -3.76e-09      0.00 7.429e-01 2.562e-01 1.589e-04 5.652e-05 4.222e-04 -1.000 9.752e-04 -2.470 1.003 -1.180 -2.288 -2.646 -2.850 -2.936
0.00097797 -1.20000 10.03342 0.8453432918 2.4336091043    0.814  2.936  3.6249  0.865    3  0.000  0.502    25.86    16.92    11.43     8.97     7.28  2 -4.39e-09      0.00 7.429e-01 2.562e-01 1.589e-04 5.652e-05 4.222e-04 -1.000 9.753e-04 -2.570 1.010 -1.228 -2.368 -2.737 -2.947 -3.036
0.00097797 -1.20000 10.03342 0.8453553319 2.4336128135    0.812  2.977  3.6217  0.809    3  0.000  0.502    29.04    18.68    12.56     9.88     8.02  2 -5.16e-09      0.00 7.429e-01 2.562e-01 1.589e-04 5.652e-05 4.222e-04 -1.000 9.753e-04 -2.672 1.014 -1.279 -2.450 -2.830 -3.047 -3.139
0.00097797 -1.20000 10.03342 0.8453670144 2.4336164124    0.809  3.019  3.6185  0.753    3  0.000  0.502    32.70    20.68    13.84    10.90     8.85  1 -6.07e-09      0.00 7.429e-01 2.562e-01 1.589e-04 5.652e-05 4.222e-04 -1.000 9.753e-04 -2.778 1.017 -1.331 -2.534 -2.926 -3.150 -3.244
0.00097797 -1.20000 10.03342 0.8453772068 2.4336195522    0.806  3.058  3.6154  0.699    3  0.000  0.502    36.58    22.75    15.16    11.96     9.71  1 -7.08e-09      0.00 7.429e-01 2.562e-01 1.589e-04 5.652e-05 4.222e-04 -1.000 9.753e-04 -2.876 1.022 -1.376 -2.610 -3.014 -3.245 -3.342
0.00097797 -1.20000 10.03342 0.8453872800 2.4336226551    0.802  3.100  3.6121  0.643    3  0.000  0.502    41.15    25.15    16.68    13.18    10.70  1 -8.33e-09      0.00 7.429e-01 2.562e-01 1.589e-04 5.653e-05 4.222e-04 -1.000 9.753e-04 -2.979 1.027 -1.422 -2.690 -3.106 -3.344 -3.444
0.00097797 -1.20000 10.03342 0.8453966379 2.4336255376    0.799  3.140  3.6090  0.588    3  0.000  0.502    46.19    27.75    18.32    14.50    11.78  1 -9.76e-09      0.00 7.429e-01 2.562e-01 1.589e-04 5.653e-05 4.222e-04 -1.000 9.753e-04 -3.080 1.029 -1.467 -2.767 -3.196 -3.441 -3.544
0.00097797 -1.20000 10.03342 0.8454052806 2.4336281998    0.795  3.179  3.6059  0.534    3  0.000  0.502    51.72    30.55    20.08    15.92    12.93  1 -1.14e-08      0.00 7.429e-01 2.562e-01 1.589e-04 5.653e-05 4.222e-04 -1.000 9.753e-04 -3.179 1.027 -1.507 -2.841 -3.282 -3.534 -3.640
0.00097797 -1.20000 10.03342 0.8454134464 2.4336307150    0.790  3.219  3.6027  0.479    3  0.000  0.502    58.06    33.70    22.05    17.51    14.23  1 -1.33e-08      0.00 7.429e-01 2.562e-01 1.589e-04 5.653e-05 4.222e-04 -1.000 9.753e-04 -3.279 1.025 -1.543 -2.914 -3.370 -3.629 -3.738
0.00097797 -1.20000 10.03342 0.8454211950 2.4336331017    0.785  3.259  3.5996  0.425    3  0.000  0.502    65.10    37.14    24.19    19.24    15.64  1 -1.56e-08      0.00 7.429e-01 2.562e-01 1.589e-04 5.653e-05 4.222e-04 -1.000 9.754e-04 -3.377 1.019 -1.574 -2.984 -3.456 -3.723 -3.835
0.00097797 -1.20000 10.03342 0.8454284668 2.4336353414    0.780  3.296  3.5967  0.372    3  0.000  0.502    72.64    40.74    26.43    21.05    17.11  1 -1.82e-08      0.00 7.429e-01 2.562e-01 1.589e-04 5.653e-05 4.222e-04 -1.000 9.754e-04 -3.471 1.014 -1.601 -3.049 -3.536 -3.812 -3.926
0.00097797 -1.20000 10.03342 0.8454339504 2.4336370304    0.775  3.324  3.5944  0.333    3  0.000  0.502    78.89    43.69    28.24    22.53    18.31  1 -2.04e-08      0.00 7.429e-01 2.562e-01 1.589e-04 5.653e-05 4.222e-04 -1.000 9.754e-04 -3.541 1.010 -1.620 -3.097 -3.596 -3.878 -3.995
0.00097797 -1.20000 10.03342 0.8454339504 2.4336370304    0.775  1.746  3.7404  2.495    4  0.000  0.518     0.00     0.00     0.00     0.00     0.00 -1    -1e-30      0.00 7.405e-01 2.585e-01 1.660e-04 5.172e-05 4.274e-04 -1.000 9.840e-04 0.406 1.580 0.781 0.349 0.215 0.166 0.152
0.00097797 -1.20000 10.03342 0.8454849124 2.4336527254    0.775  1.762  3.7392  2.474    4  0.000  0.518     0.00     0.00     0.00     0.00     0.00 -1    -1e-30      0.00 7.405e-01 2.585e-01 1.660e-04 5.172e-05 4.274e-04 -1.000 9.840e-04 0.365 1.550 0.744 0.308 0.172 0.121 0.107
0.00097797 -1.20000 10.03342 0.8455373049 2.4336688588    0.775  1.766  3.7390  2.470    4  0.000  0.518     0.00     0.00     0.00     0.00     0.00 -1    -1e-30      0.00 7.405e-01 2.585e-01 1.660e-04 5.172e-05 4.274e-04 -1.000 9.839e-04 0.356 1.544 0.736 0.299 0.163 0.112 0.098
0.00097797 -1.20000 10.03342 0.8455892205 2.4336848430    0.775  1.767  3.7391  2.468    4  0.000  0.518     0.00     0.00     0.00     0.00     0.00 -1    -1e-30      0.00 7.405e-01 2.585e-01 1.660e-04 5.172e-05 4.274e-04 -1.000 9.840e-04 0.351 1.539 0.731 0.295 0.159 0.108 0.094
0.00097797 -1.20000 10.03342 0.8456429243 2.4337013754    0.775  1.768  3.7393  2.469    4  0.000  0.518     0.00     0.00     0.00     0.00     0.00 -1    -1e-30      0.00 7.405e-01 2.585e-01 1.660e-04 5.172e-05 4.274e-04 -1.000 9.840e-04 0.349 1.534 0.728 0.293 0.157 0.106 0.092
0.00097797 -1.20000 10.03342 0.8456959724 2.4337177036    0.775  1.768  3.7398  2.470    4  0.000  0.518     0.00     0.00     0.00     0.00     0.00 -1    -1e-30      0.00 7.405e-01 2.585e-01 1.660e-04 5.172e-05 4.274e-04 -1.000 9.840e-04 0.349 1.529 0.726 0.292 0.158 0.107 0.093
0.00097797 -1.20000 10.03342 0.8457503915 2.4337344513    0.775  1.768  3.7404  2.473    4  0.000  0.518     0.00     0.00     0.00     0.00     0.00 -1    -1e-30      0.00 7.405e-01 2.585e-01 1.660e-04 5.172e-05 4.274e-04 -1.000 9.840e-04 0.350 1.525 0.724 0.293 0.160 0.110 0.097
0.00097797 -1.20000 10.03342 0.8458039165 2.4337509215    0.775  1.767  3.7411  2.477    4  0.000  0.518     0.00     0.00     0.00     0.00     0.00 -1    -1e-30      0.00 7.405e-01 2.585e-01 1.660e-04 5.172e-05 4.274e-04 -1.000 9.840e-04 0.353 1.521 0.724 0.295 0.163 0.114 0.101
0.00097797 -1.20000 10.03342 0.8458578587 2.4337675176    0.776  1.766  3.7419  2.481    4  0.000  0.518     0.00     0.00     0.00     0.00     0.00 -1    -1e-30      0.00 7.405e-01 2.585e-01 1.660e-04 5.172e-05 4.274e-04 -1.000 9.840e-04 0.355 1.517 0.723 0.298 0.166 0.118 0.106
0.00097797 -1.20000 10.03342 0.8459097743 2.4337834879    0.776  1.765  3.7426  2.485    4  0.000  0.518     0.00     0.00     0.00     0.00     0.00 -1    -1e-30      0.00 7.405e-01 2.585e-01 1.660e-04 5.172e-05 4.274e-04 -1.000 9.840e-04 0.358 1.514 0.723 0.300 0.170 0.122 0.110
0.00097797 -1.20000 10.03342 0.8459613919 2.4337993643    0.776  1.764  3.7433  2.489    4  0.000  0.518     0.00     0.00     0.00     0.00     0.00 -1    -1e-30      0.00 7.405e-01 2.585e-01 1.660e-04 5.172e-05 4.274e-04 -1.000 9.840e-04 0.360 1.510 0.722 0.302 0.173 0.126 0.114
0.00097797 -1.20000 10.03342 0.8460165262 2.4338163199    0.776  1.763  3.7440  2.493    4  0.000  0.518     0.00     0.00     0.00     0.00     0.00 -1    -1e-30      0.00 7.405e-01 2.585e-01 1.660e-04 5.172e-05 4.274e-04 -1.000 9.840e-04 0.363 1.506 0.722 0.304 0.176 0.130 0.119
0.00097797 -1.20000 10.03342 0.8460724354 2.4338335112    0.776  1.762  3.7447  2.496    4  0.000  0.518     0.00     0.00     0.00     0.00     0.00 -1    -1e-30      0.00 7.405e-01 2.585e-01 1.660e-04 5.172e-05 4.274e-04 -1.000 9.840e-04 0.365 1.503 0.721 0.305 0.179 0.134 0.122
0.00097797 -1.20000 10.03342 0.8461269736 2.4338502784    0.776  1.761  3.7453  2.499    4  0.000  0.518     0.00     0.00     0.00     0.00     0.00 -1    -1e-30      0.00 7.405e-01 2.585e-01 1.660e-04 5.172e-05 4.274e-04 -1.000 9.840e-04 0.366 1.499 0.720 0.307 0.181 0.137 0.126
0.00097797 -1.20000 10.03342 0.8461807370 2.4338668050    0.776  1.761  3.7458  2.502    4  0.000  0.518     0.00     0.00     0.00     0.00     0.00 -1    -1e-30      0.00 7.405e-01 2.585e-01 1.660e-04 5.172e-05 4.274e-04 -1.000 9.840e-04 0.367 1.496 0.719 0.308 0.183 0.139 0.128
0.00097797 -1.20000 10.03342 0.8461937308 2.4338707988    0.776  1.761  3.7459  2.502    4  0.000  0.518     0.00     0.00     0.00     0.00     0.00 -1    -1e-30      0.00 7.405e-01 2.585e-01 1.660e-04 5.172e-05 4.274e-04 -1.000 9.840e-04 0.368 1.496 0.719 0.308 0.183 0.140 0.129
0.00097797 -1.20000 10.03342 0.8462051749 2.4338743162    0.776  1.761  3.7460  2.503    4  0.000  0.518     0.00     0.00     0.00     0.00     0.00 -1    -1e-30      0.00 7.405e-01 2.585e-01 1.660e-04 5.172e-05 4.274e-04 -1.000 9.840e-04 0.368 1.495 0.719 0.308 0.184 0.140 0.129
0.00097797 -1.20000 10.03342 0.8462591171 2.4338908943    0.776  1.761  3.7463  2.504    4  0.000  0.518     0.00     0.00     0.00     0.00     0.00 -1    -1e-30      0.00 7.405e-01 2.585e-01 1.660e-04 5.172e-05 4.274e-04 -1.000 9.840e-04 0.368 1.492 0.717 0.308 0.184 0.141 0.130
0.00097797 -1.20000 10.03342 0.8463142514 2.4339078361    0.776  1.761  3.7466  2.505    4  0.000  0.518     0.00     0.00     0.00     0.00     0.00 -1    -1e-30      0.00 7.405e-01 2.585e-01 1.660e-04 5.172e-05 4.274e-04 -1.000 9.840e-04 0.367 1.489 0.716 0.307 0.184 0.141 0.130
0.00097797 -1.20000 10.03342 0.8463684916 2.4339245008    0.776  1.762  3.7468  2.505    4  0.000  0.518     0.00     0.00     0.00     0.00     0.00 -1    -1e-30      0.00 7.405e-01 2.585e-01 1.660e-04 5.172e-05 4.274e-04 -1.000 9.840e-04 0.366 1.487 0.714 0.306 0.183 0.140 0.129
0.00097797 -1.20000 10.03342 0.8464228511 2.4339411996    0.776  1.762  3.7467  2.504    4  0.000  0.518     0.00     0.00     0.00     0.00     0.00 -1    -1e-30      0.00 7.405e-01 2.585e-01 1.660e-04 5.172e-05 4.274e-04 -1.000 9.840e-04 0.364 1.485 0.712 0.303 0.181 0.138 0.127
0.00097797 -1.20000 10.03342 0.8464814425 2.4339591957    0.776  1.764  3.7466  2.503    4  0.000  0.518     0.00     0.00     0.00     0.00     0.00 -1    -1e-30      0.00 7.405e-01 2.585e-01 1.660e-04 5.172e-05 4.274e-04 -1.000 9.840e-04 0.360 1.482 0.709 0.300 0.177 0.134 0.123
0.00097797 -1.20000 10.03342 0.8465367556 2.4339761822    0.776  1.766  3.7463  2.500    4  0.000  0.518     0.00     0.00     0.00     0.00     0.00 -1    -1e-30      0.00 7.405e-01 2.585e-01 1.660e-04 5.172e-05 4.274e-04 -1.000 9.839e-04 0.356 1.480 0.706 0.296 0.172 0.129 0.118
0.00097797 -1.20000 10.03342 0.8465781212 2.4339888839    0.776  1.767  3.7461  2.497    4  0.000  0.518     0.00     0.00     0.00     0.00     0.00 -1    -1e-30      0.00 7.405e-01 2.585e-01 1.660e-04 5.172e-05 4.274e-04 -1.000 9.840e-04 0.352 1.479 0.703 0.292 0.168 0.125 0.114
0.00097797 -1.20000 10.03342 0.8465937376 2.4339936786    0.776  1.768  3.7459  2.496    4  0.000  0.518     0.00     0.00     0.00     0.00     0.00 -1    -1e-30      0.00 7.405e-01 2.585e-01 1.660e-04 5.172e-05 4.274e-04 -1.000 9.839e-04 0.350 1.478 0.701 0.290 0.166 0.122 0.111
0.00097797 -1.20000 10.03342 0.8466464281 2.4340098549    0.776  1.770  3.7454  2.491    4  0.000  0.518     0.00     0.00     0.00     0.00     0.00 -1    -1e-30      0.00 7.405e-01 2.585e-01 1.660e-04 5.172e-05 4.274e-04 -1.000 9.839e-04 0.344 1.476 0.697 0.284 0.159 0.115 0.104
0.00097797 -1.20000 10.03342 0.8467019796 2.4340269070    0.776  1.774  3.7448  2.486    4  0.000  0.518     0.00     0.00     0.00     0.00     0.00 -1    -1e-30      0.00 7.405e-01 2.585e-01 1.660e-04 5.172e-05 4.274e-04 -1.000 9.840e-04 0.336 1.474 0.692 0.277 0.150 0.105 0.094
0.00097797 -1.20000 10.03342 0.8467546701 2.4340430785    0.777  1.777  3.7440  2.479    4  0.000  0.518     0.00     0.00     0.00     0.00     0.00 -1    -1e-30      0.00 7.405e-01 2.585e-01 1.660e-04 5.172e-05 4.274e-04 -1.000 9.840e-04 0.327 1.471 0.686 0.268 0.140 0.095 0.083
0.00097797 -1.20000 10.03342 0.8468082547 2.4340595221    0.777  1.781  3.7432  2.472    4  0.000  0.518     0.00     0.00     0.00     0.00     0.00 -1    -1e-30      0.00 7.405e-01 2.585e-01 1.660e-04 5.172e-05 4.274e-04 -1.000 9.840e-04 0.317 1.468 0.679 0.258 0.129 0.082 0.070
0.00097797 -1.20000 10.03342 0.8468599319 2.4340753780    0.777  1.785  3.7424  2.464    4  0.000  0.518     0.00     0.00     0.00     0.00     0.00 -1    -1e-30      0.00 7.405e-01 2.585e-01 1.660e-04 5.172e-05 4.274e-04 -1.000 9.840e-04 0.306 1.464 0.672 0.248 0.118 0.070 0.057
0.00097797 -1.20000 10.03342 0.8469121456 2.4340913963    0.777  1.790  3.7415  2.456    4  0.000  0.518     0.00     0.00     0.00     0.00     0.00 -1    -1e-30      0.00 7.405e-01 2.585e-01 1.660e-04 5.172e-05 4.274e-04 -1.000 9.840e-04 0.295 1.460 0.664 0.237 0.105 0.056 0.043
0.00097797 -1.20000 10.03342 0.8469651937 2.4341076683    0.777  1.795  3.7408  2.449    4  0.000  0.518     0.00     0.00     0.00     0.00     0.00 -1    -1e-30      0.00 7.405e-01 2.585e-01 1.660e-04 5.172e-05 4.274e-04 -1.000 9.840e-04 0.283 1.455 0.655 0.225 0.093 0.043 0.030
0.00097797 -1.20000 10.03342 0.8470181227 2.4341239014    0.777  1.801  3.7397  2.439    4  0.000  0.518     0.00     0.00     0.00     0.00     0.00 -1    -1e-30      0.00 7.405e-01 2.585e-01 1.660e-04 5.172e-05 4.274e-04 -1.000 9.840e-04 0.268 1.450 0.644 0.211 0.076 0.026 0.012
0.00097797 -1.20000 10.03342 0.8470754623 2.4341414846    0.777  1.810  3.7381  2.423    4  0.000  0.518     0.00     0.00     0.00     0.00     0.00 -1    -1e-30      0.00 7.405e-01 2.585e-01 1.660e-04 5.172e-05 4.274e-04 -1.000 9.840e-04 0.245 1.443 0.628 0.188 0.051 -0.002 -0.016
0.00097797 -1.20000 10.03342 0.8471285105 2.4341577493    0.777  1.804  3.7391  2.433    4  0.000  0.518     0.00     0.00     0.00     0.00     0.00 -1    -1e-30      0.00 7.405e-01 2.585e-01 1.660e-04 5.172e-05 4.274e-04 -1.000 9.840e-04 0.259 1.446 0.637 0.202 0.066 0.015 0.001
0.00097797 -1.20000 10.03342 0.8471810818 2.4341738656    0.777  1.819  3.7366  2.408    4  0.000  0.518     0.00     0.00     0.00     0.00     0.00 -1    -1e-30      0.00 7.405e-01 2.585e-01 1.660e-04 5.172e-05 4.274e-04 -1.000 9.840e-04 0.223 1.435 0.612 0.166 0.027 -0.027 -0.042
0.00097797 -1.20000 10.03342 0.8472356200 2.4341905824    0.777  1.840  3.7334  2.375    4  0.000  0.518     0.00     0.00     0.00     0.00     0.00 -1    -1e-30      0.00 7.405e-01 2.585e-01 1.660e-04 5.172e-05 4.274e-04 -1.000 9.840e-04 0.171 1.416 0.573 0.116 -0.029 -0.087 -0.104
0.00097797 -1.20000 10.03342 0.8472852707 2.4342057989    0.777  1.875  3.7283  2.319    4  0.000  0.518     0.00     0.00     0.00     0.00     0.00 -1    -1e-30      0.00 7.405e-01 2.585e-01 1.660e-04 5.172e-05 4.274e-04 -1.000 9.840e-04 0.082 1.379 0.506 0.029 -0.125 -0.188 -0.207
0.00097797 -1.20000 10.03342 0.8473094106 2.4342131964    0.777  1.913  3.7234  2.261    4  0.000  0.518     0.00     0.00     0.00     0.00     0.00 -1    -1e-30      0.00 7.405e-01 2.585e-01 1.660e-04 5.172e-05 4.274e-04 -1.000 9.839e-04 -0.012 1.339 0.433 -0.063 -0.225 -0.293 -0.315
0.00097797 -1.20000 10.03342 0.8473200798 2.4342164657    0.777  1.951  3.7187  2.204    4  0.000  0.518     0.00     0.00     0.00     0.00     0.00 -1    -1e-30      0.00 7.405e-01 2.585e-01 1.660e-04 5.172e-05 4.274e-04 -1.000 9.840e-04 -0.108 1.296 0.359 -0.157 -0.326 -0.400 -0.423
0.00097797 -1.20000 10.03342 0.8473247290 2.4342178903    0.777  1.990  3.7142  2.148    4  0.000  0.518     0.00     0.00     0.00     0.00     0.00 -1    -1e-30      0.00 7.405e-01 2.585e-01 1.660e-04 5.172e-05 4.274e-04 -1.000 9.840e-04 -0.204 1.254 0.285 -0.249 -0.425 -0.505 -0.531
0.00097797 -1.20000 10.03342 0.8473268747 2.4342185478    0.777  2.026  3.7103  2.096    4  0.000  0.518     0.00     0.00     0.00     0.00     0.00 -1    -1e-30      0.00 7.405e-01 2.585e-01 1.660e-04 5.172e-05 4.274e-04 -1.000 9.840e-04 -0.294 1.211 0.215 -0.335 -0.519 -0.603 -0.631
0.00097797 -1.20000 10.03342 0.8473281860 2.4342189496    0.777  2.061  3.7067  2.046    4  0.000  0.518     0.00     0.00     0.00     0.00     0.00 -1    -1e-30      0.00 7.405e-01 2.585e-01 1.660e-04 5.172e-05 4.274e-04 -1.000 9.840e-04 -0.383 1.170 0.146 -0.420 -0.610 -0.698 -0.728
0.00097797 -1.20000 10.03342 0.8473283052 2.4342189862    0.777  2.066  3.7062  2.039    7  0.000  0.518     0.00     0.00     0.00     0.00     0.00 -1  -9.7e-10      0.00 7.405e-01 2.569e-01 1.660e-04 5.172e-05 4.274e-04 -1.000 2.583e-03 -0.395 1.164 0.136 -0.431 -0.622 -0.711 -0.741
0.00097797 -1.20000 10.03342 0.8473290801 2.4342192236    0.777  2.094  3.7037  2.001    7  0.000  0.518     0.00     0.00     0.00     0.00     0.00 -1 -1.15e-09      0.00 7.405e-01 2.569e-01 1.660e-04 5.172e-05 4.274e-04 -1.000 2.583e-03 -0.465 1.128 0.080 -0.498 -0.693 -0.785 -0.817
0.00097797 -1.20000 10.03342 0.8473299146 2.4342194793    0.777  2.126  3.7008  1.958    7  0.000  0.518     0.00     0.00     0.00     0.00     0.00 -1 -1.39e-09      0.00 7.405e-01 2.569e-01 1.660e-04 5.172e-05 4.274e-04 -1.000 2.583e-03 -0.545 1.090 0.017 -0.575 -0.775 -0.871 -0.904
0.00097797 -1.20000 10.03342 0.8473308086 2.4342197533    0.777  2.149  3.6988  1.927    7  0.000  0.518     0.00     0.00     0.00     0.00     0.00 -1 -1.59e-09      0.00 7.405e-01 2.569e-01 1.660e-04 5.172e-05 4.274e-04 -1.000 2.583e-03 -0.601 1.063 -0.028 -0.629 -0.833 -0.931 -0.965
0.00097797 -1.20000 10.03342 0.8473317623 2.4342200455    0.777  2.153  3.6985  1.922    7  0.000  0.518     0.00     0.00     0.00     0.00     0.00 -1 -1.62e-09      0.00 7.405e-01 2.569e-01 1.660e-04 5.172e-05 4.274e-04 -1.000 2.583e-03 -0.611 1.058 -0.036 -0.638 -0.843 -0.941 -0.976
0.00097797 -1.20000 10.03342 0.8473330736 2.4342204473    0.777  2.145  3.6991  1.931    7  0.000  0.518     0.00     0.00     0.00     0.00     0.00 -1 -1.56e-09      0.00 7.405e-01 2.569e-01 1.660e-04 5.172e-05 4.274e-04 -1.000 2.583e-03 -0.593 1.066 -0.022 -0.621 -0.825 -0.922 -0.957
0.00097797 -1.20000 10.03342 0.8473354578 2.4342211778    0.777  2.132  3.7003  1.949    7  0.000  0.518     0.00     0.00     0.00     0.00     0.00 -1 -1.45e-09      0.00 7.405e-01 2.569e-01 1.660e-04 5.172e-05 4.274e-04 -1.000 2.583e-03 -0.561 1.081 0.003 -0.591 -0.792 -0.888 -0.922
0.00097797 -1.20000 10.03342 0.8473392129 2.4342223284    0.776  2.127  3.7007  1.956    7  0.000  0.518     0.00     0.00     0.00     0.00     0.00 -1  -1.4e-09      0.00 7.405e-01 2.569e-01 1.660e-04 5.172e-05 4.274e-04 -1.000 2.583e-03 -0.546 1.088 0.015 -0.577 -0.777 -0.873 -0.906
0.00097797 -1.20000 10.03342 0.8473641276 2.4342299622    0.775  2.151  3.6985  1.922    7  0.000  0.518     0.00     0.00     0.00     0.00     0.00 -1 -1.63e-09      0.00 7.405e-01 2.569e-01 1.660e-04 5.172e-05 4.274e-04 -1.000 2.583e-03 -0.608 1.061 -0.033 -0.635 -0.840 -0.938 -0.973
0.00097797 -1.20000 10.03342 0.8473815322 2.4342352946    0.773  2.183  3.6956  1.878    7  0.000  0.518     0.00     0.00     0.00     0.00     0.00 -1 -1.97e-09      0.00 7.405e-01 2.569e-01 1.660e-04 5.172e-05 4.274e-04 -1.000 2.583e-03 -0.688 1.026 -0.095 -0.711 -0.921 -1.023 -1.059
0.00097797 -1.20000 10.03342 0.8474013805 2.4342413754    0.771  2.233  3.6912  1.810    7  0.000  0.518     0.00     0.00     0.00     0.00     0.00 -1 -2.64e-09      0.00 7.405e-01 2.569e-01 1.660e-04 5.172e-05 4.274e-04 -1.000 2.583e-03 -0.812 0.972 -0.191 -0.828 -1.046 -1.154 -1.193
0.00097797 -1.20000 10.03342 0.8474184275 2.4342465976    0.769  2.288  3.6864  1.734    7  0.000  0.518     0.00     0.00     0.00     0.00     0.00 -1 -3.67e-09      0.00 7.405e-01 2.569e-01 1.660e-04 5.172e-05 4.274e-04 -1.000 2.583e-03 -0.950 0.916 -0.296 -0.956 -1.183 -1.298 -1.340
0.00097797 -1.20000 10.03342 0.8474335670 2.4342512354    0.766  2.341  3.6818  1.660    7  0.000  0.518     0.00     0.00     0.00     0.00     0.00 -1 -5.04e-09      0.00 7.405e-01 2.569e-01 1.660e-04 5.172e-05 4.274e-04 -1.000 2.583e-03 -1.084 0.881 -0.397 -1.086 -1.320 -1.440 -1.485
0.00097797 -1.20000 10.03342 0.8474470377 2.4342553618    0.763  2.387  3.6780  1.597    7  0.000  0.518     0.00     0.00     0.00     0.00     0.00 -1 -6.58e-09      0.00 7.405e-01 2.569e-01 1.660e-04 5.172e-05 4.274e-04 -1.000 2.580e-03 -1.198 0.858 -0.480 -1.196 -1.437 -1.562 -1.609
0.00097797 -1.20000 10.03342 0.8474589586 2.4342590133    0.759  2.430  3.6744  1.538    7  0.000  0.518     0.00     0.00     0.00     0.00     0.00 -1 -8.47e-09      0.00 7.405e-01 2.569e-01 1.660e-04 5.172e-05 4.274e-04 -1.000 2.544e-03 -1.304 0.842 -0.556 -1.298 -1.545 -1.674 -1.724
0.00097797 -1.20000 10.03342 0.8474695086 2.4342622448    0.754  2.471  3.6710  1.481    7  0.000  0.518     0.00     0.00     0.00     0.00     0.00 -1 -1.08e-08      0.00 7.405e-01 2.570e-01 1.659e-04 5.175e-05 4.274e-04 -1.000 2.485e-03 -1.407 0.832 -0.627 -1.396 -1.649 -1.783 -1.835
0.00097797 -1.20000 10.03342 0.8474790454 2.4342651658    0.749  2.511  3.6676  1.424    7  0.000  0.517     7.71     6.03     4.26     3.30     2.67  3 -1.37e-08      0.00 7.405e-01 2.570e-01 1.656e-04 5.189e-05 4.274e-04 -1.000 2.476e-03 -1.508 0.831 -0.693 -1.492 -1.751 -1.889 -1.944
0.00097797 -1.20000 10.03342 0.8474876285 2.4342677947    0.743  2.551  3.6642  1.367    7  0.000  0.514     8.68     6.67     4.68     3.64     2.94  3 -1.76e-08      0.00 7.405e-01 2.570e-01 1.647e-04 5.244e-05 4.274e-04 -1.000 2.427e-03 -1.607 0.838 -0.756 -1.585 -1.851 -1.993 -2.051
0.00097797 -1.20000 10.03342 0.8474954963 2.4342702045    0.736  2.591  3.6574  1.295    7  0.000  0.508    10.08     7.57     5.29     4.12     3.33  3 -2.27e-08      0.00 7.405e-01 2.571e-01 1.630e-04 5.414e-05 4.274e-04 -1.000 2.385e-03 -1.707 0.949 -0.779 -1.668 -1.947 -2.099 -2.162
0.00097797 -1.20000 10.03342 0.8475027084 2.4342724134    0.727  2.631  3.6512  1.226    7  0.000  0.501    11.64     8.56     5.94     4.64     3.75  2 -2.93e-08      0.00 7.405e-01 2.571e-01 1.605e-04 5.701e-05 4.274e-04 -1.000 2.379e-03 -1.806 1.008 -0.811 -1.742 -2.036 -2.198 -2.266
0.00097797 -1.20000 10.03342 0.8475095034 2.4342744944    0.717  2.671  3.6475  1.165    7  0.000  0.492    13.20     9.52     6.58     5.15     4.17  2 -3.78e-08      0.00 7.405e-01 2.572e-01 1.578e-04 6.032e-05 4.274e-04 -1.000 2.308e-03 -1.907 1.014 -0.867 -1.826 -2.130 -2.298 -2.369
0.00097797 -1.20000 10.03342 0.8475158811 2.4342764477    0.704  2.710  3.6441  1.105    7  0.000  0.485    14.93    10.56     7.26     5.69     4.61  2  -4.9e-08      0.00 7.405e-01 2.572e-01 1.554e-04 6.326e-05 4.274e-04 -1.000 2.336e-03 -2.004 1.016 -0.923 -1.908 -2.221 -2.395 -2.469
0.00097797 -1.20000 10.03342 0.8475220799 2.4342783461    0.688  2.748  3.6408  1.043    7  0.000  0.478    16.94    11.74     8.03     6.31     5.11  2 -6.46e-08      0.00 7.404e-01 2.573e-01 1.533e-04 6.586e-05 4.274e-04 -1.000 2.309e-03 -2.101 1.020 -0.978 -1.990 -2.312 -2.492 -2.568
0.00097797 -1.20000 10.03342 0.8475281596 2.4342802081    0.667  2.788  3.6374  0.975    7  0.000  0.472    19.41    13.16     8.95     7.05     5.71  1  -8.7e-08      0.00 7.404e-01 2.574e-01 1.514e-04 6.822e-05 4.274e-04 -1.000 2.280e-03 -2.201 1.032 -1.030 -2.073 -2.405 -2.591 -2.670
0.00097797 -1.20000 10.03342 0.8475335240 2.4342818509    0.642  2.826  3.6348  0.910    7  0.000  0.467    22.10    14.65     9.91     7.83     6.34  1 -1.18e-07      0.00 7.403e-01 2.575e-01 1.498e-04 7.020e-05 4.274e-04 -1.000 2.229e-03 -2.295 1.041 -1.080 -2.151 -2.493 -2.684 -2.766
0.00097797 -1.20000 10.03342 0.8475387096 2.4342834389    0.608  2.865  3.6335  0.843    7  0.000  0.462    25.25    16.33    10.98     8.71     7.05  1  -1.7e-07      0.00 7.402e-01 2.576e-01 1.483e-04 7.199e-05 4.274e-04 -1.000 2.200e-03 -2.393 1.017 -1.148 -2.242 -2.589 -2.784 -2.867
0.00097797 -1.20000 10.03342 0.8475432396 2.4342848262    0.568  2.904  3.6370  0.788    7  0.000  0.459    28.00    17.72    11.84     9.43     7.63  1 -2.49e-07      0.00 7.401e-01 2.577e-01 1.470e-04 7.354e-05 4.274e-04 -1.000 2.192e-03 -2.491 0.883 -1.273 -2.359 -2.700 -2.889 -2.969
0.00097797 -1.20000 10.03342 0.8475459218 2.4342856476    0.538  2.931  3.6441  0.766    7  0.000  0.456    29.05    18.18    12.12     9.68     7.83  1 -3.25e-07      0.00 7.401e-01 2.578e-01 1.463e-04 7.452e-05 4.273e-04 -1.000 2.187e-03 -2.558 0.680 -1.412 -2.462 -2.787 -2.964 -3.039
0.00097797 -1.20000 10.03342 0.8475466967 2.4342858849    0.514  2.941  3.6546  0.778    7  0.000  0.455    28.03    17.57    11.73     9.37     7.58  1 -3.52e-07      0.00 7.400e-01 2.578e-01 1.457e-04 7.519e-05 4.273e-04 -1.000 2.280e-03 -2.582 0.425 -1.547 -2.535 -2.835 -2.995 -3.062
0.00097797 -1.20000 10.03342 1.0947911739 2.4907996279    0.546 -9.999  3.6284  7.957    9  0.546  0.000     0.00     0.00     0.00     0.00     0.00 -1    -1e-30      0.00 7.277e-01 2.713e-01 1.325e-04 1.048e-04 4.320e-04 -1.000 9.274e-04 29.767 32.726 30.961 29.872 29.490 29.299 29.233
