# Zini     MH   logAge Mini        int_IMF         Mass   logL    logTe  logg  label   McoreTP C_O  period0  period1  period2  period3  period4  pmode  Mloss  tau1m   X   Y   Xc  Xn  Xo  Cexcess  Z 	 mbolmag  umag    gmag    rmag    imag    zmag    Ymag
0.00027635 -1.75000 10.11394 0.0900000036 1.0816895926    0.090 -3.193  3.4835  5.471    1  0.000  0.545     0.00     0.00     0.00     0.00     0.00 -1 -4.94e-17      0.00 7.480e-01 2.517e-01 5.500e-05 1.484e-05 1.346e-04 -1.000 3.059e-04 12.752 17.862 15.990 14.052 12.550 12.067 11.967
0.00027635 -1.75000 10.11394 0.0957344398 1.1344533438    0.096 -2.988  3.5134  5.413    1  0.000  0.545     0.00     0.00     0.00     0.00     0.00 -1 -8.21e-17      0.00 7.466e-01 2.531e-01 5.500e-05 1.484e-05 1.346e-04 -1.000 3.059e-04 12.241 17.162 14.936 13.130 12.027 11.631 11.525
0.00027635 -1.75000 10.11394 0.1000000015 1.1711064122    0.100 -2.844  3.5344  5.372    1  0.000  0.545     0.00     0.00     0.00     0.00     0.00 -1 -1.17e-16      0.00 7.454e-01 2.542e-01 5.500e-05 1.484e-05 1.346e-04 -1.000 3.059e-04 11.881 16.521 14.228 12.537 11.660 11.311 11.206
0.00027635 -1.75000 10.11394 0.1199999973 1.3193154249    0.120 -2.553  3.5653  5.283    1  0.000  0.545     0.00     0.00     0.00     0.00     0.00 -1 -2.32e-16      0.00 7.421e-01 2.576e-01 5.500e-05 1.484e-05 1.346e-04 -1.000 3.059e-04 11.151 15.196 13.034 11.538 10.920 10.629 10.532
0.00027635 -1.75000 10.11394 0.1399999857 1.4384525915    0.140 -2.368  3.5802  5.225    1  0.000  0.545     0.00     0.00     0.00     0.00     0.00 -1 -3.51e-16      0.00 7.399e-01 2.598e-01 5.500e-05 1.484e-05 1.346e-04 -1.000 3.058e-04 10.691 14.416 12.373 10.986 10.454 10.188 10.096
0.00027635 -1.75000 10.11394 0.1599999964 1.5372931554    0.160 -2.224  3.5900  5.178    1  0.000  0.545     0.00     0.00     0.00     0.00     0.00 -1 -4.83e-16      0.00 7.385e-01 2.612e-01 5.500e-05 1.484e-05 1.346e-04 -1.000 3.060e-04 10.330 13.837 11.888 10.579 10.090 9.839 9.751
0.00027635 -1.75000 10.11394 0.2000000179 1.6938791367    0.200 -2.003  3.6025  5.104    1  0.000  0.545     0.00     0.00     0.00     0.00     0.00 -1 -7.83e-16      0.00 7.376e-01 2.621e-01 5.500e-05 1.484e-05 1.346e-04 -1.000 3.059e-04 9.778 13.029 11.189 9.978 9.532 9.300 9.219
0.00027635 -1.75000 10.11394 0.2500000000 1.8403257998    0.250 -1.802  3.6135  5.044    1  0.000  0.545     0.00     0.00     0.00     0.00     0.00 -1 -3.24e-16      0.00 7.378e-01 2.619e-01 5.499e-05 1.484e-05 1.346e-04 -1.000 3.059e-04 9.274 12.315 10.565 9.436 9.022 8.807 8.731
0.00027635 -1.75000 10.11394 0.3000000119 1.9529139769    0.300 -1.648  3.6224  5.004    1  0.000  0.545     0.00     0.00     0.00     0.00     0.00 -1 -6.26e-16      0.00 7.379e-01 2.618e-01 5.498e-05 1.484e-05 1.346e-04 -1.000 3.059e-04 8.889 11.769 10.087 9.021 8.632 8.430 8.360
0.00027635 -1.75000 10.11394 0.3499999940 2.0434174644    0.350 -1.521  3.6304  4.977    1  0.000  0.544     0.00     0.00     0.00     0.00     0.00 -1 -1.09e-15      0.00 7.377e-01 2.620e-01 5.495e-05 1.484e-05 1.346e-04 -1.000 3.076e-04 8.574 11.317 9.692 8.681 8.314 8.123 8.057
0.00027635 -1.75000 10.11394 0.4000000060 2.1185024399    0.400 -1.387  3.6405  4.941    1  0.000  0.545     0.00     0.00     0.00     0.00     0.00 -1 -2.76e-15      0.00 7.502e-01 2.494e-01 5.500e-05 1.484e-05 1.346e-04 -1.000 3.059e-04 8.237 10.817 9.262 8.316 7.974 7.799 7.737
0.00027635 -1.75000 10.11394 0.4500000179 2.1822809362    0.450 -1.222  3.6574  4.895    1  0.000  0.545     0.00     0.00     0.00     0.00     0.00 -1 -4.01e-15      0.00 7.506e-01 2.491e-01 5.500e-05 1.484e-05 1.346e-04 -1.000 3.059e-04 7.825 10.140 8.706 7.860 7.558 7.407 7.354
0.00027635 -1.75000 10.11394 0.5000000000 2.2374541529    0.500 -1.037  3.6789  4.842    1  0.000  0.545     0.00     0.00     0.00     0.00     0.00 -1 -6.19e-15      0.00 7.506e-01 2.491e-01 5.500e-05 1.484e-05 1.346e-04 -1.000 3.059e-04 7.363 9.337 8.081 7.353 7.098 6.975 6.934
0.00027635 -1.75000 10.11394 0.5500000715 2.2836583126    0.550 -0.823  3.7014  4.759    1  0.000  0.544     0.00     0.00     0.00     0.00     0.00 -1 -1.06e-14      0.00 7.876e-01 2.122e-01 4.735e-05 1.279e-05 1.160e-04 -1.000 2.186e-04 6.828 8.470 7.408 6.785 6.572 6.478 6.449
0.00027635 -1.75000 10.11394 0.6000000238 2.3211213258    0.600 -0.607  3.7287  4.690    1  0.000  0.544     0.00     0.00     0.00     0.00     0.00 -1 -1.81e-14      0.00 8.003e-01 1.994e-01 4.488e-05 1.212e-05 1.101e-04 -1.000 2.577e-04 6.289 7.599 6.744 6.231 6.063 6.000 5.985
0.00027635 -1.75000 10.11394 0.6061140299 2.3252171887    0.606 -0.580  3.7325  4.682    1  0.000  0.543     0.00     0.00     0.00     0.00     0.00 -1 -1.94e-14      0.00 8.022e-01 1.975e-01 4.452e-05 1.203e-05 1.092e-04 -1.000 2.669e-04 6.219 7.490 6.660 6.161 5.999 5.941 5.927
0.00027635 -1.75000 10.11394 0.6165542603 2.3319957723    0.616 -0.532  3.7389  4.667    1  0.000  0.543     0.00     0.00     0.00     0.00     0.00 -1 -2.18e-14      0.00 8.055e-01 1.942e-01 4.390e-05 1.186e-05 1.077e-04 -1.000 2.681e-04 6.100 7.306 6.517 6.041 5.890 5.838 5.828
0.00027635 -1.75000 10.11394 0.6262531281 2.3380606829    0.626 -0.487  3.7448  4.653    1  0.000  0.543     0.00     0.00     0.00     0.00     0.00 -1 -1.79e-20      0.00 8.088e-01 1.910e-01 4.329e-05 1.170e-05 1.063e-04 -1.000 2.628e-04 5.988 7.140 6.386 5.931 5.789 5.744 5.736
0.00027635 -1.75000 10.11394 0.6352645755 2.3435052906    0.635 -0.445  3.7502  4.638    1  0.000  0.543     0.00     0.00     0.00     0.00     0.00 -1 -5.71e-19      0.00 8.119e-01 1.879e-01 4.270e-05 1.154e-05 1.049e-04 -1.000 2.345e-04 5.882 6.988 6.264 5.829 5.695 5.655 5.650
0.00027635 -1.75000 10.11394 0.6440423131 2.3486405841    0.644 -0.404  3.7553  4.623    1  0.000  0.543     0.00     0.00     0.00     0.00     0.00 -1 -3.97e-16      0.00 8.151e-01 1.847e-01 4.211e-05 1.139e-05 1.035e-04 -1.000 2.343e-04 5.779 6.841 6.144 5.729 5.604 5.570 5.566
0.00027635 -1.75000 10.11394 0.6499999762 2.3520353107    0.650 -0.375  3.7587  4.613    1  0.000  0.542     0.00     0.00     0.00     0.00     0.00 -1 -3.24e-14      0.00 8.173e-01 1.824e-01 4.169e-05 1.128e-05 1.025e-04 -1.000 2.627e-04 5.708 6.740 6.062 5.661 5.541 5.510 5.509
0.00027635 -1.75000 10.11394 0.6537181735 2.3541179453    0.653 -0.357  3.7608  4.606    1  0.000  0.542     0.00     0.00     0.00     0.00     0.00 -1 -3.39e-14      0.00 8.190e-01 1.807e-01 4.137e-05 1.119e-05 1.017e-04 -1.000 2.600e-04 5.663 6.679 6.012 5.618 5.502 5.473 5.472
0.00027635 -1.75000 10.11394 0.6645396352 2.3600270386    0.664 -0.304  3.7667  4.583    1  0.000  0.542     0.00     0.00     0.00     0.00     0.00 -1 -2.68e-14      0.00 8.243e-01 1.755e-01 4.040e-05 1.093e-05 9.936e-05 -1.000 2.260e-04 5.530 6.505 5.864 5.491 5.384 5.361 5.362
0.00027635 -1.75000 10.11394 0.6748581529 2.3654589990    0.675 -0.252  3.7722  4.559    1  0.000  0.542     0.00     0.00     0.00     0.00     0.00 -1 -2.71e-15      0.00 8.296e-01 1.702e-01 3.940e-05 1.067e-05 9.700e-05 -1.000 2.128e-04 5.399 6.337 5.719 5.367 5.268 5.250 5.253
0.00027635 -1.75000 10.11394 0.6844721437 2.3703509534    0.684 -0.201  3.7772  4.535    1  0.000  0.541     0.00     0.00     0.00     0.00     0.00 -1 -7.52e-19      0.00 8.349e-01 1.649e-01 3.842e-05 1.041e-05 9.466e-05 -1.000 2.241e-04 5.273 6.179 5.581 5.246 5.156 5.143 5.148
0.00027635 -1.75000 10.11394 0.6934089065 2.3747586844    0.693 -0.152  3.7818  4.510    1  0.000  0.541     0.00     0.00     0.00     0.00     0.00 -1 -4.41e-16      0.00 8.401e-01 1.597e-01 3.746e-05 1.015e-05 9.237e-05 -1.000 2.357e-04 5.150 6.028 5.448 5.129 5.046 5.038 5.044
0.00027635 -1.75000 10.11394 0.6999999881 2.3779266974    0.700 -0.114  3.7852  4.490    1  0.000  0.540     0.00     0.00     0.00     0.00     0.00 -1 -6.54e-14      0.00 8.441e-01 1.556e-01 3.672e-05 9.952e-06 9.058e-05 -1.000 2.353e-04 5.056 5.916 5.345 5.039 4.961 4.956 4.964
0.00027635 -1.75000 10.11394 0.7033457756 2.3795087518    0.703 -0.095  3.7868  4.479    1  0.000  0.540     0.00     0.00     0.00     0.00     0.00 -1 -6.91e-14      0.00 8.461e-01 1.536e-01 3.631e-05 9.853e-06 8.970e-05 -1.000 2.308e-04 5.007 5.858 5.292 4.992 4.917 4.914 4.922
0.00027635 -1.75000 10.11394 0.7115184665 2.3833013614    0.711 -0.044  3.7907  4.449    1  0.000  0.538     0.00     0.00     0.00     0.00     0.00 -1 -7.98e-14      0.00 8.508e-01 1.490e-01 3.538e-05 9.624e-06 8.769e-05 -1.000 1.941e-04 4.881 5.712 5.157 4.871 4.802 4.802 4.812
0.00027635 -1.75000 10.11394 0.7185379863 2.3864797503    0.718  0.002  3.7940  4.421    1  0.000  0.536     0.00     0.00     0.00     0.00     0.00 -1 -9.12e-14      0.00 8.545e-01 1.453e-01 3.465e-05 9.448e-06 8.615e-05 -1.000 1.926e-04 4.766 5.581 5.034 4.760 4.696 4.700 4.711
0.00027635 -1.75000 10.11394 0.7253386378 2.3894916619    0.725  0.049  3.7971  4.390    1  0.000  0.535     0.00     0.00     0.00     0.00     0.00 -1 -2.24e-15      0.00 8.577e-01 1.421e-01 3.401e-05 9.295e-06 8.480e-05 -1.000 2.221e-04 4.648 5.449 4.908 4.645 4.587 4.593 4.605
0.00027635 -1.75000 10.11394 0.7321400046 2.3924396235    0.732  0.099  3.8000  4.355    1  0.000  0.533     0.00     0.00     0.00     0.00     0.00 -1  -1.4e-19      0.00 8.607e-01 1.391e-01 3.343e-05 9.156e-06 8.359e-05 -1.000 2.187e-04 4.523 5.309 4.775 4.523 4.469 4.478 4.491
0.00027635 -1.75000 10.11394 0.7399990559 2.3957685343    0.739  0.162  3.8031  4.309    1  0.000  0.531     0.00     0.00     0.00     0.00     0.00 -1 -7.03e-17      0.00 8.639e-01 1.359e-01 3.284e-05 9.016e-06 8.237e-05 -1.000 1.994e-04 4.365 5.139 4.609 4.368 4.319 4.332 4.345
0.00027635 -1.75000 10.11394 0.7473449111 2.3988073770    0.747  0.227  3.8055  4.258    1  0.000  0.530     0.00     0.00     0.00     0.00     0.00 -1 -2.37e-14      0.00 8.665e-01 1.334e-01 3.235e-05 8.903e-06 8.141e-05 -1.000 1.706e-04 4.203 4.966 4.439 4.207 4.163 4.178 4.192
0.00027635 -1.75000 10.11394 0.7500000000 2.3998889087    0.749  0.252  3.8062  4.238    1  0.000  0.529     0.00     0.00     0.00     0.00     0.00 -1 -1.95e-13      0.00 8.673e-01 1.325e-01 3.220e-05 8.869e-06 8.112e-05 -1.000 1.706e-04 4.141 4.901 4.374 4.145 4.102 4.118 4.132
0.00027635 -1.75000 10.11394 0.7544069290 2.4016647299    0.753  0.294  3.8074  4.203    1  0.000  0.529     0.00     0.00     0.00     0.00     0.00 -1 -2.24e-13      0.00 8.668e-01 1.330e-01 3.236e-05 8.914e-06 8.154e-05 -1.000 1.733e-04 4.035 4.789 4.263 4.040 3.999 4.016 4.030
0.00027635 -1.75000 10.11394 0.7581523657 2.4031553466    0.757  0.333  3.8080  4.168    1  0.000  0.529     0.00     0.00     0.00     0.00     0.00 -1 -2.55e-13      0.00 8.661e-01 1.338e-01 3.256e-05 8.969e-06 8.204e-05 -1.000 1.765e-04 3.937 4.687 4.162 3.941 3.902 3.919 3.934
0.00027635 -1.75000 10.11394 0.7593803406 2.4036403793    0.758  0.347  3.8079  4.154    1  0.000  0.529     0.00     0.00     0.00     0.00     0.00 -1 -2.68e-13      0.00 8.658e-01 1.340e-01 3.262e-05 8.987e-06 8.221e-05 -1.000 1.773e-04 3.902 4.652 4.127 3.906 3.867 3.884 3.899
0.00027635 -1.75000 10.11394 0.7641435266 2.4055048189    0.763  0.405  3.8066  4.093    1  0.000  0.529     0.00     0.00     0.00     0.00     0.00 -1 -3.25e-13      0.00 8.648e-01 1.350e-01 3.288e-05 9.058e-06 8.286e-05 -1.000 1.808e-04 3.756 4.511 3.982 3.759 3.718 3.734 3.748
0.00027635 -1.75000 10.11394 0.7677546144 2.4069005800    0.767  0.456  3.8038  4.034    1  0.000  0.529     0.00     0.00     0.00     0.00     0.00 -1 -3.91e-13      0.00 8.640e-01 1.358e-01 3.307e-05 9.112e-06 8.335e-05 -1.000 1.834e-04 3.630 4.394 3.861 3.629 3.584 3.598 3.611
0.00027635 -1.75000 10.11394 0.7683693171 2.4071366732    0.767  0.465  3.8030  4.022    1  0.000  0.529     0.00     0.00     0.00     0.00     0.00 -1 -4.07e-13      0.00 8.639e-01 1.359e-01 3.310e-05 9.121e-06 8.344e-05 -1.000 1.837e-04 3.607 4.373 3.838 3.605 3.559 3.572 3.585
0.00027635 -1.75000 10.11394 0.7690038681 2.4073799345    0.768  0.476  3.8020  4.007    1  0.000  0.529     0.00     0.00     0.00     0.00     0.00 -1 -4.24e-13      0.00 8.638e-01 1.360e-01 3.314e-05 9.130e-06 8.352e-05 -1.000 1.842e-04 3.580 4.350 3.814 3.577 3.530 3.542 3.554
0.00027635 -1.75000 10.11394 0.7711368203 2.4081942486    0.770  0.515  3.7972  3.950    2  0.000  0.529     0.00     0.00     0.00     0.00     0.00 -1 -4.92e-13      0.00 8.633e-01 1.365e-01 3.325e-05 9.162e-06 8.381e-05 -1.000 1.858e-04 3.483 4.271 3.727 3.476 3.421 3.428 3.439
0.00027635 -1.75000 10.11394 0.7727677226 2.4088134048    0.771  0.549  3.7914  3.894    2  0.000  0.529     0.00     0.00     0.00     0.00     0.00 -1 -5.68e-13      0.00 8.624e-01 1.374e-01 3.354e-05 9.240e-06 8.452e-05 -1.000 1.869e-04 3.397 4.209 3.653 3.384 3.321 3.322 3.331
0.00027635 -1.75000 10.11394 0.7740443349 2.4092959653    0.773  0.580  3.7845  3.836    2  0.000  0.529     0.00     0.00     0.00     0.00     0.00 -1 -6.52e-13      0.00 8.599e-01 1.399e-01 3.432e-05 9.454e-06 8.647e-05 -1.000 2.055e-04 3.319 4.163 3.592 3.300 3.227 3.221 3.227
0.00027635 -1.75000 10.11394 0.7750731111 2.4096835136    0.774  0.609  3.7772  3.779    2  0.000  0.530     0.00     0.00     0.00     0.00     0.00 -1 -7.42e-13      0.00 8.483e-01 1.515e-01 3.711e-05 1.021e-05 9.334e-05 -1.000 2.209e-04 3.248 4.129 3.540 3.224 3.139 3.127 3.130
0.00027635 -1.75000 10.11394 0.7759359479 2.4100076402    0.774  0.635  3.7699  3.724    2  0.000  0.531     0.00     0.00     0.00     0.00     0.00 -1 -8.39e-13      0.00 8.278e-01 1.719e-01 4.105e-05 1.128e-05 1.029e-04 -1.000 2.321e-04 3.183 4.105 3.494 3.154 3.057 3.037 3.038
0.00027635 -1.75000 10.11394 0.7766968012 2.4102927693    0.775  0.662  3.7628  3.669    2  0.000  0.534     0.00     0.00     0.00     0.00     0.00 -1 -1.52e-14      0.00 8.050e-01 1.948e-01 4.479e-05 1.228e-05 1.119e-04 -1.000 2.399e-04 3.116 4.082 3.447 3.082 2.975 2.948 2.946
0.00027635 -1.75000 10.11394 0.7773716450 2.4105451295    0.776  0.691  3.7562  3.613    2  0.000  0.535     0.00     0.00     0.00     0.00     0.00 -1 -1.68e-15      0.00 7.900e-01 2.098e-01 4.727e-05 1.294e-05 1.178e-04 -1.000 2.344e-04 3.042 4.051 3.392 3.005 2.888 2.854 2.849
0.00027635 -1.75000 10.11394 0.7780397534 2.4107944750    0.776  0.730  3.7503  3.552    2  0.000  0.536     0.00     0.00     0.00     0.00     0.00 -1 -2.32e-15      0.00 7.804e-01 2.193e-01 4.888e-05 1.337e-05 1.216e-04 -1.000 2.746e-04 2.946 3.996 3.315 2.908 2.781 2.741 2.734
0.00027635 -1.75000 10.11394 0.7785669565 2.4109908858    0.777  0.768  3.7463  3.498    2  0.000  0.536     0.00     0.00     0.00     0.00     0.00 -1 -3.07e-15      0.00 7.755e-01 2.242e-01 4.972e-05 1.360e-05 1.236e-04 -1.000 2.858e-04 2.851 3.930 3.233 2.813 2.679 2.635 2.626
0.00027635 -1.75000 10.11394 0.7789272666 2.4111249443    0.777  0.797  3.7439  3.459    2  0.000  0.536     0.00     0.00     0.00     0.00     0.00 -1 -3.76e-15      0.00 7.729e-01 2.269e-01 5.016e-05 1.372e-05 1.247e-04 -1.000 2.706e-04 2.778 3.875 3.168 2.740 2.602 2.555 2.546
0.00027635 -1.75000 10.11394 0.7790912986 2.4111859275    0.777  0.812  3.7430  3.441    3  0.000  0.536     0.00     0.00     0.00     0.00     0.00 -1 -4.15e-15      0.00 7.719e-01 2.278e-01 5.032e-05 1.376e-05 1.251e-04 -1.000 2.443e-04 2.741 3.845 3.134 2.702 2.564 2.516 2.506
0.00027635 -1.75000 10.11394 0.7795315981 2.4113494745    0.778  0.853  3.7408  3.391    3  0.000  0.537     0.00     0.00     0.00     0.00     0.00 -1 -5.36e-15      0.00 7.695e-01 2.302e-01 5.069e-05 1.386e-05 1.260e-04 -1.000 3.023e-04 2.637 3.757 3.038 2.598 2.456 2.406 2.395
0.00027635 -1.75000 10.11394 0.7800133824 2.4115281875    0.778  0.902  3.7386  3.333    3  0.000  0.537     0.00     0.00     0.00     0.00     0.00 -1  -7.2e-15      0.00 7.671e-01 2.326e-01 5.102e-05 1.395e-05 1.268e-04 -1.000 2.892e-04 2.514 3.652 2.922 2.476 2.330 2.277 2.265
0.00027635 -1.75000 10.11394 0.7804225683 2.4116797716    0.779  0.947  3.7369  3.282    3  0.000  0.537     0.00     0.00     0.00     0.00     0.00 -1 -9.36e-15      0.00 7.653e-01 2.344e-01 5.125e-05 1.401e-05 1.273e-04 -1.000 2.871e-04 2.402 3.553 2.816 2.364 2.216 2.161 2.148
0.00027635 -1.75000 10.11394 0.7808136940 2.4118244945    0.779  0.993  3.7353  3.230    3  0.000  0.537     0.00     0.00     0.00     0.00     0.00 -1 -1.21e-14      0.00 7.636e-01 2.361e-01 5.144e-05 1.406e-05 1.278e-04 -1.000 3.032e-04 2.287 3.452 2.707 2.251 2.100 2.043 2.029
0.00027635 -1.75000 10.11394 0.7812111974 2.4119714065    0.779  1.043  3.7337  3.174    3  0.000  0.537     0.00     0.00     0.00     0.00     0.00 -1  -1.6e-14      0.00 7.619e-01 2.378e-01 5.161e-05 1.411e-05 1.282e-04 -1.000 3.032e-04 2.163 3.340 2.589 2.127 1.973 1.915 1.900
0.00027635 -1.75000 10.11394 0.7815765142 2.4121062713    0.779  1.092  3.7322  3.118    3  0.000  0.537     0.00     0.00     0.00     0.00     0.00 -1 -2.08e-14      0.00 7.605e-01 2.393e-01 5.173e-05 1.415e-05 1.285e-04 -1.000 2.952e-04 2.039 3.228 2.470 2.004 1.848 1.788 1.772
0.00027635 -1.75000 10.11394 0.7819046378 2.4122272818    0.780  1.141  3.7308  3.064    3  0.000  0.536     0.00     0.00     0.00     0.00     0.00 -1 -2.67e-14      0.00 7.591e-01 2.406e-01 5.181e-05 1.418e-05 1.288e-04 -1.000 2.862e-04 1.918 3.118 2.354 1.884 1.726 1.664 1.647
0.00027635 -1.75000 10.11394 0.7821915746 2.4123330071    0.780  1.187  3.7294  3.013    3  0.000  0.536     0.00     0.00     0.00     0.00     0.00 -1 -3.36e-14      0.00 7.580e-01 2.417e-01 5.185e-05 1.422e-05 1.290e-04 -1.000 2.865e-04 1.803 3.015 2.245 1.770 1.610 1.546 1.529
0.00027635 -1.75000 10.11394 0.7824711204 2.4124359234    0.780  1.235  3.7279  2.959    3  0.000  0.535     0.00     0.00     0.00     0.00     0.00 -1 -4.27e-14      0.00 7.568e-01 2.429e-01 5.184e-05 1.426e-05 1.292e-04 -1.000 3.052e-04 1.682 2.906 2.129 1.649 1.487 1.422 1.404
0.00027635 -1.75000 10.11394 0.7827394009 2.4125346128    0.780  1.286  3.7264  2.901    3  0.000  0.534     0.00     0.00     0.00     0.00     0.00 -1 -5.44e-14      0.00 7.559e-01 2.438e-01 5.180e-05 1.431e-05 1.293e-04 -1.000 2.959e-04 1.554 2.791 2.006 1.522 1.358 1.291 1.272
0.00027635 -1.75000 10.11394 0.7829644680 2.4126173457    0.780  1.333  3.7249  2.849    3  0.000  0.534     0.00     0.00     0.00     0.00     0.00 -1 -6.76e-14      0.00 7.551e-01 2.446e-01 5.174e-05 1.438e-05 1.294e-04 -1.000 2.712e-04 1.437 2.687 1.895 1.406 1.239 1.171 1.151
0.00027635 -1.75000 10.11394 0.7831696868 2.4126927349    0.780  1.380  3.7234  2.796    3  0.000  0.533     0.00     0.00     0.00     0.00     0.00 -1 -8.35e-14      0.00 7.545e-01 2.452e-01 5.167e-05 1.444e-05 1.295e-04 -1.000 2.914e-04 1.321 2.583 1.784 1.290 1.122 1.051 1.031
0.00027635 -1.75000 10.11394 0.7833627462 2.4127636158    0.780  1.428  3.7219  2.742    3  0.000  0.532     0.00     0.00     0.00     0.00     0.00 -1 -1.03e-13      0.00 7.540e-01 2.457e-01 5.159e-05 1.452e-05 1.296e-04 -1.000 3.059e-04 1.201 2.476 1.670 1.172 1.000 0.928 0.907
0.00027635 -1.75000 10.11394 0.7835334539 2.4128262569    0.780  1.474  3.7203  2.690    3  0.000  0.531     0.00     0.00     0.00     0.00     0.00 -1 -1.26e-13      0.00 7.536e-01 2.461e-01 5.152e-05 1.459e-05 1.296e-04 -1.000 3.060e-04 1.085 2.374 1.560 1.057 0.883 0.809 0.787
0.00027635 -1.75000 10.11394 0.7836957574 2.4128857850    0.780  1.522  3.7187  2.635    3  0.000  0.530     0.00     0.00     0.00     0.00     0.00 -1 -1.55e-13      0.00 7.533e-01 2.464e-01 5.147e-05 1.464e-05 1.297e-04 -1.000 3.058e-04 0.964 2.268 1.446 0.937 0.761 0.685 0.662
0.00027635 -1.75000 10.11394 0.7838389277 2.4129382721    0.780  1.569  3.7171  2.581    3  0.000  0.530     0.00     0.00     0.00     0.00     0.00 -1 -1.88e-13      0.00 7.531e-01 2.466e-01 5.144e-05 1.467e-05 1.297e-04 -1.000 3.054e-04 0.847 2.167 1.336 0.822 0.643 0.565 0.541
0.00027635 -1.75000 10.11394 0.7839663029 2.4129849500    0.780  1.614  3.7154  2.530    3  0.000  0.529     0.00     0.00     0.00     0.00     0.00 -1 -2.27e-13      0.00 7.530e-01 2.467e-01 5.142e-05 1.469e-05 1.297e-04 -1.000 3.013e-04 0.734 2.069 1.230 0.710 0.529 0.449 0.424
0.00027635 -1.75000 10.11394 0.7840877175 2.4130294274    0.780  1.661  3.7137  2.476    3  0.000  0.529     0.00     0.00     0.00     0.00     0.00 -1 -2.74e-13      0.00 7.530e-01 2.467e-01 5.141e-05 1.470e-05 1.297e-04 -1.000 2.949e-04 0.616 1.968 1.120 0.594 0.409 0.327 0.302
0.00027635 -1.75000 10.11394 0.7841976285 2.4130696770    0.780  1.708  3.7120  2.422    3  0.000  0.529     0.00     0.00     0.00     0.00     0.00 -1  -3.3e-13      0.00 7.530e-01 2.467e-01 5.141e-05 1.470e-05 1.297e-04 -1.000 2.950e-04 0.500 1.870 1.010 0.478 0.290 0.207 0.180
0.00027635 -1.75000 10.11394 0.7842943668 2.4131050921    0.780  1.753  3.7103  2.370    3  0.000  0.529     0.00     0.00     0.00     0.00     0.00 -1 -3.93e-13      0.00 7.530e-01 2.467e-01 5.141e-05 1.470e-05 1.297e-04 -1.000 2.951e-04 0.388 1.777 0.906 0.366 0.176 0.091 0.064
0.00027635 -1.75000 10.11394 0.7843832970 2.4131376398    0.780  1.797  3.7085  2.319    3  0.000  0.529     0.00     0.00     0.00     0.00     0.00 -1 -9.32e-16      0.00 7.530e-01 2.467e-01 5.141e-05 1.470e-05 1.297e-04 -1.000 2.952e-04 0.276 1.687 0.803 0.256 0.063 -0.025 -0.053
0.00027635 -1.75000 10.11394 0.7844693065 2.4131691105    0.780  1.844  3.7067  2.264    3  0.000  0.529     0.00     0.00     0.00     0.00     0.00 -1 -6.95e-17      0.00 7.530e-01 2.467e-01 5.141e-05 1.470e-05 1.297e-04 -1.000 2.952e-04 0.159 1.591 0.694 0.140 -0.056 -0.146 -0.175
0.00027635 -1.75000 10.11394 0.7845446467 2.4131966708    0.779  1.889  3.7049  2.212    3  0.000  0.529     0.00     0.00     0.00     0.00     0.00 -1 -8.32e-17      0.00 7.530e-01 2.467e-01 5.141e-05 1.470e-05 1.297e-04 -1.000 2.953e-04 0.048 1.502 0.592 0.030 -0.169 -0.261 -0.291
0.00027635 -1.75000 10.11394 0.7846139073 2.4132220017    0.779  1.933  3.7031  2.161    3  0.000  0.529     0.00     0.00     0.00     0.00     0.00 -1  -9.9e-17      0.00 7.530e-01 2.467e-01 5.141e-05 1.471e-05 1.297e-04 -1.000 2.953e-04 -0.063 1.413 0.490 -0.079 -0.282 -0.376 -0.407
0.00027635 -1.75000 10.11394 0.7846795321 2.4132459981    0.779  1.979  3.7012  2.108    3  0.000  0.529     0.00     0.00     0.00     0.00     0.00 -1 -1.18e-16      0.00 7.530e-01 2.467e-01 5.141e-05 1.471e-05 1.297e-04 -1.000 2.954e-04 -0.177 1.322 0.386 -0.191 -0.397 -0.494 -0.525
0.00027635 -1.75000 10.11394 0.7847372890 2.4132671138    0.779  2.021  3.6993  2.057    3  0.000  0.529     0.00     0.00     0.00     0.00     0.00 -1 -1.38e-16      0.00 7.530e-01 2.467e-01 5.141e-05 1.471e-05 1.297e-04 -1.000 2.954e-04 -0.283 1.240 0.289 -0.296 -0.505 -0.604 -0.637
0.00027635 -1.75000 10.11394 0.7847929001 2.4132874416    0.779  2.064  3.6975  2.007    3  0.000  0.529     0.00     0.00     0.00     0.00     0.00 -1 -1.62e-16      0.00 7.530e-01 2.467e-01 5.141e-05 1.471e-05 1.297e-04 -1.000 2.954e-04 -0.390 1.158 0.193 -0.400 -0.613 -0.714 -0.748
0.00027635 -1.75000 10.11394 0.7848506570 2.4133085502    0.778  2.106  3.6958  1.958    3  0.000  0.529     0.00     0.00     0.00     0.00     0.00 -1  -1.9e-16      0.00 7.530e-01 2.467e-01 5.141e-05 1.471e-05 1.297e-04 -1.000 2.954e-04 -0.495 1.079 0.099 -0.503 -0.718 -0.822 -0.857
0.00027635 -1.75000 10.11394 0.7849022746 2.4133274121    0.778  2.131  3.6947  1.929    3  0.000  0.529     0.00     0.00     0.00     0.00     0.00 -1 -2.12e-16      0.00 7.530e-01 2.467e-01 5.141e-05 1.471e-05 1.297e-04 -1.000 2.955e-04 -0.557 1.033 0.043 -0.564 -0.781 -0.886 -0.922
0.00027635 -1.75000 10.11394 0.7849361897 2.4133398036    0.778  2.121  3.6954  1.941    3  0.000  0.529     0.00     0.00     0.00     0.00     0.00 -1 -2.14e-16      0.00 7.530e-01 2.467e-01 5.141e-05 1.471e-05 1.297e-04 -1.000 2.955e-04 -0.533 1.047 0.062 -0.541 -0.757 -0.861 -0.896
0.00027635 -1.75000 10.11394 0.7849438787 2.4133426128    0.778  2.129  3.6951  1.932    3  0.000  0.529     0.00     0.00     0.00     0.00     0.00 -1  -2.2e-16      0.00 7.530e-01 2.467e-01 5.141e-05 1.471e-05 1.297e-04 -1.000 2.954e-04 -0.552 1.033 0.045 -0.559 -0.776 -0.881 -0.916
0.00027635 -1.75000 10.11394 0.7849831581 2.4133569624    0.777  2.171  3.6931  1.882    3  0.000  0.529     0.00     0.00     0.00     0.00     0.00 -1 -2.53e-16      0.00 7.530e-01 2.468e-01 5.141e-05 1.471e-05 1.297e-04 -1.000 2.955e-04 -0.658 0.957 -0.049 -0.664 -0.884 -0.991 -1.027
0.00027635 -1.75000 10.11394 0.7850194573 2.4133702219    0.777  2.213  3.6912  1.832    3  0.000  0.529     0.00     0.00     0.00     0.00     0.00 -1 -2.91e-16      0.00 7.529e-01 2.468e-01 5.141e-05 1.471e-05 1.297e-04 -1.000 2.955e-04 -0.762 0.883 -0.142 -0.765 -0.989 -1.099 -1.136
0.00027635 -1.75000 10.11394 0.7850543857 2.4133829792    0.776  2.256  3.6892  1.781    3  0.000  0.529     0.00     0.00     0.00     0.00     0.00 -1 -3.36e-16      0.00 7.529e-01 2.468e-01 5.141e-05 1.471e-05 1.297e-04 -1.000 2.956e-04 -0.869 0.808 -0.236 -0.869 -1.097 -1.210 -1.248
0.00027635 -1.75000 10.11394 0.7850838900 2.4133937545    0.776  2.294  3.6873  1.735    3  0.000  0.529     0.00     0.00     0.00     0.00     0.00 -1 -3.83e-16      0.00 7.529e-01 2.468e-01 5.141e-05 1.471e-05 1.297e-04 -1.000 2.955e-04 -0.966 0.743 -0.320 -0.963 -1.195 -1.309 -1.349
0.00027635 -1.75000 10.11394 0.7851122618 2.4134041152    0.776  2.334  3.6853  1.687    3  0.000  0.529     0.00     0.00     0.00     0.00     0.00 -1 -4.36e-16      0.00 7.529e-01 2.468e-01 5.141e-05 1.471e-05 1.297e-04 -1.000 2.956e-04 -1.066 0.678 -0.407 -1.060 -1.295 -1.413 -1.454
0.00027635 -1.75000 10.11394 0.7851375341 2.4134133434    0.775  2.372  3.6834  1.641    3  0.000  0.529     0.00     0.00     0.00     0.00     0.00 -1 -4.93e-16      0.00 7.529e-01 2.468e-01 5.141e-05 1.471e-05 1.297e-04 -1.000 2.957e-04 -1.161 0.630 -0.487 -1.154 -1.393 -1.512 -1.555
0.00027635 -1.75000 10.11394 0.7851611376 2.4134219616    0.775  2.410  3.6815  1.595    3  0.000  0.529     0.00     0.00     0.00     0.00     0.00 -1 -5.58e-16      0.00 7.529e-01 2.468e-01 5.141e-05 1.471e-05 1.297e-04 -1.000 2.957e-04 -1.256 0.583 -0.567 -1.248 -1.490 -1.612 -1.656
0.00027635 -1.75000 10.11394 0.7851832509 2.4134300351    0.774  2.448  3.6795  1.548    3  0.000  0.529     0.00     0.00     0.00     0.00     0.00 -1 -6.29e-16      0.00 7.529e-01 2.468e-01 5.141e-05 1.471e-05 1.297e-04 -1.000 2.956e-04 -1.351 0.539 -0.646 -1.342 -1.588 -1.712 -1.757
0.00027635 -1.75000 10.11394 0.7852077484 2.4134389785    0.774  2.494  3.6771  1.493    3  0.000  0.529     0.00     0.00     0.00     0.00     0.00 -1 -7.25e-16      0.00 7.529e-01 2.468e-01 5.141e-05 1.471e-05 1.297e-04 -1.000 2.957e-04 -1.465 0.494 -0.737 -1.453 -1.703 -1.831 -1.877
0.00027635 -1.75000 10.11394 0.7852262259 2.4134457237    0.773  2.531  3.6752  1.448    3  0.000  0.529     7.39     5.81     4.11     3.19     2.58  3 -8.13e-16      0.00 7.529e-01 2.468e-01 5.141e-05 1.471e-05 1.297e-04 -1.000 2.957e-04 -1.556 0.463 -0.809 -1.542 -1.797 -1.928 -1.975
0.00027635 -1.75000 10.11394 0.7852466702 2.4134531865    0.772  2.574  3.6728  1.395    3  0.000  0.529     8.27     6.40     4.51     3.50     2.83  3 -9.29e-16      0.00 7.529e-01 2.468e-01 5.141e-05 1.471e-05 1.297e-04 -1.000 2.957e-04 -1.665 0.433 -0.892 -1.648 -1.909 -2.042 -2.091
0.00027635 -1.75000 10.11394 0.7852655649 2.4134600833    0.771  2.617  3.6704  1.342    3  0.000  0.529     9.26     7.04     4.94     3.84     3.11  3 -1.06e-15      0.00 7.529e-01 2.468e-01 5.141e-05 1.471e-05 1.297e-04 -1.000 2.958e-04 -1.773 0.409 -0.972 -1.753 -2.020 -2.157 -2.207
0.00027635 -1.75000 10.11394 0.7852836847 2.4134666968    0.770  2.662  3.6679  1.287    3  0.000  0.529    10.41     7.78     5.43     4.23     3.42  3 -1.22e-15      0.00 7.529e-01 2.468e-01 5.141e-05 1.471e-05 1.297e-04 -1.000 2.957e-04 -1.885 0.390 -1.053 -1.860 -2.133 -2.274 -2.326
0.00027635 -1.75000 10.11394 0.7852987051 2.4134721788    0.769  2.702  3.6656  1.237    3  0.000  0.529    11.56     8.51     5.92     4.61     3.73  3 -1.37e-15      0.00 7.529e-01 2.468e-01 5.141e-05 1.471e-05 1.297e-04 -1.000 2.958e-04 -1.984 0.383 -1.121 -1.955 -2.234 -2.378 -2.432
0.00027635 -1.75000 10.11394 0.7853136659 2.4134776388    0.768  2.744  3.6631  1.184    3  0.000  0.529    12.93     9.36     6.48     5.06     4.09  2 -1.56e-15      0.00 7.529e-01 2.468e-01 5.141e-05 1.471e-05 1.297e-04 -1.000 2.958e-04 -2.090 0.378 -1.193 -2.057 -2.343 -2.491 -2.546
0.00027635 -1.75000 10.11394 0.7853268385 2.4134824461    0.767  2.784  3.6607  1.134    3  0.000  0.529    14.38    10.25     7.07     5.52     4.47  2 -1.76e-15      0.00 7.529e-01 2.468e-01 5.141e-05 1.471e-05 1.297e-04 -1.000 2.958e-04 -2.190 0.384 -1.257 -2.152 -2.445 -2.596 -2.654
0.00027635 -1.75000 10.11394 0.7853390574 2.4134869051    0.766  2.824  3.6583  1.084    3  0.000  0.529    15.98    11.21     7.70     6.02     4.88  2 -1.98e-15      0.00 7.529e-01 2.468e-01 5.141e-05 1.471e-05 1.297e-04 -1.000 2.958e-04 -2.290 0.396 -1.317 -2.244 -2.545 -2.701 -2.760
0.00027635 -1.75000 10.11394 0.7853505015 2.4134910812    0.765  2.864  3.6559  1.034    3  0.000  0.529    17.77    12.27     8.39     6.57     5.33  2 -2.22e-15      0.00 7.529e-01 2.468e-01 5.141e-05 1.471e-05 1.297e-04 -1.000 2.957e-04 -2.389 0.384 -1.381 -2.334 -2.642 -2.802 -2.863
0.00027635 -1.75000 10.11394 0.7853605747 2.4134947569    0.763  2.901  3.6536  0.986    3  0.000  0.529    19.64    13.35     9.10     7.14     5.79  2 -2.48e-15      0.00 7.529e-01 2.468e-01 5.141e-05 1.471e-05 1.297e-04 -1.000 2.958e-04 -2.482 0.370 -1.441 -2.418 -2.733 -2.897 -2.960
0.00027635 -1.75000 10.11394 0.7853703499 2.4134983238    0.762  2.939  3.6512  0.937    3  0.000  0.529    21.79    14.59     9.90     7.78     6.30  2 -2.78e-15      0.00 7.529e-01 2.468e-01 5.141e-05 1.472e-05 1.297e-04 -1.000 2.958e-04 -2.579 0.363 -1.498 -2.504 -2.828 -2.997 -3.062
0.00027635 -1.75000 10.11394 0.7853790522 2.4135014991    0.760  2.976  3.6489  0.891    3  0.000  0.529    24.03    15.86    10.72     8.43     6.84  1 -3.09e-15      0.00 7.529e-01 2.468e-01 5.141e-05 1.472e-05 1.297e-04 -1.000 2.958e-04 -2.669 0.359 -1.551 -2.583 -2.916 -3.089 -3.156
0.00027635 -1.75000 10.11394 0.7853870988 2.4135044351    0.759  3.011  3.6466  0.845    3  0.000  0.529    26.47    17.21    11.60     9.13     7.40  1 -3.43e-15      0.00 7.529e-01 2.468e-01 5.141e-05 1.472e-05 1.297e-04 -1.000 2.958e-04 -2.758 0.354 -1.602 -2.660 -3.002 -3.179 -3.248
0.00027635 -1.75000 10.11394 0.7853950262 2.4135073276    0.757  3.048  3.6442  0.797    3  0.000  0.529    29.29    18.76    12.59     9.93     8.05  1 -3.82e-15      0.00 7.529e-01 2.468e-01 5.141e-05 1.472e-05 1.297e-04 -1.000 2.958e-04 -2.851 0.350 -1.655 -2.741 -3.091 -3.274 -3.345
0.00027635 -1.75000 10.11394 0.7854017615 2.4135097850    0.755  3.082  3.6419  0.754    3  0.000  0.529    32.08    20.26    13.55    10.70     8.68  1 -4.21e-15      0.00 7.529e-01 2.468e-01 5.141e-05 1.472e-05 1.297e-04 -1.000 2.959e-04 -2.934 0.349 -1.701 -2.812 -3.170 -3.357 -3.430
0.00027635 -1.75000 10.11394 0.7854087353 2.4135123294    0.753  3.118  3.6396  0.708    3  0.000  0.529    35.39    22.02    14.67    11.60     9.41  1 -4.67e-15      0.00 7.529e-01 2.468e-01 5.141e-05 1.472e-05 1.297e-04 -1.000 2.958e-04 -3.024 0.345 -1.752 -2.890 -3.257 -3.449 -3.524
0.00027635 -1.75000 10.11394 0.7854149342 2.4135145910    0.750  3.152  3.6373  0.663    3  0.000  0.529    38.88    23.86    15.84    12.54    10.17  1 -5.16e-15      0.00 7.529e-01 2.468e-01 5.141e-05 1.472e-05 1.297e-04 -1.000 2.958e-04 -3.109 0.347 -1.793 -2.961 -3.337 -3.534 -3.611
0.00027635 -1.75000 10.11394 0.7854207754 2.4135167221    0.748  3.185  3.6351  0.619    3  0.000  0.529    42.66    25.81    17.07    13.53    10.98  1 -5.68e-15      0.00 7.529e-01 2.468e-01 5.141e-05 1.472e-05 1.297e-04 -1.000 2.958e-04 -3.193 0.347 -1.834 -3.030 -3.415 -3.617 -3.696
0.00027635 -1.75000 10.11394 0.7854264379 2.4135187879    0.746  3.219  3.6329  0.575    3  0.000  0.529    46.83    27.93    18.41    14.61    11.86  1 -6.27e-15      0.00 7.529e-01 2.468e-01 5.141e-05 1.472e-05 1.297e-04 -1.000 2.958e-04 -3.278 0.347 -1.876 -3.101 -3.495 -3.702 -3.783
0.00027635 -1.75000 10.11394 0.7854315639 2.4135206580    0.743  3.251  3.6307  0.533    3  0.000  0.529    51.19    30.12    19.78    15.72    12.76  1 -6.88e-15      0.00 7.529e-01 2.468e-01 5.141e-05 1.472e-05 1.297e-04 -1.000 2.958e-04 -3.358 0.349 -1.915 -3.167 -3.570 -3.782 -3.865
0.00027635 -1.75000 10.11394 0.7854372859 2.4135227455    0.739  3.285  3.6285  0.488    3  0.000  0.529    56.27    32.62    21.35    16.98    13.79  1 -7.64e-15      0.00 7.529e-01 2.468e-01 5.141e-05 1.472e-05 1.297e-04 -1.000 2.959e-04 -3.443 0.348 -1.954 -3.236 -3.649 -3.866 -3.951
0.00027635 -1.75000 10.11394 0.7854372859 2.4135227455    0.721  1.678  3.8646  3.028    4  0.000  0.529     0.00     0.00     0.00     0.00     0.00 -1    -1e-30      0.00 7.498e-01 2.499e-01 5.217e-05 1.507e-05 1.319e-04 -1.000 3.059e-04 0.574 1.065 0.560 0.579 0.663 0.707 0.734
0.00027635 -1.75000 10.11394 0.7854405642 2.4135239415    0.721  1.693  3.8586  2.990    4  0.000  0.529     0.00     0.00     0.00     0.00     0.00 -1    -1e-30      0.00 7.498e-01 2.499e-01 5.217e-05 1.507e-05 1.319e-04 -1.000 3.059e-04 0.539 1.045 0.536 0.536 0.609 0.650 0.676
0.00027635 -1.75000 10.11394 0.7854950428 2.4135438143    0.721  1.699  3.8557  2.971    4  0.000  0.529     0.00     0.00     0.00     0.00     0.00 -1    -1e-30      0.00 7.498e-01 2.499e-01 5.217e-05 1.507e-05 1.319e-04 -1.000 3.059e-04 0.522 1.036 0.526 0.516 0.584 0.623 0.649
0.00027635 -1.75000 10.11394 0.7855501175 2.4135639014    0.721  1.700  3.8566  2.974    4  0.000  0.529     0.00     0.00     0.00     0.00     0.00 -1    -1e-30      0.00 7.498e-01 2.499e-01 5.217e-05 1.507e-05 1.319e-04 -1.000 3.059e-04 0.521 1.033 0.523 0.516 0.586 0.625 0.651
0.00027635 -1.75000 10.11394 0.7856064439 2.4135844417    0.721  1.700  3.8577  2.979    4  0.000  0.529     0.00     0.00     0.00     0.00     0.00 -1    -1e-30      0.00 7.498e-01 2.499e-01 5.217e-05 1.507e-05 1.319e-04 -1.000 3.059e-04 0.521 1.029 0.520 0.517 0.589 0.629 0.655
0.00027635 -1.75000 10.11394 0.7856622338 2.4136047830    0.721  1.699  3.8590  2.984    4  0.000  0.529     0.00     0.00     0.00     0.00     0.00 -1    -1e-30      0.00 7.498e-01 2.499e-01 5.217e-05 1.507e-05 1.319e-04 -1.000 3.059e-04 0.522 1.026 0.518 0.519 0.593 0.634 0.660
0.00027635 -1.75000 10.11394 0.7857146859 2.4136239042    0.721  1.699  3.8603  2.990    4  0.000  0.529     0.00     0.00     0.00     0.00     0.00 -1    -1e-30      0.00 7.498e-01 2.499e-01 5.217e-05 1.507e-05 1.319e-04 -1.000 3.059e-04 0.522 1.023 0.516 0.521 0.598 0.639 0.666
0.00027635 -1.75000 10.11394 0.7857662439 2.4136426967    0.721  1.699  3.8617  2.996    4  0.000  0.529     0.00     0.00     0.00     0.00     0.00 -1    -1e-30      0.00 7.498e-01 2.499e-01 5.217e-05 1.507e-05 1.319e-04 -1.000 3.059e-04 0.524 1.021 0.514 0.524 0.603 0.645 0.672
0.00027635 -1.75000 10.11394 0.7858184576 2.4136617253    0.721  1.698  3.8631  3.002    4  0.000  0.529     0.00     0.00     0.00     0.00     0.00 -1    -1e-30      0.00 7.498e-01 2.499e-01 5.217e-05 1.507e-05 1.319e-04 -1.000 3.059e-04 0.525 1.018 0.512 0.527 0.609 0.651 0.679
0.00027635 -1.75000 10.11394 0.7858729959 2.4136815979    0.721  1.698  3.8646  3.009    4  0.000  0.529     0.00     0.00     0.00     0.00     0.00 -1    -1e-30      0.00 7.498e-01 2.499e-01 5.217e-05 1.507e-05 1.319e-04 -1.000 3.059e-04 0.526 1.015 0.510 0.530 0.615 0.658 0.685
0.00027635 -1.75000 10.11394 0.7859268188 2.4137012068    0.721  1.697  3.8657  3.013    4  0.000  0.529     0.00     0.00     0.00     0.00     0.00 -1    -1e-30      0.00 7.498e-01 2.499e-01 5.217e-05 1.507e-05 1.319e-04 -1.000 3.059e-04 0.526 1.012 0.508 0.532 0.619 0.662 0.690
0.00027635 -1.75000 10.11394 0.7859821916 2.4137213770    0.721  1.698  3.8665  3.016    4  0.000  0.529     0.00     0.00     0.00     0.00     0.00 -1    -1e-30      0.00 7.498e-01 2.499e-01 5.217e-05 1.507e-05 1.319e-04 -1.000 3.059e-04 0.526 1.010 0.506 0.533 0.621 0.665 0.693
0.00027635 -1.75000 10.11394 0.7860371470 2.4137413921    0.721  1.698  3.8669  3.018    4  0.000  0.529     0.00     0.00     0.00     0.00     0.00 -1    -1e-30      0.00 7.498e-01 2.499e-01 5.217e-05 1.507e-05 1.319e-04 -1.000 3.058e-04 0.526 1.008 0.505 0.533 0.622 0.666 0.694
0.00027635 -1.75000 10.11394 0.7860913873 2.4137611435    0.721  1.698  3.8667  3.017    4  0.000  0.529     0.00     0.00     0.00     0.00     0.00 -1    -1e-30      0.00 7.498e-01 2.499e-01 5.217e-05 1.507e-05 1.319e-04 -1.000 3.059e-04 0.524 1.008 0.504 0.532 0.620 0.664 0.692
0.00027635 -1.75000 10.11394 0.7861439586 2.4137802841    0.721  1.699  3.8657  3.012    4  0.000  0.529     0.00     0.00     0.00     0.00     0.00 -1    -1e-30      0.00 7.498e-01 2.499e-01 5.217e-05 1.507e-05 1.319e-04 -1.000 3.059e-04 0.522 1.008 0.504 0.528 0.615 0.658 0.686
0.00027635 -1.75000 10.11394 0.7861669064 2.4137886383    0.721  1.700  3.8653  3.010    4  0.000  0.529     0.00     0.00     0.00     0.00     0.00 -1    -1e-30      0.00 7.498e-01 2.499e-01 5.217e-05 1.507e-05 1.319e-04 -1.000 3.059e-04 0.521 1.008 0.503 0.527 0.613 0.656 0.684
0.00027635 -1.75000 10.11394 0.7861960530 2.4137992483    0.721  1.700  3.8643  3.005    4  0.000  0.529     0.00     0.00     0.00     0.00     0.00 -1    -1e-30      0.00 7.498e-01 2.499e-01 5.217e-05 1.507e-05 1.319e-04 -1.000 3.059e-04 0.519 1.009 0.504 0.523 0.607 0.650 0.678
0.00027635 -1.75000 10.11394 0.7862476707 2.4138180360    0.721  1.702  3.8622  2.995    4  0.000  0.529     0.00     0.00     0.00     0.00     0.00 -1    -1e-30      0.00 7.498e-01 2.499e-01 5.217e-05 1.507e-05 1.319e-04 -1.000 3.059e-04 0.515 1.011 0.504 0.517 0.597 0.639 0.666
0.00027635 -1.75000 10.11394 0.7863003612 2.4138372113    0.721  1.704  3.8593  2.982    4  0.000  0.529     0.00     0.00     0.00     0.00     0.00 -1    -1e-30      0.00 7.498e-01 2.499e-01 5.217e-05 1.507e-05 1.319e-04 -1.000 3.059e-04 0.510 1.014 0.506 0.508 0.583 0.624 0.651
0.00027635 -1.75000 10.11394 0.7863549590 2.4138570776    0.722  1.706  3.8557  2.965    4  0.000  0.529     0.00     0.00     0.00     0.00     0.00 -1    -1e-30      0.00 7.498e-01 2.499e-01 5.217e-05 1.507e-05 1.319e-04 -1.000 3.059e-04 0.504 1.018 0.508 0.499 0.567 0.606 0.631
0.00027635 -1.75000 10.11394 0.7863987684 2.4138730161    0.722  1.709  3.8523  2.949    4  0.000  0.529     0.00     0.00     0.00     0.00     0.00 -1    -1e-30      0.00 7.498e-01 2.499e-01 5.217e-05 1.507e-05 1.319e-04 -1.000 3.059e-04 0.499 1.022 0.511 0.490 0.551 0.589 0.614
0.00027635 -1.75000 10.11394 0.7864388227 2.4138875866    0.722  1.711  3.8484  2.931    4  0.000  0.529     0.00     0.00     0.00     0.00     0.00 -1    -1e-30      0.00 7.498e-01 2.499e-01 5.217e-05 1.507e-05 1.319e-04 -1.000 3.059e-04 0.492 1.028 0.514 0.479 0.534 0.569 0.594
0.00027635 -1.75000 10.11394 0.7864860892 2.4139047785    0.722  1.715  3.8433  2.907    4  0.000  0.529     0.00     0.00     0.00     0.00     0.00 -1    -1e-30      0.00 7.498e-01 2.499e-01 5.217e-05 1.507e-05 1.319e-04 -1.000 3.059e-04 0.484 1.035 0.518 0.466 0.511 0.544 0.567
0.00027635 -1.75000 10.11394 0.7865334153 2.4139219897    0.722  1.718  3.8375  2.880    4  0.000  0.529     0.00     0.00     0.00     0.00     0.00 -1    -1e-30      0.00 7.498e-01 2.499e-01 5.217e-05 1.507e-05 1.319e-04 -1.000 3.059e-04 0.474 1.044 0.523 0.452 0.486 0.516 0.538
0.00027635 -1.75000 10.11394 0.7865379453 2.4139236370    0.722  1.719  3.8370  2.877    4  0.000  0.529     0.00     0.00     0.00     0.00     0.00 -1    -1e-30      0.00 7.498e-01 2.499e-01 5.217e-05 1.507e-05 1.319e-04 -1.000 3.059e-04 0.473 1.045 0.524 0.451 0.484 0.513 0.535
0.00027635 -1.75000 10.11394 0.7865461111 2.4139266064    0.722  1.719  3.8359  2.873    4  0.000  0.529     0.00     0.00     0.00     0.00     0.00 -1    -1e-30      0.00 7.498e-01 2.499e-01 5.217e-05 1.507e-05 1.319e-04 -1.000 3.059e-04 0.471 1.047 0.525 0.448 0.479 0.508 0.530
0.00027635 -1.75000 10.11394 0.7865945697 2.4139442263    0.722  1.724  3.8297  2.844    4  0.000  0.529     0.00     0.00     0.00     0.00     0.00 -1    -1e-30      0.00 7.498e-01 2.499e-01 5.217e-05 1.507e-05 1.319e-04 -1.000 3.059e-04 0.461 1.057 0.531 0.432 0.452 0.478 0.498
0.00027635 -1.75000 10.11394 0.7866418362 2.4139614104    0.722  1.728  3.8236  2.815    4  0.000  0.529     0.00     0.00     0.00     0.00     0.00 -1    -1e-30      0.00 7.498e-01 2.499e-01 5.217e-05 1.507e-05 1.319e-04 -1.000 3.059e-04 0.449 1.069 0.537 0.418 0.427 0.448 0.466
0.00027635 -1.75000 10.11394 0.7866923809 2.4139797836    0.722  1.733  3.8167  2.782    4  0.000  0.529     0.00     0.00     0.00     0.00     0.00 -1    -1e-30      0.00 7.498e-01 2.499e-01 5.217e-05 1.507e-05 1.319e-04 -1.000 3.059e-04 0.436 1.083 0.543 0.401 0.397 0.414 0.430
0.00027635 -1.75000 10.11394 0.7867404819 2.4139972660    0.722  1.739  3.8099  2.749    4  0.000  0.529     0.00     0.00     0.00     0.00     0.00 -1    -1e-30      0.00 7.498e-01 2.499e-01 5.217e-05 1.507e-05 1.319e-04 -1.000 3.059e-04 0.423 1.099 0.551 0.384 0.368 0.380 0.394
0.00027635 -1.75000 10.11394 0.7867865562 2.4140140096    0.722  1.744  3.8038  2.720    4  0.000  0.529     0.00     0.00     0.00     0.00     0.00 -1    -1e-30      0.00 7.498e-01 2.499e-01 5.217e-05 1.507e-05 1.319e-04 -1.000 3.059e-04 0.410 1.114 0.558 0.369 0.343 0.350 0.362
0.00027635 -1.75000 10.11394 0.7868340611 2.4140312706    0.722  1.750  3.7971  2.687    4  0.000  0.529     0.00     0.00     0.00     0.00     0.00 -1    -1e-30      0.00 7.498e-01 2.499e-01 5.217e-05 1.507e-05 1.319e-04 -1.000 3.059e-04 0.395 1.132 0.566 0.353 0.314 0.316 0.326
0.00027635 -1.75000 10.11394 0.7868807316 2.4140482261    0.722  1.756  3.7909  2.656    4  0.000  0.529     0.00     0.00     0.00     0.00     0.00 -1    -1e-30      0.00 7.498e-01 2.499e-01 5.217e-05 1.507e-05 1.319e-04 -1.000 3.059e-04 0.380 1.149 0.573 0.336 0.287 0.284 0.291
0.00027635 -1.75000 10.11394 0.7869279385 2.4140653742    0.722  1.762  3.7852  2.628    4  0.000  0.529     0.00     0.00     0.00     0.00     0.00 -1    -1e-30      0.00 7.498e-01 2.499e-01 5.217e-05 1.507e-05 1.319e-04 -1.000 3.059e-04 0.365 1.163 0.577 0.321 0.262 0.253 0.259
0.00027635 -1.75000 10.11394 0.7869751453 2.4140825199    0.722  1.768  3.7799  2.600    4  0.000  0.529     0.00     0.00     0.00     0.00     0.00 -1    -1e-30      0.00 7.498e-01 2.499e-01 5.217e-05 1.507e-05 1.319e-04 -1.000 3.059e-04 0.349 1.176 0.580 0.304 0.236 0.223 0.226
0.00027635 -1.75000 10.11394 0.7870227098 2.4140997930    0.722  1.777  3.7744  2.569    4  0.000  0.529     0.00     0.00     0.00     0.00     0.00 -1    -1e-30      0.00 7.498e-01 2.499e-01 5.217e-05 1.507e-05 1.319e-04 -1.000 3.059e-04 0.328 1.189 0.579 0.284 0.205 0.187 0.188
0.00027635 -1.75000 10.11394 0.7870321274 2.4141032128    0.722  1.777  3.7737  2.566    4  0.000  0.529     0.00     0.00     0.00     0.00     0.00 -1    -1e-30      0.00 7.498e-01 2.499e-01 5.217e-05 1.507e-05 1.319e-04 -1.000 3.059e-04 0.326 1.192 0.580 0.282 0.202 0.184 0.184
0.00027635 -1.75000 10.11394 0.7870809436 2.4141209375    0.722  1.788  3.7680  2.532    4  0.000  0.529     0.00     0.00     0.00     0.00     0.00 -1    -1e-30      0.00 7.498e-01 2.499e-01 5.217e-05 1.507e-05 1.319e-04 -1.000 3.059e-04 0.299 1.201 0.574 0.255 0.166 0.142 0.140
0.00027635 -1.75000 10.11394 0.7871289253 2.4141383568    0.722  1.804  3.7620  2.493    4  0.000  0.529     0.00     0.00     0.00     0.00     0.00 -1    -1e-30      0.00 7.498e-01 2.499e-01 5.217e-05 1.507e-05 1.319e-04 -1.000 3.059e-04 0.261 1.200 0.558 0.218 0.117 0.087 0.084
0.00027635 -1.75000 10.11394 0.7871693969 2.4141530477    0.722  1.833  3.7538  2.431    4  0.000  0.529     0.00     0.00     0.00     0.00     0.00 -1    -1e-30      0.00 7.498e-01 2.499e-01 5.217e-05 1.507e-05 1.319e-04 -1.000 3.059e-04 0.188 1.185 0.516 0.146 0.032 -0.007 -0.014
0.00027635 -1.75000 10.11394 0.7871913314 2.4141610091    0.722  1.869  3.7455  2.362    4  0.000  0.529     0.00     0.00     0.00     0.00     0.00 -1    -1e-30      0.00 7.498e-01 2.499e-01 5.217e-05 1.507e-05 1.319e-04 -1.000 3.058e-04 0.098 1.156 0.458 0.057 -0.071 -0.118 -0.129
0.00027635 -1.75000 10.11394 0.7872012258 2.4141646001    0.722  1.908  3.7378  2.292    4  0.000  0.529     0.00     0.00     0.00     0.00     0.00 -1    -1e-30      0.00 7.498e-01 2.499e-01 5.217e-05 1.507e-05 1.319e-04 -1.000 3.059e-04 0.001 1.121 0.391 -0.038 -0.179 -0.234 -0.248
0.00027635 -1.75000 10.11394 0.7872056365 2.4141662010    0.722  1.947  3.7311  2.226    4  0.000  0.529     0.00     0.00     0.00     0.00     0.00 -1    -1e-30      0.00 7.498e-01 2.499e-01 5.217e-05 1.507e-05 1.319e-04 -1.000 3.059e-04 -0.098 1.080 0.318 -0.136 -0.288 -0.350 -0.367
0.00027635 -1.75000 10.11394 0.7872077227 2.4141669581    0.722  1.986  3.7259  2.166    4  0.000  0.529     0.00     0.00     0.00     0.00     0.00 -1    -1e-30      0.00 7.498e-01 2.499e-01 5.217e-05 1.507e-05 1.319e-04 -1.000 3.058e-04 -0.195 1.035 0.244 -0.230 -0.391 -0.459 -0.479
0.00027635 -1.75000 10.11394 0.7872085571 2.4141672610    0.722  2.010  3.7230  2.131    7  0.000  0.529     0.00     0.00     0.00     0.00     0.00 -1    -1e-30      0.00 7.498e-01 2.499e-01 5.217e-05 1.507e-05 1.319e-04 -1.000 3.059e-04 -0.255 1.003 0.197 -0.289 -0.455 -0.526 -0.547
0.00027635 -1.75000 10.11394 0.7872095108 2.4141676071    0.722  2.050  3.7190  2.074    7  0.000  0.529     0.00     0.00     0.00     0.00     0.00 -1    -1e-30      0.00 7.498e-01 2.499e-01 5.217e-05 1.507e-05 1.319e-04 -1.000 3.059e-04 -0.356 0.942 0.113 -0.388 -0.561 -0.637 -0.660
0.00027635 -1.75000 10.11394 0.7872104645 2.4141679532    0.722  2.089  3.7157  2.023    7  0.000  0.529     0.00     0.00     0.00     0.00     0.00 -1    -1e-30      0.00 7.498e-01 2.499e-01 5.217e-05 1.507e-05 1.319e-04 -1.000 3.059e-04 -0.452 0.882 0.033 -0.482 -0.661 -0.740 -0.765
0.00027635 -1.75000 10.11394 0.7872112989 2.4141682560    0.722  2.121  3.7131  1.980    7  0.000  0.529     0.00     0.00     0.00     0.00     0.00 -1    -1e-30      0.00 7.498e-01 2.499e-01 5.217e-05 1.507e-05 1.319e-04 -1.000 3.060e-04 -0.533 0.832 -0.035 -0.561 -0.744 -0.827 -0.853
0.00027635 -1.75000 10.11394 0.7872121334 2.4141685589    0.722  2.150  3.7109  1.943    7  0.000  0.529     0.00     0.00     0.00     0.00     0.00 -1    -1e-30      0.00 7.498e-01 2.499e-01 5.217e-05 1.507e-05 1.319e-04 -1.000 3.059e-04 -0.604 0.786 -0.096 -0.632 -0.819 -0.904 -0.931
0.00027635 -1.75000 10.11394 0.7872134447 2.4141690348    0.722  2.179  3.7089  1.906    7  0.000  0.529     0.00     0.00     0.00     0.00     0.00 -1    -1e-30      0.00 7.498e-01 2.499e-01 5.217e-05 1.507e-05 1.319e-04 -1.000 3.059e-04 -0.677 0.739 -0.158 -0.702 -0.893 -0.981 -1.009
0.00027635 -1.75000 10.11394 0.7872158885 2.4141699217    0.722  2.160  3.7104  1.931    7  0.000  0.529     0.00     0.00     0.00     0.00     0.00 -1    -1e-30      0.00 7.498e-01 2.499e-01 5.217e-05 1.507e-05 1.319e-04 -1.000 3.059e-04 -0.630 0.767 -0.119 -0.657 -0.845 -0.931 -0.958
0.00027635 -1.75000 10.11394 0.7872199416 2.4141713927    0.722  2.135  3.7122  1.963    7  0.000  0.529     0.00     0.00     0.00     0.00     0.00 -1    -1e-30      0.00 7.498e-01 2.499e-01 5.217e-05 1.507e-05 1.319e-04 -1.000 3.059e-04 -0.567 0.807 -0.065 -0.595 -0.780 -0.864 -0.890
0.00027635 -1.75000 10.11394 0.7872444391 2.4141802829    0.722  2.153  3.7105  1.938    7  0.000  0.529     0.00     0.00     0.00     0.00     0.00 -1    -1e-30      0.00 7.498e-01 2.499e-01 5.217e-05 1.507e-05 1.319e-04 -1.000 3.059e-04 -0.611 0.784 -0.101 -0.638 -0.827 -0.912 -0.939
0.00027635 -1.75000 10.11394 0.7872593403 2.4141856903    0.723  2.182  3.7081  1.899    7  0.000  0.529     0.00     0.00     0.00     0.00     0.00 -1    -1e-30      0.00 7.498e-01 2.499e-01 5.217e-05 1.507e-05 1.319e-04 -1.000 3.059e-04 -0.685 0.741 -0.162 -0.710 -0.903 -0.991 -1.020
0.00027635 -1.75000 10.11394 0.7872774005 2.4141922438    0.723  2.222  3.7051  1.847    7  0.000  0.529     0.00     0.00     0.00     0.00     0.00 -1    -1e-30      0.00 7.498e-01 2.499e-01 5.217e-05 1.507e-05 1.319e-04 -1.000 3.059e-04 -0.785 0.681 -0.246 -0.808 -1.006 -1.098 -1.128
0.00027635 -1.75000 10.11394 0.7872958183 2.4141989266    0.723  2.265  3.7021  1.793    7  0.000  0.529     0.00     0.00     0.00     0.00     0.00 -1    -1e-30      0.00 7.498e-01 2.499e-01 5.217e-05 1.507e-05 1.319e-04 -1.000 3.059e-04 -0.891 0.616 -0.335 -0.911 -1.115 -1.211 -1.242
0.00027635 -1.75000 10.11394 0.7873123884 2.4142049388    0.723  2.307  3.6992  1.739    7  0.000  0.529     0.00     0.00     0.00     0.00     0.00 -1    -1e-30      0.00 7.498e-01 2.499e-01 5.217e-05 1.507e-05 1.319e-04 -1.000 3.059e-04 -0.997 0.552 -0.424 -1.013 -1.222 -1.322 -1.355
0.00027635 -1.75000 10.11394 0.7873269916 2.4142102370    0.723  2.348  3.6964  1.686    7  0.000  0.529     0.00     0.00     0.00     0.00     0.00 -1    -1e-30      0.00 7.498e-01 2.499e-01 5.216e-05 1.507e-05 1.319e-04 -1.000 3.037e-04 -1.101 0.489 -0.511 -1.114 -1.328 -1.432 -1.466
0.00027635 -1.75000 10.11394 0.7873399854 2.4142149511    0.723  2.390  3.6936  1.633    7  0.000  0.528     0.00     0.00     0.00     0.00     0.00 -1    -1e-30      0.00 7.499e-01 2.498e-01 5.215e-05 1.507e-05 1.319e-04 -1.000 3.030e-04 -1.205 0.427 -0.598 -1.215 -1.434 -1.541 -1.577
0.00027635 -1.75000 10.11394 0.7873513699 2.4142190812    0.723  2.432  3.6909  1.581    7  0.000  0.527     0.00     0.00     0.00     0.00     0.00 -1    -1e-30      0.00 7.499e-01 2.498e-01 5.208e-05 1.509e-05 1.319e-04 -1.000 3.030e-04 -1.309 0.365 -0.685 -1.315 -1.540 -1.650 -1.688
0.00027635 -1.75000 10.11394 0.7873614430 2.4142227355    0.723  2.473  3.6882  1.529    7  0.000  0.524     0.00     0.00     0.00     0.00     0.00 -1    -1e-30      0.00 7.499e-01 2.498e-01 5.181e-05 1.524e-05 1.319e-04 -1.000 3.033e-04 -1.412 0.305 -0.770 -1.413 -1.643 -1.757 -1.797
0.00027635 -1.75000 10.11394 0.7873706222 2.4142260653    0.723  2.514  3.6855  1.477    7  0.000  0.515     6.81     5.43     3.85     2.98     2.41  3    -1e-30      0.00 7.498e-01 2.499e-01 5.114e-05 1.585e-05 1.319e-04 -1.000 3.059e-04 -1.515 0.250 -0.855 -1.512 -1.748 -1.865 -1.907
0.00027635 -1.75000 10.11394 0.7873789668 2.4142290924    0.723  2.556  3.6827  1.424    7  0.000  0.502     7.61     5.97     4.21     3.27     2.64  3    -1e-30      0.00 7.498e-01 2.499e-01 5.005e-05 1.703e-05 1.319e-04 -1.000 3.058e-04 -1.619 0.216 -0.936 -1.614 -1.855 -1.976 -2.019
0.00027635 -1.75000 10.11394 0.7873868346 2.4142319464    0.723  2.597  3.6800  1.372    7  0.000  0.489     8.51     6.56     4.61     3.58     2.90  3    -1e-30      0.00 7.498e-01 2.499e-01 4.874e-05 1.857e-05 1.319e-04 -1.000 3.059e-04 -1.722 0.188 -1.015 -1.716 -1.962 -2.087 -2.131
0.00027635 -1.75000 10.11394 0.7873941064 2.4142345841    0.723  2.639  3.6772  1.319    7  0.000  0.476     9.52     7.22     5.05     3.93     3.18  3    -1e-30      0.00 7.497e-01 2.500e-01 4.747e-05 2.013e-05 1.319e-04 -1.000 2.466e-04 -1.827 0.171 -1.091 -1.817 -2.070 -2.198 -2.244
0.00027635 -1.75000 10.11394 0.7874010205 2.4142370921    0.723  2.680  3.6744  1.266    7  0.000  0.465    10.66     7.94     5.53     4.32     3.49  2    -1e-30      0.00 7.496e-01 2.501e-01 4.633e-05 2.153e-05 1.319e-04 -1.000 3.059e-04 -1.931 0.159 -1.165 -1.917 -2.177 -2.309 -2.357
0.00027635 -1.75000 10.11394 0.7874076366 2.4142394919    0.723  2.722  3.6716  1.214    7  0.000  0.455    11.92     8.73     6.06     4.73     3.83  2    -1e-30      0.00 7.495e-01 2.502e-01 4.534e-05 2.274e-05 1.319e-04 -1.000 3.059e-04 -2.034 0.153 -1.236 -2.017 -2.284 -2.420 -2.469
0.00027635 -1.75000 10.11394 0.7874140143 2.4142418052    0.723  2.763  3.6687  1.161    7  0.000  0.447    13.35     9.61     6.64     5.19     4.20  2    -1e-30      0.00 7.493e-01 2.504e-01 4.451e-05 2.376e-05 1.319e-04 -1.000 3.060e-04 -2.138 0.157 -1.304 -2.117 -2.391 -2.531 -2.582
0.00027635 -1.75000 10.11394 0.7874197960 2.4142439023    0.723  2.805  3.6658  1.107    7  0.000  0.439    14.96    10.58     7.28     5.70     4.62  2    -1e-30      0.00 7.492e-01 2.505e-01 4.377e-05 2.467e-05 1.319e-04 -1.000 3.059e-04 -2.243 0.167 -1.370 -2.216 -2.498 -2.642 -2.696
0.00027635 -1.75000 10.11394 0.7874245644 2.4142456318    0.723  2.846  3.6630  1.055    7  0.000  0.433    16.72    11.63     7.97     6.25     5.06  2    -1e-30      0.00 7.490e-01 2.507e-01 4.316e-05 2.541e-05 1.318e-04 -1.000 3.060e-04 -2.345 0.188 -1.429 -2.312 -2.602 -2.751 -2.807
0.00027635 -1.75000 10.11394 0.7874286175 2.4142471018    0.723  2.887  3.6601  1.002    7  0.000  0.428    18.71    12.80     8.73     6.86     5.55  2    -1e-30      0.00 7.489e-01 2.508e-01 4.264e-05 2.607e-05 1.317e-04 -1.000 3.060e-04 -2.448 0.218 -1.486 -2.408 -2.707 -2.860 -2.918
0.00027635 -1.75000 10.11394 0.7874320149 2.4142483341    0.723  2.928  3.6571  0.950    7  0.000  0.424    20.93    14.07     9.56     7.52     6.09  1    -1e-30      0.00 7.487e-01 2.511e-01 4.218e-05 2.665e-05 1.316e-04 -1.000 2.469e-04 -2.550 0.252 -1.536 -2.499 -2.809 -2.967 -3.028
0.00027635 -1.75000 10.11394 0.7874352932 2.4142495231    0.723  2.970  3.6540  0.895    7  0.000  0.421    23.50    15.53    10.50     8.27     6.70  1    -1e-30      0.00 7.485e-01 2.512e-01 4.178e-05 2.720e-05 1.315e-04 -1.000 3.059e-04 -2.655 0.254 -1.594 -2.591 -2.911 -3.076 -3.138
0.00027635 -1.75000 10.11394 0.7874385715 2.4142507121    0.723  3.015  3.6507  0.837    7  0.000  0.418    26.59    17.24    11.60     9.15     7.42  1    -1e-30      0.00 7.484e-01 2.513e-01 4.146e-05 2.765e-05 1.313e-04 -1.000 3.059e-04 -2.766 0.259 -1.654 -2.688 -3.019 -3.190 -3.256
0.00027635 -1.75000 10.11394 0.7874414921 2.4142517713    0.723  3.058  3.6475  0.780    7  0.000  0.416    30.02    19.11    12.80    10.11     8.20  1    -1e-30      0.00 7.482e-01 2.515e-01 4.120e-05 2.806e-05 1.311e-04 -1.000 3.059e-04 -2.876 0.264 -1.713 -2.781 -3.124 -3.301 -3.370
0.00027635 -1.75000 10.11394 0.7874425054 2.4142521388    0.723  3.068  3.6466  0.768    7  0.000  0.416    30.86    19.56    13.09    10.34     8.39  1    -1e-30      0.00 7.482e-01 2.515e-01 4.108e-05 2.824e-05 1.310e-04 -1.000 3.059e-04 -2.900 0.267 -1.724 -2.801 -3.147 -3.326 -3.395
0.00027635 -1.75000 10.11394 0.7874427438 2.4142522253    0.723  3.098  3.6445  0.729    7  0.000  0.415    33.48    20.96    13.98    11.06     8.97  1    -1e-30      0.00 7.481e-01 2.516e-01 4.098e-05 2.845e-05 1.309e-04 -1.000 3.059e-04 -2.974 0.270 -1.763 -2.864 -3.217 -3.400 -3.471
0.00027635 -1.75000 10.11394 0.7874429822 2.4142523118    0.723  3.132  3.6419  0.685    7  0.000  0.414    36.79    22.70    15.09    11.95     9.70  1    -1e-30      0.00 7.478e-01 2.519e-01 4.078e-05 2.897e-05 1.305e-04 -1.000 3.060e-04 -3.059 0.276 -1.807 -2.936 -3.298 -3.486 -3.560
0.00027635 -1.75000 10.11394 0.7874433994 2.4142524631    0.723  3.167  3.6392  0.639    7  0.000  0.413    40.62    24.69    16.35    12.97    10.52  1    -1e-30      0.00 7.476e-01 2.521e-01 4.054e-05 2.957e-05 1.302e-04 -1.000 3.060e-04 -3.148 0.285 -1.848 -3.009 -3.382 -3.576 -3.651
0.00027635 -1.75000 10.11394 0.7874436378 2.4142525496    0.723  3.173  3.6386  0.630    7  0.529  0.412    41.37    25.08    16.60    13.16    10.68  1    -1e-30      0.00 7.476e-01 2.521e-01 4.040e-05 2.983e-05 1.300e-04 -1.000 3.059e-04 -3.164 0.288 -1.855 -3.022 -3.396 -3.591 -3.668
0.00027635 -1.75000 10.11394 0.7874436975 2.4142525712    0.723  3.266  3.6296  0.502    8  0.529  0.411    54.38    31.63    20.71    16.48    13.38  1 -5.45e-07      0.00 7.434e-01 2.563e-01 3.963e-05 3.431e-05 1.309e-04 -1.000 2.545e-04 -3.394 0.361 -1.928 -3.196 -3.604 -3.819 -3.903
0.00027635 -1.75000 10.11394 0.7874437571 2.4142525928    0.722  3.068  3.6447  0.759    8  0.529  0.404    31.39    19.84    13.27    10.49     8.50  1 -2.28e-07      0.00 7.434e-01 2.563e-01 3.963e-05 3.431e-05 1.309e-04 -1.000 2.545e-04 -2.899 0.318 -1.699 -2.791 -3.142 -3.324 -3.395
0.00027635 -1.75000 10.11394 0.7874438763 2.4142526360    0.720  2.914  3.6567  0.960    8  0.529  0.404    20.44    13.79     9.37     7.37     5.97  2  -1.2e-07      0.00 7.434e-01 2.563e-01 3.963e-05 3.431e-05 1.309e-04 -1.000 2.545e-04 -2.515 0.287 -1.500 -2.463 -2.773 -2.932 -2.993
0.00027635 -1.75000 10.11394 0.7874440551 2.4142527009    0.717  2.714  3.6724  1.221    8  0.530  0.404    11.71     8.60     5.97     4.66     3.77  2 -5.46e-08      0.00 7.434e-01 2.563e-01 3.963e-05 3.431e-05 1.309e-04 -1.000 2.545e-04 -2.015 0.146 -1.226 -2.000 -2.264 -2.399 -2.448
0.00027635 -1.75000 10.11394 0.7874442935 2.4142527874    0.713  2.720  3.6718  1.211    8  0.530  0.404    11.95     8.75     6.07     4.74     3.84  2 -5.64e-08      0.00 7.434e-01 2.563e-01 3.963e-05 3.431e-05 1.309e-04 -1.000 2.546e-04 -2.030 0.151 -1.234 -2.013 -2.279 -2.415 -2.464
0.00027635 -1.75000 10.11394 0.7874446511 2.4142529171    0.708  2.816  3.6641  1.081    8  0.530  0.404    15.74    11.05     7.58     5.95     4.81  2 -8.33e-08      0.00 7.434e-01 2.563e-01 3.963e-05 3.431e-05 1.309e-04 -1.000 2.546e-04 -2.270 0.210 -1.373 -2.239 -2.526 -2.673 -2.728
0.00027635 -1.75000 10.11394 0.7874450088 2.4142530468    0.702  2.991  3.6502  0.846    8  0.530  0.404    25.90    16.84    11.34     8.95     7.25  1 -1.75e-07      0.00 7.434e-01 2.563e-01 3.963e-05 3.431e-05 1.309e-04 -1.000 2.546e-04 -2.707 0.323 -1.592 -2.627 -2.959 -3.130 -3.196
0.00027635 -1.75000 10.11394 0.7874454856 2.4142532197    0.695  3.144  3.6380  0.639    8  0.531  0.404    40.23    24.42    16.16    12.83    10.41  1 -3.48e-07      0.00 7.434e-01 2.563e-01 3.963e-05 3.431e-05 1.309e-04 -1.000 2.545e-04 -3.091 0.368 -1.776 -2.946 -3.321 -3.518 -3.594
0.00027635 -1.75000 10.11394 0.7874460220 2.4142534143    0.686  3.247  3.6297  0.499    8  0.531  0.404    54.18    31.37    20.53    16.37    13.28  1 -5.63e-07      0.00 7.434e-01 2.563e-01 3.963e-05 3.431e-05 1.309e-04 -1.000 2.546e-04 -3.347 0.408 -1.880 -3.149 -3.557 -3.771 -3.855
0.00027635 -1.75000 10.11394 0.7874466181 2.4142536304    0.677  3.303  3.6250  0.417    8  0.531  0.404    64.33    36.22    23.54    18.82    15.28  1 -7.51e-07      0.00 7.434e-01 2.563e-01 3.963e-05 3.431e-05 1.309e-04 -1.000 2.546e-04 -3.489 0.431 -1.920 -3.253 -3.685 -3.911 -4.000
0.00027635 -1.75000 10.11394 0.7874472737 2.4142538682    0.667  3.333  3.6225  0.371    8  0.532  0.404    70.83    39.22    25.40    20.34    16.51  1  -8.9e-07      0.00 7.434e-01 2.563e-01 3.963e-05 3.431e-05 1.309e-04 -1.000 2.546e-04 -3.562 0.448 -1.935 -3.306 -3.750 -3.983 -4.075
0.00027635 -1.75000 10.11394 0.7874479890 2.4142541276    0.657  3.352  3.6207  0.339    8  0.532  0.404    75.76    41.43    26.75    21.45    17.41  1 -1.01e-06      0.00 7.434e-01 2.563e-01 3.963e-05 3.431e-05 1.309e-04 -1.000 2.546e-04 -3.609 0.463 -1.940 -3.337 -3.791 -4.028 -4.122
0.00027635 -1.75000 10.11394 0.7874513268 2.4142553382    0.534 -9.999  4.0000  1.830    9  0.534  0.000     0.00     0.00     0.00     0.00     0.00 -1    -1e-30      0.00 7.434e-01 2.563e-01 3.963e-05 3.431e-05 1.309e-04 -1.000 2.546e-04 29.767 30.105 29.967 30.246 30.474 30.554 30.642
