# Zini     MH   logAge Mini        int_IMF         Mass   logL    logTe  logg  label   McoreTP C_O  period0  period1  period2  period3  period4  pmode  Mloss  tau1m   X   Y   Xc  Xn  Xo  Cexcess  Z 	 mbolmag  umag    gmag    rmag    imag    zmag    Ymag
0.00061788 -1.40000 10.04922 0.0899999961 1.0816895212    0.090 -3.192  3.4692  5.413    1  0.000  0.545     0.00     0.00     0.00     0.00     0.00 -1  -5.3e-17      0.00 7.477e-01 2.516e-01 1.174e-04 3.167e-05 2.872e-04 -1.000 6.528e-04 12.750 17.923 16.361 14.457 12.687 12.105 11.992
0.00061788 -1.40000 10.04922 0.0955316648 1.1326582631    0.096 -3.035  3.4916  5.371    1  0.000  0.545     0.00     0.00     0.00     0.00     0.00 -1 -7.75e-17      0.00 7.469e-01 2.525e-01 1.174e-04 3.167e-05 2.872e-04 -1.000 6.528e-04 12.357 17.444 15.498 13.654 12.241 11.751 11.638
0.00061788 -1.40000 10.04922 0.1000000015 1.1711064122    0.100 -2.914  3.5088  5.339    1  0.000  0.545     0.00     0.00     0.00     0.00     0.00 -1 -1.04e-16      0.00 7.462e-01 2.532e-01 1.174e-04 3.167e-05 2.872e-04 -1.000 6.527e-04 12.056 16.998 14.866 13.090 11.909 11.477 11.365
0.00061788 -1.40000 10.04922 0.1117310226 1.2622403220    0.112 -2.741  3.5280  5.291    1  0.000  0.545     0.00     0.00     0.00     0.00     0.00 -1 -1.54e-16      0.00 7.448e-01 2.546e-01 1.174e-04 3.167e-05 2.872e-04 -1.000 6.528e-04 11.622 16.313 14.087 12.403 11.447 11.070 10.961
0.00061788 -1.40000 10.04922 0.1199999899 1.3193153758    0.120 -2.629  3.5404  5.260    1  0.000  0.545     0.00     0.00     0.00     0.00     0.00 -1    -2e-16      0.00 7.438e-01 2.555e-01 1.174e-04 3.167e-05 2.872e-04 -1.000 6.528e-04 11.343 15.832 13.606 11.988 11.152 10.806 10.699
0.00061788 -1.40000 10.04922 0.1400000006 1.4384526719    0.140 -2.448  3.5560  5.208    1  0.000  0.545     0.00     0.00     0.00     0.00     0.00 -1 -2.98e-16      0.00 7.421e-01 2.572e-01 1.174e-04 3.167e-05 2.872e-04 -1.000 6.527e-04 10.890 15.093 12.918 11.386 10.683 10.369 10.268
0.00061788 -1.40000 10.04922 0.1599999964 1.5372931554    0.160 -2.307  3.5663  5.166    1  0.000  0.545     0.00     0.00     0.00     0.00     0.00 -1 -4.05e-16      0.00 7.408e-01 2.586e-01 1.174e-04 3.167e-05 2.872e-04 -1.000 6.528e-04 10.538 14.538 12.421 10.950 10.322 10.029 9.931
0.00061788 -1.40000 10.04922 0.2000000030 1.6938790862    0.200 -2.086  3.5798  5.097    1  0.000  0.545     0.00     0.00     0.00     0.00     0.00 -1 -6.52e-16      0.00 7.395e-01 2.598e-01 1.174e-04 3.167e-05 2.872e-04 -1.000 6.527e-04 9.986 13.720 11.691 10.307 9.760 9.490 9.398
0.00061788 -1.40000 10.04922 0.2500000000 1.8403257998    0.250 -1.882  3.5910  5.034    1  0.000  0.545     0.00     0.00     0.00     0.00     0.00 -1 -5.06e-16      0.00 7.394e-01 2.600e-01 1.174e-04 3.167e-05 2.872e-04 -1.000 6.528e-04 9.474 12.984 11.044 9.739 9.243 8.991 8.904
0.00061788 -1.40000 10.04922 0.3000000119 1.9529139769    0.300 -1.726  3.5995  4.990    1  0.000  0.545     0.00     0.00     0.00     0.00     0.00 -1 -5.24e-16      0.00 7.396e-01 2.598e-01 1.173e-04 3.167e-05 2.872e-04 -1.000 6.527e-04 9.084 12.437 10.556 9.310 8.846 8.608 8.525
0.00061788 -1.40000 10.04922 0.3499999940 2.0434174644    0.350 -1.599  3.6068  4.960    1  0.000  0.545     0.00     0.00     0.00     0.00     0.00 -1 -1.77e-15      0.00 7.423e-01 2.571e-01 1.173e-04 3.167e-05 2.872e-04 -1.000 6.527e-04 8.768 11.995 10.161 8.966 8.525 8.297 8.218
0.00061788 -1.40000 10.04922 0.3974895179 2.1150293459    0.397 -1.461  3.6174  4.920    1  0.000  0.545     0.00     0.00     0.00     0.00     0.00 -1 -2.39e-15      0.00 7.495e-01 2.498e-01 1.174e-04 3.167e-05 2.872e-04 -1.000 6.527e-04 8.423 11.476 9.706 8.582 8.174 7.963 7.889
0.00061788 -1.40000 10.04922 0.4000000060 2.1185024399    0.400 -1.454  3.6179  4.918    1  0.000  0.545     0.00     0.00     0.00     0.00     0.00 -1 -2.43e-15      0.00 7.499e-01 2.495e-01 1.174e-04 3.167e-05 2.872e-04 -1.000 6.527e-04 8.406 11.450 9.683 8.563 8.157 7.946 7.873
0.00061788 -1.40000 10.04922 0.4499999881 2.1822809009    0.450 -1.280  3.6362  4.868    1  0.000  0.545     0.00     0.00     0.00     0.00     0.00 -1 -3.62e-15      0.00 7.499e-01 2.494e-01 1.174e-04 3.167e-05 2.872e-04 -1.000 6.527e-04 7.969 10.730 9.066 8.068 7.714 7.531 7.466
0.00061788 -1.40000 10.04922 0.4646627605 2.1992567361    0.464 -1.220  3.6443  4.854    1  0.000  0.545     0.00     0.00     0.00     0.00     0.00 -1 -4.16e-15      0.00 7.499e-01 2.494e-01 1.174e-04 3.167e-05 2.872e-04 -1.000 6.528e-04 7.819 10.458 8.840 7.893 7.561 7.391 7.330
0.00061788 -1.40000 10.04922 0.5000000000 2.2374541529    0.500 -1.082  3.6629  4.823    1  0.000  0.545     0.00     0.00     0.00     0.00     0.00 -1  -5.7e-15      0.00 7.499e-01 2.494e-01 1.174e-04 3.167e-05 2.872e-04 -1.000 6.528e-04 7.476 9.828 8.331 7.499 7.214 7.071 7.020
0.00061788 -1.40000 10.04922 0.5500000715 2.2836583126    0.550 -0.868  3.6896  4.757    1  0.000  0.544     0.00     0.00     0.00     0.00     0.00 -1  -9.6e-15      0.00 7.822e-01 2.173e-01 1.033e-04 2.788e-05 2.529e-04 -1.000 5.464e-04 6.941 8.851 7.590 6.907 6.680 6.574 6.537
0.00061788 -1.40000 10.04922 0.6000000238 2.3211213258    0.600 -0.663  3.7172  4.700    1  0.000  0.544     0.00     0.00     0.00     0.00     0.00 -1 -1.57e-14      0.00 7.918e-01 2.076e-01 9.933e-05 2.683e-05 2.435e-04 -1.000 5.368e-04 6.427 7.945 6.926 6.364 6.183 6.110 6.088
0.00061788 -1.40000 10.04922 0.6108571887 2.3283298367    0.611 -0.617  3.7239  4.688    1  0.000  0.544     0.00     0.00     0.00     0.00     0.00 -1 -1.76e-14      0.00 7.942e-01 2.052e-01 9.834e-05 2.657e-05 2.412e-04 -1.000 5.513e-04 6.312 7.746 6.780 6.245 6.075 6.009 5.991
0.00061788 -1.40000 10.04922 0.6247654557 2.3371444622    0.624 -0.558  3.7324  4.673    1  0.000  0.543     0.00     0.00     0.00     0.00     0.00 -1 -2.03e-14      0.00 7.974e-01 2.020e-01 9.702e-05 2.621e-05 2.380e-04 -1.000 5.373e-04 6.164 7.499 6.597 6.094 5.937 5.881 5.867
0.00061788 -1.40000 10.04922 0.6366803050 2.3443445623    0.636 -0.507  3.7396  4.659    1  0.000  0.543     0.00     0.00     0.00     0.00     0.00 -1 -2.28e-14      0.00 8.003e-01 1.992e-01 9.586e-05 2.590e-05 2.352e-04 -1.000 5.507e-04 6.037 7.295 6.443 5.966 5.820 5.771 5.760
0.00061788 -1.40000 10.04922 0.6482180953 2.3510275004    0.648 -0.457  3.7465  4.644    1  0.000  0.543     0.00     0.00     0.00     0.00     0.00 -1 -2.45e-14      0.00 8.032e-01 1.963e-01 9.469e-05 2.559e-05 2.324e-04 -1.000 5.221e-04 5.912 7.104 6.296 5.843 5.708 5.667 5.659
0.00061788 -1.40000 10.04922 0.6499999762 2.3520353107    0.650 -0.449  3.7475  4.642    1  0.000  0.543     0.00     0.00     0.00     0.00     0.00 -1 -2.64e-14      0.00 8.036e-01 1.959e-01 9.449e-05 2.554e-05 2.320e-04 -1.000 5.222e-04 5.893 7.074 6.273 5.824 5.691 5.650 5.643
0.00061788 -1.40000 10.04922 0.6609189510 2.3580747174    0.661 -0.402  3.7534  4.626    1  0.000  0.543     0.00     0.00     0.00     0.00     0.00 -1 -2.98e-14      0.00 8.071e-01 1.924e-01 9.313e-05 2.518e-05 2.287e-04 -1.000 5.222e-04 5.775 6.900 6.135 5.709 5.585 5.551 5.546
0.00061788 -1.40000 10.04922 0.6742522717 2.3651453261    0.674 -0.343  3.7604  4.604    1  0.000  0.542     0.00     0.00     0.00     0.00     0.00 -1 -3.46e-14      0.00 8.115e-01 1.880e-01 9.134e-05 2.471e-05 2.245e-04 -1.000 5.222e-04 5.628 6.688 5.967 5.567 5.455 5.428 5.426
0.00061788 -1.40000 10.04922 0.6865956187 2.3714102357    0.686 -0.288  3.7667  4.581    1  0.000  0.542     0.00     0.00     0.00     0.00     0.00 -1 -3.99e-14      0.00 8.159e-01 1.835e-01 8.959e-05 2.424e-05 2.203e-04 -1.000 5.210e-04 5.490 6.500 5.812 5.436 5.332 5.312 5.313
0.00061788 -1.40000 10.04922 0.6979346275 2.3769413804    0.698 -0.236  3.7724  4.559    1  0.000  0.542     0.00     0.00     0.00     0.00     0.00 -1  -4.4e-14      0.00 8.202e-01 1.793e-01 8.788e-05 2.378e-05 2.162e-04 -1.000 5.057e-04 5.360 6.328 5.668 5.312 5.217 5.202 5.205
0.00061788 -1.40000 10.04922 0.6999999881 2.3779266974    0.700 -0.226  3.7734  4.555    1  0.000  0.542     0.00     0.00     0.00     0.00     0.00 -1  -4.7e-14      0.00 8.211e-01 1.784e-01 8.756e-05 2.370e-05 2.155e-04 -1.000 4.906e-04 5.336 6.296 5.641 5.289 5.196 5.182 5.185
0.00061788 -1.40000 10.04922 0.7048096657 2.3801955220    0.705 -0.204  3.7756  4.544    1  0.000  0.541     0.00     0.00     0.00     0.00     0.00 -1 -4.99e-14      0.00 8.235e-01 1.761e-01 8.650e-05 2.345e-05 2.132e-04 -1.000 4.497e-04 5.280 6.223 5.579 5.235 5.146 5.134 5.138
0.00061788 -1.40000 10.04922 0.7167426944 2.3856736670    0.716 -0.146  3.7811  4.516    1  0.000  0.539     0.00     0.00     0.00     0.00     0.00 -1 -5.84e-14      0.00 8.297e-01 1.699e-01 8.383e-05 2.279e-05 2.075e-04 -1.000 4.298e-04 5.135 6.041 5.421 5.097 5.016 5.010 5.016
0.00061788 -1.40000 10.04922 0.7277685404 2.3905521469    0.727 -0.090  3.7859  4.486    1  0.000  0.536     0.00     0.00     0.00     0.00     0.00 -1 -6.82e-14      0.00 8.355e-01 1.641e-01 8.130e-05 2.218e-05 2.020e-04 -1.000 4.221e-04 4.996 5.873 5.270 4.964 4.891 4.889 4.897
0.00061788 -1.40000 10.04922 0.7381981015 2.3950128893    0.738 -0.035  3.7904  4.454    1  0.000  0.534     0.00     0.00     0.00     0.00     0.00 -1 -7.97e-14      0.00 8.410e-01 1.586e-01 7.893e-05 2.160e-05 1.969e-04 -1.000 4.222e-04 4.857 5.709 5.121 4.831 4.764 4.767 4.776
0.00061788 -1.40000 10.04922 0.7473056316 2.3987913104    0.747  0.016  3.7941  4.424    1  0.000  0.532     0.00     0.00     0.00     0.00     0.00 -1 -9.21e-14      0.00 8.457e-01 1.538e-01 7.689e-05 2.110e-05 1.925e-04 -1.000 4.258e-04 4.730 5.563 4.985 4.708 4.647 4.653 4.664
0.00061788 -1.40000 10.04922 0.7500000000 2.3998889087    0.749  0.032  3.7951  4.414    1  0.000  0.532     0.00     0.00     0.00     0.00     0.00 -1 -9.64e-14      0.00 8.471e-01 1.525e-01 7.629e-05 2.096e-05 1.912e-04 -1.000 4.222e-04 4.691 5.518 4.943 4.670 4.611 4.618 4.629
0.00061788 -1.40000 10.04922 0.7538146377 2.4014274481    0.753  0.054  3.7966  4.400    1  0.000  0.532     0.00     0.00     0.00     0.00     0.00 -1 -1.03e-13      0.00 8.485e-01 1.511e-01 7.581e-05 2.083e-05 1.901e-04 -1.000 4.222e-04 4.636 5.455 4.885 4.617 4.560 4.569 4.580
0.00061788 -1.40000 10.04922 0.7631787658 2.4051293466    0.763  0.112  3.8001  4.361    1  0.000  0.531     0.00     0.00     0.00     0.00     0.00 -1 -1.22e-13      0.00 8.516e-01 1.480e-01 7.478e-05 2.056e-05 1.877e-04 -1.000 4.222e-04 4.491 5.292 4.730 4.476 4.425 4.437 4.449
0.00061788 -1.40000 10.04922 0.7718067169 2.4084489325    0.771  0.169  3.8032  4.321    1  0.000  0.530     0.00     0.00     0.00     0.00     0.00 -1 -1.45e-13      0.00 8.541e-01 1.455e-01 7.399e-05 2.035e-05 1.859e-04 -1.000 4.222e-04 4.348 5.134 4.578 4.335 4.289 4.304 4.317
0.00061788 -1.40000 10.04922 0.7798326015 2.4114611584    0.779  0.226  3.8057  4.278    1  0.000  0.530     0.00     0.00     0.00     0.00     0.00 -1 -1.72e-13      0.00 8.561e-01 1.434e-01 7.339e-05 2.019e-05 1.846e-04 -1.000 4.215e-04 4.205 4.980 4.428 4.194 4.153 4.170 4.184
0.00061788 -1.40000 10.04922 0.7870064974 2.4140939057    0.786  0.280  3.8075  4.235    1  0.000  0.529     0.00     0.00     0.00     0.00     0.00 -1 -2.04e-13      0.00 8.575e-01 1.421e-01 7.306e-05 2.011e-05 1.839e-04 -1.000 4.516e-04 4.069 4.835 4.286 4.060 4.021 4.040 4.055
0.00061788 -1.40000 10.04922 0.7932935357 2.4163562180    0.792  0.332  3.8086  4.191    1  0.000  0.529     0.00     0.00     0.00     0.00     0.00 -1 -2.41e-13      0.00 8.573e-01 1.423e-01 7.329e-05 2.018e-05 1.845e-04 -1.000 4.757e-04 3.940 4.700 4.153 3.931 3.895 3.915 3.930
0.00061788 -1.40000 10.04922 0.7951995730 2.4170339603    0.794  0.348  3.8088  4.177    1  0.000  0.529     0.00     0.00     0.00     0.00     0.00 -1 -2.55e-13      0.00 8.571e-01 1.424e-01 7.338e-05 2.021e-05 1.848e-04 -1.000 4.823e-04 3.900 4.659 4.112 3.891 3.855 3.875 3.890
0.00061788 -1.40000 10.04922 0.7967951298 2.4175984368    0.796  0.363  3.8087  4.163    1  0.000  0.529     0.00     0.00     0.00     0.00     0.00 -1 -2.68e-13      0.00 8.570e-01 1.425e-01 7.348e-05 2.023e-05 1.850e-04 -1.000 4.853e-04 3.863 4.622 4.074 3.854 3.818 3.838 3.853
0.00061788 -1.40000 10.04922 0.8000000119 2.4187244405    0.799  0.394  3.8080  4.131    1  0.000  0.529     0.00     0.00     0.00     0.00     0.00 -1 -2.98e-13      0.00 8.567e-01 1.428e-01 7.366e-05 2.029e-05 1.855e-04 -1.000 4.916e-04 3.785 4.546 3.996 3.774 3.738 3.757 3.772
0.00061788 -1.40000 10.04922 0.8028832078 2.4197285944    0.802  0.422  3.8075  4.102    1  0.000  0.529     0.00     0.00     0.00     0.00     0.00 -1 -3.27e-13      0.00 8.559e-01 1.436e-01 7.408e-05 2.040e-05 1.866e-04 -1.000 4.916e-04 3.714 4.476 3.926 3.702 3.665 3.684 3.699
0.00061788 -1.40000 10.04922 0.8076165318 2.4213592423    0.806  0.476  3.8044  4.038    1  0.000  0.529     0.00     0.00     0.00     0.00     0.00 -1 -3.97e-13      0.00 8.545e-01 1.450e-01 7.476e-05 2.059e-05 1.883e-04 -1.000 4.916e-04 3.580 4.353 3.797 3.565 3.524 3.539 3.553
0.00061788 -1.40000 10.04922 0.8084187508 2.4216334343    0.807  0.486  3.8036  4.025    1  0.000  0.529     0.00     0.00     0.00     0.00     0.00 -1 -4.15e-13      0.00 8.543e-01 1.452e-01 7.487e-05 2.062e-05 1.886e-04 -1.000 4.916e-04 3.555 4.332 3.773 3.539 3.497 3.512 3.525
0.00061788 -1.40000 10.04922 0.8098775148 2.4221304278    0.808  0.506  3.8013  3.997    2  0.000  0.529     0.00     0.00     0.00     0.00     0.00 -1 -4.47e-13      0.00 8.538e-01 1.457e-01 7.508e-05 2.068e-05 1.891e-04 -1.000 4.916e-04 3.506 4.290 3.728 3.487 3.441 3.454 3.467
0.00061788 -1.40000 10.04922 0.8127351403 2.4230980628    0.811  0.549  3.7950  3.931    2  0.000  0.529     0.00     0.00     0.00     0.00     0.00 -1 -5.29e-13      0.00 8.530e-01 1.465e-01 7.549e-05 2.079e-05 1.901e-04 -1.000 4.916e-04 3.399 4.211 3.635 3.374 3.319 3.326 3.336
0.00061788 -1.40000 10.04922 0.8147877455 2.4237882909    0.813  0.584  3.7874  3.866    2  0.000  0.529     0.00     0.00     0.00     0.00     0.00 -1 -6.18e-13      0.00 8.512e-01 1.483e-01 7.663e-05 2.110e-05 1.930e-04 -1.000 4.713e-04 3.310 4.160 3.564 3.278 3.212 3.211 3.219
0.00061788 -1.40000 10.04922 0.8163179159 2.4243002441    0.815  0.613  3.7790  3.804    2  0.000  0.530     0.00     0.00     0.00     0.00     0.00 -1 -7.09e-13      0.00 8.369e-01 1.626e-01 8.330e-05 2.291e-05 2.093e-04 -1.000 4.851e-04 3.238 4.132 3.513 3.199 3.120 3.111 3.115
0.00061788 -1.40000 10.04922 0.8177413344 2.4247745033    0.816  0.641  3.7690  3.736    2  0.000  0.533     0.00     0.00     0.00     0.00     0.00 -1 -8.19e-13      0.00 8.108e-01 1.887e-01 9.357e-05 2.567e-05 2.341e-04 -1.000 5.184e-04 3.166 4.124 3.469 3.121 3.026 3.007 3.008
0.00061788 -1.40000 10.04922 0.8187542558 2.4251108371    0.817  0.665  3.7604  3.678    2  0.000  0.535     0.00     0.00     0.00     0.00     0.00 -1 -9.25e-13      0.00 7.900e-01 2.094e-01 1.009e-04 2.763e-05 2.515e-04 -1.000 5.672e-04 3.106 4.123 3.434 3.056 2.948 2.921 2.918
0.00061788 -1.40000 10.04922 0.8196793199 2.4254171635    0.818  0.696  3.7524  3.616    2  0.000  0.536     0.00     0.00     0.00     0.00     0.00 -1 -1.06e-12      0.00 7.781e-01 2.213e-01 1.051e-04 2.875e-05 2.615e-04 -1.000 5.822e-04 3.030 4.107 3.383 2.977 2.857 2.821 2.815
0.00061788 -1.40000 10.04922 0.8203987479 2.4256548463    0.819  0.730  3.7469  3.560    2  0.000  0.536     0.00     0.00     0.00     0.00     0.00 -1 -1.23e-12      0.00 7.721e-01 2.272e-01 1.072e-04 2.932e-05 2.666e-04 -1.000 6.072e-04 2.944 4.065 3.316 2.891 2.762 2.721 2.712
0.00061788 -1.40000 10.04922 0.8210892081 2.4258825084    0.819  0.772  3.7424  3.501    2  0.000  0.537     0.00     0.00     0.00     0.00     0.00 -1 -1.45e-12      0.00 7.681e-01 2.313e-01 1.086e-04 2.970e-05 2.700e-04 -1.000 5.833e-04 2.840 3.996 3.227 2.787 2.651 2.605 2.594
0.00061788 -1.40000 10.04922 0.8212018609 2.4259196111    0.819  0.780  3.7418  3.490    2  0.000  0.537     0.00     0.00     0.00     0.00     0.00 -1  -1.5e-12      0.00 7.676e-01 2.318e-01 1.088e-04 2.974e-05 2.704e-04 -1.000 5.965e-04 2.819 3.979 3.208 2.767 2.629 2.583 2.572
0.00061788 -1.40000 10.04922 0.8217947483 2.4261146883    0.820  0.826  3.7390  3.434    3  0.000  0.537     0.00     0.00     0.00     0.00     0.00 -1 -1.77e-12      0.00 7.649e-01 2.344e-01 1.096e-04 2.996e-05 2.723e-04 -1.000 6.417e-04 2.705 3.888 3.104 2.653 2.512 2.461 2.449
0.00061788 -1.40000 10.04922 0.8222943544 2.4262788222    0.820  0.868  3.7369  3.384    3  0.000  0.537     0.00     0.00     0.00     0.00     0.00 -1 -2.06e-12      0.00 7.629e-01 2.365e-01 1.102e-04 3.011e-05 2.736e-04 -1.000 6.121e-04 2.600 3.802 3.007 2.549 2.404 2.352 2.339
0.00061788 -1.40000 10.04922 0.8228487372 2.4264606834    0.821  0.919  3.7348  3.325    3  0.000  0.537     0.00     0.00     0.00     0.00     0.00 -1 -2.48e-12      0.00 7.607e-01 2.387e-01 1.107e-04 3.025e-05 2.748e-04 -1.000 6.273e-04 2.473 3.693 2.888 2.424 2.276 2.221 2.206
0.00061788 -1.40000 10.04922 0.8233611584 2.4266285290    0.821  0.969  3.7330  3.267    3  0.000  0.537     0.00     0.00     0.00     0.00     0.00 -1 -2.97e-12      0.00 7.587e-01 2.407e-01 1.110e-04 3.036e-05 2.758e-04 -1.000 6.242e-04 2.347 3.582 2.768 2.298 2.147 2.090 2.075
0.00061788 -1.40000 10.04922 0.8238753676 2.4267967189    0.822  1.024  3.7312  3.205    3  0.000  0.536     0.00     0.00     0.00     0.00     0.00 -1 -3.62e-12      0.00 7.566e-01 2.427e-01 1.113e-04 3.047e-05 2.767e-04 -1.000 6.260e-04 2.209 3.460 2.637 2.162 2.008 1.949 1.932
0.00061788 -1.40000 10.04922 0.8243307471 2.4269454650    0.822  1.078  3.7295  3.145    3  0.000  0.535     0.00     0.00     0.00     0.00     0.00 -1 -4.39e-12      0.00 7.548e-01 2.446e-01 1.113e-04 3.062e-05 2.773e-04 -1.000 6.118e-04 2.076 3.341 2.510 2.030 1.874 1.812 1.795
0.00061788 -1.40000 10.04922 0.8247171640 2.4270715369    0.822  1.127  3.7279  3.090    3  0.000  0.533     0.00     0.00     0.00     0.00     0.00 -1 -5.23e-12      0.00 7.532e-01 2.462e-01 1.111e-04 3.085e-05 2.778e-04 -1.000 6.232e-04 1.953 3.232 2.394 1.908 1.750 1.687 1.669
0.00061788 -1.40000 10.04922 0.8250195980 2.4271701139    0.823  1.168  3.7267  3.044    3  0.000  0.531     0.00     0.00     0.00     0.00     0.00 -1 -6.07e-12      0.00 7.519e-01 2.474e-01 1.107e-04 3.114e-05 2.781e-04 -1.000 6.153e-04 1.850 3.139 2.295 1.806 1.646 1.581 1.562
0.00061788 -1.40000 10.04922 0.8253545761 2.4272792016    0.823  1.218  3.7251  2.988    3  0.000  0.528     0.00     0.00     0.00     0.00     0.00 -1 -7.26e-12      0.00 7.506e-01 2.487e-01 1.102e-04 3.166e-05 2.784e-04 -1.000 6.367e-04 1.725 3.028 2.176 1.682 1.520 1.453 1.433
0.00061788 -1.40000 10.04922 0.8256747127 2.4273833609    0.823  1.270  3.7234  2.928    3  0.000  0.525     0.00     0.00     0.00     0.00     0.00 -1 -8.77e-12      0.00 7.495e-01 2.499e-01 1.095e-04 3.238e-05 2.786e-04 -1.000 6.225e-04 1.594 2.914 2.052 1.552 1.387 1.319 1.298
0.00061788 -1.40000 10.04922 0.8259647489 2.4274776466    0.823  1.323  3.7217  2.870    3  0.000  0.521     0.00     0.00     0.00     0.00     0.00 -1 -1.06e-11      0.00 7.485e-01 2.508e-01 1.088e-04 3.315e-05 2.788e-04 -1.000 6.394e-04 1.464 2.800 1.929 1.423 1.256 1.185 1.163
0.00061788 -1.40000 10.04922 0.8262179494 2.4275598954    0.823  1.372  3.7200  2.813    3  0.000  0.518     0.00     0.00     0.00     0.00     0.00 -1 -1.27e-11      0.00 7.478e-01 2.516e-01 1.082e-04 3.384e-05 2.790e-04 -1.000 6.278e-04 1.339 2.691 1.811 1.300 1.130 1.057 1.035
0.00061788 -1.40000 10.04922 0.8264468908 2.4276342141    0.823  1.421  3.7182  2.757    3  0.000  0.515     0.00     0.00     0.00     0.00     0.00 -1 -1.51e-11      0.00 7.473e-01 2.521e-01 1.077e-04 3.437e-05 2.791e-04 -1.000 6.286e-04 1.217 2.587 1.696 1.179 1.006 0.931 0.907
0.00061788 -1.40000 10.04922 0.8266527653 2.4277010044    0.823  1.470  3.7164  2.702    3  0.000  0.514     0.00     0.00     0.00     0.00     0.00 -1  -1.8e-11      0.00 7.469e-01 2.524e-01 1.074e-04 3.477e-05 2.792e-04 -1.000 6.234e-04 1.096 2.484 1.583 1.060 0.884 0.807 0.782
0.00061788 -1.40000 10.04922 0.8268439770 2.4277630035    0.823  1.519  3.7146  2.645    3  0.000  0.513     0.00     0.00     0.00     0.00     0.00 -1 -2.16e-11      0.00 7.467e-01 2.527e-01 1.072e-04 3.503e-05 2.792e-04 -1.000 6.388e-04 0.972 2.379 1.468 0.939 0.759 0.680 0.654
0.00061788 -1.40000 10.04922 0.8270131946 2.4278178437    0.823  1.567  3.7127  2.589    3  0.000  0.512     0.00     0.00     0.00     0.00     0.00 -1 -2.57e-11      0.00 7.465e-01 2.528e-01 1.071e-04 3.516e-05 2.792e-04 -1.000 6.389e-04 0.852 2.279 1.357 0.821 0.638 0.557 0.530
0.00061788 -1.40000 10.04922 0.8271710277 2.4278689711    0.823  1.616  3.7108  2.533    3  0.000  0.512     0.00     0.00     0.00     0.00     0.00 -1 -3.06e-11      0.00 7.465e-01 2.529e-01 1.070e-04 3.520e-05 2.792e-04 -1.000 6.390e-04 0.730 2.177 1.244 0.701 0.515 0.431 0.404
0.00061788 -1.40000 10.04922 0.8273105621 2.4279141523    0.823  1.663  3.7088  2.478    3  0.000  0.512     0.00     0.00     0.00     0.00     0.00 -1 -3.64e-11      0.00 7.465e-01 2.529e-01 1.070e-04 3.521e-05 2.792e-04 -1.000 6.391e-04 0.612 2.081 1.135 0.585 0.396 0.309 0.281
0.00061788 -1.40000 10.04922 0.8274349570 2.4279544166    0.823  1.709  3.7069  2.424    3  0.000  0.512     0.00     0.00     0.00     0.00     0.00 -1  -4.3e-11      0.00 7.465e-01 2.529e-01 1.070e-04 3.522e-05 2.792e-04 -1.000 6.392e-04 0.498 1.991 1.030 0.472 0.279 0.191 0.161
0.00061788 -1.40000 10.04922 0.8275502920 2.4279917359    0.823  1.755  3.7049  2.370    3  0.000  0.512     0.00     0.00     0.00     0.00     0.00 -1  -5.1e-11      0.00 7.465e-01 2.529e-01 1.070e-04 3.523e-05 2.792e-04 -1.000 6.393e-04 0.382 1.901 0.924 0.358 0.162 0.071 0.040
0.00061788 -1.40000 10.04922 0.8276526332 2.4280248407    0.823  1.800  3.7029  2.317    3  0.000  0.512     0.00     0.00     0.00     0.00     0.00 -1    -6e-11      0.00 7.465e-01 2.529e-01 1.070e-04 3.524e-05 2.793e-04 -1.000 6.393e-04 0.271 1.816 0.823 0.248 0.049 -0.045 -0.076
0.00061788 -1.40000 10.04922 0.8277491331 2.4280560474    0.823  1.845  3.7009  2.264    3  0.000  0.512     0.00     0.00     0.00     0.00     0.00 -1 -7.09e-11      0.00 7.465e-01 2.529e-01 1.070e-04 3.525e-05 2.793e-04 -1.000 6.394e-04 0.157 1.729 0.720 0.136 -0.066 -0.162 -0.195
0.00061788 -1.40000 10.04922 0.8278360963 2.4280841629    0.822  1.889  3.6988  2.211    3  0.000  0.512     0.00     0.00     0.00     0.00     0.00 -1 -8.34e-11      0.00 7.465e-01 2.529e-01 1.070e-04 3.526e-05 2.793e-04 -1.000 6.393e-04 0.047 1.647 0.622 0.029 -0.177 -0.276 -0.310
0.00061788 -1.40000 10.04922 0.8279173970 2.4281104415    0.822  1.933  3.6967  2.159    3  0.000  0.512     0.00     0.00     0.00     0.00     0.00 -1  -9.8e-11      0.00 7.464e-01 2.529e-01 1.070e-04 3.527e-05 2.793e-04 -1.000 6.395e-04 -0.063 1.566 0.524 -0.078 -0.288 -0.389 -0.425
0.00061788 -1.40000 10.04922 0.8279952407 2.4281355972    0.822  1.977  3.6946  2.107    3  0.000  0.512     0.00     0.00     0.00     0.00     0.00 -1 -1.15e-10      0.00 7.464e-01 2.529e-01 1.070e-04 3.528e-05 2.793e-04 -1.000 6.395e-04 -0.172 1.487 0.427 -0.184 -0.398 -0.502 -0.538
0.00061788 -1.40000 10.04922 0.8280751109 2.4281614021    0.821  2.016  3.6927  2.059    3  0.000  0.512     0.00     0.00     0.00     0.00     0.00 -1 -1.33e-10      0.00 7.464e-01 2.529e-01 1.070e-04 3.528e-05 2.793e-04 -1.000 6.396e-04 -0.271 1.415 0.339 -0.281 -0.498 -0.605 -0.642
0.00061788 -1.40000 10.04922 0.8281477094 2.4281848526    0.821  2.043  3.6915  2.027    3  0.000  0.511     0.00     0.00     0.00     0.00     0.00 -1 -1.48e-10      0.00 7.464e-01 2.529e-01 1.070e-04 3.529e-05 2.793e-04 -1.000 6.396e-04 -0.339 1.364 0.278 -0.347 -0.567 -0.674 -0.713
0.00061788 -1.40000 10.04922 0.8281949759 2.4282001180    0.821  2.028  3.6925  2.046    3  0.000  0.511     0.00     0.00     0.00     0.00     0.00 -1  -1.4e-10      0.00 7.464e-01 2.529e-01 1.070e-04 3.530e-05 2.793e-04 -1.000 6.396e-04 -0.300 1.388 0.311 -0.310 -0.527 -0.634 -0.671
0.00061788 -1.40000 10.04922 0.8282116055 2.4282054883    0.821  2.022  3.6929  2.054    3  0.000  0.511     0.00     0.00     0.00     0.00     0.00 -1 -1.38e-10      0.00 7.464e-01 2.529e-01 1.070e-04 3.530e-05 2.793e-04 -1.000 6.396e-04 -0.285 1.397 0.323 -0.296 -0.513 -0.619 -0.656
0.00061788 -1.40000 10.04922 0.8282647729 2.4282226562    0.820  2.063  3.6909  2.005    3  0.000  0.511     0.00     0.00     0.00     0.00     0.00 -1 -1.58e-10      0.00 7.464e-01 2.529e-01 1.070e-04 3.530e-05 2.793e-04 -1.000 6.397e-04 -0.387 1.325 0.234 -0.394 -0.615 -0.724 -0.762
0.00061788 -1.40000 10.04922 0.8283150792 2.4282388980    0.820  2.103  3.6888  1.956    3  0.000  0.511     0.00     0.00     0.00     0.00     0.00 -1 -1.83e-10      0.00 7.464e-01 2.529e-01 1.070e-04 3.531e-05 2.793e-04 -1.000 6.397e-04 -0.487 1.259 0.147 -0.492 -0.716 -0.828 -0.867
0.00061788 -1.40000 10.04922 0.8283641338 2.4282547334    0.820  2.145  3.6865  1.905    3  0.000  0.511     0.00     0.00     0.00     0.00     0.00 -1 -2.14e-10      0.00 7.464e-01 2.530e-01 1.070e-04 3.531e-05 2.793e-04 -1.000 6.397e-04 -0.592 1.194 0.057 -0.592 -0.821 -0.935 -0.976
0.00061788 -1.40000 10.04922 0.8284096718 2.4282694317    0.819  2.186  3.6843  1.854    3  0.000  0.511     0.00     0.00     0.00     0.00     0.00 -1  -2.5e-10      0.00 7.464e-01 2.530e-01 1.070e-04 3.532e-05 2.793e-04 -1.000 6.398e-04 -0.696 1.135 -0.031 -0.694 -0.926 -1.043 -1.086
0.00061788 -1.40000 10.04922 0.8284503222 2.4282825508    0.819  2.226  3.6821  1.805    3  0.000  0.511     0.00     0.00     0.00     0.00     0.00 -1  -2.9e-10      0.00 7.464e-01 2.530e-01 1.070e-04 3.532e-05 2.793e-04 -1.000 6.398e-04 -0.796 1.085 -0.115 -0.792 -1.028 -1.148 -1.192
0.00061788 -1.40000 10.04922 0.8284881711 2.4282947646    0.818  2.266  3.6798  1.756    3  0.000  0.511     0.00     0.00     0.00     0.00     0.00 -1 -3.37e-10      0.00 7.464e-01 2.530e-01 1.070e-04 3.532e-05 2.793e-04 -1.000 6.399e-04 -0.896 1.038 -0.198 -0.890 -1.130 -1.253 -1.298
0.00061788 -1.40000 10.04922 0.8285230398 2.4283060154    0.818  2.306  3.6775  1.707    3  0.000  0.511     0.00     0.00     0.00     0.00     0.00 -1  -3.9e-10      0.00 7.464e-01 2.530e-01 1.070e-04 3.533e-05 2.793e-04 -1.000 6.398e-04 -0.994 0.996 -0.278 -0.987 -1.230 -1.356 -1.403
0.00061788 -1.40000 10.04922 0.8285555840 2.4283165153    0.817  2.345  3.6752  1.658    3  0.000  0.511     0.00     0.00     0.00     0.00     0.00 -1 -4.52e-10      0.00 7.464e-01 2.530e-01 1.070e-04 3.533e-05 2.793e-04 -1.000 6.398e-04 -1.093 0.956 -0.357 -1.083 -1.330 -1.459 -1.507
0.00061788 -1.40000 10.04922 0.8285846114 2.4283258797    0.816  2.383  3.6729  1.611    3  0.000  0.511     0.00     0.00     0.00     0.00     0.00 -1 -5.21e-10      0.00 7.464e-01 2.530e-01 1.069e-04 3.533e-05 2.793e-04 -1.000 6.399e-04 -1.187 0.922 -0.431 -1.174 -1.426 -1.557 -1.607
0.00061788 -1.40000 10.04922 0.8286117911 2.4283346474    0.816  2.421  3.6706  1.563    3  0.000  0.511     0.00     0.00     0.00     0.00     0.00 -1    -6e-10      0.00 7.464e-01 2.530e-01 1.069e-04 3.533e-05 2.793e-04 -1.000 6.399e-04 -1.282 0.890 -0.504 -1.266 -1.522 -1.656 -1.708
0.00061788 -1.40000 10.04922 0.8286426067 2.4283445871    0.815  2.467  3.6678  1.505    3  0.000  0.511     0.00     0.00     0.00     0.00     0.00 -1 -7.13e-10      0.00 7.464e-01 2.530e-01 1.069e-04 3.534e-05 2.793e-04 -1.000 6.399e-04 -1.397 0.859 -0.590 -1.376 -1.638 -1.776 -1.830
0.00061788 -1.40000 10.04922 0.8286703229 2.4283535263    0.814  2.512  3.6650  1.449    3  0.000  0.511     7.51     5.88     4.17     3.22     2.61  3 -8.45e-10      0.00 7.464e-01 2.530e-01 1.069e-04 3.534e-05 2.793e-04 -1.000 6.399e-04 -1.509 0.838 -0.671 -1.483 -1.751 -1.893 -1.948
0.00061788 -1.40000 10.04922 0.8286961317 2.4283618498    0.813  2.557  3.6621  1.392    3  0.000  0.511     8.47     6.52     4.60     3.56     2.88  3    -1e-09      0.00 7.464e-01 2.530e-01 1.069e-04 3.534e-05 2.793e-04 -1.000 6.399e-04 -1.622 0.824 -0.749 -1.590 -1.864 -2.010 -2.068
0.00061788 -1.40000 10.04922 0.8287190795 2.4283692501    0.812  2.600  3.6593  1.337    3  0.000  0.511     9.51     7.20     5.05     3.92     3.17  3 -1.18e-09      0.00 7.464e-01 2.530e-01 1.069e-04 3.535e-05 2.793e-04 -1.000 6.399e-04 -1.729 0.817 -0.822 -1.691 -1.972 -2.122 -2.182
0.00061788 -1.40000 10.04922 0.8287401199 2.4283760348    0.810  2.642  3.6564  1.282    3  0.000  0.511    10.68     7.95     5.55     4.31     3.49  3 -1.39e-09      0.00 7.464e-01 2.530e-01 1.069e-04 3.535e-05 2.793e-04 -1.000 6.399e-04 -1.836 0.807 -0.892 -1.788 -2.076 -2.231 -2.293
0.00061788 -1.40000 10.04922 0.8287603855 2.4283825694    0.809  2.686  3.6535  1.225    3  0.000  0.511    12.03     8.80     6.12     4.76     3.86  3 -1.64e-09      0.00 7.464e-01 2.530e-01 1.069e-04 3.535e-05 2.793e-04 -1.000 6.400e-04 -1.946 0.785 -0.966 -1.887 -2.183 -2.343 -2.407
0.00061788 -1.40000 10.04922 0.8287778497 2.4283882003    0.807  2.727  3.6506  1.172    3  0.000  0.511    13.45     9.68     6.70     5.22     4.23  3 -1.92e-09      0.00 7.464e-01 2.530e-01 1.069e-04 3.535e-05 2.793e-04 -1.000 6.400e-04 -2.048 0.768 -1.034 -1.978 -2.282 -2.446 -2.513
0.00061788 -1.40000 10.04922 0.8287943602 2.4283935235    0.806  2.769  3.6478  1.119    3  0.000  0.511    15.06    10.66     7.35     5.73     4.65  2 -2.24e-09      0.00 7.464e-01 2.530e-01 1.069e-04 3.535e-05 2.793e-04 -1.000 6.400e-04 -2.152 0.752 -1.100 -2.069 -2.380 -2.550 -2.619
0.00061788 -1.40000 10.04922 0.8288099766 2.4283985582    0.804  2.811  3.6449  1.064    3  0.000  0.511    16.89    11.75     8.07     6.30     5.11  2 -2.63e-09      0.00 7.464e-01 2.530e-01 1.069e-04 3.535e-05 2.793e-04 -1.000 6.400e-04 -2.256 0.737 -1.167 -2.160 -2.480 -2.654 -2.726
0.00061788 -1.40000 10.04922 0.8288233876 2.4284028817    0.802  2.849  3.6421  1.014    3  0.000  0.511    18.78    12.87     8.80     6.88     5.58  2 -3.05e-09      0.00 7.464e-01 2.530e-01 1.069e-04 3.535e-05 2.793e-04 -1.000 6.400e-04 -2.352 0.727 -1.227 -2.244 -2.571 -2.750 -2.824
0.00061788 -1.40000 10.04922 0.8288364410 2.4284070898    0.800  2.889  3.6392  0.961    3  0.000  0.511    20.97    14.14     9.62     7.54     6.11  2 -3.56e-09      0.00 7.464e-01 2.530e-01 1.069e-04 3.536e-05 2.793e-04 -1.000 6.400e-04 -2.452 0.723 -1.285 -2.329 -2.665 -2.850 -2.926
0.00061788 -1.40000 10.04922 0.8288487196 2.4284110479    0.798  2.929  3.6364  0.909    3  0.000  0.511    23.41    15.54    10.53     8.26     6.70  2 -4.15e-09      0.00 7.464e-01 2.530e-01 1.069e-04 3.536e-05 2.793e-04 -1.000 6.400e-04 -2.552 0.723 -1.339 -2.413 -2.759 -2.949 -3.028
0.00061788 -1.40000 10.04922 0.8288592100 2.4284144295    0.796  2.965  3.6337  0.860    3  0.000  0.511    25.93    16.95    11.44     8.99     7.29  2 -4.78e-09      0.00 7.464e-01 2.530e-01 1.069e-04 3.536e-05 2.793e-04 -1.000 6.399e-04 -2.643 0.726 -1.387 -2.488 -2.843 -3.039 -3.120
0.00061788 -1.40000 10.04922 0.8288694024 2.4284177150    0.794  3.003  3.6309  0.810    3  0.000  0.511    28.81    18.54    12.46     9.81     7.96  1 -5.53e-09      0.00 7.464e-01 2.530e-01 1.069e-04 3.536e-05 2.793e-04 -1.000 6.401e-04 -2.736 0.731 -1.434 -2.565 -2.930 -3.131 -3.215
0.00061788 -1.40000 10.04922 0.8288792968 2.4284209043    0.791  3.041  3.6281  0.759    3  0.000  0.511    32.07    20.31    13.60    10.72     8.70  1 -6.41e-09      0.00 7.464e-01 2.530e-01 1.069e-04 3.536e-05 2.793e-04 -1.000 6.400e-04 -2.832 0.733 -1.482 -2.643 -3.018 -3.226 -3.312
0.00061788 -1.40000 10.04922 0.8288878798 2.4284236708    0.788  3.076  3.6254  0.712    3  0.000  0.511    35.43    22.11    14.75    11.64     9.44  1 -7.36e-09      0.00 7.464e-01 2.530e-01 1.069e-04 3.536e-05 2.793e-04 -1.000 6.400e-04 -2.920 0.738 -1.525 -2.713 -3.098 -3.312 -3.400
0.00061788 -1.40000 10.04922 0.8288964033 2.4284264181    0.785  3.113  3.6226  0.662    3  0.000  0.511    39.36    24.18    16.06    12.69    10.30  1  -8.5e-09      0.00 7.464e-01 2.530e-01 1.069e-04 3.536e-05 2.793e-04 -1.000 6.401e-04 -3.013 0.743 -1.568 -2.787 -3.182 -3.402 -3.493
0.00061788 -1.40000 10.04922 0.8289042711 2.4284289540    0.782  3.149  3.6199  0.613    3  0.000  0.511    43.60    26.37    17.44    13.81    11.21  1 -9.79e-09      0.00 7.464e-01 2.530e-01 1.069e-04 3.536e-05 2.793e-04 -1.000 6.400e-04 -3.103 0.747 -1.611 -2.859 -3.264 -3.490 -3.583
0.00061788 -1.40000 10.04922 0.8289116025 2.4284313169    0.778  3.184  3.6173  0.566    3  0.000  0.511    48.16    28.70    18.91    14.99    12.17  1 -1.12e-08      0.00 7.464e-01 2.530e-01 1.069e-04 3.536e-05 2.793e-04 -1.000 6.400e-04 -3.190 0.749 -1.651 -2.927 -3.343 -3.574 -3.670
0.00061788 -1.40000 10.04922 0.8289185166 2.4284335453    0.774  3.219  3.6146  0.518    3  0.000  0.511    53.28    31.27    20.52    16.29    13.23  1 -1.29e-08      0.00 7.464e-01 2.530e-01 1.069e-04 3.536e-05 2.793e-04 -1.000 6.401e-04 -3.278 0.752 -1.689 -2.995 -3.421 -3.659 -3.757
0.00061788 -1.40000 10.04922 0.8289250135 2.4284356392    0.770  3.254  3.6120  0.470    3  0.000  0.511    58.85    34.01    22.23    17.67    14.36  1 -1.48e-08      0.00 7.464e-01 2.530e-01 1.069e-04 3.536e-05 2.793e-04 -1.000 6.401e-04 -3.364 0.754 -1.721 -3.060 -3.498 -3.742 -3.843
0.00061788 -1.40000 10.04922 0.8289311528 2.4284376178    0.765  3.286  3.6095  0.425    3  0.000  0.511    64.66    36.83    23.99    19.09    15.51  1 -1.69e-08      0.00 7.464e-01 2.530e-01 1.069e-04 3.537e-05 2.793e-04 -1.000 6.400e-04 -3.446 0.753 -1.748 -3.119 -3.570 -3.820 -3.923
0.00061788 -1.40000 10.04922 0.8289358020 2.4284391161    0.761  3.310  3.6077  0.392    3  0.000  0.511    69.29    39.05    25.36    20.21    16.42  1 -1.86e-08      0.00 7.464e-01 2.530e-01 1.069e-04 3.537e-05 2.793e-04 -1.000 6.400e-04 -3.505 0.751 -1.765 -3.162 -3.622 -3.877 -3.982
0.00061788 -1.40000 10.04922 0.8289358020 2.4284391161    0.761  1.740  3.7542  2.549    4  0.000  0.523     0.00     0.00     0.00     0.00     0.00 -1    -1e-30      0.00 7.415e-01 2.578e-01 1.113e-04 3.364e-05 2.845e-04 -1.000 6.527e-04 0.421 1.455 0.743 0.367 0.255 0.219 0.212
0.00061788 -1.40000 10.04922 0.8289871216 2.4284556542    0.761  1.758  3.7525  2.524    4  0.000  0.523     0.00     0.00     0.00     0.00     0.00 -1    -1e-30      0.00 7.415e-01 2.578e-01 1.113e-04 3.364e-05 2.845e-04 -1.000 6.527e-04 0.376 1.423 0.705 0.322 0.208 0.170 0.162
0.00061788 -1.40000 10.04922 0.8290395737 2.4284725547    0.761  1.760  3.7524  2.521    4  0.000  0.523     0.00     0.00     0.00     0.00     0.00 -1    -1e-30      0.00 7.415e-01 2.578e-01 1.113e-04 3.364e-05 2.845e-04 -1.000 6.527e-04 0.370 1.418 0.699 0.316 0.202 0.164 0.156
0.00061788 -1.40000 10.04922 0.8290929198 2.4284897408    0.761  1.761  3.7526  2.521    4  0.000  0.523     0.00     0.00     0.00     0.00     0.00 -1    -1e-30      0.00 7.415e-01 2.578e-01 1.113e-04 3.364e-05 2.845e-04 -1.000 6.527e-04 0.367 1.413 0.695 0.313 0.199 0.161 0.153
0.00061788 -1.40000 10.04922 0.8291480541 2.4285075003    0.761  1.762  3.7531  2.522    4  0.000  0.523     0.00     0.00     0.00     0.00     0.00 -1    -1e-30      0.00 7.415e-01 2.578e-01 1.113e-04 3.364e-05 2.845e-04 -1.000 6.527e-04 0.365 1.408 0.691 0.311 0.198 0.160 0.153
0.00061788 -1.40000 10.04922 0.8292017579 2.4285247964    0.761  1.762  3.7537  2.525    4  0.000  0.523     0.00     0.00     0.00     0.00     0.00 -1    -1e-30      0.00 7.415e-01 2.578e-01 1.113e-04 3.364e-05 2.845e-04 -1.000 6.527e-04 0.365 1.403 0.689 0.311 0.198 0.162 0.154
0.00061788 -1.40000 10.04922 0.8292558193 2.4285422051    0.761  1.761  3.7546  2.528    4  0.000  0.523     0.00     0.00     0.00     0.00     0.00 -1    -1e-30      0.00 7.415e-01 2.578e-01 1.113e-04 3.364e-05 2.845e-04 -1.000 6.527e-04 0.366 1.397 0.686 0.312 0.201 0.165 0.158
0.00061788 -1.40000 10.04922 0.8293110728 2.4285599950    0.762  1.761  3.7556  2.533    4  0.000  0.523     0.00     0.00     0.00     0.00     0.00 -1    -1e-30      0.00 7.415e-01 2.578e-01 1.113e-04 3.364e-05 2.845e-04 -1.000 6.527e-04 0.368 1.391 0.684 0.313 0.204 0.170 0.163
0.00061788 -1.40000 10.04922 0.8293656707 2.4285775711    0.762  1.760  3.7567  2.539    4  0.000  0.523     0.00     0.00     0.00     0.00     0.00 -1    -1e-30      0.00 7.415e-01 2.578e-01 1.113e-04 3.364e-05 2.845e-04 -1.000 6.527e-04 0.371 1.385 0.682 0.316 0.209 0.175 0.169
0.00061788 -1.40000 10.04922 0.8294210434 2.4285953939    0.762  1.759  3.7578  2.545    4  0.000  0.523     0.00     0.00     0.00     0.00     0.00 -1    -1e-30      0.00 7.415e-01 2.578e-01 1.113e-04 3.364e-05 2.845e-04 -1.000 6.527e-04 0.374 1.379 0.681 0.318 0.213 0.181 0.175
0.00061788 -1.40000 10.04922 0.8294734955 2.4286122741    0.762  1.758  3.7589  2.550    4  0.000  0.523     0.00     0.00     0.00     0.00     0.00 -1    -1e-30      0.00 7.415e-01 2.578e-01 1.113e-04 3.364e-05 2.845e-04 -1.000 6.528e-04 0.376 1.373 0.679 0.320 0.217 0.186 0.180
0.00061788 -1.40000 10.04922 0.8295294046 2.4286302642    0.762  1.757  3.7599  2.555    4  0.000  0.523     0.00     0.00     0.00     0.00     0.00 -1    -1e-30      0.00 7.415e-01 2.578e-01 1.113e-04 3.364e-05 2.845e-04 -1.000 6.527e-04 0.378 1.367 0.677 0.322 0.221 0.191 0.186
0.00061788 -1.40000 10.04922 0.8295843005 2.4286479255    0.762  1.756  3.7609  2.559    4  0.000  0.523     0.00     0.00     0.00     0.00     0.00 -1    -1e-30      0.00 7.415e-01 2.578e-01 1.113e-04 3.364e-05 2.845e-04 -1.000 6.527e-04 0.380 1.362 0.675 0.324 0.224 0.195 0.190
0.00061788 -1.40000 10.04922 0.8296356797 2.4286644530    0.762  1.755  3.7617  2.563    4  0.000  0.523     0.00     0.00     0.00     0.00     0.00 -1    -1e-30      0.00 7.415e-01 2.578e-01 1.113e-04 3.364e-05 2.845e-04 -1.000 6.528e-04 0.382 1.358 0.673 0.325 0.227 0.198 0.194
0.00061788 -1.40000 10.04922 0.8296898603 2.4286818791    0.762  1.755  3.7624  2.566    4  0.000  0.523     0.00     0.00     0.00     0.00     0.00 -1    -1e-30      0.00 7.415e-01 2.578e-01 1.113e-04 3.364e-05 2.845e-04 -1.000 6.527e-04 0.382 1.354 0.672 0.326 0.229 0.201 0.197
0.00061788 -1.40000 10.04922 0.8297024965 2.4286859429    0.762  1.755  3.7625  2.567    4  0.000  0.523     0.00     0.00     0.00     0.00     0.00 -1    -1e-30      0.00 7.415e-01 2.578e-01 1.113e-04 3.364e-05 2.845e-04 -1.000 6.527e-04 0.383 1.353 0.671 0.326 0.229 0.202 0.198
0.00061788 -1.40000 10.04922 0.8297088146 2.4286879748    0.762  1.755  3.7626  2.567    4  0.000  0.523     0.00     0.00     0.00     0.00     0.00 -1    -1e-30      0.00 7.415e-01 2.578e-01 1.113e-04 3.364e-05 2.845e-04 -1.000 6.527e-04 0.383 1.353 0.671 0.326 0.229 0.202 0.198
0.00061788 -1.40000 10.04922 0.8297634125 2.4287055315    0.762  1.755  3.7630  2.569    4  0.000  0.523     0.00     0.00     0.00     0.00     0.00 -1    -1e-30      0.00 7.415e-01 2.578e-01 1.113e-04 3.364e-05 2.845e-04 -1.000 6.527e-04 0.382 1.350 0.669 0.326 0.230 0.202 0.199
0.00061788 -1.40000 10.04922 0.8298202157 2.4287237946    0.762  1.755  3.7632  2.569    4  0.000  0.523     0.00     0.00     0.00     0.00     0.00 -1    -1e-30      0.00 7.415e-01 2.578e-01 1.113e-04 3.364e-05 2.845e-04 -1.000 6.527e-04 0.381 1.347 0.667 0.325 0.229 0.202 0.199
0.00061788 -1.40000 10.04922 0.8298738599 2.4287410393    0.762  1.756  3.7632  2.569    4  0.000  0.523     0.00     0.00     0.00     0.00     0.00 -1    -1e-30      0.00 7.415e-01 2.578e-01 1.113e-04 3.364e-05 2.845e-04 -1.000 6.528e-04 0.380 1.346 0.666 0.323 0.227 0.200 0.197
0.00061788 -1.40000 10.04922 0.8299276829 2.4287583390    0.762  1.757  3.7629  2.566    4  0.000  0.523     0.00     0.00     0.00     0.00     0.00 -1    -1e-30      0.00 7.415e-01 2.578e-01 1.113e-04 3.364e-05 2.845e-04 -1.000 6.527e-04 0.377 1.345 0.664 0.320 0.224 0.197 0.193
0.00061788 -1.40000 10.04922 0.8299815059 2.4287756360    0.762  1.759  3.7624  2.563    4  0.000  0.523     0.00     0.00     0.00     0.00     0.00 -1    -1e-30      0.00 7.415e-01 2.578e-01 1.113e-04 3.364e-05 2.845e-04 -1.000 6.527e-04 0.373 1.345 0.662 0.317 0.219 0.192 0.188
0.00061788 -1.40000 10.04922 0.8300344348 2.4287926433    0.762  1.761  3.7617  2.558    4  0.000  0.523     0.00     0.00     0.00     0.00     0.00 -1    -1e-30      0.00 7.415e-01 2.578e-01 1.113e-04 3.364e-05 2.845e-04 -1.000 6.527e-04 0.369 1.345 0.660 0.312 0.214 0.185 0.181
0.00061788 -1.40000 10.04922 0.8300882578 2.4288099352    0.762  1.763  3.7608  2.553    4  0.000  0.523     0.00     0.00     0.00     0.00     0.00 -1    -1e-30      0.00 7.415e-01 2.578e-01 1.113e-04 3.364e-05 2.845e-04 -1.000 6.527e-04 0.363 1.345 0.657 0.306 0.206 0.177 0.173
0.00061788 -1.40000 10.04922 0.8300981522 2.4288131137    0.762  1.763  3.7606  2.551    4  0.000  0.523     0.00     0.00     0.00     0.00     0.00 -1    -1e-30      0.00 7.415e-01 2.578e-01 1.113e-04 3.364e-05 2.845e-04 -1.000 6.527e-04 0.361 1.345 0.657 0.305 0.205 0.176 0.171
0.00061788 -1.40000 10.04922 0.8301078677 2.4288162347    0.762  1.764  3.7604  2.550    4  0.000  0.523     0.00     0.00     0.00     0.00     0.00 -1    -1e-30      0.00 7.415e-01 2.578e-01 1.113e-04 3.364e-05 2.845e-04 -1.000 6.527e-04 0.360 1.345 0.656 0.304 0.203 0.174 0.169
0.00061788 -1.40000 10.04922 0.8301571012 2.4288320491    0.763  1.767  3.7592  2.542    4  0.000  0.523     0.00     0.00     0.00     0.00     0.00 -1    -1e-30      0.00 7.415e-01 2.578e-01 1.113e-04 3.364e-05 2.845e-04 -1.000 6.527e-04 0.353 1.347 0.654 0.297 0.194 0.163 0.158
0.00061788 -1.40000 10.04922 0.8302053213 2.4288475358    0.763  1.770  3.7580  2.534    4  0.000  0.523     0.00     0.00     0.00     0.00     0.00 -1    -1e-30      0.00 7.415e-01 2.578e-01 1.113e-04 3.364e-05 2.845e-04 -1.000 6.527e-04 0.345 1.348 0.650 0.289 0.184 0.152 0.146
0.00061788 -1.40000 10.04922 0.8302553296 2.4288635947    0.763  1.774  3.7567  2.525    4  0.000  0.523     0.00     0.00     0.00     0.00     0.00 -1    -1e-30      0.00 7.415e-01 2.578e-01 1.113e-04 3.364e-05 2.845e-04 -1.000 6.527e-04 0.335 1.349 0.646 0.280 0.173 0.140 0.133
0.00061788 -1.40000 10.04922 0.8303063512 2.4288799767    0.763  1.778  3.7553  2.515    4  0.000  0.523     0.00     0.00     0.00     0.00     0.00 -1    -1e-30      0.00 7.415e-01 2.578e-01 1.113e-04 3.364e-05 2.845e-04 -1.000 6.527e-04 0.325 1.350 0.641 0.270 0.160 0.125 0.119
0.00061788 -1.40000 10.04922 0.8303543925 2.4288953996    0.763  1.783  3.7539  2.505    4  0.000  0.523     0.00     0.00     0.00     0.00     0.00 -1    -1e-30      0.00 7.415e-01 2.578e-01 1.113e-04 3.364e-05 2.845e-04 -1.000 6.527e-04 0.313 1.349 0.635 0.258 0.146 0.110 0.102
0.00061788 -1.40000 10.04922 0.8304042816 2.4289114136    0.763  1.788  3.7524  2.494    4  0.000  0.523     0.00     0.00     0.00     0.00     0.00 -1    -1e-30      0.00 7.415e-01 2.578e-01 1.113e-04 3.364e-05 2.845e-04 -1.000 6.527e-04 0.300 1.347 0.628 0.245 0.131 0.093 0.085
0.00061788 -1.40000 10.04922 0.8304529786 2.4289270428    0.763  1.793  3.7510  2.483    4  0.000  0.523     0.00     0.00     0.00     0.00     0.00 -1    -1e-30      0.00 7.415e-01 2.578e-01 1.113e-04 3.364e-05 2.845e-04 -1.000 6.527e-04 0.287 1.345 0.620 0.233 0.116 0.076 0.068
0.00061788 -1.40000 10.04922 0.8305016160 2.4289426508    0.763  1.799  3.7498  2.473    4  0.000  0.523     0.00     0.00     0.00     0.00     0.00 -1    -1e-30      0.00 7.415e-01 2.578e-01 1.113e-04 3.364e-05 2.845e-04 -1.000 6.527e-04 0.273 1.341 0.612 0.219 0.100 0.060 0.051
0.00061788 -1.40000 10.04922 0.8305507302 2.4289584096    0.763  1.808  3.7476  2.455    4  0.000  0.523     0.00     0.00     0.00     0.00     0.00 -1    -1e-30      0.00 7.415e-01 2.578e-01 1.113e-04 3.364e-05 2.845e-04 -1.000 6.527e-04 0.250 1.337 0.597 0.197 0.074 0.031 0.021
0.00061788 -1.40000 10.04922 0.8306022286 2.4289749311    0.763  1.820  3.7451  2.433    4  0.000  0.523     0.00     0.00     0.00     0.00     0.00 -1    -1e-30      0.00 7.415e-01 2.578e-01 1.113e-04 3.364e-05 2.845e-04 -1.000 6.527e-04 0.221 1.328 0.578 0.168 0.041 -0.005 -0.016
0.00061788 -1.40000 10.04922 0.8306527138 2.4289911253    0.763  1.835  3.7422  2.406    4  0.000  0.523     0.00     0.00     0.00     0.00     0.00 -1    -1e-30      0.00 7.415e-01 2.578e-01 1.113e-04 3.364e-05 2.845e-04 -1.000 6.527e-04 0.182 1.313 0.551 0.130 -0.001 -0.050 -0.062
0.00061788 -1.40000 10.04922 0.8307017684 2.4290068585    0.763  1.867  3.7368  2.353    4  0.000  0.523     0.00     0.00     0.00     0.00     0.00 -1    -1e-30      0.00 7.415e-01 2.578e-01 1.113e-04 3.364e-05 2.845e-04 -1.000 6.527e-04 0.103 1.283 0.493 0.052 -0.088 -0.143 -0.158
0.00061788 -1.40000 10.04922 0.8307237029 2.4290138928    0.763  1.898  3.7321  2.303    4  0.000  0.523     0.00     0.00     0.00     0.00     0.00 -1    -1e-30      0.00 7.415e-01 2.578e-01 1.113e-04 3.364e-05 2.845e-04 -1.000 6.527e-04 0.026 1.251 0.435 -0.024 -0.172 -0.232 -0.249
0.00061788 -1.40000 10.04922 0.8307354450 2.4290176582    0.763  1.930  3.7276  2.253    4  0.000  0.523     0.00     0.00     0.00     0.00     0.00 -1    -1e-30      0.00 7.415e-01 2.578e-01 1.113e-04 3.364e-05 2.845e-04 -1.000 6.527e-04 -0.054 1.217 0.374 -0.101 -0.257 -0.322 -0.341
0.00061788 -1.40000 10.04922 0.8307411671 2.4290194931    0.763  1.961  3.7235  2.206    4  0.000  0.523     0.00     0.00     0.00     0.00     0.00 -1    -1e-30      0.00 7.415e-01 2.578e-01 1.113e-04 3.364e-05 2.845e-04 -1.000 6.527e-04 -0.132 1.182 0.314 -0.177 -0.340 -0.409 -0.430
0.00061788 -1.40000 10.04922 0.8307444453 2.4290205444    0.763  1.996  3.7194  2.154    4  0.000  0.523     0.00     0.00     0.00     0.00     0.00 -1    -1e-30      0.00 7.415e-01 2.578e-01 1.113e-04 3.364e-05 2.845e-04 -1.000 6.527e-04 -0.219 1.140 0.246 -0.262 -0.432 -0.506 -0.529
0.00061788 -1.40000 10.04922 0.8307461143 2.4290210795    0.763  2.027  3.7160  2.110    4  0.000  0.523     0.00     0.00     0.00     0.00     0.00 -1    -1e-30      0.00 7.415e-01 2.578e-01 1.113e-04 3.364e-05 2.845e-04 -1.000 6.527e-04 -0.297 1.102 0.185 -0.337 -0.513 -0.591 -0.616
0.00061788 -1.40000 10.04922 0.8307470083 2.4290213662    0.763  2.050  3.7135  2.076    7  0.000  0.523     0.00     0.00     0.00     0.00     0.00 -1 -8.95e-10      0.00 7.415e-01 2.562e-01 1.113e-04 3.364e-05 2.845e-04 -1.000 2.253e-03 -0.356 1.071 0.138 -0.395 -0.574 -0.655 -0.681
0.00061788 -1.40000 10.04922 0.8307480216 2.4290216911    0.763  2.089  3.7100  2.023    7  0.000  0.523     0.00     0.00     0.00     0.00     0.00 -1 -1.14e-09      0.00 7.415e-01 2.562e-01 1.113e-04 3.364e-05 2.845e-04 -1.000 2.253e-03 -0.453 1.016 0.059 -0.488 -0.674 -0.759 -0.787
0.00061788 -1.40000 10.04922 0.8307490349 2.4290220161    0.763  2.129  3.7066  1.970    7  0.000  0.523     0.00     0.00     0.00     0.00     0.00 -1 -1.45e-09      0.00 7.415e-01 2.562e-01 1.113e-04 3.364e-05 2.845e-04 -1.000 2.253e-03 -0.552 0.963 -0.022 -0.584 -0.776 -0.865 -0.895
0.00061788 -1.40000 10.04922 0.8307498693 2.4290222837    0.763  2.164  3.7036  1.923    7  0.000  0.523     0.00     0.00     0.00     0.00     0.00 -1 -1.77e-09      0.00 7.415e-01 2.562e-01 1.113e-04 3.364e-05 2.845e-04 -1.000 2.253e-03 -0.640 0.917 -0.093 -0.669 -0.867 -0.959 -0.991
0.00061788 -1.40000 10.04922 0.8307508230 2.4290225895    0.763  2.194  3.7011  1.883    7  0.000  0.523     0.00     0.00     0.00     0.00     0.00 -1 -2.11e-09      0.00 7.415e-01 2.562e-01 1.113e-04 3.364e-05 2.845e-04 -1.000 2.253e-03 -0.714 0.878 -0.153 -0.741 -0.943 -1.039 -1.071
0.00061788 -1.40000 10.04922 0.8307523131 2.4290230673    0.763  2.213  3.6995  1.857    7  0.000  0.523     0.00     0.00     0.00     0.00     0.00 -1 -2.37e-09      0.00 7.415e-01 2.562e-01 1.113e-04 3.364e-05 2.845e-04 -1.000 2.253e-03 -0.763 0.853 -0.193 -0.788 -0.993 -1.091 -1.124
0.00061788 -1.40000 10.04922 0.8307549357 2.4290239082    0.762  2.186  3.7018  1.893    7  0.000  0.523     0.00     0.00     0.00     0.00     0.00 -1 -2.02e-09      0.00 7.415e-01 2.562e-01 1.113e-04 3.364e-05 2.845e-04 -1.000 2.253e-03 -0.695 0.887 -0.138 -0.722 -0.923 -1.018 -1.050
0.00061788 -1.40000 10.04922 0.8307591677 2.4290252652    0.762  2.158  3.7041  1.931    7  0.000  0.523     0.00     0.00     0.00     0.00     0.00 -1 -1.71e-09      0.00 7.415e-01 2.562e-01 1.113e-04 3.364e-05 2.845e-04 -1.000 2.253e-03 -0.625 0.924 -0.081 -0.655 -0.851 -0.943 -0.974
0.00061788 -1.40000 10.04922 0.8307856321 2.4290337509    0.760  2.166  3.7034  1.919    7  0.000  0.523     0.00     0.00     0.00     0.00     0.00 -1 -1.81e-09      0.00 7.415e-01 2.562e-01 1.113e-04 3.364e-05 2.845e-04 -1.000 2.253e-03 -0.644 0.915 -0.096 -0.673 -0.871 -0.964 -0.995
0.00061788 -1.40000 10.04922 0.8308047652 2.4290398854    0.758  2.200  3.7004  1.871    7  0.000  0.523     0.00     0.00     0.00     0.00     0.00 -1 -2.24e-09      0.00 7.415e-01 2.562e-01 1.113e-04 3.364e-05 2.845e-04 -1.000 2.253e-03 -0.731 0.871 -0.166 -0.757 -0.960 -1.057 -1.090
0.00061788 -1.40000 10.04922 0.8308249712 2.4290463635    0.756  2.247  3.6966  1.808    7  0.000  0.523     0.00     0.00     0.00     0.00     0.00 -1    -3e-09      0.00 7.415e-01 2.562e-01 1.113e-04 3.364e-05 2.845e-04 -1.000 2.253e-03 -0.848 0.813 -0.260 -0.868 -1.079 -1.180 -1.216
0.00061788 -1.40000 10.04922 0.8308446407 2.4290526693    0.753  2.292  3.6931  1.748    7  0.000  0.523     0.00     0.00     0.00     0.00     0.00 -1 -3.91e-09      0.00 7.415e-01 2.562e-01 1.113e-04 3.364e-05 2.845e-04 -1.000 2.253e-03 -0.959 0.757 -0.349 -0.974 -1.191 -1.298 -1.335
0.00061788 -1.40000 10.04922 0.8308618665 2.4290581914    0.750  2.334  3.6897  1.689    7  0.000  0.523     0.00     0.00     0.00     0.00     0.00 -1 -5.09e-09      0.00 7.415e-01 2.562e-01 1.113e-04 3.364e-05 2.845e-04 -1.000 2.253e-03 -1.066 0.703 -0.435 -1.077 -1.300 -1.411 -1.450
0.00061788 -1.40000 10.04922 0.8308771253 2.4290630827    0.746  2.377  3.6864  1.631    7  0.000  0.523     0.00     0.00     0.00     0.00     0.00 -1 -6.62e-09      0.00 7.415e-01 2.562e-01 1.113e-04 3.364e-05 2.845e-04 -1.000 2.230e-03 -1.173 0.653 -0.519 -1.177 -1.406 -1.522 -1.563
0.00061788 -1.40000 10.04922 0.8308904767 2.4290673624    0.742  2.419  3.6831  1.573    7  0.000  0.522     0.00     0.00     0.00     0.00     0.00 -1 -8.58e-09      0.00 7.415e-01 2.563e-01 1.112e-04 3.364e-05 2.845e-04 -1.000 2.167e-03 -1.279 0.618 -0.600 -1.279 -1.515 -1.634 -1.677
0.00061788 -1.40000 10.04922 0.8309021592 2.4290711070    0.736  2.461  3.6799  1.515    7  0.000  0.522     0.00     0.00     0.00     0.00     0.00 -1 -1.11e-08      0.00 7.415e-01 2.563e-01 1.112e-04 3.366e-05 2.845e-04 -1.000 2.126e-03 -1.383 0.591 -0.680 -1.382 -1.622 -1.746 -1.791
0.00061788 -1.40000 10.04922 0.8309126496 2.4290744694    0.731  2.503  3.6767  1.458    7  0.000  0.520     7.11     5.63     3.99     3.09     2.50  3 -1.44e-08      0.00 7.415e-01 2.564e-01 1.108e-04 3.381e-05 2.845e-04 -1.000 2.096e-03 -1.487 0.572 -0.755 -1.482 -1.729 -1.856 -1.904
0.00061788 -1.40000 10.04922 0.8309221864 2.4290775261    0.724  2.545  3.6734  1.399    7  0.000  0.516     8.04     6.25     4.40     3.42     2.77  3 -1.87e-08      0.00 7.415e-01 2.564e-01 1.100e-04 3.449e-05 2.845e-04 -1.000 2.025e-03 -1.592 0.561 -0.828 -1.582 -1.836 -1.967 -2.017
0.00061788 -1.40000 10.04922 0.8309308887 2.4290803152    0.716  2.587  3.6671  1.326    7  0.000  0.507     9.35     7.11     4.98     3.88     3.13  2 -2.47e-08      0.00 7.415e-01 2.565e-01 1.083e-04 3.620e-05 2.845e-04 -1.000 1.997e-03 -1.697 0.644 -0.868 -1.677 -1.944 -2.083 -2.138
0.00061788 -1.40000 10.04922 0.8309370875 2.4290823019    0.708  2.618  3.6620  1.270    7  0.000  0.500    10.51     7.85     5.47     4.27     3.45  2 -3.05e-08      0.00 7.415e-01 2.565e-01 1.067e-04 3.806e-05 2.845e-04 -1.000 1.984e-03 -1.776 0.726 -0.890 -1.746 -2.023 -2.170 -2.228
0.00061788 -1.40000 10.04922 0.8309445977 2.4290847089    0.697  2.660  3.6578  1.204    7  0.000  0.489    12.03     8.79     6.10     4.77     3.86  2 -4.04e-08      0.00 7.414e-01 2.566e-01 1.046e-04 4.072e-05 2.845e-04 -1.000 1.950e-03 -1.880 0.773 -0.940 -1.839 -2.126 -2.279 -2.340
0.00061788 -1.40000 10.04922 0.8309518695 2.4290870394    0.682  2.702  3.6546  1.140    7  0.000  0.480    13.71     9.82     6.77     5.31     4.29  2 -5.37e-08      0.00 7.414e-01 2.567e-01 1.025e-04 4.318e-05 2.845e-04 -1.000 1.948e-03 -1.984 0.768 -1.004 -1.931 -2.226 -2.385 -2.449
0.00061788 -1.40000 10.04922 0.8309588432 2.4290892743    0.662  2.743  3.6513  1.073    7  0.000  0.471    15.71    11.01     7.54     5.93     4.80  2  -7.3e-08      0.00 7.413e-01 2.568e-01 1.008e-04 4.529e-05 2.845e-04 -1.000 1.931e-03 -2.088 0.767 -1.066 -2.022 -2.326 -2.490 -2.557
0.00061788 -1.40000 10.04922 0.8309656382 2.4290914519    0.636  2.786  3.6483  1.001    7  0.000  0.464    18.15    12.41     8.45     6.67     5.39  1 -1.03e-07      0.00 7.412e-01 2.569e-01 9.932e-05 4.713e-05 2.845e-04 -1.000 1.918e-03 -2.194 0.762 -1.131 -2.115 -2.428 -2.597 -2.666
0.00061788 -1.40000 10.04922 0.8309718370 2.4290934385    0.602  2.828  3.6467  0.928    7  0.000  0.458    20.97    13.97     9.45     7.48     6.05  1 -1.51e-07      0.00 7.412e-01 2.570e-01 9.802e-05 4.872e-05 2.844e-04 -1.000 1.853e-03 -2.301 0.742 -1.204 -2.213 -2.534 -2.707 -2.778
0.00061788 -1.40000 10.04922 0.8309774995 2.4290952531    0.555  2.871  3.6507  0.866    7  0.000  0.453    23.53    15.29    10.29     8.18     6.62  1 -2.36e-07      0.00 7.410e-01 2.571e-01 9.683e-05 5.016e-05 2.844e-04 -1.000 1.850e-03 -2.408 0.593 -1.339 -2.339 -2.654 -2.821 -2.889
0.00061788 -1.40000 10.04922 0.8309801221 2.4290960935    0.512  2.894  3.6625  0.856    7  0.000  0.449    23.66    15.27    10.25     8.17     6.61  1 -2.97e-07      0.00 7.410e-01 2.572e-01 9.607e-05 5.113e-05 2.843e-04 -1.000 1.834e-03 -2.464 0.229 -1.528 -2.439 -2.727 -2.876 -2.934
0.00061788 -1.40000 10.04922 1.1217594147 2.4952569506    0.551 -9.999  3.5983  7.966    9  0.552  0.000     0.00     0.00     0.00     0.00     0.00 -1    -1e-30      0.00 7.286e-01 2.709e-01 8.544e-05 7.366e-05 2.853e-04 -1.000 5.453e-04 29.767 33.328 31.312 29.990 29.489 29.253 29.173
