# Zini     MH   logAge Mini        int_IMF         Mass   logL    logTe  logg  label   McoreTP C_O  period0  period1  period2  period3  period4  pmode  Mloss  tau1m   X   Y   Xc  Xn  Xo  Cexcess  Z 	 mbolmag  umag    gmag    rmag    imag    zmag    Ymag
0.00015547 -2.00000 10.02531 0.0936335474 1.1156111859    0.094 -3.050  3.5133  5.464    1  0.000  0.545     0.00     0.00     0.00     0.00     0.00 -1 -6.79e-17      0.00 7.478e-01 2.521e-01 2.943e-05 7.939e-06 7.201e-05 -1.000 1.636e-04 12.395 17.317 15.030 13.215 12.124 11.738 11.635
0.00015547 -2.00000 10.02531 0.1030901298 1.1964127839    0.103 -2.765  3.5530  5.379    1  0.000  0.545     0.00     0.00     0.00     0.00     0.00 -1 -1.38e-16      0.00 7.457e-01 2.541e-01 2.943e-05 7.939e-06 7.201e-05 -1.000 1.636e-04 11.683 15.992 13.713 12.128 11.429 11.121 11.021
0.00015547 -2.00000 10.02531 0.1035686582 1.2002434792    0.103 -2.751  3.5549  5.375    1  0.000  0.545     0.00     0.00     0.00     0.00     0.00 -1 -1.42e-16      0.00 7.456e-01 2.542e-01 2.943e-05 7.939e-06 7.201e-05 -1.000 1.637e-04 11.649 15.918 13.651 12.079 11.395 11.090 10.990
0.00015547 -2.00000 10.02531 0.1164981499 1.2957883827    0.116 -2.567  3.5736  5.316    1  0.000  0.545     0.00     0.00     0.00     0.00     0.00 -1  -2.2e-16      0.00 7.437e-01 2.561e-01 2.943e-05 7.939e-06 7.201e-05 -1.000 1.637e-04 11.187 15.040 12.930 11.494 10.937 10.662 10.568
0.00015547 -2.00000 10.02531 0.1234388798 1.3415665689    0.123 -2.476  3.5827  5.287    1  0.000  0.545     0.00     0.00     0.00     0.00     0.00 -1 -2.72e-16      0.00 7.428e-01 2.571e-01 2.943e-05 7.939e-06 7.201e-05 -1.000 1.637e-04 10.960 14.608 12.585 11.222 10.709 10.448 10.358
0.00015547 -2.00000 10.02531 0.1433091164 1.4560319688    0.143 -2.300  3.5962  5.231    1  0.000  0.545     0.00     0.00     0.00     0.00     0.00 -1 -4.03e-16      0.00 7.408e-01 2.590e-01 2.943e-05 7.940e-06 7.201e-05 -1.000 1.637e-04 10.521 13.868 11.982 10.732 10.269 10.028 9.944
0.00015547 -2.00000 10.02531 0.1478658915 1.4793939143    0.148 -2.267  3.5983  5.220    1  0.000  0.545     0.00     0.00     0.00     0.00     0.00 -1 -4.34e-16      0.00 7.406e-01 2.593e-01 2.943e-05 7.940e-06 7.201e-05 -1.000 1.637e-04 10.439 13.741 11.875 10.642 10.186 9.948 9.865
0.00015547 -2.00000 10.02531 0.1631793380 1.5515256229    0.163 -2.163  3.6050  5.185    1  0.000  0.545     0.00     0.00     0.00     0.00     0.00 -1 -5.46e-16      0.00 7.397e-01 2.601e-01 2.943e-05 7.940e-06 7.201e-05 -1.000 1.637e-04 10.179 13.345 11.541 10.360 9.924 9.696 9.617
0.00015547 -2.00000 10.02531 0.2029198259 1.7036916472    0.203 -1.949  3.6167  5.113    1  0.000  0.545     0.00     0.00     0.00     0.00     0.00 -1 -8.72e-16      0.00 7.389e-01 2.609e-01 2.943e-05 7.940e-06 7.201e-05 -1.000 1.637e-04 9.643 12.578 10.882 9.788 9.384 9.174 9.100
0.00015547 -2.00000 10.02531 0.2525953948 1.8468695073    0.252 -1.751  3.6273  5.053    1  0.000  0.545     0.00     0.00     0.00     0.00     0.00 -1 -1.32e-15      0.00 7.391e-01 2.607e-01 2.943e-05 7.940e-06 7.201e-05 -1.000 1.636e-04 9.149 11.888 10.281 9.262 8.886 8.691 8.623
0.00015547 -2.00000 10.02531 0.3022710085 1.9574397077    0.302 -1.599  3.6362  5.014    1  0.000  0.545     0.00     0.00     0.00     0.00     0.00 -1 -1.79e-15      0.00 7.392e-01 2.606e-01 2.942e-05 7.941e-06 7.201e-05 -1.000 1.637e-04 8.768 11.355 9.819 8.857 8.502 8.320 8.257
0.00015547 -2.00000 10.02531 0.3519465327 2.0465963009    0.352 -1.474  3.6443  4.987    1  0.000  0.544     0.00     0.00     0.00     0.00     0.00 -1 -2.29e-15      0.00 7.395e-01 2.604e-01 2.940e-05 7.942e-06 7.201e-05 -1.000 1.637e-04 8.454 10.907 9.433 8.520 8.185 8.014 7.956
0.00015547 -2.00000 10.02531 0.3668857217 2.0702556839    0.367 -1.435  3.6471  4.977    1  0.000  0.545     0.00     0.00     0.00     0.00     0.00 -1 -2.48e-15      0.00 7.429e-01 2.569e-01 2.941e-05 7.941e-06 7.201e-05 -1.000 1.636e-04 8.357 10.766 9.313 8.416 8.087 7.920 7.864
0.00015547 -2.00000 10.02531 0.4016221166 2.1207314881    0.401 -1.351  3.6531  4.957    1  0.000  0.545     0.00     0.00     0.00     0.00     0.00 -1 -2.94e-15      0.00 7.502e-01 2.496e-01 2.943e-05 7.939e-06 7.201e-05 -1.000 1.636e-04 8.147 10.460 9.054 8.191 7.875 7.717 7.663
0.00015547 -2.00000 10.02531 0.4512977004 2.1838121607    0.451 -1.200  3.6675  4.914    1  0.000  0.545     0.00     0.00     0.00     0.00     0.00 -1 -4.13e-15      0.00 7.507e-01 2.491e-01 2.943e-05 7.939e-06 7.201e-05 -1.000 1.636e-04 7.769 9.855 8.566 7.782 7.497 7.358 7.312
0.00015547 -2.00000 10.02531 0.5009732842 2.2384552293    0.501 -1.031  3.6843  4.859    1  0.000  0.545     0.00     0.00     0.00     0.00     0.00 -1 -6.15e-15      0.00 7.513e-01 2.485e-01 2.939e-05 7.929e-06 7.191e-05 -1.000 1.637e-04 7.349 9.181 8.033 7.332 7.081 6.965 6.928
0.00015547 -2.00000 10.02531 0.5506489277 2.2841947944    0.550 -0.834  3.7039  4.780    1  0.000  0.544     0.00     0.00     0.00     0.00     0.00 -1 -1.01e-14      0.00 7.809e-01 2.190e-01 2.610e-05 7.044e-06 6.392e-05 -1.000 1.000e-04 6.855 8.419 7.429 6.816 6.602 6.509 6.482
0.00015547 -2.00000 10.02531 0.6003244519 2.3213410765    0.600 -0.633  3.7282  4.714    1  0.000  0.544     0.00     0.00     0.00     0.00     0.00 -1 -1.65e-14      0.00 7.920e-01 2.078e-01 2.491e-05 6.728e-06 6.107e-05 -1.000 1.636e-04 6.354 7.636 6.818 6.303 6.131 6.066 6.051
0.00015547 -2.00000 10.02531 0.6022728682 2.3226551067    0.602 -0.625  3.7293  4.712    1  0.000  0.544     0.00     0.00     0.00     0.00     0.00 -1 -1.69e-14      0.00 7.926e-01 2.073e-01 2.485e-05 6.713e-06 6.093e-05 -1.000 1.636e-04 6.333 7.604 6.793 6.282 6.112 6.048 6.034
0.00015547 -2.00000 10.02531 0.6167101264 2.3320949745    0.616 -0.564  3.7374  4.694    1  0.000  0.544     0.00     0.00     0.00     0.00     0.00 -1 -1.96e-14      0.00 7.967e-01 2.032e-01 2.442e-05 6.598e-06 5.990e-05 -1.000 1.382e-04 6.180 7.372 6.610 6.129 5.972 5.917 5.907
0.00015547 -2.00000 10.02531 0.6295983195 2.3401027291    0.629 -0.509  3.7448  4.677    1  0.000  0.543     0.00     0.00     0.00     0.00     0.00 -1 -2.25e-14      0.00 8.006e-01 1.993e-01 2.401e-05 6.489e-06 5.892e-05 -1.000 1.254e-04 6.043 7.170 6.448 5.994 5.849 5.802 5.795
0.00015547 -2.00000 10.02531 0.6411024332 2.3469386550    0.641 -0.460  3.7513  4.662    1  0.000  0.543     0.00     0.00     0.00     0.00     0.00 -1 -2.54e-14      0.00 8.043e-01 1.956e-01 2.363e-05 6.386e-06 5.800e-05 -1.000 1.396e-04 5.920 6.992 6.303 5.875 5.741 5.701 5.696
0.00015547 -2.00000 10.02531 0.6499999762 2.3520353107    0.650 -0.421  3.7562  4.649    1  0.000  0.543     0.00     0.00     0.00     0.00     0.00 -1 -2.79e-14      0.00 8.073e-01 1.925e-01 2.332e-05 6.303e-06 5.725e-05 -1.000 1.419e-04 5.823 6.856 6.192 5.783 5.657 5.622 5.619
0.00015547 -2.00000 10.02531 0.6596450806 2.3573819655    0.659 -0.379  3.7614  4.634    1  0.000  0.543     0.00     0.00     0.00     0.00     0.00 -1 -3.11e-14      0.00 8.114e-01 1.884e-01 2.289e-05 6.189e-06 5.623e-05 -1.000 1.203e-04 5.718 6.711 6.072 5.682 5.565 5.535 5.534
0.00015547 -2.00000 10.02531 0.6717691422 2.3638529753    0.672 -0.326  3.7677  4.613    1  0.000  0.542     0.00     0.00     0.00     0.00     0.00 -1 -3.57e-14      0.00 8.169e-01 1.829e-01 2.232e-05 6.037e-06 5.486e-05 -1.000 1.525e-04 5.584 6.534 5.922 5.554 5.447 5.424 5.426
0.00015547 -2.00000 10.02531 0.6825418472 2.3693814575    0.682 -0.277  3.7733  4.594    1  0.000  0.542     0.00     0.00     0.00     0.00     0.00 -1 -4.04e-14      0.00 8.222e-01 1.777e-01 2.177e-05 5.892e-06 5.356e-05 -1.000 1.637e-04 5.463 6.379 5.788 5.440 5.341 5.323 5.327
0.00015547 -2.00000 10.02531 0.6931173801 2.3746169609    0.693 -0.229  3.7786  4.574    1  0.000  0.542     0.00     0.00     0.00     0.00     0.00 -1 -4.59e-14      0.00 8.277e-01 1.722e-01 2.120e-05 5.740e-06 5.220e-05 -1.000 1.608e-04 5.342 6.227 5.655 5.326 5.235 5.222 5.228
0.00015547 -2.00000 10.02531 0.6999999881 2.3779266974    0.700 -0.197  3.7820  4.560    1  0.000  0.541     0.00     0.00     0.00     0.00     0.00 -1 -4.99e-14      0.00 8.315e-01 1.684e-01 2.081e-05 5.636e-06 5.126e-05 -1.000 1.636e-04 5.262 6.129 5.567 5.250 5.165 5.155 5.162
0.00015547 -2.00000 10.02531 0.7014946938 2.3786356133    0.701 -0.190  3.7827  4.557    1  0.000  0.541     0.00     0.00     0.00     0.00     0.00 -1 -5.09e-14      0.00 8.323e-01 1.675e-01 2.071e-05 5.613e-06 5.106e-05 -1.000 1.606e-04 5.244 6.107 5.548 5.233 5.149 5.141 5.148
0.00015547 -2.00000 10.02531 0.7134100795 2.3841649520    0.713 -0.132  3.7883  4.528    1  0.000  0.538     0.00     0.00     0.00     0.00     0.00 -1 -5.95e-14      0.00 8.391e-01 1.608e-01 2.000e-05 5.438e-06 4.951e-05 -1.000 9.000e-05 5.100 5.935 5.392 5.097 5.022 5.018 5.027
0.00015547 -2.00000 10.02531 0.7240118980 2.3889091752    0.724 -0.079  3.7931  4.501    1  0.000  0.536     0.00     0.00     0.00     0.00     0.00 -1 -6.89e-14      0.00 8.447e-01 1.551e-01 1.941e-05 5.297e-06 4.828e-05 -1.000 1.118e-04 4.967 5.779 5.247 4.970 4.902 4.904 4.914
0.00015547 -2.00000 10.02531 0.7340053320 2.3932371543    0.734 -0.026  3.7976  4.472    1  0.000  0.534     0.00     0.00     0.00     0.00     0.00 -1 -7.98e-14      0.00 8.496e-01 1.503e-01 1.893e-05 5.181e-06 4.727e-05 -1.000 8.926e-05 4.835 5.628 5.105 4.843 4.783 4.789 4.801
0.00015547 -2.00000 10.02531 0.7427760959 2.3969254710    0.742  0.022  3.8015  4.444    1  0.000  0.532     0.00     0.00     0.00     0.00     0.00 -1 -9.16e-14      0.00 8.535e-01 1.465e-01 1.857e-05 5.096e-06 4.652e-05 -1.000 7.771e-05 4.714 5.490 4.975 4.726 4.672 4.682 4.695
0.00015547 -2.00000 10.02531 0.7500000000 2.3998889087    0.749  0.064  3.8046  4.419    1  0.000  0.531     0.00     0.00     0.00     0.00     0.00 -1 -1.03e-13      0.00 8.563e-01 1.437e-01 1.831e-05 5.037e-06 4.602e-05 -1.000 6.367e-05 4.610 5.374 4.863 4.625 4.576 4.589 4.603
0.00015547 -2.00000 10.02531 0.7534829378 2.4012943762    0.753  0.085  3.8061  4.407    1  0.000  0.530     0.00     0.00     0.00     0.00     0.00 -1  -1.1e-13      0.00 8.566e-01 1.433e-01 1.832e-05 5.041e-06 4.606e-05 -1.000 6.816e-05 4.559 5.316 4.807 4.575 4.529 4.543 4.558
0.00015547 -2.00000 10.02531 0.7615297437 2.4044850347    0.761  0.135  3.8098  4.376    1  0.000  0.530     0.00     0.00     0.00     0.00     0.00 -1 -1.27e-13      0.00 8.572e-01 1.427e-01 1.835e-05 5.053e-06 4.619e-05 -1.000 1.080e-04 4.433 5.177 4.672 4.453 4.413 4.431 4.446
0.00015547 -2.00000 10.02531 0.7690532804 2.4073988577    0.768  0.185  3.8132  4.343    1  0.000  0.529     0.00     0.00     0.00     0.00     0.00 -1 -1.47e-13      0.00 8.577e-01 1.422e-01 1.839e-05 5.065e-06 4.632e-05 -1.000 1.375e-04 4.307 5.039 4.537 4.330 4.295 4.316 4.333
0.00015547 -2.00000 10.02531 0.7781121135 2.4108214511    0.777  0.251  3.8172  4.298    1  0.000  0.529     0.00     0.00     0.00     0.00     0.00 -1 -1.79e-13      0.00 8.582e-01 1.417e-01 1.845e-05 5.083e-06 4.650e-05 -1.000 1.273e-04 4.143 4.861 4.362 4.167 4.139 4.164 4.182
0.00015547 -2.00000 10.02531 0.7864751220 2.4139007897    0.786  0.318  3.8205  4.249    1  0.000  0.529     0.00     0.00     0.00     0.00     0.00 -1  -2.2e-13      0.00 8.585e-01 1.414e-01 1.851e-05 5.101e-06 4.668e-05 -1.000 6.850e-05 3.974 4.681 4.183 4.000 3.978 4.006 4.025
0.00015547 -2.00000 10.02531 0.7920237780 2.4159026393    0.791  0.366  3.8224  4.211    1  0.000  0.528     0.00     0.00     0.00     0.00     0.00 -1 -2.55e-13      0.00 8.586e-01 1.413e-01 1.856e-05 5.117e-06 4.683e-05 -1.000 9.045e-05 3.854 4.555 4.056 3.881 3.862 3.892 3.911
0.00015547 -2.00000 10.02531 0.7972840071 2.4177708719    0.796  0.415  3.8237  4.171    1  0.000  0.528     0.00     0.00     0.00     0.00     0.00 -1 -2.97e-13      0.00 8.577e-01 1.422e-01 1.871e-05 5.157e-06 4.721e-05 -1.000 9.997e-05 3.734 4.429 3.930 3.760 3.743 3.775 3.794
0.00015547 -2.00000 10.02531 0.8000000119 2.4187244405    0.799  0.440  3.8242  4.149    1  0.000  0.528     0.00     0.00     0.00     0.00     0.00 -1 -3.23e-13      0.00 8.569e-01 1.430e-01 1.880e-05 5.184e-06 4.745e-05 -1.000 9.996e-05 3.670 4.362 3.864 3.695 3.680 3.712 3.732
0.00015547 -2.00000 10.02531 0.8002951145 2.4188276005    0.799  0.443  3.8243  4.147    1  0.000  0.528     0.00     0.00     0.00     0.00     0.00 -1 -3.26e-13      0.00 8.569e-01 1.430e-01 1.881e-05 5.187e-06 4.748e-05 -1.000 1.003e-04 3.663 4.355 3.857 3.689 3.674 3.705 3.725
0.00015547 -2.00000 10.02531 0.8015935421 2.4192804590    0.800  0.456  3.8244  4.135    1  0.000  0.528     0.00     0.00     0.00     0.00     0.00 -1 -3.43e-13      0.00 8.564e-01 1.435e-01 1.886e-05 5.199e-06 4.759e-05 -1.000 1.021e-04 3.630 4.322 3.823 3.655 3.640 3.672 3.692
0.00015547 -2.00000 10.02531 0.8023807406 2.4195541932    0.801  0.465  3.8243  4.126    1  0.000  0.528     0.00     0.00     0.00     0.00     0.00 -1 -3.53e-13      0.00 8.562e-01 1.437e-01 1.889e-05 5.206e-06 4.765e-05 -1.000 1.031e-04 3.608 4.300 3.800 3.633 3.618 3.650 3.670
0.00015547 -2.00000 10.02531 0.8068182468 2.4210857723    0.805  0.516  3.8232  4.073    1  0.000  0.529     0.00     0.00     0.00     0.00     0.00 -1 -4.18e-13      0.00 8.548e-01 1.451e-01 1.904e-05 5.247e-06 4.802e-05 -1.000 1.089e-04 3.481 4.174 3.673 3.504 3.488 3.519 3.538
0.00015547 -2.00000 10.02531 0.8110681176 2.4225345368    0.810  0.572  3.8197  4.005    1  0.000  0.529     0.00     0.00     0.00     0.00     0.00 -1 -5.14e-13      0.00 8.534e-01 1.465e-01 1.918e-05 5.286e-06 4.837e-05 -1.000 1.144e-04 3.340 4.041 3.536 3.359 3.338 3.366 3.384
0.00015547 -2.00000 10.02531 0.8118221164 2.4227897507    0.810  0.583  3.8188  3.991    1  0.000  0.529     0.00     0.00     0.00     0.00     0.00 -1 -5.36e-13      0.00 8.532e-01 1.467e-01 1.920e-05 5.293e-06 4.843e-05 -1.000 1.154e-04 3.313 4.017 3.511 3.331 3.309 3.336 3.353
0.00015547 -2.00000 10.02531 0.8124735355 2.4230098049    0.811  0.593  3.8176  3.976    2  0.000  0.529     0.00     0.00     0.00     0.00     0.00 -1  -5.6e-13      0.00 8.530e-01 1.469e-01 1.923e-05 5.299e-06 4.849e-05 -1.000 1.163e-04 3.287 3.994 3.487 3.303 3.280 3.305 3.323
0.00015547 -2.00000 10.02531 0.8146610856 2.4237458149    0.813  0.631  3.8120  3.917    2  0.000  0.529     0.00     0.00     0.00     0.00     0.00 -1 -6.51e-13      0.00 8.523e-01 1.476e-01 1.930e-05 5.319e-06 4.867e-05 -1.000 1.191e-04 3.191 3.914 3.402 3.202 3.171 3.191 3.206
0.00015547 -2.00000 10.02531 0.8163266182 2.4243031493    0.815  0.665  3.8049  3.855    2  0.000  0.529     0.00     0.00     0.00     0.00     0.00 -1 -7.55e-13      0.00 8.518e-01 1.481e-01 1.935e-05 5.334e-06 4.880e-05 -1.000 1.212e-04 3.107 3.853 3.332 3.111 3.069 3.082 3.095
0.00015547 -2.00000 10.02531 0.8176254034 2.4247359480    0.816  0.696  3.7966  3.792    2  0.000  0.529     0.00     0.00     0.00     0.00     0.00 -1  -8.7e-13      0.00 8.514e-01 1.485e-01 1.940e-05 5.345e-06 4.891e-05 -1.000 1.229e-04 3.030 3.808 3.275 3.028 2.972 2.977 2.988
0.00015547 -2.00000 10.02531 0.8186694980 2.4250827305    0.817  0.724  3.7874  3.728    2  0.000  0.529     0.00     0.00     0.00     0.00     0.00 -1 -9.98e-13      0.00 8.510e-01 1.489e-01 1.944e-05 5.356e-06 4.900e-05 -1.000 1.158e-04 2.961 3.779 3.229 2.952 2.882 2.878 2.885
0.00015547 -2.00000 10.02531 0.8195386529 2.4253706342    0.818  0.749  3.7779  3.666    2  0.000  0.529     0.00     0.00     0.00     0.00     0.00 -1 -1.14e-12      0.00 8.433e-01 1.566e-01 2.021e-05 5.566e-06 5.090e-05 -1.000 1.010e-04 2.898 3.760 3.191 2.883 2.798 2.784 2.788
0.00015547 -2.00000 10.02531 0.8202955127 2.4256207691    0.818  0.773  3.7692  3.607    2  0.000  0.532     0.00     0.00     0.00     0.00     0.00 -1 -1.29e-12      0.00 8.191e-01 1.808e-01 2.253e-05 6.186e-06 5.644e-05 -1.000 1.202e-04 2.838 3.746 3.154 2.816 2.718 2.696 2.697
0.00015547 -2.00000 10.02531 0.8209935427 2.4258509914    0.819  0.799  3.7611  3.549    2  0.000  0.534     0.00     0.00     0.00     0.00     0.00 -1 -1.46e-12      0.00 7.965e-01 2.034e-01 2.464e-05 6.751e-06 6.148e-05 -1.000 1.201e-04 2.772 3.728 3.111 2.747 2.636 2.606 2.603
0.00015547 -2.00000 10.02531 0.8216938972 2.4260815282    0.820  0.834  3.7537  3.484    2  0.000  0.536     0.00     0.00     0.00     0.00     0.00 -1  -1.7e-12      0.00 7.813e-01 2.185e-01 2.606e-05 7.130e-06 6.486e-05 -1.000 1.553e-04 2.685 3.689 3.047 2.657 2.534 2.496 2.491
0.00015547 -2.00000 10.02531 0.8222414255 2.4262614445    0.820  0.870  3.7489  3.430    2  0.000  0.536     0.00     0.00     0.00     0.00     0.00 -1 -1.96e-12      0.00 7.746e-01 2.252e-01 2.669e-05 7.299e-06 6.637e-05 -1.000 1.637e-04 2.596 3.633 2.973 2.566 2.436 2.393 2.385
0.00015547 -2.00000 10.02531 0.8227832317 2.4264392095    0.821  0.912  3.7449  3.372    2  0.000  0.536     0.00     0.00     0.00     0.00     0.00 -1 -2.32e-12      0.00 7.704e-01 2.295e-01 2.708e-05 7.405e-06 6.732e-05 -1.000 1.637e-04 2.489 3.555 2.880 2.459 2.322 2.275 2.266
0.00015547 -2.00000 10.02531 0.8228634000 2.4264654896    0.821  0.920  3.7444  3.362    2  0.000  0.536     0.00     0.00     0.00     0.00     0.00 -1 -2.38e-12      0.00 7.699e-01 2.299e-01 2.712e-05 7.415e-06 6.741e-05 -1.000 1.306e-04 2.471 3.540 2.863 2.441 2.303 2.256 2.246
0.00015547 -2.00000 10.02531 0.8233042359 2.4266098957    0.821  0.961  3.7421  3.312    3  0.000  0.537     0.00     0.00     0.00     0.00     0.00 -1 -2.77e-12      0.00 7.676e-01 2.322e-01 2.732e-05 7.468e-06 6.788e-05 -1.000 1.563e-04 2.368 3.454 2.768 2.338 2.196 2.146 2.135
0.00015547 -2.00000 10.02531 0.8237912059 2.4267692074    0.822  1.010  3.7397  3.254    3  0.000  0.537     0.00     0.00     0.00     0.00     0.00 -1 -3.31e-12      0.00 7.653e-01 2.345e-01 2.750e-05 7.515e-06 6.830e-05 -1.000 1.457e-04 2.246 3.349 2.654 2.216 2.070 2.017 2.006
0.00015547 -2.00000 10.02531 0.8242021799 2.4269034887    0.822  1.054  3.7379  3.203    3  0.000  0.537     0.00     0.00     0.00     0.00     0.00 -1 -3.89e-12      0.00 7.636e-01 2.363e-01 2.761e-05 7.547e-06 6.859e-05 -1.000 1.624e-04 2.136 3.253 2.550 2.106 1.958 1.903 1.891
0.00015547 -2.00000 10.02531 0.8245980144 2.4270326778    0.822  1.099  3.7363  3.152    3  0.000  0.537     0.00     0.00     0.00     0.00     0.00 -1 -4.57e-12      0.00 7.620e-01 2.378e-01 2.771e-05 7.573e-06 6.882e-05 -1.000 1.637e-04 2.023 3.153 2.443 1.994 1.844 1.787 1.773
0.00015547 -2.00000 10.02531 0.8249664903 2.4271528097    0.823  1.143  3.7348  3.101    3  0.000  0.537     0.00     0.00     0.00     0.00     0.00 -1 -5.37e-12      0.00 7.605e-01 2.393e-01 2.778e-05 7.595e-06 6.901e-05 -1.000 1.636e-04 1.912 3.054 2.337 1.884 1.731 1.672 1.658
0.00015547 -2.00000 10.02531 0.8253136873 2.4272658914    0.823  1.188  3.7333  3.050    3  0.000  0.537     0.00     0.00     0.00     0.00     0.00 -1 -6.31e-12      0.00 7.592e-01 2.407e-01 2.783e-05 7.615e-06 6.917e-05 -1.000 1.599e-04 1.800 2.952 2.230 1.772 1.617 1.557 1.542
0.00015547 -2.00000 10.02531 0.8256610632 2.4273789218    0.823  1.236  3.7318  2.996    3  0.000  0.536     0.00     0.00     0.00     0.00     0.00 -1  -7.5e-12      0.00 7.578e-01 2.421e-01 2.787e-05 7.635e-06 6.930e-05 -1.000 1.288e-04 1.679 2.843 2.115 1.652 1.494 1.432 1.417
0.00015547 -2.00000 10.02531 0.8259612322 2.4274765038    0.823  1.282  3.7304  2.945    3  0.000  0.535     0.00     0.00     0.00     0.00     0.00 -1 -8.83e-12      0.00 7.566e-01 2.432e-01 2.787e-05 7.659e-06 6.941e-05 -1.000 1.487e-04 1.566 2.740 2.006 1.540 1.380 1.316 1.300
0.00015547 -2.00000 10.02531 0.8262565136 2.4275724174    0.823  1.330  3.7289  2.891    3  0.000  0.534     0.00     0.00     0.00     0.00     0.00 -1 -1.05e-11      0.00 7.555e-01 2.443e-01 2.784e-05 7.696e-06 6.950e-05 -1.000 1.637e-04 1.446 2.632 1.892 1.420 1.258 1.192 1.175
0.00015547 -2.00000 10.02531 0.8265244365 2.4276593762    0.824  1.377  3.7274  2.838    3  0.000  0.533     0.00     0.00     0.00     0.00     0.00 -1 -1.24e-11      0.00 7.545e-01 2.453e-01 2.778e-05 7.751e-06 6.957e-05 -1.000 1.637e-04 1.327 2.526 1.778 1.302 1.138 1.071 1.053
0.00015547 -2.00000 10.02531 0.8267668486 2.4277379991    0.824  1.423  3.7259  2.786    3  0.000  0.531     0.00     0.00     0.00     0.00     0.00 -1 -1.47e-11      0.00 7.537e-01 2.462e-01 2.769e-05 7.824e-06 6.963e-05 -1.000 1.636e-04 1.211 2.422 1.668 1.187 1.020 0.951 0.933
0.00015547 -2.00000 10.02531 0.8269879222 2.4278096551    0.824  1.470  3.7244  2.734    3  0.000  0.529     0.00     0.00     0.00     0.00     0.00 -1 -1.74e-11      0.00 7.529e-01 2.469e-01 2.760e-05 7.909e-06 6.968e-05 -1.000 1.637e-04 1.096 2.319 1.558 1.072 0.903 0.833 0.813
0.00015547 -2.00000 10.02531 0.8271966577 2.4278772714    0.824  1.517  3.7229  2.680    3  0.000  0.527     0.00     0.00     0.00     0.00     0.00 -1 -2.06e-11      0.00 7.524e-01 2.475e-01 2.751e-05 8.001e-06 6.971e-05 -1.000 1.636e-04 0.977 2.212 1.445 0.954 0.783 0.711 0.690
0.00015547 -2.00000 10.02531 0.8273832798 2.4279376913    0.824  1.563  3.7213  2.628    3  0.000  0.525     0.00     0.00     0.00     0.00     0.00 -1 -2.43e-11      0.00 7.519e-01 2.479e-01 2.743e-05 8.090e-06 6.974e-05 -1.000 1.637e-04 0.862 2.109 1.335 0.840 0.666 0.592 0.571
0.00015547 -2.00000 10.02531 0.8275504708 2.4279917937    0.824  1.609  3.7198  2.576    3  0.000  0.524     0.00     0.00     0.00     0.00     0.00 -1 -2.87e-11      0.00 7.516e-01 2.483e-01 2.736e-05 8.159e-06 6.976e-05 -1.000 1.637e-04 0.749 2.009 1.228 0.728 0.551 0.476 0.454
0.00015547 -2.00000 10.02531 0.8277072310 2.4280424979    0.824  1.655  3.7182  2.524    3  0.000  0.523     0.00     0.00     0.00     0.00     0.00 -1 -3.39e-11      0.00 7.513e-01 2.485e-01 2.732e-05 8.210e-06 6.977e-05 -1.000 1.637e-04 0.633 1.908 1.119 0.614 0.435 0.357 0.334
0.00015547 -2.00000 10.02531 0.8278464079 2.4280874962    0.824  1.699  3.7166  2.473    3  0.000  0.522     0.00     0.00     0.00     0.00     0.00 -1 -3.98e-11      0.00 7.512e-01 2.486e-01 2.729e-05 8.241e-06 6.978e-05 -1.000 1.636e-04 0.522 1.811 1.014 0.503 0.321 0.242 0.218
0.00015547 -2.00000 10.02531 0.8279763460 2.4281294917    0.823  1.745  3.7150  2.421    3  0.000  0.522     0.00     0.00     0.00     0.00     0.00 -1 -4.69e-11      0.00 7.511e-01 2.487e-01 2.727e-05 8.258e-06 6.979e-05 -1.000 1.636e-04 0.408 1.716 0.907 0.390 0.206 0.125 0.100
0.00015547 -2.00000 10.02531 0.8280972242 2.4281685456    0.823  1.791  3.7133  2.368    3  0.000  0.522     0.00     0.00     0.00     0.00     0.00 -1 -5.54e-11      0.00 7.511e-01 2.487e-01 2.727e-05 8.264e-06 6.979e-05 -1.000 1.637e-04 0.293 1.618 0.800 0.276 0.089 0.006 -0.019
0.00015547 -2.00000 10.02531 0.8282080293 2.4282043334    0.823  1.836  3.7117  2.316    3  0.000  0.522     0.00     0.00     0.00     0.00     0.00 -1 -6.54e-11      0.00 7.511e-01 2.487e-01 2.726e-05 8.266e-06 6.979e-05 -1.000 1.636e-04 0.179 1.522 0.692 0.162 -0.027 -0.113 -0.139
0.00015547 -2.00000 10.02531 0.8283087611 2.4282368582    0.823  1.882  3.7099  2.263    3  0.000  0.522     0.00     0.00     0.00     0.00     0.00 -1 -7.71e-11      0.00 7.511e-01 2.487e-01 2.726e-05 8.268e-06 6.979e-05 -1.000 1.637e-04 0.066 1.428 0.587 0.050 -0.142 -0.230 -0.257
0.00015547 -2.00000 10.02531 0.8284030557 2.4282672963    0.823  1.927  3.7082  2.211    3  0.000  0.521     0.00     0.00     0.00     0.00     0.00 -1  -9.1e-11      0.00 7.511e-01 2.488e-01 2.726e-05 8.269e-06 6.979e-05 -1.000 1.637e-04 -0.048 1.334 0.481 -0.063 -0.258 -0.348 -0.376
0.00015547 -2.00000 10.02531 0.8284890056 2.4282950338    0.822  1.973  3.7065  2.158    3  0.000  0.521     0.00     0.00     0.00     0.00     0.00 -1 -1.07e-10      0.00 7.511e-01 2.488e-01 2.726e-05 8.271e-06 6.979e-05 -1.000 1.636e-04 -0.162 1.240 0.376 -0.175 -0.373 -0.465 -0.494
0.00015547 -2.00000 10.02531 0.8285652399 2.4283196304    0.822  2.016  3.7047  2.107    3  0.000  0.521     0.00     0.00     0.00     0.00     0.00 -1 -1.26e-10      0.00 7.511e-01 2.488e-01 2.726e-05 8.272e-06 6.979e-05 -1.000 1.637e-04 -0.271 1.153 0.276 -0.283 -0.484 -0.578 -0.608
0.00015547 -2.00000 10.02531 0.8286355138 2.4283422993    0.822  2.060  3.7030  2.057    3  0.000  0.521     0.00     0.00     0.00     0.00     0.00 -1 -1.48e-10      0.00 7.511e-01 2.488e-01 2.726e-05 8.273e-06 6.979e-05 -1.000 1.637e-04 -0.379 1.065 0.176 -0.390 -0.594 -0.690 -0.721
0.00015547 -2.00000 10.02531 0.8287014365 2.4283635605    0.821  2.104  3.7013  2.006    3  0.000  0.521     0.00     0.00     0.00     0.00     0.00 -1 -1.73e-10      0.00 7.511e-01 2.488e-01 2.726e-05 8.274e-06 6.979e-05 -1.000 1.636e-04 -0.489 0.976 0.075 -0.498 -0.706 -0.804 -0.835
0.00015547 -2.00000 10.02531 0.8287606239 2.4283826462    0.821  2.146  3.6995  1.956    3  0.000  0.521     0.00     0.00     0.00     0.00     0.00 -1 -2.02e-10      0.00 7.511e-01 2.488e-01 2.726e-05 8.275e-06 6.980e-05 -1.000 1.637e-04 -0.595 0.895 -0.021 -0.602 -0.813 -0.914 -0.946
0.00015547 -2.00000 10.02531 0.8288199902 2.4284017864    0.820  2.190  3.6977  1.904    3  0.000  0.521     0.00     0.00     0.00     0.00     0.00 -1 -2.38e-10      0.00 7.511e-01 2.488e-01 2.726e-05 8.276e-06 6.980e-05 -1.000 1.636e-04 -0.706 0.810 -0.121 -0.711 -0.926 -1.028 -1.062
0.00015547 -2.00000 10.02531 0.8288822770 2.4284218649    0.820  2.229  3.6961  1.859    3  0.000  0.521     0.00     0.00     0.00     0.00     0.00 -1 -2.75e-10      0.00 7.510e-01 2.488e-01 2.726e-05 8.277e-06 6.980e-05 -1.000 1.636e-04 -0.803 0.736 -0.210 -0.807 -1.025 -1.129 -1.164
0.00015547 -2.00000 10.02531 0.8289148211 2.4284323542    0.819  2.244  3.6955  1.842    3  0.000  0.521     0.00     0.00     0.00     0.00     0.00 -1 -2.91e-10      0.00 7.510e-01 2.488e-01 2.726e-05 8.277e-06 6.980e-05 -1.000 1.637e-04 -0.839 0.708 -0.243 -0.843 -1.061 -1.166 -1.201
0.00015547 -2.00000 10.02531 0.8289510608 2.4284440336    0.819  2.232  3.6963  1.857    3  0.000  0.521     0.00     0.00     0.00     0.00     0.00 -1  -2.8e-10      0.00 7.510e-01 2.488e-01 2.726e-05 8.278e-06 6.980e-05 -1.000 1.637e-04 -0.810 0.726 -0.218 -0.814 -1.031 -1.135 -1.170
0.00015547 -2.00000 10.02531 0.8289582729 2.4284463578    0.819  2.239  3.6960  1.848    3  0.000  0.521     0.00     0.00     0.00     0.00     0.00 -1 -2.87e-10      0.00 7.510e-01 2.488e-01 2.726e-05 8.278e-06 6.980e-05 -1.000 1.636e-04 -0.828 0.713 -0.234 -0.832 -1.049 -1.154 -1.188
0.00015547 -2.00000 10.02531 0.8289983273 2.4284592649    0.818  2.280  3.6942  1.799    3  0.000  0.521     0.00     0.00     0.00     0.00     0.00 -1 -3.31e-10      0.00 7.510e-01 2.488e-01 2.725e-05 8.278e-06 6.980e-05 -1.000 1.636e-04 -0.930 0.638 -0.326 -0.932 -1.153 -1.260 -1.296
0.00015547 -2.00000 10.02531 0.8290387392 2.4284722859    0.818  2.324  3.6924  1.748    3  0.000  0.521     0.00     0.00     0.00     0.00     0.00 -1 -3.87e-10      0.00 7.510e-01 2.488e-01 2.725e-05 8.279e-06 6.980e-05 -1.000 1.636e-04 -1.039 0.555 -0.424 -1.040 -1.264 -1.373 -1.410
0.00015547 -2.00000 10.02531 0.8290731311 2.4284833659    0.817  2.363  3.6905  1.701    3  0.000  0.521     0.00     0.00     0.00     0.00     0.00 -1 -4.48e-10      0.00 7.510e-01 2.488e-01 2.725e-05 8.280e-06 6.980e-05 -1.000 1.636e-04 -1.138 0.484 -0.512 -1.136 -1.364 -1.475 -1.513
0.00015547 -2.00000 10.02531 0.8291069269 2.4284942530    0.816  2.404  3.6886  1.652    3  0.000  0.521     0.00     0.00     0.00     0.00     0.00 -1 -5.22e-10      0.00 7.510e-01 2.488e-01 2.725e-05 8.280e-06 6.980e-05 -1.000 1.637e-04 -1.241 0.411 -0.603 -1.237 -1.468 -1.582 -1.621
0.00015547 -2.00000 10.02531 0.8291384578 2.4285044094    0.816  2.446  3.6868  1.603    3  0.000  0.521     0.00     0.00     0.00     0.00     0.00 -1 -6.08e-10      0.00 7.510e-01 2.488e-01 2.725e-05 8.281e-06 6.980e-05 -1.000 1.636e-04 -1.344 0.338 -0.694 -1.337 -1.573 -1.689 -1.729
0.00015547 -2.00000 10.02531 0.8291660547 2.4285132980    0.815  2.485  3.6849  1.556    3  0.000  0.521     0.00     0.00     0.00     0.00     0.00 -1 -7.02e-10      0.00 7.510e-01 2.488e-01 2.725e-05 8.281e-06 6.980e-05 -1.000 1.637e-04 -1.441 0.279 -0.777 -1.432 -1.671 -1.790 -1.831
0.00015547 -2.00000 10.02531 0.8291934133 2.4285221091    0.814  2.526  3.6831  1.507    3  0.000  0.521     6.64     5.29     3.77     2.91     2.35  3 -8.16e-10      0.00 7.510e-01 2.488e-01 2.725e-05 8.281e-06 6.980e-05 -1.000 1.636e-04 -1.544 0.223 -0.865 -1.534 -1.777 -1.898 -1.940
0.00015547 -2.00000 10.02531 0.8292176723 2.4285299214    0.813  2.565  3.6812  1.460    3  0.000  0.521     7.33     5.76     4.09     3.16     2.55  3 -9.43e-10      0.00 7.510e-01 2.488e-01 2.725e-05 8.282e-06 6.980e-05 -1.000 1.637e-04 -1.642 0.177 -0.947 -1.631 -1.877 -2.001 -2.044
0.00015547 -2.00000 10.02531 0.8292402625 2.4285371958    0.812  2.604  3.6793  1.413    3  0.000  0.521     8.09     6.27     4.43     3.43     2.77  3 -1.09e-09      0.00 7.510e-01 2.488e-01 2.725e-05 8.282e-06 6.980e-05 -1.000 1.636e-04 -1.739 0.136 -1.026 -1.727 -1.977 -2.103 -2.147
0.00015547 -2.00000 10.02531 0.8292618394 2.4285441435    0.811  2.643  3.6774  1.366    3  0.000  0.521     8.95     6.83     4.81     3.72     3.02  3 -1.26e-09      0.00 7.510e-01 2.488e-01 2.725e-05 8.283e-06 6.980e-05 -1.000 1.636e-04 -1.838 0.099 -1.105 -1.823 -2.079 -2.207 -2.253
0.00015547 -2.00000 10.02531 0.8292850852 2.4285516282    0.810  2.689  3.6751  1.310    3  0.000  0.521    10.06     7.55     5.29     4.11     3.32  3  -1.5e-09      0.00 7.510e-01 2.488e-01 2.725e-05 8.283e-06 6.980e-05 -1.000 1.637e-04 -1.952 0.065 -1.193 -1.935 -2.196 -2.328 -2.375
0.00015547 -2.00000 10.02531 0.8293037415 2.4285576347    0.808  2.728  3.6731  1.262    3  0.000  0.521    11.14     8.24     5.75     4.46     3.62  3 -1.73e-09      0.00 7.510e-01 2.488e-01 2.725e-05 8.283e-06 6.980e-05 -1.000 1.637e-04 -2.051 0.038 -1.268 -2.032 -2.298 -2.433 -2.481
0.00015547 -2.00000 10.02531 0.8293229938 2.4285638328    0.807  2.772  3.6708  1.208    3  0.000  0.521    12.48     9.08     6.30     4.91     3.97  3 -2.04e-09      0.00 7.510e-01 2.488e-01 2.725e-05 8.283e-06 6.980e-05 -1.000 1.636e-04 -2.161 0.020 -1.348 -2.138 -2.411 -2.550 -2.599
0.00015547 -2.00000 10.02531 0.8293389082 2.4285689561    0.805  2.811  3.6689  1.160    3  0.000  0.521    13.78     9.88     6.84     5.33     4.32  2 -2.36e-09      0.00 7.510e-01 2.488e-01 2.725e-05 8.284e-06 6.980e-05 -1.000 1.636e-04 -2.257 0.003 -1.418 -2.232 -2.511 -2.652 -2.702
0.00015547 -2.00000 10.02531 0.8293550014 2.4285741367    0.803  2.853  3.6665  1.108    3  0.000  0.521    15.40    10.86     7.48     5.84     4.73  2 -2.77e-09      0.00 7.510e-01 2.488e-01 2.725e-05 8.284e-06 6.980e-05 -1.000 1.637e-04 -2.363 0.003 -1.488 -2.333 -2.619 -2.764 -2.816
0.00015547 -2.00000 10.02531 0.8293684721 2.4285784728    0.802  2.890  3.6646  1.062    3  0.000  0.521    16.96    11.80     8.10     6.33     5.13  2 -3.18e-09      0.00 7.510e-01 2.488e-01 2.725e-05 8.284e-06 6.980e-05 -1.000 1.636e-04 -2.456 -0.002 -1.551 -2.422 -2.714 -2.862 -2.916
0.00015547 -2.00000 10.02531 0.8293825984 2.4285830199    0.800  2.932  3.6622  1.009    3  0.000  0.521    18.94    12.96     8.86     6.93     5.62  2 -3.72e-09      0.00 7.510e-01 2.488e-01 2.725e-05 8.284e-06 6.980e-05 -1.000 1.636e-04 -2.561 0.010 -1.615 -2.521 -2.822 -2.974 -3.029
0.00015547 -2.00000 10.02531 0.8293969035 2.4285876243    0.797  2.978  3.6598  0.953    3  0.000  0.521    21.34    14.35     9.76     7.65     6.20  2 -4.42e-09      0.00 7.510e-01 2.488e-01 2.725e-05 8.285e-06 6.980e-05 -1.000 1.637e-04 -2.675 0.033 -1.679 -2.628 -2.939 -3.095 -3.152
0.00015547 -2.00000 10.02531 0.8294085264 2.4285913653    0.795  3.018  3.6574  0.902    3  0.000  0.521    23.72    15.71    10.64     8.35     6.77  2 -5.14e-09      0.00 7.510e-01 2.488e-01 2.725e-05 8.285e-06 6.980e-05 -1.000 1.637e-04 -2.774 0.059 -1.729 -2.718 -3.039 -3.200 -3.259
0.00015547 -2.00000 10.02531 0.8294184804 2.4285945690    0.792  3.053  3.6554  0.857    3  0.000  0.521    26.08    17.03    11.49     9.03     7.33  1 -5.89e-09      0.00 7.510e-01 2.488e-01 2.725e-05 8.285e-06 6.980e-05 -1.000 1.636e-04 -2.863 0.049 -1.784 -2.798 -3.127 -3.292 -3.353
0.00015547 -2.00000 10.02531 0.8294287324 2.4285978685    0.789  3.093  3.6531  0.807    3  0.000  0.521    28.97    18.62    12.52     9.85     7.99  1 -6.84e-09      0.00 7.510e-01 2.488e-01 2.725e-05 8.285e-06 6.980e-05 -1.000 1.637e-04 -2.961 0.043 -1.841 -2.885 -3.223 -3.394 -3.456
0.00015547 -2.00000 10.02531 0.8294392824 2.4286012639    0.786  3.135  3.6506  0.752    3  0.000  0.521    32.50    20.54    13.74    10.83     8.79  1 -8.05e-09      0.00 7.510e-01 2.488e-01 2.725e-05 8.285e-06 6.980e-05 -1.000 1.637e-04 -3.068 0.036 -1.903 -2.980 -3.329 -3.504 -3.569
0.00015547 -2.00000 10.02531 0.8294481039 2.4286041029    0.782  3.173  3.6483  0.703    3  0.000  0.521    36.02    22.42    14.94    11.79     9.57  1 -9.32e-09      0.00 7.510e-01 2.488e-01 2.725e-05 8.285e-06 6.980e-05 -1.000 1.636e-04 -3.163 0.031 -1.957 -3.063 -3.421 -3.601 -3.667
0.00015547 -2.00000 10.02531 0.8294570446 2.4286069801    0.778  3.213  3.6459  0.651    3  0.000  0.521    40.16    24.59    16.31    12.90    10.47  1 -1.09e-08      0.00 7.510e-01 2.488e-01 2.725e-05 8.286e-06 6.980e-05 -1.000 1.636e-04 -3.263 0.025 -2.013 -3.151 -3.518 -3.703 -3.772
0.00015547 -2.00000 10.02531 0.8294652700 2.4286096272    0.774  3.250  3.6436  0.603    3  0.000  0.521    44.46    26.80    17.71    14.03    11.39  1 -1.26e-08      0.00 7.510e-01 2.488e-01 2.725e-05 8.286e-06 6.980e-05 -1.000 1.636e-04 -3.356 0.022 -2.063 -3.231 -3.608 -3.798 -3.869
0.00015547 -2.00000 10.02531 0.8294675946 2.4286103752    0.773  3.260  3.6431  0.591    3  0.000  0.521    45.62    27.39    18.08    14.32    11.63  1 -1.31e-08      0.00 7.510e-01 2.488e-01 2.725e-05 8.286e-06 6.980e-05 -1.000 1.637e-04 -3.379 0.021 -2.076 -3.252 -3.631 -3.822 -3.893
0.00015547 -2.00000 10.02531 0.8294675946 2.4286103752    0.773  1.703  3.8545  2.993    4  0.000  0.532     0.00     0.00     0.00     0.00     0.00 -1    -1e-30      0.00 7.548e-01 2.451e-01 2.760e-05 7.741e-06 6.925e-05 -1.000 1.637e-04 0.513 1.032 0.528 0.513 0.576 0.615 0.641
0.00015547 -2.00000 10.02531 0.8294686079 2.4286107013    0.773  1.709  3.8504  2.971    4  0.000  0.532     0.00     0.00     0.00     0.00     0.00 -1    -1e-30      0.00 7.548e-01 2.451e-01 2.760e-05 7.741e-06 6.925e-05 -1.000 1.637e-04 0.497 1.027 0.521 0.493 0.549 0.586 0.611
0.00015547 -2.00000 10.02531 0.8295255303 2.4286290177    0.773  1.727  3.8420  2.920    4  0.000  0.532     0.00     0.00     0.00     0.00     0.00 -1    -1e-30      0.00 7.548e-01 2.451e-01 2.760e-05 7.741e-06 6.925e-05 -1.000 1.637e-04 0.453 1.008 0.498 0.442 0.483 0.515 0.538
0.00015547 -2.00000 10.02531 0.8295820951 2.4286472161    0.773  1.728  3.8423  2.919    4  0.000  0.532     0.00     0.00     0.00     0.00     0.00 -1    -1e-30      0.00 7.548e-01 2.451e-01 2.760e-05 7.741e-06 6.925e-05 -1.000 1.637e-04 0.450 1.003 0.493 0.438 0.480 0.512 0.535
0.00015547 -2.00000 10.02531 0.8296393752 2.4286656417    0.773  1.729  3.8432  2.923    4  0.000  0.532     0.00     0.00     0.00     0.00     0.00 -1    -1e-30      0.00 7.548e-01 2.451e-01 2.760e-05 7.741e-06 6.925e-05 -1.000 1.636e-04 0.449 0.999 0.490 0.438 0.481 0.514 0.537
0.00015547 -2.00000 10.02531 0.8296976089 2.4286843711    0.773  1.729  3.8445  2.927    4  0.000  0.532     0.00     0.00     0.00     0.00     0.00 -1    -1e-30      0.00 7.548e-01 2.451e-01 2.760e-05 7.741e-06 6.925e-05 -1.000 1.637e-04 0.448 0.994 0.486 0.439 0.484 0.517 0.541
0.00015547 -2.00000 10.02531 0.8297557831 2.4287030783    0.773  1.729  3.8458  2.933    4  0.000  0.532     0.00     0.00     0.00     0.00     0.00 -1    -1e-30      0.00 7.548e-01 2.451e-01 2.760e-05 7.741e-06 6.925e-05 -1.000 1.637e-04 0.448 0.990 0.483 0.439 0.487 0.521 0.545
0.00015547 -2.00000 10.02531 0.8298140168 2.4287218017    0.773  1.729  3.8471  2.938    4  0.000  0.532     0.00     0.00     0.00     0.00     0.00 -1    -1e-30      0.00 7.548e-01 2.451e-01 2.760e-05 7.741e-06 6.925e-05 -1.000 1.636e-04 0.448 0.986 0.479 0.441 0.491 0.526 0.550
0.00015547 -2.00000 10.02531 0.8298685551 2.4287393341    0.773  1.729  3.8484  2.943    4  0.000  0.532     0.00     0.00     0.00     0.00     0.00 -1    -1e-30      0.00 7.548e-01 2.451e-01 2.760e-05 7.741e-06 6.925e-05 -1.000 1.636e-04 0.448 0.982 0.476 0.442 0.495 0.530 0.554
0.00015547 -2.00000 10.02531 0.8299276829 2.4287583390    0.773  1.729  3.8495  2.948    4  0.000  0.532     0.00     0.00     0.00     0.00     0.00 -1    -1e-30      0.00 7.548e-01 2.451e-01 2.760e-05 7.741e-06 6.925e-05 -1.000 1.637e-04 0.448 0.979 0.473 0.443 0.498 0.533 0.558
0.00015547 -2.00000 10.02531 0.8299821019 2.4287758276    0.773  1.729  3.8502  2.950    4  0.000  0.532     0.00     0.00     0.00     0.00     0.00 -1    -1e-30      0.00 7.548e-01 2.451e-01 2.760e-05 7.741e-06 6.925e-05 -1.000 1.637e-04 0.448 0.976 0.471 0.443 0.499 0.535 0.560
0.00015547 -2.00000 10.02531 0.8300376534 2.4287936774    0.774  1.729  3.8506  2.952    4  0.000  0.532     0.00     0.00     0.00     0.00     0.00 -1    -1e-30      0.00 7.548e-01 2.451e-01 2.760e-05 7.741e-06 6.925e-05 -1.000 1.637e-04 0.447 0.974 0.469 0.443 0.500 0.536 0.561
0.00015547 -2.00000 10.02531 0.8300920725 2.4288111607    0.774  1.730  3.8505  2.951    4  0.000  0.532     0.00     0.00     0.00     0.00     0.00 -1    -1e-30      0.00 7.548e-01 2.451e-01 2.760e-05 7.741e-06 6.925e-05 -1.000 1.637e-04 0.446 0.973 0.468 0.441 0.498 0.534 0.559
0.00015547 -2.00000 10.02531 0.8301472068 2.4288288711    0.774  1.730  3.8500  2.948    4  0.000  0.532     0.00     0.00     0.00     0.00     0.00 -1    -1e-30      0.00 7.548e-01 2.451e-01 2.760e-05 7.741e-06 6.925e-05 -1.000 1.637e-04 0.444 0.973 0.468 0.439 0.495 0.531 0.556
0.00015547 -2.00000 10.02531 0.8302006721 2.4288460428    0.774  1.731  3.8490  2.943    4  0.000  0.532     0.00     0.00     0.00     0.00     0.00 -1    -1e-30      0.00 7.548e-01 2.451e-01 2.760e-05 7.742e-06 6.925e-05 -1.000 1.637e-04 0.442 0.974 0.468 0.436 0.490 0.525 0.550
0.00015547 -2.00000 10.02531 0.8302066326 2.4288479570    0.774  1.731  3.8488  2.943    4  0.000  0.532     0.00     0.00     0.00     0.00     0.00 -1    -1e-30      0.00 7.548e-01 2.451e-01 2.760e-05 7.742e-06 6.925e-05 -1.000 1.637e-04 0.441 0.974 0.468 0.435 0.489 0.524 0.549
0.00015547 -2.00000 10.02531 0.8302583694 2.4288645708    0.774  1.733  3.8471  2.934    4  0.000  0.532     0.00     0.00     0.00     0.00     0.00 -1    -1e-30      0.00 7.548e-01 2.451e-01 2.760e-05 7.742e-06 6.925e-05 -1.000 1.637e-04 0.438 0.976 0.469 0.431 0.481 0.516 0.540
0.00015547 -2.00000 10.02531 0.8303164244 2.4288832107    0.774  1.735  3.8446  2.923    4  0.000  0.532     0.00     0.00     0.00     0.00     0.00 -1    -1e-30      0.00 7.548e-01 2.451e-01 2.760e-05 7.742e-06 6.925e-05 -1.000 1.637e-04 0.434 0.979 0.471 0.424 0.470 0.503 0.527
0.00015547 -2.00000 10.02531 0.8303720951 2.4289010823    0.774  1.737  3.8415  2.908    4  0.000  0.532     0.00     0.00     0.00     0.00     0.00 -1    -1e-30      0.00 7.548e-01 2.451e-01 2.760e-05 7.742e-06 6.925e-05 -1.000 1.637e-04 0.429 0.983 0.474 0.416 0.456 0.488 0.511
0.00015547 -2.00000 10.02531 0.8304281831 2.4289190850    0.774  1.739  3.8376  2.890    4  0.000  0.532     0.00     0.00     0.00     0.00     0.00 -1    -1e-30      0.00 7.548e-01 2.451e-01 2.760e-05 7.742e-06 6.925e-05 -1.000 1.636e-04 0.422 0.990 0.478 0.407 0.440 0.469 0.491
0.00015547 -2.00000 10.02531 0.8304843903 2.4289371232    0.774  1.742  3.8330  2.869    4  0.000  0.532     0.00     0.00     0.00     0.00     0.00 -1    -1e-30      0.00 7.548e-01 2.451e-01 2.760e-05 7.742e-06 6.925e-05 -1.000 1.636e-04 0.415 0.997 0.483 0.396 0.421 0.448 0.469
0.00015547 -2.00000 10.02531 0.8305386305 2.4289545275    0.774  1.745  3.8278  2.845    4  0.000  0.532     0.00     0.00     0.00     0.00     0.00 -1    -1e-30      0.00 7.548e-01 2.451e-01 2.760e-05 7.742e-06 6.925e-05 -1.000 1.637e-04 0.407 1.007 0.489 0.385 0.400 0.424 0.443
0.00015547 -2.00000 10.02531 0.8305923939 2.4289717762    0.774  1.749  3.8221  2.819    4  0.000  0.532     0.00     0.00     0.00     0.00     0.00 -1    -1e-30      0.00 7.548e-01 2.451e-01 2.760e-05 7.742e-06 6.925e-05 -1.000 1.636e-04 0.398 1.019 0.496 0.373 0.378 0.398 0.415
0.00015547 -2.00000 10.02531 0.8305975795 2.4289734397    0.774  1.749  3.8216  2.816    4  0.000  0.532     0.00     0.00     0.00     0.00     0.00 -1    -1e-30      0.00 7.548e-01 2.451e-01 2.760e-05 7.742e-06 6.925e-05 -1.000 1.636e-04 0.397 1.020 0.497 0.372 0.376 0.395 0.413
0.00015547 -2.00000 10.02531 0.8306068182 2.4289764034    0.774  1.750  3.8206  2.811    4  0.000  0.532     0.00     0.00     0.00     0.00     0.00 -1    -1e-30      0.00 7.548e-01 2.451e-01 2.760e-05 7.742e-06 6.925e-05 -1.000 1.637e-04 0.395 1.022 0.498 0.370 0.371 0.390 0.408
0.00015547 -2.00000 10.02531 0.8306615949 2.4289939739    0.774  1.754  3.8144  2.783    4  0.000  0.532     0.00     0.00     0.00     0.00     0.00 -1    -1e-30      0.00 7.548e-01 2.451e-01 2.760e-05 7.742e-06 6.925e-05 -1.000 1.637e-04 0.385 1.036 0.506 0.356 0.347 0.362 0.377
0.00015547 -2.00000 10.02531 0.8307150006 2.4290111020    0.774  1.758  3.8084  2.754    4  0.000  0.532     0.00     0.00     0.00     0.00     0.00 -1    -1e-30      0.00 7.548e-01 2.451e-01 2.760e-05 7.742e-06 6.925e-05 -1.000 1.637e-04 0.375 1.051 0.514 0.343 0.324 0.334 0.347
0.00015547 -2.00000 10.02531 0.8307720423 2.4290293935    0.774  1.763  3.8018  2.723    4  0.000  0.532     0.00     0.00     0.00     0.00     0.00 -1    -1e-30      0.00 7.548e-01 2.451e-01 2.760e-05 7.742e-06 6.925e-05 -1.000 1.637e-04 0.363 1.068 0.524 0.329 0.298 0.303 0.314
0.00015547 -2.00000 10.02531 0.8308263421 2.4290468030    0.774  1.768  3.7953  2.692    4  0.000  0.532     0.00     0.00     0.00     0.00     0.00 -1    -1e-30      0.00 7.548e-01 2.451e-01 2.760e-05 7.742e-06 6.925e-05 -1.000 1.637e-04 0.349 1.087 0.533 0.315 0.271 0.271 0.280
0.00015547 -2.00000 10.02531 0.8308783770 2.4290634839    0.774  1.774  3.7894  2.663    4  0.000  0.532     0.00     0.00     0.00     0.00     0.00 -1    -1e-30      0.00 7.548e-01 2.451e-01 2.760e-05 7.742e-06 6.925e-05 -1.000 1.637e-04 0.336 1.103 0.540 0.300 0.246 0.241 0.248
0.00015547 -2.00000 10.02531 0.8309320211 2.4290806782    0.775  1.779  3.7837  2.635    4  0.000  0.532     0.00     0.00     0.00     0.00     0.00 -1    -1e-30      0.00 7.548e-01 2.451e-01 2.760e-05 7.742e-06 6.925e-05 -1.000 1.637e-04 0.321 1.117 0.546 0.285 0.222 0.211 0.216
0.00015547 -2.00000 10.02531 0.8309847116 2.4290975643    0.775  1.785  3.7791  2.610    4  0.000  0.532     0.00     0.00     0.00     0.00     0.00 -1    -1e-30      0.00 7.548e-01 2.451e-01 2.760e-05 7.742e-06 6.925e-05 -1.000 1.637e-04 0.307 1.128 0.548 0.271 0.199 0.184 0.187
0.00015547 -2.00000 10.02531 0.8310379982 2.4291146389    0.775  1.791  3.7748  2.587    4  0.000  0.532     0.00     0.00     0.00     0.00     0.00 -1    -1e-30      0.00 7.548e-01 2.451e-01 2.760e-05 7.742e-06 6.925e-05 -1.000 1.637e-04 0.292 1.138 0.548 0.255 0.176 0.157 0.159
0.00015547 -2.00000 10.02531 0.8310912848 2.4291317110    0.775  1.798  3.7709  2.565    4  0.000  0.532     0.00     0.00     0.00     0.00     0.00 -1    -1e-30      0.00 7.548e-01 2.451e-01 2.760e-05 7.742e-06 6.925e-05 -1.000 1.637e-04 0.275 1.145 0.545 0.239 0.152 0.130 0.130
0.00015547 -2.00000 10.02531 0.8311449289 2.4291488952    0.775  1.800  3.7691  2.555    4  0.000  0.532     0.00     0.00     0.00     0.00     0.00 -1    -1e-30      0.00 7.548e-01 2.451e-01 2.760e-05 7.742e-06 6.925e-05 -1.000 1.637e-04 0.269 1.150 0.545 0.233 0.143 0.120 0.119
0.00015547 -2.00000 10.02531 0.8311555982 2.4291523126    0.775  1.798  3.7699  2.561    4  0.000  0.532     0.00     0.00     0.00     0.00     0.00 -1    -1e-30      0.00 7.548e-01 2.451e-01 2.760e-05 7.742e-06 6.925e-05 -1.000 1.636e-04 0.275 1.151 0.549 0.239 0.151 0.128 0.127
0.00015547 -2.00000 10.02531 0.8312106729 2.4291699518    0.775  1.813  3.7636  2.521    4  0.000  0.532     0.00     0.00     0.00     0.00     0.00 -1    -1e-30      0.00 7.548e-01 2.451e-01 2.760e-05 7.742e-06 6.925e-05 -1.000 1.637e-04 0.238 1.153 0.535 0.203 0.104 0.074 0.071
0.00015547 -2.00000 10.02531 0.8312648535 2.4291873021    0.775  1.833  3.7571  2.475    4  0.000  0.532     0.00     0.00     0.00     0.00     0.00 -1    -1e-30      0.00 7.548e-01 2.451e-01 2.760e-05 7.742e-06 6.925e-05 -1.000 1.636e-04 0.188 1.144 0.509 0.153 0.043 0.007 0.002
0.00015547 -2.00000 10.02531 0.8313104510 2.4292019017    0.775  1.862  3.7496  2.416    4  0.000  0.532     0.00     0.00     0.00     0.00     0.00 -1    -1e-30      0.00 7.548e-01 2.451e-01 2.760e-05 7.742e-06 6.925e-05 -1.000 1.637e-04 0.115 1.122 0.464 0.082 -0.041 -0.085 -0.093
0.00015547 -2.00000 10.02531 0.8313351870 2.4292098211    0.775  1.894  3.7424  2.355    4  0.000  0.532     0.00     0.00     0.00     0.00     0.00 -1    -1e-30      0.00 7.548e-01 2.451e-01 2.760e-05 7.742e-06 6.925e-05 -1.000 1.637e-04 0.034 1.093 0.410 0.002 -0.133 -0.184 -0.196
0.00015547 -2.00000 10.02531 0.8313463330 2.4292133893    0.775  1.927  3.7362  2.297    4  0.000  0.532     0.00     0.00     0.00     0.00     0.00 -1    -1e-30      0.00 7.548e-01 2.451e-01 2.760e-05 7.742e-06 6.925e-05 -1.000 1.636e-04 -0.049 1.061 0.352 -0.079 -0.225 -0.283 -0.297
0.00015547 -2.00000 10.02531 0.8313513398 2.4292149922    0.775  1.962  3.7307  2.241    4  0.000  0.532     0.00     0.00     0.00     0.00     0.00 -1    -1e-30      0.00 7.548e-01 2.451e-01 2.760e-05 7.742e-06 6.925e-05 -1.000 1.637e-04 -0.134 1.023 0.289 -0.163 -0.318 -0.382 -0.399
0.00015547 -2.00000 10.02531 0.8313536644 2.4292157363    0.775  1.995  3.7263  2.190    4  0.000  0.532     0.00     0.00     0.00     0.00     0.00 -1    -1e-30      0.00 7.548e-01 2.451e-01 2.760e-05 7.742e-06 6.925e-05 -1.000 1.637e-04 -0.217 0.981 0.225 -0.244 -0.407 -0.475 -0.495
0.00015547 -2.00000 10.02531 0.8313546181 2.4292160416    0.775  2.016  3.7238  2.158    7  0.000  0.532     0.00     0.00     0.00     0.00     0.00 -1    -1e-30      0.00 7.548e-01 2.451e-01 2.760e-05 7.742e-06 6.925e-05 -1.000 1.637e-04 -0.271 0.950 0.181 -0.297 -0.464 -0.535 -0.556
0.00015547 -2.00000 10.02531 0.8313550353 2.4292161752    0.775  2.030  3.7226  2.140    7  0.000  0.532     0.00     0.00     0.00     0.00     0.00 -1    -1e-30      0.00 7.548e-01 2.451e-01 2.760e-05 7.742e-06 6.925e-05 -1.000 1.637e-04 -0.304 0.929 0.153 -0.330 -0.499 -0.571 -0.592
0.00015547 -2.00000 10.02531 0.8313561678 2.4292165377    0.775  2.075  3.7187  2.079    7  0.000  0.532     0.00     0.00     0.00     0.00     0.00 -1    -1e-30      0.00 7.548e-01 2.451e-01 2.760e-05 7.742e-06 6.925e-05 -1.000 1.637e-04 -0.417 0.854 0.057 -0.441 -0.617 -0.694 -0.717
0.00015547 -2.00000 10.02531 0.8313571215 2.4292168430    0.775  2.111  3.7159  2.032    7  0.000  0.532     0.00     0.00     0.00     0.00     0.00 -1    -1e-30      0.00 7.548e-01 2.451e-01 2.760e-05 7.742e-06 6.925e-05 -1.000 1.636e-04 -0.506 0.794 -0.019 -0.529 -0.709 -0.790 -0.814
0.00015547 -2.00000 10.02531 0.8313580751 2.4292171483    0.775  2.135  3.7142  2.001    7  0.000  0.532     0.00     0.00     0.00     0.00     0.00 -1    -1e-30      0.00 7.548e-01 2.451e-01 2.760e-05 7.742e-06 6.925e-05 -1.000 1.637e-04 -0.568 0.751 -0.072 -0.589 -0.773 -0.855 -0.880
0.00015547 -2.00000 10.02531 0.8313590288 2.4292174536    0.775  2.152  3.7130  1.979    7  0.000  0.532     0.00     0.00     0.00     0.00     0.00 -1    -1e-30      0.00 7.548e-01 2.451e-01 2.760e-05 7.742e-06 6.925e-05 -1.000 1.636e-04 -0.610 0.722 -0.109 -0.631 -0.817 -0.900 -0.926
0.00015547 -2.00000 10.02531 0.8313612938 2.4292181787    0.775  2.151  3.7133  1.981    7  0.000  0.532     0.00     0.00     0.00     0.00     0.00 -1    -1e-30      0.00 7.548e-01 2.451e-01 2.760e-05 7.742e-06 6.925e-05 -1.000 1.637e-04 -0.608 0.721 -0.109 -0.629 -0.814 -0.898 -0.923
0.00015547 -2.00000 10.02531 0.8313635588 2.4292189038    0.775  2.143  3.7139  1.991    7  0.000  0.532     0.00     0.00     0.00     0.00     0.00 -1    -1e-30      0.00 7.548e-01 2.451e-01 2.760e-05 7.742e-06 6.925e-05 -1.000 1.637e-04 -0.588 0.734 -0.092 -0.610 -0.794 -0.876 -0.902
0.00015547 -2.00000 10.02531 0.8313844204 2.4292255817    0.775  2.144  3.7135  1.989    7  0.000  0.532     0.00     0.00     0.00     0.00     0.00 -1    -1e-30      0.00 7.548e-01 2.451e-01 2.760e-05 7.742e-06 6.925e-05 -1.000 1.636e-04 -0.590 0.736 -0.092 -0.611 -0.796 -0.879 -0.905
0.00015547 -2.00000 10.02531 0.8314008117 2.4292308285    0.775  2.170  3.7115  1.955    7  0.000  0.532     0.00     0.00     0.00     0.00     0.00 -1    -1e-30      0.00 7.548e-01 2.451e-01 2.760e-05 7.742e-06 6.925e-05 -1.000 1.636e-04 -0.655 0.694 -0.147 -0.675 -0.863 -0.949 -0.975
0.00015547 -2.00000 10.02531 0.8314223289 2.4292377156    0.775  2.220  3.7081  1.891    7  0.000  0.532     0.00     0.00     0.00     0.00     0.00 -1    -1e-30      0.00 7.548e-01 2.451e-01 2.760e-05 7.742e-06 6.925e-05 -1.000 1.637e-04 -0.780 0.611 -0.255 -0.798 -0.993 -1.083 -1.111
0.00015547 -2.00000 10.02531 0.8314416409 2.4292438966    0.775  2.274  3.7045  1.823    7  0.000  0.532     0.00     0.00     0.00     0.00     0.00 -1    -1e-30      0.00 7.548e-01 2.451e-01 2.760e-05 7.742e-06 6.925e-05 -1.000 1.636e-04 -0.915 0.522 -0.371 -0.931 -1.132 -1.226 -1.256
0.00015547 -2.00000 10.02531 0.8314592242 2.4292495240    0.775  2.323  3.7015  1.763    7  0.000  0.532     0.00     0.00     0.00     0.00     0.00 -1    -1e-30      0.00 7.548e-01 2.451e-01 2.759e-05 7.742e-06 6.925e-05 -1.000 1.636e-04 -1.037 0.440 -0.476 -1.050 -1.257 -1.354 -1.386
0.00015547 -2.00000 10.02531 0.8314749599 2.4292545598    0.775  2.367  3.6989  1.708    7  0.000  0.531     0.00     0.00     0.00     0.00     0.00 -1    -1e-30      0.00 7.548e-01 2.451e-01 2.759e-05 7.743e-06 6.925e-05 -1.000 1.625e-04 -1.147 0.366 -0.571 -1.157 -1.369 -1.470 -1.503
0.00015547 -2.00000 10.02531 0.8314889073 2.4292590232    0.775  2.409  3.6964  1.656    7  0.000  0.531     0.00     0.00     0.00     0.00     0.00 -1    -1e-30      0.00 7.548e-01 2.451e-01 2.757e-05 7.749e-06 6.925e-05 -1.000 1.452e-04 -1.253 0.295 -0.663 -1.260 -1.477 -1.581 -1.616
0.00015547 -2.00000 10.02531 0.8315011263 2.4292629332    0.775  2.451  3.6941  1.605    7  0.000  0.529     0.00     0.00     0.00     0.00     0.00 -1    -1e-30      0.00 7.547e-01 2.451e-01 2.748e-05 7.791e-06 6.926e-05 -1.000 1.498e-04 -1.357 0.226 -0.752 -1.361 -1.582 -1.689 -1.725
0.00015547 -2.00000 10.02531 0.8315119743 2.4292664045    0.775  2.491  3.6917  1.555    7  0.000  0.523     0.00     0.00     0.00     0.00     0.00 -1    -1e-30      0.00 7.546e-01 2.452e-01 2.721e-05 8.008e-06 6.927e-05 -1.000 1.360e-04 -1.458 0.159 -0.839 -1.460 -1.686 -1.796 -1.833
0.00015547 -2.00000 10.02531 0.8315217495 2.4292695324    0.775  2.532  3.6894  1.505    7  0.000  0.512     6.55     5.24     3.73     2.88     2.33  3    -1e-30      0.00 7.545e-01 2.453e-01 2.666e-05 8.583e-06 6.929e-05 -1.000 1.626e-04 -1.559 0.093 -0.926 -1.558 -1.788 -1.901 -1.940
0.00015547 -2.00000 10.02531 0.8315307498 2.4292724123    0.775  2.572  3.6871  1.456    7  0.000  0.497     7.28     5.74     4.07     3.15     2.55  3    -1e-30      0.00 7.543e-01 2.455e-01 2.595e-05 9.432e-06 6.930e-05 -1.000 1.621e-04 -1.661 0.030 -1.011 -1.656 -1.891 -2.007 -2.047
0.00015547 -2.00000 10.02531 0.8315390348 2.4292750632    0.775  2.613  3.6848  1.405    7  0.000  0.484     8.10     6.29     4.43     3.44     2.78  3    -1e-30      0.00 7.541e-01 2.457e-01 2.525e-05 1.029e-05 6.932e-05 -1.000 1.482e-04 -1.763 -0.024 -1.096 -1.755 -1.995 -2.114 -2.156
0.00015547 -2.00000 10.02531 0.8315466642 2.4292775043    0.775  2.654  3.6825  1.356    7  0.000  0.472     9.01     6.88     4.83     3.75     3.03  3    -1e-30      0.00 7.540e-01 2.459e-01 2.465e-05 1.103e-05 6.934e-05 -1.000 1.389e-04 -1.864 -0.060 -1.177 -1.855 -2.100 -2.222 -2.265
0.00015547 -2.00000 10.02531 0.8315539956 2.4292798500    0.775  2.694  3.6801  1.306    7  0.000  0.462    10.01     7.52     5.26     4.09     3.31  3    -1e-30      0.00 7.538e-01 2.461e-01 2.413e-05 1.167e-05 6.935e-05 -1.000 1.612e-04 -1.965 -0.092 -1.255 -1.955 -2.205 -2.330 -2.374
0.00015547 -2.00000 10.02531 0.8315609097 2.4292820622    0.775  2.734  3.6778  1.257    7  0.000  0.453    11.11     8.22     5.73     4.46     3.61  3    -1e-30      0.00 7.535e-01 2.463e-01 2.368e-05 1.223e-05 6.935e-05 -1.000 1.496e-04 -2.064 -0.116 -1.330 -2.052 -2.308 -2.436 -2.481
0.00015547 -2.00000 10.02531 0.8315675855 2.4292841980    0.775  2.773  3.6755  1.208    7  0.000  0.446    12.33     8.98     6.24     4.86     3.94  2    -1e-30      0.00 7.534e-01 2.465e-01 2.330e-05 1.271e-05 6.934e-05 -1.000 1.357e-04 -2.164 -0.133 -1.403 -2.148 -2.410 -2.542 -2.588
0.00015547 -2.00000 10.02531 0.8315739036 2.4292862194    0.775  2.814  3.6731  1.158    7  0.000  0.439    13.71     9.84     6.80     5.31     4.30  2    -1e-30      0.00 7.531e-01 2.467e-01 2.295e-05 1.313e-05 6.932e-05 -1.000 1.636e-04 -2.265 -0.144 -1.475 -2.247 -2.515 -2.650 -2.698
0.00015547 -2.00000 10.02531 0.8315792680 2.4292879356    0.775  2.854  3.6706  1.108    7  0.000  0.434    15.24    10.76     7.41     5.79     4.69  2    -1e-30      0.00 7.529e-01 2.469e-01 2.267e-05 1.349e-05 6.927e-05 -1.000 1.637e-04 -2.365 -0.148 -1.542 -2.344 -2.619 -2.758 -2.807
0.00015547 -2.00000 10.02531 0.8315839171 2.4292894230    0.775  2.893  3.6682  1.059    7  0.000  0.430    16.90    11.76     8.06     6.31     5.11  2    -1e-30      0.00 7.527e-01 2.472e-01 2.242e-05 1.382e-05 6.919e-05 -1.000 1.636e-04 -2.464 -0.144 -1.606 -2.438 -2.720 -2.863 -2.914
0.00015547 -2.00000 10.02531 0.8315877914 2.4292906625    0.775  2.933  3.6658  1.009    7  0.000  0.427    18.78    12.86     8.78     6.88     5.58  2    -1e-30      0.00 7.525e-01 2.474e-01 2.221e-05 1.413e-05 6.907e-05 -1.000 1.636e-04 -2.563 -0.131 -1.667 -2.532 -2.822 -2.969 -3.021
0.00015547 -2.00000 10.02531 0.8315914273 2.4292918257    0.775  2.973  3.6632  0.959    7  0.000  0.424    20.89    14.08     9.58     7.51     6.09  2    -1e-30      0.00 7.523e-01 2.476e-01 2.202e-05 1.445e-05 6.892e-05 -1.000 1.637e-04 -2.663 -0.104 -1.722 -2.626 -2.926 -3.077 -3.131
0.00015547 -2.00000 10.02531 0.8315951824 2.4292930270    0.775  3.016  3.6605  0.905    7  0.000  0.422    23.41    15.52    10.51     8.26     6.69  1    -1e-30      0.00 7.520e-01 2.478e-01 2.186e-05 1.475e-05 6.874e-05 -1.000 1.632e-04 -2.770 -0.061 -1.774 -2.725 -3.036 -3.192 -3.248
0.00015547 -2.00000 10.02531 0.8315982819 2.4292940185    0.775  3.055  3.6580  0.856    7  0.000  0.421    25.99    16.96    11.44     9.00     7.30  1    -1e-30      0.00 7.519e-01 2.480e-01 2.176e-05 1.500e-05 6.858e-05 -1.000 1.580e-04 -2.868 -0.015 -1.818 -2.813 -3.135 -3.297 -3.355
0.00015547 -2.00000 10.02531 0.8315997720 2.4292944952    0.775  3.078  3.6565  0.827    7  0.000  0.421    27.63    17.87    12.03     9.47     7.68  1    -1e-30      0.00 7.518e-01 2.481e-01 2.170e-05 1.516e-05 6.848e-05 -1.000 1.630e-04 -2.925 -0.017 -1.850 -2.864 -3.191 -3.356 -3.415
0.00015547 -2.00000 10.02531 0.8316003680 2.4292946859    0.775  3.070  3.6569  0.837    7  0.000  0.421    27.05    17.55    11.82     9.30     7.55  1    -1e-30      0.00 7.517e-01 2.482e-01 2.166e-05 1.528e-05 6.840e-05 -1.000 1.637e-04 -2.905 -0.015 -1.838 -2.846 -3.171 -3.335 -3.394
0.00015547 -2.00000 10.02531 0.8316004872 2.4292947240    0.775  3.073  3.6567  0.833    7  0.000  0.420    27.30    17.69    11.91     9.37     7.60  1    -1e-30      0.00 7.517e-01 2.482e-01 2.165e-05 1.530e-05 6.839e-05 -1.000 1.636e-04 -2.913 -0.015 -1.843 -2.853 -3.180 -3.344 -3.403
0.00015547 -2.00000 10.02531 0.8316007257 2.4292948003    0.775  3.084  3.6560  0.819    7  0.000  0.420    28.12    18.14    12.20     9.61     7.79  1    -1e-30      0.00 7.516e-01 2.482e-01 2.164e-05 1.532e-05 6.837e-05 -1.000 1.636e-04 -2.941 -0.016 -1.859 -2.878 -3.207 -3.372 -3.433
0.00015547 -2.00000 10.02531 0.8316009045 2.4292948575    0.775  3.093  3.6555  0.808    7  0.000  0.420    28.76    18.49    12.43     9.79     7.94  1    -1e-30      0.00 7.516e-01 2.482e-01 2.163e-05 1.534e-05 6.836e-05 -1.000 1.637e-04 -2.962 -0.017 -1.871 -2.897 -3.228 -3.394 -3.455
0.00015547 -2.00000 10.02531 0.8316010833 2.4292949147    0.775  3.105  3.6547  0.794    7  0.000  0.420    29.68    18.99    12.75    10.04     8.15  1    -1e-30      0.00 7.516e-01 2.482e-01 2.162e-05 1.539e-05 6.832e-05 -1.000 1.637e-04 -2.991 -0.017 -1.887 -2.922 -3.257 -3.424 -3.486
0.00015547 -2.00000 10.02531 0.8316013813 2.4292950101    0.775  3.130  3.6529  0.761    7  0.000  0.420    31.81    20.15    13.49    10.64     8.63  1    -1e-30      0.00 7.515e-01 2.483e-01 2.156e-05 1.558e-05 6.818e-05 -1.000 1.636e-04 -3.055 -0.015 -1.921 -2.978 -3.319 -3.490 -3.553
0.00015547 -2.00000 10.02531 0.8316016793 2.4292951054    0.775  3.174  3.6498  0.705    7  0.000  0.419    35.84    22.31    14.86    11.74     9.53  1    -1e-30      0.00 7.512e-01 2.487e-01 2.139e-05 1.614e-05 6.778e-05 -1.000 1.636e-04 -3.165 -0.009 -1.978 -3.073 -3.426 -3.604 -3.669
0.00015547 -2.00000 10.02531 0.8316023946 2.4292953342    0.775  3.241  3.6450  0.619    7  0.523  0.418    43.01    26.06    17.24    13.65    11.08  1    -1e-30      0.00 7.506e-01 2.492e-01 2.114e-05 1.703e-05 6.713e-05 -1.000 1.637e-04 -3.332 0.001 -2.062 -3.215 -3.586 -3.774 -3.843
0.00015547 -2.00000 10.02531 0.8316025138 2.4292953723    0.775  3.249  3.6413  0.595    8  0.523  0.433    45.20    27.18    17.95    14.22    11.54  1 -3.92e-07      0.00 7.506e-01 2.493e-01 2.207e-05 1.717e-05 6.770e-05 -1.000 1.329e-04 -3.353 0.087 -2.028 -3.216 -3.600 -3.795 -3.867
0.00015547 -2.00000 10.02531 0.8316025734 2.4292953914    0.773  3.037  3.6561  0.866    8  0.523  0.435    25.46    16.67    11.25     8.85     7.18  1  -1.7e-07      0.00 7.506e-01 2.493e-01 2.207e-05 1.717e-05 6.770e-05 -1.000 1.329e-04 -2.823 0.068 -1.753 -2.760 -3.087 -3.251 -3.311
0.00015547 -2.00000 10.02531 0.8316026926 2.4292954295    0.771  2.886  3.6665  1.057    8  0.523  0.435    16.96    11.79     8.08     6.33     5.12  2 -9.97e-08      0.00 7.506e-01 2.493e-01 2.207e-05 1.717e-05 6.770e-05 -1.000 1.329e-04 -2.445 -0.059 -1.564 -2.415 -2.703 -2.848 -2.900
0.00015547 -2.00000 10.02531 0.8316029310 2.4292955058    0.765  2.671  3.6812  1.328    8  0.524  0.435     9.51     7.20     5.05     3.92     3.18  3 -5.02e-08      0.00 7.506e-01 2.493e-01 2.207e-05 1.717e-05 6.770e-05 -1.000 1.329e-04 -1.907 -0.067 -1.208 -1.897 -2.145 -2.269 -2.312
0.00015547 -2.00000 10.02531 0.8316032887 2.4292956202    0.758  2.677  3.6806  1.315    8  0.524  0.435     9.74     7.35     5.15     4.00     3.24  3 -5.16e-08      0.00 7.506e-01 2.493e-01 2.207e-05 1.717e-05 6.770e-05 -1.000 1.329e-04 -1.922 -0.063 -1.217 -1.912 -2.161 -2.286 -2.329
0.00015547 -2.00000 10.02531 0.8316036463 2.4292957346    0.749  2.758  3.6747  1.205    8  0.524  0.435    12.26     8.94     6.20     4.84     3.92  2 -6.72e-08      0.00 7.506e-01 2.493e-01 2.207e-05 1.717e-05 6.770e-05 -1.000 1.329e-04 -2.124 -0.069 -1.355 -2.108 -2.372 -2.504 -2.551
0.00015547 -2.00000 10.02531 0.8316041827 2.4292959062    0.738  2.942  3.6616  0.962    8  0.524  0.435    20.48    13.83     9.40     7.39     5.99  2 -1.27e-07      0.00 7.506e-01 2.493e-01 2.207e-05 1.717e-05 6.770e-05 -1.000 1.329e-04 -2.585 0.040 -1.620 -2.544 -2.848 -3.002 -3.057
0.00015547 -2.00000 10.02531 0.8316047788 2.4292960969    0.725  3.110  3.6496  0.739    8  0.525  0.435    32.82    20.61    13.76    10.88     8.83  1 -2.44e-07      0.00 7.506e-01 2.493e-01 2.207e-05 1.717e-05 6.770e-05 -1.000 1.329e-04 -3.005 0.132 -1.824 -2.912 -3.264 -3.441 -3.507
0.00015547 -2.00000 10.02531 0.8316054344 2.4292963067    0.711  3.223  3.6413  0.584    8  0.525  0.435    45.45    27.12    17.88    14.21    11.53  1 -3.97e-07      0.00 7.506e-01 2.493e-01 2.207e-05 1.717e-05 6.770e-05 -1.000 1.329e-04 -3.287 0.161 -1.958 -3.150 -3.534 -3.729 -3.802
0.00015547 -2.00000 10.02531 0.8316061497 2.4292965355    0.695  3.286  3.6365  0.492    8  0.525  0.435    55.10    31.86    20.84    16.61    13.48  1 -5.37e-07      0.00 7.506e-01 2.493e-01 2.207e-05 1.717e-05 6.770e-05 -1.000 1.329e-04 -3.445 0.190 -2.017 -3.276 -3.682 -3.888 -3.965
0.00015547 -2.00000 10.02531 0.8316070437 2.4292968215    0.678  3.318  3.6337  0.438    8  0.526  0.435    61.59    34.92    22.73    18.16    14.74  1 -6.42e-07      0.00 7.506e-01 2.493e-01 2.207e-05 1.717e-05 6.770e-05 -1.000 1.329e-04 -3.525 0.216 -2.035 -3.336 -3.757 -3.970 -4.050
0.00015547 -2.00000 10.02531 0.8316079378 2.4292971075    0.659  3.338  3.6318  0.398    8  0.527  0.435    66.72    37.24    24.16    19.34    15.70  1 -7.31e-07      0.00 7.506e-01 2.493e-01 2.207e-05 1.717e-05 6.770e-05 -1.000 1.329e-04 -3.575 0.242 -2.039 -3.371 -3.802 -4.020 -4.102
0.00015547 -2.00000 10.02531 0.8316127062 2.4292986329    0.529 -9.999  4.0000  1.863    9  0.529  0.000     0.00     0.00     0.00     0.00     0.00 -1    -1e-30      0.00 7.506e-01 2.493e-01 2.207e-05 1.717e-05 6.770e-05 -1.000 1.329e-04 29.767 30.110 29.972 30.250 30.478 30.557 30.646
