# Zini     MH   logAge Mini        int_IMF         Mass   logL    logTe  logg  label   McoreTP C_O  period0  period1  period2  period3  period4  pmode  Mloss  tau1m   X   Y   Xc  Xn  Xo  Cexcess  Z 	 mbolmag  umag    gmag    rmag    imag    zmag    Ymag
0.00087196 -1.25000 10.11394 0.0900000036 1.0816895926    0.090 -3.205  3.4605  5.392    1  0.000  0.545     0.00     0.00     0.00     0.00     0.00 -1 -5.27e-17      0.00 7.467e-01 2.524e-01 1.620e-04 4.372e-05 3.965e-04 -1.000 9.012e-04 12.783 17.989 16.627 14.746 12.806 12.161 12.038
0.00087196 -1.25000 10.11394 0.0976620764 1.1512747441    0.098 -3.003  3.4894  5.340    1  0.000  0.545     0.00     0.00     0.00     0.00     0.00 -1 -8.55e-17      0.00 7.455e-01 2.536e-01 1.620e-04 4.372e-05 3.965e-04 -1.000 9.011e-04 12.276 17.376 15.482 13.662 12.201 11.688 11.570
0.00087196 -1.25000 10.11394 0.1000000015 1.1711064122    0.100 -2.944  3.4978  5.325    1  0.000  0.545     0.00     0.00     0.00     0.00     0.00 -1 -9.84e-17      0.00 7.451e-01 2.540e-01 1.620e-04 4.372e-05 3.965e-04 -1.000 9.011e-04 12.130 17.165 15.165 13.373 12.033 11.552 11.435
0.00087196 -1.25000 10.11394 0.1181987822 1.3073271887    0.118 -2.683  3.5275  5.256    1  0.000  0.545     0.00     0.00     0.00     0.00     0.00 -1 -1.79e-16      0.00 7.428e-01 2.563e-01 1.620e-04 4.372e-05 3.965e-04 -1.000 9.011e-04 11.478 16.154 13.955 12.289 11.320 10.935 10.824
0.00087196 -1.25000 10.11394 0.1199999973 1.3193154249    0.120 -2.660  3.5302  5.250    1  0.000  0.545     0.00     0.00     0.00     0.00     0.00 -1 -1.89e-16      0.00 7.426e-01 2.565e-01 1.620e-04 4.372e-05 3.965e-04 -1.000 9.011e-04 11.419 16.055 13.850 12.197 11.256 10.879 10.768
0.00087196 -1.25000 10.11394 0.1400000006 1.4384526719    0.140 -2.478  3.5463  5.199    1  0.000  0.545     0.00     0.00     0.00     0.00     0.00 -1 -2.81e-16      0.00 7.407e-01 2.584e-01 1.620e-04 4.372e-05 3.965e-04 -1.000 9.012e-04 10.964 15.326 13.138 11.567 10.777 10.439 10.333
0.00087196 -1.25000 10.11394 0.1599999964 1.5372931554    0.160 -2.337  3.5567  5.157    1  0.000  0.545     0.00     0.00     0.00     0.00     0.00 -1 -2.71e-16      0.00 7.393e-01 2.598e-01 1.620e-04 4.372e-05 3.965e-04 -1.000 9.012e-04 10.611 14.784 12.632 11.117 10.411 10.096 9.994
0.00087196 -1.25000 10.11394 0.2000000179 1.6938791367    0.200 -2.115  3.5706  5.088    1  0.000  0.545     0.00     0.00     0.00     0.00     0.00 -1 -6.05e-17      0.00 7.380e-01 2.611e-01 1.620e-04 4.372e-05 3.965e-04 -1.000 9.012e-04 10.056 13.961 11.885 10.448 9.843 9.555 9.459
0.00087196 -1.25000 10.11394 0.2500000000 1.8403257998    0.250 -1.910  3.5818  5.025    1  0.000  0.545     0.00     0.00     0.00     0.00     0.00 -1    -1e-17      0.00 7.378e-01 2.613e-01 1.620e-04 4.372e-05 3.965e-04 -1.000 9.012e-04 9.545 13.242 11.234 9.866 9.323 9.054 8.963
0.00087196 -1.25000 10.11394 0.3000000417 1.9529140366    0.300 -1.754  3.5903  4.982    1  0.000  0.545     0.00     0.00     0.00     0.00     0.00 -1 -5.31e-19      0.00 7.380e-01 2.611e-01 1.620e-04 4.372e-05 3.965e-04 -1.000 9.012e-04 9.156 12.693 10.744 9.431 8.928 8.674 8.586
0.00087196 -1.25000 10.11394 0.3110712171 1.9745683335    0.311 -1.724  3.5920  4.975    1  0.000  0.545     0.00     0.00     0.00     0.00     0.00 -1 -5.38e-18      0.00 7.400e-01 2.591e-01 1.620e-04 4.372e-05 3.965e-04 -1.000 9.016e-04 9.081 12.588 10.650 9.348 8.852 8.600 8.513
0.00087196 -1.25000 10.11394 0.3499999940 2.0434174644    0.350 -1.627  3.5975  4.951    1  0.000  0.545     0.00     0.00     0.00     0.00     0.00 -1 -1.68e-15      0.00 7.461e-01 2.530e-01 1.620e-04 4.372e-05 3.965e-04 -1.000 9.012e-04 8.837 12.249 10.345 9.079 8.604 8.361 8.277
0.00087196 -1.25000 10.11394 0.4000000060 2.1185024399    0.400 -1.477  3.6088  4.904    1  0.000  0.545     0.00     0.00     0.00     0.00     0.00 -1 -2.34e-15      0.00 7.492e-01 2.499e-01 1.620e-04 4.372e-05 3.965e-04 -1.000 9.012e-04 8.463 11.689 9.849 8.658 8.221 7.996 7.917
0.00087196 -1.25000 10.11394 0.4436199069 2.1746682261    0.443 -1.320  3.6247  4.855    1  0.000  0.545     0.00     0.00     0.00     0.00     0.00 -1 -3.37e-15      0.00 7.492e-01 2.499e-01 1.620e-04 4.372e-05 3.965e-04 -1.000 9.011e-04 8.070 11.052 9.294 8.209 7.821 7.620 7.549
0.00087196 -1.25000 10.11394 0.4500000179 2.1822809362    0.450 -1.298  3.6269  4.849    1  0.000  0.545     0.00     0.00     0.00     0.00     0.00 -1 -3.55e-15      0.00 7.492e-01 2.499e-01 1.620e-04 4.372e-05 3.965e-04 -1.000 9.011e-04 8.015 10.964 9.217 8.147 7.766 7.568 7.498
0.00087196 -1.25000 10.11394 0.4788098931 2.2149881479    0.479 -1.177  3.6438  4.822    1  0.000  0.545     0.00     0.00     0.00     0.00     0.00 -1 -4.69e-15      0.00 7.492e-01 2.499e-01 1.620e-04 4.372e-05 3.965e-04 -1.000 9.011e-04 7.713 10.412 8.751 7.791 7.458 7.286 7.225
0.00087196 -1.25000 10.11394 0.5000000000 2.2374541529    0.500 -1.092  3.6557  4.804    1  0.000  0.545     0.00     0.00     0.00     0.00     0.00 -1 -5.69e-15      0.00 7.492e-01 2.499e-01 1.620e-04 4.372e-05 3.965e-04 -1.000 9.012e-04 7.501 10.022 8.430 7.544 7.243 7.090 7.034
0.00087196 -1.25000 10.11394 0.5500000715 2.2836583126    0.550 -0.866  3.6858  4.739    1  0.000  0.544     0.00     0.00     0.00     0.00     0.00 -1 -9.83e-15      0.00 7.864e-01 2.129e-01 1.397e-04 3.771e-05 3.422e-04 -1.000 7.455e-04 6.936 8.954 7.614 6.908 6.677 6.566 6.526
0.00087196 -1.25000 10.11394 0.6000000238 2.3211213258    0.600 -0.652  3.7154  4.682    1  0.000  0.544     0.00     0.00     0.00     0.00     0.00 -1 -1.61e-14      0.00 7.966e-01 2.026e-01 1.339e-04 3.618e-05 3.284e-04 -1.000 7.969e-04 6.401 7.973 6.905 6.335 6.155 6.080 6.057
0.00087196 -1.25000 10.11394 0.6089347601 2.3270749832    0.609 -0.613  3.7213  4.672    1  0.000  0.544     0.00     0.00     0.00     0.00     0.00 -1 -1.71e-14      0.00 7.986e-01 2.006e-01 1.328e-04 3.588e-05 3.257e-04 -1.000 7.889e-04 6.302 7.798 6.778 6.231 6.060 5.993 5.972
0.00087196 -1.25000 10.11394 0.6208071113 2.3346820029    0.620 -0.560  3.7289  4.658    1  0.000  0.543     0.00     0.00     0.00     0.00     0.00 -1 -1.78e-15      0.00 8.014e-01 1.979e-01 1.312e-04 3.546e-05 3.220e-04 -1.000 7.209e-04 6.169 7.571 6.612 6.095 5.936 5.877 5.861
0.00087196 -1.25000 10.11394 0.6318627000 2.3414708991    0.632 -0.510  3.7359  4.644    1  0.000  0.543     0.00     0.00     0.00     0.00     0.00 -1 -6.23e-20      0.00 8.040e-01 1.952e-01 1.297e-04 3.506e-05 3.185e-04 -1.000 7.209e-04 6.045 7.369 6.461 5.969 5.820 5.768 5.755
0.00087196 -1.25000 10.11394 0.6421568990 2.3475511582    0.642 -0.463  3.7424  4.630    1  0.000  0.543     0.00     0.00     0.00     0.00     0.00 -1 -8.87e-17      0.00 8.066e-01 1.927e-01 1.283e-04 3.467e-05 3.150e-04 -1.000 7.116e-04 5.928 7.184 6.322 5.852 5.712 5.667 5.658
0.00087196 -1.25000 10.11394 0.6499999762 2.3520353107    0.650 -0.427  3.7472  4.619    1  0.000  0.543     0.00     0.00     0.00     0.00     0.00 -1 -2.85e-14      0.00 8.086e-01 1.907e-01 1.271e-04 3.438e-05 3.123e-04 -1.000 7.206e-04 5.838 7.046 6.215 5.764 5.632 5.592 5.584
0.00087196 -1.25000 10.11394 0.6615345478 2.3584083897    0.661 -0.374  3.7536  4.598    1  0.000  0.543     0.00     0.00     0.00     0.00     0.00 -1 -3.27e-14      0.00 8.123e-01 1.870e-01 1.251e-04 3.383e-05 3.074e-04 -1.000 7.115e-04 5.704 6.849 6.060 5.633 5.511 5.478 5.473
0.00087196 -1.25000 10.11394 0.6724332571 2.3641996909    0.672 -0.322  3.7595  4.577    1  0.000  0.542     0.00     0.00     0.00     0.00     0.00 -1 -9.19e-15      0.00 8.159e-01 1.834e-01 1.231e-04 3.330e-05 3.026e-04 -1.000 6.754e-04 5.575 6.663 5.911 5.507 5.395 5.368 5.366
0.00087196 -1.25000 10.11394 0.6828249693 2.3695240507    0.683 -0.271  3.7649  4.555    1  0.000  0.542     0.00     0.00     0.00     0.00     0.00 -1 -1.53e-18      0.00 8.196e-01 1.798e-01 1.211e-04 3.276e-05 2.978e-04 -1.000 6.728e-04 5.448 6.491 5.770 5.385 5.281 5.260 5.260
0.00087196 -1.25000 10.11394 0.6925067306 2.3743196531    0.692 -0.223  3.7698  4.532    1  0.000  0.542     0.00     0.00     0.00     0.00     0.00 -1 -1.92e-16      0.00 8.231e-01 1.762e-01 1.191e-04 3.224e-05 2.931e-04 -1.000 6.580e-04 5.327 6.329 5.635 5.269 5.172 5.156 5.158
0.00087196 -1.25000 10.11394 0.6999999881 2.3779266974    0.700 -0.184  3.7735  4.513    1  0.000  0.541     0.00     0.00     0.00     0.00     0.00 -1 -5.43e-14      0.00 8.260e-01 1.733e-01 1.175e-04 3.182e-05 2.893e-04 -1.000 6.264e-04 5.230 6.204 5.529 5.176 5.085 5.073 5.076
0.00087196 -1.25000 10.11394 0.7018377781 2.3787978430    0.702 -0.175  3.7744  4.508    1  0.000  0.541     0.00     0.00     0.00     0.00     0.00 -1 -5.57e-14      0.00 8.269e-01 1.725e-01 1.169e-04 3.168e-05 2.882e-04 -1.000 6.210e-04 5.206 6.173 5.502 5.153 5.063 5.052 5.055
0.00087196 -1.25000 10.11394 0.7118829489 2.3834681715    0.712 -0.119  3.7790  4.477    1  0.000  0.539     0.00     0.00     0.00     0.00     0.00 -1  -6.5e-14      0.00 8.318e-01 1.676e-01 1.139e-04 3.094e-05 2.816e-04 -1.000 6.209e-04 5.068 5.999 5.352 5.020 4.938 4.931 4.936
0.00087196 -1.25000 10.11394 0.7206547856 2.3874242590    0.720 -0.068  3.7829  4.447    1  0.000  0.537     0.00     0.00     0.00     0.00     0.00 -1 -7.52e-14      0.00 8.363e-01 1.631e-01 1.111e-04 3.026e-05 2.756e-04 -1.000 6.324e-04 4.941 5.847 5.215 4.897 4.821 4.818 4.824
0.00087196 -1.25000 10.11394 0.7289310694 2.3910566360    0.728 -0.018  3.7865  4.416    1  0.000  0.536     0.00     0.00     0.00     0.00     0.00 -1 -2.77e-17      0.00 8.407e-01 1.586e-01 1.084e-04 2.959e-05 2.697e-04 -1.000 6.291e-04 4.814 5.699 5.079 4.774 4.704 4.704 4.712
0.00087196 -1.25000 10.11394 0.7366758585 2.3943708716    0.736  0.033  3.7896  4.383    1  0.000  0.534     0.00     0.00     0.00     0.00     0.00 -1 -4.07e-18      0.00 8.450e-01 1.544e-01 1.058e-04 2.895e-05 2.640e-04 -1.000 6.209e-04 4.688 5.554 4.945 4.652 4.586 4.589 4.598
0.00087196 -1.25000 10.11394 0.7439690232 2.3974194051    0.743  0.083  3.7923  4.348    1  0.000  0.533     0.00     0.00     0.00     0.00     0.00 -1 -1.21e-15      0.00 8.489e-01 1.505e-01 1.034e-04 2.835e-05 2.586e-04 -1.000 6.189e-04 4.563 5.413 4.812 4.529 4.468 4.474 4.484
0.00087196 -1.25000 10.11394 0.7500000000 2.3998889087    0.749  0.127  3.7943  4.315    1  0.000  0.531     0.00     0.00     0.00     0.00     0.00 -1 -1.34e-13      0.00 8.521e-01 1.473e-01 1.015e-04 2.788e-05 2.545e-04 -1.000 6.006e-04 4.453 5.292 4.697 4.421 4.363 4.371 4.381
0.00087196 -1.25000 10.11394 0.7516862750 2.4005712405    0.751  0.139  3.7948  4.306    1  0.000  0.531     0.00     0.00     0.00     0.00     0.00 -1 -1.39e-13      0.00 8.528e-01 1.466e-01 1.011e-04 2.779e-05 2.537e-04 -1.000 5.958e-04 4.422 5.258 4.664 4.391 4.334 4.342 4.352
0.00087196 -1.25000 10.11394 0.7585695386 2.4033203266    0.758  0.193  3.7966  4.263    1  0.000  0.531     0.00     0.00     0.00     0.00     0.00 -1 -1.65e-13      0.00 8.551e-01 1.443e-01 1.002e-04 2.754e-05 2.515e-04 -1.000 5.573e-04 4.287 5.112 4.524 4.258 4.204 4.214 4.225
0.00087196 -1.25000 10.11394 0.7646015882 2.4056827091    0.764  0.244  3.7978  4.220    1  0.000  0.531     0.00     0.00     0.00     0.00     0.00 -1 -1.94e-13      0.00 8.554e-01 1.440e-01 1.002e-04 2.755e-05 2.517e-04 -1.000 5.703e-04 4.161 4.979 4.393 4.132 4.081 4.092 4.103
0.00087196 -1.25000 10.11394 0.7664302588 2.4063904451    0.765  0.260  3.7980  4.206    1  0.000  0.531     0.00     0.00     0.00     0.00     0.00 -1 -2.06e-13      0.00 8.554e-01 1.441e-01 1.003e-04 2.757e-05 2.519e-04 -1.000 5.743e-04 4.120 4.936 4.352 4.092 4.040 4.052 4.063
0.00087196 -1.25000 10.11394 0.7679881454 2.4069903251    0.767  0.275  3.7979  4.191    1  0.000  0.531     0.00     0.00     0.00     0.00     0.00 -1 -2.16e-13      0.00 8.553e-01 1.441e-01 1.003e-04 2.759e-05 2.521e-04 -1.000 5.774e-04 4.082 4.898 4.313 4.053 4.002 4.013 4.025
0.00087196 -1.25000 10.11394 0.7739938498 2.4092769166    0.773  0.336  3.7967  4.128    1  0.000  0.530     0.00     0.00     0.00     0.00     0.00 -1 -1.01e-14      0.00 8.552e-01 1.442e-01 1.006e-04 2.768e-05 2.529e-04 -1.000 5.976e-04 3.929 4.749 4.161 3.898 3.846 3.856 3.867
0.00087196 -1.25000 10.11394 0.7785084844 2.4109691169    0.777  0.388  3.7943  4.070    1  0.000  0.530     0.00     0.00     0.00     0.00     0.00 -1 -4.22e-18      0.00 8.550e-01 1.443e-01 1.009e-04 2.776e-05 2.537e-04 -1.000 6.264e-04 3.801 4.632 4.037 3.768 3.712 3.720 3.729
0.00087196 -1.25000 10.11394 0.7792737484 2.4112537233    0.778  0.397  3.7937  4.059    1  0.000  0.530     0.00     0.00     0.00     0.00     0.00 -1 -6.68e-19      0.00 8.550e-01 1.444e-01 1.010e-04 2.778e-05 2.538e-04 -1.000 6.327e-04 3.777 4.611 4.015 3.744 3.687 3.694 3.704
0.00087196 -1.25000 10.11394 0.7807144523 2.4117877892    0.779  0.417  3.7919  4.033    2  0.000  0.530     0.00     0.00     0.00     0.00     0.00 -1 -1.77e-18      0.00 8.544e-01 1.450e-01 1.015e-04 2.792e-05 2.551e-04 -1.000 6.199e-04 3.729 4.571 3.970 3.694 3.634 3.640 3.648
0.00087196 -1.25000 10.11394 0.7835668325 2.4128385015    0.782  0.459  3.7866  3.971    2  0.000  0.530     0.00     0.00     0.00     0.00     0.00 -1 -1.25e-17      0.00 8.526e-01 1.468e-01 1.029e-04 2.832e-05 2.588e-04 -1.000 6.205e-04 3.623 4.492 3.876 3.583 3.516 3.516 3.523
0.00087196 -1.25000 10.11394 0.7856568098 2.4136028055    0.784  0.495  3.7800  3.910    2  0.000  0.530     0.00     0.00     0.00     0.00     0.00 -1 -5.35e-17      0.00 8.465e-01 1.529e-01 1.072e-04 2.948e-05 2.694e-04 -1.000 5.802e-04 3.534 4.438 3.803 3.488 3.411 3.404 3.409
0.00087196 -1.25000 10.11394 0.7872555256 2.4141843061    0.786  0.525  3.7727  3.851    2  0.000  0.532     0.00     0.00     0.00     0.00     0.00 -1 -1.67e-16      0.00 8.242e-01 1.752e-01 1.207e-04 3.314e-05 3.024e-04 -1.000 6.387e-04 3.457 4.409 3.745 3.406 3.318 3.304 3.305
0.00087196 -1.25000 10.11394 0.7885538340 2.4146545449    0.787  0.552  3.7648  3.793    2  0.000  0.534     0.00     0.00     0.00     0.00     0.00 -1 -4.26e-16      0.00 8.020e-01 1.973e-01 1.326e-04 3.634e-05 3.312e-04 -1.000 7.648e-04 3.389 4.397 3.701 3.334 3.233 3.211 3.210
0.00087196 -1.25000 10.11394 0.7896912098 2.4150650341    0.788  0.582  3.7560  3.729    2  0.000  0.535     0.00     0.00     0.00     0.00     0.00 -1 -1.94e-16      0.00 7.861e-01 2.131e-01 1.405e-04 3.847e-05 3.501e-04 -1.000 8.046e-04 3.315 4.389 3.654 3.256 3.143 3.112 3.107
0.00087196 -1.25000 10.11394 0.7905817628 2.4153854949    0.789  0.614  3.7490  3.669    2  0.000  0.536     0.00     0.00     0.00     0.00     0.00 -1 -4.44e-16      0.00 7.774e-01 2.218e-01 1.449e-04 3.964e-05 3.605e-04 -1.000 8.075e-04 3.234 4.363 3.596 3.174 3.049 3.011 3.003
0.00087196 -1.25000 10.11394 0.7912759185 2.4156347078    0.790  0.649  3.7440  3.614    2  0.000  0.536     0.00     0.00     0.00     0.00     0.00 -1 -8.73e-16      0.00 7.724e-01 2.268e-01 1.474e-04 4.030e-05 3.665e-04 -1.000 8.132e-04 3.147 4.317 3.526 3.087 2.955 2.911 2.901
0.00087196 -1.25000 10.11394 0.7918584943 2.4158434741    0.790  0.686  3.7403  3.564    2  0.000  0.536     0.00     0.00     0.00     0.00     0.00 -1 -1.58e-15      0.00 7.692e-01 2.300e-01 1.489e-04 4.072e-05 3.702e-04 -1.000 8.636e-04 3.056 4.254 3.448 2.997 2.859 2.811 2.800
0.00087196 -1.25000 10.11394 0.7919602394 2.4158798983    0.790  0.692  3.7397  3.555    2  0.000  0.536     0.00     0.00     0.00     0.00     0.00 -1 -1.75e-15      0.00 7.686e-01 2.305e-01 1.492e-04 4.079e-05 3.709e-04 -1.000 8.688e-04 3.040 4.244 3.434 2.981 2.842 2.794 2.782
0.00087196 -1.25000 10.11394 0.7920701504 2.4159192337    0.790  0.700  3.7391  3.544    3  0.000  0.537     0.00     0.00     0.00     0.00     0.00 -1 -1.97e-15      0.00 7.681e-01 2.310e-01 1.495e-04 4.086e-05 3.714e-04 -1.000 8.751e-04 3.020 4.228 3.416 2.961 2.822 2.773 2.760
0.00087196 -1.25000 10.11394 0.7926485538 2.4161260285    0.791  0.745  3.7364  3.489    3  0.000  0.537     0.00     0.00     0.00     0.00     0.00 -1 -3.61e-15      0.00 7.654e-01 2.337e-01 1.505e-04 4.116e-05 3.741e-04 -1.000 8.973e-04 2.909 4.140 3.315 2.851 2.707 2.655 2.642
0.00087196 -1.25000 10.11394 0.7931362987 2.4163001409    0.791  0.786  3.7344  3.440    3  0.000  0.537     0.00     0.00     0.00     0.00     0.00 -1 -6.13e-15      0.00 7.634e-01 2.358e-01 1.514e-04 4.136e-05 3.759e-04 -1.000 8.128e-04 2.805 4.055 3.219 2.749 2.602 2.548 2.533
0.00087196 -1.25000 10.11394 0.7936778665 2.4164931784    0.792  0.836  3.7324  3.383    3  0.000  0.537     0.00     0.00     0.00     0.00     0.00 -1 -1.12e-14      0.00 7.612e-01 2.380e-01 1.520e-04 4.156e-05 3.777e-04 -1.000 8.805e-04 2.681 3.947 3.101 2.626 2.476 2.419 2.403
0.00087196 -1.25000 10.11394 0.7941787243 2.4166714356    0.792  0.886  3.7306  3.326    3  0.000  0.537     0.00     0.00     0.00     0.00     0.00 -1 -1.97e-14      0.00 7.592e-01 2.400e-01 1.526e-04 4.171e-05 3.791e-04 -1.000 8.206e-04 2.556 3.838 2.983 2.502 2.350 2.291 2.274
0.00087196 -1.25000 10.11394 0.7946816683 2.4168501754    0.793  0.940  3.7289  3.265    3  0.000  0.537     0.00     0.00     0.00     0.00     0.00 -1 -3.56e-14      0.00 7.571e-01 2.420e-01 1.531e-04 4.186e-05 3.803e-04 -1.000 8.923e-04 2.420 3.717 2.854 2.368 2.213 2.152 2.134
0.00087196 -1.25000 10.11394 0.7951272726 2.4170083202    0.793  0.992  3.7274  3.206    3  0.000  0.536     0.00     0.00     0.00     0.00     0.00 -1 -6.09e-14      0.00 7.553e-01 2.438e-01 1.533e-04 4.199e-05 3.812e-04 -1.000 8.198e-04 2.289 3.600 2.729 2.238 2.080 2.018 1.999
0.00087196 -1.25000 10.11394 0.7955055833 2.4171424225    0.793  1.041  3.7259  3.152    3  0.000  0.535     0.00     0.00     0.00     0.00     0.00 -1 -9.78e-14      0.00 7.537e-01 2.454e-01 1.533e-04 4.214e-05 3.819e-04 -1.000 8.891e-04 2.167 3.492 2.613 2.118 1.958 1.894 1.874
0.00087196 -1.25000 10.11394 0.7958017588 2.4172473076    0.794  1.082  3.7246  3.106    3  0.000  0.534     0.00     0.00     0.00     0.00     0.00 -1 -1.44e-13      0.00 7.525e-01 2.466e-01 1.531e-04 4.230e-05 3.824e-04 -1.000 8.189e-04 2.065 3.401 2.516 2.017 1.855 1.789 1.769
0.00087196 -1.25000 10.11394 0.7961299419 2.4173634227    0.794  1.132  3.7232  3.051    3  0.000  0.532     0.00     0.00     0.00     0.00     0.00 -1 -2.22e-13      0.00 7.512e-01 2.479e-01 1.528e-04 4.259e-05 3.828e-04 -1.000 8.973e-04 1.941 3.290 2.398 1.894 1.731 1.663 1.642
0.00087196 -1.25000 10.11394 0.7964437604 2.4174743525    0.794  1.183  3.7215  2.993    3  0.000  0.530     0.00     0.00     0.00     0.00     0.00 -1 -3.43e-13      0.00 7.501e-01 2.490e-01 1.523e-04 4.306e-05 3.833e-04 -1.000 8.838e-04 1.812 3.176 2.275 1.767 1.600 1.531 1.509
0.00087196 -1.25000 10.11394 0.7967280746 2.4175747663    0.794  1.235  3.7198  2.934    3  0.000  0.528     0.00     0.00     0.00     0.00     0.00 -1 -5.19e-13      0.00 7.492e-01 2.500e-01 1.517e-04 4.358e-05 3.835e-04 -1.000 8.892e-04 1.683 3.063 2.153 1.639 1.470 1.398 1.375
0.00087196 -1.25000 10.11394 0.7969764471 2.4176624188    0.794  1.284  3.7182  2.878    3  0.000  0.526     0.00     0.00     0.00     0.00     0.00 -1 -7.57e-13      0.00 7.484e-01 2.507e-01 1.512e-04 4.415e-05 3.838e-04 -1.000 8.207e-04 1.559 2.957 2.037 1.517 1.345 1.271 1.247
0.00087196 -1.25000 10.11394 0.7972009778 2.4177416033    0.794  1.333  3.7164  2.822    3  0.000  0.524     0.00     0.00     0.00     0.00     0.00 -1 -1.08e-12      0.00 7.479e-01 2.512e-01 1.507e-04 4.464e-05 3.839e-04 -1.000 8.968e-04 1.437 2.854 1.923 1.396 1.222 1.146 1.121
0.00087196 -1.25000 10.11394 0.7974030375 2.4178128192    0.795  1.381  3.7146  2.767    3  0.000  0.522     0.00     0.00     0.00     0.00     0.00 -1 -1.52e-12      0.00 7.475e-01 2.516e-01 1.503e-04 4.501e-05 3.840e-04 -1.000 8.229e-04 1.316 2.752 1.811 1.278 1.100 1.022 0.996
0.00087196 -1.25000 10.11394 0.7975906730 2.4178789141    0.795  1.431  3.7129  2.711    3  0.000  0.522     0.00     0.00     0.00     0.00     0.00 -1 -2.11e-12      0.00 7.473e-01 2.519e-01 1.502e-04 4.526e-05 3.841e-04 -1.000 8.247e-04 1.194 2.648 1.696 1.157 0.976 0.896 0.869
0.00087196 -1.25000 10.11394 0.7977568507 2.4179374206    0.795  1.478  3.7109  2.655    3  0.000  0.521     0.00     0.00     0.00     0.00     0.00 -1 -2.87e-12      0.00 7.472e-01 2.520e-01 1.501e-04 4.538e-05 3.841e-04 -1.000 8.242e-04 1.074 2.550 1.586 1.040 0.856 0.773 0.745
0.00087196 -1.25000 10.11394 0.7979117632 2.4179919357    0.795  1.527  3.7090  2.599    3  0.000  0.521     0.00     0.00     0.00     0.00     0.00 -1 -3.89e-12      0.00 7.472e-01 2.520e-01 1.500e-04 4.540e-05 3.841e-04 -1.000 8.234e-04 0.952 2.449 1.473 0.920 0.733 0.647 0.618
0.00087196 -1.25000 10.11394 0.7980487943 2.4180401379    0.794  1.575  3.7070  2.543    3  0.000  0.521     0.00     0.00     0.00     0.00     0.00 -1 -5.18e-12      0.00 7.472e-01 2.520e-01 1.500e-04 4.541e-05 3.841e-04 -1.000 8.232e-04 0.833 2.353 1.365 0.805 0.614 0.526 0.496
0.00087196 -1.25000 10.11394 0.7981709838 2.4180831034    0.794  1.621  3.7050  2.489    3  0.000  0.521     0.00     0.00     0.00     0.00     0.00 -1 -6.77e-12      0.00 7.472e-01 2.520e-01 1.500e-04 4.541e-05 3.841e-04 -1.000 8.231e-04 0.718 2.261 1.260 0.692 0.498 0.408 0.377
0.00087196 -1.25000 10.11394 0.7982842326 2.4181229115    0.794  1.667  3.7030  2.435    3  0.000  0.521     0.00     0.00     0.00     0.00     0.00 -1  -8.8e-12      0.00 7.471e-01 2.520e-01 1.500e-04 4.542e-05 3.842e-04 -1.000 8.230e-04 0.602 2.171 1.154 0.578 0.380 0.287 0.255
0.00087196 -1.25000 10.11394 0.7983848453 2.4181582670    0.794  1.712  3.7009  2.382    3  0.000  0.521     0.00     0.00     0.00     0.00     0.00 -1 -1.13e-11      0.00 7.471e-01 2.520e-01 1.500e-04 4.543e-05 3.842e-04 -1.000 8.228e-04 0.490 2.087 1.053 0.468 0.267 0.171 0.138
0.00087196 -1.25000 10.11394 0.7984796762 2.4181915815    0.794  1.758  3.6988  2.327    3  0.000  0.521     0.00     0.00     0.00     0.00     0.00 -1 -1.44e-11      0.00 7.471e-01 2.520e-01 1.500e-04 4.543e-05 3.842e-04 -1.000 8.227e-04 0.376 2.002 0.950 0.356 0.151 0.053 0.018
0.00087196 -1.25000 10.11394 0.7985650897 2.4182215797    0.794  1.802  3.6967  2.274    3  0.000  0.521     0.00     0.00     0.00     0.00     0.00 -1 -1.82e-11      0.00 7.471e-01 2.521e-01 1.500e-04 4.544e-05 3.842e-04 -1.000 8.226e-04 0.264 1.921 0.850 0.247 0.039 -0.062 -0.098
0.00087196 -1.25000 10.11394 0.7986449599 2.4182496244    0.793  1.847  3.6945  2.221    3  0.000  0.521     0.00     0.00     0.00     0.00     0.00 -1 -2.29e-11      0.00 7.471e-01 2.521e-01 1.500e-04 4.544e-05 3.842e-04 -1.000 8.225e-04 0.153 1.841 0.752 0.139 -0.074 -0.177 -0.214
0.00087196 -1.25000 10.11394 0.7987214923 2.4182764910    0.793  1.891  3.6923  2.167    3  0.000  0.521     0.00     0.00     0.00     0.00     0.00 -1 -2.88e-11      0.00 7.471e-01 2.521e-01 1.500e-04 4.545e-05 3.842e-04 -1.000 8.225e-04 0.041 1.761 0.653 0.030 -0.186 -0.293 -0.331
0.00087196 -1.25000 10.11394 0.7987999916 2.4183040420    0.793  1.935  3.6901  2.115    3  0.000  0.521     0.00     0.00     0.00     0.00     0.00 -1 -3.61e-11      0.00 7.471e-01 2.521e-01 1.500e-04 4.545e-05 3.842e-04 -1.000 8.224e-04 -0.066 1.685 0.558 -0.074 -0.295 -0.404 -0.443
0.00087196 -1.25000 10.11394 0.7988712788 2.4183290564    0.792  1.958  3.6891  2.087    3  0.000  0.521     0.00     0.00     0.00     0.00     0.00 -1  -4.2e-11      0.00 7.471e-01 2.521e-01 1.500e-04 4.546e-05 3.842e-04 -1.000 8.222e-04 -0.125 1.642 0.506 -0.131 -0.353 -0.464 -0.504
0.00087196 -1.25000 10.11394 0.7989292741 2.4183494029    0.792  1.940  3.6904  2.110    3  0.000  0.521     0.00     0.00     0.00     0.00     0.00 -1 -4.17e-11      0.00 7.471e-01 2.521e-01 1.500e-04 4.546e-05 3.842e-04 -1.000 8.222e-04 -0.081 1.667 0.542 -0.089 -0.309 -0.418 -0.457
0.00087196 -1.25000 10.11394 0.7989331484 2.4183507620    0.792  1.939  3.6905  2.112    3  0.000  0.521     0.00     0.00     0.00     0.00     0.00 -1 -4.17e-11      0.00 7.471e-01 2.521e-01 1.500e-04 4.546e-05 3.842e-04 -1.000 8.222e-04 -0.078 1.669 0.545 -0.086 -0.306 -0.415 -0.454
0.00087196 -1.25000 10.11394 0.7989549041 2.4183583936    0.792  1.956  3.6896  2.091    3  0.000  0.521     0.00     0.00     0.00     0.00     0.00 -1  -4.5e-11      0.00 7.471e-01 2.521e-01 1.500e-04 4.546e-05 3.842e-04 -1.000 8.222e-04 -0.120 1.639 0.508 -0.127 -0.348 -0.458 -0.498
0.00087196 -1.25000 10.11394 0.7990075946 2.4183768747    0.792  1.998  3.6874  2.040    3  0.000  0.521     0.00     0.00     0.00     0.00     0.00 -1 -5.46e-11      0.00 7.471e-01 2.521e-01 1.500e-04 4.546e-05 3.842e-04 -1.000 8.221e-04 -0.225 1.569 0.417 -0.228 -0.453 -0.566 -0.607
0.00087196 -1.25000 10.11394 0.7990557551 2.4183937644    0.791  2.039  3.6852  1.990    3  0.000  0.521     0.00     0.00     0.00     0.00     0.00 -1 -6.62e-11      0.00 7.471e-01 2.521e-01 1.500e-04 4.547e-05 3.842e-04 -1.000 8.220e-04 -0.328 1.504 0.329 -0.327 -0.556 -0.672 -0.714
0.00087196 -1.25000 10.11394 0.7991019487 2.4184099622    0.791  2.081  3.6829  1.939    3  0.000  0.521     0.00     0.00     0.00     0.00     0.00 -1 -8.04e-11      0.00 7.471e-01 2.521e-01 1.500e-04 4.547e-05 3.842e-04 -1.000 8.220e-04 -0.432 1.450 0.241 -0.430 -0.662 -0.781 -0.824
0.00087196 -1.25000 10.11394 0.7991443276 2.4184248205    0.791  2.122  3.6805  1.888    3  0.000  0.521     0.00     0.00     0.00     0.00     0.00 -1 -9.72e-11      0.00 7.471e-01 2.521e-01 1.500e-04 4.547e-05 3.842e-04 -1.000 8.220e-04 -0.535 1.400 0.155 -0.531 -0.767 -0.888 -0.934
0.00087196 -1.25000 10.11394 0.7991837859 2.4184386531    0.790  2.163  3.6781  1.837    3  0.000  0.521     0.00     0.00     0.00     0.00     0.00 -1 -1.17e-10      0.00 7.471e-01 2.521e-01 1.500e-04 4.548e-05 3.842e-04 -1.000 8.219e-04 -0.639 1.353 0.070 -0.632 -0.872 -0.996 -1.043
0.00087196 -1.25000 10.11394 0.7992183566 2.4184507711    0.790  2.202  3.6758  1.788    3  0.000  0.521     0.00     0.00     0.00     0.00     0.00 -1  -1.4e-10      0.00 7.471e-01 2.521e-01 1.500e-04 4.548e-05 3.842e-04 -1.000 8.218e-04 -0.736 1.312 -0.008 -0.727 -0.971 -1.098 -1.146
0.00087196 -1.25000 10.11394 0.7992520332 2.4184625744    0.789  2.243  3.6734  1.738    3  0.000  0.521     0.00     0.00     0.00     0.00     0.00 -1 -1.68e-10      0.00 7.471e-01 2.521e-01 1.500e-04 4.548e-05 3.842e-04 -1.000 8.218e-04 -0.838 1.272 -0.089 -0.826 -1.074 -1.204 -1.254
0.00087196 -1.25000 10.11394 0.7992885113 2.4184753584    0.788  2.291  3.6705  1.677    3  0.000  0.521     0.00     0.00     0.00     0.00     0.00 -1 -2.07e-10      0.00 7.471e-01 2.521e-01 1.500e-04 4.548e-05 3.842e-04 -1.000 8.218e-04 -0.958 1.228 -0.184 -0.943 -1.196 -1.329 -1.382
0.00087196 -1.25000 10.11394 0.7993162274 2.4184850708    0.788  2.331  3.6680  1.627    3  0.000  0.521     0.00     0.00     0.00     0.00     0.00 -1 -2.46e-10      0.00 7.471e-01 2.521e-01 1.500e-04 4.548e-05 3.842e-04 -1.000 8.217e-04 -1.057 1.198 -0.259 -1.038 -1.295 -1.432 -1.486
0.00087196 -1.25000 10.11394 0.7993465066 2.4184956805    0.787  2.378  3.6650  1.568    3  0.000  0.521     0.00     0.00     0.00     0.00     0.00 -1 -3.01e-10      0.00 7.471e-01 2.521e-01 1.500e-04 4.549e-05 3.842e-04 -1.000 8.217e-04 -1.175 1.167 -0.346 -1.150 -1.413 -1.554 -1.610
0.00087196 -1.25000 10.11394 0.7993693352 2.4185036789    0.786  2.416  3.6625  1.519    3  0.000  0.521     0.00     0.00     0.00     0.00     0.00 -1 -3.54e-10      0.00 7.470e-01 2.521e-01 1.500e-04 4.549e-05 3.842e-04 -1.000 8.217e-04 -1.270 1.146 -0.416 -1.241 -1.508 -1.652 -1.710
0.00087196 -1.25000 10.11394 0.7993950844 2.4185127000    0.785  2.463  3.6595  1.460    3  0.000  0.521     0.00     0.00     0.00     0.00     0.00 -1 -4.32e-10      0.00 7.470e-01 2.521e-01 1.500e-04 4.549e-05 3.842e-04 -1.000 8.217e-04 -1.387 1.128 -0.498 -1.351 -1.624 -1.772 -1.833
0.00087196 -1.25000 10.11394 0.7994182110 2.4185208017    0.784  2.508  3.6565  1.402    3  0.000  0.521     8.19     6.34     4.47     3.46     2.80  3 -5.23e-10      0.00 7.470e-01 2.521e-01 1.500e-04 4.549e-05 3.842e-04 -1.000 8.216e-04 -1.500 1.112 -0.575 -1.454 -1.735 -1.887 -1.951
0.00087196 -1.25000 10.11394 0.7994397283 2.4185283391    0.783  2.553  3.6533  1.344    3  0.000  0.521     9.27     7.05     4.95     3.84     3.11  3 -6.33e-10      0.00 7.470e-01 2.521e-01 1.500e-04 4.549e-05 3.842e-04 -1.000 8.217e-04 -1.613 1.090 -0.651 -1.555 -1.844 -2.002 -2.068
0.00087196 -1.25000 10.11394 0.7994587421 2.4185349992    0.782  2.597  3.6503  1.288    3  0.000  0.521    10.43     7.79     5.44     4.23     3.43  3 -7.58e-10      0.00 7.470e-01 2.521e-01 1.500e-04 4.549e-05 3.842e-04 -1.000 8.216e-04 -1.722 1.069 -0.724 -1.652 -1.948 -2.111 -2.179
0.00087196 -1.25000 10.11394 0.7994768620 2.4185413458    0.780  2.641  3.6473  1.230    3  0.000  0.521    11.77     8.64     6.01     4.68     3.79  3 -9.12e-10      0.00 7.470e-01 2.521e-01 1.500e-04 4.549e-05 3.842e-04 -1.000 8.217e-04 -1.833 1.049 -0.797 -1.749 -2.054 -2.222 -2.293
0.00087196 -1.25000 10.11394 0.7994933128 2.4185471076    0.779  2.685  3.6441  1.174    3  0.000  0.521    13.27     9.57     6.62     5.17     4.18  3 -1.09e-09      0.00 7.470e-01 2.521e-01 1.500e-04 4.549e-05 3.842e-04 -1.000 8.217e-04 -1.941 1.035 -0.867 -1.844 -2.157 -2.331 -2.404
0.00087196 -1.25000 10.11394 0.7995081544 2.4185523054    0.777  2.727  3.6412  1.119    3  0.000  0.521    14.90    10.56     7.28     5.69     4.61  2  -1.3e-09      0.00 7.470e-01 2.521e-01 1.500e-04 4.549e-05 3.842e-04 -1.000 8.217e-04 -2.047 1.020 -0.935 -1.936 -2.257 -2.436 -2.511
0.00087196 -1.25000 10.11394 0.7995220423 2.4185571691    0.776  2.769  3.6381  1.063    3  0.000  0.521    16.75    11.66     8.00     6.26     5.07  2 -1.55e-09      0.00 7.470e-01 2.521e-01 1.500e-04 4.550e-05 3.842e-04 -1.000 8.214e-04 -2.152 1.007 -1.000 -2.026 -2.356 -2.540 -2.618
0.00087196 -1.25000 10.11394 0.7995353341 2.4185618239    0.774  2.812  3.6349  1.006    3  0.000  0.521    18.92    12.94     8.84     6.92     5.61  2 -1.85e-09      0.00 7.470e-01 2.521e-01 1.500e-04 4.550e-05 3.842e-04 -1.000 8.214e-04 -2.261 1.000 -1.065 -2.118 -2.457 -2.647 -2.728
0.00087196 -1.25000 10.11394 0.7995466590 2.4185657897    0.772  2.852  3.6320  0.954    3  0.000  0.521    21.11    14.21     9.66     7.58     6.14  2 -2.17e-09      0.00 7.470e-01 2.521e-01 1.500e-04 4.550e-05 3.842e-04 -1.000 8.214e-04 -2.359 0.999 -1.119 -2.200 -2.548 -2.745 -2.828
0.00087196 -1.25000 10.11394 0.7995578051 2.4185696927    0.769  2.893  3.6289  0.899    3  0.000  0.521    23.71    15.68    10.61     8.34     6.76  2 -2.57e-09      0.00 7.470e-01 2.521e-01 1.500e-04 4.550e-05 3.842e-04 -1.000 8.215e-04 -2.463 1.000 -1.174 -2.285 -2.644 -2.847 -2.933
0.00087196 -1.25000 10.11394 0.7995681763 2.4185733243    0.767  2.935  3.6257  0.843    3  0.000  0.521    26.66    17.33    11.68     9.19     7.45  2 -3.05e-09      0.00 7.470e-01 2.521e-01 1.500e-04 4.550e-05 3.842e-04 -1.000 8.214e-04 -2.567 1.006 -1.225 -2.368 -2.738 -2.948 -3.036
0.00087196 -1.25000 10.11394 0.7995772362 2.4185764967    0.765  2.973  3.6227  0.791    3  0.000  0.521    29.74    19.02    12.76    10.06     8.16  1 -3.57e-09      0.00 7.470e-01 2.521e-01 1.500e-04 4.550e-05 3.842e-04 -1.000 8.214e-04 -2.663 1.010 -1.272 -2.445 -2.826 -3.042 -3.133
0.00087196 -1.25000 10.11394 0.7995859981 2.4185795646    0.762  3.013  3.6198  0.738    3  0.000  0.521    33.25    20.90    13.96    11.02     8.94  1  -4.2e-09      0.00 7.470e-01 2.521e-01 1.500e-04 4.550e-05 3.842e-04 -1.000 8.215e-04 -2.762 1.011 -1.322 -2.525 -2.916 -3.138 -3.232
0.00087196 -1.25000 10.11394 0.7995944619 2.4185825280    0.758  3.053  3.6166  0.683    3  0.000  0.521    37.34    23.07    15.34    12.13     9.84  1 -4.95e-09      0.00 7.470e-01 2.522e-01 1.500e-04 4.550e-05 3.842e-04 -1.000 8.214e-04 -2.863 1.017 -1.367 -2.603 -3.007 -3.236 -3.332
0.00087196 -1.25000 10.11394 0.7996019721 2.4185851576    0.755  3.091  3.6137  0.632    3  0.000  0.521    41.60    25.28    16.74    13.26    10.76  1 -5.78e-09      0.00 7.470e-01 2.522e-01 1.500e-04 4.550e-05 3.842e-04 -1.000 8.214e-04 -2.958 1.019 -1.412 -2.678 -3.092 -3.327 -3.426
0.00087196 -1.25000 10.11394 0.7996093631 2.4185877453    0.751  3.131  3.6107  0.578    3  0.000  0.521    46.63    27.85    18.36    14.56    11.82  1  -6.8e-09      0.00 7.470e-01 2.522e-01 1.500e-04 4.550e-05 3.843e-04 -1.000 8.214e-04 -3.057 1.021 -1.457 -2.755 -3.181 -3.423 -3.525
0.00087196 -1.25000 10.11394 0.7996162176 2.4185901451    0.747  3.170  3.6076  0.524    3  0.000  0.521    52.21    30.64    20.11    15.98    12.97  1 -7.98e-09      0.00 7.470e-01 2.522e-01 1.500e-04 4.550e-05 3.843e-04 -1.000 8.214e-04 -3.155 1.021 -1.496 -2.828 -3.267 -3.516 -3.620
0.00087196 -1.25000 10.11394 0.7996225357 2.4185923571    0.743  3.208  3.6046  0.471    3  0.000  0.521    58.37    33.67    22.00    17.51    14.22  1 -9.34e-09      0.00 7.470e-01 2.522e-01 1.500e-04 4.550e-05 3.843e-04 -1.000 8.214e-04 -3.251 1.019 -1.530 -2.898 -3.351 -3.608 -3.715
0.00087196 -1.25000 10.11394 0.7996286154 2.4185944856    0.738  3.247  3.6016  0.417    3  0.000  0.521    65.33    37.03    24.09    19.20    15.60  1 -1.09e-08      0.00 7.470e-01 2.522e-01 1.500e-04 4.550e-05 3.843e-04 -1.000 8.215e-04 -3.347 1.014 -1.560 -2.967 -3.435 -3.700 -3.810
0.00087196 -1.25000 10.11394 0.7996342182 2.4185964471    0.732  3.284  3.5988  0.366    3  0.000  0.521    72.80    40.56    26.27    20.98    17.04  1 -1.28e-08      0.00 7.470e-01 2.522e-01 1.500e-04 4.550e-05 3.843e-04 -1.000 8.214e-04 -3.440 1.009 -1.588 -3.032 -3.515 -3.788 -3.900
0.00087196 -1.25000 10.11394 0.7996405363 2.4185986590    0.725  3.324  3.5957  0.310    3  0.000  0.521    81.94    44.79    28.88    23.10    18.77  1 -1.51e-08      0.00 7.470e-01 2.522e-01 1.500e-04 4.550e-05 3.843e-04 -1.000 8.214e-04 -3.539 1.003 -1.616 -3.101 -3.601 -3.882 -3.998
0.00087196 -1.25000 10.11394 0.7996405363 2.4185986590    0.725  1.716  3.7537  2.548    4  0.000  0.519     0.00     0.00     0.00     0.00     0.00 -1    -1e-30      0.00 7.408e-01 2.583e-01 1.524e-04 4.719e-05 3.917e-04 -1.000 9.012e-04 0.479 1.536 0.800 0.418 0.307 0.271 0.264
0.00087196 -1.25000 10.11394 0.7996854186 2.4186143705    0.725  1.732  3.7523  2.527    4  0.000  0.519     0.00     0.00     0.00     0.00     0.00 -1    -1e-30      0.00 7.408e-01 2.583e-01 1.524e-04 4.719e-05 3.917e-04 -1.000 9.012e-04 0.439 1.508 0.765 0.379 0.265 0.228 0.220
0.00087196 -1.25000 10.11394 0.7997313142 2.4186304347    0.725  1.735  3.7522  2.524    4  0.000  0.519     0.00     0.00     0.00     0.00     0.00 -1    -1e-30      0.00 7.408e-01 2.583e-01 1.524e-04 4.719e-05 3.917e-04 -1.000 9.012e-04 0.432 1.501 0.758 0.371 0.257 0.220 0.212
0.00087196 -1.25000 10.11394 0.7997779846 2.4186467679    0.725  1.736  3.7525  2.524    4  0.000  0.519     0.00     0.00     0.00     0.00     0.00 -1    -1e-30      0.00 7.408e-01 2.583e-01 1.524e-04 4.719e-05 3.917e-04 -1.000 9.011e-04 0.429 1.496 0.754 0.368 0.255 0.218 0.210
0.00087196 -1.25000 10.11394 0.7998262644 2.4186636620    0.725  1.737  3.7530  2.525    4  0.000  0.519     0.00     0.00     0.00     0.00     0.00 -1    -1e-30      0.00 7.408e-01 2.583e-01 1.524e-04 4.719e-05 3.917e-04 -1.000 9.012e-04 0.428 1.491 0.751 0.367 0.255 0.218 0.210
0.00087196 -1.25000 10.11394 0.7998732328 2.4186800950    0.725  1.736  3.7537  2.529    4  0.000  0.519     0.00     0.00     0.00     0.00     0.00 -1    -1e-30      0.00 7.408e-01 2.583e-01 1.524e-04 4.719e-05 3.917e-04 -1.000 9.012e-04 0.429 1.486 0.749 0.368 0.257 0.221 0.213
0.00087196 -1.25000 10.11394 0.7999205589 2.4186966508    0.725  1.736  3.7547  2.533    4  0.000  0.519     0.00     0.00     0.00     0.00     0.00 -1    -1e-30      0.00 7.408e-01 2.583e-01 1.524e-04 4.719e-05 3.917e-04 -1.000 9.012e-04 0.431 1.480 0.747 0.370 0.260 0.226 0.218
0.00087196 -1.25000 10.11394 0.7999688387 2.4187135380    0.725  1.734  3.7558  2.539    4  0.000  0.519     0.00     0.00     0.00     0.00     0.00 -1    -1e-30      0.00 7.408e-01 2.583e-01 1.524e-04 4.719e-05 3.917e-04 -1.000 9.012e-04 0.434 1.474 0.746 0.373 0.265 0.232 0.225
0.00087196 -1.25000 10.11394 0.8000165820 2.4187302353    0.725  1.733  3.7571  2.546    4  0.000  0.519     0.00     0.00     0.00     0.00     0.00 -1    -1e-30      0.00 7.408e-01 2.583e-01 1.524e-04 4.719e-05 3.917e-04 -1.000 9.012e-04 0.438 1.468 0.744 0.376 0.271 0.238 0.232
0.00087196 -1.25000 10.11394 0.8000651002 2.4187472011    0.725  1.731  3.7583  2.552    4  0.000  0.519     0.00     0.00     0.00     0.00     0.00 -1    -1e-30      0.00 7.408e-01 2.583e-01 1.524e-04 4.719e-05 3.917e-04 -1.000 9.012e-04 0.441 1.461 0.743 0.379 0.276 0.245 0.239
0.00087196 -1.25000 10.11394 0.8001109362 2.4187632269    0.725  1.730  3.7595  2.558    4  0.000  0.519     0.00     0.00     0.00     0.00     0.00 -1    -1e-30      0.00 7.408e-01 2.583e-01 1.524e-04 4.719e-05 3.917e-04 -1.000 9.012e-04 0.445 1.455 0.741 0.382 0.281 0.251 0.246
0.00087196 -1.25000 10.11394 0.8001598716 2.4187803340    0.725  1.729  3.7606  2.564    4  0.000  0.519     0.00     0.00     0.00     0.00     0.00 -1    -1e-30      0.00 7.408e-01 2.583e-01 1.524e-04 4.719e-05 3.917e-04 -1.000 9.012e-04 0.448 1.449 0.740 0.385 0.286 0.257 0.253
0.00087196 -1.25000 10.11394 0.8002078533 2.4187971054    0.725  1.728  3.7617  2.569    4  0.000  0.519     0.00     0.00     0.00     0.00     0.00 -1    -1e-30      0.00 7.408e-01 2.583e-01 1.524e-04 4.719e-05 3.917e-04 -1.000 9.012e-04 0.451 1.445 0.738 0.387 0.290 0.263 0.258
0.00087196 -1.25000 10.11394 0.8002527952 2.4188128122    0.725  1.727  3.7625  2.574    4  0.000  0.519     0.00     0.00     0.00     0.00     0.00 -1    -1e-30      0.00 7.408e-01 2.583e-01 1.524e-04 4.719e-05 3.917e-04 -1.000 9.012e-04 0.452 1.441 0.737 0.389 0.293 0.267 0.263
0.00087196 -1.25000 10.11394 0.8003002405 2.4188293917    0.725  1.726  3.7633  2.577    4  0.000  0.519     0.00     0.00     0.00     0.00     0.00 -1    -1e-30      0.00 7.408e-01 2.583e-01 1.524e-04 4.719e-05 3.917e-04 -1.000 9.012e-04 0.454 1.437 0.736 0.390 0.296 0.270 0.266
0.00087196 -1.25000 10.11394 0.8003113270 2.4188332654    0.725  1.726  3.7634  2.578    4  0.000  0.519     0.00     0.00     0.00     0.00     0.00 -1    -1e-30      0.00 7.408e-01 2.583e-01 1.524e-04 4.719e-05 3.917e-04 -1.000 9.012e-04 0.454 1.436 0.736 0.391 0.296 0.271 0.267
0.00087196 -1.25000 10.11394 0.8003170490 2.4188352648    0.725  1.726  3.7635  2.578    4  0.000  0.519     0.00     0.00     0.00     0.00     0.00 -1    -1e-30      0.00 7.408e-01 2.583e-01 1.524e-04 4.719e-05 3.917e-04 -1.000 9.012e-04 0.454 1.436 0.735 0.391 0.297 0.271 0.267
0.00087196 -1.25000 10.11394 0.8003667593 2.4188526324    0.725  1.726  3.7639  2.580    4  0.000  0.519     0.00     0.00     0.00     0.00     0.00 -1    -1e-30      0.00 7.408e-01 2.583e-01 1.524e-04 4.719e-05 3.917e-04 -1.000 9.012e-04 0.455 1.433 0.734 0.391 0.297 0.272 0.269
0.00087196 -1.25000 10.11394 0.8004184365 2.4188706847    0.725  1.726  3.7641  2.580    4  0.000  0.519     0.00     0.00     0.00     0.00     0.00 -1    -1e-30      0.00 7.408e-01 2.583e-01 1.524e-04 4.719e-05 3.917e-04 -1.000 9.012e-04 0.454 1.431 0.733 0.390 0.297 0.272 0.269
0.00087196 -1.25000 10.11394 0.8004673123 2.4188877559    0.725  1.727  3.7639  2.579    4  0.000  0.519     0.00     0.00     0.00     0.00     0.00 -1    -1e-30      0.00 7.408e-01 2.583e-01 1.524e-04 4.719e-05 3.917e-04 -1.000 9.012e-04 0.452 1.430 0.731 0.388 0.295 0.270 0.266
0.00087196 -1.25000 10.11394 0.8005163670 2.4189048871    0.726  1.728  3.7636  2.577    4  0.000  0.519     0.00     0.00     0.00     0.00     0.00 -1    -1e-30      0.00 7.408e-01 2.583e-01 1.524e-04 4.719e-05 3.917e-04 -1.000 9.012e-04 0.449 1.430 0.730 0.385 0.292 0.266 0.263
0.00087196 -1.25000 10.11394 0.8005653620 2.4189219952    0.726  1.730  3.7629  2.572    4  0.000  0.519     0.00     0.00     0.00     0.00     0.00 -1    -1e-30      0.00 7.408e-01 2.583e-01 1.524e-04 4.719e-05 3.917e-04 -1.000 9.012e-04 0.445 1.430 0.728 0.381 0.286 0.260 0.256
0.00087196 -1.25000 10.11394 0.8006135225 2.4189388095    0.726  1.732  3.7620  2.566    4  0.000  0.519     0.00     0.00     0.00     0.00     0.00 -1    -1e-30      0.00 7.408e-01 2.583e-01 1.524e-04 4.719e-05 3.917e-04 -1.000 9.012e-04 0.439 1.431 0.726 0.376 0.279 0.252 0.248
0.00087196 -1.25000 10.11394 0.8006624579 2.4189558919    0.726  1.735  3.7610  2.560    4  0.000  0.519     0.00     0.00     0.00     0.00     0.00 -1    -1e-30      0.00 7.408e-01 2.583e-01 1.524e-04 4.719e-05 3.917e-04 -1.000 9.012e-04 0.433 1.432 0.723 0.370 0.272 0.243 0.239
0.00087196 -1.25000 10.11394 0.8006714582 2.4189590335    0.726  1.735  3.7608  2.559    4  0.000  0.519     0.00     0.00     0.00     0.00     0.00 -1    -1e-30      0.00 7.408e-01 2.583e-01 1.524e-04 4.719e-05 3.917e-04 -1.000 9.012e-04 0.432 1.432 0.723 0.369 0.270 0.242 0.237
0.00087196 -1.25000 10.11394 0.8006799221 2.4189619877    0.726  1.736  3.7606  2.557    4  0.000  0.519     0.00     0.00     0.00     0.00     0.00 -1    -1e-30      0.00 7.408e-01 2.583e-01 1.524e-04 4.719e-05 3.917e-04 -1.000 9.012e-04 0.430 1.432 0.722 0.367 0.268 0.240 0.235
0.00087196 -1.25000 10.11394 0.8007228971 2.4189769867    0.726  1.739  3.7592  2.548    4  0.000  0.519     0.00     0.00     0.00     0.00     0.00 -1    -1e-30      0.00 7.408e-01 2.583e-01 1.524e-04 4.719e-05 3.917e-04 -1.000 9.012e-04 0.422 1.434 0.719 0.359 0.258 0.228 0.223
0.00087196 -1.25000 10.11394 0.8007649779 2.4189916719    0.726  1.743  3.7578  2.539    4  0.000  0.519     0.00     0.00     0.00     0.00     0.00 -1    -1e-30      0.00 7.408e-01 2.583e-01 1.524e-04 4.719e-05 3.917e-04 -1.000 9.011e-04 0.413 1.437 0.716 0.351 0.247 0.215 0.209
0.00087196 -1.25000 10.11394 0.8008085489 2.4190068752    0.726  1.747  3.7563  2.529    4  0.000  0.519     0.00     0.00     0.00     0.00     0.00 -1    -1e-30      0.00 7.408e-01 2.583e-01 1.524e-04 4.719e-05 3.917e-04 -1.000 9.012e-04 0.402 1.438 0.711 0.340 0.234 0.201 0.195
0.00087196 -1.25000 10.11394 0.8008530736 2.4190224093    0.726  1.752  3.7548  2.518    4  0.000  0.519     0.00     0.00     0.00     0.00     0.00 -1    -1e-30      0.00 7.408e-01 2.583e-01 1.524e-04 4.719e-05 3.917e-04 -1.000 9.012e-04 0.391 1.439 0.706 0.329 0.220 0.185 0.178
0.00087196 -1.25000 10.11394 0.8008950353 2.4190370474    0.726  1.756  3.7533  2.508    4  0.000  0.519     0.00     0.00     0.00     0.00     0.00 -1    -1e-30      0.00 7.408e-01 2.583e-01 1.524e-04 4.719e-05 3.917e-04 -1.000 9.012e-04 0.379 1.438 0.700 0.318 0.206 0.170 0.162
0.00087196 -1.25000 10.11394 0.8009386063 2.4190522451    0.726  1.762  3.7518  2.496    4  0.000  0.519     0.00     0.00     0.00     0.00     0.00 -1    -1e-30      0.00 7.408e-01 2.583e-01 1.524e-04 4.719e-05 3.917e-04 -1.000 9.012e-04 0.365 1.437 0.692 0.304 0.190 0.152 0.144
0.00087196 -1.25000 10.11394 0.8009810448 2.4190670459    0.726  1.766  3.7507  2.488    4  0.000  0.519     0.00     0.00     0.00     0.00     0.00 -1    -1e-30      0.00 7.408e-01 2.583e-01 1.524e-04 4.719e-05 3.917e-04 -1.000 9.012e-04 0.355 1.435 0.686 0.294 0.178 0.139 0.130
0.00087196 -1.25000 10.11394 0.8010235429 2.4190818657    0.726  1.769  3.7500  2.482    4  0.000  0.519     0.00     0.00     0.00     0.00     0.00 -1    -1e-30      0.00 7.408e-01 2.583e-01 1.524e-04 4.719e-05 3.917e-04 -1.000 9.012e-04 0.347 1.433 0.681 0.286 0.169 0.129 0.120
0.00087196 -1.25000 10.11394 0.8010663986 2.4190968083    0.726  1.780  3.7476  2.461    4  0.000  0.519     0.00     0.00     0.00     0.00     0.00 -1    -1e-30      0.00 7.408e-01 2.583e-01 1.524e-04 4.719e-05 3.917e-04 -1.000 9.012e-04 0.320 1.427 0.664 0.260 0.139 0.097 0.086
0.00087196 -1.25000 10.11394 0.8011113405 2.4191124764    0.726  1.794  3.7448  2.436    4  0.000  0.519     0.00     0.00     0.00     0.00     0.00 -1    -1e-30      0.00 7.408e-01 2.583e-01 1.524e-04 4.719e-05 3.917e-04 -1.000 9.012e-04 0.285 1.416 0.641 0.227 0.100 0.055 0.044
0.00087196 -1.25000 10.11394 0.8011553884 2.4191278308    0.726  1.811  3.7416  2.406    4  0.000  0.519     0.00     0.00     0.00     0.00     0.00 -1    -1e-30      0.00 7.408e-01 2.583e-01 1.524e-04 4.719e-05 3.917e-04 -1.000 9.012e-04 0.242 1.400 0.610 0.185 0.053 0.004 -0.008
0.00087196 -1.25000 10.11394 0.8011981845 2.4191427470    0.726  1.844  3.7363  2.352    4  0.000  0.519     0.00     0.00     0.00     0.00     0.00 -1    -1e-30      0.00 7.408e-01 2.583e-01 1.524e-04 4.719e-05 3.917e-04 -1.000 9.012e-04 0.160 1.369 0.550 0.105 -0.036 -0.090 -0.106
0.00087196 -1.25000 10.11394 0.8012173772 2.4191494359    0.726  1.875  3.7314  2.301    4  0.000  0.519     0.00     0.00     0.00     0.00     0.00 -1    -1e-30      0.00 7.408e-01 2.583e-01 1.524e-04 4.719e-05 3.917e-04 -1.000 9.012e-04 0.081 1.338 0.491 0.027 -0.121 -0.181 -0.199
0.00087196 -1.25000 10.11394 0.8012276292 2.4191530087    0.726  1.909  3.7265  2.248    4  0.000  0.519     0.00     0.00     0.00     0.00     0.00 -1    -1e-30      0.00 7.408e-01 2.583e-01 1.524e-04 4.719e-05 3.917e-04 -1.000 9.012e-04 -0.003 1.305 0.428 -0.055 -0.212 -0.277 -0.297
0.00087196 -1.25000 10.11394 0.8012325764 2.4191547327    0.726  1.942  3.7221  2.197    4  0.000  0.519     0.00     0.00     0.00     0.00     0.00 -1    -1e-30      0.00 7.408e-01 2.583e-01 1.524e-04 4.719e-05 3.917e-04 -1.000 9.012e-04 -0.086 1.271 0.365 -0.135 -0.299 -0.369 -0.391
0.00087196 -1.25000 10.11394 0.8012354970 2.4191557505    0.726  1.979  3.7175  2.142    4  0.000  0.519     0.00     0.00     0.00     0.00     0.00 -1    -1e-30      0.00 7.408e-01 2.583e-01 1.524e-04 4.719e-05 3.917e-04 -1.000 9.012e-04 -0.177 1.232 0.295 -0.224 -0.395 -0.471 -0.495
0.00087196 -1.25000 10.11394 0.8012369275 2.4191562490    0.726  2.014  3.7135  2.091    4  0.000  0.519     0.00     0.00     0.00     0.00     0.00 -1    -1e-30      0.00 7.408e-01 2.583e-01 1.524e-04 4.719e-05 3.917e-04 -1.000 9.012e-04 -0.265 1.193 0.228 -0.308 -0.486 -0.566 -0.593
0.00087196 -1.25000 10.11394 0.8012377024 2.4191565190    0.726  2.040  3.7107  2.054    7  0.000  0.519     0.00     0.00     0.00     0.00     0.00 -1 -1.02e-09      0.00 7.408e-01 2.567e-01 1.524e-04 4.719e-05 3.917e-04 -1.000 2.501e-03 -0.330 1.162 0.177 -0.371 -0.554 -0.637 -0.665
0.00087196 -1.25000 10.11394 0.8012385964 2.4191568306    0.726  2.079  3.7069  1.999    7  0.000  0.519     0.00     0.00     0.00     0.00     0.00 -1  -1.3e-09      0.00 7.408e-01 2.567e-01 1.524e-04 4.719e-05 3.917e-04 -1.000 2.501e-03 -0.428 1.114 0.100 -0.464 -0.655 -0.743 -0.773
0.00087196 -1.25000 10.11394 0.8012394309 2.4191571214    0.726  2.117  3.7033  1.948    7  0.000  0.519     0.00     0.00     0.00     0.00     0.00 -1 -1.63e-09      0.00 7.408e-01 2.567e-01 1.524e-04 4.719e-05 3.917e-04 -1.000 2.501e-03 -0.522 1.070 0.025 -0.555 -0.751 -0.843 -0.875
0.00087196 -1.25000 10.11394 0.8012402058 2.4191573914    0.726  2.149  3.7004  1.904    7  0.000  0.519     0.00     0.00     0.00     0.00     0.00 -1 -1.97e-09      0.00 7.408e-01 2.567e-01 1.524e-04 4.719e-05 3.917e-04 -1.000 2.501e-03 -0.602 1.032 -0.038 -0.632 -0.833 -0.930 -0.963
0.00087196 -1.25000 10.11394 0.8012409806 2.4191576614    0.726  2.161  3.6994  1.888    7  0.000  0.519     0.00     0.00     0.00     0.00     0.00 -1  -2.1e-09      0.00 7.408e-01 2.567e-01 1.524e-04 4.719e-05 3.917e-04 -1.000 2.501e-03 -0.632 1.018 -0.062 -0.660 -0.863 -0.961 -0.995
0.00087196 -1.25000 10.11394 0.8012422919 2.4191581184    0.726  2.170  3.6985  1.875    7  0.000  0.519     0.00     0.00     0.00     0.00     0.00 -1  -2.2e-09      0.00 7.408e-01 2.567e-01 1.524e-04 4.719e-05 3.917e-04 -1.000 2.501e-03 -0.655 1.008 -0.080 -0.682 -0.887 -0.985 -1.020
0.00087196 -1.25000 10.11394 0.8012445569 2.4191589077    0.726  2.139  3.7014  1.917    7  0.000  0.519     0.00     0.00     0.00     0.00     0.00 -1 -1.85e-09      0.00 7.408e-01 2.567e-01 1.524e-04 4.719e-05 3.917e-04 -1.000 2.501e-03 -0.577 1.042 -0.019 -0.608 -0.808 -0.903 -0.936
0.00087196 -1.25000 10.11394 0.8012481928 2.4191601747    0.725  2.133  3.7020  1.926    7  0.000  0.519     0.00     0.00     0.00     0.00     0.00 -1 -1.78e-09      0.00 7.408e-01 2.567e-01 1.524e-04 4.719e-05 3.917e-04 -1.000 2.501e-03 -0.561 1.050 -0.006 -0.592 -0.791 -0.885 -0.918
0.00087196 -1.25000 10.11394 0.8012710214 2.4191681295    0.723  2.139  3.7013  1.915    7  0.000  0.519     0.00     0.00     0.00     0.00     0.00 -1 -1.86e-09      0.00 7.408e-01 2.567e-01 1.524e-04 4.719e-05 3.917e-04 -1.000 2.501e-03 -0.579 1.043 -0.019 -0.609 -0.809 -0.904 -0.937
0.00087196 -1.25000 10.11394 0.8012875319 2.4191738824    0.722  2.170  3.6984  1.872    7  0.000  0.519     0.00     0.00     0.00     0.00     0.00 -1 -2.26e-09      0.00 7.408e-01 2.567e-01 1.524e-04 4.719e-05 3.917e-04 -1.000 2.501e-03 -0.656 1.009 -0.080 -0.682 -0.888 -0.986 -1.021
0.00087196 -1.25000 10.11394 0.8013049364 2.4191799465    0.719  2.217  3.6941  1.806    7  0.000  0.519     0.00     0.00     0.00     0.00     0.00 -1 -3.02e-09      0.00 7.408e-01 2.567e-01 1.524e-04 4.719e-05 3.917e-04 -1.000 2.501e-03 -0.772 0.960 -0.169 -0.792 -1.006 -1.110 -1.147
0.00087196 -1.25000 10.11394 0.8013219237 2.4191858650    0.716  2.267  3.6896  1.737    7  0.000  0.519     0.00     0.00     0.00     0.00     0.00 -1 -4.05e-09      0.00 7.408e-01 2.567e-01 1.524e-04 4.719e-05 3.917e-04 -1.000 2.501e-03 -0.897 0.907 -0.265 -0.910 -1.132 -1.242 -1.282
0.00087196 -1.25000 10.11394 0.8013368249 2.4191910564    0.713  2.309  3.6860  1.677    7  0.000  0.519     0.00     0.00     0.00     0.00     0.00 -1 -5.24e-09      0.00 7.408e-01 2.567e-01 1.524e-04 4.719e-05 3.917e-04 -1.000 2.501e-03 -1.003 0.863 -0.346 -1.009 -1.237 -1.353 -1.395
0.00087196 -1.25000 10.11394 0.8013499379 2.4191956246    0.709  2.350  3.6825  1.620    7  0.000  0.519     0.00     0.00     0.00     0.00     0.00 -1 -6.75e-09      0.00 7.408e-01 2.567e-01 1.524e-04 4.719e-05 3.917e-04 -1.000 2.501e-03 -1.106 0.838 -0.423 -1.108 -1.343 -1.462 -1.507
0.00087196 -1.25000 10.11394 0.8013614416 2.4191996321    0.704  2.390  3.6792  1.564    7  0.000  0.519     0.00     0.00     0.00     0.00     0.00 -1 -8.63e-09      0.00 7.408e-01 2.568e-01 1.523e-04 4.719e-05 3.917e-04 -1.000 2.437e-03 -1.206 0.818 -0.496 -1.205 -1.445 -1.568 -1.615
0.00087196 -1.25000 10.11394 0.8013715744 2.4192031619    0.699  2.429  3.6759  1.509    7  0.000  0.519     0.00     0.00     0.00     0.00     0.00 -1  -1.1e-08      0.00 7.408e-01 2.568e-01 1.523e-04 4.720e-05 3.917e-04 -1.000 2.402e-03 -1.303 0.804 -0.565 -1.299 -1.544 -1.672 -1.720
0.00087196 -1.25000 10.11394 0.8013806343 2.4192063178    0.693  2.468  3.6726  1.454    7  0.000  0.518     0.00     0.00     0.00     0.00     0.00 -1 -1.39e-08      0.00 7.408e-01 2.568e-01 1.521e-04 4.726e-05 3.917e-04 -1.000 2.395e-03 -1.399 0.796 -0.632 -1.391 -1.642 -1.774 -1.825
0.00087196 -1.25000 10.11394 0.8013888001 2.4192091622    0.686  2.506  3.6695  1.398    7  0.000  0.516     7.91     6.17     4.34     3.38     2.73  3 -1.78e-08      0.00 7.408e-01 2.569e-01 1.516e-04 4.754e-05 3.917e-04 -1.000 2.342e-03 -1.495 0.795 -0.695 -1.482 -1.740 -1.876 -1.929
0.00087196 -1.25000 10.11394 0.8013963699 2.4192117990    0.679  2.544  3.6662  1.342    7  0.000  0.512     8.90     6.81     4.77     3.72     3.01  2 -2.28e-08      0.00 7.408e-01 2.569e-01 1.503e-04 4.861e-05 3.917e-04 -1.000 2.295e-03 -1.591 0.802 -0.756 -1.572 -1.836 -1.976 -2.032
0.00087196 -1.25000 10.11394 0.8014016747 2.4192136468    0.672  2.573  3.6628  1.295    7  0.000  0.506     9.80     7.39     5.16     4.03     3.26  2 -2.75e-08      0.00 7.408e-01 2.569e-01 1.487e-04 5.018e-05 3.917e-04 -1.000 2.279e-03 -1.663 0.837 -0.791 -1.638 -1.909 -2.053 -2.112
0.00087196 -1.25000 10.11394 0.8014082313 2.4192159305    0.661  2.611  3.6539  1.214    7  0.000  0.496    11.60     8.52     5.91     4.63     3.74  2 -3.63e-08      0.00 7.408e-01 2.570e-01 1.458e-04 5.351e-05 3.917e-04 -1.000 2.194e-03 -1.759 0.997 -0.786 -1.705 -1.995 -2.153 -2.218
0.00087196 -1.25000 10.11394 0.8014144301 2.4192180896    0.648  2.650  3.6508  1.154    7  0.000  0.486    13.12     9.45     6.52     5.12     4.14  2 -4.74e-08      0.00 7.408e-01 2.570e-01 1.429e-04 5.705e-05 3.917e-04 -1.000 2.194e-03 -1.856 0.993 -0.846 -1.790 -2.088 -2.251 -2.319
0.00087196 -1.25000 10.11394 0.8014204502 2.4192201864    0.631  2.689  3.6480  1.092    7  0.000  0.477    14.88    10.50     7.20     5.67     4.58  2 -6.31e-08      0.00 7.407e-01 2.571e-01 1.403e-04 6.021e-05 3.917e-04 -1.000 2.187e-03 -1.953 0.986 -0.907 -1.875 -2.181 -2.349 -2.419
0.00087196 -1.25000 10.11394 0.8014263511 2.4192222416    0.608  2.728  3.6457  1.029    7  0.000  0.470    16.91    11.67     7.96     6.28     5.08  1  -8.6e-08      0.00 7.407e-01 2.571e-01 1.381e-04 6.300e-05 3.916e-04 -1.000 2.182e-03 -2.050 0.968 -0.973 -1.962 -2.275 -2.447 -2.519
0.00087196 -1.25000 10.11394 0.8014317155 2.4192241100    0.579  2.765  3.6452  0.968    7  0.000  0.463    19.04    12.85     8.72     6.91     5.59  1 -1.21e-07      0.00 7.407e-01 2.572e-01 1.362e-04 6.528e-05 3.916e-04 -1.000 2.121e-03 -2.143 0.924 -1.050 -2.053 -2.369 -2.542 -2.615
0.00087196 -1.25000 10.11394 0.8014366031 2.4192258123    0.544  2.802  3.6501  0.924    7  0.000  0.458    20.68    13.72     9.27     7.36     5.95  1 -1.74e-07      0.00 7.406e-01 2.573e-01 1.346e-04 6.728e-05 3.916e-04 -1.000 2.145e-03 -2.236 0.759 -1.183 -2.168 -2.475 -2.641 -2.710
0.00087196 -1.25000 10.11394 0.8014388680 2.4192266011    0.510  2.821  3.6597  0.916    7  0.000  0.454    20.74    13.68     9.23     7.35     5.94  1 -2.07e-07      0.00 7.406e-01 2.573e-01 1.334e-04 6.872e-05 3.915e-04 -1.000 2.096e-03 -2.282 0.498 -1.326 -2.253 -2.539 -2.690 -2.752
0.00087196 -1.25000 10.11394 1.1015297174 2.4919369136    0.547 -9.999  3.5488  7.961    9  0.548  0.000     0.00     0.00     0.00     0.00     0.00 -1    -1e-30      0.00 7.280e-01 2.712e-01 1.207e-04 9.701e-05 3.954e-04 -1.000 8.320e-04 29.767 34.317 32.049 30.430 29.534 29.197 29.102
