# Zini     MH   logAge Mini        int_IMF         Mass   logL    logTe  logg  label   McoreTP C_O  period0  period1  period2  period3  period4  pmode  Mloss  tau1m   X   Y   Xc  Xn  Xo  Cexcess  Z 	 mbolmag  umag    gmag    rmag    imag    zmag    Ymag
0.00039019 -1.60000 10.11394 0.0900000036 1.0816895926    0.090 -3.186  3.4785  5.445    1  0.000  0.545     0.00     0.00     0.00     0.00     0.00 -1 -5.17e-17      0.00 7.479e-01 2.517e-01 7.531e-05 2.032e-05 1.843e-04 -1.000 4.188e-04 12.736 17.873 16.117 14.187 12.587 12.069 11.965
0.00039019 -1.60000 10.11394 0.0950912535 1.1287423715    0.095 -3.023  3.5021  5.399    1  0.000  0.545     0.00     0.00     0.00     0.00     0.00 -1 -7.73e-17      0.00 7.468e-01 2.528e-01 7.531e-05 2.032e-05 1.843e-04 -1.000 4.188e-04 12.327 17.346 15.243 13.403 12.151 11.714 11.606
0.00039019 -1.60000 10.11394 0.1000000015 1.1711064122    0.100 -2.873  3.5236  5.358    1  0.000  0.545     0.00     0.00     0.00     0.00     0.00 -1 -1.12e-16      0.00 7.457e-01 2.539e-01 7.531e-05 2.032e-05 1.843e-04 -1.000 4.188e-04 11.954 16.737 14.488 12.753 11.759 11.380 11.273
0.00039019 -1.60000 10.11394 0.1199999899 1.3193153758    0.120 -2.585  3.5546  5.273    1  0.000  0.545     0.00     0.00     0.00     0.00     0.00 -1 -2.18e-16      0.00 7.426e-01 2.569e-01 7.531e-05 2.032e-05 1.843e-04 -1.000 4.188e-04 11.233 15.487 13.277 11.721 11.016 10.703 10.602
0.00039019 -1.60000 10.11394 0.1400000006 1.4384526719    0.140 -2.402  3.5698  5.217    1  0.000  0.545     0.00     0.00     0.00     0.00     0.00 -1 -3.28e-16      0.00 7.405e-01 2.591e-01 7.531e-05 2.032e-05 1.843e-04 -1.000 4.188e-04 10.776 14.716 12.603 11.145 10.550 10.266 10.170
0.00039019 -1.60000 10.11394 0.1599999964 1.5372931554    0.160 -2.259  3.5798  5.172    1  0.000  0.545     0.00     0.00     0.00     0.00     0.00 -1 -4.49e-16      0.00 7.391e-01 2.605e-01 7.531e-05 2.032e-05 1.843e-04 -1.000 4.188e-04 10.417 14.153 12.113 10.725 10.186 9.918 9.826
0.00039019 -1.60000 10.11394 0.2000000179 1.6938791367    0.200 -2.037  3.5927  5.099    1  0.000  0.545     0.00     0.00     0.00     0.00     0.00 -1 -7.28e-16      0.00 7.380e-01 2.616e-01 7.531e-05 2.032e-05 1.843e-04 -1.000 4.189e-04 9.863 13.324 11.399 10.109 9.626 9.378 9.292
0.00039019 -1.60000 10.11394 0.2500000000 1.8403257998    0.250 -1.835  3.6038  5.038    1  0.000  0.545     0.00     0.00     0.00     0.00     0.00 -1 -8.12e-17      0.00 7.381e-01 2.615e-01 7.530e-05 2.032e-05 1.843e-04 -1.000 4.188e-04 9.357 12.602 10.765 9.558 9.113 8.882 8.802
0.00039019 -1.60000 10.11394 0.3000000417 1.9529140366    0.300 -1.680  3.6125  4.997    1  0.000  0.545     0.00     0.00     0.00     0.00     0.00 -1 -2.12e-16      0.00 7.383e-01 2.613e-01 7.529e-05 2.032e-05 1.843e-04 -1.000 4.189e-04 8.971 12.057 10.285 9.140 8.722 8.504 8.428
0.00039019 -1.60000 10.11394 0.3314899802 2.0119930012    0.331 -1.599  3.6174  4.979    1  0.000  0.545     0.00     0.00     0.00     0.00     0.00 -1 -1.78e-15      0.00 7.382e-01 2.614e-01 7.527e-05 2.032e-05 1.843e-04 -1.000 4.188e-04 8.768 11.770 10.030 8.920 8.516 8.306 8.232
0.00039019 -1.60000 10.11394 0.3499999940 2.0434174644    0.350 -1.555  3.6201  4.969    1  0.000  0.544     0.00     0.00     0.00     0.00     0.00 -1 -1.94e-15      0.00 7.382e-01 2.614e-01 7.526e-05 2.032e-05 1.843e-04 -1.000 4.188e-04 8.657 11.614 9.892 8.800 8.404 8.197 8.125
0.00039019 -1.60000 10.11394 0.3837010860 2.0954320153    0.384 -1.458  3.6276  4.942    1  0.000  0.545     0.00     0.00     0.00     0.00     0.00 -1 -2.39e-15      0.00 7.464e-01 2.531e-01 7.529e-05 2.032e-05 1.843e-04 -1.000 4.188e-04 8.415 11.248 9.575 8.535 8.159 7.964 7.896
0.00039019 -1.60000 10.11394 0.4000000060 2.1185024399    0.400 -1.414  3.6310  4.930    1  0.000  0.545     0.00     0.00     0.00     0.00     0.00 -1 -2.63e-15      0.00 7.503e-01 2.493e-01 7.531e-05 2.032e-05 1.843e-04 -1.000 4.188e-04 8.306 11.083 9.432 8.415 8.048 7.858 7.792
0.00039019 -1.60000 10.11394 0.4500000179 2.1822809362    0.450 -1.243  3.6492  4.882    1  0.000  0.545     0.00     0.00     0.00     0.00     0.00 -1 -3.88e-15      0.00 7.505e-01 2.491e-01 7.531e-05 2.032e-05 1.843e-04 -1.000 4.188e-04 7.877 10.371 8.836 7.934 7.614 7.451 7.394
0.00039019 -1.60000 10.11394 0.5000000000 2.2374541529    0.500 -1.050  3.6736  4.833    1  0.000  0.545     0.00     0.00     0.00     0.00     0.00 -1 -6.07e-15      0.00 7.505e-01 2.491e-01 7.531e-05 2.032e-05 1.843e-04 -1.000 4.188e-04 7.395 9.499 8.154 7.393 7.130 7.002 6.957
0.00039019 -1.60000 10.11394 0.5500000715 2.2836583126    0.550 -0.833  3.6978  4.754    1  0.000  0.544     0.00     0.00     0.00     0.00     0.00 -1 -1.05e-14      0.00 7.876e-01 2.120e-01 6.481e-05 1.750e-05 1.588e-04 -1.000 3.452e-04 6.852 8.582 7.451 6.811 6.594 6.497 6.466
0.00039019 -1.60000 10.11394 0.6000000238 2.3211213258    0.600 -0.617  3.7258  4.688    1  0.000  0.544     0.00     0.00     0.00     0.00     0.00 -1 -1.77e-14      0.00 7.997e-01 1.999e-01 6.160e-05 1.664e-05 1.511e-04 -1.000 3.396e-04 6.313 7.683 6.777 6.251 6.081 6.016 6.000
0.00039019 -1.60000 10.11394 0.6071903110 2.3259283931    0.607 -0.585  3.7303  4.679    1  0.000  0.543     0.00     0.00     0.00     0.00     0.00 -1 -1.92e-14      0.00 8.018e-01 1.979e-01 6.106e-05 1.650e-05 1.498e-04 -1.000 3.440e-04 6.232 7.550 6.677 6.169 6.006 5.946 5.932
0.00039019 -1.60000 10.11394 0.6177101731 2.3327300924    0.617 -0.537  3.7369  4.665    1  0.000  0.543     0.00     0.00     0.00     0.00     0.00 -1 -2.16e-14      0.00 8.049e-01 1.948e-01 6.025e-05 1.628e-05 1.479e-04 -1.000 3.447e-04 6.112 7.362 6.533 6.049 5.896 5.843 5.832
0.00039019 -1.60000 10.11394 0.6274862289 2.3388163337    0.627 -0.492  3.7429  4.651    1  0.000  0.543     0.00     0.00     0.00     0.00     0.00 -1 -6.01e-21      0.00 8.079e-01 1.918e-01 5.947e-05 1.607e-05 1.460e-04 -1.000 3.424e-04 6.000 7.192 6.400 5.937 5.794 5.747 5.739
0.00039019 -1.60000 10.11394 0.6365720630 2.3442805459    0.636 -0.450  3.7484  4.637    1  0.000  0.543     0.00     0.00     0.00     0.00     0.00 -1 -1.49e-18      0.00 8.108e-01 1.889e-01 5.871e-05 1.587e-05 1.442e-04 -1.000 3.308e-04 5.894 7.036 6.277 5.834 5.700 5.659 5.652
0.00039019 -1.60000 10.11394 0.6454246044 2.3494346480    0.645 -0.408  3.7536  4.622    1  0.000  0.543     0.00     0.00     0.00     0.00     0.00 -1 -1.08e-15      0.00 8.137e-01 1.859e-01 5.795e-05 1.567e-05 1.424e-04 -1.000 3.311e-04 5.791 6.886 6.157 5.734 5.608 5.572 5.568
0.00039019 -1.60000 10.11394 0.6499999762 2.3520353107    0.650 -0.387  3.7563  4.614    1  0.000  0.542     0.00     0.00     0.00     0.00     0.00 -1 -3.15e-14      0.00 8.153e-01 1.844e-01 5.754e-05 1.556e-05 1.414e-04 -1.000 3.431e-04 5.736 6.808 6.094 5.682 5.560 5.527 5.524
0.00039019 -1.60000 10.11394 0.6551223993 2.3548974106    0.655 -0.362  3.7591  4.605    1  0.000  0.542     0.00     0.00     0.00     0.00     0.00 -1 -3.35e-14      0.00 8.174e-01 1.822e-01 5.698e-05 1.541e-05 1.401e-04 -1.000 3.413e-04 5.675 6.722 6.025 5.623 5.505 5.476 5.474
0.00039019 -1.60000 10.11394 0.6659617424 2.3607871835    0.666 -0.309  3.7649  4.582    1  0.000  0.542     0.00     0.00     0.00     0.00     0.00 -1 -3.32e-14      0.00 8.222e-01 1.774e-01 5.574e-05 1.508e-05 1.371e-04 -1.000 3.241e-04 5.543 6.545 5.877 5.496 5.388 5.364 5.365
0.00039019 -1.60000 10.11394 0.6762967110 2.3662011717    0.676 -0.257  3.7704  4.559    1  0.000  0.542     0.00     0.00     0.00     0.00     0.00 -1 -1.46e-14      0.00 8.271e-01 1.726e-01 5.448e-05 1.475e-05 1.341e-04 -1.000 2.898e-04 5.414 6.375 5.733 5.373 5.273 5.254 5.257
0.00039019 -1.60000 10.11394 0.6859254837 2.3710767575    0.686 -0.207  3.7754  4.535    1  0.000  0.541     0.00     0.00     0.00     0.00     0.00 -1 -1.69e-18      0.00 8.320e-01 1.678e-01 5.324e-05 1.442e-05 1.311e-04 -1.000 2.844e-04 5.288 6.217 5.596 5.253 5.161 5.148 5.152
0.00039019 -1.60000 10.11394 0.6948755980 2.3754696320    0.695 -0.159  3.7799  4.510    1  0.000  0.541     0.00     0.00     0.00     0.00     0.00 -1  -1.3e-15      0.00 8.367e-01 1.630e-01 5.203e-05 1.409e-05 1.282e-04 -1.000 2.788e-04 5.167 6.065 5.464 5.138 5.053 5.044 5.050
0.00039019 -1.60000 10.11394 0.6999999881 2.3779266974    0.700 -0.130  3.7825  4.495    1  0.000  0.541     0.00     0.00     0.00     0.00     0.00 -1 -6.27e-14      0.00 8.395e-01 1.602e-01 5.130e-05 1.390e-05 1.265e-04 -1.000 2.729e-04 5.095 5.978 5.386 5.069 4.988 4.982 4.988
0.00039019 -1.60000 10.11394 0.7047819495 2.3801825496    0.704 -0.103  3.7848  4.480    1  0.000  0.540     0.00     0.00     0.00     0.00     0.00 -1 -6.77e-14      0.00 8.424e-01 1.573e-01 5.049e-05 1.370e-05 1.247e-04 -1.000 2.702e-04 5.027 5.897 5.311 5.003 4.926 4.922 4.929
0.00039019 -1.60000 10.11394 0.7129555941 2.3839579437    0.713 -0.053  3.7886  4.450    1  0.000  0.538     0.00     0.00     0.00     0.00     0.00 -1 -7.81e-14      0.00 8.471e-01 1.526e-01 4.916e-05 1.338e-05 1.218e-04 -1.000 2.923e-04 4.902 5.752 5.178 4.883 4.812 4.812 4.821
0.00039019 -1.60000 10.11394 0.7199755907 2.3871219004    0.719 -0.008  3.7918  4.422    1  0.000  0.536     0.00     0.00     0.00     0.00     0.00 -1  -8.9e-14      0.00 8.510e-01 1.487e-01 4.809e-05 1.311e-05 1.195e-04 -1.000 2.891e-04 4.790 5.622 5.057 4.774 4.709 4.711 4.721
0.00039019 -1.60000 10.11394 0.7267762423 2.3901200623    0.726  0.038  3.7948  4.392    1  0.000  0.535     0.00     0.00     0.00     0.00     0.00 -1 -5.77e-17      0.00 8.546e-01 1.451e-01 4.712e-05 1.288e-05 1.175e-04 -1.000 2.780e-04 4.674 5.492 4.934 4.663 4.602 4.607 4.618
0.00039019 -1.60000 10.11394 0.7335772514 2.3930545385    0.733  0.087  3.7976  4.358    1  0.000  0.533     0.00     0.00     0.00     0.00     0.00 -1 -4.17e-19      0.00 8.580e-01 1.418e-01 4.623e-05 1.266e-05 1.156e-04 -1.000 2.757e-04 4.552 5.356 4.805 4.543 4.487 4.495 4.507
0.00039019 -1.60000 10.11394 0.7414355278 2.3963682241    0.741  0.148  3.8006  4.314    1  0.000  0.531     0.00     0.00     0.00     0.00     0.00 -1 -2.06e-16      0.00 8.615e-01 1.383e-01 4.532e-05 1.244e-05 1.136e-04 -1.000 2.618e-04 4.400 5.189 4.644 4.394 4.342 4.353 4.366
0.00039019 -1.60000 10.11394 0.7487801909 2.3993931234    0.748  0.210  3.8029  4.265    1  0.000  0.530     0.00     0.00     0.00     0.00     0.00 -1 -6.79e-14      0.00 8.645e-01 1.353e-01 4.456e-05 1.226e-05 1.121e-04 -1.000 2.459e-04 4.245 5.023 4.481 4.240 4.193 4.206 4.219
0.00039019 -1.60000 10.11394 0.7500000000 2.3998889087    0.749  0.221  3.8033  4.257    1  0.000  0.529     0.00     0.00     0.00     0.00     0.00 -1 -1.78e-13      0.00 8.650e-01 1.347e-01 4.442e-05 1.223e-05 1.118e-04 -1.000 2.458e-04 4.218 4.994 4.453 4.214 4.167 4.181 4.194
0.00039019 -1.60000 10.11394 0.7503942847 2.4000487674    0.750  0.224  3.8034  4.254    1  0.000  0.529     0.00     0.00     0.00     0.00     0.00 -1  -1.8e-13      0.00 8.651e-01 1.347e-01 4.441e-05 1.223e-05 1.118e-04 -1.000 2.462e-04 4.209 4.985 4.444 4.205 4.159 4.172 4.186
0.00039019 -1.60000 10.11394 0.7558577657 2.4022441528    0.755  0.275  3.8048  4.212    1  0.000  0.529     0.00     0.00     0.00     0.00     0.00 -1 -2.11e-13      0.00 8.648e-01 1.350e-01 4.462e-05 1.229e-05 1.124e-04 -1.000 2.535e-04 4.083 4.852 4.313 4.079 4.035 4.050 4.064
0.00039019 -1.60000 10.11394 0.7596008778 2.4037272974    0.759  0.312  3.8054  4.180    1  0.000  0.529     0.00     0.00     0.00     0.00     0.00 -1  -2.4e-13      0.00 8.642e-01 1.356e-01 4.485e-05 1.235e-05 1.130e-04 -1.000 2.602e-04 3.990 4.756 4.217 3.987 3.944 3.960 3.974
0.00039019 -1.60000 10.11394 0.7609154582 2.4042441977    0.760  0.326  3.8053  4.166    1  0.000  0.529     0.00     0.00     0.00     0.00     0.00 -1 -2.52e-13      0.00 8.640e-01 1.358e-01 4.493e-05 1.238e-05 1.132e-04 -1.000 2.622e-04 3.954 4.720 4.181 3.950 3.908 3.924 3.937
0.00039019 -1.60000 10.11394 0.7660267353 2.4062346067    0.765  0.386  3.8041  4.104    1  0.000  0.529     0.00     0.00     0.00     0.00     0.00 -1 -3.07e-13      0.00 8.631e-01 1.366e-01 4.526e-05 1.247e-05 1.140e-04 -1.000 2.697e-04 3.806 4.575 4.033 3.800 3.756 3.771 3.784
0.00039019 -1.60000 10.11394 0.7699142694 2.4077281403    0.769  0.437  3.8013  4.044    1  0.000  0.529     0.00     0.00     0.00     0.00     0.00 -1  -3.7e-13      0.00 8.625e-01 1.372e-01 4.550e-05 1.253e-05 1.146e-04 -1.000 2.754e-04 3.677 4.456 3.909 3.668 3.621 3.632 3.645
0.00039019 -1.60000 10.11394 0.7705770731 2.4079810512    0.769  0.447  3.8005  4.032    1  0.000  0.529     0.00     0.00     0.00     0.00     0.00 -1 -3.85e-13      0.00 8.624e-01 1.373e-01 4.554e-05 1.254e-05 1.147e-04 -1.000 2.765e-04 3.653 4.434 3.887 3.644 3.595 3.606 3.618
0.00039019 -1.60000 10.11394 0.7712445259 2.4082352309    0.770  0.457  3.7995  4.017    2  0.000  0.529     0.00     0.00     0.00     0.00     0.00 -1 -4.01e-13      0.00 8.623e-01 1.374e-01 4.559e-05 1.256e-05 1.149e-04 -1.000 2.774e-04 3.627 4.412 3.862 3.616 3.566 3.576 3.587
0.00039019 -1.60000 10.11394 0.7734840512 2.4090844032    0.772  0.496  3.7948  3.961    2  0.000  0.529     0.00     0.00     0.00     0.00     0.00 -1 -4.64e-13      0.00 8.619e-01 1.378e-01 4.573e-05 1.260e-05 1.152e-04 -1.000 2.807e-04 3.531 4.336 3.776 3.515 3.458 3.464 3.474
0.00039019 -1.60000 10.11394 0.7751924992 2.4097284115    0.774  0.529  3.7893  3.906    2  0.000  0.529     0.00     0.00     0.00     0.00     0.00 -1 -5.33e-13      0.00 8.606e-01 1.391e-01 4.620e-05 1.273e-05 1.164e-04 -1.000 2.832e-04 3.447 4.276 3.704 3.426 3.361 3.361 3.369
0.00039019 -1.60000 10.11394 0.7765275240 2.4102293884    0.775  0.560  3.7827  3.850    2  0.000  0.529     0.00     0.00     0.00     0.00     0.00 -1  -6.1e-13      0.00 8.567e-01 1.430e-01 4.755e-05 1.309e-05 1.197e-04 -1.000 2.918e-04 3.371 4.232 3.644 3.345 3.269 3.263 3.268
0.00039019 -1.60000 10.11394 0.7776018977 2.4106311180    0.776  0.587  3.7759  3.797    2  0.000  0.530     0.00     0.00     0.00     0.00     0.00 -1  -6.9e-13      0.00 8.419e-01 1.578e-01 5.203e-05 1.431e-05 1.308e-04 -1.000 2.998e-04 3.303 4.202 3.594 3.272 3.186 3.173 3.176
0.00039019 -1.60000 10.11394 0.7785019875 2.4109666979    0.777  0.612  3.7689  3.744    2  0.000  0.532     0.00     0.00     0.00     0.00     0.00 -1 -7.76e-13      0.00 8.210e-01 1.787e-01 5.749e-05 1.579e-05 1.440e-04 -1.000 3.249e-04 3.241 4.182 3.550 3.205 3.108 3.088 3.088
0.00039019 -1.60000 10.11394 0.7792949677 2.4112616057    0.778  0.638  3.7620  3.691    2  0.000  0.534     0.00     0.00     0.00     0.00     0.00 -1 -4.45e-16      0.00 8.015e-01 1.982e-01 6.200e-05 1.699e-05 1.548e-04 -1.000 3.492e-04 3.176 4.162 3.506 3.136 3.028 3.001 2.999
0.00039019 -1.60000 10.11394 0.7799976468 2.4115223545    0.778  0.666  3.7556  3.638    2  0.000  0.535     0.00     0.00     0.00     0.00     0.00 -1  -7.4e-18      0.00 7.881e-01 2.116e-01 6.509e-05 1.782e-05 1.622e-04 -1.000 3.508e-04 3.105 4.135 3.454 3.062 2.945 2.911 2.906
0.00039019 -1.60000 10.11394 0.7806928158 2.4117797854    0.779  0.703  3.7497  3.578    2  0.000  0.536     0.00     0.00     0.00     0.00     0.00 -1 -1.25e-17      0.00 7.793e-01 2.204e-01 6.715e-05 1.837e-05 1.671e-04 -1.000 3.659e-04 3.013 4.086 3.381 2.969 2.842 2.802 2.795
0.00039019 -1.60000 10.11394 0.7812409997 2.4119824141    0.780  0.740  3.7457  3.525    2  0.000  0.536     0.00     0.00     0.00     0.00     0.00 -1 -1.93e-17      0.00 7.746e-01 2.251e-01 6.825e-05 1.867e-05 1.697e-04 -1.000 3.774e-04 2.921 4.024 3.302 2.877 2.744 2.700 2.691
0.00039019 -1.60000 10.11394 0.7816154957 2.4121206536    0.780  0.768  3.7433  3.487    2  0.000  0.536     0.00     0.00     0.00     0.00     0.00 -1 -2.61e-17      0.00 7.720e-01 2.276e-01 6.884e-05 1.882e-05 1.711e-04 -1.000 3.459e-04 2.850 3.971 3.240 2.806 2.669 2.622 2.612
0.00039019 -1.60000 10.11394 0.7817855477 2.4121833754    0.780  0.783  3.7424  3.469    2  0.000  0.536     0.00     0.00     0.00     0.00     0.00 -1 -3.02e-17      0.00 7.711e-01 2.286e-01 6.904e-05 1.888e-05 1.716e-04 -1.000 3.530e-04 2.813 3.941 3.206 2.769 2.631 2.583 2.573
0.00039019 -1.60000 10.11394 0.7822421193 2.4123516217    0.781  0.824  3.7401  3.419    3  0.000  0.537     0.00     0.00     0.00     0.00     0.00 -1 -4.44e-17      0.00 7.686e-01 2.309e-01 6.954e-05 1.901e-05 1.728e-04 -1.000 4.114e-04 2.711 3.855 3.111 2.666 2.525 2.474 2.463
0.00039019 -1.60000 10.11394 0.7827417850 2.4125354894    0.781  0.872  3.7379  3.362    3  0.000  0.537     0.00     0.00     0.00     0.00     0.00 -1 -6.87e-17      0.00 7.663e-01 2.333e-01 6.999e-05 1.913e-05 1.739e-04 -1.000 3.839e-04 2.589 3.752 2.997 2.546 2.400 2.347 2.335
0.00039019 -1.60000 10.11394 0.7831662893 2.4126914872    0.781  0.917  3.7362  3.311    3  0.000  0.537     0.00     0.00     0.00     0.00     0.00 -1 -1.01e-16      0.00 7.644e-01 2.352e-01 7.030e-05 1.921e-05 1.746e-04 -1.000 3.801e-04 2.478 3.655 2.892 2.435 2.287 2.232 2.219
0.00039019 -1.60000 10.11394 0.7835721970 2.4128404693    0.782  0.962  3.7346  3.259    3  0.000  0.537     0.00     0.00     0.00     0.00     0.00 -1 -1.46e-16      0.00 7.627e-01 2.369e-01 7.056e-05 1.929e-05 1.753e-04 -1.000 4.142e-04 2.364 3.555 2.784 2.322 2.172 2.115 2.101
0.00039019 -1.60000 10.11394 0.7839846611 2.4129916761    0.782  1.012  3.7330  3.203    3  0.000  0.537     0.00     0.00     0.00     0.00     0.00 -1 -2.16e-16      0.00 7.610e-01 2.386e-01 7.078e-05 1.935e-05 1.758e-04 -1.000 4.141e-04 2.240 3.443 2.665 2.199 2.046 1.987 1.972
0.00039019 -1.60000 10.11394 0.7843639851 2.4131305725    0.782  1.062  3.7315  3.148    3  0.000  0.537     0.00     0.00     0.00     0.00     0.00 -1 -3.13e-16      0.00 7.595e-01 2.402e-01 7.094e-05 1.940e-05 1.763e-04 -1.000 3.994e-04 2.116 3.332 2.547 2.076 1.921 1.861 1.845
0.00039019 -1.60000 10.11394 0.7847046256 2.4132551727    0.783  1.110  3.7301  3.094    3  0.000  0.536     0.00     0.00     0.00     0.00     0.00 -1 -4.42e-16      0.00 7.581e-01 2.416e-01 7.103e-05 1.945e-05 1.766e-04 -1.000 3.797e-04 1.996 3.223 2.432 1.956 1.799 1.737 1.720
0.00039019 -1.60000 10.11394 0.7850025892 2.4133640604    0.783  1.155  3.7287  3.043    3  0.000  0.536     0.00     0.00     0.00     0.00     0.00 -1 -6.04e-16      0.00 7.568e-01 2.428e-01 7.106e-05 1.951e-05 1.769e-04 -1.000 3.777e-04 1.882 3.121 2.323 1.844 1.684 1.621 1.603
0.00039019 -1.60000 10.11394 0.7852929235 2.4134700687    0.783  1.204  3.7273  2.989    3  0.000  0.535     0.00     0.00     0.00     0.00     0.00 -1 -8.31e-16      0.00 7.556e-01 2.439e-01 7.103e-05 1.958e-05 1.772e-04 -1.000 4.172e-04 1.761 3.013 2.208 1.724 1.562 1.497 1.479
0.00039019 -1.60000 10.11394 0.7855715752 2.4135717267    0.783  1.254  3.7257  2.932    3  0.000  0.534     0.00     0.00     0.00     0.00     0.00 -1 -1.14e-15      0.00 7.546e-01 2.450e-01 7.094e-05 1.967e-05 1.773e-04 -1.000 3.970e-04 1.634 2.900 2.087 1.598 1.434 1.367 1.347
0.00039019 -1.60000 10.11394 0.7858053446 2.4136569467    0.783  1.301  3.7242  2.880    3  0.000  0.532     0.00     0.00     0.00     0.00     0.00 -1 -1.51e-15      0.00 7.539e-01 2.458e-01 7.083e-05 1.977e-05 1.775e-04 -1.000 3.692e-04 1.518 2.796 1.976 1.482 1.316 1.247 1.227
0.00039019 -1.60000 10.11394 0.7860185504 2.4137346195    0.783  1.347  3.7228  2.828    3  0.000  0.531     0.00     0.00     0.00     0.00     0.00 -1 -1.98e-15      0.00 7.532e-01 2.464e-01 7.070e-05 1.989e-05 1.776e-04 -1.000 4.050e-04 1.402 2.694 1.866 1.367 1.199 1.128 1.108
0.00039019 -1.60000 10.11394 0.7862191796 2.4138076662    0.784  1.395  3.7212  2.774    3  0.000  0.530     0.00     0.00     0.00     0.00     0.00 -1 -2.57e-15      0.00 7.526e-01 2.469e-01 7.056e-05 2.001e-05 1.777e-04 -1.000 4.188e-04 1.283 2.589 1.753 1.250 1.079 1.006 0.985
0.00039019 -1.60000 10.11394 0.7863965631 2.4138722138    0.784  1.441  3.7196  2.722    3  0.000  0.529     0.00     0.00     0.00     0.00     0.00 -1 -3.29e-15      0.00 7.523e-01 2.473e-01 7.045e-05 2.012e-05 1.777e-04 -1.000 4.188e-04 1.169 2.489 1.645 1.136 0.963 0.888 0.866
0.00039019 -1.60000 10.11394 0.7865653038 2.4139335853    0.784  1.488  3.7180  2.668    3  0.000  0.528     0.00     0.00     0.00     0.00     0.00 -1 -4.21e-15      0.00 7.520e-01 2.476e-01 7.037e-05 2.021e-05 1.778e-04 -1.000 4.187e-04 1.049 2.385 1.532 1.018 0.842 0.766 0.743
0.00039019 -1.60000 10.11394 0.7867140174 2.4139876478    0.784  1.535  3.7163  2.615    3  0.000  0.528     0.00     0.00     0.00     0.00     0.00 -1  -5.3e-15      0.00 7.518e-01 2.478e-01 7.031e-05 2.027e-05 1.778e-04 -1.000 4.180e-04 0.934 2.286 1.424 0.904 0.726 0.647 0.623
0.00039019 -1.60000 10.11394 0.7868464589 2.4140357750    0.784  1.579  3.7146  2.563    3  0.000  0.528     0.00     0.00     0.00     0.00     0.00 -1 -6.58e-15      0.00 7.517e-01 2.479e-01 7.029e-05 2.030e-05 1.778e-04 -1.000 4.111e-04 0.822 2.190 1.320 0.794 0.613 0.532 0.507
0.00039019 -1.60000 10.11394 0.7869726419 2.4140816107    0.783  1.626  3.7129  2.510    3  0.000  0.527     0.00     0.00     0.00     0.00     0.00 -1 -8.19e-15      0.00 7.517e-01 2.479e-01 7.028e-05 2.031e-05 1.778e-04 -1.000 4.002e-04 0.705 2.090 1.211 0.679 0.495 0.413 0.387
0.00039019 -1.60000 10.11394 0.7870869040 2.4141231015    0.783  1.672  3.7112  2.457    3  0.000  0.527     0.00     0.00     0.00     0.00     0.00 -1 -1.01e-14      0.00 7.517e-01 2.479e-01 7.028e-05 2.031e-05 1.778e-04 -1.000 4.004e-04 0.590 1.995 1.104 0.566 0.378 0.294 0.267
0.00039019 -1.60000 10.11394 0.7871875167 2.4141596245    0.783  1.716  3.7094  2.406    3  0.000  0.527     0.00     0.00     0.00     0.00     0.00 -1 -1.23e-14      0.00 7.517e-01 2.479e-01 7.027e-05 2.032e-05 1.778e-04 -1.000 4.005e-04 0.480 1.905 1.001 0.456 0.266 0.180 0.152
0.00039019 -1.60000 10.11394 0.7872799039 2.4141931522    0.783  1.760  3.7077  2.355    3  0.000  0.527     0.00     0.00     0.00     0.00     0.00 -1  -1.8e-15      0.00 7.517e-01 2.479e-01 7.027e-05 2.032e-05 1.779e-04 -1.000 4.007e-04 0.370 1.817 0.900 0.348 0.155 0.066 0.037
0.00039019 -1.60000 10.11394 0.7873693705 2.4142256113    0.783  1.806  3.7058  2.301    3  0.000  0.527     0.00     0.00     0.00     0.00     0.00 -1 -8.54e-16      0.00 7.517e-01 2.479e-01 7.027e-05 2.032e-05 1.779e-04 -1.000 4.008e-04 0.255 1.725 0.794 0.234 0.038 -0.053 -0.083
0.00039019 -1.60000 10.11394 0.7874477506 2.4142540412    0.783  1.850  3.7039  2.250    3  0.000  0.527     0.00     0.00     0.00     0.00     0.00 -1 -1.03e-15      0.00 7.517e-01 2.479e-01 7.027e-05 2.032e-05 1.779e-04 -1.000 4.009e-04 0.145 1.639 0.694 0.126 -0.074 -0.167 -0.197
0.00039019 -1.60000 10.11394 0.7875197530 2.4142801520    0.783  1.893  3.7021  2.199    3  0.000  0.527     0.00     0.00     0.00     0.00     0.00 -1 -1.24e-15      0.00 7.517e-01 2.479e-01 7.027e-05 2.032e-05 1.779e-04 -1.000 4.011e-04 0.037 1.553 0.595 0.019 -0.184 -0.279 -0.311
0.00039019 -1.60000 10.11394 0.7875879407 2.4143048745    0.782  1.938  3.7002  2.147    3  0.000  0.527     0.00     0.00     0.00     0.00     0.00 -1 -1.49e-15      0.00 7.517e-01 2.479e-01 7.027e-05 2.032e-05 1.779e-04 -1.000 4.012e-04 -0.074 1.467 0.494 -0.090 -0.296 -0.394 -0.426
0.00039019 -1.60000 10.11394 0.7876480222 2.4143266538    0.782  1.979  3.6983  2.098    3  0.000  0.527     0.00     0.00     0.00     0.00     0.00 -1 -1.76e-15      0.00 7.516e-01 2.479e-01 7.027e-05 2.032e-05 1.779e-04 -1.000 4.013e-04 -0.177 1.389 0.401 -0.191 -0.401 -0.500 -0.534
0.00039019 -1.60000 10.11394 0.7877058387 2.4143476085    0.782  2.019  3.6965  2.050    3  0.000  0.527     0.00     0.00     0.00     0.00     0.00 -1 -2.07e-15      0.00 7.516e-01 2.480e-01 7.027e-05 2.033e-05 1.779e-04 -1.000 4.013e-04 -0.278 1.312 0.310 -0.290 -0.503 -0.605 -0.639
0.00039019 -1.60000 10.11394 0.7877659202 2.4143693803    0.782  2.057  3.6948  2.005    3  0.000  0.527     0.00     0.00     0.00     0.00     0.00 -1 -2.44e-15      0.00 7.516e-01 2.480e-01 7.027e-05 2.033e-05 1.779e-04 -1.000 4.014e-04 -0.373 1.241 0.225 -0.383 -0.598 -0.703 -0.738
0.00039019 -1.60000 10.11394 0.7878195643 2.4143888162    0.781  2.083  3.6937  1.975    3  0.000  0.527     0.00     0.00     0.00     0.00     0.00 -1 -2.74e-15      0.00 7.516e-01 2.480e-01 7.027e-05 2.033e-05 1.779e-04 -1.000 4.015e-04 -0.436 1.194 0.168 -0.445 -0.663 -0.768 -0.804
0.00039019 -1.60000 10.11394 0.7878606319 2.4144036934    0.781  2.071  3.6946  1.990    3  0.000  0.527     0.00     0.00     0.00     0.00     0.00 -1 -2.77e-15      0.00 7.516e-01 2.480e-01 7.027e-05 2.033e-05 1.779e-04 -1.000 4.016e-04 -0.406 1.211 0.193 -0.416 -0.632 -0.736 -0.772
0.00039019 -1.60000 10.11394 0.7878690958 2.4144067593    0.781  2.078  3.6942  1.981    3  0.000  0.527     0.00     0.00     0.00     0.00     0.00 -1 -2.85e-15      0.00 7.516e-01 2.480e-01 7.027e-05 2.033e-05 1.779e-04 -1.000 4.016e-04 -0.426 1.198 0.176 -0.435 -0.652 -0.756 -0.792
0.00039019 -1.60000 10.11394 0.7879123688 2.4144224331    0.781  2.121  3.6922  1.930    3  0.000  0.527     0.00     0.00     0.00     0.00     0.00 -1 -3.32e-15      0.00 7.516e-01 2.480e-01 7.027e-05 2.033e-05 1.779e-04 -1.000 4.016e-04 -0.532 1.123 0.082 -0.539 -0.759 -0.867 -0.904
0.00039019 -1.60000 10.11394 0.7879523635 2.4144369178    0.780  2.163  3.6901  1.880    3  0.000  0.527     0.00     0.00     0.00     0.00     0.00 -1 -3.87e-15      0.00 7.516e-01 2.480e-01 7.027e-05 2.033e-05 1.779e-04 -1.000 4.016e-04 -0.637 1.051 -0.010 -0.641 -0.865 -0.976 -1.014
0.00039019 -1.60000 10.11394 0.7879908085 2.4144508396    0.780  2.206  3.6880  1.828    3  0.000  0.527     0.00     0.00     0.00     0.00     0.00 -1 -4.53e-15      0.00 7.516e-01 2.480e-01 7.027e-05 2.033e-05 1.779e-04 -1.000 4.017e-04 -0.745 0.979 -0.104 -0.745 -0.974 -1.087 -1.127
0.00039019 -1.60000 10.11394 0.7880232334 2.4144625801    0.780  2.245  3.6859  1.780    3  0.000  0.527     0.00     0.00     0.00     0.00     0.00 -1 -5.22e-15      0.00 7.516e-01 2.480e-01 7.027e-05 2.033e-05 1.779e-04 -1.000 4.017e-04 -0.843 0.915 -0.189 -0.840 -1.072 -1.188 -1.230
0.00039019 -1.60000 10.11394 0.7880544662 2.4144738880    0.779  2.286  3.6838  1.731    3  0.000  0.527     0.00     0.00     0.00     0.00     0.00 -1 -6.04e-15      0.00 7.516e-01 2.480e-01 7.027e-05 2.033e-05 1.779e-04 -1.000 4.018e-04 -0.946 0.860 -0.276 -0.941 -1.177 -1.295 -1.337
0.00039019 -1.60000 10.11394 0.7880823016 2.4144839650    0.779  2.325  3.6817  1.683    3  0.000  0.527     0.00     0.00     0.00     0.00     0.00 -1 -6.92e-15      0.00 7.516e-01 2.480e-01 7.027e-05 2.033e-05 1.779e-04 -1.000 4.018e-04 -1.043 0.813 -0.358 -1.037 -1.276 -1.397 -1.441
0.00039019 -1.60000 10.11394 0.7881083488 2.4144933939    0.778  2.364  3.6796  1.635    3  0.000  0.527     0.00     0.00     0.00     0.00     0.00 -1 -7.93e-15      0.00 7.516e-01 2.480e-01 7.027e-05 2.033e-05 1.779e-04 -1.000 4.019e-04 -1.141 0.767 -0.439 -1.133 -1.376 -1.500 -1.545
0.00039019 -1.60000 10.11394 0.7881326675 2.4145021964    0.778  2.403  3.6775  1.588    3  0.000  0.527     0.00     0.00     0.00     0.00     0.00 -1 -9.07e-15      0.00 7.516e-01 2.480e-01 7.027e-05 2.033e-05 1.779e-04 -1.000 4.019e-04 -1.238 0.726 -0.518 -1.228 -1.476 -1.602 -1.648
0.00039019 -1.60000 10.11394 0.7881596088 2.4145119475    0.777  2.450  3.6749  1.530    3  0.000  0.527     0.00     0.00     0.00     0.00     0.00 -1 -1.06e-14      0.00 7.516e-01 2.480e-01 7.027e-05 2.033e-05 1.779e-04 -1.000 4.020e-04 -1.355 0.682 -0.611 -1.342 -1.595 -1.724 -1.772
0.00039019 -1.60000 10.11394 0.7881799340 2.4145193034    0.776  2.488  3.6727  1.483    3  0.000  0.527     0.00     0.00     0.00     0.00     0.00 -1 -1.21e-14      0.00 7.516e-01 2.480e-01 7.026e-05 2.034e-05 1.779e-04 -1.000 4.020e-04 -1.450 0.652 -0.684 -1.434 -1.691 -1.824 -1.873
0.00039019 -1.60000 10.11394 0.7882024646 2.4145274570    0.775  2.533  3.6701  1.427    3  0.000  0.527     7.74     6.04     4.27     3.31     2.68  3  -1.4e-14      0.00 7.516e-01 2.480e-01 7.026e-05 2.034e-05 1.779e-04 -1.000 4.020e-04 -1.562 0.624 -0.768 -1.543 -1.806 -1.942 -1.993
0.00039019 -1.60000 10.11394 0.7882232666 2.4145349846    0.775  2.578  3.6674  1.371    3  0.000  0.527     8.72     6.69     4.70     3.65     2.95  3 -1.63e-14      0.00 7.516e-01 2.480e-01 7.026e-05 2.034e-05 1.779e-04 -1.000 4.020e-04 -1.674 0.604 -0.849 -1.651 -1.920 -2.060 -2.113
0.00039019 -1.60000 10.11394 0.7882432342 2.4145422098    0.774  2.624  3.6647  1.313    3  0.000  0.527     9.85     7.42     5.20     4.04     3.27  3  -1.9e-14      0.00 7.516e-01 2.480e-01 7.026e-05 2.034e-05 1.779e-04 -1.000 4.021e-04 -1.790 0.588 -0.931 -1.762 -2.038 -2.182 -2.237
0.00039019 -1.60000 10.11394 0.7882597446 2.4145481837    0.773  2.666  3.6620  1.260    3  0.000  0.527    11.01     8.16     5.69     4.43     3.58  3 -2.18e-14      0.00 7.516e-01 2.480e-01 7.026e-05 2.034e-05 1.779e-04 -1.000 4.021e-04 -1.894 0.585 -1.000 -1.860 -2.143 -2.291 -2.348
0.00039019 -1.60000 10.11394 0.7882761955 2.4145541358    0.771  2.710  3.6593  1.204    3  0.000  0.527    12.40     9.03     6.27     4.89     3.96  2 -2.52e-14      0.00 7.516e-01 2.480e-01 7.026e-05 2.034e-05 1.779e-04 -1.000 4.021e-04 -2.006 0.587 -1.073 -1.965 -2.256 -2.408 -2.467
0.00039019 -1.60000 10.11394 0.7882907391 2.4145593975    0.770  2.752  3.6566  1.150    3  0.000  0.527    13.89     9.95     6.87     5.37     4.35  2 -2.88e-14      0.00 7.516e-01 2.480e-01 7.026e-05 2.034e-05 1.779e-04 -1.000 4.021e-04 -2.111 0.582 -1.140 -2.062 -2.360 -2.516 -2.577
0.00039019 -1.60000 10.11394 0.7883042097 2.4145642709    0.769  2.794  3.6539  1.097    3  0.000  0.527    15.56    10.96     7.54     5.89     4.77  2  -3.3e-14      0.00 7.516e-01 2.480e-01 7.026e-05 2.034e-05 1.779e-04 -1.000 4.022e-04 -2.216 0.563 -1.209 -2.156 -2.462 -2.623 -2.686
0.00039019 -1.60000 10.11394 0.7883167863 2.4145688207    0.767  2.837  3.6511  1.043    3  0.000  0.527    17.43    12.07     8.27     6.47     5.24  2 -3.78e-14      0.00 7.516e-01 2.480e-01 7.026e-05 2.034e-05 1.779e-04 -1.000 4.022e-04 -2.321 0.545 -1.278 -2.250 -2.564 -2.730 -2.795
0.00039019 -1.60000 10.11394 0.7883278728 2.4145728312    0.766  2.876  3.6485  0.992    3  0.000  0.527    19.43    13.23     9.02     7.08     5.73  2 -4.29e-14      0.00 7.516e-01 2.480e-01 7.026e-05 2.034e-05 1.779e-04 -1.000 4.022e-04 -2.420 0.533 -1.341 -2.338 -2.659 -2.830 -2.898
0.00039019 -1.60000 10.11394 0.7883386612 2.4145767338    0.764  2.917  3.6457  0.939    3  0.000  0.527    21.74    14.56     9.89     7.77     6.29  2 -4.89e-14      0.00 7.516e-01 2.480e-01 7.026e-05 2.034e-05 1.779e-04 -1.000 4.022e-04 -2.524 0.529 -1.400 -2.427 -2.758 -2.934 -3.004
0.00039019 -1.60000 10.11394 0.7883481979 2.4145801836    0.762  2.956  3.6431  0.888    3  0.000  0.527    24.18    15.94    10.78     8.48     6.87  1 -5.54e-14      0.00 7.516e-01 2.480e-01 7.026e-05 2.034e-05 1.779e-04 -1.000 4.022e-04 -2.621 0.526 -1.456 -2.511 -2.851 -3.032 -3.105
0.00039019 -1.60000 10.11394 0.7883570194 2.4145833745    0.760  2.995  3.6405  0.838    3  0.000  0.527    26.87    17.43    11.74     9.25     7.50  1 -6.25e-14      0.00 7.516e-01 2.480e-01 7.026e-05 2.034e-05 1.779e-04 -1.000 4.022e-04 -2.716 0.523 -1.510 -2.593 -2.943 -3.129 -3.204
0.00039019 -1.60000 10.11394 0.7883658409 2.4145865653    0.758  3.035  3.6376  0.785    3  0.000  0.527    30.05    19.18    12.86    10.14     8.23  1 -7.11e-14      0.00 7.516e-01 2.480e-01 7.026e-05 2.034e-05 1.779e-04 -1.000 4.023e-04 -2.818 0.524 -1.563 -2.678 -3.037 -3.230 -3.307
0.00039019 -1.60000 10.11394 0.7883732319 2.4145892386    0.756  3.071  3.6351  0.738    3  0.000  0.527    33.22    20.88    13.95    11.01     8.94  1 -7.96e-14      0.00 7.516e-01 2.480e-01 7.026e-05 2.034e-05 1.779e-04 -1.000 4.022e-04 -2.908 0.527 -1.609 -2.752 -3.121 -3.319 -3.399
0.00039019 -1.60000 10.11394 0.7883808613 2.4145919981    0.754  3.110  3.6323  0.686    3  0.000  0.527    37.05    22.90    15.23    12.05     9.78  1 -9.01e-14      0.00 7.516e-01 2.480e-01 7.026e-05 2.034e-05 1.779e-04 -1.000 4.023e-04 -3.006 0.528 -1.658 -2.834 -3.213 -3.417 -3.499
0.00039019 -1.60000 10.11394 0.7883877158 2.4145944773    0.751  3.148  3.6296  0.636    3  0.000  0.527    41.16    25.04    16.59    13.14    10.66  1 -1.02e-13      0.00 7.516e-01 2.480e-01 7.026e-05 2.034e-05 1.779e-04 -1.000 4.023e-04 -3.100 0.533 -1.704 -2.911 -3.300 -3.510 -3.594
0.00039019 -1.60000 10.11394 0.7883941531 2.4145968056    0.748  3.185  3.6271  0.587    3  0.000  0.527    45.63    27.33    18.03    14.30    11.61  1 -1.14e-13      0.00 7.516e-01 2.480e-01 7.026e-05 2.034e-05 1.779e-04 -1.000 4.023e-04 -3.192 0.532 -1.749 -2.986 -3.385 -3.601 -3.687
0.00039019 -1.60000 10.11394 0.7884003520 2.4145990475    0.745  3.223  3.6244  0.537    3  0.000  0.527    50.77    29.91    19.65    15.61    12.67  1 -1.29e-13      0.00 7.516e-01 2.480e-01 7.026e-05 2.034e-05 1.779e-04 -1.000 4.023e-04 -3.287 0.535 -1.793 -3.062 -3.472 -3.694 -3.783
0.00039019 -1.60000 10.11394 0.7884060144 2.4146010955    0.741  3.259  3.6218  0.488    3  0.000  0.527    56.21    32.60    21.33    16.97    13.78  1 -1.44e-13      0.00 7.516e-01 2.480e-01 7.026e-05 2.034e-05 1.779e-04 -1.000 4.023e-04 -3.377 0.537 -1.833 -3.133 -3.554 -3.782 -3.873
0.00039019 -1.60000 10.11394 0.7884123325 2.4146033805    0.737  3.297  3.6191  0.437    3  0.000  0.527    62.66    35.73    23.28    18.55    15.07  1 -1.63e-13      0.00 7.516e-01 2.480e-01 7.026e-05 2.034e-05 1.779e-04 -1.000 4.024e-04 -3.473 0.537 -1.869 -3.207 -3.642 -3.876 -3.970
0.00039019 -1.60000 10.11394 0.7884123325 2.4146033805    0.721  1.697  3.8168  2.818    4  0.000  0.526     0.00     0.00     0.00     0.00     0.00 -1    -1e-30      0.00 7.453e-01 2.543e-01 7.186e-05 2.103e-05 1.824e-04 -1.000 4.188e-04 0.528 1.182 0.635 0.489 0.486 0.504 0.520
0.00039019 -1.60000 10.11394 0.7884153724 2.4146044798    0.721  1.714  3.8112  2.778    4  0.000  0.526     0.00     0.00     0.00     0.00     0.00 -1    -1e-30      0.00 7.453e-01 2.543e-01 7.186e-05 2.103e-05 1.824e-04 -1.000 4.188e-04 0.484 1.160 0.606 0.442 0.429 0.443 0.457
0.00039019 -1.60000 10.11394 0.7884657383 2.4146226935    0.721  1.716  3.8108  2.776    4  0.000  0.526     0.00     0.00     0.00     0.00     0.00 -1    -1e-30      0.00 7.453e-01 2.543e-01 7.186e-05 2.103e-05 1.824e-04 -1.000 4.188e-04 0.481 1.159 0.604 0.439 0.425 0.439 0.453
0.00039019 -1.60000 10.11394 0.7885166407 2.4146410985    0.721  1.716  3.8116  2.778    4  0.000  0.526     0.00     0.00     0.00     0.00     0.00 -1    -1e-30      0.00 7.453e-01 2.543e-01 7.186e-05 2.103e-05 1.824e-04 -1.000 4.188e-04 0.479 1.153 0.600 0.437 0.425 0.439 0.454
0.00039019 -1.60000 10.11394 0.7885686755 2.4146599101    0.721  1.716  3.8129  2.783    4  0.000  0.526     0.00     0.00     0.00     0.00     0.00 -1    -1e-30      0.00 7.453e-01 2.543e-01 7.186e-05 2.103e-05 1.824e-04 -1.000 4.188e-04 0.479 1.147 0.595 0.437 0.428 0.442 0.457
0.00039019 -1.60000 10.11394 0.7886202931 2.4146785681    0.721  1.716  3.8147  2.790    4  0.000  0.526     0.00     0.00     0.00     0.00     0.00 -1    -1e-30      0.00 7.453e-01 2.543e-01 7.186e-05 2.103e-05 1.824e-04 -1.000 4.189e-04 0.479 1.140 0.590 0.439 0.432 0.448 0.464
0.00039019 -1.60000 10.11394 0.7886688113 2.4146961031    0.721  1.716  3.8167  2.799    4  0.000  0.526     0.00     0.00     0.00     0.00     0.00 -1    -1e-30      0.00 7.453e-01 2.543e-01 7.186e-05 2.103e-05 1.824e-04 -1.000 4.188e-04 0.481 1.133 0.586 0.441 0.438 0.456 0.471
0.00039019 -1.60000 10.11394 0.7887164354 2.4147133126    0.721  1.715  3.8189  2.809    4  0.000  0.526     0.00     0.00     0.00     0.00     0.00 -1    -1e-30      0.00 7.453e-01 2.543e-01 7.186e-05 2.103e-05 1.824e-04 -1.000 4.188e-04 0.482 1.126 0.581 0.444 0.445 0.464 0.481
0.00039019 -1.60000 10.11394 0.7887646556 2.4147307351    0.721  1.714  3.8215  2.820    4  0.000  0.526     0.00     0.00     0.00     0.00     0.00 -1    -1e-30      0.00 7.453e-01 2.543e-01 7.186e-05 2.103e-05 1.824e-04 -1.000 4.189e-04 0.484 1.117 0.575 0.448 0.454 0.474 0.492
0.00039019 -1.60000 10.11394 0.7888151407 2.4147489733    0.721  1.713  3.8244  2.832    4  0.000  0.526     0.00     0.00     0.00     0.00     0.00 -1    -1e-30      0.00 7.453e-01 2.543e-01 7.186e-05 2.103e-05 1.824e-04 -1.000 4.188e-04 0.487 1.108 0.569 0.452 0.463 0.485 0.503
0.00039019 -1.60000 10.11394 0.7888649106 2.4147669505    0.721  1.713  3.8271  2.844    4  0.000  0.526     0.00     0.00     0.00     0.00     0.00 -1    -1e-30      0.00 7.453e-01 2.543e-01 7.186e-05 2.103e-05 1.824e-04 -1.000 4.188e-04 0.488 1.100 0.564 0.455 0.471 0.495 0.514
0.00039019 -1.60000 10.11394 0.7889160514 2.4147854202    0.721  1.712  3.8295  2.854    4  0.000  0.526     0.00     0.00     0.00     0.00     0.00 -1    -1e-30      0.00 7.453e-01 2.543e-01 7.186e-05 2.103e-05 1.824e-04 -1.000 4.188e-04 0.490 1.092 0.558 0.458 0.478 0.504 0.523
0.00039019 -1.60000 10.11394 0.7889668345 2.4148037579    0.721  1.712  3.8314  2.862    4  0.000  0.526     0.00     0.00     0.00     0.00     0.00 -1    -1e-30      0.00 7.453e-01 2.543e-01 7.186e-05 2.103e-05 1.824e-04 -1.000 4.188e-04 0.491 1.086 0.554 0.460 0.484 0.511 0.531
0.00039019 -1.60000 10.11394 0.7890170217 2.4148218778    0.721  1.712  3.8326  2.867    4  0.000  0.526     0.00     0.00     0.00     0.00     0.00 -1    -1e-30      0.00 7.453e-01 2.543e-01 7.186e-05 2.103e-05 1.824e-04 -1.000 4.188e-04 0.491 1.081 0.551 0.461 0.487 0.515 0.535
0.00039019 -1.60000 10.11394 0.7890655994 2.4148394141    0.721  1.712  3.8329  2.868    4  0.000  0.526     0.00     0.00     0.00     0.00     0.00 -1    -1e-30      0.00 7.453e-01 2.543e-01 7.186e-05 2.103e-05 1.824e-04 -1.000 4.188e-04 0.490 1.080 0.549 0.460 0.487 0.515 0.535
0.00039019 -1.60000 10.11394 0.7890868187 2.4148470733    0.721  1.712  3.8332  2.869    4  0.000  0.526     0.00     0.00     0.00     0.00     0.00 -1    -1e-30      0.00 7.453e-01 2.543e-01 7.186e-05 2.103e-05 1.824e-04 -1.000 4.188e-04 0.490 1.078 0.548 0.461 0.488 0.516 0.536
0.00039019 -1.60000 10.11394 0.7890980244 2.4148511179    0.722  1.712  3.8331  2.868    4  0.000  0.526     0.00     0.00     0.00     0.00     0.00 -1    -1e-30      0.00 7.453e-01 2.543e-01 7.186e-05 2.103e-05 1.824e-04 -1.000 4.188e-04 0.489 1.078 0.548 0.460 0.487 0.515 0.535
0.00039019 -1.60000 10.11394 0.7891469598 2.4148687792    0.722  1.713  3.8323  2.864    4  0.000  0.526     0.00     0.00     0.00     0.00     0.00 -1    -1e-30      0.00 7.453e-01 2.543e-01 7.186e-05 2.103e-05 1.824e-04 -1.000 4.189e-04 0.487 1.079 0.548 0.457 0.483 0.510 0.530
0.00039019 -1.60000 10.11394 0.7891965508 2.4148866744    0.722  1.714  3.8308  2.857    4  0.000  0.526     0.00     0.00     0.00     0.00     0.00 -1    -1e-30      0.00 7.453e-01 2.543e-01 7.186e-05 2.103e-05 1.824e-04 -1.000 4.189e-04 0.484 1.081 0.549 0.453 0.475 0.502 0.522
0.00039019 -1.60000 10.11394 0.7892451882 2.4149042231    0.722  1.716  3.8284  2.846    4  0.000  0.526     0.00     0.00     0.00     0.00     0.00 -1    -1e-30      0.00 7.453e-01 2.543e-01 7.186e-05 2.103e-05 1.824e-04 -1.000 4.188e-04 0.480 1.085 0.551 0.447 0.465 0.490 0.510
0.00039019 -1.60000 10.11394 0.7892931700 2.4149215327    0.722  1.718  3.8255  2.832    4  0.000  0.526     0.00     0.00     0.00     0.00     0.00 -1    -1e-30      0.00 7.453e-01 2.543e-01 7.186e-05 2.103e-05 1.824e-04 -1.000 4.188e-04 0.474 1.092 0.554 0.440 0.453 0.476 0.494
0.00039019 -1.60000 10.11394 0.7893409729 2.4149387754    0.722  1.721  3.8217  2.814    4  0.000  0.526     0.00     0.00     0.00     0.00     0.00 -1    -1e-30      0.00 7.453e-01 2.543e-01 7.186e-05 2.103e-05 1.824e-04 -1.000 4.188e-04 0.468 1.100 0.558 0.431 0.437 0.458 0.475
0.00039019 -1.60000 10.11394 0.7893884182 2.4149558868    0.722  1.724  3.8173  2.794    4  0.000  0.526     0.00     0.00     0.00     0.00     0.00 -1    -1e-30      0.00 7.453e-01 2.543e-01 7.186e-05 2.103e-05 1.824e-04 -1.000 4.188e-04 0.461 1.110 0.563 0.421 0.420 0.437 0.453
0.00039019 -1.60000 10.11394 0.7894359827 2.4149730387    0.722  1.727  3.8124  2.771    4  0.000  0.526     0.00     0.00     0.00     0.00     0.00 -1    -1e-30      0.00 7.453e-01 2.543e-01 7.186e-05 2.103e-05 1.824e-04 -1.000 4.188e-04 0.452 1.122 0.569 0.410 0.400 0.414 0.428
0.00039019 -1.60000 10.11394 0.7894404531 2.4149746506    0.722  1.727  3.8119  2.768    4  0.000  0.526     0.00     0.00     0.00     0.00     0.00 -1    -1e-30      0.00 7.453e-01 2.543e-01 7.186e-05 2.103e-05 1.824e-04 -1.000 4.188e-04 0.451 1.124 0.570 0.409 0.398 0.412 0.426
0.00039019 -1.60000 10.11394 0.7894483805 2.4149775090    0.722  1.728  3.8110  2.764    4  0.000  0.526     0.00     0.00     0.00     0.00     0.00 -1    -1e-30      0.00 7.453e-01 2.543e-01 7.186e-05 2.103e-05 1.824e-04 -1.000 4.188e-04 0.450 1.126 0.571 0.407 0.394 0.408 0.422
0.00039019 -1.60000 10.11394 0.7894953489 2.4149944431    0.722  1.732  3.8059  2.740    4  0.000  0.526     0.00     0.00     0.00     0.00     0.00 -1    -1e-30      0.00 7.453e-01 2.543e-01 7.186e-05 2.103e-05 1.824e-04 -1.000 4.188e-04 0.440 1.140 0.578 0.395 0.374 0.383 0.396
0.00039019 -1.60000 10.11394 0.7895411253 2.4150109452    0.722  1.736  3.8009  2.716    4  0.000  0.526     0.00     0.00     0.00     0.00     0.00 -1    -1e-30      0.00 7.453e-01 2.543e-01 7.186e-05 2.103e-05 1.824e-04 -1.000 4.188e-04 0.430 1.154 0.585 0.384 0.353 0.359 0.369
0.00039019 -1.60000 10.11394 0.7895901203 2.4150286051    0.722  1.741  3.7956  2.690    4  0.000  0.526     0.00     0.00     0.00     0.00     0.00 -1    -1e-30      0.00 7.453e-01 2.543e-01 7.186e-05 2.103e-05 1.824e-04 -1.000 4.188e-04 0.418 1.169 0.591 0.370 0.330 0.332 0.341
0.00039019 -1.60000 10.11394 0.7896366715 2.4150453818    0.722  1.746  3.7906  2.665    4  0.000  0.526     0.00     0.00     0.00     0.00     0.00 -1    -1e-30      0.00 7.453e-01 2.543e-01 7.186e-05 2.103e-05 1.824e-04 -1.000 4.188e-04 0.406 1.183 0.596 0.357 0.308 0.305 0.313
0.00039019 -1.60000 10.11394 0.7896812558 2.4150614476    0.722  1.751  3.7860  2.642    4  0.000  0.526     0.00     0.00     0.00     0.00     0.00 -1    -1e-30      0.00 7.453e-01 2.543e-01 7.186e-05 2.103e-05 1.824e-04 -1.000 4.188e-04 0.393 1.196 0.599 0.344 0.287 0.281 0.286
0.00039019 -1.60000 10.11394 0.7897273302 2.4150780481    0.722  1.756  3.7813  2.618    4  0.000  0.526     0.00     0.00     0.00     0.00     0.00 -1    -1e-30      0.00 7.453e-01 2.543e-01 7.186e-05 2.103e-05 1.824e-04 -1.000 4.188e-04 0.379 1.207 0.602 0.329 0.264 0.253 0.257
0.00039019 -1.60000 10.11394 0.7897725105 2.4150943243    0.722  1.762  3.7770  2.595    4  0.000  0.526     0.00     0.00     0.00     0.00     0.00 -1    -1e-30      0.00 7.453e-01 2.543e-01 7.186e-05 2.103e-05 1.824e-04 -1.000 4.189e-04 0.364 1.219 0.602 0.314 0.242 0.227 0.229
0.00039019 -1.60000 10.11394 0.7898181677 2.4151107701    0.722  1.768  3.7733  2.574    4  0.000  0.526     0.00     0.00     0.00     0.00     0.00 -1    -1e-30      0.00 7.453e-01 2.543e-01 7.186e-05 2.103e-05 1.824e-04 -1.000 4.188e-04 0.350 1.228 0.601 0.300 0.221 0.202 0.203
0.00039019 -1.60000 10.11394 0.7898638248 2.4151272137    0.722  1.774  3.7698  2.554    4  0.000  0.526     0.00     0.00     0.00     0.00     0.00 -1    -1e-30      0.00 7.453e-01 2.543e-01 7.186e-05 2.103e-05 1.824e-04 -1.000 4.188e-04 0.334 1.235 0.598 0.284 0.199 0.177 0.176
0.00039019 -1.60000 10.11394 0.7899098396 2.4151437839    0.722  1.782  3.7661  2.531    4  0.000  0.526     0.00     0.00     0.00     0.00     0.00 -1    -1e-30      0.00 7.453e-01 2.543e-01 7.186e-05 2.103e-05 1.824e-04 -1.000 4.188e-04 0.314 1.239 0.592 0.265 0.173 0.147 0.145
0.00039019 -1.60000 10.11394 0.7899190187 2.4151470891    0.722  1.784  3.7656  2.528    4  0.000  0.526     0.00     0.00     0.00     0.00     0.00 -1    -1e-30      0.00 7.453e-01 2.543e-01 7.186e-05 2.103e-05 1.824e-04 -1.000 4.188e-04 0.311 1.240 0.591 0.262 0.169 0.143 0.141
0.00039019 -1.60000 10.11394 0.7899662256 2.4151640858    0.722  1.794  3.7615  2.501    4  0.000  0.526     0.00     0.00     0.00     0.00     0.00 -1    -1e-30      0.00 7.453e-01 2.543e-01 7.186e-05 2.103e-05 1.824e-04 -1.000 4.188e-04 0.286 1.242 0.581 0.237 0.137 0.107 0.103
0.00039019 -1.60000 10.11394 0.7900126576 2.4151808013    0.723  1.808  3.7571  2.469    4  0.000  0.526     0.00     0.00     0.00     0.00     0.00 -1    -1e-30      0.00 7.453e-01 2.543e-01 7.186e-05 2.103e-05 1.824e-04 -1.000 4.188e-04 0.251 1.239 0.563 0.203 0.095 0.061 0.055
0.00039019 -1.60000 10.11394 0.7900517583 2.4151948757    0.723  1.838  3.7496  2.409    4  0.000  0.526     0.00     0.00     0.00     0.00     0.00 -1    -1e-30      0.00 7.453e-01 2.543e-01 7.186e-05 2.103e-05 1.824e-04 -1.000 4.188e-04 0.174 1.218 0.515 0.127 0.006 -0.036 -0.045
0.00039019 -1.60000 10.11394 0.7900729775 2.4152025130    0.723  1.878  3.7415  2.337    4  0.000  0.526     0.00     0.00     0.00     0.00     0.00 -1    -1e-30      0.00 7.453e-01 2.543e-01 7.186e-05 2.103e-05 1.824e-04 -1.000 4.188e-04 0.075 1.183 0.448 0.030 -0.104 -0.155 -0.167
0.00039019 -1.60000 10.11394 0.7900825143 2.4152059453    0.723  1.920  3.7342  2.266    4  0.000  0.526     0.00     0.00     0.00     0.00     0.00 -1    -1e-30      0.00 7.453e-01 2.543e-01 7.186e-05 2.103e-05 1.824e-04 -1.000 4.188e-04 -0.029 1.144 0.373 -0.072 -0.219 -0.277 -0.293
0.00039019 -1.60000 10.11394 0.7900868058 2.4152074898    0.723  1.961  3.7279  2.199    4  0.000  0.526     0.00     0.00     0.00     0.00     0.00 -1    -1e-30      0.00 7.453e-01 2.543e-01 7.186e-05 2.103e-05 1.824e-04 -1.000 4.188e-04 -0.133 1.099 0.295 -0.174 -0.331 -0.396 -0.415
0.00039019 -1.60000 10.11394 0.7900887728 2.4152081977    0.723  2.001  3.7229  2.140    4  0.000  0.526     0.00     0.00     0.00     0.00     0.00 -1    -1e-30      0.00 7.453e-01 2.543e-01 7.186e-05 2.103e-05 1.824e-04 -1.000 4.189e-04 -0.232 1.051 0.218 -0.271 -0.436 -0.507 -0.528
0.00039019 -1.60000 10.11394 0.7900896072 2.4152084980    0.723  2.025  3.7202  2.104    7  0.000  0.526     0.00     0.00     0.00     0.00     0.00 -1    -1e-30      0.00 7.453e-01 2.543e-01 7.186e-05 2.103e-05 1.824e-04 -1.000 4.188e-04 -0.293 1.018 0.169 -0.331 -0.501 -0.574 -0.597
0.00039019 -1.60000 10.11394 0.7900905609 2.4152088412    0.723  2.066  3.7163  2.048    7  0.000  0.526     0.00     0.00     0.00     0.00     0.00 -1    -1e-30      0.00 7.453e-01 2.543e-01 7.186e-05 2.103e-05 1.824e-04 -1.000 4.188e-04 -0.395 0.960 0.086 -0.430 -0.607 -0.685 -0.709
0.00039019 -1.60000 10.11394 0.7900915146 2.4152091845    0.723  2.103  3.7131  1.998    7  0.000  0.526     0.00     0.00     0.00     0.00     0.00 -1    -1e-30      0.00 7.453e-01 2.543e-01 7.186e-05 2.103e-05 1.824e-04 -1.000 4.189e-04 -0.487 0.904 0.010 -0.520 -0.702 -0.784 -0.810
0.00039019 -1.60000 10.11394 0.7900923491 2.4152094848    0.723  2.128  3.7110  1.966    7  0.000  0.526     0.00     0.00     0.00     0.00     0.00 -1    -1e-30      0.00 7.453e-01 2.543e-01 7.186e-05 2.103e-05 1.824e-04 -1.000 4.188e-04 -0.549 0.868 -0.042 -0.580 -0.766 -0.851 -0.877
0.00039019 -1.60000 10.11394 0.7900932431 2.4152098065    0.723  2.148  3.7095  1.939    7  0.000  0.526     0.00     0.00     0.00     0.00     0.00 -1    -1e-30      0.00 7.453e-01 2.543e-01 7.186e-05 2.103e-05 1.824e-04 -1.000 4.189e-04 -0.599 0.838 -0.084 -0.630 -0.818 -0.904 -0.932
0.00039019 -1.60000 10.11394 0.7900945544 2.4152102785    0.723  2.162  3.7085  1.921    7  0.000  0.526     0.00     0.00     0.00     0.00     0.00 -1    -1e-30      0.00 7.453e-01 2.543e-01 7.186e-05 2.103e-05 1.824e-04 -1.000 4.188e-04 -0.634 0.816 -0.114 -0.663 -0.854 -0.941 -0.970
0.00039019 -1.60000 10.11394 0.7900970578 2.4152111794    0.723  2.153  3.7092  1.933    7  0.000  0.526     0.00     0.00     0.00     0.00     0.00 -1    -1e-30      0.00 7.453e-01 2.543e-01 7.186e-05 2.103e-05 1.824e-04 -1.000 4.188e-04 -0.612 0.829 -0.096 -0.642 -0.831 -0.918 -0.946
0.00039019 -1.60000 10.11394 0.7901011705 2.4152126595    0.723  2.141  3.7101  1.949    7  0.000  0.526     0.00     0.00     0.00     0.00     0.00 -1    -1e-30      0.00 7.453e-01 2.543e-01 7.186e-05 2.103e-05 1.824e-04 -1.000 4.188e-04 -0.582 0.847 -0.070 -0.613 -0.800 -0.886 -0.913
0.00039019 -1.60000 10.11394 0.7901259065 2.4152215612    0.723  2.154  3.7088  1.930    7  0.000  0.526     0.00     0.00     0.00     0.00     0.00 -1    -1e-30      0.00 7.453e-01 2.543e-01 7.186e-05 2.103e-05 1.824e-04 -1.000 4.188e-04 -0.615 0.831 -0.096 -0.645 -0.835 -0.922 -0.950
0.00039019 -1.60000 10.11394 0.7901409864 2.4152269877    0.723  2.174  3.7071  1.903    7  0.000  0.526     0.00     0.00     0.00     0.00     0.00 -1    -1e-30      0.00 7.453e-01 2.543e-01 7.186e-05 2.103e-05 1.824e-04 -1.000 4.188e-04 -0.665 0.804 -0.137 -0.693 -0.886 -0.975 -1.004
0.00039019 -1.60000 10.11394 0.7901592851 2.4152335721    0.723  2.215  3.7038  1.849    7  0.000  0.526     0.00     0.00     0.00     0.00     0.00 -1    -1e-30      0.00 7.453e-01 2.543e-01 7.186e-05 2.103e-05 1.824e-04 -1.000 4.188e-04 -0.767 0.748 -0.220 -0.792 -0.991 -1.084 -1.115
0.00039019 -1.60000 10.11394 0.7901778817 2.4152402634    0.723  2.257  3.7006  1.794    7  0.000  0.526     0.00     0.00     0.00     0.00     0.00 -1    -1e-30      0.00 7.453e-01 2.543e-01 7.186e-05 2.103e-05 1.824e-04 -1.000 4.188e-04 -0.872 0.688 -0.308 -0.894 -1.099 -1.196 -1.229
0.00039019 -1.60000 10.11394 0.7901946306 2.4152462895    0.723  2.299  3.6974  1.740    7  0.000  0.526     0.00     0.00     0.00     0.00     0.00 -1    -1e-30      0.00 7.453e-01 2.543e-01 7.186e-05 2.103e-05 1.824e-04 -1.000 4.188e-04 -0.977 0.629 -0.394 -0.995 -1.206 -1.307 -1.342
0.00039019 -1.60000 10.11394 0.7902094722 2.4152516291    0.723  2.341  3.6944  1.686    7  0.000  0.526     0.00     0.00     0.00     0.00     0.00 -1    -1e-30      0.00 7.453e-01 2.543e-01 7.186e-05 2.103e-05 1.824e-04 -1.000 4.176e-04 -1.082 0.571 -0.480 -1.096 -1.312 -1.418 -1.454
0.00039019 -1.60000 10.11394 0.7902225852 2.4152563467    0.723  2.383  3.6914  1.632    7  0.000  0.526     0.00     0.00     0.00     0.00     0.00 -1    -1e-30      0.00 7.453e-01 2.543e-01 7.185e-05 2.103e-05 1.824e-04 -1.000 4.173e-04 -1.186 0.513 -0.565 -1.196 -1.418 -1.527 -1.565
0.00039019 -1.60000 10.11394 0.7902340889 2.4152604851    0.723  2.424  3.6884  1.579    7  0.000  0.526     0.00     0.00     0.00     0.00     0.00 -1    -1e-30      0.00 7.453e-01 2.543e-01 7.179e-05 2.104e-05 1.824e-04 -1.000 4.173e-04 -1.290 0.457 -0.650 -1.295 -1.523 -1.636 -1.676
0.00039019 -1.60000 10.11394 0.7902442813 2.4152641517    0.723  2.465  3.6855  1.525    7  0.000  0.524     0.00     0.00     0.00     0.00     0.00 -1    -1e-30      0.00 7.453e-01 2.543e-01 7.159e-05 2.114e-05 1.824e-04 -1.000 4.174e-04 -1.394 0.405 -0.733 -1.393 -1.627 -1.744 -1.785
0.00039019 -1.60000 10.11394 0.7902535796 2.4152674966    0.723  2.507  3.6825  1.471    7  0.000  0.518     6.88     5.48     3.88     3.01     2.43  3    -1e-30      0.00 7.453e-01 2.543e-01 7.099e-05 2.160e-05 1.824e-04 -1.000 4.188e-04 -1.498 0.373 -0.814 -1.496 -1.735 -1.856 -1.899
0.00039019 -1.60000 10.11394 0.7902620435 2.4152705411    0.723  2.549  3.6795  1.417    7  0.000  0.508     7.72     6.04     4.26     3.31     2.68  3    -1e-30      0.00 7.453e-01 2.543e-01 6.979e-05 2.278e-05 1.824e-04 -1.000 4.188e-04 -1.603 0.348 -0.893 -1.598 -1.844 -1.968 -2.013
0.00039019 -1.60000 10.11394 0.7902699709 2.4152733927    0.723  2.592  3.6764  1.363    7  0.000  0.495     8.67     6.67     4.68     3.64     2.95  3    -1e-30      0.00 7.453e-01 2.543e-01 6.806e-05 2.477e-05 1.824e-04 -1.000 4.188e-04 -1.709 0.331 -0.970 -1.701 -1.952 -2.081 -2.128
0.00039019 -1.60000 10.11394 0.7902773619 2.4152760513    0.723  2.634  3.6733  1.308    7  0.000  0.482     9.76     7.37     5.15     4.01     3.25  3    -1e-30      0.00 7.452e-01 2.544e-01 6.627e-05 2.696e-05 1.823e-04 -1.000 3.948e-04 -1.816 0.323 -1.043 -1.803 -2.062 -2.195 -2.244
0.00039019 -1.60000 10.11394 0.7902843952 2.4152785811    0.723  2.677  3.6701  1.252    7  0.000  0.471    10.98     8.14     5.67     4.42     3.58  2    -1e-30      0.00 7.451e-01 2.545e-01 6.465e-05 2.894e-05 1.823e-04 -1.000 4.187e-04 -1.923 0.322 -1.115 -1.906 -2.172 -2.309 -2.361
0.00039019 -1.60000 10.11394 0.7902910709 2.4152809823    0.723  2.720  3.6670  1.197    7  0.000  0.461    12.35     8.99     6.23     4.87     3.94  2    -1e-30      0.00 7.450e-01 2.545e-01 6.327e-05 3.063e-05 1.823e-04 -1.000 4.188e-04 -2.029 0.328 -1.183 -2.007 -2.280 -2.422 -2.475
0.00039019 -1.60000 10.11394 0.7902975082 2.4152832976    0.723  2.762  3.6638  1.142    7  0.000  0.452    13.89     9.94     6.86     5.37     4.34  2    -1e-30      0.00 7.449e-01 2.546e-01 6.211e-05 3.205e-05 1.823e-04 -1.000 4.188e-04 -2.135 0.343 -1.247 -2.107 -2.388 -2.535 -2.590
0.00039019 -1.60000 10.11394 0.7903033495 2.4152853986    0.723  2.804  3.6606  1.087    7  0.000  0.445    15.61    10.97     7.54     5.91     4.78  2    -1e-30      0.00 7.448e-01 2.547e-01 6.110e-05 3.329e-05 1.823e-04 -1.000 4.188e-04 -2.241 0.367 -1.308 -2.205 -2.495 -2.646 -2.705
0.00039019 -1.60000 10.11394 0.7903081775 2.4152871350    0.723  2.844  3.6575  1.035    7  0.000  0.439    17.45    12.06     8.25     6.47     5.24  2    -1e-30      0.00 7.447e-01 2.549e-01 6.028e-05 3.430e-05 1.822e-04 -1.000 4.189e-04 -2.341 0.394 -1.362 -2.296 -2.595 -2.751 -2.812
0.00039019 -1.60000 10.11394 0.7903122902 2.4152886142    0.723  2.884  3.6544  0.982    7  0.000  0.434    19.52    13.26     9.03     7.10     5.75  2    -1e-30      0.00 7.446e-01 2.550e-01 5.956e-05 3.519e-05 1.821e-04 -1.000 4.188e-04 -2.441 0.392 -1.421 -2.384 -2.692 -2.853 -2.917
0.00039019 -1.60000 10.11394 0.7903157473 2.4152898576    0.723  2.925  3.6512  0.929    7  0.000  0.430    21.88    14.61     9.91     7.79     6.32  1    -1e-30      0.00 7.445e-01 2.551e-01 5.891e-05 3.599e-05 1.820e-04 -1.000 3.948e-04 -2.543 0.398 -1.476 -2.471 -2.790 -2.957 -3.023
0.00039019 -1.60000 10.11394 0.7903190851 2.4152910581    0.723  2.970  3.6477  0.870    7  0.000  0.426    24.79    16.24    10.96     8.64     7.00  1    -1e-30      0.00 7.443e-01 2.553e-01 5.832e-05 3.675e-05 1.819e-04 -1.000 4.188e-04 -2.654 0.405 -1.534 -2.566 -2.896 -3.070 -3.139
0.00039019 -1.60000 10.11394 0.7903223634 2.4152922371    0.723  3.017  3.6439  0.808    7  0.000  0.423    28.33    18.19    12.21     9.64     7.82  1    -1e-30      0.00 7.442e-01 2.554e-01 5.785e-05 3.737e-05 1.817e-04 -1.000 4.188e-04 -2.773 0.415 -1.596 -2.666 -3.008 -3.189 -3.261
0.00039019 -1.60000 10.11394 0.7903253436 2.4152933089    0.723  3.061  3.6404  0.750    7  0.000  0.421    32.06    20.21    13.50    10.68     8.66  1    -1e-30      0.00 7.440e-01 2.555e-01 5.749e-05 3.788e-05 1.815e-04 -1.000 4.188e-04 -2.882 0.425 -1.652 -2.758 -3.112 -3.300 -3.375
0.00039019 -1.60000 10.11394 0.7903263569 2.4152936734    0.723  3.083  3.6384  0.719    7  0.000  0.420    34.19    21.34    14.22    11.25     9.13  1    -1e-30      0.00 7.440e-01 2.556e-01 5.729e-05 3.818e-05 1.813e-04 -1.000 4.189e-04 -2.938 0.435 -1.676 -2.802 -3.163 -3.355 -3.432
0.00039019 -1.60000 10.11394 0.7903265357 2.4152937377    0.723  3.100  3.6371  0.698    7  0.000  0.419    35.79    22.18    14.76    11.69     9.48  1    -1e-30      0.00 7.440e-01 2.556e-01 5.722e-05 3.832e-05 1.813e-04 -1.000 4.188e-04 -2.979 0.438 -1.695 -2.835 -3.201 -3.396 -3.474
0.00039019 -1.60000 10.11394 0.7903268337 2.4152938448    0.723  3.120  3.6356  0.671    7  0.000  0.418    37.87    23.27    15.45    12.24     9.93  1    -1e-30      0.00 7.439e-01 2.557e-01 5.708e-05 3.861e-05 1.811e-04 -1.000 4.188e-04 -3.030 0.443 -1.718 -2.876 -3.247 -3.445 -3.525
0.00039019 -1.60000 10.11394 0.7903273106 2.4152940163    0.723  3.148  3.6332  0.634    7  0.000  0.417    41.02    24.90    16.48    13.07    10.61  1    -1e-30      0.00 7.437e-01 2.559e-01 5.681e-05 3.916e-05 1.808e-04 -1.000 4.189e-04 -3.100 0.454 -1.749 -2.932 -3.312 -3.515 -3.596
0.00039019 -1.60000 10.11394 0.7903275490 2.4152941021    0.723  3.353  3.6177  0.367    8  0.541  0.399    72.45    40.34    26.13    20.87    16.95  1 -9.58e-07      0.00 7.350e-01 2.647e-01 5.367e-05 4.885e-05 1.814e-04 -1.000 3.208e-04 -3.611 0.484 -1.952 -3.329 -3.775 -4.015 -4.111
0.00039019 -1.60000 10.11394 0.7903276086 2.4152941235    0.722  3.186  3.6296  0.581    8  0.541  0.395    45.94    27.41    18.07    14.35    11.64  1 -4.46e-07      0.00 7.350e-01 2.647e-01 5.367e-05 4.885e-05 1.814e-04 -1.000 3.208e-04 -3.196 0.480 -1.783 -3.005 -3.398 -3.609 -3.694
0.00039019 -1.60000 10.11394 0.7903276682 2.4152941450    0.722  3.037  3.6424  0.780    8  0.541  0.395    30.01    19.10    12.80    10.11     8.20  1 -2.24e-07      0.00 7.350e-01 2.647e-01 5.367e-05 4.885e-05 1.814e-04 -1.000 3.208e-04 -2.824 0.417 -1.623 -2.709 -3.057 -3.241 -3.314
0.00039019 -1.60000 10.11394 0.7903278470 2.4152942093    0.720  2.843  3.6591  1.041    8  0.541  0.395    17.21    11.92     8.16     6.40     5.18  2 -9.03e-08      0.00 7.350e-01 2.647e-01 5.367e-05 4.885e-05 1.814e-04 -1.000 3.208e-04 -2.337 0.348 -1.378 -2.298 -2.593 -2.746 -2.806
0.00039019 -1.60000 10.11394 0.7903280854 2.4152942950    0.719  2.849  3.6585  1.032    8  0.541  0.395    17.53    12.11     8.28     6.50     5.26  2 -9.34e-08      0.00 7.350e-01 2.647e-01 5.367e-05 4.885e-05 1.814e-04 -1.000 3.208e-04 -2.351 0.357 -1.384 -2.310 -2.607 -2.762 -2.822
0.00039019 -1.60000 10.11394 0.7903283238 2.4152943808    0.716  2.947  3.6500  0.898    8  0.541  0.395    23.31    15.41    10.42     8.21     6.65  1  -1.5e-07      0.00 7.350e-01 2.647e-01 5.367e-05 4.885e-05 1.814e-04 -1.000 3.208e-04 -2.598 0.392 -1.510 -2.521 -2.844 -3.013 -3.080
0.00039019 -1.60000 10.11394 0.7903286815 2.4152945094    0.714  3.107  3.6362  0.681    8  0.542  0.395    37.01    22.80    15.15    12.00     9.74  1  -3.2e-07      0.00 7.350e-01 2.647e-01 5.367e-05 4.885e-05 1.814e-04 -1.000 3.208e-04 -2.998 0.454 -1.697 -2.848 -3.217 -3.414 -3.493
0.00039019 -1.60000 10.11394 0.7903290391 2.4152946380    0.710  3.246  3.6242  0.493    8  0.542  0.395    55.26    32.00    20.94    16.68    13.54  1 -6.16e-07      0.00 7.350e-01 2.647e-01 5.367e-05 4.885e-05 1.814e-04 -1.000 3.208e-04 -3.344 0.516 -1.833 -3.116 -3.530 -3.753 -3.842
0.00039019 -1.60000 10.11394 0.7903295159 2.4152948095    0.707  3.337  3.6162  0.367    8  0.543  0.395    72.17    40.11    25.98    20.76    16.86  1 -9.52e-07      0.00 7.350e-01 2.647e-01 5.367e-05 4.885e-05 1.814e-04 -1.000 3.208e-04 -3.573 0.551 -1.893 -3.280 -3.731 -3.973 -4.071
0.00039019 -1.60000 10.11394 0.7903299928 2.4152949810    0.703  3.388  3.6118  0.296    8  0.543  0.395    83.89    45.52    29.31    23.48    19.07  1 -1.22e-06      0.00 7.350e-01 2.647e-01 5.367e-05 4.885e-05 1.814e-04 -1.000 3.208e-04 -3.699 0.567 -1.920 -3.366 -3.839 -4.094 -4.196
0.00039019 -1.60000 10.11394 0.7903305888 2.4152951953    0.698  3.414  3.6094  0.258    8  0.544  0.395    90.99    48.73    31.27    25.08    20.38  1  -1.4e-06      0.00 7.350e-01 2.647e-01 5.367e-05 4.885e-05 1.814e-04 -1.000 3.208e-04 -3.765 0.577 -1.932 -3.410 -3.895 -4.156 -4.261
0.00039019 -1.60000 10.11394 0.7903311849 2.4152954097    0.693  3.431  3.6078  0.231    8  0.544  0.395    96.11    50.99    32.66    26.21    21.30  1 -1.54e-06      0.00 7.350e-01 2.647e-01 5.367e-05 4.885e-05 1.814e-04 -1.000 3.208e-04 -3.807 0.584 -1.936 -3.436 -3.930 -4.196 -4.302
0.00039019 -1.60000 10.11394 0.7903338671 2.4152963743    0.545 -9.999  4.0000  1.757    9  0.546  0.000     0.00     0.00     0.00     0.00     0.00 -1    -1e-30      0.00 7.350e-01 2.647e-01 5.367e-05 4.885e-05 1.814e-04 -1.000 3.209e-04 29.767 30.102 29.965 30.242 30.471 30.552 30.640
