# Zini     MH   logAge Mini        int_IMF         Mass   logL    logTe  logg  label   McoreTP C_O  period0  period1  period2  period3  period4  pmode  Mloss  tau1m   X   Y   Xc  Xn  Xo  Cexcess  Z 	 mbolmag  umag    gmag    rmag    imag    zmag    Ymag
0.0010968 -1.15000 10.11394 0.0900000036 1.0816895926    0.090 -3.217  3.4542  5.378    1  0.000  0.545     0.00     0.00     0.00     0.00     0.00 -1  -3.8e-17      0.00 7.461e-01 2.528e-01 2.038e-04 5.498e-05 4.986e-04 -1.000 1.133e-03 12.812 18.036 16.827 14.979 12.903 12.205 12.069
0.0010968 -1.15000 10.11394 0.0975385234 1.1502095554    0.098 -3.025  3.4816  5.330    1  0.000  0.545     0.00     0.00     0.00     0.00     0.00 -1 -7.14e-17      0.00 7.450e-01 2.539e-01 2.038e-04 5.498e-05 4.986e-04 -1.000 1.133e-03 12.332 17.469 15.719 13.910 12.307 11.746 11.619
0.0010968 -1.15000 10.11394 0.1000000015 1.1711064122    0.100 -2.965  3.4900  5.315    1  0.000  0.545     0.00     0.00     0.00     0.00     0.00 -1 -9.48e-17      0.00 7.446e-01 2.542e-01 2.038e-04 5.498e-05 4.986e-04 -1.000 1.133e-03 12.183 17.269 15.382 13.592 12.129 11.606 11.482
0.0010968 -1.15000 10.11394 0.1199999899 1.3193153758    0.120 -2.682  3.5229  5.243    1  0.000  0.545     0.00     0.00     0.00     0.00     0.00 -1 -1.81e-16      0.00 7.422e-01 2.567e-01 2.038e-04 5.498e-05 4.987e-04 -1.000 1.133e-03 11.475 16.194 14.030 12.362 11.335 10.931 10.816
0.0010968 -1.15000 10.11394 0.1400000006 1.4384526719    0.140 -2.499  3.5395  5.193    1  0.000  0.545     0.00     0.00     0.00     0.00     0.00 -1 -2.69e-16      0.00 7.404e-01 2.585e-01 2.038e-04 5.498e-05 4.987e-04 -1.000 1.133e-03 11.018 15.475 13.296 11.706 10.847 10.488 10.379
0.0010968 -1.15000 10.11394 0.1599999964 1.5372931554    0.160 -2.358  3.5501  5.153    1  0.000  0.545     0.00     0.00     0.00     0.00     0.00 -1 -2.58e-16      0.00 7.390e-01 2.598e-01 2.038e-04 5.498e-05 4.987e-04 -1.000 1.133e-03 10.666 14.941 12.782 11.245 10.479 10.145 10.040
0.0010968 -1.15000 10.11394 0.2000000179 1.6938791367    0.200 -2.136  3.5643  5.084    1  0.000  0.545     0.00     0.00     0.00     0.00     0.00 -1 -5.89e-16      0.00 7.376e-01 2.613e-01 2.038e-04 5.498e-05 4.987e-04 -1.000 1.133e-03 10.111 14.125 12.026 10.562 9.907 9.604 9.505
0.0010968 -1.15000 10.11394 0.2500000000 1.8403257998    0.250 -1.931  3.5756  5.022    1  0.000  0.545     0.00     0.00     0.00     0.00     0.00 -1 -5.64e-18      0.00 7.374e-01 2.615e-01 2.038e-04 5.498e-05 4.987e-04 -1.000 1.133e-03 9.599 13.408 11.368 9.966 9.384 9.103 9.008
0.0010968 -1.15000 10.11394 0.3000000417 1.9529140366    0.300 -1.775  3.5841  4.978    1  0.000  0.545     0.00     0.00     0.00     0.00     0.00 -1  -8.9e-20      0.00 7.376e-01 2.612e-01 2.038e-04 5.499e-05 4.987e-04 -1.000 1.133e-03 9.208 12.865 10.875 9.523 8.986 8.720 8.629
0.0010968 -1.15000 10.11394 0.3499999940 2.0434174644    0.350 -1.646  3.5913  4.946    1  0.000  0.545     0.00     0.00     0.00     0.00     0.00 -1 -1.04e-15      0.00 7.477e-01 2.512e-01 2.038e-04 5.498e-05 4.986e-04 -1.000 1.133e-03 8.886 12.415 10.469 9.162 8.659 8.405 8.317
0.0010968 -1.15000 10.11394 0.4000000060 2.1185024399    0.400 -1.495  3.6026  4.897    1  0.000  0.545     0.00     0.00     0.00     0.00     0.00 -1 -2.26e-15      0.00 7.485e-01 2.504e-01 2.038e-04 5.498e-05 4.986e-04 -1.000 1.133e-03 8.507 11.853 9.968 8.733 8.271 8.036 7.954
0.0010968 -1.15000 10.11394 0.4500000179 2.1822809362    0.450 -1.315  3.6203  4.839    1  0.000  0.545     0.00     0.00     0.00     0.00     0.00 -1 -3.45e-15      0.00 7.485e-01 2.504e-01 2.038e-04 5.498e-05 4.986e-04 -1.000 1.133e-03 8.058 11.136 9.337 8.216 7.812 7.604 7.531
0.0010968 -1.15000 10.11394 0.5000000000 2.2374541529    0.500 -1.109  3.6492  4.794    1  0.000  0.545     0.00     0.00     0.00     0.00     0.00 -1 -5.55e-15      0.00 7.485e-01 2.504e-01 2.038e-04 5.498e-05 4.986e-04 -1.000 1.133e-03 7.541 10.201 8.537 7.604 7.287 7.123 7.064
0.0010968 -1.15000 10.11394 0.5500000715 2.2836583126    0.550 -0.880  3.6810  4.734    1  0.000  0.544     0.00     0.00     0.00     0.00     0.00 -1 -9.58e-15      0.00 7.856e-01 2.135e-01 1.759e-04 4.749e-05 4.309e-04 -1.000 9.401e-04 6.971 9.104 7.688 6.952 6.713 6.596 6.553
0.0010968 -1.15000 10.11394 0.6000000238 2.3211213258    0.600 -0.667  3.7111  4.680    1  0.000  0.544     0.00     0.00     0.00     0.00     0.00 -1 -1.59e-14      0.00 7.951e-01 2.039e-01 1.692e-04 4.572e-05 4.151e-04 -1.000 9.971e-04 6.438 8.093 6.962 6.372 6.187 6.108 6.082
0.0010968 -1.15000 10.11394 0.6021275520 2.3225574416    0.602 -0.658  3.7125  4.677    1  0.000  0.544     0.00     0.00     0.00     0.00     0.00 -1 -1.63e-14      0.00 7.955e-01 2.035e-01 1.689e-04 4.564e-05 4.143e-04 -1.000 9.983e-04 6.415 8.050 6.932 6.348 6.165 6.087 6.062
0.0010968 -1.15000 10.11394 0.6148760915 2.3309240242    0.615 -0.602  3.7209  4.664    1  0.000  0.543     0.00     0.00     0.00     0.00     0.00 -1 -8.57e-15      0.00 7.982e-01 2.008e-01 1.670e-04 4.513e-05 4.098e-04 -1.000 9.624e-04 6.274 7.797 6.750 6.200 6.030 5.963 5.942
0.0010968 -1.15000 10.11394 0.6272417307 2.3386667754    0.627 -0.547  3.7289  4.649    1  0.000  0.543     0.00     0.00     0.00     0.00     0.00 -1 -7.59e-18      0.00 8.009e-01 1.982e-01 1.651e-04 4.462e-05 4.052e-04 -1.000 9.111e-04 6.136 7.560 6.578 6.059 5.901 5.843 5.826
0.0010968 -1.15000 10.11394 0.6387577057 2.3455683439    0.638 -0.495  3.7362  4.635    1  0.000  0.543     0.00     0.00     0.00     0.00     0.00 -1 -8.06e-18      0.00 8.035e-01 1.956e-01 1.633e-04 4.413e-05 4.009e-04 -1.000 9.067e-04 6.007 7.349 6.421 5.928 5.781 5.730 5.717
0.0010968 -1.15000 10.11394 0.6499999762 2.3520353107    0.650 -0.444  3.7432  4.620    1  0.000  0.543     0.00     0.00     0.00     0.00     0.00 -1 -2.74e-14      0.00 8.061e-01 1.930e-01 1.614e-04 4.364e-05 3.965e-04 -1.000 9.068e-04 5.881 7.147 6.269 5.801 5.664 5.621 5.611
0.0010968 -1.15000 10.11394 0.6507497430 2.3524574731    0.650 -0.441  3.7437  4.619    1  0.000  0.543     0.00     0.00     0.00     0.00     0.00 -1 -2.76e-14      0.00 8.063e-01 1.928e-01 1.613e-04 4.360e-05 3.961e-04 -1.000 9.067e-04 5.872 7.134 6.259 5.792 5.657 5.614 5.604
0.0010968 -1.15000 10.11394 0.6628718376 2.3591307866    0.663 -0.385  3.7505  4.599    1  0.000  0.543     0.00     0.00     0.00     0.00     0.00 -1  -2.6e-14      0.00 8.098e-01 1.893e-01 1.588e-04 4.296e-05 3.903e-04 -1.000 9.053e-04 5.733 6.924 6.096 5.655 5.530 5.495 5.488
0.0010968 -1.15000 10.11394 0.6747440696 2.3653999861    0.674 -0.330  3.7569  4.576    1  0.000  0.542     0.00     0.00     0.00     0.00     0.00 -1    -3e-15      0.00 8.133e-01 1.858e-01 1.564e-04 4.230e-05 3.844e-04 -1.000 8.537e-04 5.594 6.722 5.936 5.520 5.405 5.377 5.373
0.0010968 -1.15000 10.11394 0.6853097081 2.3707696688    0.685 -0.279  3.7625  4.555    1  0.000  0.542     0.00     0.00     0.00     0.00     0.00 -1 -7.85e-19      0.00 8.167e-01 1.824e-01 1.541e-04 4.169e-05 3.790e-04 -1.000 8.760e-04 5.468 6.544 5.792 5.397 5.291 5.268 5.267
0.0010968 -1.15000 10.11394 0.6957928538 2.3759125009    0.696 -0.227  3.7678  4.531    1  0.000  0.542     0.00     0.00     0.00     0.00     0.00 -1 -2.17e-15      0.00 8.201e-01 1.790e-01 1.517e-04 4.105e-05 3.733e-04 -1.000 8.299e-04 5.338 6.370 5.647 5.272 5.174 5.157 5.158
0.0010968 -1.15000 10.11394 0.6999999881 2.3779266974    0.700 -0.206  3.7699  4.520    1  0.000  0.542     0.00     0.00     0.00     0.00     0.00 -1 -5.12e-14      0.00 8.216e-01 1.776e-01 1.507e-04 4.079e-05 3.709e-04 -1.000 8.066e-04 5.285 6.299 5.588 5.221 5.126 5.110 5.112
0.0010968 -1.15000 10.11394 0.7056454420 2.3805861493    0.705 -0.177  3.7726  4.505    1  0.000  0.540     0.00     0.00     0.00     0.00     0.00 -1 -5.55e-14      0.00 8.240e-01 1.752e-01 1.488e-04 4.035e-05 3.670e-04 -1.000 8.079e-04 5.211 6.204 5.508 5.150 5.059 5.047 5.049
0.0010968 -1.15000 10.11394 0.7163490653 2.3854963070    0.716 -0.118  3.7775  4.473    1  0.000  0.539     0.00     0.00     0.00     0.00     0.00 -1 -8.03e-15      0.00 8.288e-01 1.704e-01 1.451e-04 3.945e-05 3.591e-04 -1.000 8.068e-04 5.066 6.020 5.349 5.010 4.927 4.919 4.924
0.0010968 -1.15000 10.11394 0.7264062762 2.3899586174    0.726 -0.061  3.7819  4.439    1  0.000  0.537     0.00     0.00     0.00     0.00     0.00 -1 -7.09e-15      0.00 8.336e-01 1.656e-01 1.414e-04 3.856e-05 3.512e-04 -1.000 8.067e-04 4.922 5.844 5.193 4.871 4.794 4.791 4.797
0.0010968 -1.15000 10.11394 0.7356633544 2.3939421478    0.735 -0.004  3.7858  4.403    1  0.000  0.535     0.00     0.00     0.00     0.00     0.00 -1 -1.74e-18      0.00 8.383e-01 1.609e-01 1.378e-04 3.769e-05 3.435e-04 -1.000 8.045e-04 4.780 5.677 5.041 4.733 4.663 4.663 4.670
0.0010968 -1.15000 10.11394 0.7436909676 2.3973044385    0.743  0.049  3.7888  4.367    1  0.000  0.533     0.00     0.00     0.00     0.00     0.00 -1    -9e-16      0.00 8.425e-01 1.567e-01 1.347e-04 3.692e-05 3.366e-04 -1.000 8.010e-04 4.648 5.526 4.901 4.604 4.539 4.542 4.550
0.0010968 -1.15000 10.11394 0.7500000000 2.3998889087    0.749  0.092  3.7911  4.337    1  0.000  0.532     0.00     0.00     0.00     0.00     0.00 -1 -1.21e-13      0.00 8.458e-01 1.534e-01 1.323e-04 3.631e-05 3.313e-04 -1.000 7.936e-04 4.540 5.405 4.788 4.499 4.437 4.443 4.452
0.0010968 -1.15000 10.11394 0.7502242923 2.3999798694    0.750  0.093  3.7911  4.336    1  0.000  0.532     0.00     0.00     0.00     0.00     0.00 -1 -1.21e-13      0.00 8.459e-01 1.533e-01 1.322e-04 3.629e-05 3.311e-04 -1.000 7.933e-04 4.537 5.401 4.784 4.495 4.434 4.439 4.448
0.0010968 -1.15000 10.11394 0.7596567869 2.4037493231    0.759  0.162  3.7937  4.283    1  0.000  0.531     0.00     0.00     0.00     0.00     0.00 -1  -1.5e-13      0.00 8.501e-01 1.492e-01 1.297e-04 3.562e-05 3.252e-04 -1.000 7.298e-04 4.364 5.212 4.604 4.326 4.268 4.276 4.286
0.0010968 -1.15000 10.11394 0.7679755688 2.4069854935    0.767  0.229  3.7953  4.228    1  0.000  0.531     0.00     0.00     0.00     0.00     0.00 -1 -1.86e-13      0.00 8.513e-01 1.479e-01 1.291e-04 3.547e-05 3.239e-04 -1.000 7.380e-04 4.198 5.036 4.432 4.161 4.107 4.116 4.127
0.0010968 -1.15000 10.11394 0.7698459625 2.4077020475    0.769  0.245  3.7956  4.214    1  0.000  0.531     0.00     0.00     0.00     0.00     0.00 -1 -8.52e-15      0.00 8.514e-01 1.479e-01 1.291e-04 3.548e-05 3.240e-04 -1.000 7.418e-04 4.158 4.995 4.391 4.121 4.068 4.077 4.088
0.0010968 -1.15000 10.11394 0.7727689743 2.4088138789    0.772  0.272  3.7954  4.187    1  0.000  0.531     0.00     0.00     0.00     0.00     0.00 -1 -1.26e-14      0.00 8.515e-01 1.478e-01 1.291e-04 3.549e-05 3.241e-04 -1.000 7.466e-04 4.090 4.926 4.323 4.053 3.999 4.008 4.019
0.0010968 -1.15000 10.11394 0.7786116600 2.4110075261    0.778  0.330  3.7940  4.127    1  0.000  0.531     0.00     0.00     0.00     0.00     0.00 -1 -6.65e-16      0.00 8.516e-01 1.477e-01 1.293e-04 3.555e-05 3.246e-04 -1.000 7.603e-04 3.945 4.786 4.179 3.906 3.850 3.858 3.868
0.0010968 -1.15000 10.11394 0.7832832932 2.4127344499    0.782  0.381  3.7915  4.068    1  0.000  0.531     0.00     0.00     0.00     0.00     0.00 -1  -6.2e-19      0.00 8.514e-01 1.478e-01 1.298e-04 3.568e-05 3.259e-04 -1.000 7.934e-04 3.817 4.670 4.056 3.776 3.717 3.722 3.731
0.0010968 -1.15000 10.11394 0.7848300338 2.4133010134    0.784  0.402  3.7895  4.040    2  0.000  0.531     0.00     0.00     0.00     0.00     0.00 -1 -2.24e-18      0.00 8.506e-01 1.487e-01 1.307e-04 3.595e-05 3.283e-04 -1.000 7.830e-04 3.766 4.629 4.010 3.723 3.661 3.665 3.673
0.0010968 -1.15000 10.11394 0.7878775001 2.4144098035    0.787  0.444  3.7839  3.977    2  0.000  0.531     0.00     0.00     0.00     0.00     0.00 -1 -2.86e-17      0.00 8.468e-01 1.524e-01 1.344e-04 3.697e-05 3.376e-04 -1.000 7.684e-04 3.659 4.553 3.916 3.611 3.541 3.539 3.545
0.0010968 -1.15000 10.11394 0.7900843024 2.4152065888    0.789  0.479  3.7777  3.919    2  0.000  0.531     0.00     0.00     0.00     0.00     0.00 -1 -1.85e-16      0.00 8.356e-01 1.636e-01 1.433e-04 3.938e-05 3.595e-04 -1.000 7.812e-04 3.573 4.504 3.845 3.519 3.440 3.432 3.436
0.0010968 -1.15000 10.11394 0.7920336127 2.4159061588    0.791  0.513  3.7692  3.852    2  0.000  0.533     0.00     0.00     0.00     0.00     0.00 -1  -9.9e-16      0.00 8.127e-01 1.864e-01 1.593e-04 4.372e-05 3.986e-04 -1.000 8.736e-04 3.487 4.476 3.783 3.429 3.336 3.320 3.320
0.0010968 -1.15000 10.11394 0.7933093905 2.4163618710    0.792  0.538  3.7613  3.796    2  0.000  0.534     0.00     0.00     0.00     0.00     0.00 -1 -3.04e-15      0.00 7.951e-01 2.040e-01 1.709e-04 4.682e-05 4.264e-04 -1.000 9.712e-04 3.424 4.471 3.743 3.361 3.256 3.232 3.229
0.0010968 -1.15000 10.11394 0.7944285870 2.4167602661    0.793  0.567  3.7532  3.735    2  0.000  0.535     0.00     0.00     0.00     0.00     0.00 -1 -8.33e-15      0.00 7.823e-01 2.166e-01 1.789e-04 4.896e-05 4.455e-04 -1.000 1.015e-03 3.352 4.464 3.697 3.287 3.170 3.137 3.131
0.0010968 -1.15000 10.11394 0.7953981161 2.4171043428    0.794  0.603  3.7459  3.670    2  0.000  0.536     0.00     0.00     0.00     0.00     0.00 -1 -2.08e-14      0.00 7.744e-01 2.246e-01 1.838e-04 5.028e-05 4.572e-04 -1.000 1.020e-03 3.263 4.434 3.632 3.197 3.069 3.028 3.019
0.0010968 -1.15000 10.11394 0.7961431146 2.4173680810    0.795  0.641  3.7409  3.613    2  0.000  0.536     0.00     0.00     0.00     0.00     0.00 -1 -4.34e-14      0.00 7.698e-01 2.292e-01 1.866e-04 5.103e-05 4.640e-04 -1.000 1.056e-03 3.168 4.382 3.556 3.104 2.968 2.922 2.910
0.0010968 -1.15000 10.11394 0.7966451049 2.4175454717    0.795  0.670  3.7378  3.572    2  0.000  0.536     0.00     0.00     0.00     0.00     0.00 -1 -7.25e-14      0.00 7.671e-01 2.318e-01 1.882e-04 5.145e-05 4.677e-04 -1.000 1.113e-03 3.095 4.335 3.494 3.032 2.891 2.842 2.829
0.0010968 -1.15000 10.11394 0.7967587709 2.4175856027    0.795  0.678  3.7372  3.562    3  0.000  0.537     0.00     0.00     0.00     0.00     0.00 -1  -8.2e-14      0.00 7.666e-01 2.323e-01 1.885e-04 5.152e-05 4.683e-04 -1.000 1.115e-03 3.075 4.321 3.476 3.013 2.871 2.821 2.808
0.0010968 -1.15000 10.11394 0.7973572612 2.4177966889    0.796  0.722  3.7345  3.507    3  0.000  0.537     0.00     0.00     0.00     0.00     0.00 -1 -1.54e-13      0.00 7.640e-01 2.349e-01 1.898e-04 5.188e-05 4.715e-04 -1.000 1.119e-03 2.965 4.234 3.376 2.904 2.758 2.705 2.690
0.0010968 -1.15000 10.11394 0.7978616953 2.4179743190    0.796  0.763  3.7325  3.458    3  0.000  0.537     0.00     0.00     0.00     0.00     0.00 -1 -2.68e-13      0.00 7.619e-01 2.370e-01 1.908e-04 5.213e-05 4.738e-04 -1.000 1.033e-03 2.862 4.149 3.281 2.802 2.654 2.598 2.582
0.0010968 -1.15000 10.11394 0.7984218001 2.4181712505    0.797  0.813  3.7306  3.401    3  0.000  0.537     0.00     0.00     0.00     0.00     0.00 -1 -5.01e-13      0.00 7.597e-01 2.392e-01 1.916e-04 5.237e-05 4.759e-04 -1.000 1.117e-03 2.738 4.042 3.164 2.679 2.528 2.470 2.453
0.0010968 -1.15000 10.11394 0.7989396453 2.4183530410    0.797  0.862  3.7288  3.344    3  0.000  0.537     0.00     0.00     0.00     0.00     0.00 -1 -9.09e-13      0.00 7.578e-01 2.412e-01 1.922e-04 5.256e-05 4.776e-04 -1.000 1.033e-03 2.614 3.935 3.047 2.557 2.403 2.343 2.325
0.0010968 -1.15000 10.11394 0.7994595170 2.4185352706    0.798  0.916  3.7271  3.284    3  0.000  0.537     0.00     0.00     0.00     0.00     0.00 -1 -1.68e-12      0.00 7.555e-01 2.433e-01 1.928e-04 5.274e-05 4.791e-04 -1.000 1.119e-03 2.479 3.815 2.919 2.424 2.267 2.204 2.186
0.0010968 -1.15000 10.11394 0.7999201417 2.4186965049    0.798  0.969  3.7255  3.225    3  0.000  0.536     0.00     0.00     0.00     0.00     0.00 -1 -2.96e-12      0.00 7.538e-01 2.452e-01 1.930e-04 5.292e-05 4.801e-04 -1.000 1.033e-03 2.348 3.698 2.794 2.294 2.135 2.071 2.051
0.0010968 -1.15000 10.11394 0.8000000119 2.4187244405    0.798  0.979  3.7252  3.214    3  0.000  0.536     0.00     0.00     0.00     0.00     0.00 -1 -3.27e-12      0.00 7.534e-01 2.455e-01 1.929e-04 5.297e-05 4.803e-04 -1.000 1.051e-03 2.323 3.676 2.770 2.270 2.110 2.045 2.026
0.0010968 -1.15000 10.11394 0.8003104925 2.4188329739    0.798  1.017  3.7240  3.171    3  0.000  0.535     0.00     0.00     0.00     0.00     0.00 -1 -3.76e-12      0.00 7.521e-01 2.468e-01 1.928e-04 5.315e-05 4.810e-04 -1.000 1.120e-03 2.227 3.591 2.679 2.174 2.013 1.947 1.927
0.0010968 -1.15000 10.11394 0.8006159067 2.4189396418    0.798  1.058  3.7228  3.125    3  0.000  0.533     0.00     0.00     0.00     0.00     0.00 -1 -4.36e-12      0.00 7.509e-01 2.480e-01 1.925e-04 5.342e-05 4.816e-04 -1.000 1.034e-03 2.124 3.499 2.581 2.073 1.910 1.842 1.821
0.0010968 -1.15000 10.11394 0.8009540439 2.4190576293    0.799  1.108  3.7213  3.070    3  0.000  0.531     0.00     0.00     0.00     0.00     0.00 -1  -5.2e-12      0.00 7.496e-01 2.493e-01 1.920e-04 5.390e-05 4.821e-04 -1.000 1.119e-03 2.001 3.389 2.464 1.951 1.786 1.717 1.695
0.0010968 -1.15000 10.11394 0.8012773395 2.4191703310    0.799  1.159  3.7196  3.012    3  0.000  0.528     0.00     0.00     0.00     0.00     0.00 -1 -6.25e-12      0.00 7.484e-01 2.505e-01 1.911e-04 5.466e-05 4.826e-04 -1.000 1.122e-03 1.872 3.276 2.342 1.824 1.656 1.585 1.562
0.0010968 -1.15000 10.11394 0.8015701175 2.4192723040    0.799  1.210  3.7179  2.954    3  0.000  0.526     0.00     0.00     0.00     0.00     0.00 -1 -7.53e-12      0.00 7.475e-01 2.514e-01 1.903e-04 5.546e-05 4.829e-04 -1.000 1.130e-03 1.744 3.166 2.222 1.698 1.527 1.453 1.430
0.0010968 -1.15000 10.11394 0.8018257022 2.4193612527    0.799  1.260  3.7163  2.898    3  0.000  0.523     0.00     0.00     0.00     0.00     0.00 -1 -8.99e-12      0.00 7.467e-01 2.522e-01 1.896e-04 5.630e-05 4.832e-04 -1.000 1.045e-03 1.621 3.061 2.106 1.576 1.403 1.327 1.302
0.0010968 -1.15000 10.11394 0.8020567894 2.4194416197    0.799  1.308  3.7145  2.842    3  0.000  0.521     0.00     0.00     0.00     0.00     0.00 -1 -1.07e-11      0.00 7.461e-01 2.527e-01 1.889e-04 5.700e-05 4.834e-04 -1.000 1.123e-03 1.499 2.959 1.993 1.457 1.280 1.202 1.177
0.0010968 -1.15000 10.11394 0.8022646904 2.4195138776    0.799  1.356  3.7127  2.787    3  0.000  0.520     0.00     0.00     0.00     0.00     0.00 -1 -1.27e-11      0.00 7.458e-01 2.531e-01 1.884e-04 5.754e-05 4.835e-04 -1.000 1.046e-03 1.380 2.859 1.882 1.340 1.160 1.080 1.053
0.0010968 -1.15000 10.11394 0.8024576306 2.4195808972    0.799  1.405  3.7109  2.732    3  0.000  0.519     0.00     0.00     0.00     0.00     0.00 -1 -1.52e-11      0.00 7.456e-01 2.533e-01 1.881e-04 5.787e-05 4.836e-04 -1.000 1.041e-03 1.258 2.757 1.769 1.220 1.037 0.955 0.927
0.0010968 -1.15000 10.11394 0.8026284575 2.4196402046    0.799  1.452  3.7090  2.677    3  0.000  0.519     0.00     0.00     0.00     0.00     0.00 -1 -1.81e-11      0.00 7.455e-01 2.534e-01 1.880e-04 5.804e-05 4.836e-04 -1.000 1.039e-03 1.140 2.661 1.660 1.105 0.918 0.833 0.805
0.0010968 -1.15000 10.11394 0.8027877808 2.4196954920    0.799  1.500  3.7070  2.620    3  0.000  0.518     0.00     0.00     0.00     0.00     0.00 -1 -2.15e-11      0.00 7.455e-01 2.535e-01 1.880e-04 5.807e-05 4.836e-04 -1.000 1.039e-03 1.019 2.564 1.550 0.987 0.797 0.710 0.679
0.0010968 -1.15000 10.11394 0.8029285669 2.4197443258    0.799  1.547  3.7050  2.566    3  0.000  0.518     0.00     0.00     0.00     0.00     0.00 -1 -2.56e-11      0.00 7.455e-01 2.535e-01 1.880e-04 5.809e-05 4.836e-04 -1.000 1.039e-03 0.902 2.470 1.443 0.873 0.680 0.590 0.558
0.0010968 -1.15000 10.11394 0.8030540943 2.4197878502    0.799  1.592  3.7030  2.512    3  0.000  0.518     0.00     0.00     0.00     0.00     0.00 -1 -3.02e-11      0.00 7.455e-01 2.535e-01 1.880e-04 5.811e-05 4.836e-04 -1.000 1.040e-03 0.789 2.380 1.340 0.763 0.566 0.473 0.441
0.0010968 -1.15000 10.11394 0.8031705022 2.4198281986    0.799  1.638  3.7010  2.459    3  0.000  0.518     0.00     0.00     0.00     0.00     0.00 -1 -3.57e-11      0.00 7.455e-01 2.535e-01 1.879e-04 5.814e-05 4.836e-04 -1.000 1.040e-03 0.675 2.292 1.236 0.650 0.450 0.355 0.322
0.0010968 -1.15000 10.11394 0.8032737970 2.4198639907    0.799  1.682  3.6989  2.406    3  0.000  0.518     0.00     0.00     0.00     0.00     0.00 -1  -4.2e-11      0.00 7.455e-01 2.535e-01 1.879e-04 5.815e-05 4.836e-04 -1.000 1.040e-03 0.565 2.212 1.138 0.543 0.339 0.241 0.207
0.0010968 -1.15000 10.11394 0.8033711910 2.4198977283    0.799  1.727  3.6968  2.353    3  0.000  0.518     0.00     0.00     0.00     0.00     0.00 -1 -4.95e-11      0.00 7.455e-01 2.535e-01 1.879e-04 5.817e-05 4.837e-04 -1.000 1.040e-03 0.452 2.130 1.038 0.433 0.226 0.126 0.090
0.0010968 -1.15000 10.11394 0.8034589291 2.4199281131    0.799  1.771  3.6947  2.300    3  0.000  0.518     0.00     0.00     0.00     0.00     0.00 -1 -5.81e-11      0.00 7.454e-01 2.535e-01 1.879e-04 5.819e-05 4.837e-04 -1.000 1.040e-03 0.343 2.053 0.941 0.327 0.116 0.013 -0.024
0.0010968 -1.15000 10.11394 0.8035409451 2.4199565093    0.799  1.814  3.6925  2.248    3  0.000  0.518     0.00     0.00     0.00     0.00     0.00 -1 -6.82e-11      0.00 7.454e-01 2.535e-01 1.879e-04 5.820e-05 4.837e-04 -1.000 1.041e-03 0.235 1.976 0.846 0.222 0.007 -0.099 -0.137
0.0010968 -1.15000 10.11394 0.8036195040 2.4199837024    0.798  1.857  3.6903  2.196    3  0.000  0.518     0.00     0.00     0.00     0.00     0.00 -1    -8e-11      0.00 7.454e-01 2.535e-01 1.879e-04 5.821e-05 4.837e-04 -1.000 1.041e-03 0.127 1.900 0.751 0.117 -0.101 -0.210 -0.250
0.0010968 -1.15000 10.11394 0.8037000895 2.4200115906    0.798  1.899  3.6881  2.146    3  0.000  0.518     0.00     0.00     0.00     0.00     0.00 -1 -9.33e-11      0.00 7.454e-01 2.535e-01 1.879e-04 5.823e-05 4.837e-04 -1.000 1.041e-03 0.023 1.830 0.661 0.017 -0.205 -0.317 -0.358
0.0010968 -1.15000 10.11394 0.8037733436 2.4200369360    0.798  1.920  3.6872  2.120    3  0.000  0.518     0.00     0.00     0.00     0.00     0.00 -1 -1.02e-10      0.00 7.454e-01 2.535e-01 1.879e-04 5.824e-05 4.837e-04 -1.000 1.041e-03 -0.031 1.791 0.613 -0.035 -0.259 -0.372 -0.413
0.0010968 -1.15000 10.11394 0.8038324714 2.4200573900    0.797  1.902  3.6886  2.144    3  0.000  0.518     0.00     0.00     0.00     0.00     0.00 -1 -9.55e-11      0.00 7.454e-01 2.535e-01 1.879e-04 5.825e-05 4.837e-04 -1.000 1.041e-03 0.014 1.815 0.649 0.008 -0.214 -0.326 -0.366
0.0010968 -1.15000 10.11394 0.8038429618 2.4200610186    0.797  1.899  3.6888  2.148    3  0.000  0.518     0.00     0.00     0.00     0.00     0.00 -1 -9.43e-11      0.00 7.454e-01 2.535e-01 1.879e-04 5.825e-05 4.837e-04 -1.000 1.041e-03 0.023 1.820 0.656 0.015 -0.206 -0.317 -0.357
0.0010968 -1.15000 10.11394 0.8038910031 2.4200776344    0.797  1.934  3.6870  2.105    3  0.000  0.518     0.00     0.00     0.00     0.00     0.00 -1 -1.06e-10      0.00 7.454e-01 2.535e-01 1.879e-04 5.826e-05 4.837e-04 -1.000 1.041e-03 -0.065 1.761 0.580 -0.069 -0.294 -0.407 -0.449
0.0010968 -1.15000 10.11394 0.8039439917 2.4200959586    0.797  1.975  3.6847  2.055    3  0.000  0.518     0.00     0.00     0.00     0.00     0.00 -1 -1.24e-10      0.00 7.454e-01 2.535e-01 1.879e-04 5.827e-05 4.837e-04 -1.000 1.041e-03 -0.168 1.695 0.493 -0.166 -0.396 -0.512 -0.555
0.0010968 -1.15000 10.11394 0.8039951324 2.4201136412    0.796  2.017  3.6824  2.004    3  0.000  0.518     0.00     0.00     0.00     0.00     0.00 -1 -1.44e-10      0.00 7.454e-01 2.536e-01 1.878e-04 5.828e-05 4.837e-04 -1.000 1.042e-03 -0.272 1.628 0.404 -0.266 -0.499 -0.619 -0.663
0.0010968 -1.15000 10.11394 0.8040419221 2.4201298170    0.796  2.057  3.6801  1.954    3  0.000  0.518     0.00     0.00     0.00     0.00     0.00 -1 -1.68e-10      0.00 7.454e-01 2.536e-01 1.878e-04 5.829e-05 4.837e-04 -1.000 1.042e-03 -0.374 1.577 0.318 -0.366 -0.603 -0.725 -0.771
0.0010968 -1.15000 10.11394 0.8040862083 2.4201451254    0.796  2.099  3.6776  1.902    3  0.000  0.518     0.00     0.00     0.00     0.00     0.00 -1 -1.96e-10      0.00 7.454e-01 2.536e-01 1.878e-04 5.829e-05 4.837e-04 -1.000 1.042e-03 -0.477 1.531 0.234 -0.468 -0.708 -0.833 -0.881
0.0010968 -1.15000 10.11394 0.8041261435 2.4201589281    0.795  2.139  3.6753  1.853    3  0.000  0.518     0.00     0.00     0.00     0.00     0.00 -1 -2.28e-10      0.00 7.454e-01 2.536e-01 1.878e-04 5.830e-05 4.837e-04 -1.000 1.042e-03 -0.578 1.489 0.153 -0.566 -0.810 -0.938 -0.987
0.0010968 -1.15000 10.11394 0.8041632175 2.4201717406    0.795  2.179  3.6728  1.802    3  0.000  0.518     0.00     0.00     0.00     0.00     0.00 -1 -2.65e-10      0.00 7.454e-01 2.536e-01 1.878e-04 5.831e-05 4.837e-04 -1.000 1.042e-03 -0.678 1.450 0.073 -0.664 -0.912 -1.042 -1.093
0.0010968 -1.15000 10.11394 0.8041972518 2.4201835013    0.794  2.219  3.6704  1.753    3  0.000  0.518     0.00     0.00     0.00     0.00     0.00 -1 -3.07e-10      0.00 7.454e-01 2.536e-01 1.878e-04 5.831e-05 4.837e-04 -1.000 1.042e-03 -0.777 1.413 -0.005 -0.761 -1.012 -1.146 -1.198
0.0010968 -1.15000 10.11394 0.8042287827 2.4201943959    0.794  2.259  3.6679  1.703    3  0.000  0.518     0.00     0.00     0.00     0.00     0.00 -1 -3.57e-10      0.00 7.454e-01 2.536e-01 1.878e-04 5.832e-05 4.837e-04 -1.000 1.042e-03 -0.876 1.382 -0.081 -0.856 -1.112 -1.248 -1.303
0.0010968 -1.15000 10.11394 0.8042573929 2.4202042805    0.793  2.297  3.6654  1.654    3  0.000  0.518     0.00     0.00     0.00     0.00     0.00 -1 -4.13e-10      0.00 7.454e-01 2.536e-01 1.878e-04 5.832e-05 4.837e-04 -1.000 1.042e-03 -0.973 1.355 -0.154 -0.949 -1.209 -1.348 -1.405
0.0010968 -1.15000 10.11394 0.8042844534 2.4202136290    0.792  2.337  3.6629  1.604    3  0.000  0.518     0.00     0.00     0.00     0.00     0.00 -1 -4.79e-10      0.00 7.454e-01 2.536e-01 1.878e-04 5.833e-05 4.837e-04 -1.000 1.042e-03 -1.072 1.330 -0.227 -1.043 -1.307 -1.450 -1.509
0.0010968 -1.15000 10.11394 0.8043090701 2.4202221326    0.792  2.375  3.6603  1.555    3  0.000  0.518     0.00     0.00     0.00     0.00     0.00 -1 -5.54e-10      0.00 7.454e-01 2.536e-01 1.878e-04 5.833e-05 4.837e-04 -1.000 1.042e-03 -1.168 1.309 -0.297 -1.134 -1.403 -1.549 -1.610
0.0010968 -1.15000 10.11394 0.8043318987 2.4202300179    0.791  2.414  3.6578  1.506    3  0.000  0.518     0.00     0.00     0.00     0.00     0.00 -1  -6.4e-10      0.00 7.454e-01 2.536e-01 1.878e-04 5.834e-05 4.837e-04 -1.000 1.042e-03 -1.264 1.292 -0.364 -1.223 -1.497 -1.646 -1.709
0.0010968 -1.15000 10.11394 0.8043528199 2.4202372440    0.790  2.451  3.6553  1.458    3  0.000  0.518     0.00     0.00     0.00     0.00     0.00 -1 -7.37e-10      0.00 7.454e-01 2.536e-01 1.878e-04 5.834e-05 4.837e-04 -1.000 1.042e-03 -1.357 1.270 -0.430 -1.308 -1.587 -1.740 -1.805
0.0010968 -1.15000 10.11394 0.8043767810 2.4202455195    0.789  2.497  3.6521  1.399    3  0.000  0.518     0.00     0.00     0.00     0.00     0.00 -1 -8.78e-10      0.00 7.454e-01 2.536e-01 1.878e-04 5.835e-05 4.837e-04 -1.000 1.042e-03 -1.472 1.247 -0.508 -1.411 -1.698 -1.857 -1.924
0.0010968 -1.15000 10.11394 0.8043947816 2.4202517360    0.788  2.534  3.6494  1.350    3  0.000  0.518     9.16     6.98     4.90     3.80     3.08  3 -1.01e-09      0.00 7.454e-01 2.536e-01 1.878e-04 5.835e-05 4.837e-04 -1.000 1.042e-03 -1.566 1.230 -0.571 -1.493 -1.787 -1.951 -2.020
0.0010968 -1.15000 10.11394 0.8044145703 2.4202585697    0.787  2.578  3.6464  1.293    3  0.000  0.518    10.33     7.73     5.40     4.20     3.40  3  -1.2e-09      0.00 7.454e-01 2.536e-01 1.878e-04 5.835e-05 4.837e-04 -1.000 1.042e-03 -1.676 1.210 -0.644 -1.590 -1.892 -2.060 -2.132
0.0010968 -1.15000 10.11394 0.8044332862 2.4202650326    0.786  2.623  3.6432  1.235    3  0.000  0.518    11.68     8.58     5.97     4.65     3.76  3 -1.42e-09      0.00 7.454e-01 2.536e-01 1.878e-04 5.836e-05 4.837e-04 -1.000 1.042e-03 -1.787 1.193 -0.716 -1.687 -1.997 -2.171 -2.246
0.0010968 -1.15000 10.11394 0.8044474125 2.4202699104    0.785  2.659  3.6406  1.188    3  0.000  0.518    12.91     9.35     6.48     5.05     4.09  3 -1.63e-09      0.00 7.454e-01 2.536e-01 1.878e-04 5.836e-05 4.837e-04 -1.000 1.042e-03 -1.878 1.181 -0.774 -1.766 -2.083 -2.262 -2.338
0.0010968 -1.15000 10.11394 0.8044629097 2.4202752613    0.783  2.702  3.6375  1.132    3  0.000  0.518    14.51    10.33     7.12     5.56     4.51  2 -1.92e-09      0.00 7.454e-01 2.536e-01 1.878e-04 5.836e-05 4.837e-04 -1.000 1.042e-03 -1.984 1.168 -0.841 -1.856 -2.182 -2.367 -2.445
0.0010968 -1.15000 10.11394 0.8044775724 2.4202803239    0.781  2.745  3.6344  1.075    3  0.000  0.518    16.36    11.44     7.86     6.14     4.98  2 -2.27e-09      0.00 7.454e-01 2.536e-01 1.878e-04 5.836e-05 4.837e-04 -1.000 1.043e-03 -2.092 1.157 -0.906 -1.948 -2.283 -2.473 -2.554
0.0010968 -1.15000 10.11394 0.8044915199 2.4202851393    0.779  2.789  3.6310  1.017    3  0.000  0.518    18.51    12.70     8.68     6.80     5.51  2 -2.69e-09      0.00 7.454e-01 2.536e-01 1.878e-04 5.837e-05 4.837e-04 -1.000 1.043e-03 -2.202 1.149 -0.972 -2.040 -2.384 -2.581 -2.665
0.0010968 -1.15000 10.11394 0.8045033813 2.4202892343    0.777  2.829  3.6280  0.964    3  0.000  0.518    20.71    13.98     9.51     7.46     6.05  2 -3.14e-09      0.00 7.454e-01 2.536e-01 1.878e-04 5.837e-05 4.837e-04 -1.000 1.043e-03 -2.303 1.147 -1.027 -2.123 -2.477 -2.680 -2.766
0.0010968 -1.15000 10.11394 0.8045148253 2.4202931852    0.775  2.870  3.6250  0.909    3  0.000  0.518    23.24    15.42    10.45     8.21     6.65  2 -3.68e-09      0.00 7.454e-01 2.536e-01 1.878e-04 5.837e-05 4.837e-04 -1.000 1.043e-03 -2.406 1.148 -1.080 -2.206 -2.571 -2.780 -2.869
0.0010968 -1.15000 10.11394 0.8045256734 2.4202969301    0.773  2.912  3.6216  0.852    3  0.000  0.518    26.18    17.07    11.51     9.05     7.34  2 -4.33e-09      0.00 7.454e-01 2.536e-01 1.878e-04 5.837e-05 4.837e-04 -1.000 1.043e-03 -2.510 1.154 -1.131 -2.289 -2.666 -2.882 -2.974
0.0010968 -1.15000 10.11394 0.8045353889 2.4203002840    0.770  2.952  3.6185  0.798    3  0.000  0.518    29.34    18.80    12.62     9.95     8.07  1 -5.07e-09      0.00 7.454e-01 2.536e-01 1.878e-04 5.837e-05 4.837e-04 -1.000 1.043e-03 -2.611 1.158 -1.180 -2.369 -2.756 -2.979 -3.074
0.0010968 -1.15000 10.11394 0.8045443892 2.4203033909    0.768  2.992  3.6155  0.746    3  0.000  0.518    32.79    20.66    13.81    10.90     8.84  1  -5.9e-09      0.00 7.454e-01 2.536e-01 1.878e-04 5.837e-05 4.837e-04 -1.000 1.043e-03 -2.709 1.158 -1.228 -2.447 -2.846 -3.075 -3.172
0.0010968 -1.15000 10.11394 0.8045528531 2.4203063126    0.765  3.031  3.6124  0.692    3  0.000  0.518    36.73    22.76    15.14    11.97     9.71  1 -6.89e-09      0.00 7.454e-01 2.536e-01 1.878e-04 5.838e-05 4.837e-04 -1.000 1.043e-03 -2.808 1.164 -1.272 -2.523 -2.934 -3.170 -3.269
0.0010968 -1.15000 10.11394 0.8045609593 2.4203091107    0.761  3.071  3.6093  0.637    3  0.000  0.518    41.20    25.08    16.62    13.16    10.68  1 -8.07e-09      0.00 7.454e-01 2.536e-01 1.878e-04 5.838e-05 4.837e-04 -1.000 1.043e-03 -2.908 1.165 -1.319 -2.601 -3.023 -3.266 -3.369
0.0010968 -1.15000 10.11394 0.8045680523 2.4203115590    0.758  3.109  3.6064  0.586    3  0.000  0.518    45.85    27.47    18.12    14.37    11.66  1 -9.34e-09      0.00 7.454e-01 2.536e-01 1.878e-04 5.838e-05 4.837e-04 -1.000 1.043e-03 -3.001 1.164 -1.358 -2.671 -3.106 -3.355 -3.460
0.0010968 -1.15000 10.11394 0.8045749664 2.4203139456    0.754  3.147  3.6033  0.534    3  0.000  0.518    51.22    30.17    19.82    15.74    12.78  1 -1.09e-08      0.00 7.454e-01 2.536e-01 1.878e-04 5.838e-05 4.837e-04 -1.000 1.043e-03 -3.097 1.162 -1.397 -2.742 -3.189 -3.446 -3.554
0.0010968 -1.15000 10.11394 0.8045815229 2.4203162086    0.749  3.185  3.6003  0.481    3  0.000  0.518    57.22    33.13    21.67    17.24    14.00  1 -1.26e-08      0.00 7.454e-01 2.536e-01 1.878e-04 5.838e-05 4.837e-04 -1.000 1.043e-03 -3.192 1.160 -1.432 -2.811 -3.272 -3.536 -3.647
0.0010968 -1.15000 10.11394 0.8045875430 2.4203182865    0.745  3.222  3.5974  0.430    3  0.000  0.518    63.73    36.29    23.64    18.83    15.29  1 -1.46e-08      0.00 7.454e-01 2.536e-01 1.878e-04 5.838e-05 4.837e-04 -1.000 1.043e-03 -3.284 1.153 -1.459 -2.875 -3.352 -3.623 -3.737
0.0010968 -1.15000 10.11394 0.8045930266 2.4203201791    0.740  3.257  3.5946  0.380    3  0.000  0.518    70.72    39.62    25.70    20.50    16.66  1 -1.69e-08      0.00 7.454e-01 2.536e-01 1.878e-04 5.838e-05 4.837e-04 -1.000 1.043e-03 -3.373 1.147 -1.484 -2.936 -3.428 -3.707 -3.823
0.0010968 -1.15000 10.11394 0.8045981526 2.4203219484    0.735  3.291  3.5918  0.332    3  0.000  0.518    78.32    43.17    27.89    22.28    18.11  1 -1.94e-08      0.00 7.454e-01 2.536e-01 1.878e-04 5.838e-05 4.837e-04 -1.000 1.043e-03 -3.459 1.140 -1.509 -2.996 -3.502 -3.789 -3.908
0.0010968 -1.15000 10.11394 0.8046032190 2.4203236970    0.729  3.324  3.5892  0.285    3  0.000  0.518    86.34    46.85    30.15    24.13    19.61  1 -2.22e-08      0.00 7.454e-01 2.536e-01 1.878e-04 5.839e-05 4.837e-04 -1.000 1.043e-03 -3.540 1.132 -1.530 -3.051 -3.572 -3.866 -3.987
0.0010968 -1.15000 10.11394 0.8046043515 2.4203240878    0.727  3.331  3.5886  0.275    3  0.000  0.518    88.21    47.70    30.67    24.55    19.95  1 -2.28e-08      0.00 7.454e-01 2.536e-01 1.878e-04 5.839e-05 4.837e-04 -1.000 1.043e-03 -3.558 1.129 -1.534 -3.062 -3.587 -3.882 -4.004
0.0010968 -1.15000 10.11394 0.8046043515 2.4203240878    0.727  1.717  3.7461  2.519    4  0.000  0.517     0.00     0.00     0.00     0.00     0.00 -1    -1e-30      0.00 7.402e-01 2.587e-01 1.901e-04 6.026e-05 4.913e-04 -1.000 1.120e-03 0.477 1.613 0.827 0.415 0.291 0.248 0.237
0.0010968 -1.15000 10.11394 0.8046499491 2.4203398242    0.727  1.733  3.7450  2.499    4  0.000  0.517     0.00     0.00     0.00     0.00     0.00 -1    -1e-30      0.00 7.402e-01 2.587e-01 1.901e-04 6.026e-05 4.913e-04 -1.000 1.120e-03 0.439 1.584 0.792 0.377 0.251 0.207 0.195
0.0010968 -1.15000 10.11394 0.8046965599 2.4203559081    0.727  1.736  3.7449  2.495    4  0.000  0.517     0.00     0.00     0.00     0.00     0.00 -1    -1e-30      0.00 7.402e-01 2.587e-01 1.901e-04 6.026e-05 4.913e-04 -1.000 1.120e-03 0.431 1.577 0.785 0.369 0.243 0.198 0.187
0.0010968 -1.15000 10.11394 0.8047440052 2.4203722777    0.728  1.737  3.7450  2.495    4  0.000  0.517     0.00     0.00     0.00     0.00     0.00 -1    -1e-30      0.00 7.402e-01 2.587e-01 1.901e-04 6.026e-05 4.913e-04 -1.000 1.120e-03 0.427 1.573 0.781 0.365 0.240 0.196 0.184
0.0010968 -1.15000 10.11394 0.8047929406 2.4203891592    0.728  1.737  3.7455  2.496    4  0.000  0.517     0.00     0.00     0.00     0.00     0.00 -1    -1e-30      0.00 7.402e-01 2.587e-01 1.901e-04 6.026e-05 4.913e-04 -1.000 1.120e-03 0.426 1.568 0.778 0.364 0.240 0.196 0.184
0.0010968 -1.15000 10.11394 0.8048406243 2.4204056066    0.728  1.737  3.7461  2.499    4  0.000  0.517     0.00     0.00     0.00     0.00     0.00 -1    -1e-30      0.00 7.402e-01 2.587e-01 1.901e-04 6.026e-05 4.913e-04 -1.000 1.120e-03 0.427 1.564 0.777 0.365 0.241 0.198 0.187
0.0010968 -1.15000 10.11394 0.8048887253 2.4204221956    0.728  1.736  3.7469  2.503    4  0.000  0.517     0.00     0.00     0.00     0.00     0.00 -1    -1e-30      0.00 7.402e-01 2.587e-01 1.901e-04 6.026e-05 4.913e-04 -1.000 1.120e-03 0.430 1.559 0.776 0.367 0.245 0.202 0.192
0.0010968 -1.15000 10.11394 0.8049378395 2.4204391317    0.728  1.735  3.7478  2.508    4  0.000  0.517     0.00     0.00     0.00     0.00     0.00 -1    -1e-30      0.00 7.402e-01 2.587e-01 1.901e-04 6.026e-05 4.913e-04 -1.000 1.120e-03 0.433 1.555 0.775 0.370 0.249 0.208 0.198
0.0010968 -1.15000 10.11394 0.8049862981 2.4204558394    0.728  1.733  3.7488  2.514    4  0.000  0.517     0.00     0.00     0.00     0.00     0.00 -1    -1e-30      0.00 7.402e-01 2.587e-01 1.901e-04 6.026e-05 4.913e-04 -1.000 1.120e-03 0.437 1.550 0.775 0.373 0.254 0.214 0.204
0.0010968 -1.15000 10.11394 0.8050355315 2.4204728119    0.728  1.732  3.7498  2.519    4  0.000  0.517     0.00     0.00     0.00     0.00     0.00 -1    -1e-30      0.00 7.402e-01 2.587e-01 1.901e-04 6.026e-05 4.913e-04 -1.000 1.120e-03 0.441 1.546 0.775 0.376 0.259 0.220 0.211
0.0010968 -1.15000 10.11394 0.8050821424 2.4204888781    0.728  1.730  3.7507  2.524    4  0.000  0.517     0.00     0.00     0.00     0.00     0.00 -1    -1e-30      0.00 7.402e-01 2.587e-01 1.901e-04 6.026e-05 4.913e-04 -1.000 1.120e-03 0.444 1.542 0.774 0.379 0.264 0.225 0.216
0.0010968 -1.15000 10.11394 0.8051318526 2.4205060103    0.728  1.729  3.7516  2.529    4  0.000  0.517     0.00     0.00     0.00     0.00     0.00 -1    -1e-30      0.00 7.402e-01 2.587e-01 1.901e-04 6.026e-05 4.913e-04 -1.000 1.120e-03 0.448 1.537 0.774 0.382 0.268 0.231 0.222
0.0010968 -1.15000 10.11394 0.8051806092 2.4205228114    0.728  1.728  3.7524  2.534    4  0.000  0.517     0.00     0.00     0.00     0.00     0.00 -1    -1e-30      0.00 7.402e-01 2.587e-01 1.901e-04 6.026e-05 4.913e-04 -1.000 1.120e-03 0.451 1.534 0.773 0.385 0.272 0.236 0.228
0.0010968 -1.15000 10.11394 0.8052262664 2.4205385424    0.728  1.727  3.7531  2.538    4  0.000  0.517     0.00     0.00     0.00     0.00     0.00 -1    -1e-30      0.00 7.402e-01 2.587e-01 1.901e-04 6.026e-05 4.913e-04 -1.000 1.120e-03 0.453 1.530 0.773 0.387 0.275 0.240 0.232
0.0010968 -1.15000 10.11394 0.8052744269 2.4205551337    0.728  1.726  3.7537  2.541    4  0.000  0.517     0.00     0.00     0.00     0.00     0.00 -1    -1e-30      0.00 7.402e-01 2.587e-01 1.901e-04 6.026e-05 4.913e-04 -1.000 1.120e-03 0.454 1.527 0.772 0.388 0.278 0.243 0.235
0.0010968 -1.15000 10.11394 0.8052856922 2.4205590142    0.728  1.726  3.7538  2.541    4  0.000  0.517     0.00     0.00     0.00     0.00     0.00 -1    -1e-30      0.00 7.402e-01 2.587e-01 1.901e-04 6.026e-05 4.913e-04 -1.000 1.120e-03 0.455 1.526 0.772 0.389 0.278 0.244 0.236
0.0010968 -1.15000 10.11394 0.8052952886 2.4205623198    0.728  1.726  3.7539  2.542    4  0.000  0.517     0.00     0.00     0.00     0.00     0.00 -1    -1e-30      0.00 7.402e-01 2.587e-01 1.901e-04 6.026e-05 4.913e-04 -1.000 1.120e-03 0.455 1.526 0.772 0.389 0.279 0.244 0.236
0.0010968 -1.15000 10.11394 0.8053441048 2.4205791336    0.728  1.726  3.7543  2.543    4  0.000  0.517     0.00     0.00     0.00     0.00     0.00 -1    -1e-30      0.00 7.402e-01 2.587e-01 1.901e-04 6.026e-05 4.913e-04 -1.000 1.120e-03 0.455 1.523 0.770 0.389 0.280 0.245 0.238
0.0010968 -1.15000 10.11394 0.8053938150 2.4205962530    0.728  1.726  3.7545  2.544    4  0.000  0.517     0.00     0.00     0.00     0.00     0.00 -1    -1e-30      0.00 7.402e-01 2.587e-01 1.901e-04 6.026e-05 4.913e-04 -1.000 1.120e-03 0.455 1.521 0.769 0.388 0.280 0.245 0.238
0.0010968 -1.15000 10.11394 0.8054420352 2.4206128569    0.728  1.727  3.7545  2.544    4  0.000  0.517     0.00     0.00     0.00     0.00     0.00 -1    -1e-30      0.00 7.402e-01 2.587e-01 1.901e-04 6.026e-05 4.913e-04 -1.000 1.120e-03 0.453 1.519 0.768 0.387 0.278 0.244 0.237
0.0010968 -1.15000 10.11394 0.8054898977 2.4206293353    0.728  1.728  3.7544  2.542    4  0.000  0.517     0.00     0.00     0.00     0.00     0.00 -1    -1e-30      0.00 7.402e-01 2.587e-01 1.901e-04 6.026e-05 4.913e-04 -1.000 1.120e-03 0.451 1.518 0.766 0.385 0.276 0.241 0.234
0.0010968 -1.15000 10.11394 0.8055373430 2.4206456679    0.728  1.729  3.7541  2.540    4  0.000  0.517     0.00     0.00     0.00     0.00     0.00 -1    -1e-30      0.00 7.402e-01 2.587e-01 1.901e-04 6.026e-05 4.913e-04 -1.000 1.120e-03 0.447 1.517 0.763 0.381 0.272 0.237 0.230
0.0010968 -1.15000 10.11394 0.8055873513 2.4206628804    0.728  1.731  3.7535  2.536    4  0.000  0.517     0.00     0.00     0.00     0.00     0.00 -1    -1e-30      0.00 7.402e-01 2.587e-01 1.901e-04 6.026e-05 4.913e-04 -1.000 1.120e-03 0.442 1.516 0.760 0.376 0.266 0.230 0.223
0.0010968 -1.15000 10.11394 0.8056374192 2.4206801110    0.729  1.733  3.7529  2.531    4  0.000  0.517     0.00     0.00     0.00     0.00     0.00 -1    -1e-30      0.00 7.402e-01 2.587e-01 1.901e-04 6.026e-05 4.913e-04 -1.000 1.120e-03 0.436 1.515 0.757 0.371 0.259 0.223 0.215
0.0010968 -1.15000 10.11394 0.8056495190 2.4206842746    0.729  1.734  3.7528  2.530    4  0.000  0.517     0.00     0.00     0.00     0.00     0.00 -1    -1e-30      0.00 7.402e-01 2.587e-01 1.901e-04 6.026e-05 4.913e-04 -1.000 1.120e-03 0.435 1.515 0.756 0.369 0.257 0.221 0.213
0.0010968 -1.15000 10.11394 0.8056692481 2.4206910634    0.729  1.735  3.7524  2.527    4  0.000  0.517     0.00     0.00     0.00     0.00     0.00 -1    -1e-30      0.00 7.402e-01 2.587e-01 1.901e-04 6.026e-05 4.913e-04 -1.000 1.120e-03 0.432 1.515 0.754 0.366 0.253 0.217 0.209
0.0010968 -1.15000 10.11394 0.8057106733 2.4207053165    0.729  1.738  3.7515  2.520    4  0.000  0.517     0.00     0.00     0.00     0.00     0.00 -1    -1e-30      0.00 7.402e-01 2.587e-01 1.901e-04 6.026e-05 4.913e-04 -1.000 1.120e-03 0.424 1.515 0.751 0.359 0.244 0.207 0.198
0.0010968 -1.15000 10.11394 0.8057522178 2.4207196088    0.729  1.742  3.7506  2.513    4  0.000  0.517     0.00     0.00     0.00     0.00     0.00 -1    -1e-30      0.00 7.402e-01 2.587e-01 1.901e-04 6.026e-05 4.913e-04 -1.000 1.120e-03 0.416 1.514 0.746 0.350 0.235 0.196 0.187
0.0010968 -1.15000 10.11394 0.8057941794 2.4207340431    0.729  1.745  3.7496  2.505    4  0.000  0.517     0.00     0.00     0.00     0.00     0.00 -1    -1e-30      0.00 7.402e-01 2.587e-01 1.901e-04 6.026e-05 4.913e-04 -1.000 1.120e-03 0.406 1.512 0.741 0.342 0.224 0.185 0.175
0.0010968 -1.15000 10.11394 0.8058365583 2.4207486190    0.729  1.750  3.7485  2.497    4  0.000  0.517     0.00     0.00     0.00     0.00     0.00 -1    -1e-30      0.00 7.402e-01 2.587e-01 1.901e-04 6.026e-05 4.913e-04 -1.000 1.120e-03 0.396 1.511 0.734 0.332 0.212 0.172 0.162
0.0010968 -1.15000 10.11394 0.8058773875 2.4207626603    0.729  1.754  3.7474  2.488    4  0.000  0.517     0.00     0.00     0.00     0.00     0.00 -1    -1e-30      0.00 7.402e-01 2.587e-01 1.901e-04 6.026e-05 4.913e-04 -1.000 1.120e-03 0.384 1.509 0.727 0.321 0.199 0.157 0.147
0.0010968 -1.15000 10.11394 0.8059184551 2.4207767820    0.729  1.759  3.7462  2.478    4  0.000  0.517     0.00     0.00     0.00     0.00     0.00 -1    -1e-30      0.00 7.402e-01 2.587e-01 1.901e-04 6.026e-05 4.913e-04 -1.000 1.120e-03 0.372 1.507 0.720 0.308 0.185 0.142 0.131
0.0010968 -1.15000 10.11394 0.8059599400 2.4207910454    0.729  1.764  3.7453  2.470    4  0.000  0.517     0.00     0.00     0.00     0.00     0.00 -1    -1e-30      0.00 7.402e-01 2.587e-01 1.901e-04 6.026e-05 4.913e-04 -1.000 1.120e-03 0.360 1.504 0.712 0.297 0.173 0.128 0.117
0.0010968 -1.15000 10.11394 0.8060012460 2.4208052457    0.729  1.766  3.7449  2.466    4  0.000  0.517     0.00     0.00     0.00     0.00     0.00 -1    -1e-30      0.00 7.402e-01 2.587e-01 1.901e-04 6.026e-05 4.913e-04 -1.000 1.120e-03 0.354 1.501 0.708 0.292 0.166 0.122 0.110
0.0010968 -1.15000 10.11394 0.8060436249 2.4208198130    0.729  1.775  3.7430  2.450    4  0.000  0.517     0.00     0.00     0.00     0.00     0.00 -1    -1e-30      0.00 7.402e-01 2.587e-01 1.901e-04 6.026e-05 4.913e-04 -1.000 1.120e-03 0.332 1.496 0.693 0.270 0.142 0.095 0.083
0.0010968 -1.15000 10.11394 0.8060847521 2.4208339484    0.729  1.786  3.7409  2.430    4  0.000  0.517     0.00     0.00     0.00     0.00     0.00 -1    -1e-30      0.00 7.402e-01 2.587e-01 1.901e-04 6.026e-05 4.913e-04 -1.000 1.120e-03 0.304 1.487 0.674 0.243 0.111 0.062 0.049
0.0010968 -1.15000 10.11394 0.8061283827 2.4208489425    0.729  1.802  3.7381  2.403    4  0.000  0.517     0.00     0.00     0.00     0.00     0.00 -1    -1e-30      0.00 7.402e-01 2.587e-01 1.901e-04 6.026e-05 4.913e-04 -1.000 1.120e-03 0.264 1.473 0.645 0.204 0.068 0.016 0.001
0.0010968 -1.15000 10.11394 0.8061700463 2.4208632588    0.729  1.828  3.7341  2.361    4  0.000  0.517     0.00     0.00     0.00     0.00     0.00 -1    -1e-30      0.00 7.402e-01 2.587e-01 1.901e-04 6.026e-05 4.913e-04 -1.000 1.120e-03 0.199 1.449 0.597 0.140 -0.003 -0.060 -0.076
0.0010968 -1.15000 10.11394 0.8062009811 2.4208738874    0.729  1.863  3.7290  2.305    4  0.000  0.517     0.00     0.00     0.00     0.00     0.00 -1    -1e-30      0.00 7.402e-01 2.587e-01 1.901e-04 6.026e-05 4.913e-04 -1.000 1.120e-03 0.112 1.415 0.531 0.055 -0.097 -0.159 -0.178
0.0010968 -1.15000 10.11394 0.8062160611 2.4208790683    0.729  1.900  3.7239  2.248    4  0.000  0.517     0.00     0.00     0.00     0.00     0.00 -1    -1e-30      0.00 7.402e-01 2.587e-01 1.901e-04 6.026e-05 4.913e-04 -1.000 1.120e-03 0.020 1.380 0.463 -0.034 -0.194 -0.262 -0.283
0.0010968 -1.15000 10.11394 0.8062225580 2.4208813003    0.729  1.934  3.7194  2.196    4  0.000  0.517     0.00     0.00     0.00     0.00     0.00 -1    -1e-30      0.00 7.402e-01 2.587e-01 1.901e-04 6.026e-05 4.913e-04 -1.000 1.120e-03 -0.066 1.345 0.398 -0.117 -0.285 -0.357 -0.381
0.0010968 -1.15000 10.11394 0.8062257767 2.4208824060    0.729  1.970  3.7150  2.143    4  0.000  0.517     0.00     0.00     0.00     0.00     0.00 -1    -1e-30      0.00 7.402e-01 2.587e-01 1.901e-04 6.026e-05 4.913e-04 -1.000 1.120e-03 -0.154 1.310 0.331 -0.202 -0.377 -0.455 -0.481
0.0010968 -1.15000 10.11394 0.8062273860 2.4208829589    0.729  2.002  3.7112  2.096    4  0.000  0.517     0.00     0.00     0.00     0.00     0.00 -1    -1e-30      0.00 7.402e-01 2.587e-01 1.901e-04 6.026e-05 4.913e-04 -1.000 1.120e-03 -0.235 1.276 0.270 -0.279 -0.461 -0.543 -0.571
0.0010968 -1.15000 10.11394 0.8062283397 2.4208832865    0.729  2.031  3.7080  2.054    4  0.000  0.517     0.00     0.00     0.00     0.00     0.00 -1    -1e-30      0.00 7.402e-01 2.587e-01 1.901e-04 6.026e-05 4.913e-04 -1.000 1.120e-03 -0.308 1.245 0.214 -0.348 -0.535 -0.622 -0.651
0.0010968 -1.15000 10.11394 0.8062285781 2.4208833684    0.729  2.041  3.7070  2.040    7  0.000  0.517     0.00     0.00     0.00     0.00     0.00 -1 -1.04e-09      0.00 7.402e-01 2.571e-01 1.901e-04 6.026e-05 4.913e-04 -1.000 2.733e-03 -0.332 1.235 0.196 -0.371 -0.560 -0.647 -0.678
0.0010968 -1.15000 10.11394 0.8062286377 2.4208833889    0.729  2.042  3.7069  2.039    7  0.000  0.517     0.00     0.00     0.00     0.00     0.00 -1 -1.04e-09      0.00 7.402e-01 2.571e-01 1.901e-04 6.026e-05 4.913e-04 -1.000 2.733e-03 -0.334 1.233 0.194 -0.373 -0.563 -0.650 -0.681
0.0010968 -1.15000 10.11394 0.8062295318 2.4208836960    0.729  2.081  3.7029  1.983    7  0.000  0.517     0.00     0.00     0.00     0.00     0.00 -1 -1.33e-09      0.00 7.402e-01 2.571e-01 1.901e-04 6.026e-05 4.913e-04 -1.000 2.733e-03 -0.433 1.188 0.117 -0.468 -0.664 -0.757 -0.789
0.0010968 -1.15000 10.11394 0.8062303662 2.4208839827    0.729  2.120  3.6992  1.930    7  0.000  0.517     0.00     0.00     0.00     0.00     0.00 -1 -1.67e-09      0.00 7.402e-01 2.571e-01 1.901e-04 6.026e-05 4.913e-04 -1.000 2.733e-03 -0.530 1.146 0.041 -0.560 -0.763 -0.860 -0.895
0.0010968 -1.15000 10.11394 0.8062311411 2.4208842489    0.729  2.154  3.6961  1.884    7  0.000  0.517     0.00     0.00     0.00     0.00     0.00 -1 -2.03e-09      0.00 7.402e-01 2.571e-01 1.901e-04 6.026e-05 4.913e-04 -1.000 2.733e-03 -0.614 1.111 -0.023 -0.639 -0.848 -0.949 -0.985
0.0010968 -1.15000 10.11394 0.8062319160 2.4208845151    0.729  2.168  3.6948  1.864    7  0.000  0.517     0.00     0.00     0.00     0.00     0.00 -1  -2.2e-09      0.00 7.402e-01 2.571e-01 1.901e-04 6.026e-05 4.913e-04 -1.000 2.733e-03 -0.650 1.096 -0.051 -0.673 -0.884 -0.987 -1.024
0.0010968 -1.15000 10.11394 0.8062332273 2.4208849656    0.729  2.180  3.6938  1.848    7  0.000  0.517     0.00     0.00     0.00     0.00     0.00 -1 -2.34e-09      0.00 7.402e-01 2.571e-01 1.901e-04 6.026e-05 4.913e-04 -1.000 2.733e-03 -0.680 1.083 -0.074 -0.701 -0.914 -1.019 -1.056
0.0010968 -1.15000 10.11394 0.8062354922 2.4208857437    0.728  2.147  3.6968  1.892    7  0.000  0.517     0.00     0.00     0.00     0.00     0.00 -1 -1.95e-09      0.00 7.402e-01 2.571e-01 1.901e-04 6.026e-05 4.913e-04 -1.000 2.733e-03 -0.599 1.116 -0.012 -0.625 -0.832 -0.933 -0.969
0.0010968 -1.15000 10.11394 0.8062391281 2.4208869927    0.728  2.138  3.6977  1.905    7  0.000  0.517     0.00     0.00     0.00     0.00     0.00 -1 -1.84e-09      0.00 7.402e-01 2.571e-01 1.901e-04 6.026e-05 4.913e-04 -1.000 2.733e-03 -0.574 1.127 0.007 -0.601 -0.807 -0.907 -0.942
0.0010968 -1.15000 10.11394 0.8062620163 2.4208948552    0.726  2.141  3.6972  1.898    7  0.000  0.517     0.00     0.00     0.00     0.00     0.00 -1 -1.89e-09      0.00 7.402e-01 2.571e-01 1.901e-04 6.026e-05 4.913e-04 -1.000 2.733e-03 -0.584 1.124 0.000 -0.611 -0.817 -0.917 -0.953
0.0010968 -1.15000 10.11394 0.8062784672 2.4209005060    0.724  2.174  3.6941  1.852    7  0.000  0.517     0.00     0.00     0.00     0.00     0.00 -1 -2.32e-09      0.00 7.402e-01 2.571e-01 1.901e-04 6.026e-05 4.913e-04 -1.000 2.733e-03 -0.666 1.091 -0.062 -0.688 -0.900 -1.004 -1.042
0.0010968 -1.15000 10.11394 0.8062959313 2.4209065046    0.722  2.221  3.6897  1.787    7  0.000  0.517     0.00     0.00     0.00     0.00     0.00 -1 -3.09e-09      0.00 7.402e-01 2.571e-01 1.901e-04 6.026e-05 4.913e-04 -1.000 2.733e-03 -0.781 1.047 -0.150 -0.796 -1.017 -1.127 -1.167
0.0010968 -1.15000 10.11394 0.8063129187 2.4209123392    0.719  2.271  3.6851  1.716    7  0.000  0.517     0.00     0.00     0.00     0.00     0.00 -1 -4.13e-09      0.00 7.402e-01 2.571e-01 1.901e-04 6.026e-05 4.913e-04 -1.000 2.733e-03 -0.907 1.003 -0.243 -0.913 -1.142 -1.258 -1.301
0.0010968 -1.15000 10.11394 0.8063278198 2.4209174570    0.715  2.314  3.6813  1.656    7  0.000  0.517     0.00     0.00     0.00     0.00     0.00 -1 -5.34e-09      0.00 7.402e-01 2.571e-01 1.901e-04 6.026e-05 4.913e-04 -1.000 2.733e-03 -1.014 0.980 -0.322 -1.017 -1.252 -1.372 -1.418
0.0010968 -1.15000 10.11394 0.8063409925 2.4209219809    0.711  2.355  3.6777  1.598    7  0.000  0.517     0.00     0.00     0.00     0.00     0.00 -1 -6.88e-09      0.00 7.402e-01 2.571e-01 1.901e-04 6.026e-05 4.913e-04 -1.000 2.728e-03 -1.117 0.963 -0.396 -1.117 -1.357 -1.482 -1.530
0.0010968 -1.15000 10.11394 0.8063524961 2.4209259316    0.706  2.395  3.6742  1.541    7  0.000  0.517     0.00     0.00     0.00     0.00     0.00 -1 -8.81e-09      0.00 7.402e-01 2.572e-01 1.901e-04 6.026e-05 4.913e-04 -1.000 2.662e-03 -1.218 0.950 -0.467 -1.213 -1.460 -1.589 -1.639
0.0010968 -1.15000 10.11394 0.8063626289 2.4209294113    0.701  2.435  3.6708  1.484    7  0.000  0.517     0.00     0.00     0.00     0.00     0.00 -1 -1.12e-08      0.00 7.402e-01 2.572e-01 1.900e-04 6.028e-05 4.913e-04 -1.000 2.633e-03 -1.317 0.942 -0.534 -1.307 -1.560 -1.693 -1.746
0.0010968 -1.15000 10.11394 0.8063716888 2.4209325225    0.695  2.474  3.6674  1.428    7  0.000  0.516     0.00     0.00     0.00     0.00     0.00 -1 -1.42e-08      0.00 7.402e-01 2.572e-01 1.898e-04 6.035e-05 4.913e-04 -1.000 2.630e-03 -1.414 0.943 -0.597 -1.399 -1.657 -1.795 -1.850
0.0010968 -1.15000 10.11394 0.8063799143 2.4209353470    0.689  2.512  3.6641  1.372    7  0.000  0.514     8.38     6.48     4.55     3.55     2.87  3 -1.82e-08      0.00 7.402e-01 2.572e-01 1.891e-04 6.070e-05 4.913e-04 -1.000 2.573e-03 -1.511 0.950 -0.658 -1.489 -1.754 -1.896 -1.954
0.0010968 -1.15000 10.11394 0.8063874245 2.4209379259    0.681  2.551  3.6603  1.313    7  0.000  0.510     9.47     7.18     5.02     3.92     3.17  2 -2.34e-08      0.00 7.402e-01 2.573e-01 1.875e-04 6.206e-05 4.913e-04 -1.000 2.533e-03 -1.608 0.972 -0.714 -1.579 -1.851 -1.998 -2.059
0.0010968 -1.15000 10.11394 0.8063927293 2.4209397475    0.674  2.580  3.6558  1.261    7  0.000  0.504    10.55     7.87     5.48     4.28     3.46  2 -2.83e-08      0.00 7.402e-01 2.573e-01 1.857e-04 6.400e-05 4.913e-04 -1.000 2.525e-03 -1.681 1.032 -0.736 -1.637 -1.919 -2.072 -2.137
0.0010968 -1.15000 10.11394 0.8063992858 2.4209419989    0.663  2.619  3.6480  1.185    7  0.000  0.495    12.38     9.00     6.23     4.88     3.95  2 -3.71e-08      0.00 7.402e-01 2.574e-01 1.824e-04 6.784e-05 4.913e-04 -1.000 2.447e-03 -1.777 1.132 -0.747 -1.700 -2.000 -2.167 -2.238
0.0010968 -1.15000 10.11394 0.8064055443 2.4209441478    0.649  2.658  3.6448  1.124    7  0.000  0.486    14.01     9.99     6.87     5.40     4.37  2 -4.83e-08      0.00 7.402e-01 2.574e-01 1.791e-04 7.187e-05 4.913e-04 -1.000 2.438e-03 -1.874 1.130 -0.805 -1.783 -2.092 -2.264 -2.337
0.0010968 -1.15000 10.11394 0.8064115644 2.4209462149    0.631  2.697  3.6419  1.062    7  0.000  0.478    15.91    11.10     7.60     5.98     4.84  2 -6.43e-08      0.00 7.401e-01 2.575e-01 1.761e-04 7.547e-05 4.913e-04 -1.000 2.442e-03 -1.971 1.125 -0.865 -1.867 -2.183 -2.361 -2.437
0.0010968 -1.15000 10.11394 0.8064174056 2.4209482205    0.608  2.736  3.6396  0.997    7  0.000  0.471    18.11    12.36     8.41     6.64     5.37  1 -8.78e-08      0.00 7.401e-01 2.575e-01 1.735e-04 7.866e-05 4.913e-04 -1.000 2.430e-03 -2.069 1.110 -0.930 -1.954 -2.277 -2.459 -2.537
0.0010968 -1.15000 10.11394 0.8064227700 2.4209500624    0.579  2.774  3.6394  0.937    7  0.000  0.465    20.39    13.61     9.21     7.30     5.90  1 -1.24e-07      0.00 7.401e-01 2.576e-01 1.713e-04 8.133e-05 4.913e-04 -1.000 2.370e-03 -2.164 1.062 -1.010 -2.047 -2.374 -2.556 -2.634
0.0010968 -1.15000 10.11394 0.8064277172 2.4209517610    0.542  2.811  3.6452  0.894    7  0.000  0.459    22.05    14.46     9.75     7.75     6.27  1 -1.79e-07      0.00 7.400e-01 2.576e-01 1.694e-04 8.372e-05 4.913e-04 -1.000 2.390e-03 -2.258 0.874 -1.155 -2.170 -2.485 -2.658 -2.732
0.0010968 -1.15000 10.11394 0.8064299822 2.4209525387    0.510  2.830  3.6563  0.892    7  0.000  0.456    21.84    14.28     9.62     7.66     6.19  1 -2.13e-07      0.00 7.400e-01 2.577e-01 1.681e-04 8.536e-05 4.912e-04 -1.000 2.351e-03 -2.305 0.598 -1.313 -2.267 -2.557 -2.712 -2.778
0.0010968 -1.15000 10.11394 1.0941306353 2.4906872793    0.546 -9.999  3.5533  7.957    9  0.546  0.000     0.00     0.00     0.00     0.00     0.00 -1    -1e-30      0.00 7.272e-01 2.718e-01 1.538e-04 1.188e-04 4.981e-04 -1.000 1.081e-03 29.767 34.228 31.983 30.396 29.536 29.206 29.111
