# Zini     MH   logAge Mini        int_IMF         Mass   logL    logTe  logg  label   McoreTP C_O  period0  period1  period2  period3  period4  pmode  Mloss  tau1m   X   Y   Xc  Xn  Xo  Cexcess  Z 	 mbolmag  umag    gmag    rmag    imag    zmag    Ymag
0.0010968 -1.15000 10.07918 0.0900000036 1.0816895926    0.090 -3.217  3.4541  5.378    1  0.000  0.545     0.00     0.00     0.00     0.00     0.00 -1 -4.94e-17      0.00 7.463e-01 2.526e-01 2.038e-04 5.498e-05 4.986e-04 -1.000 1.133e-03 12.813 18.038 16.831 14.983 12.905 12.206 12.070
0.0010968 -1.15000 10.07918 0.0978033841 1.1524908564    0.098 -3.019  3.4824  5.329    1  0.000  0.545     0.00     0.00     0.00     0.00     0.00 -1 -8.04e-17      0.00 7.452e-01 2.536e-01 2.038e-04 5.498e-05 4.986e-04 -1.000 1.133e-03 12.317 17.449 15.686 13.879 12.289 11.732 11.606
0.0010968 -1.15000 10.07918 0.1000000015 1.1711064122    0.100 -2.966  3.4899  5.315    1  0.000  0.545     0.00     0.00     0.00     0.00     0.00 -1 -9.46e-17      0.00 7.449e-01 2.539e-01 2.038e-04 5.498e-05 4.986e-04 -1.000 1.133e-03 12.185 17.271 15.385 13.595 12.130 11.608 11.483
0.0010968 -1.15000 10.07918 0.1199999899 1.3193153758    0.120 -2.683  3.5228  5.243    1  0.000  0.545     0.00     0.00     0.00     0.00     0.00 -1  -1.8e-16      0.00 7.427e-01 2.562e-01 2.038e-04 5.498e-05 4.987e-04 -1.000 1.133e-03 11.476 16.197 14.033 12.365 11.337 10.932 10.818
0.0010968 -1.15000 10.07918 0.1400000006 1.4384526719    0.140 -2.500  3.5394  5.194    1  0.000  0.545     0.00     0.00     0.00     0.00     0.00 -1 -2.69e-16      0.00 7.410e-01 2.579e-01 2.038e-04 5.498e-05 4.987e-04 -1.000 1.133e-03 11.020 15.479 13.299 11.710 10.849 10.491 10.381
0.0010968 -1.15000 10.07918 0.1599999964 1.5372931554    0.160 -2.360  3.5500  5.154    1  0.000  0.545     0.00     0.00     0.00     0.00     0.00 -1 -3.64e-16      0.00 7.397e-01 2.591e-01 2.038e-04 5.498e-05 4.987e-04 -1.000 1.133e-03 10.670 14.946 12.787 11.249 10.482 10.149 10.044
0.0010968 -1.15000 10.07918 0.2000000179 1.6938791367    0.200 -2.139  3.5642  5.086    1  0.000  0.545     0.00     0.00     0.00     0.00     0.00 -1 -5.85e-16      0.00 7.383e-01 2.606e-01 2.038e-04 5.498e-05 4.987e-04 -1.000 1.133e-03 10.117 14.132 12.033 10.569 9.913 9.610 9.510
0.0010968 -1.15000 10.07918 0.2500000000 1.8403257998    0.250 -1.934  3.5755  5.024    1  0.000  0.545     0.00     0.00     0.00     0.00     0.00 -1 -3.52e-16      0.00 7.380e-01 2.609e-01 2.038e-04 5.498e-05 4.987e-04 -1.000 1.133e-03 9.604 13.414 11.374 9.972 9.389 9.108 9.013
0.0010968 -1.15000 10.07918 0.3000000417 1.9529140366    0.300 -1.777  3.5840  4.980    1  0.000  0.545     0.00     0.00     0.00     0.00     0.00 -1 -5.44e-18      0.00 7.382e-01 2.606e-01 2.038e-04 5.498e-05 4.987e-04 -1.000 1.133e-03 9.212 12.870 10.880 9.528 8.990 8.724 8.633
0.0010968 -1.15000 10.07918 0.3499999940 2.0434174644    0.350 -1.648  3.5913  4.947    1  0.000  0.545     0.00     0.00     0.00     0.00     0.00 -1 -1.47e-15      0.00 7.477e-01 2.511e-01 2.038e-04 5.498e-05 4.986e-04 -1.000 1.133e-03 8.890 12.420 10.474 9.167 8.663 8.408 8.321
0.0010968 -1.15000 10.07918 0.4000000060 2.1185024399    0.400 -1.497  3.6024  4.899    1  0.000  0.545     0.00     0.00     0.00     0.00     0.00 -1 -2.25e-15      0.00 7.485e-01 2.504e-01 2.038e-04 5.498e-05 4.986e-04 -1.000 1.133e-03 8.512 11.861 9.975 8.738 8.277 8.041 7.959
0.0010968 -1.15000 10.07918 0.4500000179 2.1822809362    0.450 -1.319  3.6199  4.841    1  0.000  0.545     0.00     0.00     0.00     0.00     0.00 -1 -3.41e-15      0.00 7.485e-01 2.504e-01 2.038e-04 5.498e-05 4.986e-04 -1.000 1.133e-03 8.067 11.151 9.349 8.226 7.821 7.612 7.539
0.0010968 -1.15000 10.07918 0.5000000000 2.2374541529    0.500 -1.114  3.6483  4.797    1  0.000  0.545     0.00     0.00     0.00     0.00     0.00 -1 -5.46e-15      0.00 7.485e-01 2.504e-01 2.038e-04 5.498e-05 4.986e-04 -1.000 1.133e-03 7.556 10.228 8.560 7.621 7.301 7.136 7.077
0.0010968 -1.15000 10.07918 0.5500000715 2.2836583126    0.550 -0.890  3.6799  4.740    1  0.000  0.544     0.00     0.00     0.00     0.00     0.00 -1  -9.3e-15      0.00 7.829e-01 2.162e-01 1.779e-04 4.804e-05 4.359e-04 -1.000 9.575e-04 6.996 9.148 7.721 6.978 6.737 6.619 6.575
0.0010968 -1.15000 10.07918 0.6000000238 2.3211213258    0.600 -0.682  3.7092  4.687    1  0.000  0.544     0.00     0.00     0.00     0.00     0.00 -1 -1.53e-14      0.00 7.917e-01 2.073e-01 1.717e-04 4.638e-05 4.211e-04 -1.000 9.703e-04 6.475 8.158 7.010 6.411 6.223 6.141 6.114
0.0010968 -1.15000 10.07918 0.6053229570 2.3246925945    0.605 -0.659  3.7126  4.682    1  0.000  0.544     0.00     0.00     0.00     0.00     0.00 -1 -1.61e-14      0.00 7.928e-01 2.063e-01 1.710e-04 4.619e-05 4.193e-04 -1.000 9.762e-04 6.418 8.053 6.935 6.351 6.168 6.091 6.066
0.0010968 -1.15000 10.07918 0.6194221377 2.3338118685    0.619 -0.599  3.7217  4.667    1  0.000  0.543     0.00     0.00     0.00     0.00     0.00 -1 -1.86e-14      0.00 7.955e-01 2.035e-01 1.690e-04 4.566e-05 4.146e-04 -1.000 9.782e-04 6.267 7.780 6.739 6.192 6.024 5.957 5.937
0.0010968 -1.15000 10.07918 0.6325228810 2.3418676692    0.632 -0.542  3.7300  4.653    1  0.000  0.543     0.00     0.00     0.00     0.00     0.00 -1 -1.46e-14      0.00 7.982e-01 2.008e-01 1.671e-04 4.516e-05 4.100e-04 -1.000 9.650e-04 6.125 7.535 6.561 6.047 5.891 5.834 5.818
0.0010968 -1.15000 10.07918 0.6452307105 2.3493235006    0.645 -0.487  3.7380  4.638    1  0.000  0.543     0.00     0.00     0.00     0.00     0.00 -1 -4.73e-15      0.00 8.009e-01 1.982e-01 1.652e-04 4.465e-05 4.055e-04 -1.000 9.076e-04 5.987 7.310 6.395 5.907 5.763 5.714 5.702
0.0010968 -1.15000 10.07918 0.6499999762 2.3520353107    0.650 -0.466  3.7409  4.633    1  0.000  0.543     0.00     0.00     0.00     0.00     0.00 -1 -2.56e-14      0.00 8.019e-01 1.972e-01 1.645e-04 4.445e-05 4.037e-04 -1.000 9.085e-04 5.936 7.226 6.332 5.855 5.715 5.669 5.658
0.0010968 -1.15000 10.07918 0.6521877646 2.3532640403    0.652 -0.457  3.7421  4.630    1  0.000  0.543     0.00     0.00     0.00     0.00     0.00 -1 -2.63e-14      0.00 8.025e-01 1.966e-01 1.641e-04 4.435e-05 4.028e-04 -1.000 9.073e-04 5.912 7.190 6.304 5.832 5.693 5.649 5.639
0.0010968 -1.15000 10.07918 0.6656150222 2.3606021989    0.665 -0.398  3.7496  4.609    1  0.000  0.543     0.00     0.00     0.00     0.00     0.00 -1 -3.05e-14      0.00 8.061e-01 1.930e-01 1.616e-04 4.369e-05 3.969e-04 -1.000 9.069e-04 5.764 6.964 6.130 5.686 5.559 5.523 5.516
0.0010968 -1.15000 10.07918 0.6780158877 2.3670833708    0.678 -0.342  3.7563  4.588    1  0.000  0.543     0.00     0.00     0.00     0.00     0.00 -1 -3.12e-14      0.00 8.096e-01 1.895e-01 1.591e-04 4.304e-05 3.911e-04 -1.000 9.049e-04 5.626 6.761 5.969 5.551 5.435 5.406 5.402
0.0010968 -1.15000 10.07918 0.6901611686 2.3731720384    0.690 -0.287  3.7626  4.566    1  0.000  0.542     0.00     0.00     0.00     0.00     0.00 -1 -1.55e-14      0.00 8.132e-01 1.859e-01 1.566e-04 4.238e-05 3.852e-04 -1.000 8.817e-04 5.487 6.564 5.811 5.417 5.311 5.288 5.287
0.0010968 -1.15000 10.07918 0.6999999881 2.3779266974    0.700 -0.241  3.7675  4.546    1  0.000  0.542     0.00     0.00     0.00     0.00     0.00 -1 -4.59e-14      0.00 8.162e-01 1.829e-01 1.545e-04 4.182e-05 3.802e-04 -1.000 9.001e-04 5.373 6.407 5.683 5.306 5.208 5.190 5.191
0.0010968 -1.15000 10.07918 0.7045064569 2.3800535439    0.704 -0.220  3.7697  4.536    1  0.000  0.541     0.00     0.00     0.00     0.00     0.00 -1 -4.86e-14      0.00 8.180e-01 1.811e-01 1.531e-04 4.149e-05 3.773e-04 -1.000 8.861e-04 5.319 6.335 5.623 5.255 5.159 5.144 5.145
0.0010968 -1.15000 10.07918 0.7130928636 2.3840204990    0.713 -0.178  3.7737  4.515    1  0.000  0.540     0.00     0.00     0.00     0.00     0.00 -1 -5.45e-14      0.00 8.214e-01 1.777e-01 1.504e-04 4.085e-05 3.716e-04 -1.000 8.067e-04 5.214 6.198 5.507 5.154 5.065 5.053 5.056
0.0010968 -1.15000 10.07918 0.7213447690 2.3877307500    0.721 -0.136  3.7775  4.494    1  0.000  0.538     0.00     0.00     0.00     0.00     0.00 -1 -6.11e-14      0.00 8.250e-01 1.742e-01 1.476e-04 4.020e-05 3.659e-04 -1.000 8.112e-04 5.109 6.064 5.393 5.054 4.970 4.962 4.967
0.0010968 -1.15000 10.07918 0.7322875261 2.3925028672    0.732 -0.078  3.7822  4.462    1  0.000  0.536     0.00     0.00     0.00     0.00     0.00 -1 -2.41e-14      0.00 8.299e-01 1.693e-01 1.439e-04 3.928e-05 3.578e-04 -1.000 8.069e-04 4.966 5.887 5.237 4.915 4.839 4.836 4.842
0.0010968 -1.15000 10.07918 0.7425693870 2.3968396972    0.742 -0.021  3.7865  4.427    1  0.000  0.534     0.00     0.00     0.00     0.00     0.00 -1 -4.02e-14      0.00 8.349e-01 1.643e-01 1.400e-04 3.835e-05 3.496e-04 -1.000 8.067e-04 4.823 5.717 5.083 4.777 4.707 4.708 4.716
0.0010968 -1.15000 10.07918 0.7500000000 2.3998889087    0.749  0.022  3.7894  4.400    1  0.000  0.532     0.00     0.00     0.00     0.00     0.00 -1  -9.6e-14      0.00 8.387e-01 1.605e-01 1.372e-04 3.765e-05 3.434e-04 -1.000 8.067e-04 4.714 5.590 4.967 4.671 4.606 4.610 4.619
0.0010968 -1.15000 10.07918 0.7567307353 2.4025915611    0.756  0.064  3.7917  4.371    1  0.000  0.532     0.00     0.00     0.00     0.00     0.00 -1 -1.09e-13      0.00 8.421e-01 1.571e-01 1.350e-04 3.707e-05 3.381e-04 -1.000 8.048e-04 4.610 5.472 4.857 4.570 4.509 4.515 4.524
0.0010968 -1.15000 10.07918 0.7670222521 2.4066187282    0.766  0.131  3.7949  4.323    1  0.000  0.532     0.00     0.00     0.00     0.00     0.00 -1 -1.33e-13      0.00 8.469e-01 1.523e-01 1.321e-04 3.628e-05 3.312e-04 -1.000 7.898e-04 4.442 5.285 4.679 4.404 4.349 4.358 4.368
0.0010968 -1.15000 10.07918 0.7766667008 2.4102815015    0.776  0.199  3.7974  4.270    1  0.000  0.531     0.00     0.00     0.00     0.00     0.00 -1 -1.64e-13      0.00 8.506e-01 1.486e-01 1.299e-04 3.569e-05 3.260e-04 -1.000 7.534e-04 4.272 5.100 4.502 4.237 4.186 4.197 4.208
0.0010968 -1.15000 10.07918 0.7851724029 2.4134260746    0.784  0.264  3.7989  4.216    1  0.000  0.531     0.00     0.00     0.00     0.00     0.00 -1 -2.02e-13      0.00 8.518e-01 1.474e-01 1.293e-04 3.554e-05 3.247e-04 -1.000 7.672e-04 4.110 4.928 4.335 4.076 4.027 4.040 4.052
0.0010968 -1.15000 10.07918 0.7870848775 2.4141223658    0.786  0.279  3.7991  4.203    1  0.000  0.531     0.00     0.00     0.00     0.00     0.00 -1 -5.64e-14      0.00 8.519e-01 1.473e-01 1.292e-04 3.555e-05 3.247e-04 -1.000 7.715e-04 4.072 4.889 4.295 4.038 3.990 4.003 4.014
0.0010968 -1.15000 10.07918 0.7901102304 2.4152159200    0.789  0.306  3.7989  4.176    1  0.000  0.530     0.00     0.00     0.00     0.00     0.00 -1 -8.41e-14      0.00 8.520e-01 1.472e-01 1.293e-04 3.556e-05 3.249e-04 -1.000 7.762e-04 4.004 4.822 4.228 3.970 3.922 3.935 3.946
0.0010968 -1.15000 10.07918 0.7961565852 2.4173728446    0.795  0.363  3.7974  4.117    1  0.000  0.530     0.00     0.00     0.00     0.00     0.00 -1 -9.75e-14      0.00 8.521e-01 1.471e-01 1.294e-04 3.561e-05 3.253e-04 -1.000 7.790e-04 3.862 4.685 4.087 3.826 3.776 3.787 3.798
0.0010968 -1.15000 10.07918 0.8000000119 2.4187244405    0.799  0.403  3.7955  4.072    1  0.000  0.530     0.00     0.00     0.00     0.00     0.00 -1 -3.25e-13      0.00 8.521e-01 1.472e-01 1.297e-04 3.569e-05 3.261e-04 -1.000 7.907e-04 3.763 4.595 3.992 3.725 3.673 3.682 3.692
0.0010968 -1.15000 10.07918 0.8001011610 2.4187598094    0.799  0.404  3.7954  4.070    1  0.000  0.530     0.00     0.00     0.00     0.00     0.00 -1 -3.26e-13      0.00 8.520e-01 1.472e-01 1.298e-04 3.570e-05 3.262e-04 -1.000 7.909e-04 3.761 4.593 3.989 3.723 3.670 3.679 3.689
0.0010968 -1.15000 10.07918 0.8010032177 2.4190747782    0.800  0.414  3.7948  4.059    1  0.000  0.530     0.00     0.00     0.00     0.00     0.00 -1 -3.38e-13      0.00 8.518e-01 1.474e-01 1.300e-04 3.576e-05 3.268e-04 -1.000 7.933e-04 3.736 4.571 3.966 3.697 3.644 3.653 3.662
0.0010968 -1.15000 10.07918 0.8040168285 2.4201211421    0.803  0.451  3.7909  4.007    2  0.000  0.530     0.00     0.00     0.00     0.00     0.00 -1 -3.91e-13      0.00 8.506e-01 1.486e-01 1.314e-04 3.616e-05 3.304e-04 -1.000 7.936e-04 3.642 4.496 3.880 3.599 3.540 3.545 3.553
0.0010968 -1.15000 10.07918 0.8072111011 2.4212204308    0.806  0.496  3.7839  3.935    2  0.000  0.530     0.00     0.00     0.00     0.00     0.00 -1 -4.69e-13      0.00 8.462e-01 1.531e-01 1.359e-04 3.739e-05 3.416e-04 -1.000 7.626e-04 3.529 4.422 3.785 3.481 3.411 3.409 3.415
0.0010968 -1.15000 10.07918 0.8093946576 2.4219661489    0.808  0.531  3.7759  3.870    2  0.000  0.531     0.00     0.00     0.00     0.00     0.00 -1 -5.46e-13      0.00 8.279e-01 1.713e-01 1.496e-04 4.109e-05 3.751e-04 -1.000 7.986e-04 3.443 4.385 3.719 3.388 3.306 3.297 3.299
0.0010968 -1.15000 10.07918 0.8109948039 2.4225096924    0.809  0.558  3.7672  3.809    2  0.000  0.533     0.00     0.00     0.00     0.00     0.00 -1 -6.23e-13      0.00 8.036e-01 1.954e-01 1.657e-04 4.542e-05 4.140e-04 -1.000 9.301e-04 3.376 4.378 3.677 3.316 3.221 3.202 3.202
0.0010968 -1.15000 10.07918 0.8123027086 2.4229521376    0.811  0.583  3.7580  3.748    2  0.000  0.535     0.00     0.00     0.00     0.00     0.00 -1 -7.09e-13      0.00 7.859e-01 2.131e-01 1.768e-04 4.841e-05 4.407e-04 -1.000 1.007e-03 3.313 4.385 3.642 3.249 3.139 3.111 3.107
0.0010968 -1.15000 10.07918 0.8133175373 2.4232943122    0.812  0.612  3.7500  3.688    2  0.000  0.536     0.00     0.00     0.00     0.00     0.00 -1  -8.1e-13      0.00 7.763e-01 2.227e-01 1.827e-04 4.999e-05 4.547e-04 -1.000 1.025e-03 3.241 4.376 3.596 3.176 3.054 3.018 3.010
0.0010968 -1.15000 10.07918 0.8141378164 2.4235701727    0.812  0.645  3.7441  3.631    2  0.000  0.536     0.00     0.00     0.00     0.00     0.00 -1 -9.33e-13      0.00 7.707e-01 2.282e-01 1.862e-04 5.091e-05 4.629e-04 -1.000 1.038e-03 3.158 4.343 3.534 3.093 2.962 2.919 2.909
0.0010968 -1.15000 10.07918 0.8147864342 2.4237878513    0.813  0.679  3.7400  3.581    2  0.000  0.536     0.00     0.00     0.00     0.00     0.00 -1 -1.07e-12      0.00 7.673e-01 2.316e-01 1.882e-04 5.146e-05 4.678e-04 -1.000 1.090e-03 3.072 4.291 3.462 3.008 2.871 2.823 2.811
0.0010968 -1.15000 10.07918 0.8151077628 2.4238955428    0.813  0.698  3.7381  3.554    2  0.000  0.537     0.00     0.00     0.00     0.00     0.00 -1 -1.15e-12      0.00 7.657e-01 2.331e-01 1.891e-04 5.170e-05 4.700e-04 -1.000 1.120e-03 3.025 4.262 3.423 2.962 2.822 2.772 2.760
0.0010968 -1.15000 10.07918 0.8152251840 2.4239348715    0.813  0.706  3.7375  3.544    3  0.000  0.537     0.00     0.00     0.00     0.00     0.00 -1 -1.19e-12      0.00 7.653e-01 2.336e-01 1.894e-04 5.177e-05 4.705e-04 -1.000 1.120e-03 3.005 4.247 3.405 2.943 2.801 2.751 2.738
0.0010968 -1.15000 10.07918 0.8158434033 2.4241417214    0.814  0.750  3.7347  3.489    3  0.000  0.537     0.00     0.00     0.00     0.00     0.00 -1  -1.4e-12      0.00 7.627e-01 2.362e-01 1.906e-04 5.210e-05 4.735e-04 -1.000 1.113e-03 2.894 4.160 3.304 2.833 2.688 2.635 2.620
0.0010968 -1.15000 10.07918 0.8163642287 2.4243157046    0.814  0.792  3.7327  3.440    3  0.000  0.537     0.00     0.00     0.00     0.00     0.00 -1 -1.63e-12      0.00 7.607e-01 2.383e-01 1.915e-04 5.234e-05 4.757e-04 -1.000 1.041e-03 2.791 4.075 3.209 2.731 2.583 2.527 2.512
0.0010968 -1.15000 10.07918 0.8169420958 2.4245084443    0.815  0.841  3.7307  3.383    3  0.000  0.537     0.00     0.00     0.00     0.00     0.00 -1 -1.94e-12      0.00 7.585e-01 2.404e-01 1.923e-04 5.257e-05 4.777e-04 -1.000 1.117e-03 2.667 3.968 3.092 2.608 2.457 2.399 2.382
0.0010968 -1.15000 10.07918 0.8174761534 2.4246862934    0.815  0.891  3.7289  3.326    3  0.000  0.537     0.00     0.00     0.00     0.00     0.00 -1 -2.33e-12      0.00 7.565e-01 2.425e-01 1.929e-04 5.276e-05 4.792e-04 -1.000 1.037e-03 2.542 3.861 2.975 2.486 2.331 2.271 2.254
0.0010968 -1.15000 10.07918 0.8180120587 2.4248644893    0.816  0.945  3.7271  3.265    3  0.000  0.536     0.00     0.00     0.00     0.00     0.00 -1 -2.83e-12      0.00 7.542e-01 2.447e-01 1.932e-04 5.297e-05 4.806e-04 -1.000 1.097e-03 2.407 3.741 2.846 2.351 2.195 2.133 2.114
0.0010968 -1.15000 10.07918 0.8184865713 2.4250220473    0.816  0.998  3.7255  3.206    3  0.000  0.535     0.00     0.00     0.00     0.00     0.00 -1 -3.42e-12      0.00 7.524e-01 2.466e-01 1.931e-04 5.327e-05 4.817e-04 -1.000 1.052e-03 2.275 3.624 2.721 2.221 2.062 1.998 1.979
0.0010968 -1.15000 10.07918 0.8188891411 2.4251555527    0.817  1.046  3.7240  3.152    3  0.000  0.533     0.00     0.00     0.00     0.00     0.00 -1 -4.06e-12      0.00 7.507e-01 2.482e-01 1.926e-04 5.376e-05 4.825e-04 -1.000 1.104e-03 2.154 3.517 2.606 2.102 1.940 1.875 1.854
0.0010968 -1.15000 10.07918 0.8192042112 2.4252599350    0.817  1.087  3.7228  3.106    3  0.000  0.530     0.00     0.00     0.00     0.00     0.00 -1 -4.71e-12      0.00 7.495e-01 2.495e-01 1.920e-04 5.436e-05 4.830e-04 -1.000 1.058e-03 2.052 3.426 2.509 2.001 1.838 1.770 1.749
0.0010968 -1.15000 10.07918 0.8195530772 2.4253754062    0.817  1.136  3.7213  3.051    3  0.000  0.527     0.00     0.00     0.00     0.00     0.00 -1 -5.61e-12      0.00 7.482e-01 2.507e-01 1.910e-04 5.533e-05 4.835e-04 -1.000 1.092e-03 1.929 3.317 2.392 1.879 1.714 1.645 1.623
0.0010968 -1.15000 10.07918 0.8198865652 2.4254856818    0.817  1.188  3.7195  2.993    3  0.000  0.523     0.00     0.00     0.00     0.00     0.00 -1 -6.75e-12      0.00 7.469e-01 2.520e-01 1.897e-04 5.666e-05 4.840e-04 -1.000 1.105e-03 1.800 3.204 2.270 1.753 1.584 1.513 1.490
0.0010968 -1.15000 10.07918 0.8201887012 2.4255855011    0.818  1.239  3.7178  2.934    3  0.000  0.519     0.00     0.00     0.00     0.00     0.00 -1 -8.13e-12      0.00 7.460e-01 2.529e-01 1.885e-04 5.800e-05 4.842e-04 -1.000 1.129e-03 1.672 3.095 2.150 1.626 1.455 1.381 1.357
0.0010968 -1.15000 10.07918 0.8204523325 2.4256725302    0.818  1.288  3.7161  2.879    3  0.000  0.516     0.00     0.00     0.00     0.00     0.00 -1 -9.71e-12      0.00 7.452e-01 2.537e-01 1.875e-04 5.915e-05 4.845e-04 -1.000 1.062e-03 1.549 2.991 2.035 1.505 1.331 1.256 1.231
0.0010968 -1.15000 10.07918 0.8206907511 2.4257511808    0.818  1.337  3.7143  2.823    3  0.000  0.514     0.00     0.00     0.00     0.00     0.00 -1 -1.16e-11      0.00 7.447e-01 2.542e-01 1.868e-04 6.002e-05 4.847e-04 -1.000 1.102e-03 1.428 2.890 1.923 1.386 1.209 1.131 1.105
0.0010968 -1.15000 10.07918 0.8209051490 2.4258218625    0.818  1.384  3.7125  2.769    3  0.000  0.512     0.00     0.00     0.00     0.00     0.00 -1 -1.37e-11      0.00 7.443e-01 2.546e-01 1.862e-04 6.072e-05 4.848e-04 -1.000 1.080e-03 1.310 2.791 1.813 1.270 1.090 1.009 0.982
0.0010968 -1.15000 10.07918 0.8211042881 2.4258874757    0.818  1.433  3.7107  2.713    3  0.000  0.511     0.00     0.00     0.00     0.00     0.00 -1 -1.64e-11      0.00 7.441e-01 2.548e-01 1.859e-04 6.110e-05 4.848e-04 -1.000 1.073e-03 1.189 2.690 1.701 1.151 0.968 0.885 0.857
0.0010968 -1.15000 10.07918 0.8212804794 2.4259454975    0.818  1.479  3.7087  2.658    3  0.000  0.511     0.00     0.00     0.00     0.00     0.00 -1 -1.94e-11      0.00 7.440e-01 2.549e-01 1.858e-04 6.126e-05 4.849e-04 -1.000 1.077e-03 1.072 2.596 1.593 1.037 0.850 0.765 0.736
0.0010968 -1.15000 10.07918 0.8214448094 2.4259995874    0.818  1.527  3.7067  2.602    3  0.000  0.511     0.00     0.00     0.00     0.00     0.00 -1 -2.31e-11      0.00 7.440e-01 2.549e-01 1.857e-04 6.129e-05 4.849e-04 -1.000 1.077e-03 0.952 2.500 1.484 0.920 0.730 0.642 0.612
0.0010968 -1.15000 10.07918 0.8215900660 2.4260473785    0.818  1.573  3.7047  2.548    3  0.000  0.511     0.00     0.00     0.00     0.00     0.00 -1 -2.74e-11      0.00 7.440e-01 2.549e-01 1.857e-04 6.132e-05 4.849e-04 -1.000 1.077e-03 0.837 2.407 1.379 0.808 0.614 0.524 0.492
0.0010968 -1.15000 10.07918 0.8217195868 2.4260899759    0.818  1.618  3.7027  2.496    3  0.000  0.511     0.00     0.00     0.00     0.00     0.00 -1 -3.22e-11      0.00 7.440e-01 2.549e-01 1.857e-04 6.134e-05 4.849e-04 -1.000 1.078e-03 0.725 2.319 1.278 0.699 0.502 0.409 0.377
0.0010968 -1.15000 10.07918 0.8218396306 2.4261294427    0.818  1.663  3.7008  2.443    3  0.000  0.511     0.00     0.00     0.00     0.00     0.00 -1  -3.8e-11      0.00 7.440e-01 2.549e-01 1.857e-04 6.136e-05 4.849e-04 -1.000 1.078e-03 0.613 2.234 1.176 0.589 0.388 0.293 0.259
0.0010968 -1.15000 10.07918 0.8219462037 2.4261644697    0.818  1.706  3.6987  2.391    3  0.000  0.511     0.00     0.00     0.00     0.00     0.00 -1 -4.46e-11      0.00 7.440e-01 2.549e-01 1.857e-04 6.138e-05 4.849e-04 -1.000 1.078e-03 0.504 2.156 1.079 0.483 0.279 0.181 0.146
0.0010968 -1.15000 10.07918 0.8220466971 2.4261974889    0.817  1.750  3.6965  2.338    3  0.000  0.511     0.00     0.00     0.00     0.00     0.00 -1 -5.24e-11      0.00 7.440e-01 2.549e-01 1.857e-04 6.140e-05 4.849e-04 -1.000 1.078e-03 0.394 2.076 0.981 0.376 0.168 0.067 0.031
0.0010968 -1.15000 10.07918 0.8221371770 2.4262272100    0.817  1.793  3.6944  2.287    3  0.000  0.511     0.00     0.00     0.00     0.00     0.00 -1 -6.14e-11      0.00 7.440e-01 2.550e-01 1.856e-04 6.141e-05 4.849e-04 -1.000 1.078e-03 0.288 2.001 0.887 0.272 0.060 -0.043 -0.080
0.0010968 -1.15000 10.07918 0.8222218156 2.4262550055    0.817  1.835  3.6923  2.236    3  0.000  0.511     0.00     0.00     0.00     0.00     0.00 -1 -7.17e-11      0.00 7.440e-01 2.550e-01 1.856e-04 6.143e-05 4.849e-04 -1.000 1.079e-03 0.182 1.927 0.794 0.170 -0.046 -0.152 -0.190
0.0010968 -1.15000 10.07918 0.8223028779 2.4262816204    0.817  1.877  3.6902  2.186    3  0.000  0.511     0.00     0.00     0.00     0.00     0.00 -1 -8.36e-11      0.00 7.440e-01 2.550e-01 1.856e-04 6.144e-05 4.849e-04 -1.000 1.079e-03 0.079 1.854 0.703 0.069 -0.150 -0.259 -0.299
0.0010968 -1.15000 10.07918 0.8223859668 2.4263088944    0.817  1.915  3.6882  2.140    3  0.000  0.511     0.00     0.00     0.00     0.00     0.00 -1 -9.65e-11      0.00 7.439e-01 2.550e-01 1.856e-04 6.145e-05 4.849e-04 -1.000 1.079e-03 -0.018 1.789 0.620 -0.023 -0.246 -0.358 -0.398
0.0010968 -1.15000 10.07918 0.8224615455 2.4263336977    0.816  1.938  3.6872  2.113    3  0.000  0.511     0.00     0.00     0.00     0.00     0.00 -1 -1.05e-10      0.00 7.439e-01 2.550e-01 1.856e-04 6.147e-05 4.849e-04 -1.000 1.079e-03 -0.074 1.749 0.570 -0.078 -0.303 -0.416 -0.457
0.0010968 -1.15000 10.07918 0.8225273490 2.4263552887    0.816  1.917  3.6887  2.139    3  0.000  0.511     0.00     0.00     0.00     0.00     0.00 -1 -9.82e-11      0.00 7.439e-01 2.550e-01 1.856e-04 6.148e-05 4.849e-04 -1.000 1.079e-03 -0.023 1.777 0.612 -0.030 -0.252 -0.362 -0.403
0.0010968 -1.15000 10.07918 0.8225389719 2.4263591019    0.816  1.913  3.6890  2.144    3  0.000  0.511     0.00     0.00     0.00     0.00     0.00 -1 -9.67e-11      0.00 7.439e-01 2.550e-01 1.856e-04 6.148e-05 4.849e-04 -1.000 1.079e-03 -0.013 1.783 0.620 -0.020 -0.242 -0.352 -0.393
0.0010968 -1.15000 10.07918 0.8225905895 2.4263760350    0.816  1.949  3.6870  2.101    3  0.000  0.510     0.00     0.00     0.00     0.00     0.00 -1 -1.09e-10      0.00 7.439e-01 2.550e-01 1.856e-04 6.149e-05 4.849e-04 -1.000 1.079e-03 -0.102 1.724 0.543 -0.106 -0.331 -0.444 -0.485
0.0010968 -1.15000 10.07918 0.8226475120 2.4263947055    0.815  1.990  3.6848  2.051    3  0.000  0.510     0.00     0.00     0.00     0.00     0.00 -1 -1.27e-10      0.00 7.439e-01 2.550e-01 1.856e-04 6.150e-05 4.849e-04 -1.000 1.079e-03 -0.205 1.657 0.455 -0.203 -0.433 -0.549 -0.592
0.0010968 -1.15000 10.07918 0.8227024674 2.4264127281    0.815  2.031  3.6824  2.000    3  0.000  0.510     0.00     0.00     0.00     0.00     0.00 -1 -1.48e-10      0.00 7.439e-01 2.550e-01 1.856e-04 6.151e-05 4.850e-04 -1.000 1.079e-03 -0.309 1.590 0.367 -0.303 -0.536 -0.655 -0.700
0.0010968 -1.15000 10.07918 0.8227526546 2.4264291844    0.815  2.072  3.6801  1.949    3  0.000  0.510     0.00     0.00     0.00     0.00     0.00 -1 -1.73e-10      0.00 7.439e-01 2.550e-01 1.856e-04 6.152e-05 4.850e-04 -1.000 1.080e-03 -0.410 1.541 0.282 -0.403 -0.640 -0.762 -0.808
0.0010968 -1.15000 10.07918 0.8228002191 2.4264447786    0.814  2.113  3.6777  1.898    3  0.000  0.510     0.00     0.00     0.00     0.00     0.00 -1 -2.01e-10      0.00 7.439e-01 2.550e-01 1.856e-04 6.152e-05 4.850e-04 -1.000 1.080e-03 -0.514 1.496 0.197 -0.505 -0.745 -0.870 -0.917
0.0010968 -1.15000 10.07918 0.8228431344 2.4264588469    0.814  2.154  3.6753  1.848    3  0.000  0.510     0.00     0.00     0.00     0.00     0.00 -1 -2.34e-10      0.00 7.439e-01 2.550e-01 1.856e-04 6.153e-05 4.850e-04 -1.000 1.080e-03 -0.614 1.454 0.116 -0.603 -0.847 -0.974 -1.023
0.0010968 -1.15000 10.07918 0.8228829503 2.4264718975    0.813  2.194  3.6729  1.798    3  0.000  0.510     0.00     0.00     0.00     0.00     0.00 -1 -2.72e-10      0.00 7.439e-01 2.550e-01 1.856e-04 6.154e-05 4.850e-04 -1.000 1.080e-03 -0.714 1.415 0.037 -0.701 -0.948 -1.079 -1.130
0.0010968 -1.15000 10.07918 0.8229194880 2.4264838724    0.813  2.233  3.6704  1.748    3  0.000  0.510     0.00     0.00     0.00     0.00     0.00 -1 -3.16e-10      0.00 7.439e-01 2.550e-01 1.856e-04 6.154e-05 4.850e-04 -1.000 1.080e-03 -0.814 1.379 -0.041 -0.797 -1.049 -1.182 -1.235
0.0010968 -1.15000 10.07918 0.8229533434 2.4264949671    0.812  2.273  3.6679  1.698    3  0.000  0.510     0.00     0.00     0.00     0.00     0.00 -1 -3.67e-10      0.00 7.439e-01 2.550e-01 1.855e-04 6.155e-05 4.850e-04 -1.000 1.080e-03 -0.913 1.348 -0.117 -0.893 -1.148 -1.285 -1.339
0.0010968 -1.15000 10.07918 0.8229840398 2.4265050256    0.812  2.312  3.6655  1.649    3  0.000  0.510     0.00     0.00     0.00     0.00     0.00 -1 -4.24e-10      0.00 7.439e-01 2.550e-01 1.855e-04 6.156e-05 4.850e-04 -1.000 1.080e-03 -1.009 1.321 -0.190 -0.985 -1.245 -1.385 -1.441
0.0010968 -1.15000 10.07918 0.8230131269 2.4265145561    0.811  2.351  3.6629  1.600    3  0.000  0.510     0.00     0.00     0.00     0.00     0.00 -1 -4.91e-10      0.00 7.439e-01 2.550e-01 1.855e-04 6.156e-05 4.850e-04 -1.000 1.080e-03 -1.108 1.297 -0.262 -1.079 -1.343 -1.486 -1.544
0.0010968 -1.15000 10.07918 0.8230395913 2.4265232265    0.810  2.389  3.6603  1.551    3  0.000  0.510     0.00     0.00     0.00     0.00     0.00 -1 -5.68e-10      0.00 7.439e-01 2.550e-01 1.855e-04 6.157e-05 4.850e-04 -1.000 1.080e-03 -1.204 1.277 -0.332 -1.170 -1.438 -1.585 -1.645
0.0010968 -1.15000 10.07918 0.8230640888 2.4265312519    0.810  2.428  3.6578  1.502    3  0.000  0.510     0.00     0.00     0.00     0.00     0.00 -1 -6.56e-10      0.00 7.439e-01 2.550e-01 1.855e-04 6.157e-05 4.850e-04 -1.000 1.080e-03 -1.299 1.260 -0.399 -1.259 -1.532 -1.682 -1.744
0.0010968 -1.15000 10.07918 0.8230865598 2.4265386130    0.809  2.465  3.6553  1.454    3  0.000  0.510     0.00     0.00     0.00     0.00     0.00 -1 -7.55e-10      0.00 7.439e-01 2.550e-01 1.855e-04 6.157e-05 4.850e-04 -1.000 1.080e-03 -1.392 1.237 -0.464 -1.343 -1.622 -1.775 -1.840
0.0010968 -1.15000 10.07918 0.8231123090 2.4265470474    0.808  2.511  3.6521  1.395    3  0.000  0.510     8.40     6.47     4.56     3.53     2.86  3 -8.99e-10      0.00 7.439e-01 2.550e-01 1.855e-04 6.158e-05 4.850e-04 -1.000 1.080e-03 -1.507 1.215 -0.542 -1.445 -1.732 -1.891 -1.958
0.0010968 -1.15000 10.07918 0.8231316209 2.4265533728    0.807  2.548  3.6495  1.347    3  0.000  0.510     9.29     7.05     4.96     3.84     3.11  3 -1.04e-09      0.00 7.439e-01 2.550e-01 1.855e-04 6.158e-05 4.850e-04 -1.000 1.080e-03 -1.599 1.198 -0.604 -1.527 -1.820 -1.984 -2.053
0.0010968 -1.15000 10.07918 0.8231528997 2.4265603420    0.806  2.591  3.6465  1.291    3  0.000  0.510    10.46     7.81     5.46     4.24     3.43  3 -1.22e-09      0.00 7.439e-01 2.550e-01 1.855e-04 6.158e-05 4.850e-04 -1.000 1.080e-03 -1.708 1.178 -0.676 -1.622 -1.924 -2.092 -2.164
0.0010968 -1.15000 10.07918 0.8231729269 2.4265669009    0.804  2.635  3.6433  1.233    3  0.000  0.510    11.81     8.66     6.03     4.69     3.80  3 -1.45e-09      0.00 7.439e-01 2.550e-01 1.855e-04 6.159e-05 4.850e-04 -1.000 1.080e-03 -1.818 1.162 -0.747 -1.718 -2.028 -2.202 -2.277
0.0010968 -1.15000 10.07918 0.8231881857 2.4265718980    0.803  2.671  3.6407  1.186    3  0.000  0.510    13.04     9.43     6.54     5.09     4.12  3 -1.66e-09      0.00 7.439e-01 2.550e-01 1.855e-04 6.159e-05 4.850e-04 -1.000 1.081e-03 -1.909 1.150 -0.805 -1.796 -2.114 -2.292 -2.369
0.0010968 -1.15000 10.07918 0.8232047558 2.4265773242    0.802  2.713  3.6376  1.131    3  0.000  0.510    14.64    10.41     7.18     5.60     4.54  2 -1.95e-09      0.00 7.439e-01 2.550e-01 1.855e-04 6.159e-05 4.850e-04 -1.000 1.081e-03 -2.013 1.137 -0.871 -1.886 -2.212 -2.396 -2.474
0.0010968 -1.15000 10.07918 0.8232205510 2.4265824964    0.800  2.756  3.6345  1.075    3  0.000  0.510    16.48    11.51     7.91     6.18     5.01  2  -2.3e-09      0.00 7.439e-01 2.550e-01 1.855e-04 6.160e-05 4.850e-04 -1.000 1.081e-03 -2.120 1.126 -0.936 -1.976 -2.311 -2.501 -2.582
0.0010968 -1.15000 10.07918 0.8232355118 2.4265873952    0.798  2.799  3.6312  1.017    3  0.000  0.510    18.61    12.77     8.73     6.83     5.54  2 -2.72e-09      0.00 7.439e-01 2.550e-01 1.855e-04 6.160e-05 4.850e-04 -1.000 1.081e-03 -2.229 1.119 -1.000 -2.067 -2.411 -2.608 -2.691
0.0010968 -1.15000 10.07918 0.8232482672 2.4265915716    0.796  2.839  3.6282  0.965    3  0.000  0.510    20.78    14.03     9.55     7.49     6.07  2 -3.17e-09      0.00 7.439e-01 2.550e-01 1.855e-04 6.160e-05 4.850e-04 -1.000 1.081e-03 -2.328 1.118 -1.054 -2.149 -2.502 -2.705 -2.791
0.0010968 -1.15000 10.07918 0.8232605457 2.4265955919    0.794  2.880  3.6252  0.911    3  0.000  0.510    23.27    15.45    10.47     8.22     6.67  2  -3.7e-09      0.00 7.439e-01 2.550e-01 1.855e-04 6.160e-05 4.850e-04 -1.000 1.081e-03 -2.429 1.118 -1.107 -2.231 -2.595 -2.803 -2.892
0.0010968 -1.15000 10.07918 0.8232721686 2.4265993973    0.792  2.921  3.6219  0.855    3  0.000  0.510    26.17    17.08    11.52     9.06     7.35  2 -4.35e-09      0.00 7.439e-01 2.550e-01 1.855e-04 6.160e-05 4.850e-04 -1.000 1.081e-03 -2.532 1.124 -1.157 -2.313 -2.688 -2.904 -2.995
0.0010968 -1.15000 10.07918 0.8232825994 2.4266028123    0.789  2.960  3.6188  0.802    3  0.000  0.510    29.27    18.79    12.62     9.94     8.06  2 -5.07e-09      0.00 7.439e-01 2.550e-01 1.855e-04 6.161e-05 4.850e-04 -1.000 1.081e-03 -2.631 1.128 -1.205 -2.391 -2.778 -3.000 -3.094
0.0010968 -1.15000 10.07918 0.8232922554 2.4266059735    0.787  2.999  3.6159  0.750    3  0.000  0.510    32.65    20.62    13.79    10.87     8.82  1  -5.9e-09      0.00 7.439e-01 2.550e-01 1.855e-04 6.161e-05 4.850e-04 -1.000 1.081e-03 -2.728 1.129 -1.252 -2.467 -2.865 -3.093 -3.190
0.0010968 -1.15000 10.07918 0.8233013749 2.4266089590    0.784  3.038  3.6128  0.698    3  0.000  0.510    36.47    22.66    15.09    11.91     9.67  1 -6.86e-09      0.00 7.439e-01 2.550e-01 1.855e-04 6.161e-05 4.850e-04 -1.000 1.081e-03 -2.824 1.135 -1.296 -2.542 -2.951 -3.187 -3.286
0.0010968 -1.15000 10.07918 0.8233100772 2.4266118079    0.781  3.077  3.6097  0.644    3  0.000  0.510    40.80    24.92    16.53    13.07    10.61  1    -8e-09      0.00 7.439e-01 2.550e-01 1.855e-04 6.161e-05 4.850e-04 -1.000 1.081e-03 -2.922 1.137 -1.341 -2.618 -3.039 -3.281 -3.383
0.0010968 -1.15000 10.07918 0.8233177066 2.4266143055    0.777  3.113  3.6069  0.595    3  0.000  0.510    45.30    27.24    17.99    14.25    11.57  1 -9.24e-09      0.00 7.439e-01 2.550e-01 1.855e-04 6.161e-05 4.850e-04 -1.000 1.081e-03 -3.013 1.137 -1.379 -2.687 -3.120 -3.368 -3.473
0.0010968 -1.15000 10.07918 0.8233251572 2.4266167445    0.773  3.151  3.6039  0.543    3  0.000  0.510    50.46    29.85    19.63    15.57    12.64  1 -1.07e-08      0.00 7.439e-01 2.550e-01 1.855e-04 6.161e-05 4.850e-04 -1.000 1.081e-03 -3.107 1.135 -1.418 -2.756 -3.202 -3.457 -3.564
0.0010968 -1.15000 10.07918 0.8233321309 2.4266190273    0.769  3.188  3.6010  0.492    3  0.000  0.510    56.19    32.70    21.41    17.01    13.82  1 -1.24e-08      0.00 7.439e-01 2.550e-01 1.855e-04 6.161e-05 4.850e-04 -1.000 1.081e-03 -3.200 1.132 -1.453 -2.824 -3.282 -3.545 -3.655
0.0010968 -1.15000 10.07918 0.8233385682 2.4266211345    0.765  3.224  3.5981  0.442    3  0.000  0.510    62.38    35.72    23.30    18.54    15.06  1 -1.43e-08      0.00 7.439e-01 2.550e-01 1.855e-04 6.162e-05 4.850e-04 -1.000 1.081e-03 -3.289 1.127 -1.480 -2.887 -3.360 -3.630 -3.742
0.0010968 -1.15000 10.07918 0.8233445287 2.4266230856    0.760  3.258  3.5954  0.394    3  0.000  0.510    69.02    38.91    25.28    20.14    16.37  1 -1.64e-08      0.00 7.439e-01 2.550e-01 1.855e-04 6.162e-05 4.850e-04 -1.000 1.081e-03 -3.376 1.120 -1.505 -2.947 -3.434 -3.712 -3.827
0.0010968 -1.15000 10.07918 0.8233500123 2.4266248806    0.755  3.291  3.5927  0.348    3  0.000  0.510    76.09    42.25    27.34    21.82    17.73  1 -1.88e-08      0.00 7.439e-01 2.550e-01 1.855e-04 6.162e-05 4.850e-04 -1.000 1.081e-03 -3.458 1.115 -1.528 -3.004 -3.506 -3.790 -3.908
0.0010968 -1.15000 10.07918 0.8233554363 2.4266266560    0.750  3.323  3.5902  0.303    3  0.000  0.510    83.64    45.75    29.50    23.57    19.16  1 -2.14e-08      0.00 7.439e-01 2.551e-01 1.855e-04 6.162e-05 4.850e-04 -1.000 1.081e-03 -3.537 1.109 -1.550 -3.058 -3.574 -3.865 -3.985
0.0010968 -1.15000 10.07918 0.8233566880 2.4266270657    0.749  3.330  3.5896  0.293    3  0.000  0.510    85.37    46.55    29.98    23.97    19.48  1  -2.2e-08      0.00 7.439e-01 2.551e-01 1.855e-04 6.162e-05 4.850e-04 -1.000 1.081e-03 -3.554 1.107 -1.554 -3.069 -3.588 -3.881 -4.001
0.0010968 -1.15000 10.07918 0.8233566880 2.4266270657    0.749  1.730  3.7418  2.501    4  0.000  0.517     0.00     0.00     0.00     0.00     0.00 -1    -1e-30      0.00 7.402e-01 2.587e-01 1.901e-04 6.026e-05 4.913e-04 -1.000 1.120e-03 0.445 1.618 0.813 0.386 0.255 0.207 0.194
0.0010968 -1.15000 10.07918 0.8234069943 2.4266435310    0.749  1.745  3.7406  2.481    4  0.000  0.517     0.00     0.00     0.00     0.00     0.00 -1    -1e-30      0.00 7.402e-01 2.587e-01 1.901e-04 6.026e-05 4.913e-04 -1.000 1.120e-03 0.406 1.589 0.778 0.347 0.214 0.165 0.151
0.0010968 -1.15000 10.07918 0.8234584332 2.4266603646    0.749  1.749  3.7405  2.477    4  0.000  0.517     0.00     0.00     0.00     0.00     0.00 -1    -1e-30      0.00 7.402e-01 2.587e-01 1.901e-04 6.026e-05 4.913e-04 -1.000 1.120e-03 0.398 1.582 0.770 0.338 0.205 0.156 0.142
0.0010968 -1.15000 10.07918 0.8235107660 2.4266774882    0.749  1.750  3.7406  2.476    4  0.000  0.517     0.00     0.00     0.00     0.00     0.00 -1    -1e-30      0.00 7.402e-01 2.587e-01 1.901e-04 6.026e-05 4.913e-04 -1.000 1.120e-03 0.394 1.578 0.766 0.334 0.201 0.152 0.139
0.0010968 -1.15000 10.07918 0.8235647678 2.4266951554    0.749  1.751  3.7409  2.477    4  0.000  0.517     0.00     0.00     0.00     0.00     0.00 -1    -1e-30      0.00 7.402e-01 2.587e-01 1.901e-04 6.026e-05 4.913e-04 -1.000 1.120e-03 0.393 1.573 0.763 0.333 0.200 0.151 0.138
0.0010968 -1.15000 10.07918 0.8236173987 2.4267123714    0.749  1.751  3.7415  2.480    4  0.000  0.517     0.00     0.00     0.00     0.00     0.00 -1    -1e-30      0.00 7.402e-01 2.587e-01 1.901e-04 6.026e-05 4.913e-04 -1.000 1.120e-03 0.393 1.569 0.762 0.333 0.202 0.153 0.140
0.0010968 -1.15000 10.07918 0.8236704469 2.4267297214    0.749  1.750  3.7422  2.483    4  0.000  0.517     0.00     0.00     0.00     0.00     0.00 -1    -1e-30      0.00 7.402e-01 2.587e-01 1.901e-04 6.026e-05 4.913e-04 -1.000 1.120e-03 0.395 1.565 0.761 0.335 0.204 0.157 0.144
0.0010968 -1.15000 10.07918 0.8237246275 2.4267474391    0.749  1.749  3.7430  2.488    4  0.000  0.517     0.00     0.00     0.00     0.00     0.00 -1    -1e-30      0.00 7.402e-01 2.587e-01 1.901e-04 6.026e-05 4.913e-04 -1.000 1.120e-03 0.398 1.561 0.760 0.337 0.208 0.162 0.149
0.0010968 -1.15000 10.07918 0.8237780929 2.4267649203    0.749  1.747  3.7438  2.493    4  0.000  0.517     0.00     0.00     0.00     0.00     0.00 -1    -1e-30      0.00 7.402e-01 2.587e-01 1.901e-04 6.026e-05 4.913e-04 -1.000 1.120e-03 0.402 1.557 0.760 0.340 0.213 0.167 0.155
0.0010968 -1.15000 10.07918 0.8238323927 2.4267826717    0.749  1.746  3.7447  2.497    4  0.000  0.517     0.00     0.00     0.00     0.00     0.00 -1    -1e-30      0.00 7.402e-01 2.587e-01 1.901e-04 6.026e-05 4.913e-04 -1.000 1.120e-03 0.405 1.553 0.760 0.343 0.217 0.173 0.161
0.0010968 -1.15000 10.07918 0.8238838315 2.4267994853    0.749  1.745  3.7455  2.502    4  0.000  0.517     0.00     0.00     0.00     0.00     0.00 -1    -1e-30      0.00 7.402e-01 2.587e-01 1.901e-04 6.026e-05 4.913e-04 -1.000 1.120e-03 0.408 1.550 0.760 0.346 0.221 0.177 0.166
0.0010968 -1.15000 10.07918 0.8239386082 2.4268173872    0.749  1.744  3.7462  2.506    4  0.000  0.517     0.00     0.00     0.00     0.00     0.00 -1    -1e-30      0.00 7.402e-01 2.587e-01 1.901e-04 6.026e-05 4.913e-04 -1.000 1.120e-03 0.411 1.546 0.760 0.348 0.225 0.182 0.171
0.0010968 -1.15000 10.07918 0.8239924312 2.4268349748    0.749  1.743  3.7469  2.510    4  0.000  0.517     0.00     0.00     0.00     0.00     0.00 -1    -1e-30      0.00 7.402e-01 2.587e-01 1.901e-04 6.026e-05 4.913e-04 -1.000 1.120e-03 0.413 1.542 0.759 0.350 0.228 0.186 0.176
0.0010968 -1.15000 10.07918 0.8240427971 2.4268514304    0.749  1.742  3.7475  2.513    4  0.000  0.517     0.00     0.00     0.00     0.00     0.00 -1    -1e-30      0.00 7.402e-01 2.587e-01 1.901e-04 6.026e-05 4.913e-04 -1.000 1.120e-03 0.415 1.539 0.759 0.352 0.231 0.189 0.179
0.0010968 -1.15000 10.07918 0.8240959048 2.4268687792    0.749  1.741  3.7480  2.516    4  0.000  0.517     0.00     0.00     0.00     0.00     0.00 -1    -1e-30      0.00 7.402e-01 2.587e-01 1.901e-04 6.026e-05 4.913e-04 -1.000 1.120e-03 0.417 1.536 0.758 0.353 0.233 0.192 0.182
0.0010968 -1.15000 10.07918 0.8241083622 2.4268728483    0.749  1.741  3.7482  2.516    4  0.000  0.517     0.00     0.00     0.00     0.00     0.00 -1    -1e-30      0.00 7.402e-01 2.587e-01 1.901e-04 6.026e-05 4.913e-04 -1.000 1.120e-03 0.417 1.536 0.758 0.353 0.233 0.192 0.182
0.0010968 -1.15000 10.07918 0.8241184950 2.4268761580    0.749  1.741  3.7482  2.516    4  0.000  0.517     0.00     0.00     0.00     0.00     0.00 -1    -1e-30      0.00 7.402e-01 2.587e-01 1.901e-04 6.026e-05 4.913e-04 -1.000 1.120e-03 0.417 1.535 0.758 0.353 0.233 0.193 0.183
0.0010968 -1.15000 10.07918 0.8241702318 2.4268930555    0.750  1.741  3.7486  2.518    4  0.000  0.517     0.00     0.00     0.00     0.00     0.00 -1    -1e-30      0.00 7.402e-01 2.587e-01 1.901e-04 6.026e-05 4.913e-04 -1.000 1.120e-03 0.417 1.532 0.756 0.353 0.234 0.194 0.184
0.0010968 -1.15000 10.07918 0.8242228627 2.4269102425    0.750  1.741  3.7488  2.519    4  0.000  0.517     0.00     0.00     0.00     0.00     0.00 -1    -1e-30      0.00 7.402e-01 2.587e-01 1.901e-04 6.026e-05 4.913e-04 -1.000 1.120e-03 0.417 1.530 0.755 0.353 0.234 0.194 0.184
0.0010968 -1.15000 10.07918 0.8242739439 2.4269269210    0.750  1.742  3.7489  2.519    4  0.000  0.517     0.00     0.00     0.00     0.00     0.00 -1    -1e-30      0.00 7.402e-01 2.587e-01 1.901e-04 6.026e-05 4.913e-04 -1.000 1.120e-03 0.416 1.528 0.753 0.352 0.233 0.193 0.183
0.0010968 -1.15000 10.07918 0.8243245482 2.4269434415    0.750  1.742  3.7489  2.518    4  0.000  0.517     0.00     0.00     0.00     0.00     0.00 -1    -1e-30      0.00 7.402e-01 2.587e-01 1.901e-04 6.026e-05 4.913e-04 -1.000 1.120e-03 0.414 1.526 0.752 0.350 0.231 0.191 0.181
0.0010968 -1.15000 10.07918 0.8243747950 2.4269598429    0.750  1.743  3.7488  2.517    4  0.000  0.517     0.00     0.00     0.00     0.00     0.00 -1    -1e-30      0.00 7.402e-01 2.587e-01 1.901e-04 6.026e-05 4.913e-04 -1.000 1.120e-03 0.411 1.525 0.749 0.347 0.228 0.188 0.178
0.0010968 -1.15000 10.07918 0.8244276643 2.4269770979    0.750  1.745  3.7485  2.514    4  0.000  0.517     0.00     0.00     0.00     0.00     0.00 -1    -1e-30      0.00 7.402e-01 2.587e-01 1.901e-04 6.026e-05 4.913e-04 -1.000 1.120e-03 0.407 1.523 0.747 0.343 0.224 0.183 0.173
0.0010968 -1.15000 10.07918 0.8244807124 2.4269944087    0.750  1.747  3.7480  2.510    4  0.000  0.517     0.00     0.00     0.00     0.00     0.00 -1    -1e-30      0.00 7.402e-01 2.587e-01 1.901e-04 6.026e-05 4.913e-04 -1.000 1.120e-03 0.402 1.522 0.743 0.338 0.218 0.177 0.167
0.0010968 -1.15000 10.07918 0.8244935274 2.4269985901    0.750  1.748  3.7479  2.509    4  0.000  0.517     0.00     0.00     0.00     0.00     0.00 -1    -1e-30      0.00 7.402e-01 2.587e-01 1.901e-04 6.026e-05 4.913e-04 -1.000 1.120e-03 0.401 1.521 0.742 0.337 0.217 0.175 0.165
0.0010968 -1.15000 10.07918 0.8245155215 2.4270057662    0.750  1.749  3.7476  2.507    4  0.000  0.517     0.00     0.00     0.00     0.00     0.00 -1    -1e-30      0.00 7.402e-01 2.587e-01 1.901e-04 6.026e-05 4.913e-04 -1.000 1.120e-03 0.398 1.521 0.741 0.334 0.213 0.172 0.162
0.0010968 -1.15000 10.07918 0.8245617151 2.4270208367    0.750  1.751  3.7471  2.502    4  0.000  0.517     0.00     0.00     0.00     0.00     0.00 -1    -1e-30      0.00 7.402e-01 2.587e-01 1.901e-04 6.026e-05 4.913e-04 -1.000 1.120e-03 0.392 1.519 0.737 0.328 0.207 0.164 0.154
0.0010968 -1.15000 10.07918 0.8246080279 2.4270359441    0.750  1.754  3.7464  2.497    4  0.000  0.517     0.00     0.00     0.00     0.00     0.00 -1    -1e-30      0.00 7.402e-01 2.587e-01 1.901e-04 6.026e-05 4.913e-04 -1.000 1.120e-03 0.384 1.518 0.732 0.322 0.199 0.156 0.145
0.0010968 -1.15000 10.07918 0.8246548176 2.4270512050    0.750  1.757  3.7457  2.491    4  0.000  0.517     0.00     0.00     0.00     0.00     0.00 -1    -1e-30      0.00 7.402e-01 2.587e-01 1.901e-04 6.026e-05 4.913e-04 -1.000 1.120e-03 0.377 1.516 0.727 0.314 0.190 0.146 0.135
0.0010968 -1.15000 10.07918 0.8247020841 2.4270666195    0.750  1.761  3.7449  2.483    4  0.000  0.517     0.00     0.00     0.00     0.00     0.00 -1    -1e-30      0.00 7.402e-01 2.587e-01 1.901e-04 6.026e-05 4.913e-04 -1.000 1.120e-03 0.367 1.514 0.721 0.305 0.179 0.135 0.123
0.0010968 -1.15000 10.07918 0.8247476220 2.4270814683    0.750  1.766  3.7438  2.474    4  0.000  0.517     0.00     0.00     0.00     0.00     0.00 -1    -1e-30      0.00 7.402e-01 2.587e-01 1.901e-04 6.026e-05 4.913e-04 -1.000 1.120e-03 0.355 1.511 0.713 0.293 0.166 0.120 0.108
0.0010968 -1.15000 10.07918 0.8247933984 2.4270963930    0.750  1.771  3.7428  2.465    4  0.000  0.517     0.00     0.00     0.00     0.00     0.00 -1    -1e-30      0.00 7.402e-01 2.587e-01 1.901e-04 6.026e-05 4.913e-04 -1.000 1.120e-03 0.342 1.508 0.705 0.281 0.152 0.105 0.092
0.0010968 -1.15000 10.07918 0.8248395920 2.4271114518    0.750  1.776  3.7419  2.457    4  0.000  0.517     0.00     0.00     0.00     0.00     0.00 -1    -1e-30      0.00 7.402e-01 2.587e-01 1.901e-04 6.026e-05 4.913e-04 -1.000 1.120e-03 0.330 1.503 0.696 0.269 0.138 0.091 0.078
0.0010968 -1.15000 10.07918 0.8248856664 2.4271264698    0.750  1.782  3.7406  2.446    4  0.000  0.517     0.00     0.00     0.00     0.00     0.00 -1    -1e-30      0.00 7.402e-01 2.587e-01 1.901e-04 6.026e-05 4.913e-04 -1.000 1.120e-03 0.315 1.499 0.686 0.254 0.121 0.072 0.059
0.0010968 -1.15000 10.07918 0.8249329329 2.4271418743    0.750  1.791  3.7390  2.431    4  0.000  0.517     0.00     0.00     0.00     0.00     0.00 -1    -1e-30      0.00 7.402e-01 2.587e-01 1.901e-04 6.026e-05 4.913e-04 -1.000 1.120e-03 0.293 1.492 0.671 0.233 0.098 0.047 0.033
0.0010968 -1.15000 10.07918 0.8249787092 2.4271567913    0.750  1.799  3.7376  2.417    4  0.000  0.517     0.00     0.00     0.00     0.00     0.00 -1    -1e-30      0.00 7.402e-01 2.587e-01 1.901e-04 6.026e-05 4.913e-04 -1.000 1.120e-03 0.273 1.487 0.657 0.214 0.076 0.024 0.009
0.0010968 -1.15000 10.07918 0.8250274062 2.4271726579    0.750  1.813  3.7353  2.393    4  0.000  0.517     0.00     0.00     0.00     0.00     0.00 -1    -1e-30      0.00 7.402e-01 2.587e-01 1.901e-04 6.026e-05 4.913e-04 -1.000 1.120e-03 0.237 1.474 0.630 0.178 0.036 -0.019 -0.034
0.0010968 -1.15000 10.07918 0.8250738382 2.4271877845    0.751  1.839  3.7315  2.353    4  0.000  0.517     0.00     0.00     0.00     0.00     0.00 -1    -1e-30      0.00 7.402e-01 2.587e-01 1.901e-04 6.026e-05 4.913e-04 -1.000 1.120e-03 0.173 1.448 0.582 0.115 -0.032 -0.091 -0.109
0.0010968 -1.15000 10.07918 0.8251083493 2.4271990263    0.751  1.873  3.7266  2.299    4  0.000  0.517     0.00     0.00     0.00     0.00     0.00 -1    -1e-30      0.00 7.402e-01 2.587e-01 1.901e-04 6.026e-05 4.913e-04 -1.000 1.120e-03 0.086 1.414 0.517 0.031 -0.124 -0.189 -0.209
0.0010968 -1.15000 10.07918 0.8251251578 2.4272045011    0.751  1.909  3.7219  2.244    4  0.000  0.517     0.00     0.00     0.00     0.00     0.00 -1    -1e-30      0.00 7.402e-01 2.587e-01 1.901e-04 6.026e-05 4.913e-04 -1.000 1.120e-03 -0.003 1.378 0.448 -0.056 -0.219 -0.289 -0.312
0.0010968 -1.15000 10.07918 0.8251323700 2.4272068502    0.751  1.943  3.7177  2.193    4  0.000  0.517     0.00     0.00     0.00     0.00     0.00 -1    -1e-30      0.00 7.402e-01 2.587e-01 1.901e-04 6.026e-05 4.913e-04 -1.000 1.120e-03 -0.087 1.344 0.385 -0.137 -0.307 -0.382 -0.407
0.0010968 -1.15000 10.07918 0.8251359463 2.4272080150    0.751  1.978  3.7135  2.141    4  0.000  0.517     0.00     0.00     0.00     0.00     0.00 -1    -1e-30      0.00 7.402e-01 2.587e-01 1.901e-04 6.026e-05 4.913e-04 -1.000 1.120e-03 -0.175 1.307 0.318 -0.221 -0.398 -0.478 -0.505
0.0010968 -1.15000 10.07918 0.8251377940 2.4272086168    0.751  2.010  3.7099  2.095    4  0.000  0.517     0.00     0.00     0.00     0.00     0.00 -1    -1e-30      0.00 7.402e-01 2.587e-01 1.901e-04 6.026e-05 4.913e-04 -1.000 1.120e-03 -0.254 1.273 0.258 -0.296 -0.480 -0.564 -0.593
0.0010968 -1.15000 10.07918 0.8251388669 2.4272089663    0.751  2.039  3.7067  2.054    4  0.000  0.517     0.00     0.00     0.00     0.00     0.00 -1    -1e-30      0.00 7.402e-01 2.587e-01 1.901e-04 6.026e-05 4.913e-04 -1.000 1.120e-03 -0.327 1.241 0.202 -0.366 -0.555 -0.643 -0.674
0.0010968 -1.15000 10.07918 0.8251391649 2.4272090633    0.751  2.049  3.7056  2.038    7  0.000  0.517     0.00     0.00     0.00     0.00     0.00 -1    -1e-09      0.00 7.402e-01 2.571e-01 1.901e-04 6.026e-05 4.913e-04 -1.000 2.733e-03 -0.354 1.229 0.181 -0.391 -0.583 -0.672 -0.703
0.0010968 -1.15000 10.07918 0.8251401186 2.4272093739    0.750  2.089  3.7019  1.984    7  0.000  0.517     0.00     0.00     0.00     0.00     0.00 -1 -1.27e-09      0.00 7.402e-01 2.571e-01 1.901e-04 6.026e-05 4.913e-04 -1.000 2.733e-03 -0.453 1.182 0.103 -0.486 -0.684 -0.778 -0.811
0.0010968 -1.15000 10.07918 0.8251410723 2.4272096845    0.750  2.131  3.6979  1.926    7  0.000  0.517     0.00     0.00     0.00     0.00     0.00 -1 -1.62e-09      0.00 7.402e-01 2.571e-01 1.901e-04 6.026e-05 4.913e-04 -1.000 2.733e-03 -0.557 1.137 0.022 -0.585 -0.790 -0.889 -0.924
0.0010968 -1.15000 10.07918 0.8251419067 2.4272099563    0.750  2.165  3.6947  1.879    7  0.000  0.517     0.00     0.00     0.00     0.00     0.00 -1 -1.98e-09      0.00 7.402e-01 2.571e-01 1.901e-04 6.026e-05 4.913e-04 -1.000 2.733e-03 -0.644 1.101 -0.044 -0.666 -0.878 -0.981 -1.018
0.0010968 -1.15000 10.07918 0.8251428604 2.4272102669    0.750  2.194  3.6921  1.839    7  0.000  0.517     0.00     0.00     0.00     0.00     0.00 -1 -2.34e-09      0.00 7.402e-01 2.571e-01 1.901e-04 6.026e-05 4.913e-04 -1.000 2.733e-03 -0.716 1.070 -0.100 -0.735 -0.951 -1.058 -1.096
0.0010968 -1.15000 10.07918 0.8251442313 2.4272107134    0.750  2.217  3.6902  1.809    7  0.000  0.517     0.00     0.00     0.00     0.00     0.00 -1 -2.66e-09      0.00 7.402e-01 2.571e-01 1.901e-04 6.026e-05 4.913e-04 -1.000 2.733e-03 -0.772 1.045 -0.144 -0.787 -1.007 -1.116 -1.156
0.0010968 -1.15000 10.07918 0.8251467943 2.4272115482    0.750  2.188  3.6928  1.848    7  0.000  0.517     0.00     0.00     0.00     0.00     0.00 -1 -2.24e-09      0.00 7.402e-01 2.571e-01 1.901e-04 6.026e-05 4.913e-04 -1.000 2.733e-03 -0.700 1.075 -0.089 -0.720 -0.935 -1.040 -1.079
0.0010968 -1.15000 10.07918 0.8251508474 2.4272128682    0.749  2.167  3.6947  1.877    7  0.000  0.517     0.00     0.00     0.00     0.00     0.00 -1 -1.98e-09      0.00 7.402e-01 2.571e-01 1.901e-04 6.026e-05 4.913e-04 -1.000 2.733e-03 -0.647 1.098 -0.048 -0.670 -0.881 -0.984 -1.021
0.0010968 -1.15000 10.07918 0.8251761794 2.4272211183    0.747  2.167  3.6946  1.875    7  0.000  0.517     0.00     0.00     0.00     0.00     0.00 -1    -2e-09      0.00 7.402e-01 2.571e-01 1.901e-04 6.026e-05 4.913e-04 -1.000 2.733e-03 -0.647 1.100 -0.047 -0.670 -0.881 -0.985 -1.022
0.0010968 -1.15000 10.07918 0.8251944780 2.4272270774    0.745  2.196  3.6919  1.834    7  0.000  0.517     0.00     0.00     0.00     0.00     0.00 -1 -2.39e-09      0.00 7.402e-01 2.571e-01 1.901e-04 6.026e-05 4.913e-04 -1.000 2.733e-03 -0.719 1.071 -0.102 -0.737 -0.954 -1.061 -1.100
0.0010968 -1.15000 10.07918 0.8252138495 2.4272333855    0.743  2.240  3.6878  1.773    7  0.000  0.517     0.00     0.00     0.00     0.00     0.00 -1 -3.13e-09      0.00 7.402e-01 2.571e-01 1.901e-04 6.026e-05 4.913e-04 -1.000 2.733e-03 -0.829 1.028 -0.185 -0.840 -1.064 -1.177 -1.218
0.0010968 -1.15000 10.07918 0.8252326846 2.4272395187    0.740  2.285  3.6838  1.709    7  0.000  0.517     0.00     0.00     0.00     0.00     0.00 -1 -4.09e-09      0.00 7.402e-01 2.571e-01 1.901e-04 6.026e-05 4.913e-04 -1.000 2.733e-03 -0.943 0.993 -0.270 -0.948 -1.179 -1.296 -1.340
0.0010968 -1.15000 10.07918 0.8252491951 2.4272448946    0.736  2.328  3.6801  1.650    7  0.000  0.517     0.00     0.00     0.00     0.00     0.00 -1 -5.28e-09      0.00 7.402e-01 2.571e-01 1.901e-04 6.026e-05 4.913e-04 -1.000 2.733e-03 -1.050 0.970 -0.349 -1.052 -1.288 -1.410 -1.457
0.0010968 -1.15000 10.07918 0.8252637982 2.4272496493    0.732  2.370  3.6765  1.590    7  0.000  0.517     0.00     0.00     0.00     0.00     0.00 -1 -6.83e-09      0.00 7.402e-01 2.571e-01 1.901e-04 6.026e-05 4.913e-04 -1.000 2.715e-03 -1.155 0.952 -0.424 -1.153 -1.396 -1.522 -1.571
0.0010968 -1.15000 10.07918 0.8252765536 2.4272538022    0.728  2.412  3.6729  1.531    7  0.000  0.517     0.00     0.00     0.00     0.00     0.00 -1 -8.81e-09      0.00 7.402e-01 2.572e-01 1.901e-04 6.027e-05 4.913e-04 -1.000 2.656e-03 -1.260 0.939 -0.497 -1.253 -1.502 -1.632 -1.684
0.0010968 -1.15000 10.07918 0.8252878189 2.4272574698    0.722  2.453  3.6693  1.473    7  0.000  0.516     0.00     0.00     0.00     0.00     0.00 -1 -1.13e-08      0.00 7.402e-01 2.572e-01 1.900e-04 6.029e-05 4.913e-04 -1.000 2.634e-03 -1.363 0.932 -0.567 -1.351 -1.606 -1.741 -1.795
0.0010968 -1.15000 10.07918 0.8252978325 2.4272607298    0.717  2.494  3.6659  1.415    7  0.000  0.515     0.00     0.00     0.00     0.00     0.00 -1 -1.45e-08      0.00 7.402e-01 2.572e-01 1.897e-04 6.040e-05 4.913e-04 -1.000 2.622e-03 -1.465 0.935 -0.633 -1.447 -1.708 -1.848 -1.904
0.0010968 -1.15000 10.07918 0.8253070116 2.4272637181    0.710  2.535  3.6623  1.355    7  0.000  0.513     8.77     6.73     4.72     3.68     2.97  3 -1.87e-08      0.00 7.402e-01 2.573e-01 1.888e-04 6.092e-05 4.913e-04 -1.000 2.543e-03 -1.568 0.944 -0.697 -1.543 -1.811 -1.955 -2.015
0.0010968 -1.15000 10.07918 0.8253153563 2.4272664347    0.701  2.577  3.6573  1.289    7  0.000  0.507    10.07     7.57     5.28     4.12     3.33  2 -2.44e-08      0.00 7.402e-01 2.573e-01 1.867e-04 6.296e-05 4.913e-04 -1.000 2.533e-03 -1.672 0.998 -0.743 -1.633 -1.911 -2.062 -2.126
0.0010968 -1.15000 10.07918 0.8253211975 2.4272683362    0.694  2.608  3.6500  1.224    7  0.000  0.501    11.53     8.49     5.89     4.61     3.73  2 -3.03e-08      0.00 7.402e-01 2.573e-01 1.844e-04 6.553e-05 4.913e-04 -1.000 2.518e-03 -1.749 1.099 -0.744 -1.681 -1.976 -2.139 -2.208
0.0010968 -1.15000 10.07918 0.8253284693 2.4272707034    0.682  2.648  3.6457  1.158    7  0.000  0.492    13.20     9.51     6.56     5.14     4.16  2 -3.95e-08      0.00 7.402e-01 2.574e-01 1.812e-04 6.948e-05 4.913e-04 -1.000 2.454e-03 -1.851 1.118 -0.795 -1.763 -2.069 -2.240 -2.312
0.0010968 -1.15000 10.07918 0.8253354430 2.4272729735    0.667  2.689  3.6424  1.094    7  0.000  0.483    15.04    10.61     7.28     5.72     4.63  2 -5.21e-08      0.00 7.402e-01 2.574e-01 1.781e-04 7.319e-05 4.913e-04 -1.000 2.437e-03 -1.953 1.117 -0.855 -1.850 -2.165 -2.341 -2.417
0.0010968 -1.15000 10.07918 0.8253420591 2.4272751272    0.648  2.730  3.6392  1.029    7  0.000  0.476    17.19    11.86     8.10     6.38     5.16  2 -7.03e-08      0.00 7.401e-01 2.575e-01 1.755e-04 7.640e-05 4.913e-04 -1.000 2.441e-03 -2.054 1.118 -0.914 -1.936 -2.260 -2.442 -2.520
0.0010968 -1.15000 10.07918 0.8253485560 2.4272772420    0.622  2.771  3.6364  0.958    7  0.000  0.470    19.79    13.33     9.04     7.15     5.78  1 -9.82e-08      0.00 7.401e-01 2.575e-01 1.731e-04 7.926e-05 4.913e-04 -1.000 2.412e-03 -2.158 1.117 -0.975 -2.025 -2.358 -2.545 -2.626
0.0010968 -1.15000 10.07918 0.8253545165 2.4272791822    0.589  2.813  3.6360  0.891    7  0.000  0.464    22.57    14.83    10.00     7.93     6.42  1 -1.43e-07      0.00 7.400e-01 2.576e-01 1.711e-04 8.173e-05 4.913e-04 -1.000 2.376e-03 -2.261 1.068 -1.060 -2.126 -2.463 -2.652 -2.733
0.0010968 -1.15000 10.07918 0.8253600001 2.4272809671    0.543  2.854  3.6436  0.845    7  0.000  0.459    24.52    15.80    10.61     8.44     6.83  1 -2.14e-07      0.00 7.400e-01 2.577e-01 1.692e-04 8.409e-05 4.912e-04 -1.000 2.362e-03 -2.366 0.833 -1.237 -2.270 -2.590 -2.767 -2.842
0.0010968 -1.15000 10.07918 0.8253625035 2.4272817820    0.509  2.876  3.6574  0.851    7  0.000  0.456    23.89    15.38    10.32     8.23     6.66  1 -2.62e-07      0.00 7.400e-01 2.577e-01 1.680e-04 8.553e-05 4.912e-04 -1.000 2.364e-03 -2.420 0.487 -1.430 -2.386 -2.676 -2.829 -2.894
0.0010968 -1.15000 10.07918 1.0941306353 2.4906872793    0.546 -9.999  3.5859  7.957    9  0.546  0.000     0.00     0.00     0.00     0.00     0.00 -1    -1e-30      0.00 7.272e-01 2.718e-01 1.538e-04 1.188e-04 4.981e-04 -1.000 1.081e-03 29.767 33.597 31.496 30.091 29.502 29.242 29.157
