# Zini     MH   logAge Mini        int_IMF         Mass   logL    logTe  logg  label   McoreTP C_O  period0  period1  period2  period3  period4  pmode  Mloss  tau1m   X   Y   Xc  Xn  Xo  Cexcess  Z 	 mbolmag  umag    gmag    rmag    imag    zmag    Ymag
0.00123 -1.10000 10.02531 0.0900000036 1.0816895926    0.090 -3.225  3.4506  5.372    1  0.000  0.545     0.00     0.00     0.00     0.00     0.00 -1 -5.14e-17      0.00 7.461e-01 2.526e-01 2.335e-04 6.300e-05 5.714e-04 -1.000 1.299e-03 12.833 18.067 16.942 15.114 12.962 12.234 12.088
0.00123 -1.10000 10.02531 0.0912831575 1.0938689286    0.091 -3.192  3.4553  5.364    1  0.000  0.545     0.00     0.00     0.00     0.00     0.00 -1 -5.57e-17      0.00 7.460e-01 2.527e-01 2.335e-04 6.300e-05 5.714e-04 -1.000 1.299e-03 12.750 17.975 16.745 14.916 12.855 12.154 12.010
0.00123 -1.10000 10.02531 0.1000000089 1.1711064744    0.100 -2.978  3.4857  5.311    1  0.000  0.545     0.00     0.00     0.00     0.00     0.00 -1 -9.25e-17      0.00 7.449e-01 2.538e-01 2.335e-04 6.300e-05 5.714e-04 -1.000 1.299e-03 12.215 17.319 15.510 13.728 12.187 11.638 11.508
0.00123 -1.10000 10.02531 0.1200000048 1.3193154741    0.120 -2.695  3.5187  5.239    1  0.000  0.545     0.00     0.00     0.00     0.00     0.00 -1 -1.76e-16      0.00 7.430e-01 2.557e-01 2.335e-04 6.300e-05 5.714e-04 -1.000 1.299e-03 11.508 16.271 14.136 12.463 11.383 10.962 10.844
0.00123 -1.10000 10.02531 0.1400000006 1.4384526719    0.140 -2.512  3.5357  5.191    1  0.000  0.545     0.00     0.00     0.00     0.00     0.00 -1 -2.62e-16      0.00 7.416e-01 2.571e-01 2.335e-04 6.300e-05 5.714e-04 -1.000 1.299e-03 11.051 15.555 13.388 11.792 10.890 10.518 10.407
0.00123 -1.10000 10.02531 0.1599999964 1.5372931554    0.160 -2.373  3.5465  5.153    1  0.000  0.545     0.00     0.00     0.00     0.00     0.00 -1 -3.54e-16      0.00 7.404e-01 2.583e-01 2.335e-04 6.300e-05 5.714e-04 -1.000 1.299e-03 10.702 15.025 12.871 11.325 10.522 10.178 10.070
0.00123 -1.10000 10.02531 0.2000000179 1.6938791367    0.200 -2.153  3.5609  5.088    1  0.000  0.545     0.00     0.00     0.00     0.00     0.00 -1 -5.65e-16      0.00 7.390e-01 2.597e-01 2.335e-04 6.300e-05 5.714e-04 -1.000 1.299e-03 10.153 14.221 12.114 10.639 9.953 9.642 9.540
0.00123 -1.10000 10.02531 0.2064960301 1.7154629218    0.206 -2.124  3.5625  5.079    1  0.000  0.545     0.00     0.00     0.00     0.00     0.00 -1 -5.51e-16      0.00 7.390e-01 2.597e-01 2.335e-04 6.300e-05 5.714e-04 -1.000 1.299e-03 10.079 14.118 12.018 10.552 9.878 9.570 9.469
0.00123 -1.10000 10.02531 0.2500000000 1.8403257998    0.250 -1.948  3.5723  5.025    1  0.000  0.545     0.00     0.00     0.00     0.00     0.00 -1 -4.53e-16      0.00 7.386e-01 2.601e-01 2.335e-04 6.300e-05 5.714e-04 -1.000 1.299e-03 9.640 13.503 11.451 10.035 9.429 9.141 9.045
0.00123 -1.10000 10.02531 0.3000000417 1.9529140366    0.300 -1.789  3.5809  4.980    1  0.000  0.545     0.00     0.00     0.00     0.00     0.00 -1 -6.38e-16      0.00 7.387e-01 2.600e-01 2.335e-04 6.301e-05 5.714e-04 -1.000 1.299e-03 9.243 12.959 10.950 9.581 9.024 8.752 8.659
0.00123 -1.10000 10.02531 0.3499999940 2.0434174644    0.350 -1.659  3.5881  4.946    1  0.000  0.545     0.00     0.00     0.00     0.00     0.00 -1 -1.57e-15      0.00 7.474e-01 2.513e-01 2.335e-04 6.300e-05 5.714e-04 -1.000 1.299e-03 8.919 12.508 10.542 9.216 8.695 8.434 8.346
0.00123 -1.10000 10.02531 0.4000000358 2.1185024810    0.400 -1.509  3.5992  4.897    1  0.000  0.545     0.00     0.00     0.00     0.00     0.00 -1 -2.19e-15      0.00 7.480e-01 2.507e-01 2.335e-04 6.300e-05 5.714e-04 -1.000 1.299e-03 8.542 11.950 10.043 8.784 8.309 8.067 7.984
0.00123 -1.10000 10.02531 0.4081595540 2.1295977805    0.408 -1.478  3.6021  4.888    1  0.000  0.545     0.00     0.00     0.00     0.00     0.00 -1 -2.35e-15      0.00 7.480e-01 2.507e-01 2.335e-04 6.300e-05 5.714e-04 -1.000 1.299e-03 8.466 11.829 9.936 8.696 8.231 7.994 7.912
0.00123 -1.10000 10.02531 0.4500000179 2.1822809362    0.450 -1.332  3.6162  4.840    1  0.000  0.545     0.00     0.00     0.00     0.00     0.00 -1 -3.31e-15      0.00 7.480e-01 2.507e-01 2.335e-04 6.300e-05 5.714e-04 -1.000 1.299e-03 8.101 11.254 9.427 8.276 7.858 7.643 7.568
0.00123 -1.10000 10.02531 0.5000000000 2.2374541529    0.500 -1.132  3.6435  4.795    1  0.000  0.545     0.00     0.00     0.00     0.00     0.00 -1 -5.26e-15      0.00 7.480e-01 2.507e-01 2.335e-04 6.300e-05 5.714e-04 -1.000 1.299e-03 7.599 10.363 8.655 7.681 7.347 7.174 7.112
0.00123 -1.10000 10.02531 0.5500000715 2.2836583126    0.550 -0.913  3.6752  4.743    1  0.000  0.544     0.00     0.00     0.00     0.00     0.00 -1  -8.8e-15      0.00 7.785e-01 2.204e-01 2.073e-04 5.597e-05 5.078e-04 -1.000 1.169e-03 7.052 9.304 7.817 7.044 6.794 6.669 6.623
0.00123 -1.10000 10.02531 0.6000000238 2.3211213258    0.600 -0.711  3.7038  4.694    1  0.000  0.544     0.00     0.00     0.00     0.00     0.00 -1 -1.42e-14      0.00 7.861e-01 2.128e-01 2.014e-04 5.439e-05 4.937e-04 -1.000 1.109e-03 6.548 8.323 7.112 6.488 6.292 6.205 6.175
0.00123 -1.10000 10.02531 0.6176314354 2.3326801727    0.617 -0.638  3.7151  4.679    1  0.000  0.544     0.00     0.00     0.00     0.00     0.00 -1 -1.68e-14      0.00 7.890e-01 2.099e-01 1.990e-04 5.375e-05 4.879e-04 -1.000 1.114e-03 6.366 7.981 6.871 6.295 6.117 6.043 6.019
0.00123 -1.10000 10.02531 0.6344842315 2.3430408459    0.634 -0.569  3.7256  4.664    1  0.000  0.544     0.00     0.00     0.00     0.00     0.00 -1 -1.98e-14      0.00 7.919e-01 2.070e-01 1.966e-04 5.311e-05 4.822e-04 -1.000 1.112e-03 6.193 7.670 6.648 6.114 5.953 5.891 5.873
0.00123 -1.10000 10.02531 0.6499999762 2.3520353107    0.650 -0.505  3.7351  4.649    1  0.000  0.543     0.00     0.00     0.00     0.00     0.00 -1  -2.3e-14      0.00 7.947e-01 2.042e-01 1.943e-04 5.250e-05 4.768e-04 -1.000 1.123e-03 6.033 7.398 6.449 5.951 5.804 5.752 5.739
0.00123 -1.10000 10.02531 0.6626172066 2.3589934947    0.662 -0.453  3.7421  4.633    1  0.000  0.543     0.00     0.00     0.00     0.00     0.00 -1 -2.62e-14      0.00 7.975e-01 2.014e-01 1.921e-04 5.192e-05 4.715e-04 -1.000 1.073e-03 5.903 7.192 6.294 5.821 5.683 5.639 5.629
0.00123 -1.10000 10.02531 0.6777601242 2.3669524511    0.678 -0.390  3.7503  4.613    1  0.000  0.543     0.00     0.00     0.00     0.00     0.00 -1 -3.06e-14      0.00 8.011e-01 1.979e-01 1.894e-04 5.119e-05 4.650e-04 -1.000 1.056e-03 5.746 6.949 6.108 5.665 5.541 5.505 5.499
0.00123 -1.10000 10.02531 0.6916927695 2.3739224199    0.692 -0.332  3.7576  4.592    1  0.000  0.543     0.00     0.00     0.00     0.00     0.00 -1 -3.55e-14      0.00 8.045e-01 1.945e-01 1.867e-04 5.049e-05 4.587e-04 -1.000 1.040e-03 5.600 6.732 5.937 5.523 5.410 5.382 5.379
0.00123 -1.10000 10.02531 0.6999999881 2.3779266974    0.700 -0.297  3.7618  4.579    1  0.000  0.543     0.00     0.00     0.00     0.00     0.00 -1 -3.89e-14      0.00 8.067e-01 1.923e-01 1.850e-04 5.004e-05 4.547e-04 -1.000 1.039e-03 5.512 6.604 5.836 5.437 5.331 5.308 5.306
0.00123 -1.10000 10.02531 0.7023149133 2.3790231565    0.702 -0.287  3.7629  4.575    1  0.000  0.542     0.00     0.00     0.00     0.00     0.00 -1 -3.99e-14      0.00 8.074e-01 1.916e-01 1.844e-04 4.989e-05 4.534e-04 -1.000 1.039e-03 5.487 6.569 5.808 5.414 5.309 5.287 5.286
0.00123 -1.10000 10.02531 0.7125164270 2.3837576241    0.712 -0.242  3.7679  4.556    1  0.000  0.540     0.00     0.00     0.00     0.00     0.00 -1 -4.48e-14      0.00 8.107e-01 1.883e-01 1.813e-04 4.920e-05 4.473e-04 -1.000 1.013e-03 5.376 6.415 5.683 5.306 5.209 5.192 5.193
0.00123 -1.10000 10.02531 0.7221540213 2.3880893621    0.722 -0.199  3.7724  4.537    1  0.000  0.539     0.00     0.00     0.00     0.00     0.00 -1 -5.02e-14      0.00 8.140e-01 1.850e-01 1.783e-04 4.852e-05 4.414e-04 -1.000 1.010e-03 5.268 6.271 5.564 5.204 5.113 5.101 5.103
0.00123 -1.10000 10.02531 0.7313265800 2.3920903740    0.731 -0.158  3.7765  4.518    1  0.000  0.537     0.00     0.00     0.00     0.00     0.00 -1 -5.61e-14      0.00 8.173e-01 1.817e-01 1.754e-04 4.784e-05 4.353e-04 -1.000 9.652e-04 5.164 6.134 5.449 5.104 5.020 5.012 5.016
0.00123 -1.10000 10.02531 0.7402299643 2.3958651131    0.740 -0.116  3.7804  4.497    1  0.000  0.536     0.00     0.00     0.00     0.00     0.00 -1 -6.28e-14      0.00 8.207e-01 1.784e-01 1.724e-04 4.714e-05 4.292e-04 -1.000 9.389e-04 5.061 6.000 5.335 5.005 4.927 4.922 4.928
0.00123 -1.10000 10.02531 0.7487862110 2.3993955748    0.748 -0.075  3.7840  4.476    1  0.000  0.534     0.00     0.00     0.00     0.00     0.00 -1 -7.04e-14      0.00 8.241e-01 1.750e-01 1.694e-04 4.643e-05 4.230e-04 -1.000 9.625e-04 4.959 5.875 5.224 4.907 4.834 4.833 4.840
0.00123 -1.10000 10.02531 0.7500000000 2.3998889087    0.750 -0.070  3.7845  4.472    1  0.000  0.534     0.00     0.00     0.00     0.00     0.00 -1 -7.15e-14      0.00 8.246e-01 1.745e-01 1.690e-04 4.633e-05 4.221e-04 -1.000 9.666e-04 4.944 5.857 5.208 4.893 4.820 4.820 4.827
0.00123 -1.10000 10.02531 0.7507447600 2.4001907019    0.750 -0.066  3.7848  4.470    1  0.000  0.534     0.00     0.00     0.00     0.00     0.00 -1 -7.23e-14      0.00 8.249e-01 1.741e-01 1.687e-04 4.625e-05 4.214e-04 -1.000 9.683e-04 4.935 5.847 5.198 4.884 4.812 4.812 4.819
0.00123 -1.10000 10.02531 0.7605048418 2.4040829617    0.760 -0.017  3.7882  4.441    1  0.000  0.533     0.00     0.00     0.00     0.00     0.00 -1  -8.3e-14      0.00 8.298e-01 1.692e-01 1.651e-04 4.529e-05 4.128e-04 -1.000 9.376e-04 4.814 5.703 5.068 4.766 4.700 4.703 4.711
0.00123 -1.10000 10.02531 0.7693178058 2.4075001149    0.769  0.028  3.7912  4.412    1  0.000  0.533     0.00     0.00     0.00     0.00     0.00 -1 -9.48e-14      0.00 8.341e-01 1.650e-01 1.619e-04 4.444e-05 4.052e-04 -1.000 9.303e-04 4.699 5.570 4.946 4.655 4.594 4.599 4.609
0.00123 -1.10000 10.02531 0.7775858045 2.4106251098    0.777  0.073  3.7940  4.383    1  0.000  0.532     0.00     0.00     0.00     0.00     0.00 -1 -1.08e-13      0.00 8.380e-01 1.611e-01 1.590e-04 4.366e-05 3.983e-04 -1.000 9.227e-04 4.586 5.441 4.826 4.545 4.488 4.497 4.507
0.00123 -1.10000 10.02531 0.7856578231 2.4136031749    0.785  0.120  3.7965  4.351    1  0.000  0.532     0.00     0.00     0.00     0.00     0.00 -1 -1.24e-13      0.00 8.416e-01 1.575e-01 1.564e-04 4.294e-05 3.919e-04 -1.000 9.172e-04 4.470 5.310 4.703 4.432 4.379 4.390 4.401
0.00123 -1.10000 10.02531 0.7963318229 2.4174347959    0.795  0.185  3.7995  4.304    1  0.000  0.531     0.00     0.00     0.00     0.00     0.00 -1 -1.51e-13      0.00 8.460e-01 1.531e-01 1.530e-04 4.206e-05 3.840e-04 -1.000 8.879e-04 4.308 5.129 4.532 4.272 4.224 4.238 4.250
0.00123 -1.10000 10.02531 0.8000000715 2.4187244613    0.799  0.208  3.8004  4.287    1  0.000  0.531     0.00     0.00     0.00     0.00     0.00 -1 -1.62e-13      0.00 8.474e-01 1.517e-01 1.519e-04 4.176e-05 3.814e-04 -1.000 8.810e-04 4.251 5.067 4.472 4.216 4.169 4.184 4.196
0.00123 -1.10000 10.02531 0.8005653620 2.4189219952    0.800  0.211  3.8006  4.284    1  0.000  0.531     0.00     0.00     0.00     0.00     0.00 -1 -1.64e-13      0.00 8.475e-01 1.516e-01 1.519e-04 4.175e-05 3.813e-04 -1.000 8.804e-04 4.242 5.057 4.462 4.207 4.161 4.176 4.188
0.00123 -1.10000 10.02531 0.8096219897 2.4220435205    0.809  0.272  3.8025  4.236    1  0.000  0.530     0.00     0.00     0.00     0.00     0.00 -1 -1.97e-13      0.00 8.483e-01 1.508e-01 1.516e-04 4.169e-05 3.809e-04 -1.000 8.990e-04 4.091 4.896 4.305 4.058 4.015 4.031 4.044
0.00123 -1.10000 10.02531 0.8167181015 2.4244337713    0.816  0.323  3.8034  4.193    1  0.000  0.530     0.00     0.00     0.00     0.00     0.00 -1 -2.34e-13      0.00 8.475e-01 1.516e-01 1.525e-04 4.194e-05 3.832e-04 -1.000 9.091e-04 3.963 4.763 4.174 3.931 3.890 3.907 3.920
0.00123 -1.10000 10.02531 0.8169353604 2.4245061996    0.816  0.324  3.8035  4.191    1  0.000  0.530     0.00     0.00     0.00     0.00     0.00 -1 -2.35e-13      0.00 8.475e-01 1.516e-01 1.525e-04 4.195e-05 3.833e-04 -1.000 9.091e-04 3.959 4.758 4.170 3.927 3.886 3.903 3.916
0.00123 -1.10000 10.02531 0.8200078011 2.4255257457    0.819  0.349  3.8033  4.168    1  0.000  0.530     0.00     0.00     0.00     0.00     0.00 -1 -2.55e-13      0.00 8.470e-01 1.521e-01 1.530e-04 4.209e-05 3.845e-04 -1.000 9.090e-04 3.898 4.697 4.108 3.865 3.824 3.841 3.854
0.00123 -1.10000 10.02531 0.8262608051 2.4275738108    0.825  0.402  3.8021  4.113    1  0.000  0.530     0.00     0.00     0.00     0.00     0.00 -1 -3.04e-13      0.00 8.461e-01 1.530e-01 1.540e-04 4.237e-05 3.871e-04 -1.000 8.968e-04 3.766 4.568 3.976 3.731 3.688 3.705 3.717
0.00123 -1.10000 10.02531 0.8315437436 2.4292765698    0.830  0.452  3.7994  4.055    1  0.000  0.530     0.00     0.00     0.00     0.00     0.00 -1 -3.63e-13      0.00 8.451e-01 1.540e-01 1.551e-04 4.267e-05 3.899e-04 -1.000 9.071e-04 3.641 4.455 3.856 3.603 3.557 3.571 3.582
0.00123 -1.10000 10.02531 0.8325625062 2.4296020732    0.831  0.462  3.7988  4.043    1  0.000  0.530     0.00     0.00     0.00     0.00     0.00 -1 -3.78e-13      0.00 8.449e-01 1.542e-01 1.553e-04 4.272e-05 3.904e-04 -1.000 9.091e-04 3.616 4.433 3.833 3.577 3.530 3.543 3.554
0.00123 -1.10000 10.02531 0.8358522058 2.4306469326    0.834  0.499  3.7942  3.989    2  0.000  0.530     0.00     0.00     0.00     0.00     0.00 -1 -4.37e-13      0.00 8.436e-01 1.554e-01 1.570e-04 4.318e-05 3.946e-04 -1.000 9.154e-04 3.522 4.361 3.748 3.479 3.425 3.434 3.443
0.00123 -1.10000 10.02531 0.8393430710 2.4317453912    0.838  0.543  3.7866  3.916    2  0.000  0.530     0.00     0.00     0.00     0.00     0.00 -1 -5.23e-13      0.00 8.392e-01 1.599e-01 1.625e-04 4.470e-05 4.084e-04 -1.000 9.322e-04 3.412 4.292 3.657 3.362 3.297 3.299 3.305
0.00123 -1.10000 10.02531 0.8417316079 2.4324909496    0.840  0.576  3.7778  3.850    2  0.000  0.531     0.00     0.00     0.00     0.00     0.00 -1 -6.09e-13      0.00 8.268e-01 1.722e-01 1.740e-04 4.782e-05 4.366e-04 -1.000 9.762e-04 3.331 4.264 3.599 3.274 3.196 3.189 3.192
0.00123 -1.10000 10.02531 0.8434831500 2.4330345913    0.842  0.599  3.7682  3.788    2  0.000  0.533     0.00     0.00     0.00     0.00     0.00 -1  -6.9e-13      0.00 8.015e-01 1.974e-01 1.922e-04 5.270e-05 4.803e-04 -1.000 1.077e-03 3.272 4.272 3.567 3.209 3.116 3.099 3.099
0.00123 -1.10000 10.02531 0.8449154496 2.4334772210    0.843  0.622  3.7581  3.726    2  0.000  0.535     0.00     0.00     0.00     0.00     0.00 -1 -7.79e-13      0.00 7.823e-01 2.166e-01 2.054e-04 5.624e-05 5.118e-04 -1.000 1.162e-03 3.216 4.294 3.542 3.149 3.041 3.013 3.009
0.00123 -1.10000 10.02531 0.8460273147 2.4338196374    0.844  0.648  3.7495  3.667    2  0.000  0.536     0.00     0.00     0.00     0.00     0.00 -1 -8.85e-13      0.00 7.726e-01 2.262e-01 2.121e-04 5.801e-05 5.276e-04 -1.000 1.194e-03 3.151 4.298 3.506 3.083 2.961 2.925 2.917
0.00123 -1.10000 10.02531 0.8469262719 2.4340957297    0.845  0.680  3.7432  3.609    2  0.000  0.536     0.00     0.00     0.00     0.00     0.00 -1 -1.02e-12      0.00 7.672e-01 2.315e-01 2.157e-04 5.898e-05 5.362e-04 -1.000 1.228e-03 3.069 4.271 3.447 3.003 2.871 2.828 2.817
0.00123 -1.10000 10.02531 0.8476373553 2.4343136442    0.846  0.714  3.7388  3.558    2  0.000  0.537     0.00     0.00     0.00     0.00     0.00 -1 -1.17e-12      0.00 7.640e-01 2.347e-01 2.179e-04 5.956e-05 5.413e-04 -1.000 1.267e-03 2.985 4.224 3.378 2.919 2.781 2.733 2.720
0.00123 -1.10000 10.02531 0.8479896188 2.4344214412    0.846  0.733  3.7369  3.532    2  0.000  0.537     0.00     0.00     0.00     0.00     0.00 -1 -1.26e-12      0.00 7.626e-01 2.362e-01 2.188e-04 5.980e-05 5.435e-04 -1.000 1.269e-03 2.937 4.193 3.338 2.873 2.731 2.681 2.667
0.00123 -1.10000 10.02531 0.8481147885 2.4344597199    0.846  0.741  3.7364  3.521    2  0.000  0.537     0.00     0.00     0.00     0.00     0.00 -1  -1.3e-12      0.00 7.621e-01 2.366e-01 2.190e-04 5.986e-05 5.441e-04 -1.000 1.269e-03 2.917 4.178 3.319 2.853 2.710 2.659 2.646
0.00123 -1.10000 10.02531 0.8487735391 2.4346609613    0.847  0.786  3.7337  3.467    3  0.000  0.537     0.00     0.00     0.00     0.00     0.00 -1 -1.53e-12      0.00 7.597e-01 2.390e-01 2.202e-04 6.019e-05 5.470e-04 -1.000 1.251e-03 2.806 4.092 3.219 2.743 2.597 2.543 2.528
0.00123 -1.10000 10.02531 0.8493284583 2.4348302047    0.847  0.827  3.7316  3.418    3  0.000  0.537     0.00     0.00     0.00     0.00     0.00 -1 -1.77e-12      0.00 7.578e-01 2.410e-01 2.211e-04 6.043e-05 5.491e-04 -1.000 1.217e-03 2.703 4.008 3.124 2.642 2.493 2.436 2.420
0.00123 -1.10000 10.02531 0.8499442339 2.4350177112    0.848  0.876  3.7296  3.361    3  0.000  0.537     0.00     0.00     0.00     0.00     0.00 -1 -2.12e-12      0.00 7.556e-01 2.432e-01 2.219e-04 6.066e-05 5.511e-04 -1.000 1.269e-03 2.580 3.903 3.009 2.521 2.368 2.309 2.292
0.00123 -1.10000 10.02531 0.8500000238 2.4350346840    0.848  0.881  3.7294  3.355    3  0.000  0.537     0.00     0.00     0.00     0.00     0.00 -1 -2.15e-12      0.00 7.554e-01 2.434e-01 2.220e-04 6.068e-05 5.513e-04 -1.000 1.265e-03 2.568 3.893 2.998 2.509 2.356 2.297 2.279
0.00123 -1.10000 10.02531 0.8505342603 2.4351970840    0.848  0.927  3.7277  3.302    3  0.000  0.536     0.00     0.00     0.00     0.00     0.00 -1 -2.55e-12      0.00 7.534e-01 2.454e-01 2.223e-04 6.089e-05 5.527e-04 -1.000 1.215e-03 2.452 3.793 2.888 2.394 2.239 2.177 2.159
0.00123 -1.10000 10.02531 0.8510177135 2.4353438445    0.849  0.973  3.7262  3.251    3  0.000  0.535     0.00     0.00     0.00     0.00     0.00 -1    -3e-12      0.00 7.515e-01 2.473e-01 2.223e-04 6.115e-05 5.539e-04 -1.000 1.215e-03 2.338 3.693 2.780 2.282 2.124 2.061 2.042
0.00123 -1.10000 10.02531 0.8515076637 2.4354923817    0.849  1.023  3.7246  3.195    3  0.000  0.533     0.00     0.00     0.00     0.00     0.00 -1  -3.6e-12      0.00 7.495e-01 2.492e-01 2.216e-04 6.173e-05 5.549e-04 -1.000 1.243e-03 2.213 3.582 2.661 2.158 1.998 1.933 1.913
0.00123 -1.10000 10.02531 0.8519501090 2.4356263482    0.850  1.072  3.7231  3.140    3  0.000  0.529     0.00     0.00     0.00     0.00     0.00 -1 -4.28e-12      0.00 7.477e-01 2.510e-01 2.202e-04 6.291e-05 5.557e-04 -1.000 1.245e-03 2.090 3.474 2.545 2.037 1.874 1.808 1.787
0.00123 -1.10000 10.02531 0.8523772955 2.4357555428    0.850  1.123  3.7214  3.082    3  0.000  0.524     0.00     0.00     0.00     0.00     0.00 -1 -5.15e-12      0.00 7.461e-01 2.526e-01 2.182e-04 6.480e-05 5.563e-04 -1.000 1.272e-03 1.962 3.360 2.423 1.910 1.745 1.676 1.654
0.00123 -1.10000 10.02531 0.8527403474 2.4358652241    0.850  1.171  3.7198  3.028    3  0.000  0.518     0.00     0.00     0.00     0.00     0.00 -1 -6.12e-12      0.00 7.448e-01 2.539e-01 2.162e-04 6.700e-05 5.568e-04 -1.000 1.233e-03 1.842 3.255 2.310 1.792 1.624 1.554 1.531
0.00123 -1.10000 10.02531 0.8530737758 2.4359658612    0.850  1.219  3.7182  2.973    3  0.000  0.513     0.00     0.00     0.00     0.00     0.00 -1 -7.28e-12      0.00 7.437e-01 2.551e-01 2.140e-04 6.954e-05 5.572e-04 -1.000 1.257e-03 1.722 3.153 2.198 1.674 1.504 1.431 1.407
0.00123 -1.10000 10.02531 0.8533789515 2.4360578918    0.851  1.267  3.7165  2.919    3  0.000  0.508     0.00     0.00     0.00     0.00     0.00 -1 -8.65e-12      0.00 7.427e-01 2.560e-01 2.121e-04 7.195e-05 5.575e-04 -1.000 1.291e-03 1.602 3.052 2.086 1.556 1.383 1.308 1.284
0.00123 -1.10000 10.02531 0.8536658287 2.4361443351    0.851  1.316  3.7147  2.863    3  0.000  0.504     0.00     0.00     0.00     0.00     0.00 -1 -1.03e-11      0.00 7.420e-01 2.568e-01 2.106e-04 7.382e-05 5.578e-04 -1.000 1.248e-03 1.480 2.949 1.972 1.435 1.259 1.182 1.157
0.00123 -1.10000 10.02531 0.8539077044 2.4362171664    0.851  1.361  3.7130  2.811    3  0.000  0.501     0.00     0.00     0.00     0.00     0.00 -1 -1.22e-11      0.00 7.415e-01 2.572e-01 2.096e-04 7.505e-05 5.579e-04 -1.000 1.226e-03 1.367 2.856 1.868 1.325 1.146 1.067 1.040
0.00123 -1.10000 10.02531 0.8541405797 2.4362872428    0.851  1.408  3.7112  2.756    3  0.000  0.499     0.00     0.00     0.00     0.00     0.00 -1 -1.44e-11      0.00 7.411e-01 2.576e-01 2.087e-04 7.620e-05 5.581e-04 -1.000 1.291e-03 1.249 2.759 1.759 1.209 1.027 0.946 0.918
0.00123 -1.10000 10.02531 0.8543568254 2.4363522757    0.851  1.456  3.7093  2.701    3  0.000  0.498     0.00     0.00     0.00     0.00     0.00 -1 -1.72e-11      0.00 7.409e-01 2.578e-01 2.083e-04 7.671e-05 5.581e-04 -1.000 1.269e-03 1.130 2.661 1.648 1.092 0.907 0.823 0.794
0.00123 -1.10000 10.02531 0.8545508981 2.4364106082    0.851  1.503  3.7073  2.646    3  0.000  0.498     0.00     0.00     0.00     0.00     0.00 -1 -2.04e-11      0.00 7.408e-01 2.579e-01 2.081e-04 7.693e-05 5.581e-04 -1.000 1.295e-03 1.012 2.567 1.541 0.978 0.789 0.702 0.672
0.00123 -1.10000 10.02531 0.8547292948 2.4364642021    0.851  1.550  3.7052  2.591    3  0.000  0.497     0.00     0.00     0.00     0.00     0.00 -1 -2.42e-11      0.00 7.408e-01 2.579e-01 2.081e-04 7.697e-05 5.581e-04 -1.000 1.296e-03 0.895 2.474 1.435 0.863 0.671 0.581 0.550
0.00123 -1.10000 10.02531 0.8548828363 2.4365103084    0.851  1.594  3.7033  2.539    3  0.000  0.497     0.00     0.00     0.00     0.00     0.00 -1 -2.84e-11      0.00 7.408e-01 2.579e-01 2.081e-04 7.701e-05 5.581e-04 -1.000 1.296e-03 0.785 2.387 1.335 0.756 0.561 0.469 0.436
0.00123 -1.10000 10.02531 0.8550325632 2.4365552508    0.851  1.641  3.7012  2.484    3  0.000  0.497     0.00     0.00     0.00     0.00     0.00 -1 -3.37e-11      0.00 7.408e-01 2.579e-01 2.081e-04 7.704e-05 5.581e-04 -1.000 1.296e-03 0.669 2.297 1.230 0.643 0.444 0.349 0.315
0.00123 -1.10000 10.02531 0.8551652431 2.4365950613    0.851  1.685  3.6991  2.431    3  0.000  0.497     0.00     0.00     0.00     0.00     0.00 -1 -3.98e-11      0.00 7.407e-01 2.580e-01 2.080e-04 7.707e-05 5.581e-04 -1.000 1.296e-03 0.556 2.215 1.129 0.533 0.330 0.233 0.198
0.00123 -1.10000 10.02531 0.8552903533 2.4366325875    0.851  1.731  3.6968  2.376    3  0.000  0.497     0.00     0.00     0.00     0.00     0.00 -1 -4.71e-11      0.00 7.407e-01 2.580e-01 2.080e-04 7.710e-05 5.581e-04 -1.000 1.296e-03 0.442 2.133 1.027 0.421 0.214 0.114 0.078
0.00123 -1.10000 10.02531 0.8554052711 2.4366670453    0.851  1.777  3.6946  2.321    3  0.000  0.497     0.00     0.00     0.00     0.00     0.00 -1 -5.58e-11      0.00 7.407e-01 2.580e-01 2.080e-04 7.712e-05 5.582e-04 -1.000 1.295e-03 0.328 2.053 0.927 0.310 0.100 -0.004 -0.041
0.00123 -1.10000 10.02531 0.8555086851 2.4366980448    0.851  1.821  3.6923  2.268    3  0.000  0.497     0.00     0.00     0.00     0.00     0.00 -1 -6.56e-11      0.00 7.407e-01 2.580e-01 2.080e-04 7.715e-05 5.582e-04 -1.000 1.295e-03 0.218 1.976 0.830 0.204 -0.011 -0.117 -0.155
0.00123 -1.10000 10.02531 0.8556101918 2.4367284640    0.850  1.866  3.6900  2.213    3  0.000  0.497     0.00     0.00     0.00     0.00     0.00 -1 -7.75e-11      0.00 7.407e-01 2.580e-01 2.080e-04 7.717e-05 5.582e-04 -1.000 1.295e-03 0.105 1.898 0.731 0.094 -0.125 -0.234 -0.274
0.00123 -1.10000 10.02531 0.8557063341 2.4367572681    0.850  1.908  3.6878  2.163    3  0.000  0.497     0.00     0.00     0.00     0.00     0.00 -1 -9.05e-11      0.00 7.407e-01 2.580e-01 2.080e-04 7.719e-05 5.582e-04 -1.000 1.295e-03 0.001 1.830 0.641 -0.005 -0.228 -0.340 -0.381
0.00123 -1.10000 10.02531 0.8558288813 2.4367939722    0.850  1.944  3.6860  2.119    3  0.000  0.497     0.00     0.00     0.00     0.00     0.00 -1 -1.04e-10      0.00 7.407e-01 2.580e-01 2.079e-04 7.722e-05 5.582e-04 -1.000 1.295e-03 -0.090 1.768 0.562 -0.092 -0.319 -0.433 -0.475
0.00123 -1.10000 10.02531 0.8558940887 2.4368134975    0.849  1.924  3.6875  2.145    3  0.000  0.497     0.00     0.00     0.00     0.00     0.00 -1 -9.72e-11      0.00 7.407e-01 2.580e-01 2.079e-04 7.723e-05 5.582e-04 -1.000 1.295e-03 -0.040 1.795 0.603 -0.046 -0.269 -0.382 -0.423
0.00123 -1.10000 10.02531 0.8559254408 2.4368228842    0.849  1.913  3.6882  2.159    3  0.000  0.497     0.00     0.00     0.00     0.00     0.00 -1 -9.32e-11      0.00 7.407e-01 2.580e-01 2.079e-04 7.724e-05 5.582e-04 -1.000 1.295e-03 -0.012 1.810 0.625 -0.019 -0.242 -0.353 -0.394
0.00123 -1.10000 10.02531 0.8559855819 2.4368408880    0.849  1.950  3.6863  2.114    3  0.000  0.497     0.00     0.00     0.00     0.00     0.00 -1 -1.06e-10      0.00 7.407e-01 2.580e-01 2.079e-04 7.725e-05 5.582e-04 -1.000 1.295e-03 -0.104 1.750 0.547 -0.107 -0.333 -0.447 -0.489
0.00123 -1.10000 10.02531 0.8560519814 2.4368607619    0.849  1.991  3.6839  2.064    3  0.000  0.497     0.00     0.00     0.00     0.00     0.00 -1 -1.23e-10      0.00 7.407e-01 2.580e-01 2.079e-04 7.727e-05 5.582e-04 -1.000 1.295e-03 -0.207 1.685 0.459 -0.205 -0.435 -0.552 -0.596
0.00123 -1.10000 10.02531 0.8561160564 2.4368799367    0.849  2.032  3.6816  2.012    3  0.000  0.497     0.00     0.00     0.00     0.00     0.00 -1 -1.44e-10      0.00 7.407e-01 2.580e-01 2.079e-04 7.728e-05 5.582e-04 -1.000 1.295e-03 -0.311 1.618 0.371 -0.304 -0.539 -0.659 -0.704
0.00123 -1.10000 10.02531 0.8561746478 2.4368974676    0.848  2.073  3.6792  1.962    3  0.000  0.497     0.00     0.00     0.00     0.00     0.00 -1 -1.67e-10      0.00 7.407e-01 2.580e-01 2.079e-04 7.729e-05 5.582e-04 -1.000 1.295e-03 -0.413 1.566 0.286 -0.404 -0.642 -0.766 -0.812
0.00123 -1.10000 10.02531 0.8562301397 2.4369140685    0.848  2.115  3.6768  1.910    3  0.000  0.497     0.00     0.00     0.00     0.00     0.00 -1 -1.95e-10      0.00 7.407e-01 2.580e-01 2.079e-04 7.730e-05 5.582e-04 -1.000 1.295e-03 -0.517 1.520 0.201 -0.506 -0.747 -0.874 -0.922
0.00123 -1.10000 10.02531 0.8562801480 2.4369290269    0.847  2.155  3.6743  1.860    3  0.000  0.497     0.00     0.00     0.00     0.00     0.00 -1 -2.27e-10      0.00 7.407e-01 2.580e-01 2.079e-04 7.732e-05 5.582e-04 -1.000 1.295e-03 -0.618 1.479 0.121 -0.604 -0.849 -0.978 -1.028
0.00123 -1.10000 10.02531 0.8563266397 2.4369429316    0.847  2.195  3.6718  1.810    3  0.000  0.497     0.00     0.00     0.00     0.00     0.00 -1 -2.64e-10      0.00 7.407e-01 2.580e-01 2.079e-04 7.733e-05 5.582e-04 -1.000 1.295e-03 -0.719 1.439 0.041 -0.702 -0.951 -1.083 -1.135
0.00123 -1.10000 10.02531 0.8563692570 2.4369556760    0.847  2.235  3.6693  1.760    3  0.000  0.497     0.00     0.00     0.00     0.00     0.00 -1 -3.07e-10      0.00 7.407e-01 2.580e-01 2.079e-04 7.734e-05 5.582e-04 -1.000 1.295e-03 -0.818 1.404 -0.037 -0.799 -1.052 -1.187 -1.241
0.00123 -1.10000 10.02531 0.8564087749 2.4369674923    0.846  2.275  3.6668  1.709    3  0.000  0.497     0.00     0.00     0.00     0.00     0.00 -1 -3.56e-10      0.00 7.407e-01 2.580e-01 2.079e-04 7.734e-05 5.582e-04 -1.000 1.295e-03 -0.918 1.373 -0.113 -0.894 -1.152 -1.290 -1.345
0.00123 -1.10000 10.02531 0.8564445972 2.4369782025    0.845  2.314  3.6643  1.660    3  0.000  0.497     0.00     0.00     0.00     0.00     0.00 -1 -4.12e-10      0.00 7.407e-01 2.580e-01 2.078e-04 7.735e-05 5.582e-04 -1.000 1.295e-03 -1.015 1.345 -0.185 -0.987 -1.248 -1.389 -1.447
0.00123 -1.10000 10.02531 0.8564785123 2.4369883414    0.845  2.353  3.6617  1.611    3  0.000  0.497     0.00     0.00     0.00     0.00     0.00 -1 -4.77e-10      0.00 7.407e-01 2.580e-01 2.078e-04 7.736e-05 5.582e-04 -1.000 1.295e-03 -1.112 1.321 -0.257 -1.080 -1.345 -1.490 -1.549
0.00123 -1.10000 10.02531 0.8565093875 2.4369975708    0.844  2.391  3.6591  1.562    3  0.000  0.497     0.00     0.00     0.00     0.00     0.00 -1 -5.52e-10      0.00 7.407e-01 2.580e-01 2.078e-04 7.737e-05 5.582e-04 -1.000 1.295e-03 -1.208 1.300 -0.326 -1.170 -1.440 -1.588 -1.649
0.00123 -1.10000 10.02531 0.8565379977 2.4370061225    0.843  2.429  3.6565  1.513    3  0.000  0.497     0.00     0.00     0.00     0.00     0.00 -1 -6.38e-10      0.00 7.407e-01 2.580e-01 2.078e-04 7.737e-05 5.582e-04 -1.000 1.295e-03 -1.304 1.283 -0.394 -1.259 -1.533 -1.684 -1.748
0.00123 -1.10000 10.02531 0.8565642834 2.4370139788    0.843  2.467  3.6540  1.465    3  0.000  0.497     0.00     0.00     0.00     0.00     0.00 -1 -7.35e-10      0.00 7.407e-01 2.581e-01 2.078e-04 7.738e-05 5.582e-04 -1.000 1.295e-03 -1.397 1.264 -0.459 -1.343 -1.623 -1.779 -1.844
0.00123 -1.10000 10.02531 0.8565942049 2.4370229210    0.842  2.513  3.6508  1.406    3  0.000  0.497     8.32     6.42     4.53     3.50     2.84  3 -8.74e-10      0.00 7.407e-01 2.581e-01 2.078e-04 7.738e-05 5.582e-04 -1.000 1.295e-03 -1.511 1.241 -0.536 -1.445 -1.733 -1.894 -1.962
0.00123 -1.10000 10.02531 0.8566167951 2.4370296718    0.841  2.549  3.6482  1.358    3  0.000  0.497     9.20     6.99     4.92     3.80     3.08  3 -1.01e-09      0.00 7.407e-01 2.581e-01 2.078e-04 7.739e-05 5.582e-04 -1.000 1.295e-03 -1.603 1.224 -0.598 -1.526 -1.821 -1.986 -2.056
0.00123 -1.10000 10.02531 0.8566415906 2.4370370811    0.840  2.593  3.6451  1.302    3  0.000  0.497    10.36     7.74     5.42     4.20     3.40  3 -1.19e-09      0.00 7.406e-01 2.581e-01 2.078e-04 7.739e-05 5.582e-04 -1.000 1.295e-03 -1.712 1.207 -0.669 -1.620 -1.923 -2.094 -2.167
0.00123 -1.10000 10.02531 0.8566650152 2.4370440804    0.838  2.637  3.6419  1.244    3  0.000  0.497    11.69     8.58     5.98     4.64     3.76  3  -1.4e-09      0.00 7.406e-01 2.581e-01 2.078e-04 7.740e-05 5.582e-04 -1.000 1.295e-03 -1.823 1.190 -0.740 -1.716 -2.028 -2.204 -2.279
0.00123 -1.10000 10.02531 0.8566827774 2.4370493874    0.837  2.673  3.6393  1.197    3  0.000  0.497    12.91     9.35     6.49     5.04     4.09  3 -1.61e-09      0.00 7.406e-01 2.581e-01 2.078e-04 7.740e-05 5.582e-04 -1.000 1.295e-03 -1.913 1.177 -0.798 -1.794 -2.113 -2.294 -2.371
0.00123 -1.10000 10.02531 0.8567021489 2.4370551750    0.836  2.715  3.6362  1.142    3  0.000  0.497    14.49    10.32     7.13     5.55     4.50  3 -1.89e-09      0.00 7.406e-01 2.581e-01 2.078e-04 7.741e-05 5.582e-04 -1.000 1.295e-03 -2.017 1.166 -0.863 -1.883 -2.210 -2.397 -2.477
0.00123 -1.10000 10.02531 0.8567205667 2.4370606773    0.834  2.758  3.6330  1.086    3  0.000  0.497    16.31    11.42     7.85     6.13     4.97  2 -2.23e-09      0.00 7.406e-01 2.581e-01 2.078e-04 7.741e-05 5.582e-04 -1.000 1.295e-03 -2.124 1.156 -0.928 -1.973 -2.309 -2.502 -2.584
0.00123 -1.10000 10.02531 0.8567380309 2.4370658945    0.833  2.801  3.6297  1.028    3  0.000  0.497    18.40    12.66     8.67     6.77     5.49  2 -2.64e-09      0.00 7.406e-01 2.581e-01 2.078e-04 7.742e-05 5.582e-04 -1.000 1.295e-03 -2.233 1.148 -0.993 -2.064 -2.410 -2.608 -2.693
0.00123 -1.10000 10.02531 0.8567529321 2.4370703458    0.831  2.841  3.6267  0.975    3  0.000  0.497    20.56    13.92     9.49     7.42     6.02  2 -3.07e-09      0.00 7.406e-01 2.581e-01 2.078e-04 7.742e-05 5.582e-04 -1.000 1.295e-03 -2.332 1.146 -1.046 -2.145 -2.500 -2.705 -2.792
0.00123 -1.10000 10.02531 0.8567672372 2.4370746190    0.829  2.881  3.6236  0.922    3  0.000  0.497    23.03    15.33    10.41     8.15     6.61  2  -3.6e-09      0.00 7.406e-01 2.581e-01 2.078e-04 7.742e-05 5.582e-04 -1.000 1.294e-03 -2.433 1.148 -1.098 -2.226 -2.592 -2.803 -2.894
0.00123 -1.10000 10.02531 0.8567808270 2.4370786783    0.826  2.922  3.6203  0.866    3  0.000  0.497    25.86    16.93    11.44     8.98     7.29  2 -4.22e-09      0.00 7.406e-01 2.581e-01 2.078e-04 7.743e-05 5.582e-04 -1.000 1.295e-03 -2.536 1.152 -1.149 -2.308 -2.686 -2.903 -2.996
0.00123 -1.10000 10.02531 0.8567930460 2.4370823280    0.824  2.962  3.6173  0.813    3  0.000  0.497    28.92    18.63    12.53     9.85     7.99  2 -4.92e-09      0.00 7.406e-01 2.581e-01 2.078e-04 7.743e-05 5.582e-04 -1.000 1.295e-03 -2.635 1.155 -1.197 -2.386 -2.775 -2.999 -3.095
0.00123 -1.10000 10.02531 0.8568042517 2.4370856749    0.822  3.001  3.6142  0.761    3  0.000  0.497    32.27    20.46    13.70    10.79     8.76  1 -5.72e-09      0.00 7.406e-01 2.581e-01 2.078e-04 7.743e-05 5.582e-04 -1.000 1.295e-03 -2.732 1.158 -1.243 -2.462 -2.862 -3.093 -3.191
0.00123 -1.10000 10.02531 0.8568148613 2.4370888437    0.819  3.039  3.6111  0.708    3  0.000  0.497    36.02    22.47    14.99    11.81     9.59  1 -6.65e-09      0.00 7.406e-01 2.581e-01 2.078e-04 7.743e-05 5.582e-04 -1.000 1.295e-03 -2.828 1.162 -1.288 -2.537 -2.948 -3.186 -3.287
0.00123 -1.10000 10.02531 0.8568251133 2.4370919056    0.816  3.079  3.6080  0.655    3  0.000  0.497    40.29    24.72    16.42    12.96    10.53  1 -7.76e-09      0.00 7.406e-01 2.581e-01 2.078e-04 7.743e-05 5.582e-04 -1.000 1.295e-03 -2.927 1.163 -1.331 -2.612 -3.035 -3.280 -3.383
0.00123 -1.10000 10.02531 0.8568339944 2.4370945580    0.812  3.115  3.6051  0.605    3  0.000  0.497    44.71    27.02    17.87    14.13    11.47  1 -8.95e-09      0.00 7.406e-01 2.581e-01 2.078e-04 7.744e-05 5.582e-04 -1.000 1.295e-03 -3.017 1.164 -1.369 -2.679 -3.115 -3.366 -3.472
0.00123 -1.10000 10.02531 0.8568426371 2.4370971391    0.809  3.152  3.6022  0.554    3  0.000  0.497    49.79    29.61    19.50    15.44    12.54  1 -1.04e-08      0.00 7.406e-01 2.581e-01 2.078e-04 7.744e-05 5.582e-04 -1.000 1.295e-03 -3.111 1.161 -1.407 -2.749 -3.197 -3.455 -3.564
0.00123 -1.10000 10.02531 0.8568508625 2.4370995956    0.805  3.190  3.5992  0.503    3  0.000  0.497    55.43    32.44    21.27    16.87    13.71  1  -1.2e-08      0.00 7.406e-01 2.581e-01 2.078e-04 7.744e-05 5.582e-04 -1.000 1.295e-03 -3.204 1.158 -1.444 -2.817 -3.278 -3.543 -3.655
0.00123 -1.10000 10.02531 0.8568583727 2.4371018384    0.801  3.225  3.5963  0.453    3  0.000  0.497    61.52    35.45    23.15    18.39    14.94  1 -1.39e-08      0.00 7.406e-01 2.581e-01 2.078e-04 7.744e-05 5.582e-04 -1.000 1.295e-03 -3.294 1.152 -1.470 -2.879 -3.355 -3.628 -3.742
0.00123 -1.10000 10.02531 0.8568652272 2.4371038854    0.796  3.260  3.5934  0.405    3  0.000  0.497    68.06    38.62    25.12    19.98    16.24  1 -1.59e-08      0.00 7.406e-01 2.581e-01 2.078e-04 7.744e-05 5.582e-04 -1.000 1.295e-03 -3.380 1.146 -1.495 -2.938 -3.430 -3.710 -3.826
0.00123 -1.10000 10.02531 0.8568716645 2.4371058078    0.791  3.293  3.5907  0.359    3  0.000  0.497    75.00    41.93    27.17    21.64    17.59  1 -1.82e-08      0.00 7.406e-01 2.581e-01 2.078e-04 7.744e-05 5.582e-04 -1.000 1.295e-03 -3.462 1.142 -1.517 -2.995 -3.500 -3.787 -3.907
0.00123 -1.10000 10.02531 0.8568780422 2.4371077123    0.786  3.325  3.5881  0.313    3  0.000  0.497    82.52    45.46    29.35    23.41    19.03  1 -2.07e-08      0.00 7.406e-01 2.581e-01 2.078e-04 7.745e-05 5.582e-04 -1.000 1.294e-03 -3.543 1.131 -1.538 -3.048 -3.569 -3.863 -3.985
0.00123 -1.10000 10.02531 0.8568794131 2.4371081216    0.785  3.332  3.5875  0.303    3  0.000  0.497    84.18    46.24    29.82    23.80    19.35  1 -2.14e-08      0.00 7.406e-01 2.581e-01 2.078e-04 7.745e-05 5.582e-04 -1.000 1.294e-03 -3.559 1.129 -1.541 -3.058 -3.582 -3.879 -4.001
0.00123 -1.10000 10.02531 0.8568794131 2.4371081216    0.785  1.746  3.7345  2.477    4  0.000  0.515     0.00     0.00     0.00     0.00     0.00 -1    -1e-30      0.00 7.398e-01 2.590e-01 2.167e-04 6.982e-05 5.621e-04 -1.000 1.269e-03 0.406 1.659 0.803 0.347 0.204 0.149 0.132
0.00123 -1.10000 10.02531 0.8569428921 2.4371270759    0.785  1.762  3.7333  2.456    4  0.000  0.515     0.00     0.00     0.00     0.00     0.00 -1    -1e-30      0.00 7.398e-01 2.590e-01 2.167e-04 6.982e-05 5.621e-04 -1.000 1.269e-03 0.365 1.630 0.767 0.306 0.162 0.105 0.088
0.00123 -1.10000 10.02531 0.8570042849 2.4371454042    0.785  1.766  3.7331  2.452    4  0.000  0.515     0.00     0.00     0.00     0.00     0.00 -1    -1e-30      0.00 7.398e-01 2.590e-01 2.167e-04 6.982e-05 5.621e-04 -1.000 1.269e-03 0.356 1.624 0.759 0.298 0.153 0.096 0.079
0.00123 -1.10000 10.02531 0.8570668697 2.4371640853    0.785  1.767  3.7332  2.451    4  0.000  0.515     0.00     0.00     0.00     0.00     0.00 -1    -1e-30      0.00 7.398e-01 2.590e-01 2.167e-04 6.982e-05 5.621e-04 -1.000 1.269e-03 0.352 1.619 0.755 0.293 0.149 0.092 0.075
0.00123 -1.10000 10.02531 0.8571297526 2.4371828521    0.785  1.768  3.7335  2.451    4  0.000  0.515     0.00     0.00     0.00     0.00     0.00 -1    -1e-30      0.00 7.398e-01 2.590e-01 2.167e-04 6.982e-05 5.621e-04 -1.000 1.269e-03 0.350 1.614 0.752 0.291 0.147 0.090 0.074
0.00123 -1.10000 10.02531 0.8571931720 2.4372017759    0.785  1.768  3.7340  2.453    4  0.000  0.515     0.00     0.00     0.00     0.00     0.00 -1    -1e-30      0.00 7.398e-01 2.590e-01 2.167e-04 6.982e-05 5.621e-04 -1.000 1.269e-03 0.350 1.610 0.750 0.291 0.148 0.092 0.075
0.00123 -1.10000 10.02531 0.8572575450 2.4372209809    0.785  1.767  3.7346  2.456    4  0.000  0.515     0.00     0.00     0.00     0.00     0.00 -1    -1e-30      0.00 7.398e-01 2.590e-01 2.167e-04 6.982e-05 5.621e-04 -1.000 1.269e-03 0.352 1.605 0.749 0.293 0.150 0.095 0.078
0.00123 -1.10000 10.02531 0.8573207855 2.4372398449    0.785  1.766  3.7352  2.460    4  0.000  0.515     0.00     0.00     0.00     0.00     0.00 -1    -1e-30      0.00 7.398e-01 2.590e-01 2.167e-04 6.983e-05 5.621e-04 -1.000 1.269e-03 0.354 1.601 0.748 0.295 0.154 0.099 0.083
0.00123 -1.10000 10.02531 0.8573857546 2.4372592211    0.786  1.765  3.7360  2.464    4  0.000  0.515     0.00     0.00     0.00     0.00     0.00 -1    -1e-30      0.00 7.398e-01 2.590e-01 2.167e-04 6.983e-05 5.621e-04 -1.000 1.269e-03 0.357 1.597 0.748 0.297 0.157 0.103 0.088
0.00123 -1.10000 10.02531 0.8574469090 2.4372774565    0.786  1.764  3.7366  2.468    4  0.000  0.515     0.00     0.00     0.00     0.00     0.00 -1    -1e-30      0.00 7.398e-01 2.590e-01 2.167e-04 6.983e-05 5.621e-04 -1.000 1.269e-03 0.360 1.592 0.748 0.300 0.161 0.107 0.092
0.00123 -1.10000 10.02531 0.8575133681 2.4372972704    0.786  1.763  3.7373  2.472    4  0.000  0.515     0.00     0.00     0.00     0.00     0.00 -1    -1e-30      0.00 7.398e-01 2.590e-01 2.167e-04 6.983e-05 5.621e-04 -1.000 1.269e-03 0.362 1.588 0.748 0.302 0.164 0.112 0.097
0.00123 -1.10000 10.02531 0.8575721383 2.4373147889    0.786  1.762  3.7379  2.475    4  0.000  0.515     0.00     0.00     0.00     0.00     0.00 -1    -1e-30      0.00 7.398e-01 2.590e-01 2.167e-04 6.983e-05 5.621e-04 -1.000 1.269e-03 0.365 1.584 0.747 0.304 0.167 0.115 0.100
0.00123 -1.10000 10.02531 0.8576369286 2.4373340988    0.786  1.761  3.7385  2.478    4  0.000  0.515     0.00     0.00     0.00     0.00     0.00 -1    -1e-30      0.00 7.398e-01 2.590e-01 2.167e-04 6.983e-05 5.621e-04 -1.000 1.269e-03 0.366 1.580 0.747 0.305 0.170 0.118 0.104
0.00123 -1.10000 10.02531 0.8576998115 2.4373528370    0.786  1.761  3.7390  2.481    4  0.000  0.515     0.00     0.00     0.00     0.00     0.00 -1    -1e-30      0.00 7.398e-01 2.590e-01 2.167e-04 6.983e-05 5.621e-04 -1.000 1.269e-03 0.368 1.577 0.746 0.307 0.172 0.121 0.107
0.00123 -1.10000 10.02531 0.8577621579 2.4373714122    0.786  1.760  3.7395  2.483    4  0.000  0.515     0.00     0.00     0.00     0.00     0.00 -1    -1e-30      0.00 7.398e-01 2.590e-01 2.167e-04 6.983e-05 5.621e-04 -1.000 1.269e-03 0.369 1.573 0.745 0.308 0.173 0.123 0.109
0.00123 -1.10000 10.02531 0.8577764034 2.4373756560    0.786  1.760  3.7396  2.484    4  0.000  0.515     0.00     0.00     0.00     0.00     0.00 -1    -1e-30      0.00 7.398e-01 2.590e-01 2.167e-04 6.983e-05 5.621e-04 -1.000 1.269e-03 0.369 1.572 0.745 0.308 0.174 0.124 0.110
0.00123 -1.10000 10.02531 0.8578367829 2.4373936416    0.786  1.760  3.7399  2.485    4  0.000  0.515     0.00     0.00     0.00     0.00     0.00 -1    -1e-30      0.00 7.398e-01 2.590e-01 2.167e-04 6.983e-05 5.621e-04 -1.000 1.269e-03 0.370 1.569 0.744 0.308 0.174 0.125 0.111
0.00123 -1.10000 10.02531 0.8579027653 2.4374132927    0.786  1.760  3.7402  2.486    4  0.000  0.515     0.00     0.00     0.00     0.00     0.00 -1    -1e-30      0.00 7.398e-01 2.590e-01 2.167e-04 6.983e-05 5.621e-04 -1.000 1.269e-03 0.369 1.566 0.742 0.308 0.174 0.125 0.111
0.00123 -1.10000 10.02531 0.8579624295 2.4374310592    0.786  1.761  3.7404  2.487    4  0.000  0.515     0.00     0.00     0.00     0.00     0.00 -1    -1e-30      0.00 7.398e-01 2.590e-01 2.167e-04 6.983e-05 5.621e-04 -1.000 1.269e-03 0.368 1.564 0.741 0.307 0.174 0.125 0.111
0.00123 -1.10000 10.02531 0.8580251932 2.4374497456    0.786  1.761  3.7405  2.486    4  0.000  0.515     0.00     0.00     0.00     0.00     0.00 -1    -1e-30      0.00 7.398e-01 2.590e-01 2.167e-04 6.983e-05 5.621e-04 -1.000 1.269e-03 0.367 1.562 0.738 0.305 0.172 0.123 0.110
0.00123 -1.10000 10.02531 0.8580882549 2.4374685175    0.786  1.762  3.7404  2.485    4  0.000  0.515     0.00     0.00     0.00     0.00     0.00 -1    -1e-30      0.00 7.398e-01 2.590e-01 2.167e-04 6.983e-05 5.621e-04 -1.000 1.269e-03 0.364 1.559 0.736 0.302 0.169 0.120 0.107
0.00123 -1.10000 10.02531 0.8581525683 2.4374876588    0.786  1.764  3.7403  2.483    4  0.000  0.515     0.00     0.00     0.00     0.00     0.00 -1    -1e-30      0.00 7.398e-01 2.590e-01 2.167e-04 6.983e-05 5.621e-04 -1.000 1.269e-03 0.361 1.557 0.733 0.299 0.166 0.117 0.103
0.00123 -1.10000 10.02531 0.8582175374 2.4375069918    0.786  1.766  3.7400  2.480    4  0.000  0.515     0.00     0.00     0.00     0.00     0.00 -1    -1e-30      0.00 7.398e-01 2.590e-01 2.167e-04 6.983e-05 5.621e-04 -1.000 1.269e-03 0.356 1.555 0.729 0.294 0.161 0.111 0.098
0.00123 -1.10000 10.02531 0.8582288623 2.4375103614    0.786  1.766  3.7400  2.480    4  0.000  0.515     0.00     0.00     0.00     0.00     0.00 -1    -1e-30      0.00 7.398e-01 2.590e-01 2.167e-04 6.983e-05 5.621e-04 -1.000 1.269e-03 0.355 1.555 0.729 0.293 0.160 0.110 0.096
0.00123 -1.10000 10.02531 0.8582440615 2.4375148837    0.787  1.767  3.7399  2.479    4  0.000  0.515     0.00     0.00     0.00     0.00     0.00 -1    -1e-30      0.00 7.398e-01 2.590e-01 2.167e-04 6.983e-05 5.621e-04 -1.000 1.269e-03 0.354 1.554 0.728 0.292 0.158 0.108 0.095
0.00123 -1.10000 10.02531 0.8583073616 2.4375337155    0.787  1.769  3.7395  2.475    4  0.000  0.515     0.00     0.00     0.00     0.00     0.00 -1    -1e-30      0.00 7.398e-01 2.590e-01 2.167e-04 6.983e-05 5.621e-04 -1.000 1.269e-03 0.347 1.552 0.723 0.286 0.152 0.101 0.087
0.00123 -1.10000 10.02531 0.8583691716 2.4375521010    0.787  1.772  3.7389  2.470    4  0.000  0.515     0.00     0.00     0.00     0.00     0.00 -1    -1e-30      0.00 7.398e-01 2.590e-01 2.167e-04 6.983e-05 5.621e-04 -1.000 1.269e-03 0.340 1.550 0.718 0.279 0.144 0.093 0.079
0.00123 -1.10000 10.02531 0.8584327102 2.4375709974    0.787  1.775  3.7383  2.464    4  0.000  0.515     0.00     0.00     0.00     0.00     0.00 -1    -1e-30      0.00 7.397e-01 2.590e-01 2.167e-04 6.984e-05 5.621e-04 -1.000 1.269e-03 0.331 1.548 0.712 0.270 0.134 0.083 0.068
0.00123 -1.10000 10.02531 0.8584941626 2.4375892703    0.787  1.779  3.7377  2.457    4  0.000  0.515     0.00     0.00     0.00     0.00     0.00 -1    -1e-30      0.00 7.397e-01 2.590e-01 2.167e-04 6.984e-05 5.621e-04 -1.000 1.269e-03 0.322 1.545 0.706 0.261 0.124 0.072 0.057
0.00123 -1.10000 10.02531 0.8585571647 2.4376080009    0.787  1.784  3.7368  2.449    4  0.000  0.515     0.00     0.00     0.00     0.00     0.00 -1    -1e-30      0.00 7.397e-01 2.590e-01 2.167e-04 6.984e-05 5.621e-04 -1.000 1.269e-03 0.311 1.542 0.697 0.250 0.111 0.058 0.043
0.00123 -1.10000 10.02531 0.8586183190 2.4376261792    0.787  1.789  3.7359  2.440    4  0.000  0.515     0.00     0.00     0.00     0.00     0.00 -1    -1e-30      0.00 7.397e-01 2.590e-01 2.167e-04 6.984e-05 5.621e-04 -1.000 1.269e-03 0.298 1.539 0.688 0.237 0.097 0.043 0.027
0.00123 -1.10000 10.02531 0.8586797714 2.4376444431    0.787  1.795  3.7349  2.431    4  0.000  0.515     0.00     0.00     0.00     0.00     0.00 -1    -1e-30      0.00 7.397e-01 2.590e-01 2.167e-04 6.984e-05 5.621e-04 -1.000 1.269e-03 0.283 1.534 0.678 0.223 0.081 0.026 0.010
0.00123 -1.10000 10.02531 0.8587412238 2.4376627039    0.787  1.801  3.7339  2.420    4  0.000  0.515     0.00     0.00     0.00     0.00     0.00 -1    -1e-30      0.00 7.397e-01 2.590e-01 2.167e-04 6.984e-05 5.621e-04 -1.000 1.269e-03 0.267 1.529 0.666 0.207 0.064 0.008 -0.009
0.00123 -1.10000 10.02531 0.8588025570 2.4376809263    0.787  1.807  3.7329  2.410    4  0.000  0.515     0.00     0.00     0.00     0.00     0.00 -1    -1e-30      0.00 7.397e-01 2.590e-01 2.167e-04 6.984e-05 5.621e-04 -1.000 1.269e-03 0.251 1.523 0.654 0.192 0.047 -0.010 -0.027
0.00123 -1.10000 10.02531 0.8588633537 2.4376989864    0.787  1.808  3.7329  2.410    4  0.000  0.515     0.00     0.00     0.00     0.00     0.00 -1    -1e-30      0.00 7.397e-01 2.590e-01 2.167e-04 6.984e-05 5.621e-04 -1.000 1.269e-03 0.250 1.521 0.653 0.190 0.045 -0.012 -0.029
0.00123 -1.10000 10.02531 0.8589262962 2.4377176808    0.787  1.825  3.7303  2.383    4  0.000  0.515     0.00     0.00     0.00     0.00     0.00 -1    -1e-30      0.00 7.397e-01 2.590e-01 2.167e-04 6.984e-05 5.621e-04 -1.000 1.269e-03 0.208 1.506 0.622 0.150 0.001 -0.060 -0.078
0.00123 -1.10000 10.02531 0.8589879870 2.4377360004    0.787  1.852  3.7265  2.340    4  0.000  0.515     0.00     0.00     0.00     0.00     0.00 -1    -1e-30      0.00 7.397e-01 2.590e-01 2.167e-04 6.984e-05 5.621e-04 -1.000 1.269e-03 0.141 1.481 0.572 0.084 -0.071 -0.136 -0.156
0.00123 -1.10000 10.02531 0.8590306044 2.4377486542    0.787  1.887  3.7218  2.287    4  0.000  0.515     0.00     0.00     0.00     0.00     0.00 -1    -1e-30      0.00 7.397e-01 2.590e-01 2.167e-04 6.984e-05 5.621e-04 -1.000 1.269e-03 0.052 1.446 0.505 -0.001 -0.165 -0.234 -0.257
0.00123 -1.10000 10.02531 0.8590509892 2.4377547063    0.787  1.923  3.7174  2.233    4  0.000  0.515     0.00     0.00     0.00     0.00     0.00 -1    -1e-30      0.00 7.397e-01 2.590e-01 2.167e-04 6.984e-05 5.621e-04 -1.000 1.269e-03 -0.038 1.409 0.436 -0.088 -0.259 -0.334 -0.359
0.00123 -1.10000 10.02531 0.8590599895 2.4377573783    0.787  1.958  3.7132  2.181    4  0.000  0.515     0.00     0.00     0.00     0.00     0.00 -1    -1e-30      0.00 7.397e-01 2.590e-01 2.167e-04 6.984e-05 5.621e-04 -1.000 1.269e-03 -0.124 1.374 0.370 -0.171 -0.349 -0.429 -0.456
0.00123 -1.10000 10.02531 0.8590643406 2.4377586700    0.787  1.992  3.7093  2.131    4  0.000  0.515     0.00     0.00     0.00     0.00     0.00 -1    -1e-30      0.00 7.397e-01 2.590e-01 2.167e-04 6.984e-05 5.621e-04 -1.000 1.269e-03 -0.210 1.337 0.305 -0.253 -0.438 -0.522 -0.552
0.00123 -1.10000 10.02531 0.8590666652 2.4377593602    0.787  2.028  3.7054  2.080    4  0.000  0.515     0.00     0.00     0.00     0.00     0.00 -1    -1e-30      0.00 7.397e-01 2.590e-01 2.167e-04 6.984e-05 5.621e-04 -1.000 1.269e-03 -0.301 1.298 0.235 -0.339 -0.531 -0.620 -0.651
0.00123 -1.10000 10.02531 0.8590680361 2.4377597671    0.787  2.062  3.7020  2.033    4  0.000  0.515     0.00     0.00     0.00     0.00     0.00 -1    -1e-30      0.00 7.397e-01 2.590e-01 2.167e-04 6.984e-05 5.621e-04 -1.000 1.269e-03 -0.384 1.261 0.171 -0.418 -0.616 -0.709 -0.742
0.00123 -1.10000 10.02531 0.8590681553 2.4377598025    0.787  2.066  3.7016  2.027    7  0.000  0.515     0.00     0.00     0.00     0.00     0.00 -1 -9.53e-10      0.00 7.397e-01 2.574e-01 2.167e-04 6.984e-05 5.621e-04 -1.000 2.898e-03 -0.394 1.256 0.163 -0.428 -0.626 -0.720 -0.753
0.00123 -1.10000 10.02531 0.8590690494 2.4377600679    0.787  2.096  3.6988  1.986    7  0.000  0.515     0.00     0.00     0.00     0.00     0.00 -1 -1.14e-09      0.00 7.397e-01 2.574e-01 2.167e-04 6.984e-05 5.621e-04 -1.000 2.898e-03 -0.469 1.221 0.104 -0.499 -0.702 -0.800 -0.835
0.00123 -1.10000 10.02531 0.8590700626 2.4377603688    0.787  2.129  3.6958  1.940    7  0.000  0.515     0.00     0.00     0.00     0.00     0.00 -1 -1.39e-09      0.00 7.397e-01 2.574e-01 2.167e-04 6.984e-05 5.621e-04 -1.000 2.898e-03 -0.553 1.186 0.040 -0.578 -0.787 -0.888 -0.925
0.00123 -1.10000 10.02531 0.8590710759 2.4377606696    0.787  2.159  3.6931  1.899    7  0.000  0.515     0.00     0.00     0.00     0.00     0.00 -1 -1.64e-09      0.00 7.397e-01 2.574e-01 2.167e-04 6.984e-05 5.621e-04 -1.000 2.898e-03 -0.628 1.153 -0.019 -0.649 -0.863 -0.968 -1.006
0.00123 -1.10000 10.02531 0.8590738177 2.4377614835    0.787  2.166  3.6925  1.890    7  0.000  0.515     0.00     0.00     0.00     0.00     0.00 -1 -1.71e-09      0.00 7.397e-01 2.574e-01 2.167e-04 6.984e-05 5.621e-04 -1.000 2.898e-03 -0.646 1.145 -0.033 -0.666 -0.881 -0.987 -1.025
0.00123 -1.10000 10.02531 0.8590765595 2.4377622975    0.787  2.158  3.6933  1.901    7  0.000  0.515     0.00     0.00     0.00     0.00     0.00 -1 -1.63e-09      0.00 7.397e-01 2.574e-01 2.167e-04 6.984e-05 5.621e-04 -1.000 2.898e-03 -0.624 1.154 -0.016 -0.646 -0.859 -0.964 -1.002
0.00123 -1.10000 10.02531 0.8591076732 2.4377715336    0.785  2.156  3.6934  1.902    7  0.000  0.515     0.00     0.00     0.00     0.00     0.00 -1 -1.64e-09      0.00 7.397e-01 2.574e-01 2.167e-04 6.984e-05 5.621e-04 -1.000 2.898e-03 -0.620 1.158 -0.012 -0.641 -0.855 -0.959 -0.997
0.00123 -1.10000 10.02531 0.8591344953 2.4377794951    0.783  2.196  3.6897  1.846    7  0.000  0.515     0.00     0.00     0.00     0.00     0.00 -1 -2.08e-09      0.00 7.397e-01 2.574e-01 2.167e-04 6.984e-05 5.621e-04 -1.000 2.898e-03 -0.721 1.117 -0.089 -0.736 -0.957 -1.066 -1.107
0.00123 -1.10000 10.02531 0.8591525555 2.4377848556    0.782  2.234  3.6863  1.794    7  0.000  0.515     0.00     0.00     0.00     0.00     0.00 -1 -2.58e-09      0.00 7.397e-01 2.574e-01 2.167e-04 6.984e-05 5.621e-04 -1.000 2.898e-03 -0.815 1.082 -0.159 -0.823 -1.050 -1.164 -1.206
0.00123 -1.10000 10.02531 0.8591679335 2.4377894197    0.780  2.271  3.6830  1.743    7  0.000  0.515     0.00     0.00     0.00     0.00     0.00 -1 -3.19e-09      0.00 7.397e-01 2.574e-01 2.167e-04 6.984e-05 5.621e-04 -1.000 2.898e-03 -0.907 1.059 -0.228 -0.912 -1.143 -1.262 -1.306
0.00123 -1.10000 10.02531 0.8591853976 2.4377946028    0.777  2.319  3.6788  1.677    7  0.000  0.515     0.00     0.00     0.00     0.00     0.00 -1 -4.26e-09      0.00 7.397e-01 2.574e-01 2.167e-04 6.984e-05 5.621e-04 -1.000 2.898e-03 -1.026 1.033 -0.315 -1.027 -1.265 -1.389 -1.436
0.00123 -1.10000 10.02531 0.8592013717 2.4377993434    0.774  2.361  3.6751  1.618    7  0.000  0.515     0.00     0.00     0.00     0.00     0.00 -1 -5.47e-09      0.00 7.397e-01 2.574e-01 2.167e-04 6.984e-05 5.621e-04 -1.000 2.898e-03 -1.133 1.014 -0.392 -1.130 -1.374 -1.501 -1.551
0.00123 -1.10000 10.02531 0.8592157364 2.4378036063    0.771  2.402  3.6716  1.561    7  0.000  0.515     0.00     0.00     0.00     0.00     0.00 -1 -6.92e-09      0.00 7.397e-01 2.574e-01 2.167e-04 6.984e-05 5.621e-04 -1.000 2.893e-03 -1.236 1.000 -0.464 -1.228 -1.478 -1.609 -1.662
0.00123 -1.10000 10.02531 0.8592287302 2.4378074621    0.767  2.443  3.6681  1.504    7  0.000  0.515     0.00     0.00     0.00     0.00     0.00 -1 -8.83e-09      0.00 7.397e-01 2.574e-01 2.166e-04 6.985e-05 5.621e-04 -1.000 2.821e-03 -1.337 0.991 -0.533 -1.324 -1.579 -1.715 -1.770
0.00123 -1.10000 10.02531 0.8592403531 2.4378109111    0.762  2.483  3.6647  1.448    7  0.000  0.515     0.00     0.00     0.00     0.00     0.00 -1 -1.11e-08      0.00 7.397e-01 2.575e-01 2.165e-04 6.987e-05 5.621e-04 -1.000 2.798e-03 -1.437 0.991 -0.597 -1.416 -1.678 -1.818 -1.876
0.00123 -1.10000 10.02531 0.8592508435 2.4378140239    0.757  2.522  3.6614  1.392    7  0.000  0.514     8.27     6.40     4.51     3.50     2.83  3  -1.4e-08      0.00 7.397e-01 2.575e-01 2.161e-04 7.006e-05 5.621e-04 -1.000 2.794e-03 -1.535 0.997 -0.659 -1.508 -1.776 -1.921 -1.982
0.00123 -1.10000 10.02531 0.8592603207 2.4378168360    0.751  2.561  3.6577  1.336    7  0.000  0.511     9.30     7.07     4.96     3.86     3.12  3 -1.78e-08      0.00 7.397e-01 2.575e-01 2.151e-04 7.079e-05 5.621e-04 -1.000 2.739e-03 -1.633 1.017 -0.715 -1.596 -1.871 -2.021 -2.085
0.00123 -1.10000 10.02531 0.8592690825 2.4378194357    0.745  2.600  3.6501  1.262    7  0.000  0.506    10.84     8.06     5.62     4.38     3.54  3 -2.28e-08      0.00 7.397e-01 2.576e-01 2.130e-04 7.278e-05 5.621e-04 -1.000 2.699e-03 -1.730 1.107 -0.732 -1.663 -1.955 -2.117 -2.187
0.00123 -1.10000 10.02531 0.8592731357 2.4378206383    0.740  2.620  3.6470  1.228    7  0.000  0.502    11.65     8.57     5.95     4.64     3.76  2 -2.59e-08      0.00 7.397e-01 2.576e-01 2.116e-04 7.446e-05 5.621e-04 -1.000 2.698e-03 -1.779 1.139 -0.746 -1.697 -1.997 -2.165 -2.237
0.00123 -1.10000 10.02531 0.8592808843 2.4378229374    0.731  2.658  3.6430  1.168    7  0.000  0.495    13.18     9.51     6.58     5.14     4.16  2 -3.29e-08      0.00 7.397e-01 2.576e-01 2.086e-04 7.807e-05 5.622e-04 -1.000 2.680e-03 -1.875 1.153 -0.795 -1.775 -2.086 -2.260 -2.335
0.00123 -1.10000 10.02531 0.8592883348 2.4378251480    0.721  2.697  3.6397  1.110    7  0.000  0.488    14.87    10.53     7.25     5.68     4.59  2 -4.19e-08      0.00 7.397e-01 2.577e-01 2.057e-04 8.162e-05 5.622e-04 -1.000 2.657e-03 -1.972 1.156 -0.851 -1.856 -2.176 -2.356 -2.434
0.00123 -1.10000 10.02531 0.8592955470 2.4378272877    0.707  2.735  3.6363  1.049    7  0.000  0.481    16.82    11.69     8.00     6.28     5.08  2 -5.43e-08      0.00 7.396e-01 2.578e-01 2.031e-04 8.482e-05 5.622e-04 -1.000 2.628e-03 -2.068 1.163 -0.902 -1.935 -2.264 -2.450 -2.531
0.00123 -1.10000 10.02531 0.8593025208 2.4378293568    0.690  2.774  3.6328  0.987    7  0.000  0.476    19.11    13.01     8.86     6.97     5.64  2 -7.12e-08      0.00 7.395e-01 2.578e-01 2.008e-04 8.762e-05 5.622e-04 -1.000 2.635e-03 -2.164 1.175 -0.951 -2.013 -2.351 -2.545 -2.628
0.00123 -1.10000 10.02531 0.8593088388 2.4378312312    0.670  2.811  3.6296  0.923    7  0.000  0.471    21.72    14.47     9.80     7.73     6.26  1 -9.41e-08      0.00 7.395e-01 2.579e-01 1.988e-04 9.007e-05 5.623e-04 -1.000 2.620e-03 -2.257 1.194 -0.995 -2.087 -2.437 -2.637 -2.723
0.00123 -1.10000 10.02531 0.8593148589 2.4378330172    0.644  2.849  3.6268  0.857    7  0.000  0.467    24.80    16.14    10.87     8.60     6.97  1 -1.28e-07      0.00 7.394e-01 2.580e-01 1.971e-04 9.222e-05 5.623e-04 -1.000 2.574e-03 -2.352 1.204 -1.041 -2.164 -2.524 -2.730 -2.818
0.00123 -1.10000 10.02531 0.8593198061 2.4378344849    0.615  2.884  3.6251  0.795    7  0.000  0.463    28.05    17.85    11.95     9.49     7.68  1 -1.76e-07      0.00 7.393e-01 2.581e-01 1.957e-04 9.394e-05 5.622e-04 -1.000 2.571e-03 -2.440 1.196 -1.094 -2.241 -2.608 -2.817 -2.908
0.00123 -1.10000 10.02531 0.8593233228 2.4378355282    0.587  2.914  3.6257  0.747    7  0.000  0.461    30.83    19.25    12.83    10.22     8.27  1 -2.34e-07      0.00 7.393e-01 2.582e-01 1.946e-04 9.529e-05 5.622e-04 -1.000 2.547e-03 -2.516 1.141 -1.167 -2.320 -2.687 -2.897 -2.987
0.00123 -1.10000 10.02531 0.8593263626 2.4378364300    0.556  2.945  3.6306  0.712    7  0.000  0.458    32.86    20.20    13.42    10.72     8.67  1 -3.15e-07      0.00 7.392e-01 2.582e-01 1.936e-04 9.655e-05 5.622e-04 -1.000 2.531e-03 -2.592 0.986 -1.293 -2.426 -2.781 -2.982 -3.069
0.00123 -1.10000 10.02531 0.8593285680 2.4378370843    0.515  2.970  3.6466  0.719    7  0.000  0.456    31.95    19.59    13.01    10.41     8.42  1 -3.97e-07      0.00 7.391e-01 2.583e-01 1.926e-04 9.782e-05 5.621e-04 -1.000 2.597e-03 -2.655 0.574 -1.534 -2.574 -2.890 -3.062 -3.137
0.00123 -1.10000 10.02531 1.0949344635 2.4908239789    0.545 -9.999  3.6389  7.955    9  0.546  0.000     0.00     0.00     0.00     0.00     0.00 -1    -1e-30      0.00 7.265e-01 2.722e-01 1.773e-04 1.344e-04 5.712e-04 -1.000 1.249e-03 29.767 32.594 30.867 29.838 29.485 29.310 29.249
