# Zini     MH   logAge Mini        int_IMF         Mass   logL    logTe  logg  label   McoreTP C_O  period0  period1  period2  period3  period4  pmode  Mloss  tau1m   X   Y   Xc  Xn  Xo  Cexcess  Z 	 mbolmag  umag    gmag    rmag    imag    zmag    Ymag
0.00034781 -1.65000 10.07918 0.0900000036 1.0816895926    0.090 -3.190  3.4800  5.454    1  0.000  0.545     0.00     0.00     0.00     0.00     0.00 -1 -5.08e-17      0.00 7.481e-01 2.515e-01 6.854e-05 1.849e-05 1.677e-04 -1.000 3.811e-04 12.744 17.877 16.090 14.151 12.578 12.071 11.969
0.00034781 -1.65000 10.07918 0.0958561823 1.1355287052    0.096 -2.995  3.5082  5.399    1  0.000  0.545     0.00     0.00     0.00     0.00     0.00 -1 -8.21e-17      0.00 7.469e-01 2.527e-01 6.854e-05 1.849e-05 1.677e-04 -1.000 3.811e-04 12.257 17.227 15.059 13.238 12.067 11.651 11.544
0.00034781 -1.65000 10.07918 0.1000000015 1.1711064122    0.100 -2.864  3.5271  5.363    1  0.000  0.545     0.00     0.00     0.00     0.00     0.00 -1 -1.13e-16      0.00 7.460e-01 2.536e-01 6.854e-05 1.849e-05 1.677e-04 -1.000 3.811e-04 11.931 16.673 14.405 12.683 11.728 11.359 11.253
0.00034781 -1.65000 10.07918 0.1200000048 1.3193154741    0.120 -2.575  3.5580  5.276    1  0.000  0.545     0.00     0.00     0.00     0.00     0.00 -1 -2.22e-16      0.00 7.431e-01 2.565e-01 6.854e-05 1.849e-05 1.677e-04 -1.000 3.812e-04 11.208 15.399 13.200 11.661 10.985 10.681 10.581
0.00034781 -1.65000 10.07918 0.1400000006 1.4384526719    0.140 -2.392  3.5731  5.221    1  0.000  0.545     0.00     0.00     0.00     0.00     0.00 -1 -3.34e-16      0.00 7.411e-01 2.586e-01 6.854e-05 1.849e-05 1.677e-04 -1.000 3.811e-04 10.751 14.625 12.532 11.095 10.522 10.243 10.149
0.00034781 -1.65000 10.07918 0.1599999964 1.5372931554    0.160 -2.249  3.5831  5.176    1  0.000  0.545     0.00     0.00     0.00     0.00     0.00 -1 -4.57e-16      0.00 7.397e-01 2.600e-01 6.854e-05 1.849e-05 1.677e-04 -1.000 3.812e-04 10.394 14.058 12.046 10.682 10.159 9.897 9.806
0.00034781 -1.65000 10.07918 0.2000000179 1.6938791367    0.200 -2.028  3.5959  5.103    1  0.000  0.545     0.00     0.00     0.00     0.00     0.00 -1  -7.4e-16      0.00 7.386e-01 2.610e-01 6.854e-05 1.849e-05 1.677e-04 -1.000 3.812e-04 9.841 13.234 11.335 10.071 9.601 9.358 9.273
0.00034781 -1.65000 10.07918 0.2071518749 1.7175929251    0.207 -1.996  3.5976  5.093    1  0.000  0.545     0.00     0.00     0.00     0.00     0.00 -1 -7.38e-16      0.00 7.386e-01 2.610e-01 6.854e-05 1.849e-05 1.677e-04 -1.000 3.812e-04 9.761 13.119 11.235 9.984 9.520 9.280 9.196
0.00034781 -1.65000 10.07918 0.2500000000 1.8403257998    0.250 -1.825  3.6069  5.041    1  0.000  0.545     0.00     0.00     0.00     0.00     0.00 -1 -6.88e-16      0.00 7.387e-01 2.609e-01 6.853e-05 1.849e-05 1.677e-04 -1.000 3.811e-04 9.334 12.512 10.703 9.521 9.087 8.861 8.783
0.00034781 -1.65000 10.07918 0.3000000417 1.9529140366    0.300 -1.670  3.6157  5.000    1  0.000  0.545     0.00     0.00     0.00     0.00     0.00 -1 -1.55e-15      0.00 7.389e-01 2.608e-01 6.852e-05 1.849e-05 1.677e-04 -1.000 3.812e-04 8.946 11.966 10.222 9.103 8.695 8.482 8.408
0.00034781 -1.65000 10.07918 0.3351862133 2.0184476897    0.335 -1.580  3.6213  4.980    1  0.000  0.545     0.00     0.00     0.00     0.00     0.00 -1 -1.85e-15      0.00 7.388e-01 2.608e-01 6.850e-05 1.849e-05 1.677e-04 -1.000 3.812e-04 8.719 11.644 9.938 8.858 8.465 8.261 8.189
0.00034781 -1.65000 10.07918 0.3499999940 2.0434174644    0.350 -1.544  3.6234  4.972    1  0.000  0.544     0.00     0.00     0.00     0.00     0.00 -1 -1.98e-15      0.00 7.388e-01 2.608e-01 6.849e-05 1.849e-05 1.677e-04 -1.000 3.812e-04 8.631 11.519 9.828 8.762 8.376 8.175 8.104
0.00034781 -1.65000 10.07918 0.3798874021 2.0898494779    0.380 -1.460  3.6299  4.949    1  0.000  0.545     0.00     0.00     0.00     0.00     0.00 -1 -2.37e-15      0.00 7.458e-01 2.538e-01 6.852e-05 1.849e-05 1.677e-04 -1.000 3.812e-04 8.421 11.201 9.553 8.532 8.163 7.972 7.905
0.00034781 -1.65000 10.07918 0.4000000060 2.1185024399    0.400 -1.407  3.6339  4.935    1  0.000  0.545     0.00     0.00     0.00     0.00     0.00 -1 -2.65e-15      0.00 7.503e-01 2.493e-01 6.854e-05 1.849e-05 1.677e-04 -1.000 3.812e-04 8.288 11.003 9.382 8.388 8.029 7.844 7.779
0.00034781 -1.65000 10.07918 0.4500000179 2.1822809362    0.450 -1.240  3.6514  4.888    1  0.000  0.545     0.00     0.00     0.00     0.00     0.00 -1 -3.88e-15      0.00 7.505e-01 2.491e-01 6.854e-05 1.849e-05 1.677e-04 -1.000 3.812e-04 7.869 10.309 8.805 7.919 7.605 7.445 7.389
0.00034781 -1.65000 10.07918 0.5000000000 2.2374541529    0.500 -1.052  3.6746  4.839    1  0.000  0.545     0.00     0.00     0.00     0.00     0.00 -1 -6.01e-15      0.00 7.505e-01 2.491e-01 6.854e-05 1.849e-05 1.677e-04 -1.000 3.812e-04 7.399 9.470 8.149 7.396 7.134 7.007 6.963
0.00034781 -1.65000 10.07918 0.5500000715 2.2836583126    0.550 -0.840  3.6979  4.762    1  0.000  0.544     0.00     0.00     0.00     0.00     0.00 -1 -1.02e-14      0.00 7.848e-01 2.149e-01 5.971e-05 1.612e-05 1.463e-04 -1.000 2.828e-04 6.870 8.586 7.469 6.830 6.613 6.515 6.484
0.00034781 -1.65000 10.07918 0.6000000238 2.3211213258    0.600 -0.630  3.7248  4.698    1  0.000  0.544     0.00     0.00     0.00     0.00     0.00 -1  -1.7e-14      0.00 7.962e-01 2.035e-01 5.695e-05 1.538e-05 1.397e-04 -1.000 2.983e-04 6.346 7.717 6.816 6.286 6.114 6.047 6.030
0.00034781 -1.65000 10.07918 0.6100537181 2.3278064824    0.610 -0.586  3.7310  4.685    1  0.000  0.543     0.00     0.00     0.00     0.00     0.00 -1 -1.89e-14      0.00 7.990e-01 2.007e-01 5.630e-05 1.521e-05 1.381e-04 -1.000 3.065e-04 6.236 7.538 6.680 6.174 6.012 5.952 5.938
0.00034781 -1.65000 10.07918 0.6211479306 2.3348954447    0.621 -0.537  3.7377  4.671    1  0.000  0.543     0.00     0.00     0.00     0.00     0.00 -1 -2.13e-14      0.00 8.021e-01 1.976e-01 5.555e-05 1.501e-05 1.363e-04 -1.000 3.131e-04 6.113 7.346 6.533 6.052 5.900 5.847 5.836
0.00034781 -1.65000 10.07918 0.6318790913 2.3414807618    0.632 -0.490  3.7442  4.657    1  0.000  0.543     0.00     0.00     0.00     0.00     0.00 -1  -2.4e-14      0.00 8.053e-01 1.943e-01 5.481e-05 1.481e-05 1.345e-04 -1.000 3.178e-04 5.994 7.166 6.392 5.934 5.792 5.746 5.738
0.00034781 -1.65000 10.07918 0.6418508291 2.3473736110    0.642 -0.445  3.7500  4.642    1  0.000  0.543     0.00     0.00     0.00     0.00     0.00 -1 -1.44e-16      0.00 8.084e-01 1.912e-01 5.408e-05 1.462e-05 1.328e-04 -1.000 3.132e-04 5.882 7.002 6.261 5.825 5.692 5.652 5.647
0.00034781 -1.65000 10.07918 0.6499999762 2.3520353107    0.650 -0.408  3.7547  4.630    1  0.000  0.543     0.00     0.00     0.00     0.00     0.00 -1 -2.94e-14      0.00 8.111e-01 1.886e-01 5.346e-05 1.445e-05 1.313e-04 -1.000 3.113e-04 5.790 6.868 6.154 5.736 5.611 5.576 5.573
0.00034781 -1.65000 10.07918 0.6576395631 2.3562850749    0.657 -0.373  3.7589  4.616    1  0.000  0.542     0.00     0.00     0.00     0.00     0.00 -1 -3.22e-14      0.00 8.141e-01 1.855e-01 5.274e-05 1.426e-05 1.296e-04 -1.000 3.208e-04 5.703 6.745 6.054 5.652 5.533 5.503 5.501
0.00034781 -1.65000 10.07918 0.6697033644 2.3627694338    0.669 -0.317  3.7653  4.594    1  0.000  0.542     0.00     0.00     0.00     0.00     0.00 -1 -3.73e-14      0.00 8.193e-01 1.804e-01 5.154e-05 1.394e-05 1.267e-04 -1.000 3.161e-04 5.562 6.556 5.896 5.518 5.409 5.386 5.386
0.00034781 -1.65000 10.07918 0.6807860732 2.3684941227    0.681 -0.264  3.7710  4.571    1  0.000  0.542     0.00     0.00     0.00     0.00     0.00 -1 -3.79e-14      0.00 8.244e-01 1.753e-01 5.036e-05 1.363e-05 1.239e-04 -1.000 2.979e-04 5.430 6.383 5.750 5.392 5.293 5.274 5.277
0.00034781 -1.65000 10.07918 0.6913531423 2.3737563552    0.691 -0.212  3.7764  4.547    1  0.000  0.541     0.00     0.00     0.00     0.00     0.00 -1 -2.74e-14      0.00 8.296e-01 1.702e-01 4.916e-05 1.331e-05 1.211e-04 -1.000 2.368e-04 5.301 6.219 5.607 5.269 5.178 5.165 5.169
0.00034781 -1.65000 10.07918 0.6999999881 2.3779266974    0.700 -0.168  3.7807  4.526    1  0.000  0.541     0.00     0.00     0.00     0.00     0.00 -1 -5.54e-14      0.00 8.340e-01 1.657e-01 4.813e-05 1.303e-05 1.186e-04 -1.000 2.527e-04 5.191 6.081 5.487 5.164 5.080 5.071 5.077
0.00034781 -1.65000 10.07918 0.7019432187 2.3788476646    0.702 -0.158  3.7816  4.521    1  0.000  0.541     0.00     0.00     0.00     0.00     0.00 -1  -5.7e-14      0.00 8.352e-01 1.646e-01 4.783e-05 1.296e-05 1.179e-04 -1.000 2.587e-04 5.166 6.051 5.460 5.140 5.058 5.050 5.056
0.00034781 -1.65000 10.07918 0.7115864754 2.3833325015    0.711 -0.107  3.7861  4.493    1  0.000  0.539     0.00     0.00     0.00     0.00     0.00 -1 -6.57e-14      0.00 8.408e-01 1.590e-01 4.639e-05 1.261e-05 1.148e-04 -1.000 2.510e-04 5.037 5.898 5.321 5.017 4.942 4.938 4.946
0.00034781 -1.65000 10.07918 0.7200506926 2.3871553659    0.720 -0.059  3.7900  4.466    1  0.000  0.537     0.00     0.00     0.00     0.00     0.00 -1 -7.52e-14      0.00 8.456e-01 1.542e-01 4.518e-05 1.231e-05 1.122e-04 -1.000 2.442e-04 4.918 5.758 5.193 4.903 4.834 4.834 4.843
0.00034781 -1.65000 10.07918 0.7284080982 2.3908299175    0.728 -0.010  3.7938  4.437    1  0.000  0.535     0.00     0.00     0.00     0.00     0.00 -1 -8.66e-14      0.00 8.500e-01 1.497e-01 4.406e-05 1.204e-05 1.098e-04 -1.000 2.429e-04 4.794 5.616 5.060 4.784 4.720 4.725 4.735
0.00034781 -1.65000 10.07918 0.7355859876 2.3939093326    0.735  0.035  3.7969  4.409    1  0.000  0.533     0.00     0.00     0.00     0.00     0.00 -1 -9.86e-14      0.00 8.536e-01 1.462e-01 4.318e-05 1.183e-05 1.079e-04 -1.000 2.378e-04 4.683 5.489 4.940 4.675 4.617 4.624 4.636
0.00034781 -1.65000 10.07918 0.7425397038 2.3968273757    0.742  0.081  3.7997  4.379    1  0.000  0.532     0.00     0.00     0.00     0.00     0.00 -1 -1.58e-14      0.00 8.568e-01 1.429e-01 4.240e-05 1.164e-05 1.062e-04 -1.000 2.433e-04 4.568 5.360 4.818 4.564 4.510 4.520 4.533
0.00034781 -1.65000 10.07918 0.7494939566 2.3996834551    0.749  0.129  3.8025  4.345    1  0.000  0.530     0.00     0.00     0.00     0.00     0.00 -1  -8.9e-14      0.00 8.598e-01 1.399e-01 4.169e-05 1.147e-05 1.048e-04 -1.000 2.603e-04 4.447 5.227 4.690 4.445 4.396 4.409 4.422
0.00034781 -1.65000 10.07918 0.7500000000 2.3998889087    0.749  0.133  3.8026  4.342    1  0.000  0.530     0.00     0.00     0.00     0.00     0.00 -1 -1.32e-13      0.00 8.600e-01 1.397e-01 4.164e-05 1.146e-05 1.047e-04 -1.000 2.603e-04 4.438 5.217 4.680 4.436 4.387 4.400 4.413
0.00034781 -1.65000 10.07918 0.7543513179 2.4016424694    0.754  0.165  3.8044  4.320    1  0.000  0.530     0.00     0.00     0.00     0.00     0.00 -1 -1.45e-13      0.00 8.608e-01 1.389e-01 4.155e-05 1.144e-05 1.045e-04 -1.000 2.568e-04 4.358 5.130 4.595 4.358 4.312 4.327 4.340
0.00034781 -1.65000 10.07918 0.7609083652 2.4042414142    0.760  0.216  3.8069  4.282    1  0.000  0.530     0.00     0.00     0.00     0.00     0.00 -1  -1.7e-13      0.00 8.619e-01 1.378e-01 4.144e-05 1.141e-05 1.043e-04 -1.000 2.208e-04 4.229 4.991 4.460 4.231 4.190 4.206 4.221
0.00034781 -1.65000 10.07918 0.7669081688 2.4065747672    0.766  0.267  3.8088  4.242    1  0.000  0.529     0.00     0.00     0.00     0.00     0.00 -1 -1.99e-13      0.00 8.628e-01 1.370e-01 4.136e-05 1.139e-05 1.042e-04 -1.000 2.318e-04 4.102 4.855 4.326 4.105 4.067 4.086 4.101
0.00034781 -1.65000 10.07918 0.7724971771 2.4087109029    0.772  0.317  3.8101  4.200    1  0.000  0.529     0.00     0.00     0.00     0.00     0.00 -1 -2.34e-13      0.00 8.623e-01 1.374e-01 4.157e-05 1.145e-05 1.047e-04 -1.000 2.448e-04 3.976 4.723 4.195 3.980 3.944 3.964 3.979
0.00034781 -1.65000 10.07918 0.7763262987 2.4101540041    0.775  0.354  3.8107  4.168    1  0.000  0.529     0.00     0.00     0.00     0.00     0.00 -1 -2.64e-13      0.00 8.617e-01 1.380e-01 4.178e-05 1.151e-05 1.053e-04 -1.000 2.531e-04 3.885 4.628 4.101 3.888 3.854 3.874 3.890
0.00034781 -1.65000 10.07918 0.7776861787 2.4106625783    0.777  0.368  3.8106  4.154    1  0.000  0.529     0.00     0.00     0.00     0.00     0.00 -1 -2.78e-13      0.00 8.615e-01 1.383e-01 4.186e-05 1.153e-05 1.055e-04 -1.000 2.546e-04 3.849 4.593 4.065 3.852 3.818 3.838 3.854
0.00034781 -1.65000 10.07918 0.7829673886 2.4126184190    0.782  0.427  3.8092  4.092    1  0.000  0.529     0.00     0.00     0.00     0.00     0.00 -1 -3.38e-13      0.00 8.606e-01 1.392e-01 4.217e-05 1.162e-05 1.063e-04 -1.000 2.611e-04 3.702 4.448 3.918 3.702 3.666 3.685 3.700
0.00034781 -1.65000 10.07918 0.7869778872 2.4140835156    0.786  0.479  3.8061  4.031    1  0.000  0.529     0.00     0.00     0.00     0.00     0.00 -1 -4.09e-13      0.00 8.599e-01 1.399e-01 4.240e-05 1.168e-05 1.069e-04 -1.000 2.658e-04 3.572 4.329 3.793 3.569 3.529 3.545 3.559
0.00034781 -1.65000 10.07918 0.7876611948 2.4143314283    0.786  0.489  3.8053  4.018    1  0.000  0.529     0.00     0.00     0.00     0.00     0.00 -1 -4.26e-13      0.00 8.597e-01 1.400e-01 4.244e-05 1.169e-05 1.070e-04 -1.000 2.666e-04 3.548 4.308 3.770 3.544 3.503 3.518 3.531
0.00034781 -1.65000 10.07918 0.7883357406 2.4145756773    0.787  0.499  3.8042  4.003    1  0.000  0.529     0.00     0.00     0.00     0.00     0.00 -1 -4.44e-13      0.00 8.596e-01 1.401e-01 4.248e-05 1.170e-05 1.071e-04 -1.000 2.674e-04 3.522 4.286 3.747 3.517 3.474 3.488 3.501
0.00034781 -1.65000 10.07918 0.7906003594 2.4153921779    0.789  0.537  3.7993  3.947    2  0.000  0.529     0.00     0.00     0.00     0.00     0.00 -1 -5.13e-13      0.00 8.592e-01 1.405e-01 4.261e-05 1.174e-05 1.074e-04 -1.000 2.701e-04 3.427 4.210 3.662 3.417 3.367 3.377 3.388
0.00034781 -1.65000 10.07918 0.7923291922 2.4160118910    0.791  0.570  3.7934  3.891    2  0.000  0.529     0.00     0.00     0.00     0.00     0.00 -1  -5.9e-13      0.00 8.587e-01 1.411e-01 4.281e-05 1.179e-05 1.079e-04 -1.000 2.721e-04 3.344 4.152 3.592 3.329 3.270 3.274 3.283
0.00034781 -1.65000 10.07918 0.7936809659 2.4164942823    0.792  0.600  3.7862  3.834    2  0.000  0.529     0.00     0.00     0.00     0.00     0.00 -1 -6.75e-13      0.00 8.572e-01 1.425e-01 4.330e-05 1.193e-05 1.091e-04 -1.000 2.763e-04 3.269 4.109 3.534 3.248 3.178 3.174 3.181
0.00034781 -1.65000 10.07918 0.7947692871 2.4168812874    0.793  0.627  3.7787  3.778    2  0.000  0.530     0.00     0.00     0.00     0.00     0.00 -1 -7.65e-13      0.00 8.462e-01 1.535e-01 4.661e-05 1.283e-05 1.173e-04 -1.000 2.793e-04 3.203 4.081 3.487 3.176 3.094 3.084 3.088
0.00034781 -1.65000 10.07918 0.7956812978 2.4172046594    0.794  0.651  3.7712  3.724    2  0.000  0.531     0.00     0.00     0.00     0.00     0.00 -1  -8.6e-13      0.00 8.268e-01 1.729e-01 5.139e-05 1.412e-05 1.288e-04 -1.000 2.877e-04 3.143 4.065 3.447 3.111 3.017 2.999 3.000
0.00034781 -1.65000 10.07918 0.7964850664 2.4174889461    0.795  0.675  3.7639  3.671    2  0.000  0.534     0.00     0.00     0.00     0.00     0.00 -1 -3.37e-13      0.00 8.042e-01 1.955e-01 5.602e-05 1.536e-05 1.399e-04 -1.000 3.100e-04 3.082 4.049 3.407 3.045 2.941 2.915 2.914
0.00034781 -1.65000 10.07918 0.7971975207 2.4177403845    0.796  0.702  3.7572  3.617    2  0.000  0.535     0.00     0.00     0.00     0.00     0.00 -1 -2.82e-13      0.00 7.887e-01 2.110e-01 5.921e-05 1.621e-05 1.475e-04 -1.000 3.080e-04 3.015 4.027 3.360 2.975 2.860 2.828 2.824
0.00034781 -1.65000 10.07918 0.7979025841 2.4179887062    0.796  0.737  3.7509  3.558    2  0.000  0.536     0.00     0.00     0.00     0.00     0.00 -1 -4.58e-13      0.00 7.788e-01 2.208e-01 6.126e-05 1.676e-05 1.524e-04 -1.000 3.437e-04 2.928 3.985 3.293 2.887 2.762 2.723 2.716
0.00034781 -1.65000 10.07918 0.7984586358 2.4181841907    0.797  0.772  3.7467  3.506    2  0.000  0.536     0.00     0.00     0.00     0.00     0.00 -1  -6.9e-13      0.00 7.738e-01 2.258e-01 6.231e-05 1.704e-05 1.550e-04 -1.000 3.471e-04 2.840 3.927 3.219 2.798 2.666 2.623 2.614
0.00034781 -1.65000 10.07918 0.7988385558 2.4183175747    0.797  0.800  3.7441  3.468    2  0.000  0.536     0.00     0.00     0.00     0.00     0.00 -1 -9.24e-13      0.00 7.712e-01 2.285e-01 6.287e-05 1.719e-05 1.563e-04 -1.000 3.207e-04 2.771 3.878 3.159 2.729 2.593 2.547 2.537
0.00034781 -1.65000 10.07918 0.7990139127 2.4183790905    0.797  0.814  3.7431  3.450    2  0.000  0.536     0.00     0.00     0.00     0.00     0.00 -1 -1.06e-12      0.00 7.702e-01 2.295e-01 6.306e-05 1.724e-05 1.567e-04 -1.000 3.023e-04 2.734 3.849 3.125 2.692 2.555 2.508 2.497
0.00034781 -1.65000 10.07918 0.7994847298 2.4185441015    0.798  0.855  3.7408  3.399    3  0.000  0.537     0.00     0.00     0.00     0.00     0.00 -1 -1.55e-12      0.00 7.677e-01 2.319e-01 6.352e-05 1.736e-05 1.578e-04 -1.000 3.757e-04 2.631 3.763 3.030 2.589 2.448 2.398 2.387
0.00034781 -1.65000 10.07918 0.7999998927 2.4187243988    0.798  0.905  3.7384  3.341    3  0.000  0.537     0.00     0.00     0.00     0.00     0.00 -1 -2.39e-12      0.00 7.654e-01 2.343e-01 6.393e-05 1.747e-05 1.588e-04 -1.000 3.504e-04 2.509 3.660 2.915 2.467 2.322 2.270 2.257
0.00034781 -1.65000 10.07918 0.8000000119 2.4187244405    0.798  0.905  3.7384  3.341    3  0.000  0.537     0.00     0.00     0.00     0.00     0.00 -1 -2.39e-12      0.00 7.654e-01 2.343e-01 6.393e-05 1.747e-05 1.588e-04 -1.000 3.505e-04 2.509 3.660 2.915 2.467 2.322 2.270 2.257
0.00034781 -1.65000 10.07918 0.8004395962 2.4188780756    0.798  0.950  3.7367  3.289    3  0.000  0.537     0.00     0.00     0.00     0.00     0.00 -1 -2.81e-12      0.00 7.635e-01 2.361e-01 6.421e-05 1.755e-05 1.595e-04 -1.000 3.499e-04 2.396 3.562 2.809 2.355 2.208 2.153 2.140
0.00034781 -1.65000 10.07918 0.8008598089 2.4190247590    0.799  0.996  3.7350  3.237    3  0.000  0.537     0.00     0.00     0.00     0.00     0.00 -1 -3.32e-12      0.00 7.618e-01 2.378e-01 6.444e-05 1.761e-05 1.601e-04 -1.000 3.812e-04 2.281 3.461 2.700 2.241 2.091 2.034 2.020
0.00034781 -1.65000 10.07918 0.8012865186 2.4191735293    0.799  1.046  3.7334  3.180    3  0.000  0.537     0.00     0.00     0.00     0.00     0.00 -1 -3.97e-12      0.00 7.601e-01 2.396e-01 6.464e-05 1.767e-05 1.606e-04 -1.000 3.807e-04 2.156 3.348 2.581 2.116 1.964 1.905 1.890
0.00034781 -1.65000 10.07918 0.8016787171 2.4193101069    0.799  1.096  3.7318  3.125    3  0.000  0.536     0.00     0.00     0.00     0.00     0.00 -1 -4.75e-12      0.00 7.585e-01 2.411e-01 6.477e-05 1.772e-05 1.610e-04 -1.000 3.760e-04 2.031 3.236 2.461 1.993 1.837 1.777 1.761
0.00034781 -1.65000 10.07918 0.8020307422 2.4194325638    0.800  1.144  3.7303  3.070    3  0.000  0.536     0.00     0.00     0.00     0.00     0.00 -1 -5.65e-12      0.00 7.571e-01 2.426e-01 6.482e-05 1.777e-05 1.613e-04 -1.000 3.558e-04 1.910 3.126 2.346 1.872 1.715 1.653 1.636
0.00034781 -1.65000 10.07918 0.8023385406 2.4195395345    0.800  1.190  3.7289  3.019    3  0.000  0.535     0.00     0.00     0.00     0.00     0.00 -1 -6.66e-12      0.00 7.558e-01 2.438e-01 6.482e-05 1.783e-05 1.615e-04 -1.000 3.448e-04 1.795 3.024 2.236 1.758 1.599 1.535 1.518
0.00034781 -1.65000 10.07918 0.8026383519 2.4196436388    0.800  1.239  3.7275  2.964    3  0.000  0.534     0.00     0.00     0.00     0.00     0.00 -1 -7.94e-12      0.00 7.546e-01 2.450e-01 6.475e-05 1.792e-05 1.617e-04 -1.000 3.795e-04 1.673 2.915 2.120 1.638 1.476 1.410 1.392
0.00034781 -1.65000 10.07918 0.8029258847 2.4197433956    0.800  1.290  3.7259  2.907    3  0.000  0.533     0.00     0.00     0.00     0.00     0.00 -1 -9.53e-12      0.00 7.536e-01 2.461e-01 6.460e-05 1.804e-05 1.619e-04 -1.000 3.595e-04 1.545 2.801 1.998 1.511 1.346 1.279 1.260
0.00034781 -1.65000 10.07918 0.8031670451 2.4198270006    0.800  1.337  3.7244  2.854    3  0.000  0.531     0.00     0.00     0.00     0.00     0.00 -1 -1.13e-11      0.00 7.527e-01 2.469e-01 6.444e-05 1.818e-05 1.620e-04 -1.000 3.416e-04 1.429 2.697 1.887 1.395 1.228 1.159 1.139
0.00034781 -1.65000 10.07918 0.8033869863 2.4199031990    0.800  1.383  3.7229  2.802    3  0.000  0.529     0.00     0.00     0.00     0.00     0.00 -1 -1.33e-11      0.00 7.521e-01 2.476e-01 6.426e-05 1.834e-05 1.621e-04 -1.000 3.809e-04 1.313 2.594 1.777 1.280 1.111 1.040 1.019
0.00034781 -1.65000 10.07918 0.8035938144 2.4199748106    0.800  1.431  3.7213  2.748    3  0.000  0.528     0.00     0.00     0.00     0.00     0.00 -1 -1.58e-11      0.00 7.515e-01 2.481e-01 6.409e-05 1.851e-05 1.622e-04 -1.000 3.799e-04 1.194 2.489 1.664 1.162 0.990 0.918 0.896
0.00034781 -1.65000 10.07918 0.8037766218 2.4200380702    0.800  1.476  3.7197  2.696    3  0.000  0.526     0.00     0.00     0.00     0.00     0.00 -1 -1.87e-11      0.00 7.511e-01 2.485e-01 6.395e-05 1.866e-05 1.622e-04 -1.000 3.791e-04 1.079 2.389 1.555 1.048 0.874 0.800 0.778
0.00034781 -1.65000 10.07918 0.8039504886 2.4200982051    0.800  1.524  3.7180  2.641    3  0.000  0.525     0.00     0.00     0.00     0.00     0.00 -1 -2.22e-11      0.00 7.508e-01 2.488e-01 6.384e-05 1.877e-05 1.623e-04 -1.000 3.801e-04 0.959 2.285 1.443 0.930 0.753 0.677 0.654
0.00034781 -1.65000 10.07918 0.8041037321 2.4201511823    0.800  1.570  3.7164  2.588    3  0.000  0.525     0.00     0.00     0.00     0.00     0.00 -1 -2.63e-11      0.00 7.507e-01 2.490e-01 6.377e-05 1.884e-05 1.623e-04 -1.000 3.812e-04 0.844 2.186 1.335 0.816 0.637 0.559 0.535
0.00034781 -1.65000 10.07918 0.8042401671 2.4201983292    0.800  1.615  3.7147  2.537    3  0.000  0.524     0.00     0.00     0.00     0.00     0.00 -1 -3.09e-11      0.00 7.506e-01 2.491e-01 6.373e-05 1.888e-05 1.623e-04 -1.000 3.811e-04 0.732 2.090 1.230 0.706 0.524 0.444 0.419
0.00034781 -1.65000 10.07918 0.8043701053 2.4202432139    0.800  1.662  3.7130  2.484    3  0.000  0.524     0.00     0.00     0.00     0.00     0.00 -1 -3.65e-11      0.00 7.506e-01 2.491e-01 6.371e-05 1.891e-05 1.623e-04 -1.000 3.812e-04 0.616 1.991 1.122 0.591 0.407 0.324 0.298
0.00034781 -1.65000 10.07918 0.8044877648 2.4202838429    0.800  1.707  3.7112  2.431    3  0.000  0.524     0.00     0.00     0.00     0.00     0.00 -1 -4.32e-11      0.00 7.505e-01 2.491e-01 6.371e-05 1.891e-05 1.623e-04 -1.000 3.812e-04 0.502 1.897 1.015 0.478 0.290 0.206 0.179
0.00034781 -1.65000 10.07918 0.8045913577 2.4203196031    0.800  1.751  3.7095  2.380    3  0.000  0.524     0.00     0.00     0.00     0.00     0.00 -1 -5.07e-11      0.00 7.505e-01 2.491e-01 6.371e-05 1.892e-05 1.623e-04 -1.000 3.812e-04 0.392 1.807 0.913 0.369 0.178 0.092 0.064
0.00034781 -1.65000 10.07918 0.8046864867 2.4203524323    0.800  1.795  3.7078  2.329    3  0.000  0.524     0.00     0.00     0.00     0.00     0.00 -1 -5.94e-11      0.00 7.505e-01 2.491e-01 6.370e-05 1.892e-05 1.623e-04 -1.000 3.811e-04 0.283 1.719 0.812 0.261 0.068 -0.021 -0.049
0.00034781 -1.65000 10.07918 0.8047785163 2.4203841834    0.800  1.841  3.7059  2.276    3  0.000  0.524     0.00     0.00     0.00     0.00     0.00 -1 -7.01e-11      0.00 7.505e-01 2.491e-01 6.370e-05 1.893e-05 1.623e-04 -1.000 3.811e-04 0.169 1.628 0.707 0.148 -0.048 -0.139 -0.168
0.00034781 -1.65000 10.07918 0.8048591614 2.4204119999    0.799  1.884  3.7041  2.225    3  0.000  0.524     0.00     0.00     0.00     0.00     0.00 -1 -8.22e-11      0.00 7.505e-01 2.491e-01 6.370e-05 1.893e-05 1.623e-04 -1.000 3.812e-04 0.060 1.542 0.608 0.041 -0.158 -0.251 -0.282
0.00034781 -1.65000 10.07918 0.8049332500 2.4204375492    0.799  1.927  3.7022  2.175    3  0.000  0.524     0.00     0.00     0.00     0.00     0.00 -1 -9.62e-11      0.00 7.505e-01 2.491e-01 6.369e-05 1.893e-05 1.623e-04 -1.000 3.812e-04 -0.047 1.457 0.510 -0.064 -0.267 -0.362 -0.394
0.00034781 -1.65000 10.07918 0.8050034642 2.4204617575    0.799  1.971  3.7004  2.123    3  0.000  0.524     0.00     0.00     0.00     0.00     0.00 -1 -1.13e-10      0.00 7.505e-01 2.491e-01 6.369e-05 1.894e-05 1.623e-04 -1.000 3.813e-04 -0.156 1.371 0.410 -0.172 -0.378 -0.476 -0.508
0.00034781 -1.65000 10.07918 0.8050652146 2.4204830436    0.798  2.011  3.6985  2.075    3  0.000  0.524     0.00     0.00     0.00     0.00     0.00 -1 -1.31e-10      0.00 7.505e-01 2.491e-01 6.369e-05 1.894e-05 1.623e-04 -1.000 3.812e-04 -0.258 1.294 0.319 -0.272 -0.481 -0.581 -0.614
0.00034781 -1.65000 10.07918 0.8051247001 2.4205035454    0.798  2.051  3.6968  2.028    3  0.000  0.524     0.00     0.00     0.00     0.00     0.00 -1 -1.52e-10      0.00 7.505e-01 2.491e-01 6.369e-05 1.894e-05 1.623e-04 -1.000 3.812e-04 -0.358 1.218 0.229 -0.369 -0.582 -0.684 -0.718
0.00034781 -1.65000 10.07918 0.8051865101 2.4205248447    0.798  2.089  3.6951  1.983    3  0.000  0.524     0.00     0.00     0.00     0.00     0.00 -1 -1.75e-10      0.00 7.505e-01 2.491e-01 6.368e-05 1.895e-05 1.624e-04 -1.000 3.812e-04 -0.454 1.147 0.143 -0.463 -0.679 -0.783 -0.818
0.00034781 -1.65000 10.07918 0.8052417040 2.4205438609    0.797  2.114  3.6940  1.954    3  0.000  0.524     0.00     0.00     0.00     0.00     0.00 -1 -1.92e-10      0.00 7.505e-01 2.491e-01 6.368e-05 1.895e-05 1.624e-04 -1.000 3.812e-04 -0.515 1.102 0.088 -0.523 -0.740 -0.846 -0.882
0.00034781 -1.65000 10.07918 0.8052806258 2.4205572690    0.797  2.102  3.6949  1.969    3  0.000  0.524     0.00     0.00     0.00     0.00     0.00 -1 -1.85e-10      0.00 7.505e-01 2.491e-01 6.368e-05 1.895e-05 1.624e-04 -1.000 3.812e-04 -0.485 1.120 0.113 -0.494 -0.710 -0.814 -0.850
0.00034781 -1.65000 10.07918 0.8052858114 2.4205590553    0.797  2.100  3.6950  1.971    3  0.000  0.524     0.00     0.00     0.00     0.00     0.00 -1 -1.84e-10      0.00 7.505e-01 2.491e-01 6.368e-05 1.895e-05 1.624e-04 -1.000 3.812e-04 -0.481 1.122 0.117 -0.490 -0.706 -0.810 -0.845
0.00034781 -1.65000 10.07918 0.8053143620 2.4205688896    0.797  2.126  3.6937  1.940    3  0.000  0.524     0.00     0.00     0.00     0.00     0.00 -1 -2.01e-10      0.00 7.505e-01 2.491e-01 6.368e-05 1.895e-05 1.624e-04 -1.000 3.812e-04 -0.546 1.076 0.059 -0.554 -0.772 -0.878 -0.914
0.00034781 -1.65000 10.07918 0.8053577542 2.4205838345    0.796  2.168  3.6917  1.890    3  0.000  0.524     0.00     0.00     0.00     0.00     0.00 -1 -2.33e-10      0.00 7.505e-01 2.491e-01 6.368e-05 1.896e-05 1.624e-04 -1.000 3.812e-04 -0.651 1.002 -0.034 -0.656 -0.878 -0.987 -1.024
0.00034781 -1.65000 10.07918 0.8053981662 2.4205977513    0.796  2.210  3.6897  1.840    3  0.000  0.524     0.00     0.00     0.00     0.00     0.00 -1 -2.72e-10      0.00 7.505e-01 2.492e-01 6.367e-05 1.896e-05 1.624e-04 -1.000 3.812e-04 -0.755 0.931 -0.125 -0.758 -0.983 -1.094 -1.133
0.00034781 -1.65000 10.07918 0.8054354191 2.4206105788    0.795  2.251  3.6877  1.790    3  0.000  0.524     0.00     0.00     0.00     0.00     0.00 -1 -3.17e-10      0.00 7.505e-01 2.492e-01 6.367e-05 1.896e-05 1.624e-04 -1.000 3.812e-04 -0.858 0.862 -0.215 -0.857 -1.087 -1.201 -1.241
0.00034781 -1.65000 10.07918 0.8054681420 2.4206218454    0.795  2.290  3.6856  1.742    3  0.000  0.524     0.00     0.00     0.00     0.00     0.00 -1 -3.67e-10      0.00 7.505e-01 2.492e-01 6.367e-05 1.896e-05 1.624e-04 -1.000 3.812e-04 -0.955 0.799 -0.299 -0.951 -1.185 -1.301 -1.342
0.00034781 -1.65000 10.07918 0.8055000305 2.4206328236    0.794  2.331  3.6836  1.693    3  0.000  0.524     0.00     0.00     0.00     0.00     0.00 -1 -4.26e-10      0.00 7.505e-01 2.492e-01 6.367e-05 1.896e-05 1.624e-04 -1.000 3.812e-04 -1.057 0.745 -0.386 -1.051 -1.288 -1.407 -1.450
0.00034781 -1.65000 10.07918 0.8055280447 2.4206424672    0.793  2.369  3.6815  1.646    3  0.000  0.524     0.00     0.00     0.00     0.00     0.00 -1 -4.92e-10      0.00 7.505e-01 2.492e-01 6.367e-05 1.897e-05 1.624e-04 -1.000 3.811e-04 -1.153 0.701 -0.465 -1.146 -1.386 -1.508 -1.552
0.00034781 -1.65000 10.07918 0.8055552840 2.4206518434    0.793  2.409  3.6795  1.598    3  0.000  0.524     0.00     0.00     0.00     0.00     0.00 -1 -5.69e-10      0.00 7.505e-01 2.492e-01 6.367e-05 1.897e-05 1.624e-04 -1.000 3.812e-04 -1.252 0.653 -0.548 -1.244 -1.488 -1.612 -1.657
0.00034781 -1.65000 10.07918 0.8055794239 2.4206601520    0.792  2.447  3.6774  1.552    3  0.000  0.524     0.00     0.00     0.00     0.00     0.00 -1 -6.56e-10      0.00 7.505e-01 2.492e-01 6.367e-05 1.897e-05 1.624e-04 -1.000 3.812e-04 -1.346 0.616 -0.624 -1.336 -1.584 -1.711 -1.757
0.00034781 -1.65000 10.07918 0.8056075573 2.4206698345    0.791  2.494  3.6747  1.493    3  0.000  0.524     0.00     0.00     0.00     0.00     0.00 -1 -7.81e-10      0.00 7.505e-01 2.492e-01 6.367e-05 1.897e-05 1.624e-04 -1.000 3.812e-04 -1.464 0.573 -0.717 -1.451 -1.705 -1.835 -1.883
0.00034781 -1.65000 10.07918 0.8056325912 2.4206784496    0.790  2.539  3.6722  1.437    3  0.000  0.524     7.63     5.97     4.22     3.27     2.64  3 -9.26e-10      0.00 7.504e-01 2.492e-01 6.367e-05 1.897e-05 1.624e-04 -1.000 3.812e-04 -1.578 0.542 -0.804 -1.561 -1.821 -1.955 -2.004
0.00034781 -1.65000 10.07918 0.8056522012 2.4206851976    0.789  2.578  3.6700  1.389    3  0.000  0.524     8.44     6.50     4.58     3.55     2.87  3 -1.07e-09      0.00 7.504e-01 2.492e-01 6.367e-05 1.897e-05 1.624e-04 -1.000 3.812e-04 -1.674 0.519 -0.875 -1.655 -1.920 -2.056 -2.107
0.00034781 -1.65000 10.07918 0.8056730628 2.4206923760    0.788  2.621  3.6674  1.334    3  0.000  0.524     9.47     7.17     5.03     3.91     3.16  3 -1.26e-09      0.00 7.504e-01 2.492e-01 6.366e-05 1.897e-05 1.624e-04 -1.000 3.812e-04 -1.784 0.503 -0.953 -1.759 -2.031 -2.171 -2.224
0.00034781 -1.65000 10.07918 0.8056898117 2.4206981389    0.786  2.659  3.6652  1.287    3  0.000  0.524    10.45     7.81     5.46     4.24     3.43  3 -1.45e-09      0.00 7.504e-01 2.492e-01 6.366e-05 1.897e-05 1.624e-04 -1.000 3.812e-04 -1.878 0.491 -1.019 -1.849 -2.126 -2.270 -2.324
0.00034781 -1.65000 10.07918 0.8057073951 2.4207041886    0.785  2.701  3.6625  1.234    3  0.000  0.524    11.71     8.60     5.98     4.66     3.77  3  -1.7e-09      0.00 7.504e-01 2.492e-01 6.366e-05 1.897e-05 1.624e-04 -1.000 3.812e-04 -1.983 0.489 -1.089 -1.950 -2.233 -2.381 -2.437
0.00034781 -1.65000 10.07918 0.8057243228 2.4207100124    0.783  2.745  3.6599  1.179    3  0.000  0.524    13.15     9.50     6.58     5.13     4.15  2 -2.01e-09      0.00 7.504e-01 2.492e-01 6.366e-05 1.898e-05 1.624e-04 -1.000 3.812e-04 -2.092 0.492 -1.160 -2.053 -2.344 -2.496 -2.554
0.00034781 -1.65000 10.07918 0.8057400584 2.4207154259    0.782  2.789  3.6571  1.123    3  0.000  0.524    14.79    10.50     7.24     5.65     4.58  2 -2.37e-09      0.00 7.504e-01 2.492e-01 6.366e-05 1.898e-05 1.624e-04 -1.000 3.811e-04 -2.202 0.494 -1.228 -2.153 -2.453 -2.609 -2.670
0.00034781 -1.65000 10.07918 0.8057537675 2.4207201420    0.780  2.829  3.6545  1.071    3  0.000  0.524    16.52    11.53     7.92     6.19     5.02  2 -2.77e-09      0.00 7.504e-01 2.492e-01 6.366e-05 1.898e-05 1.624e-04 -1.000 3.812e-04 -2.303 0.478 -1.295 -2.245 -2.552 -2.713 -2.775
0.00034781 -1.65000 10.07918 0.8057671785 2.4207247553    0.778  2.872  3.6518  1.016    3  0.000  0.524    18.54    12.72     8.69     6.81     5.52  2 -3.26e-09      0.00 7.504e-01 2.492e-01 6.366e-05 1.898e-05 1.624e-04 -1.000 3.811e-04 -2.410 0.459 -1.365 -2.341 -2.656 -2.822 -2.886
0.00034781 -1.65000 10.07918 0.8057788014 2.4207287534    0.776  2.912  3.6491  0.964    3  0.000  0.524    20.67    13.95     9.50     7.45     6.04  2  -3.8e-09      0.00 7.504e-01 2.492e-01 6.366e-05 1.898e-05 1.624e-04 -1.000 3.812e-04 -2.510 0.452 -1.425 -2.429 -2.752 -2.923 -2.990
0.00034781 -1.65000 10.07918 0.8057900667 2.4207326284    0.773  2.953  3.6464  0.911    3  0.000  0.524    23.12    15.35    10.40     8.17     6.63  2 -4.45e-09      0.00 7.504e-01 2.492e-01 6.366e-05 1.898e-05 1.624e-04 -1.000 3.812e-04 -2.612 0.448 -1.484 -2.517 -2.851 -3.027 -3.096
0.00034781 -1.65000 10.07918 0.8058006167 2.4207362572    0.771  2.994  3.6437  0.858    3  0.000  0.524    25.87    16.89    11.40     8.97     7.27  1 -5.21e-09      0.00 7.504e-01 2.492e-01 6.366e-05 1.898e-05 1.624e-04 -1.000 3.811e-04 -2.715 0.444 -1.543 -2.606 -2.949 -3.131 -3.202
0.00034781 -1.65000 10.07918 0.8058098555 2.4207394349    0.768  3.032  3.6410  0.807    3  0.000  0.524    28.76    18.49    12.42     9.78     7.94  1 -6.04e-09      0.00 7.504e-01 2.492e-01 6.366e-05 1.898e-05 1.624e-04 -1.000 3.812e-04 -2.811 0.444 -1.596 -2.689 -3.040 -3.227 -3.301
0.00034781 -1.65000 10.07918 0.8058187962 2.4207425100    0.765  3.071  3.6383  0.756    3  0.000  0.524    32.08    20.28    13.57    10.70     8.68  1 -7.02e-09      0.00 7.504e-01 2.492e-01 6.366e-05 1.898e-05 1.624e-04 -1.000 3.812e-04 -2.909 0.444 -1.648 -2.771 -3.133 -3.325 -3.402
0.00034781 -1.65000 10.07918 0.8058271408 2.4207453801    0.762  3.110  3.6357  0.704    3  0.000  0.524    35.74    22.23    14.81    11.70     9.50  1 -8.17e-09      0.00 7.504e-01 2.492e-01 6.366e-05 1.898e-05 1.624e-04 -1.000 3.812e-04 -3.006 0.445 -1.697 -2.852 -3.224 -3.422 -3.501
0.00034781 -1.65000 10.07918 0.8058347702 2.4207480041    0.758  3.148  3.6330  0.654    3  0.000  0.524    39.73    24.32    16.13    12.77    10.36  1 -9.46e-09      0.00 7.504e-01 2.492e-01 6.366e-05 1.898e-05 1.624e-04 -1.000 3.812e-04 -3.100 0.450 -1.742 -2.929 -3.312 -3.516 -3.597
0.00034781 -1.65000 10.07918 0.8058423400 2.4207506075    0.754  3.188  3.6303  0.601    3  0.000  0.524    44.38    26.71    17.64    13.98    11.35  1  -1.1e-08      0.00 7.504e-01 2.492e-01 6.366e-05 1.898e-05 1.624e-04 -1.000 3.812e-04 -3.199 0.452 -1.791 -3.011 -3.404 -3.614 -3.698
0.00034781 -1.65000 10.07918 0.8058491349 2.4207529443    0.750  3.225  3.6277  0.551    3  0.000  0.524    49.30    29.19    19.20    15.25    12.38  1 -1.28e-08      0.00 7.504e-01 2.492e-01 6.366e-05 1.898e-05 1.624e-04 -1.000 3.811e-04 -3.292 0.454 -1.835 -3.086 -3.490 -3.705 -3.792
0.00034781 -1.65000 10.07918 0.8058556914 2.4207551992    0.745  3.262  3.6250  0.501    3  0.000  0.524    54.83    31.94    20.92    16.63    13.51  1 -1.48e-08      0.00 7.504e-01 2.492e-01 6.366e-05 1.898e-05 1.624e-04 -1.000 3.812e-04 -3.385 0.456 -1.878 -3.161 -3.575 -3.797 -3.886
0.00034781 -1.65000 10.07918 0.8058611751 2.4207570850    0.741  3.291  3.6230  0.460    3  0.000  0.524    59.67    34.30    22.39    17.83    14.48  1 -1.67e-08      0.00 7.504e-01 2.492e-01 6.366e-05 1.898e-05 1.624e-04 -1.000 3.812e-04 -3.459 0.458 -1.906 -3.218 -3.643 -3.870 -3.961
0.00034781 -1.65000 10.07918 0.8058611751 2.4207570850    0.741  1.708  3.8104  2.793    4  0.000  0.527     0.00     0.00     0.00     0.00     0.00 -1    -1e-30      0.00 7.468e-01 2.528e-01 6.530e-05 1.904e-05 1.655e-04 -1.000 3.811e-04 0.500 1.179 0.627 0.460 0.445 0.458 0.472
0.00034781 -1.65000 10.07918 0.8058645129 2.4207582329    0.741  1.714  3.8083  2.779    4  0.000  0.527     0.00     0.00     0.00     0.00     0.00 -1    -1e-30      0.00 7.468e-01 2.528e-01 6.530e-05 1.904e-05 1.655e-04 -1.000 3.812e-04 0.485 1.173 0.618 0.443 0.425 0.436 0.450
0.00034781 -1.65000 10.07918 0.8059196472 2.4207771919    0.741  1.728  3.8042  2.749    4  0.000  0.527     0.00     0.00     0.00     0.00     0.00 -1    -1e-30      0.00 7.468e-01 2.528e-01 6.530e-05 1.904e-05 1.655e-04 -1.000 3.812e-04 0.451 1.158 0.597 0.407 0.382 0.390 0.402
0.00034781 -1.65000 10.07918 0.8059754372 2.4207963732    0.741  1.729  3.8047  2.749    4  0.000  0.527     0.00     0.00     0.00     0.00     0.00 -1    -1e-30      0.00 7.468e-01 2.528e-01 6.530e-05 1.904e-05 1.655e-04 -1.000 3.811e-04 0.447 1.152 0.592 0.404 0.379 0.388 0.400
0.00034781 -1.65000 10.07918 0.8060324192 2.4208159613    0.741  1.730  3.8056  2.752    4  0.000  0.527     0.00     0.00     0.00     0.00     0.00 -1    -1e-30      0.00 7.468e-01 2.528e-01 6.530e-05 1.904e-05 1.655e-04 -1.000 3.811e-04 0.446 1.147 0.587 0.403 0.380 0.389 0.402
0.00034781 -1.65000 10.07918 0.8060888648 2.4208353619    0.741  1.730  3.8067  2.757    4  0.000  0.527     0.00     0.00     0.00     0.00     0.00 -1    -1e-30      0.00 7.468e-01 2.528e-01 6.530e-05 1.904e-05 1.655e-04 -1.000 3.811e-04 0.446 1.141 0.583 0.403 0.382 0.393 0.405
0.00034781 -1.65000 10.07918 0.8061419725 2.4208536124    0.741  1.729  3.8080  2.763    4  0.000  0.527     0.00     0.00     0.00     0.00     0.00 -1    -1e-30      0.00 7.468e-01 2.528e-01 6.530e-05 1.904e-05 1.655e-04 -1.000 3.811e-04 0.446 1.135 0.580 0.404 0.386 0.397 0.410
0.00034781 -1.65000 10.07918 0.8061942458 2.4208715734    0.741  1.729  3.8095  2.769    4  0.000  0.527     0.00     0.00     0.00     0.00     0.00 -1    -1e-30      0.00 7.468e-01 2.528e-01 6.530e-05 1.904e-05 1.655e-04 -1.000 3.811e-04 0.448 1.130 0.576 0.406 0.390 0.402 0.416
0.00034781 -1.65000 10.07918 0.8062470555 2.4208897160    0.741  1.728  3.8111  2.776    4  0.000  0.527     0.00     0.00     0.00     0.00     0.00 -1    -1e-30      0.00 7.468e-01 2.528e-01 6.530e-05 1.904e-05 1.655e-04 -1.000 3.811e-04 0.449 1.124 0.572 0.408 0.395 0.409 0.423
0.00034781 -1.65000 10.07918 0.8063023090 2.4209086952    0.741  1.728  3.8128  2.784    4  0.000  0.527     0.00     0.00     0.00     0.00     0.00 -1    -1e-30      0.00 7.468e-01 2.528e-01 6.530e-05 1.904e-05 1.655e-04 -1.000 3.812e-04 0.451 1.118 0.569 0.411 0.401 0.416 0.430
0.00034781 -1.65000 10.07918 0.8063567877 2.4209274053    0.742  1.727  3.8143  2.790    4  0.000  0.527     0.00     0.00     0.00     0.00     0.00 -1    -1e-30      0.00 7.468e-01 2.528e-01 6.530e-05 1.904e-05 1.655e-04 -1.000 3.812e-04 0.453 1.114 0.566 0.413 0.406 0.422 0.437
0.00034781 -1.65000 10.07918 0.8064128757 2.4209466651    0.742  1.726  3.8156  2.796    4  0.000  0.527     0.00     0.00     0.00     0.00     0.00 -1    -1e-30      0.00 7.468e-01 2.528e-01 6.530e-05 1.904e-05 1.655e-04 -1.000 3.811e-04 0.454 1.110 0.563 0.415 0.410 0.427 0.442
0.00034781 -1.65000 10.07918 0.8064684868 2.4209657582    0.742  1.726  3.8166  2.801    4  0.000  0.527     0.00     0.00     0.00     0.00     0.00 -1    -1e-30      0.00 7.468e-01 2.528e-01 6.530e-05 1.904e-05 1.655e-04 -1.000 3.811e-04 0.455 1.106 0.561 0.417 0.413 0.431 0.446
0.00034781 -1.65000 10.07918 0.8065234423 2.4209846231    0.742  1.726  3.8172  2.803    4  0.000  0.527     0.00     0.00     0.00     0.00     0.00 -1    -1e-30      0.00 7.468e-01 2.528e-01 6.530e-05 1.904e-05 1.655e-04 -1.000 3.811e-04 0.455 1.104 0.559 0.417 0.415 0.432 0.448
0.00034781 -1.65000 10.07918 0.8065766692 2.4210028919    0.742  1.726  3.8174  2.803    4  0.000  0.527     0.00     0.00     0.00     0.00     0.00 -1    -1e-30      0.00 7.468e-01 2.528e-01 6.530e-05 1.904e-05 1.655e-04 -1.000 3.811e-04 0.454 1.102 0.558 0.416 0.415 0.432 0.448
0.00034781 -1.65000 10.07918 0.8065999150 2.4210108695    0.742  1.727  3.8174  2.804    4  0.000  0.527     0.00     0.00     0.00     0.00     0.00 -1    -1e-30      0.00 7.468e-01 2.528e-01 6.530e-05 1.904e-05 1.655e-04 -1.000 3.811e-04 0.454 1.102 0.558 0.416 0.414 0.432 0.448
0.00034781 -1.65000 10.07918 0.8066120148 2.4210150218    0.742  1.727  3.8173  2.803    4  0.000  0.527     0.00     0.00     0.00     0.00     0.00 -1    -1e-30      0.00 7.468e-01 2.528e-01 6.530e-05 1.904e-05 1.655e-04 -1.000 3.812e-04 0.453 1.102 0.558 0.416 0.414 0.431 0.447
0.00034781 -1.65000 10.07918 0.8066652417 2.4210332860    0.742  1.727  3.8166  2.799    4  0.000  0.527     0.00     0.00     0.00     0.00     0.00 -1    -1e-30      0.00 7.468e-01 2.528e-01 6.530e-05 1.904e-05 1.655e-04 -1.000 3.811e-04 0.451 1.103 0.558 0.413 0.410 0.427 0.443
0.00034781 -1.65000 10.07918 0.8067191243 2.4210517723    0.742  1.729  3.8153  2.793    4  0.000  0.527     0.00     0.00     0.00     0.00     0.00 -1    -1e-30      0.00 7.468e-01 2.528e-01 6.530e-05 1.904e-05 1.655e-04 -1.000 3.812e-04 0.448 1.105 0.558 0.410 0.404 0.420 0.436
0.00034781 -1.65000 10.07918 0.8067721128 2.4210699491    0.742  1.730  3.8135  2.784    4  0.000  0.527     0.00     0.00     0.00     0.00     0.00 -1    -1e-30      0.00 7.468e-01 2.528e-01 6.530e-05 1.904e-05 1.655e-04 -1.000 3.812e-04 0.445 1.109 0.560 0.405 0.396 0.411 0.426
0.00034781 -1.65000 10.07918 0.8068242669 2.4210878369    0.742  1.732  3.8112  2.773    4  0.000  0.527     0.00     0.00     0.00     0.00     0.00 -1    -1e-30      0.00 7.468e-01 2.528e-01 6.530e-05 1.904e-05 1.655e-04 -1.000 3.811e-04 0.440 1.114 0.562 0.399 0.386 0.399 0.414
0.00034781 -1.65000 10.07918 0.8068762422 2.4211056608    0.742  1.734  3.8083  2.759    4  0.000  0.527     0.00     0.00     0.00     0.00     0.00 -1    -1e-30      0.00 7.468e-01 2.528e-01 6.530e-05 1.904e-05 1.655e-04 -1.000 3.811e-04 0.434 1.121 0.566 0.392 0.374 0.385 0.398
0.00034781 -1.65000 10.07918 0.8069278598 2.4211233595    0.742  1.737  3.8049  2.743    4  0.000  0.527     0.00     0.00     0.00     0.00     0.00 -1    -1e-30      0.00 7.468e-01 2.528e-01 6.530e-05 1.904e-05 1.655e-04 -1.000 3.811e-04 0.427 1.130 0.570 0.384 0.359 0.368 0.380
0.00034781 -1.65000 10.07918 0.8069795370 2.4211410759    0.742  1.740  3.8011  2.725    4  0.000  0.527     0.00     0.00     0.00     0.00     0.00 -1    -1e-30      0.00 7.468e-01 2.528e-01 6.530e-05 1.904e-05 1.655e-04 -1.000 3.811e-04 0.419 1.141 0.575 0.375 0.344 0.350 0.360
0.00034781 -1.65000 10.07918 0.8069844246 2.4211427514    0.742  1.741  3.8007  2.723    4  0.000  0.527     0.00     0.00     0.00     0.00     0.00 -1    -1e-30      0.00 7.468e-01 2.528e-01 6.530e-05 1.904e-05 1.655e-04 -1.000 3.811e-04 0.418 1.142 0.575 0.374 0.342 0.348 0.359
0.00034781 -1.65000 10.07918 0.8069929481 2.4211456732    0.742  1.741  3.8000  2.719    4  0.000  0.527     0.00     0.00     0.00     0.00     0.00 -1    -1e-30      0.00 7.468e-01 2.528e-01 6.530e-05 1.904e-05 1.655e-04 -1.000 3.811e-04 0.417 1.143 0.576 0.372 0.339 0.344 0.355
0.00034781 -1.65000 10.07918 0.8070436120 2.4211630391    0.742  1.745  3.7958  2.699    4  0.000  0.527     0.00     0.00     0.00     0.00     0.00 -1    -1e-30      0.00 7.468e-01 2.528e-01 6.530e-05 1.904e-05 1.655e-04 -1.000 3.811e-04 0.408 1.156 0.582 0.362 0.322 0.323 0.332
0.00034781 -1.65000 10.07918 0.8070929646 2.4211799531    0.742  1.749  3.7916  2.678    4  0.000  0.527     0.00     0.00     0.00     0.00     0.00 -1    -1e-30      0.00 7.468e-01 2.528e-01 6.530e-05 1.904e-05 1.655e-04 -1.000 3.811e-04 0.398 1.168 0.586 0.351 0.304 0.302 0.309
0.00034781 -1.65000 10.07918 0.8071457744 2.4211980493    0.742  1.754  3.7868  2.654    4  0.000  0.527     0.00     0.00     0.00     0.00     0.00 -1    -1e-30      0.00 7.468e-01 2.528e-01 6.530e-05 1.904e-05 1.655e-04 -1.000 3.811e-04 0.386 1.181 0.591 0.339 0.283 0.277 0.282
0.00034781 -1.65000 10.07918 0.8071959615 2.4212152442    0.742  1.759  3.7822  2.631    4  0.000  0.527     0.00     0.00     0.00     0.00     0.00 -1    -1e-30      0.00 7.468e-01 2.528e-01 6.530e-05 1.904e-05 1.655e-04 -1.000 3.812e-04 0.373 1.193 0.594 0.326 0.262 0.251 0.256
0.00034781 -1.65000 10.07918 0.8072440624 2.4212317221    0.743  1.764  3.7783  2.610    4  0.000  0.527     0.00     0.00     0.00     0.00     0.00 -1    -1e-30      0.00 7.468e-01 2.528e-01 6.530e-05 1.904e-05 1.655e-04 -1.000 3.811e-04 0.360 1.203 0.596 0.313 0.242 0.228 0.231
0.00034781 -1.65000 10.07918 0.8072937131 2.4212487286    0.743  1.770  3.7742  2.588    4  0.000  0.527     0.00     0.00     0.00     0.00     0.00 -1    -1e-30      0.00 7.468e-01 2.528e-01 6.530e-05 1.904e-05 1.655e-04 -1.000 3.811e-04 0.346 1.215 0.596 0.299 0.220 0.203 0.204
0.00034781 -1.65000 10.07918 0.8073424697 2.4212654264    0.743  1.775  3.7708  2.569    4  0.000  0.527     0.00     0.00     0.00     0.00     0.00 -1    -1e-30      0.00 7.468e-01 2.528e-01 6.530e-05 1.904e-05 1.655e-04 -1.000 3.811e-04 0.332 1.223 0.595 0.284 0.200 0.179 0.179
0.00034781 -1.65000 10.07918 0.8073917031 2.4212822852    0.743  1.781  3.7676  2.550    4  0.000  0.527     0.00     0.00     0.00     0.00     0.00 -1    -1e-30      0.00 7.468e-01 2.528e-01 6.530e-05 1.904e-05 1.655e-04 -1.000 3.811e-04 0.317 1.229 0.592 0.270 0.180 0.156 0.154
0.00034781 -1.65000 10.07918 0.8074409962 2.4212991620    0.743  1.788  3.7645  2.531    4  0.000  0.527     0.00     0.00     0.00     0.00     0.00 -1    -1e-30      0.00 7.468e-01 2.528e-01 6.530e-05 1.904e-05 1.655e-04 -1.000 3.811e-04 0.301 1.233 0.587 0.254 0.158 0.131 0.129
0.00034781 -1.65000 10.07918 0.8074905872 2.4213161385    0.743  1.796  3.7611  2.509    4  0.000  0.527     0.00     0.00     0.00     0.00     0.00 -1    -1e-30      0.00 7.468e-01 2.528e-01 6.530e-05 1.904e-05 1.655e-04 -1.000 3.811e-04 0.280 1.233 0.578 0.233 0.132 0.102 0.098
0.00034781 -1.65000 10.07918 0.8075004816 2.4213195254    0.743  1.793  3.7625  2.518    4  0.000  0.527     0.00     0.00     0.00     0.00     0.00 -1    -1e-30      0.00 7.468e-01 2.528e-01 6.530e-05 1.904e-05 1.655e-04 -1.000 3.811e-04 0.288 1.233 0.581 0.241 0.143 0.114 0.110
0.00034781 -1.65000 10.07918 0.8075513840 2.4213369477    0.743  1.805  3.7580  2.488    4  0.000  0.527     0.00     0.00     0.00     0.00     0.00 -1    -1e-30      0.00 7.468e-01 2.528e-01 6.530e-05 1.904e-05 1.655e-04 -1.000 3.812e-04 0.257 1.233 0.568 0.211 0.105 0.071 0.066
0.00034781 -1.65000 10.07918 0.8076014519 2.4213540821    0.743  1.821  3.7534  2.453    4  0.000  0.527     0.00     0.00     0.00     0.00     0.00 -1    -1e-30      0.00 7.468e-01 2.528e-01 6.530e-05 1.904e-05 1.655e-04 -1.000 3.811e-04 0.217 1.227 0.546 0.172 0.057 0.019 0.012
0.00034781 -1.65000 10.07918 0.8076436520 2.4213685219    0.743  1.851  3.7466  2.396    4  0.000  0.527     0.00     0.00     0.00     0.00     0.00 -1    -1e-30      0.00 7.468e-01 2.528e-01 6.530e-05 1.904e-05 1.655e-04 -1.000 3.811e-04 0.141 1.203 0.496 0.097 -0.029 -0.074 -0.084
0.00034781 -1.65000 10.07918 0.8076665401 2.4213763530    0.743  1.889  3.7393  2.329    4  0.000  0.527     0.00     0.00     0.00     0.00     0.00 -1    -1e-30      0.00 7.468e-01 2.528e-01 6.530e-05 1.904e-05 1.655e-04 -1.000 3.811e-04 0.047 1.166 0.430 0.005 -0.134 -0.186 -0.200
0.00034781 -1.65000 10.07918 0.8076768517 2.4213798809    0.743  1.929  3.7327  2.263    4  0.000  0.527     0.00     0.00     0.00     0.00     0.00 -1    -1e-30      0.00 7.468e-01 2.528e-01 6.530e-05 1.904e-05 1.655e-04 -1.000 3.811e-04 -0.051 1.127 0.358 -0.092 -0.241 -0.301 -0.318
0.00034781 -1.65000 10.07918 0.8076814413 2.4213814511    0.743  1.968  3.7270  2.201    4  0.000  0.527     0.00     0.00     0.00     0.00     0.00 -1    -1e-30      0.00 7.468e-01 2.528e-01 6.530e-05 1.904e-05 1.655e-04 -1.000 3.811e-04 -0.151 1.082 0.282 -0.190 -0.349 -0.415 -0.434
0.00034781 -1.65000 10.07918 0.8076836467 2.4213822056    0.743  2.006  3.7224  2.144    4  0.000  0.527     0.00     0.00     0.00     0.00     0.00 -1    -1e-30      0.00 7.468e-01 2.528e-01 6.530e-05 1.904e-05 1.655e-04 -1.000 3.811e-04 -0.245 1.034 0.208 -0.282 -0.449 -0.520 -0.541
0.00034781 -1.65000 10.07918 0.8076844811 2.4213824911    0.743  2.030  3.7198  2.111    7  0.000  0.527     0.00     0.00     0.00     0.00     0.00 -1    -1e-30      0.00 7.468e-01 2.528e-01 6.530e-05 1.904e-05 1.655e-04 -1.000 3.811e-04 -0.304 1.001 0.161 -0.340 -0.511 -0.585 -0.607
0.00034781 -1.65000 10.07918 0.8076855540 2.4213828581    0.743  2.068  3.7162  2.058    7  0.000  0.527     0.00     0.00     0.00     0.00     0.00 -1    -1e-30      0.00 7.468e-01 2.528e-01 6.530e-05 1.904e-05 1.655e-04 -1.000 3.811e-04 -0.401 0.944 0.081 -0.434 -0.611 -0.690 -0.714
0.00034781 -1.65000 10.07918 0.8076865673 2.4213832048    0.743  2.106  3.7130  2.007    7  0.000  0.527     0.00     0.00     0.00     0.00     0.00 -1    -1e-30      0.00 7.468e-01 2.528e-01 6.530e-05 1.904e-05 1.655e-04 -1.000 3.811e-04 -0.495 0.886 0.002 -0.526 -0.709 -0.791 -0.817
0.00034781 -1.65000 10.07918 0.8076874614 2.4213835107    0.743  2.132  3.7110  1.973    7  0.000  0.527     0.00     0.00     0.00     0.00     0.00 -1    -1e-30      0.00 7.468e-01 2.528e-01 6.530e-05 1.904e-05 1.655e-04 -1.000 3.811e-04 -0.561 0.845 -0.053 -0.590 -0.777 -0.861 -0.888
0.00034781 -1.65000 10.07918 0.8076884151 2.4213838369    0.743  2.152  3.7095  1.947    7  0.000  0.527     0.00     0.00     0.00     0.00     0.00 -1    -1e-30      0.00 7.468e-01 2.528e-01 6.530e-05 1.904e-05 1.655e-04 -1.000 3.811e-04 -0.611 0.814 -0.096 -0.639 -0.829 -0.915 -0.942
0.00034781 -1.65000 10.07918 0.8076897860 2.4213843059    0.743  2.164  3.7087  1.932    7  0.000  0.527     0.00     0.00     0.00     0.00     0.00 -1    -1e-30      0.00 7.468e-01 2.528e-01 6.530e-05 1.904e-05 1.655e-04 -1.000 3.811e-04 -0.640 0.795 -0.121 -0.668 -0.858 -0.946 -0.974
0.00034781 -1.65000 10.07918 0.8076924682 2.4213852235    0.743  2.154  3.7095  1.945    7  0.000  0.527     0.00     0.00     0.00     0.00     0.00 -1    -1e-30      0.00 7.468e-01 2.528e-01 6.530e-05 1.904e-05 1.655e-04 -1.000 3.811e-04 -0.615 0.809 -0.100 -0.644 -0.833 -0.920 -0.947
0.00034781 -1.65000 10.07918 0.8076968193 2.4213867121    0.743  2.138  3.7107  1.965    7  0.000  0.527     0.00     0.00     0.00     0.00     0.00 -1    -1e-30      0.00 7.468e-01 2.528e-01 6.530e-05 1.904e-05 1.655e-04 -1.000 3.811e-04 -0.576 0.834 -0.067 -0.606 -0.793 -0.878 -0.905
0.00034781 -1.65000 10.07918 0.8077232838 2.4213957654    0.743  2.155  3.7091  1.942    7  0.000  0.527     0.00     0.00     0.00     0.00     0.00 -1    -1e-30      0.00 7.468e-01 2.528e-01 6.530e-05 1.904e-05 1.655e-04 -1.000 3.811e-04 -0.618 0.812 -0.101 -0.646 -0.836 -0.923 -0.951
0.00034781 -1.65000 10.07918 0.8077394366 2.4214012908    0.743  2.176  3.7074  1.915    7  0.000  0.527     0.00     0.00     0.00     0.00     0.00 -1    -1e-30      0.00 7.468e-01 2.528e-01 6.530e-05 1.904e-05 1.655e-04 -1.000 3.811e-04 -0.670 0.783 -0.143 -0.696 -0.890 -0.978 -1.007
0.00034781 -1.65000 10.07918 0.8077589273 2.4214079576    0.743  2.218  3.7041  1.860    7  0.000  0.527     0.00     0.00     0.00     0.00     0.00 -1    -1e-30      0.00 7.468e-01 2.528e-01 6.530e-05 1.904e-05 1.655e-04 -1.000 3.811e-04 -0.775 0.723 -0.230 -0.798 -0.997 -1.090 -1.121
0.00034781 -1.65000 10.07918 0.8077788353 2.4214147668    0.743  2.265  3.7006  1.798    7  0.000  0.527     0.00     0.00     0.00     0.00     0.00 -1    -1e-30      0.00 7.468e-01 2.528e-01 6.530e-05 1.904e-05 1.655e-04 -1.000 3.811e-04 -0.893 0.652 -0.329 -0.914 -1.119 -1.217 -1.249
0.00034781 -1.65000 10.07918 0.8077967763 2.4214209029    0.743  2.310  3.6975  1.741    7  0.000  0.527     0.00     0.00     0.00     0.00     0.00 -1    -1e-30      0.00 7.468e-01 2.528e-01 6.530e-05 1.904e-05 1.655e-04 -1.000 3.811e-04 -1.005 0.588 -0.422 -1.022 -1.233 -1.334 -1.369
0.00034781 -1.65000 10.07918 0.8078126311 2.4214263253    0.743  2.353  3.6945  1.686    7  0.000  0.527     0.00     0.00     0.00     0.00     0.00 -1    -1e-30      0.00 7.468e-01 2.528e-01 6.529e-05 1.904e-05 1.655e-04 -1.000 3.715e-04 -1.112 0.526 -0.511 -1.125 -1.342 -1.447 -1.483
0.00034781 -1.65000 10.07918 0.8078266382 2.4214311155    0.743  2.395  3.6916  1.632    7  0.000  0.527     0.00     0.00     0.00     0.00     0.00 -1    -1e-30      0.00 7.468e-01 2.528e-01 6.528e-05 1.904e-05 1.655e-04 -1.000 3.685e-04 -1.218 0.465 -0.598 -1.227 -1.449 -1.558 -1.596
0.00034781 -1.65000 10.07918 0.8078389764 2.4214353348    0.743  2.437  3.6887  1.579    7  0.000  0.526     0.00     0.00     0.00     0.00     0.00 -1    -1e-30      0.00 7.468e-01 2.528e-01 6.521e-05 1.907e-05 1.655e-04 -1.000 3.685e-04 -1.323 0.406 -0.684 -1.327 -1.555 -1.668 -1.707
0.00034781 -1.65000 10.07918 0.8078498840 2.4214390648    0.743  2.478  3.6858  1.526    7  0.000  0.523     0.00     0.00     0.00     0.00     0.00 -1    -1e-30      0.00 7.468e-01 2.528e-01 6.495e-05 1.923e-05 1.655e-04 -1.000 3.696e-04 -1.426 0.351 -0.768 -1.425 -1.659 -1.775 -1.817
0.00034781 -1.65000 10.07918 0.8078597784 2.4214424482    0.743  2.520  3.6830  1.473    7  0.000  0.516     6.93     5.51     3.90     3.02     2.45  3    -1e-30      0.00 7.468e-01 2.528e-01 6.432e-05 1.976e-05 1.655e-04 -1.000 3.812e-04 -1.531 0.316 -0.850 -1.527 -1.766 -1.887 -1.930
0.00034781 -1.65000 10.07918 0.8078688383 2.4214455461    0.743  2.562  3.6801  1.419    7  0.000  0.506     7.76     6.07     4.28     3.32     2.69  3    -1e-30      0.00 7.468e-01 2.529e-01 6.319e-05 2.093e-05 1.656e-04 -1.000 3.812e-04 -1.635 0.288 -0.931 -1.630 -1.875 -1.999 -2.043
0.00034781 -1.65000 10.07918 0.8078773022 2.4214484402    0.743  2.605  3.6771  1.365    7  0.000  0.493     8.72     6.69     4.70     3.65     2.96  3    -1e-30      0.00 7.467e-01 2.529e-01 6.168e-05 2.270e-05 1.656e-04 -1.000 3.812e-04 -1.742 0.269 -1.008 -1.733 -1.984 -2.112 -2.159
0.00034781 -1.65000 10.07918 0.8078851700 2.4214511304    0.743  2.647  3.6741  1.310    7  0.000  0.481     9.79     7.39     5.17     4.02     3.25  3    -1e-30      0.00 7.466e-01 2.530e-01 6.016e-05 2.455e-05 1.656e-04 -1.000 3.659e-04 -1.848 0.257 -1.083 -1.836 -2.094 -2.225 -2.274
0.00034781 -1.65000 10.07918 0.8078926802 2.4214536982    0.743  2.690  3.6710  1.255    7  0.000  0.470    11.00     8.15     5.68     4.43     3.58  2    -1e-30      0.00 7.465e-01 2.531e-01 5.880e-05 2.621e-05 1.656e-04 -1.000 3.811e-04 -1.954 0.253 -1.155 -1.938 -2.203 -2.339 -2.390
0.00034781 -1.65000 10.07918 0.8078998923 2.4214561642    0.743  2.732  3.6680  1.201    7  0.000  0.461    12.35     9.00     6.24     4.87     3.94  2    -1e-30      0.00 7.464e-01 2.532e-01 5.764e-05 2.764e-05 1.655e-04 -1.000 3.812e-04 -2.060 0.258 -1.224 -2.039 -2.311 -2.451 -2.504
0.00034781 -1.65000 10.07918 0.8079067469 2.4214585077    0.743  2.774  3.6649  1.147    7  0.000  0.453    13.87     9.93     6.85     5.36     4.34  2    -1e-30      0.00 7.463e-01 2.533e-01 5.666e-05 2.885e-05 1.655e-04 -1.000 3.811e-04 -2.166 0.269 -1.290 -2.138 -2.419 -2.564 -2.618
0.00034781 -1.65000 10.07918 0.8079130054 2.4214606475    0.743  2.817  3.6618  1.092    7  0.000  0.446    15.58    10.96     7.53     5.90     4.78  2    -1e-30      0.00 7.462e-01 2.534e-01 5.579e-05 2.991e-05 1.655e-04 -1.000 3.812e-04 -2.271 0.290 -1.352 -2.238 -2.527 -2.676 -2.733
0.00034781 -1.65000 10.07918 0.8079181910 2.4214624204    0.743  2.856  3.6589  1.040    7  0.000  0.441    17.38    12.03     8.23     6.45     5.23  2    -1e-30      0.00 7.461e-01 2.535e-01 5.510e-05 3.076e-05 1.654e-04 -1.000 3.812e-04 -2.370 0.320 -1.405 -2.329 -2.627 -2.781 -2.840
0.00034781 -1.65000 10.07918 0.8079225421 2.4214639080    0.743  2.896  3.6559  0.989    7  0.000  0.437    19.38    13.20     8.99     7.06     5.72  2    -1e-30      0.00 7.459e-01 2.537e-01 5.451e-05 3.150e-05 1.653e-04 -1.000 3.812e-04 -2.469 0.328 -1.462 -2.417 -2.723 -2.882 -2.944
0.00034781 -1.65000 10.07918 0.8079262376 2.4214651714    0.743  2.936  3.6529  0.937    7  0.000  0.433    21.65    14.50     9.84     7.73     6.27  2    -1e-30      0.00 7.458e-01 2.539e-01 5.397e-05 3.218e-05 1.652e-04 -1.000 3.660e-04 -2.569 0.332 -1.517 -2.503 -2.820 -2.985 -3.049
0.00034781 -1.65000 10.07918 0.8079298139 2.4214663941    0.743  2.979  3.6495  0.880    7  0.000  0.429    24.43    16.07    10.85     8.54     6.93  1    -1e-30      0.00 7.456e-01 2.540e-01 5.347e-05 3.284e-05 1.651e-04 -1.000 3.812e-04 -2.677 0.338 -1.575 -2.597 -2.924 -3.095 -3.163
0.00034781 -1.65000 10.07918 0.8079333305 2.4214675964    0.743  3.025  3.6460  0.820    7  0.000  0.427    27.78    17.92    12.04     9.50     7.70  1    -1e-30      0.00 7.455e-01 2.542e-01 5.307e-05 3.339e-05 1.649e-04 -1.000 3.811e-04 -2.792 0.345 -1.635 -2.694 -3.033 -3.211 -3.282
0.00034781 -1.65000 10.07918 0.8079364896 2.4214686763    0.743  3.073  3.6422  0.757    7  0.000  0.425    31.77    20.08    13.43    10.61     8.60  1    -1e-30      0.00 7.453e-01 2.543e-01 5.275e-05 3.390e-05 1.646e-04 -1.000 3.811e-04 -2.912 0.354 -1.697 -2.795 -3.147 -3.332 -3.406
0.00034781 -1.65000 10.07918 0.8079375625 2.4214690431    0.743  3.099  3.6400  0.722    7  0.000  0.424    34.22    21.39    14.26    11.28     9.15  1    -1e-30      0.00 7.453e-01 2.543e-01 5.262e-05 3.412e-05 1.645e-04 -1.000 3.811e-04 -2.978 0.362 -1.729 -2.849 -3.209 -3.398 -3.474
0.00034781 -1.65000 10.07918 0.8079378009 2.4214691246    0.743  3.117  3.6386  0.698    7  0.000  0.424    35.98    22.32    14.86    11.75     9.54  1    -1e-30      0.00 7.452e-01 2.544e-01 5.255e-05 3.430e-05 1.644e-04 -1.000 3.812e-04 -3.023 0.366 -1.750 -2.886 -3.251 -3.443 -3.520
0.00034781 -1.65000 10.07918 0.8079380989 2.4214692265    0.743  3.140  3.6369  0.668    7  0.000  0.423    38.34    23.56    15.65    12.39    10.05  1    -1e-30      0.00 7.451e-01 2.545e-01 5.243e-05 3.461e-05 1.642e-04 -1.000 3.811e-04 -3.080 0.371 -1.776 -2.932 -3.303 -3.500 -3.578
0.00034781 -1.65000 10.07918 0.8079385757 2.4214693895    0.743  3.171  3.6343  0.627    7  0.000  0.422    41.89    25.40    16.81    13.32    10.81  1    -1e-30      0.00 7.449e-01 2.547e-01 5.212e-05 3.527e-05 1.638e-04 -1.000 3.811e-04 -3.159 0.382 -1.810 -2.995 -3.376 -3.577 -3.658
0.00034781 -1.65000 10.07918 0.8079388142 2.4214694710    0.743  3.336  3.6209  0.409    8  0.538  0.406    66.58    37.65    24.48    19.52    15.85  1 -7.79e-07      0.00 7.377e-01 2.620e-01 4.912e-05 4.395e-05 1.645e-04 -1.000 2.895e-04 -3.569 0.432 -1.964 -3.312 -3.748 -3.980 -4.073
0.00034781 -1.65000 10.07918 0.8079388738 2.4214694914    0.742  3.162  3.6339  0.634    8  0.538  0.398    41.23    25.06    16.59    13.15    10.67  1 -3.53e-07      0.00 7.377e-01 2.620e-01 4.912e-05 4.395e-05 1.645e-04 -1.000 2.895e-04 -3.135 0.408 -1.784 -2.970 -3.351 -3.553 -3.634
0.00034781 -1.65000 10.07918 0.8079389930 2.4214695322    0.741  3.014  3.6464  0.831    8  0.538  0.398    27.10    17.54    11.80     9.31     7.54  1 -1.81e-07      0.00 7.377e-01 2.620e-01 4.912e-05 4.395e-05 1.645e-04 -1.000 2.894e-04 -2.765 0.355 -1.615 -2.669 -3.007 -3.184 -3.254
0.00034781 -1.65000 10.07918 0.8079391718 2.4214695933    0.739  2.816  3.6630  1.095    8  0.538  0.398    15.46    10.89     7.49     5.86     4.75  2  -7.5e-08      0.00 7.377e-01 2.620e-01 4.912e-05 4.395e-05 1.645e-04 -1.000 2.895e-04 -2.269 0.253 -1.364 -2.238 -2.524 -2.672 -2.728
0.00034781 -1.65000 10.07918 0.8079394102 2.4214696748    0.735  2.821  3.6624  1.085    8  0.538  0.398    15.77    11.07     7.61     5.96     4.82  2 -7.78e-08      0.00 7.377e-01 2.620e-01 4.912e-05 4.395e-05 1.645e-04 -1.000 2.895e-04 -2.283 0.262 -1.370 -2.251 -2.539 -2.688 -2.744
0.00034781 -1.65000 10.07918 0.8079397082 2.4214697767    0.731  2.918  3.6542  0.952    8  0.539  0.398    20.86    14.04     9.54     7.50     6.08  2 -1.22e-07      0.00 7.377e-01 2.620e-01 4.912e-05 4.395e-05 1.645e-04 -1.000 2.895e-04 -2.525 0.337 -1.490 -2.465 -2.777 -2.940 -3.003
0.00034781 -1.65000 10.07918 0.8079401255 2.4214699193    0.725  3.082  3.6403  0.729    8  0.539  0.398    33.50    20.97    13.99    11.07     8.98  1 -2.61e-07      0.00 7.377e-01 2.620e-01 4.912e-05 4.395e-05 1.645e-04 -1.000 2.895e-04 -2.935 0.394 -1.691 -2.808 -3.167 -3.356 -3.431
0.00034781 -1.65000 10.07918 0.8079406023 2.4214700824    0.719  3.225  3.6281  0.534    8  0.539  0.398    50.75    29.81    19.58    15.57    12.64  1 -5.14e-07      0.00 7.377e-01 2.620e-01 4.912e-05 4.395e-05 1.645e-04 -1.000 2.894e-04 -3.294 0.457 -1.836 -3.090 -3.494 -3.709 -3.795
0.00034781 -1.65000 10.07918 0.8079411387 2.4214702657    0.712  3.321  3.6199  0.401    8  0.540  0.398    67.16    37.76    24.53    19.58    15.90  1 -8.16e-07      0.00 7.377e-01 2.620e-01 4.912e-05 4.395e-05 1.645e-04 -1.000 2.894e-04 -3.532 0.498 -1.908 -3.266 -3.706 -3.941 -4.035
0.00034781 -1.65000 10.07918 0.8079417348 2.4214704695    0.704  3.374  3.6153  0.325    8  0.540  0.398    78.89    43.23    27.90    22.33    18.14  1 -1.07e-06      0.00 7.377e-01 2.620e-01 4.912e-05 4.395e-05 1.645e-04 -1.000 2.894e-04 -3.664 0.517 -1.936 -3.357 -3.820 -4.067 -4.166
0.00034781 -1.65000 10.07918 0.8079423904 2.4214706937    0.695  3.401  3.6127  0.282    8  0.541  0.398    86.34    46.59    29.96    24.02    19.51  1 -1.26e-06      0.00 7.377e-01 2.620e-01 4.912e-05 4.395e-05 1.645e-04 -1.000 2.894e-04 -3.733 0.531 -1.947 -3.403 -3.879 -4.133 -4.235
0.00034781 -1.65000 10.07918 0.8079431057 2.4214709382    0.686  3.419  3.6110  0.251    8  0.541  0.398    92.00    49.08    31.48    25.26    20.52  1 -1.42e-06      0.00 7.377e-01 2.620e-01 4.912e-05 4.395e-05 1.645e-04 -1.000 2.894e-04 -3.778 0.544 -1.951 -3.431 -3.917 -4.176 -4.279
0.00034781 -1.65000 10.07918 0.8079462051 2.4214719978    0.542 -9.999  4.0000  1.775    9  0.543  0.000     0.00     0.00     0.00     0.00     0.00 -1    -1e-30      0.00 7.377e-01 2.620e-01 4.912e-05 4.395e-05 1.645e-04 -1.000 2.895e-04 29.767 30.103 29.965 30.243 30.472 30.552 30.641
