# Zini     MH   logAge Mini        int_IMF         Mass   logL    logTe  logg  label   McoreTP C_O  period0  period1  period2  period3  period4  pmode  Mloss  tau1m   X   Y   Xc  Xn  Xo  Cexcess  Z 	 mbolmag  umag    gmag    rmag    imag    zmag    Ymag
0.00017443 -1.95000 10.03342 0.0919735953 1.1003306528    0.092 -3.120  3.5015  5.479    1  0.000  0.545     0.00     0.00     0.00     0.00     0.00 -1 -5.73e-17      0.00 7.481e-01 2.517e-01 3.241e-05 8.745e-06 7.931e-05 -1.000 1.803e-04 12.569 17.580 15.400 13.534 12.304 11.889 11.787
0.00017443 -1.95000 10.03342 0.0998252183 1.1696447294    0.100 -2.851  3.5402  5.400    1  0.000  0.545     0.00     0.00     0.00     0.00     0.00 -1 -1.12e-16      0.00 7.463e-01 2.535e-01 3.241e-05 8.745e-06 7.931e-05 -1.000 1.803e-04 11.897 16.453 14.125 12.459 11.647 11.314 11.211
0.00017443 -1.95000 10.03342 0.1019383520 1.1870970772    0.102 -2.782  3.5500  5.380    1  0.000  0.545     0.00     0.00     0.00     0.00     0.00 -1 -1.33e-16      0.00 7.458e-01 2.540e-01 3.241e-05 8.745e-06 7.932e-05 -1.000 1.802e-04 11.725 16.096 13.806 12.201 11.476 11.162 11.061
0.00017443 -1.95000 10.03342 0.1032529995 1.1977191718    0.103 -2.762  3.5521  5.373    1  0.000  0.545     0.00     0.00     0.00     0.00     0.00 -1 -1.39e-16      0.00 7.456e-01 2.542e-01 3.241e-05 8.745e-06 7.932e-05 -1.000 1.802e-04 11.674 16.001 13.724 12.134 11.426 11.115 11.014
0.00017443 -1.95000 10.03342 0.1218678653 1.3315026885    0.122 -2.498  3.5792  5.290    1  0.000  0.545     0.00     0.00     0.00     0.00     0.00 -1 -2.59e-16      0.00 7.429e-01 2.569e-01 3.241e-05 8.745e-06 7.932e-05 -1.000 1.802e-04 11.015 14.748 12.689 11.296 10.766 10.500 10.408
0.00017443 -1.95000 10.03342 0.1417973787 1.4480672213    0.142 -2.319  3.5932  5.233    1  0.000  0.545     0.00     0.00     0.00     0.00     0.00 -1 -3.88e-16      0.00 7.409e-01 2.589e-01 3.241e-05 8.745e-06 7.932e-05 -1.000 1.802e-04 10.566 13.983 12.067 10.790 10.316 10.071 9.985
0.00017443 -1.95000 10.03342 0.1617268920 1.5450688191    0.162 -2.178  3.6024  5.186    1  0.000  0.545     0.00     0.00     0.00     0.00     0.00 -1 -5.29e-16      0.00 7.397e-01 2.601e-01 3.241e-05 8.745e-06 7.932e-05 -1.000 1.802e-04 10.216 13.443 11.612 10.408 9.964 9.732 9.651
0.00017443 -1.95000 10.03342 0.2015859336 1.6992318025    0.201 -1.961  3.6143  5.113    1  0.000  0.545     0.00     0.00     0.00     0.00     0.00 -1  -8.5e-16      0.00 7.389e-01 2.610e-01 3.241e-05 8.745e-06 7.932e-05 -1.000 1.802e-04 9.674 12.664 10.941 9.827 9.417 9.203 9.128
0.00017443 -1.95000 10.03342 0.2514097095 1.8438909636    0.251 -1.762  3.6251  5.052    1  0.000  0.545     0.00     0.00     0.00     0.00     0.00 -1 -1.29e-15      0.00 7.390e-01 2.608e-01 3.241e-05 8.746e-06 7.932e-05 -1.000 1.803e-04 9.174 11.966 10.333 9.295 8.913 8.715 8.646
0.00017443 -1.95000 10.03342 0.3012335300 1.9553776836    0.301 -1.608  3.6340  5.013    1  0.000  0.545     0.00     0.00     0.00     0.00     0.00 -1 -1.76e-15      0.00 7.391e-01 2.607e-01 3.240e-05 8.746e-06 7.932e-05 -1.000 1.802e-04 8.791 11.425 9.863 8.885 8.526 8.341 8.277
0.00017443 -1.95000 10.03342 0.3510572612 2.0451469002    0.351 -1.482  3.6422  4.986    1  0.000  0.544     0.00     0.00     0.00     0.00     0.00 -1 -2.25e-15      0.00 7.392e-01 2.607e-01 3.238e-05 8.747e-06 7.932e-05 -1.000 1.802e-04 8.474 10.974 9.474 8.547 8.207 8.034 7.974
0.00017443 -1.95000 10.03342 0.3988158703 2.1168678080    0.399 -1.362  3.6508  4.956    1  0.000  0.545     0.00     0.00     0.00     0.00     0.00 -1 -2.87e-15      0.00 7.498e-01 2.500e-01 3.241e-05 8.745e-06 7.931e-05 -1.000 1.803e-04 8.176 10.538 9.103 8.226 7.906 7.745 7.690
0.00017443 -1.95000 10.03342 0.4008810520 2.1197145977    0.401 -1.358  3.6512  4.955    1  0.000  0.545     0.00     0.00     0.00     0.00     0.00 -1  -2.9e-15      0.00 7.503e-01 2.496e-01 3.241e-05 8.745e-06 7.931e-05 -1.000 1.802e-04 8.164 10.521 9.088 8.213 7.894 7.733 7.678
0.00017443 -1.95000 10.03342 0.4507048726 2.1831133537    0.450 -1.204  3.6660  4.912    1  0.000  0.545     0.00     0.00     0.00     0.00     0.00 -1 -4.09e-15      0.00 7.507e-01 2.491e-01 3.241e-05 8.745e-06 7.931e-05 -1.000 1.802e-04 7.781 9.904 8.590 7.797 7.510 7.369 7.323
0.00017443 -1.95000 10.03342 0.5005286336 2.2379984371    0.500 -1.034  3.6835  4.857    1  0.000  0.545     0.00     0.00     0.00     0.00     0.00 -1 -6.12e-15      0.00 7.510e-01 2.488e-01 3.239e-05 8.739e-06 7.926e-05 -1.000 1.803e-04 7.355 9.211 8.043 7.339 7.088 6.970 6.933
0.00017443 -1.95000 10.03342 0.5503525138 2.2839498965    0.550 -0.835  3.7034  4.778    1  0.000  0.544     0.00     0.00     0.00     0.00     0.00 -1 -1.01e-14      0.00 7.814e-01 2.185e-01 2.868e-05 7.741e-06 7.024e-05 -1.000 1.000e-04 6.856 8.436 7.432 6.817 6.602 6.509 6.482
0.00017443 -1.95000 10.03342 0.5833682418 2.3094781833    0.583 -0.699  3.7199  4.734    1  0.000  0.544     0.00     0.00     0.00     0.00     0.00 -1 -1.41e-14      0.00 7.889e-01 2.109e-01 2.779e-05 7.505e-06 6.812e-05 -1.000 1.539e-04 6.517 7.896 7.014 6.467 6.281 6.207 6.188
0.00017443 -1.95000 10.03342 0.6001762152 2.3212407025    0.600 -0.632  3.7280  4.712    1  0.000  0.544     0.00     0.00     0.00     0.00     0.00 -1 -1.66e-14      0.00 7.927e-01 2.071e-01 2.735e-05 7.388e-06 6.706e-05 -1.000 1.766e-04 6.351 7.642 6.814 6.299 6.127 6.062 6.047
0.00017443 -1.95000 10.03342 0.6134606004 2.3300147885    0.613 -0.576  3.7356  4.695    1  0.000  0.544     0.00     0.00     0.00     0.00     0.00 -1 -1.91e-14      0.00 7.965e-01 2.034e-01 2.692e-05 7.272e-06 6.602e-05 -1.000 1.448e-04 6.209 7.425 6.644 6.157 5.997 5.941 5.929
0.00017443 -1.95000 10.03342 0.6262919903 2.3380845501    0.626 -0.521  3.7429  4.679    1  0.000  0.543     0.00     0.00     0.00     0.00     0.00 -1 -2.19e-14      0.00 8.003e-01 1.995e-01 2.647e-05 7.153e-06 6.495e-05 -1.000 1.408e-04 6.072 7.220 6.481 6.021 5.873 5.825 5.816
0.00017443 -1.95000 10.03342 0.6377436519 2.3449721177    0.637 -0.471  3.7494  4.664    1  0.000  0.543     0.00     0.00     0.00     0.00     0.00 -1 -2.47e-14      0.00 8.040e-01 1.959e-01 2.605e-05 7.041e-06 6.394e-05 -1.000 1.522e-04 5.949 7.041 6.337 5.901 5.764 5.722 5.717
0.00017443 -1.95000 10.03342 0.6479448676 2.3508724023    0.648 -0.427  3.7552  4.649    1  0.000  0.543     0.00     0.00     0.00     0.00     0.00 -1 -2.76e-14      0.00 8.074e-01 1.925e-01 2.566e-05 6.936e-06 6.301e-05 -1.000 1.537e-04 5.838 6.883 6.209 5.795 5.668 5.632 5.629
0.00017443 -1.95000 10.03342 0.6499999762 2.3520353107    0.650 -0.418  3.7563  4.646    1  0.000  0.543     0.00     0.00     0.00     0.00     0.00 -1 -2.82e-14      0.00 8.081e-01 1.918e-01 2.558e-05 6.915e-06 6.281e-05 -1.000 1.456e-04 5.815 6.851 6.183 5.773 5.648 5.613 5.610
0.00017443 -1.95000 10.03342 0.6562306881 2.3555098976    0.656 -0.391  3.7596  4.636    1  0.000  0.543     0.00     0.00     0.00     0.00     0.00 -1 -3.03e-14      0.00 8.108e-01 1.891e-01 2.528e-05 6.834e-06 6.209e-05 -1.000 1.279e-04 5.747 6.756 6.104 5.707 5.588 5.557 5.555
0.00017443 -1.95000 10.03342 0.6682813764 2.3620190947    0.668 -0.337  3.7660  4.616    1  0.000  0.542     0.00     0.00     0.00     0.00     0.00 -1 -3.47e-14      0.00 8.161e-01 1.837e-01 2.466e-05 6.669e-06 6.061e-05 -1.000 1.665e-04 5.613 6.578 5.954 5.580 5.471 5.446 5.447
0.00017443 -1.95000 10.03342 0.6789891720 2.3675805367    0.679 -0.289  3.7715  4.597    1  0.000  0.542     0.00     0.00     0.00     0.00     0.00 -1 -3.93e-14      0.00 8.212e-01 1.786e-01 2.407e-05 6.512e-06 5.920e-05 -1.000 1.803e-04 5.492 6.421 5.820 5.466 5.365 5.345 5.348
0.00017443 -1.95000 10.03342 0.6895009875 2.3728474115    0.689 -0.241  3.7769  4.577    1  0.000  0.542     0.00     0.00     0.00     0.00     0.00 -1 -4.46e-14      0.00 8.266e-01 1.732e-01 2.345e-05 6.348e-06 5.773e-05 -1.000 1.750e-04 5.371 6.269 5.687 5.351 5.259 5.244 5.249
0.00017443 -1.95000 10.03342 0.6995007396 2.3776891352    0.699 -0.194  3.7819  4.556    1  0.000  0.541     0.00     0.00     0.00     0.00     0.00 -1 -5.01e-14      0.00 8.321e-01 1.677e-01 2.282e-05 6.182e-06 5.623e-05 -1.000 1.690e-04 5.254 6.123 5.558 5.241 5.155 5.146 5.153
0.00017443 -1.95000 10.03342 0.6999999881 2.3779266974    0.700 -0.191  3.7821  4.555    1  0.000  0.541     0.00     0.00     0.00     0.00     0.00 -1 -5.09e-14      0.00 8.324e-01 1.675e-01 2.279e-05 6.173e-06 5.616e-05 -1.000 1.664e-04 5.248 6.116 5.552 5.235 5.150 5.141 5.148
0.00017443 -1.95000 10.03342 0.7097645998 2.3824959259    0.709 -0.144  3.7867  4.532    1  0.000  0.539     0.00     0.00     0.00     0.00     0.00 -1 -5.79e-14      0.00 8.380e-01 1.619e-01 2.213e-05 6.011e-06 5.473e-05 -1.000 9.604e-05 5.130 5.974 5.423 5.122 5.045 5.040 5.049
0.00017443 -1.95000 10.03342 0.7203041911 2.3872682660    0.720 -0.091  3.7916  4.504    1  0.000  0.537     0.00     0.00     0.00     0.00     0.00 -1  -6.7e-14      0.00 8.438e-01 1.561e-01 2.147e-05 5.851e-06 5.331e-05 -1.000 1.344e-04 4.996 5.817 5.279 4.996 4.926 4.926 4.936
0.00017443 -1.95000 10.03342 0.7302401066 2.3916224932    0.730 -0.038  3.7960  4.475    1  0.000  0.535     0.00     0.00     0.00     0.00     0.00 -1 -7.76e-14      0.00 8.488e-01 1.511e-01 2.091e-05 5.717e-06 5.215e-05 -1.000 1.144e-04 4.865 5.666 5.137 4.870 4.807 4.812 4.823
0.00017443 -1.95000 10.03342 0.7389612794 2.3953336209    0.739  0.010  3.7999  4.448    1  0.000  0.533     0.00     0.00     0.00     0.00     0.00 -1  -8.9e-14      0.00 8.528e-01 1.471e-01 2.049e-05 5.617e-06 5.127e-05 -1.000 1.018e-04 4.744 5.527 5.007 4.753 4.697 4.705 4.718
0.00017443 -1.95000 10.03342 0.7475724220 2.3989003981    0.747  0.061  3.8036  4.417    1  0.000  0.531     0.00     0.00     0.00     0.00     0.00 -1 -1.03e-13      0.00 8.563e-01 1.436e-01 2.014e-05 5.535e-06 5.056e-05 -1.000 8.099e-05 4.619 5.387 4.872 4.631 4.581 4.593 4.607
0.00017443 -1.95000 10.03342 0.7500000000 2.3998889087    0.749  0.075  3.8047  4.408    1  0.000  0.530     0.00     0.00     0.00     0.00     0.00 -1 -1.07e-13      0.00 8.572e-01 1.427e-01 2.005e-05 5.515e-06 5.039e-05 -1.000 8.142e-05 4.582 5.347 4.833 4.596 4.548 4.561 4.575
0.00017443 -1.95000 10.03342 0.7575400472 2.4029128137    0.757  0.122  3.8081  4.379    1  0.000  0.530     0.00     0.00     0.00     0.00     0.00 -1 -1.23e-13      0.00 8.579e-01 1.420e-01 2.007e-05 5.525e-06 5.050e-05 -1.000 1.067e-04 4.464 5.215 4.706 4.481 4.438 4.455 4.470
0.00017443 -1.95000 10.03342 0.7650137544 2.4058425662    0.764  0.172  3.8114  4.347    1  0.000  0.529     0.00     0.00     0.00     0.00     0.00 -1 -1.43e-13      0.00 8.585e-01 1.413e-01 2.011e-05 5.537e-06 5.063e-05 -1.000 1.497e-04 4.339 5.077 4.572 4.359 4.321 4.341 4.357
0.00017443 -1.95000 10.03342 0.7740122080 2.4092838438    0.773  0.238  3.8153  4.302    1  0.000  0.529     0.00     0.00     0.00     0.00     0.00 -1 -1.73e-13      0.00 8.591e-01 1.407e-01 2.016e-05 5.554e-06 5.080e-05 -1.000 1.411e-04 4.176 4.901 4.398 4.198 4.167 4.191 4.208
0.00017443 -1.95000 10.03342 0.7823189497 2.4123799114    0.781  0.304  3.8186  4.253    1  0.000  0.529     0.00     0.00     0.00     0.00     0.00 -1 -2.12e-13      0.00 8.596e-01 1.403e-01 2.022e-05 5.572e-06 5.099e-05 -1.000 8.263e-05 4.009 4.722 4.221 4.032 4.007 4.034 4.052
0.00017443 -1.95000 10.03342 0.7878301144 2.4143926382    0.787  0.352  3.8205  4.216    1  0.000  0.528     0.00     0.00     0.00     0.00     0.00 -1 -2.46e-13      0.00 8.597e-01 1.402e-01 2.027e-05 5.588e-06 5.114e-05 -1.000 9.525e-05 3.890 4.596 4.095 3.913 3.892 3.920 3.939
0.00017443 -1.95000 10.03342 0.7930545807 2.4162709868    0.792  0.400  3.8218  4.176    1  0.000  0.528     0.00     0.00     0.00     0.00     0.00 -1 -2.87e-13      0.00 8.588e-01 1.411e-01 2.043e-05 5.631e-06 5.154e-05 -1.000 9.994e-05 3.770 4.471 3.970 3.793 3.774 3.804 3.823
0.00017443 -1.95000 10.03342 0.7973254323 2.4177854721    0.796  0.441  3.8224  4.139    1  0.000  0.528     0.00     0.00     0.00     0.00     0.00 -1 -3.31e-13      0.00 8.577e-01 1.422e-01 2.059e-05 5.678e-06 5.197e-05 -1.000 1.000e-04 3.667 4.365 3.863 3.690 3.672 3.702 3.722
0.00017443 -1.95000 10.03342 0.7990375757 2.4183873892    0.798  0.461  3.8220  4.119    1  0.000  0.528     0.00     0.00     0.00     0.00     0.00 -1 -3.53e-13      0.00 8.573e-01 1.426e-01 2.066e-05 5.696e-06 5.214e-05 -1.000 9.999e-05 3.619 4.317 3.815 3.641 3.623 3.652 3.671
0.00017443 -1.95000 10.03342 0.8000000119 2.4187244405    0.799  0.472  3.8218  4.108    1  0.000  0.528     0.00     0.00     0.00     0.00     0.00 -1 -3.66e-13      0.00 8.571e-01 1.428e-01 2.070e-05 5.706e-06 5.223e-05 -1.000 9.999e-05 3.591 4.290 3.787 3.612 3.594 3.624 3.643
0.00017443 -1.95000 10.03342 0.8025940657 2.4196282668    0.801  0.501  3.8212  4.077    1  0.000  0.528     0.00     0.00     0.00     0.00     0.00 -1 -4.04e-13      0.00 8.562e-01 1.437e-01 2.080e-05 5.733e-06 5.247e-05 -1.000 1.043e-04 3.517 4.217 3.713 3.537 3.518 3.547 3.566
0.00017443 -1.95000 10.03342 0.8068976402 2.4211129981    0.805  0.558  3.8178  4.009    1  0.000  0.529     0.00     0.00     0.00     0.00     0.00 -1 -4.96e-13      0.00 8.548e-01 1.451e-01 2.096e-05 5.777e-06 5.287e-05 -1.000 1.114e-04 3.375 4.083 3.575 3.391 3.368 3.394 3.411
0.00017443 -1.95000 10.03342 0.8076615334 2.4213746400    0.806  0.569  3.8169  3.995    1  0.000  0.529     0.00     0.00     0.00     0.00     0.00 -1 -5.18e-13      0.00 8.546e-01 1.453e-01 2.099e-05 5.785e-06 5.294e-05 -1.000 1.126e-04 3.348 4.058 3.549 3.363 3.339 3.363 3.381
0.00017443 -1.95000 10.03342 0.8083157539 2.4215982658    0.807  0.579  3.8158  3.981    2  0.000  0.529     0.00     0.00     0.00     0.00     0.00 -1 -5.41e-13      0.00 8.544e-01 1.455e-01 2.101e-05 5.791e-06 5.300e-05 -1.000 1.137e-04 3.322 4.036 3.525 3.336 3.310 3.334 3.350
0.00017443 -1.95000 10.03342 0.8105123043 2.4223460551    0.809  0.617  3.8103  3.922    2  0.000  0.529     0.00     0.00     0.00     0.00     0.00 -1 -6.28e-13      0.00 8.537e-01 1.462e-01 2.109e-05 5.814e-06 5.320e-05 -1.000 1.173e-04 3.227 3.956 3.440 3.235 3.201 3.220 3.235
0.00017443 -1.95000 10.03342 0.8121844530 2.4229122008    0.811  0.651  3.8035  3.862    2  0.000  0.529     0.00     0.00     0.00     0.00     0.00 -1 -7.27e-13      0.00 8.531e-01 1.467e-01 2.116e-05 5.831e-06 5.336e-05 -1.000 1.200e-04 3.142 3.895 3.370 3.144 3.099 3.111 3.124
0.00017443 -1.95000 10.03342 0.8134881854 2.4233517540    0.812  0.682  3.7955  3.799    2  0.000  0.529     0.00     0.00     0.00     0.00     0.00 -1 -8.38e-13      0.00 8.527e-01 1.471e-01 2.121e-05 5.844e-06 5.347e-05 -1.000 1.221e-04 3.065 3.850 3.312 3.061 3.004 3.008 3.018
0.00017443 -1.95000 10.03342 0.8145362139 2.4237039236    0.813  0.709  3.7864  3.736    2  0.000  0.529     0.00     0.00     0.00     0.00     0.00 -1 -9.59e-13      0.00 8.524e-01 1.475e-01 2.125e-05 5.855e-06 5.358e-05 -1.000 1.186e-04 2.997 3.820 3.266 2.985 2.914 2.910 2.916
0.00017443 -1.95000 10.03342 0.8154085875 2.4239962741    0.814  0.734  3.7773  3.675    2  0.000  0.529     0.00     0.00     0.00     0.00     0.00 -1 -1.09e-12      0.00 8.437e-01 1.562e-01 2.220e-05 6.113e-06 5.590e-05 -1.000 1.086e-04 2.934 3.802 3.228 2.917 2.831 2.817 2.821
0.00017443 -1.95000 10.03342 0.8161681294 2.4242502271    0.814  0.758  3.7689  3.618    2  0.000  0.532     0.00     0.00     0.00     0.00     0.00 -1 -1.23e-12      0.00 8.181e-01 1.818e-01 2.488e-05 6.833e-06 6.234e-05 -1.000 1.434e-04 2.874 3.788 3.191 2.851 2.753 2.731 2.731
0.00017443 -1.95000 10.03342 0.8168686032 2.4244839493    0.815  0.784  3.7609  3.560    2  0.000  0.534     0.00     0.00     0.00     0.00     0.00 -1  -1.4e-12      0.00 7.959e-01 2.040e-01 2.718e-05 7.448e-06 6.783e-05 -1.000 1.287e-04 2.809 3.769 3.148 2.782 2.671 2.641 2.638
0.00017443 -1.95000 10.03342 0.8175714016 2.4247179843    0.816  0.819  3.7537  3.497    2  0.000  0.536     0.00     0.00     0.00     0.00     0.00 -1 -1.62e-12      0.00 7.813e-01 2.185e-01 2.869e-05 7.850e-06 7.141e-05 -1.000 1.683e-04 2.722 3.730 3.083 2.692 2.569 2.532 2.526
0.00017443 -1.95000 10.03342 0.8181208372 2.4249006269    0.816  0.855  3.7489  3.442    2  0.000  0.536     0.00     0.00     0.00     0.00     0.00 -1 -1.87e-12      0.00 7.748e-01 2.250e-01 2.937e-05 8.033e-06 7.304e-05 -1.000 1.802e-04 2.633 3.674 3.010 2.602 2.472 2.429 2.421
0.00017443 -1.95000 10.03342 0.8186644316 2.4250810502    0.817  0.897  3.7449  3.385    2  0.000  0.536     0.00     0.00     0.00     0.00     0.00 -1 -2.21e-12      0.00 7.706e-01 2.293e-01 2.980e-05 8.148e-06 7.408e-05 -1.000 1.802e-04 2.527 3.598 2.917 2.496 2.359 2.312 2.303
0.00017443 -1.95000 10.03342 0.8187448978 2.4251077342    0.817  0.904  3.7445  3.376    2  0.000  0.536     0.00     0.00     0.00     0.00     0.00 -1 -2.27e-12      0.00 7.701e-01 2.297e-01 2.984e-05 8.160e-06 7.418e-05 -1.000 1.490e-04 2.509 3.583 2.901 2.477 2.340 2.293 2.283
0.00017443 -1.95000 10.03342 0.8191871047 2.4252542700    0.817  0.946  3.7421  3.325    3  0.000  0.537     0.00     0.00     0.00     0.00     0.00 -1 -2.64e-12      0.00 7.678e-01 2.320e-01 3.007e-05 8.219e-06 7.471e-05 -1.000 1.694e-04 2.406 3.497 2.805 2.374 2.233 2.183 2.173
0.00017443 -1.95000 10.03342 0.8196756840 2.4254159610    0.818  0.994  3.7397  3.267    3  0.000  0.537     0.00     0.00     0.00     0.00     0.00 -1 -3.15e-12      0.00 7.655e-01 2.344e-01 3.026e-05 8.270e-06 7.517e-05 -1.000 1.690e-04 2.285 3.392 2.692 2.253 2.108 2.055 2.044
0.00017443 -1.95000 10.03342 0.8200879693 2.4255522309    0.818  1.038  3.7380  3.217    3  0.000  0.537     0.00     0.00     0.00     0.00     0.00 -1  -3.7e-12      0.00 7.637e-01 2.361e-01 3.039e-05 8.306e-06 7.549e-05 -1.000 1.794e-04 2.175 3.297 2.588 2.144 1.996 1.941 1.929
0.00017443 -1.95000 10.03342 0.8204849958 2.4256833085    0.818  1.083  3.7363  3.165    3  0.000  0.537     0.00     0.00     0.00     0.00     0.00 -1 -4.35e-12      0.00 7.621e-01 2.377e-01 3.050e-05 8.335e-06 7.575e-05 -1.000 1.803e-04 2.063 3.197 2.482 2.032 1.882 1.825 1.812
0.00017443 -1.95000 10.03342 0.8208546042 2.4258052030    0.818  1.127  3.7348  3.115    3  0.000  0.537     0.00     0.00     0.00     0.00     0.00 -1 -5.11e-12      0.00 7.606e-01 2.392e-01 3.058e-05 8.360e-06 7.596e-05 -1.000 1.802e-04 1.951 3.098 2.376 1.921 1.769 1.710 1.696
0.00017443 -1.95000 10.03342 0.8212028146 2.4259199251    0.819  1.172  3.7334  3.064    3  0.000  0.537     0.00     0.00     0.00     0.00     0.00 -1    -6e-12      0.00 7.593e-01 2.406e-01 3.064e-05 8.382e-06 7.614e-05 -1.000 1.763e-04 1.839 2.996 2.269 1.810 1.655 1.595 1.580
0.00017443 -1.95000 10.03342 0.8215512037 2.4260345942    0.819  1.221  3.7319  3.010    3  0.000  0.536     0.00     0.00     0.00     0.00     0.00 -1 -7.14e-12      0.00 7.579e-01 2.420e-01 3.068e-05 8.405e-06 7.629e-05 -1.000 1.490e-04 1.718 2.887 2.153 1.690 1.533 1.471 1.455
0.00017443 -1.95000 10.03342 0.8218522072 2.4261335768    0.819  1.266  3.7304  2.959    3  0.000  0.535     0.00     0.00     0.00     0.00     0.00 -1 -8.39e-12      0.00 7.567e-01 2.431e-01 3.068e-05 8.430e-06 7.641e-05 -1.000 1.666e-04 1.606 2.785 2.045 1.578 1.418 1.355 1.338
0.00017443 -1.95000 10.03342 0.8221483231 2.4262308708    0.819  1.314  3.7289  2.905    3  0.000  0.534     0.00     0.00     0.00     0.00     0.00 -1 -9.98e-12      0.00 7.555e-01 2.443e-01 3.065e-05 8.470e-06 7.651e-05 -1.000 1.802e-04 1.485 2.677 1.930 1.458 1.296 1.231 1.214
0.00017443 -1.95000 10.03342 0.8224170208 2.4263190863    0.819  1.361  3.7275  2.852    3  0.000  0.533     0.00     0.00     0.00     0.00     0.00 -1 -1.18e-11      0.00 7.545e-01 2.453e-01 3.059e-05 8.526e-06 7.660e-05 -1.000 1.803e-04 1.367 2.570 1.817 1.340 1.176 1.110 1.092
0.00017443 -1.95000 10.03342 0.8226601481 2.4263988498    0.820  1.408  3.7260  2.800    3  0.000  0.531     0.00     0.00     0.00     0.00     0.00 -1  -1.4e-11      0.00 7.537e-01 2.461e-01 3.051e-05 8.601e-06 7.666e-05 -1.000 1.803e-04 1.251 2.466 1.706 1.225 1.059 0.990 0.971
0.00017443 -1.95000 10.03342 0.8228817582 2.4264715068    0.820  1.454  3.7245  2.748    3  0.000  0.529     0.00     0.00     0.00     0.00     0.00 -1 -1.65e-11      0.00 7.530e-01 2.468e-01 3.042e-05 8.689e-06 7.671e-05 -1.000 1.802e-04 1.136 2.364 1.597 1.111 0.942 0.872 0.852
0.00017443 -1.95000 10.03342 0.8230911493 2.4265401164    0.820  1.501  3.7230  2.694    3  0.000  0.527     0.00     0.00     0.00     0.00     0.00 -1 -1.96e-11      0.00 7.524e-01 2.474e-01 3.032e-05 8.785e-06 7.675e-05 -1.000 1.802e-04 1.017 2.258 1.484 0.993 0.822 0.750 0.730
0.00017443 -1.95000 10.03342 0.8232781887 2.4266013682    0.820  1.547  3.7214  2.642    3  0.000  0.525     0.00     0.00     0.00     0.00     0.00 -1 -2.31e-11      0.00 7.519e-01 2.479e-01 3.023e-05 8.877e-06 7.678e-05 -1.000 1.803e-04 0.901 2.154 1.374 0.878 0.705 0.631 0.610
0.00017443 -1.95000 10.03342 0.8234458566 2.4266562491    0.820  1.593  3.7199  2.590    3  0.000  0.524     0.00     0.00     0.00     0.00     0.00 -1 -2.72e-11      0.00 7.516e-01 2.483e-01 3.016e-05 8.949e-06 7.680e-05 -1.000 1.803e-04 0.788 2.054 1.267 0.766 0.590 0.515 0.493
0.00017443 -1.95000 10.03342 0.8236029744 2.4267076533    0.820  1.639  3.7183  2.538    3  0.000  0.523     0.00     0.00     0.00     0.00     0.00 -1 -3.22e-11      0.00 7.513e-01 2.485e-01 3.011e-05 9.002e-06 7.682e-05 -1.000 1.803e-04 0.673 1.953 1.158 0.652 0.473 0.396 0.373
0.00017443 -1.95000 10.03342 0.8237425685 2.4267533055    0.820  1.684  3.7167  2.487    3  0.000  0.523     0.00     0.00     0.00     0.00     0.00 -1 -3.79e-11      0.00 7.512e-01 2.486e-01 3.009e-05 9.034e-06 7.683e-05 -1.000 1.802e-04 0.561 1.856 1.053 0.541 0.360 0.281 0.258
0.00017443 -1.95000 10.03342 0.8238728642 2.4267959006    0.819  1.729  3.7151  2.435    3  0.000  0.522     0.00     0.00     0.00     0.00     0.00 -1 -4.46e-11      0.00 7.511e-01 2.487e-01 3.007e-05 9.052e-06 7.683e-05 -1.000 1.803e-04 0.448 1.760 0.946 0.428 0.245 0.164 0.139
0.00017443 -1.95000 10.03342 0.8239939809 2.4268354812    0.819  1.775  3.7134  2.382    3  0.000  0.522     0.00     0.00     0.00     0.00     0.00 -1 -5.27e-11      0.00 7.511e-01 2.487e-01 3.006e-05 9.060e-06 7.684e-05 -1.000 1.803e-04 0.333 1.663 0.838 0.314 0.128 0.045 0.020
0.00017443 -1.95000 10.03342 0.8241051435 2.4268717970    0.819  1.821  3.7118  2.330    3  0.000  0.522     0.00     0.00     0.00     0.00     0.00 -1 -6.22e-11      0.00 7.511e-01 2.487e-01 3.006e-05 9.062e-06 7.684e-05 -1.000 1.803e-04 0.218 1.566 0.731 0.200 0.011 -0.074 -0.100
0.00017443 -1.95000 10.03342 0.8242061138 2.4269047733    0.819  1.866  3.7100  2.277    3  0.000  0.522     0.00     0.00     0.00     0.00     0.00 -1 -7.34e-11      0.00 7.511e-01 2.487e-01 3.006e-05 9.064e-06 7.684e-05 -1.000 1.803e-04 0.105 1.472 0.625 0.088 -0.104 -0.191 -0.218
0.00017443 -1.95000 10.03342 0.8243006468 2.4269356388    0.819  1.912  3.7083  2.224    3  0.000  0.522     0.00     0.00     0.00     0.00     0.00 -1 -8.67e-11      0.00 7.511e-01 2.487e-01 3.006e-05 9.065e-06 7.684e-05 -1.000 1.802e-04 -0.010 1.378 0.519 -0.025 -0.220 -0.309 -0.337
0.00017443 -1.95000 10.03342 0.8243868351 2.4269637726    0.818  1.957  3.7066  2.172    3  0.000  0.522     0.00     0.00     0.00     0.00     0.00 -1 -1.02e-10      0.00 7.511e-01 2.487e-01 3.006e-05 9.067e-06 7.684e-05 -1.000 1.803e-04 -0.123 1.285 0.414 -0.138 -0.335 -0.427 -0.455
0.00017443 -1.95000 10.03342 0.8244632483 2.4269887100    0.818  2.001  3.7048  2.121    3  0.000  0.522     0.00     0.00     0.00     0.00     0.00 -1  -1.2e-10      0.00 7.511e-01 2.487e-01 3.005e-05 9.068e-06 7.684e-05 -1.000 1.803e-04 -0.232 1.198 0.314 -0.245 -0.446 -0.540 -0.569
0.00017443 -1.95000 10.03342 0.8245337009 2.4270116974    0.818  2.044  3.7030  2.070    3  0.000  0.522     0.00     0.00     0.00     0.00     0.00 -1 -1.41e-10      0.00 7.511e-01 2.487e-01 3.005e-05 9.069e-06 7.684e-05 -1.000 1.803e-04 -0.341 1.110 0.214 -0.352 -0.556 -0.652 -0.683
0.00017443 -1.95000 10.03342 0.8245998025 2.4270332611    0.817  2.088  3.7013  2.020    3  0.000  0.522     0.00     0.00     0.00     0.00     0.00 -1 -1.65e-10      0.00 7.511e-01 2.488e-01 3.005e-05 9.071e-06 7.684e-05 -1.000 1.802e-04 -0.450 1.021 0.113 -0.460 -0.668 -0.765 -0.797
0.00017443 -1.95000 10.03342 0.8246591091 2.4270526047    0.817  2.130  3.6995  1.970    3  0.000  0.522     0.00     0.00     0.00     0.00     0.00 -1 -1.92e-10      0.00 7.511e-01 2.488e-01 3.005e-05 9.072e-06 7.684e-05 -1.000 1.803e-04 -0.556 0.941 0.018 -0.564 -0.775 -0.874 -0.907
0.00017443 -1.95000 10.03342 0.8247185946 2.4270720034    0.816  2.174  3.6977  1.919    3  0.000  0.522     0.00     0.00     0.00     0.00     0.00 -1 -2.26e-10      0.00 7.511e-01 2.488e-01 3.005e-05 9.073e-06 7.684e-05 -1.000 1.802e-04 -0.665 0.857 -0.082 -0.672 -0.886 -0.988 -1.022
0.00017443 -1.95000 10.03342 0.8247810602 2.4270923705    0.816  2.212  3.6962  1.874    3  0.000  0.522     0.00     0.00     0.00     0.00     0.00 -1 -2.61e-10      0.00 7.511e-01 2.488e-01 3.005e-05 9.074e-06 7.685e-05 -1.000 1.803e-04 -0.761 0.784 -0.169 -0.766 -0.983 -1.087 -1.122
0.00017443 -1.95000 10.03342 0.8248136640 2.4271029997    0.815  2.227  3.6956  1.856    3  0.000  0.522     0.00     0.00     0.00     0.00     0.00 -1 -2.76e-10      0.00 7.511e-01 2.488e-01 3.005e-05 9.074e-06 7.685e-05 -1.000 1.803e-04 -0.798 0.756 -0.202 -0.803 -1.021 -1.126 -1.161
0.00017443 -1.95000 10.03342 0.8248503208 2.4271149490    0.815  2.215  3.6964  1.871    3  0.000  0.522     0.00     0.00     0.00     0.00     0.00 -1 -2.66e-10      0.00 7.510e-01 2.488e-01 3.005e-05 9.075e-06 7.685e-05 -1.000 1.803e-04 -0.769 0.774 -0.177 -0.774 -0.990 -1.094 -1.129
0.00017443 -1.95000 10.03342 0.8248575926 2.4271173193    0.815  2.223  3.6960  1.863    3  0.000  0.522     0.00     0.00     0.00     0.00     0.00 -1 -2.72e-10      0.00 7.510e-01 2.488e-01 3.005e-05 9.075e-06 7.685e-05 -1.000 1.803e-04 -0.786 0.761 -0.193 -0.791 -1.008 -1.113 -1.147
0.00017443 -1.95000 10.03342 0.8248980045 2.4271304911    0.814  2.264  3.6942  1.813    3  0.000  0.522     0.00     0.00     0.00     0.00     0.00 -1 -3.14e-10      0.00 7.510e-01 2.488e-01 3.005e-05 9.076e-06 7.685e-05 -1.000 1.803e-04 -0.890 0.685 -0.286 -0.893 -1.114 -1.220 -1.256
0.00017443 -1.95000 10.03342 0.8249387741 2.4271437779    0.814  2.308  3.6923  1.762    3  0.000  0.522     0.00     0.00     0.00     0.00     0.00 -1 -3.69e-10      0.00 7.510e-01 2.488e-01 3.005e-05 9.077e-06 7.685e-05 -1.000 1.803e-04 -1.000 0.603 -0.385 -1.001 -1.225 -1.334 -1.371
0.00017443 -1.95000 10.03342 0.8249734044 2.4271550627    0.813  2.348  3.6905  1.714    3  0.000  0.522     0.00     0.00     0.00     0.00     0.00 -1 -4.27e-10      0.00 7.510e-01 2.488e-01 3.005e-05 9.077e-06 7.685e-05 -1.000 1.803e-04 -1.099 0.532 -0.473 -1.098 -1.326 -1.437 -1.475
0.00017443 -1.95000 10.03342 0.8250074983 2.4271661717    0.813  2.389  3.6885  1.665    3  0.000  0.522     0.00     0.00     0.00     0.00     0.00 -1 -4.98e-10      0.00 7.510e-01 2.488e-01 3.005e-05 9.078e-06 7.685e-05 -1.000 1.803e-04 -1.203 0.459 -0.564 -1.200 -1.431 -1.545 -1.584
0.00017443 -1.95000 10.03342 0.8250393271 2.4271765417    0.812  2.431  3.6867  1.615    3  0.000  0.522     0.00     0.00     0.00     0.00     0.00 -1 -5.81e-10      0.00 7.510e-01 2.488e-01 3.005e-05 9.078e-06 7.685e-05 -1.000 1.803e-04 -1.308 0.385 -0.656 -1.301 -1.536 -1.653 -1.693
0.00017443 -1.95000 10.03342 0.8250671029 2.4271855904    0.811  2.470  3.6847  1.568    3  0.000  0.522     0.00     0.00     0.00     0.00     0.00 -1 -6.72e-10      0.00 7.510e-01 2.488e-01 3.005e-05 9.079e-06 7.685e-05 -1.000 1.803e-04 -1.406 0.328 -0.740 -1.397 -1.636 -1.755 -1.796
0.00017443 -1.95000 10.03342 0.8250946999 2.4271945802    0.810  2.512  3.6828  1.518    3  0.000  0.522     6.48     5.19     3.69     2.85     2.31  3 -7.83e-10      0.00 7.510e-01 2.488e-01 3.005e-05 9.079e-06 7.685e-05 -1.000 1.803e-04 -1.510 0.271 -0.829 -1.500 -1.743 -1.864 -1.906
0.00017443 -1.95000 10.03342 0.8251191378 2.4272025403    0.809  2.551  3.6809  1.470    3  0.000  0.522     7.17     5.65     4.01     3.10     2.51  3 -9.07e-10      0.00 7.510e-01 2.488e-01 3.005e-05 9.080e-06 7.685e-05 -1.000 1.802e-04 -1.609 0.225 -0.912 -1.598 -1.844 -1.968 -2.011
0.00017443 -1.95000 10.03342 0.8251419663 2.4272099757    0.808  2.591  3.6790  1.423    3  0.000  0.522     7.92     6.16     4.35     3.37     2.73  3 -1.05e-09      0.00 7.510e-01 2.488e-01 3.005e-05 9.080e-06 7.685e-05 -1.000 1.803e-04 -1.707 0.185 -0.992 -1.695 -1.946 -2.072 -2.117
0.00017443 -1.95000 10.03342 0.8251637220 2.4272170613    0.807  2.631  3.6770  1.374    3  0.000  0.522     8.78     6.72     4.73     3.67     2.97  3 -1.22e-09      0.00 7.510e-01 2.488e-01 3.005e-05 9.080e-06 7.685e-05 -1.000 1.803e-04 -1.807 0.147 -1.072 -1.793 -2.049 -2.178 -2.223
0.00017443 -1.95000 10.03342 0.8251871467 2.4272246899    0.806  2.677  3.6746  1.317    3  0.000  0.522     9.89     7.45     5.22     4.05     3.28  3 -1.45e-09      0.00 7.510e-01 2.488e-01 3.005e-05 9.081e-06 7.685e-05 -1.000 1.803e-04 -1.923 0.115 -1.160 -1.907 -2.168 -2.300 -2.347
0.00017443 -1.95000 10.03342 0.8252059817 2.4272308235    0.805  2.718  3.6726  1.268    3  0.000  0.522    10.97     8.13     5.67     4.41     3.57  3 -1.68e-09      0.00 7.510e-01 2.488e-01 3.005e-05 9.081e-06 7.685e-05 -1.000 1.803e-04 -2.024 0.086 -1.237 -2.005 -2.272 -2.407 -2.455
0.00017443 -1.95000 10.03342 0.8252254128 2.4272371508    0.803  2.762  3.6702  1.213    3  0.000  0.522    12.32     8.98     6.24     4.86     3.93  3 -1.99e-09      0.00 7.510e-01 2.488e-01 3.004e-05 9.082e-06 7.685e-05 -1.000 1.803e-04 -2.136 0.071 -1.317 -2.113 -2.387 -2.526 -2.576
0.00017443 -1.95000 10.03342 0.8252413869 2.4272423522    0.801  2.802  3.6682  1.165    3  0.000  0.522    13.64     9.79     6.78     5.28     4.28  2  -2.3e-09      0.00 7.510e-01 2.488e-01 3.004e-05 9.082e-06 7.685e-05 -1.000 1.803e-04 -2.235 0.054 -1.389 -2.209 -2.488 -2.630 -2.681
0.00017443 -1.95000 10.03342 0.8252577186 2.4272476698    0.800  2.845  3.6657  1.111    3  0.000  0.522    15.28    10.79     7.44     5.80     4.70  2 -2.71e-09      0.00 7.510e-01 2.488e-01 3.004e-05 9.082e-06 7.685e-05 -1.000 1.803e-04 -2.342 0.055 -1.459 -2.311 -2.598 -2.744 -2.797
0.00017443 -1.95000 10.03342 0.8252713084 2.4272520945    0.798  2.883  3.6637  1.064    3  0.000  0.522    16.87    11.74     8.06     6.30     5.11  2 -3.13e-09      0.00 7.510e-01 2.488e-01 3.004e-05 9.082e-06 7.685e-05 -1.000 1.803e-04 -2.438 0.052 -1.523 -2.403 -2.696 -2.845 -2.899
0.00017443 -1.95000 10.03342 0.8252855539 2.4272567324    0.796  2.926  3.6612  1.010    3  0.000  0.522    18.90    12.94     8.84     6.92     5.61  2 -3.68e-09      0.00 7.510e-01 2.488e-01 3.004e-05 9.083e-06 7.685e-05 -1.000 1.803e-04 -2.545 0.067 -1.588 -2.504 -2.806 -2.959 -3.015
0.00017443 -1.95000 10.03342 0.8252999187 2.4272614090    0.793  2.973  3.6587  0.951    3  0.000  0.522    21.36    14.36     9.77     7.66     6.21  2 -4.38e-09      0.00 7.510e-01 2.488e-01 3.004e-05 9.083e-06 7.685e-05 -1.000 1.803e-04 -2.662 0.092 -1.653 -2.613 -2.925 -3.083 -3.141
0.00017443 -1.95000 10.03342 0.8253116608 2.4272652316    0.791  3.013  3.6562  0.899    3  0.000  0.522    23.84    15.77    10.68     8.38     6.80  2 -5.13e-09      0.00 7.510e-01 2.488e-01 3.004e-05 9.083e-06 7.685e-05 -1.000 1.803e-04 -2.764 0.099 -1.709 -2.704 -3.026 -3.189 -3.249
0.00017443 -1.95000 10.03342 0.8253217340 2.4272685108    0.788  3.050  3.6541  0.853    3  0.000  0.522    26.29    17.14    11.56     9.09     7.38  1  -5.9e-09      0.00 7.510e-01 2.488e-01 3.004e-05 9.083e-06 7.685e-05 -1.000 1.803e-04 -2.856 0.088 -1.765 -2.787 -3.117 -3.284 -3.346
0.00017443 -1.95000 10.03342 0.8253320456 2.4272718676    0.785  3.091  3.6516  0.801    3  0.000  0.522    29.33    18.81    12.64     9.95     8.07  1 -6.88e-09      0.00 7.510e-01 2.488e-01 3.004e-05 9.083e-06 7.685e-05 -1.000 1.802e-04 -2.957 0.084 -1.823 -2.876 -3.216 -3.389 -3.452
0.00017443 -1.95000 10.03342 0.8253426552 2.4272753212    0.782  3.135  3.6490  0.744    3  0.000  0.522    33.03    20.82    13.92    10.98     8.91  1 -8.15e-09      0.00 7.510e-01 2.488e-01 3.004e-05 9.084e-06 7.685e-05 -1.000 1.803e-04 -3.067 0.076 -1.888 -2.974 -3.324 -3.502 -3.568
0.00017443 -1.95000 10.03342 0.8253515959 2.4272782315    0.778  3.174  3.6466  0.693    3  0.000  0.522    36.78    22.81    15.18    11.99     9.73  1 -9.48e-09      0.00 7.510e-01 2.488e-01 3.004e-05 9.084e-06 7.685e-05 -1.000 1.803e-04 -3.166 0.072 -1.943 -3.059 -3.419 -3.602 -3.670
0.00017443 -1.95000 10.03342 0.8253605962 2.4272811611    0.774  3.216  3.6440  0.639    3  0.000  0.522    41.19    25.11    16.64    13.17    10.69  1 -1.11e-08      0.00 7.510e-01 2.488e-01 3.004e-05 9.084e-06 7.685e-05 -1.000 1.803e-04 -3.270 0.068 -2.000 -3.150 -3.520 -3.708 -3.778
0.00017443 -1.95000 10.03342 0.8253688812 2.4272838579    0.769  3.255  3.6417  0.588    3  0.000  0.522    45.86    27.50    18.15    14.38    11.68  1  -1.3e-08      0.00 7.510e-01 2.488e-01 3.004e-05 9.084e-06 7.685e-05 -1.000 1.803e-04 -3.367 0.066 -2.052 -3.234 -3.614 -3.807 -3.880
0.00017443 -1.95000 10.03342 0.8253712058 2.4272846145    0.768  3.264  3.6411  0.575    3  0.000  0.522    47.09    28.13    18.54    14.70    11.94  1 -1.36e-08      0.00 7.510e-01 2.488e-01 3.004e-05 9.084e-06 7.685e-05 -1.000 1.803e-04 -3.391 0.065 -2.064 -3.254 -3.637 -3.832 -3.905
0.00017443 -1.95000 10.03342 0.8253712058 2.4272846145    0.768  1.702  3.8476  2.964    4  0.000  0.531     0.00     0.00     0.00     0.00     0.00 -1    -1e-30      0.00 7.545e-01 2.453e-01 3.039e-05 8.537e-06 7.629e-05 -1.000 1.802e-04 0.515 1.055 0.546 0.508 0.559 0.595 0.619
0.00017443 -1.95000 10.03342 0.8253722191 2.4272849443    0.768  1.712  3.8413  2.929    4  0.000  0.531     0.00     0.00     0.00     0.00     0.00 -1    -1e-30      0.00 7.545e-01 2.453e-01 3.039e-05 8.537e-06 7.629e-05 -1.000 1.802e-04 0.491 1.049 0.538 0.478 0.518 0.550 0.573
0.00017443 -1.95000 10.03342 0.8254282475 2.4273031794    0.768  1.726  3.8354  2.891    4  0.000  0.531     0.00     0.00     0.00     0.00     0.00 -1    -1e-30      0.00 7.545e-01 2.453e-01 3.039e-05 8.537e-06 7.629e-05 -1.000 1.802e-04 0.456 1.032 0.517 0.439 0.467 0.496 0.517
0.00017443 -1.95000 10.03342 0.8254839182 2.4273212954    0.768  1.727  3.8359  2.892    4  0.000  0.531     0.00     0.00     0.00     0.00     0.00 -1    -1e-30      0.00 7.545e-01 2.453e-01 3.039e-05 8.537e-06 7.629e-05 -1.000 1.802e-04 0.453 1.027 0.513 0.436 0.466 0.495 0.516
0.00017443 -1.95000 10.03342 0.8255403638 2.4273396606    0.768  1.727  3.8370  2.896    4  0.000  0.531     0.00     0.00     0.00     0.00     0.00 -1    -1e-30      0.00 7.545e-01 2.453e-01 3.039e-05 8.537e-06 7.629e-05 -1.000 1.802e-04 0.452 1.023 0.509 0.436 0.468 0.497 0.519
0.00017443 -1.95000 10.03342 0.8255976439 2.4273582943    0.768  1.727  3.8384  2.902    4  0.000  0.531     0.00     0.00     0.00     0.00     0.00 -1    -1e-30      0.00 7.545e-01 2.453e-01 3.039e-05 8.537e-06 7.629e-05 -1.000 1.802e-04 0.452 1.018 0.505 0.436 0.471 0.501 0.523
0.00017443 -1.95000 10.03342 0.8256549239 2.4273769251    0.768  1.727  3.8399  2.908    4  0.000  0.531     0.00     0.00     0.00     0.00     0.00 -1    -1e-30      0.00 7.545e-01 2.453e-01 3.039e-05 8.537e-06 7.629e-05 -1.000 1.802e-04 0.452 1.013 0.501 0.437 0.475 0.506 0.528
0.00017443 -1.95000 10.03342 0.8257122040 2.4273955529    0.768  1.727  3.8415  2.914    4  0.000  0.531     0.00     0.00     0.00     0.00     0.00 -1    -1e-30      0.00 7.545e-01 2.453e-01 3.039e-05 8.537e-06 7.629e-05 -1.000 1.802e-04 0.452 1.008 0.497 0.439 0.479 0.511 0.534
0.00017443 -1.95000 10.03342 0.8257659078 2.4274130150    0.768  1.727  3.8429  2.920    4  0.000  0.531     0.00     0.00     0.00     0.00     0.00 -1    -1e-30      0.00 7.545e-01 2.453e-01 3.039e-05 8.537e-06 7.629e-05 -1.000 1.802e-04 0.452 1.004 0.494 0.441 0.483 0.516 0.539
0.00017443 -1.95000 10.03342 0.8258240819 2.4274319277    0.768  1.727  3.8443  2.926    4  0.000  0.531     0.00     0.00     0.00     0.00     0.00 -1    -1e-30      0.00 7.545e-01 2.453e-01 3.039e-05 8.537e-06 7.629e-05 -1.000 1.802e-04 0.453 1.000 0.490 0.442 0.488 0.521 0.544
0.00017443 -1.95000 10.03342 0.8258777261 2.4274493650    0.768  1.727  3.8452  2.929    4  0.000  0.531     0.00     0.00     0.00     0.00     0.00 -1    -1e-30      0.00 7.545e-01 2.453e-01 3.039e-05 8.537e-06 7.629e-05 -1.000 1.801e-04 0.453 0.997 0.488 0.443 0.490 0.523 0.547
0.00017443 -1.95000 10.03342 0.8259323835 2.4274671290    0.768  1.727  3.8458  2.932    4  0.000  0.531     0.00     0.00     0.00     0.00     0.00 -1    -1e-30      0.00 7.545e-01 2.453e-01 3.039e-05 8.537e-06 7.629e-05 -1.000 1.802e-04 0.452 0.994 0.486 0.443 0.491 0.525 0.549
0.00017443 -1.95000 10.03342 0.8259859681 2.4274845416    0.769  1.728  3.8459  2.932    4  0.000  0.531     0.00     0.00     0.00     0.00     0.00 -1    -1e-30      0.00 7.545e-01 2.453e-01 3.039e-05 8.537e-06 7.629e-05 -1.000 1.802e-04 0.451 0.993 0.484 0.442 0.490 0.524 0.548
0.00017443 -1.95000 10.03342 0.8260402083 2.4275021647    0.769  1.728  3.8456  2.930    4  0.000  0.531     0.00     0.00     0.00     0.00     0.00 -1    -1e-30      0.00 7.545e-01 2.453e-01 3.039e-05 8.537e-06 7.629e-05 -1.000 1.802e-04 0.450 0.992 0.484 0.440 0.488 0.521 0.545
0.00017443 -1.95000 10.03342 0.8260928392 2.4275192623    0.769  1.729  3.8447  2.926    4  0.000  0.531     0.00     0.00     0.00     0.00     0.00 -1    -1e-30      0.00 7.545e-01 2.453e-01 3.039e-05 8.537e-06 7.629e-05 -1.000 1.802e-04 0.447 0.993 0.484 0.437 0.483 0.517 0.540
0.00017443 -1.95000 10.03342 0.8260987401 2.4275211791    0.769  1.729  3.8446  2.925    4  0.000  0.531     0.00     0.00     0.00     0.00     0.00 -1    -1e-30      0.00 7.545e-01 2.453e-01 3.039e-05 8.537e-06 7.629e-05 -1.000 1.803e-04 0.447 0.993 0.484 0.437 0.483 0.516 0.539
0.00017443 -1.95000 10.03342 0.8261494637 2.4275376545    0.769  1.730  3.8431  2.918    4  0.000  0.531     0.00     0.00     0.00     0.00     0.00 -1    -1e-30      0.00 7.545e-01 2.453e-01 3.039e-05 8.537e-06 7.629e-05 -1.000 1.801e-04 0.444 0.995 0.484 0.432 0.475 0.508 0.531
0.00017443 -1.95000 10.03342 0.8262064457 2.4275561599    0.769  1.732  3.8407  2.906    4  0.000  0.531     0.00     0.00     0.00     0.00     0.00 -1    -1e-30      0.00 7.545e-01 2.453e-01 3.039e-05 8.537e-06 7.629e-05 -1.000 1.802e-04 0.440 0.998 0.486 0.426 0.465 0.496 0.519
0.00017443 -1.95000 10.03342 0.8262610435 2.4275738882    0.769  1.734  3.8377  2.893    4  0.000  0.531     0.00     0.00     0.00     0.00     0.00 -1    -1e-30      0.00 7.545e-01 2.453e-01 3.039e-05 8.537e-06 7.629e-05 -1.000 1.803e-04 0.435 1.002 0.489 0.419 0.452 0.482 0.504
0.00017443 -1.95000 10.03342 0.8263161182 2.4275917687    0.769  1.736  3.8339  2.875    4  0.000  0.531     0.00     0.00     0.00     0.00     0.00 -1    -1e-30      0.00 7.545e-01 2.453e-01 3.039e-05 8.537e-06 7.629e-05 -1.000 1.802e-04 0.429 1.009 0.493 0.410 0.436 0.464 0.485
0.00017443 -1.95000 10.03342 0.8263711929 2.4276096464    0.769  1.739  3.8294  2.854    4  0.000  0.531     0.00     0.00     0.00     0.00     0.00 -1    -1e-30      0.00 7.545e-01 2.453e-01 3.039e-05 8.537e-06 7.629e-05 -1.000 1.802e-04 0.422 1.017 0.498 0.400 0.418 0.443 0.462
0.00017443 -1.95000 10.03342 0.8264244795 2.4276269411    0.769  1.742  3.8242  2.830    4  0.000  0.531     0.00     0.00     0.00     0.00     0.00 -1    -1e-30      0.00 7.545e-01 2.453e-01 3.039e-05 8.537e-06 7.629e-05 -1.000 1.802e-04 0.414 1.028 0.505 0.389 0.398 0.419 0.437
0.00017443 -1.95000 10.03342 0.8264772296 2.4276440591    0.769  1.746  3.8185  2.804    4  0.000  0.531     0.00     0.00     0.00     0.00     0.00 -1    -1e-30      0.00 7.545e-01 2.453e-01 3.039e-05 8.537e-06 7.629e-05 -1.000 1.802e-04 0.405 1.040 0.512 0.377 0.375 0.393 0.410
0.00017443 -1.95000 10.03342 0.8264822960 2.4276457031    0.769  1.746  3.8180  2.802    4  0.000  0.531     0.00     0.00     0.00     0.00     0.00 -1    -1e-30      0.00 7.545e-01 2.453e-01 3.039e-05 8.537e-06 7.629e-05 -1.000 1.802e-04 0.404 1.042 0.513 0.376 0.373 0.391 0.407
0.00017443 -1.95000 10.03342 0.8264915347 2.4276487009    0.769  1.747  3.8169  2.797    4  0.000  0.531     0.00     0.00     0.00     0.00     0.00 -1    -1e-30      0.00 7.545e-01 2.453e-01 3.039e-05 8.537e-06 7.629e-05 -1.000 1.802e-04 0.402 1.044 0.515 0.374 0.369 0.386 0.402
0.00017443 -1.95000 10.03342 0.8265461922 2.4276664345    0.769  1.751  3.8106  2.767    4  0.000  0.531     0.00     0.00     0.00     0.00     0.00 -1    -1e-30      0.00 7.545e-01 2.453e-01 3.039e-05 8.537e-06 7.629e-05 -1.000 1.801e-04 0.392 1.059 0.523 0.360 0.345 0.357 0.371
0.00017443 -1.95000 10.03342 0.8265994191 2.4276837014    0.769  1.755  3.8046  2.739    4  0.000  0.531     0.00     0.00     0.00     0.00     0.00 -1    -1e-30      0.00 7.545e-01 2.453e-01 3.039e-05 8.537e-06 7.629e-05 -1.000 1.802e-04 0.382 1.076 0.533 0.348 0.321 0.329 0.341
0.00017443 -1.95000 10.03342 0.8266563416 2.4277021643    0.769  1.760  3.7979  2.707    4  0.000  0.531     0.00     0.00     0.00     0.00     0.00 -1    -1e-30      0.00 7.545e-01 2.453e-01 3.039e-05 8.537e-06 7.629e-05 -1.000 1.802e-04 0.369 1.095 0.543 0.334 0.295 0.297 0.307
0.00017443 -1.95000 10.03342 0.8267104626 2.4277197159    0.769  1.766  3.7914  2.676    4  0.000  0.531     0.00     0.00     0.00     0.00     0.00 -1    -1e-30      0.00 7.545e-01 2.453e-01 3.039e-05 8.537e-06 7.629e-05 -1.000 1.802e-04 0.356 1.114 0.552 0.319 0.269 0.266 0.273
0.00017443 -1.95000 10.03342 0.8267623782 2.4277365497    0.769  1.771  3.7858  2.648    4  0.000  0.531     0.00     0.00     0.00     0.00     0.00 -1    -1e-30      0.00 7.545e-01 2.453e-01 3.039e-05 8.537e-06 7.629e-05 -1.000 1.802e-04 0.342 1.129 0.558 0.305 0.245 0.237 0.242
0.00017443 -1.95000 10.03342 0.8268159032 2.4277539029    0.769  1.777  3.7805  2.621    4  0.000  0.531     0.00     0.00     0.00     0.00     0.00 -1    -1e-30      0.00 7.545e-01 2.453e-01 3.039e-05 8.537e-06 7.629e-05 -1.000 1.802e-04 0.327 1.142 0.562 0.290 0.221 0.208 0.211
0.00017443 -1.95000 10.03342 0.8268684745 2.4277709443    0.770  1.783  3.7764  2.599    4  0.000  0.531     0.00     0.00     0.00     0.00     0.00 -1    -1e-30      0.00 7.545e-01 2.453e-01 3.039e-05 8.537e-06 7.629e-05 -1.000 1.802e-04 0.313 1.152 0.562 0.275 0.199 0.182 0.184
0.00017443 -1.95000 10.03342 0.8269215822 2.4277881571    0.770  1.789  3.7724  2.577    4  0.000  0.531     0.00     0.00     0.00     0.00     0.00 -1    -1e-30      0.00 7.545e-01 2.453e-01 3.039e-05 8.537e-06 7.629e-05 -1.000 1.801e-04 0.297 1.160 0.561 0.260 0.176 0.156 0.156
0.00017443 -1.95000 10.03342 0.8269747496 2.4278053867    0.770  1.796  3.7688  2.555    4  0.000  0.531     0.00     0.00     0.00     0.00     0.00 -1    -1e-30      0.00 7.545e-01 2.453e-01 3.039e-05 8.537e-06 7.629e-05 -1.000 1.801e-04 0.280 1.164 0.556 0.242 0.153 0.129 0.128
0.00017443 -1.95000 10.03342 0.8270282745 2.4278227296    0.770  1.800  3.7668  2.543    4  0.000  0.531     0.00     0.00     0.00     0.00     0.00 -1    -1e-30      0.00 7.545e-01 2.453e-01 3.039e-05 8.537e-06 7.629e-05 -1.000 1.802e-04 0.270 1.167 0.554 0.233 0.140 0.113 0.112
0.00017443 -1.95000 10.03342 0.8270388842 2.4278261670    0.770  1.793  3.7696  2.562    4  0.000  0.531     0.00     0.00     0.00     0.00     0.00 -1    -1e-30      0.00 7.545e-01 2.453e-01 3.039e-05 8.537e-06 7.629e-05 -1.000 1.802e-04 0.288 1.168 0.562 0.251 0.163 0.139 0.139
0.00017443 -1.95000 10.03342 0.8270937800 2.4278439508    0.770  1.809  3.7628  2.519    4  0.000  0.531     0.00     0.00     0.00     0.00     0.00 -1    -1e-30      0.00 7.545e-01 2.453e-01 3.039e-05 8.537e-06 7.629e-05 -1.000 1.802e-04 0.248 1.170 0.547 0.211 0.111 0.081 0.078
0.00017443 -1.95000 10.03342 0.8271478415 2.4278614617    0.770  1.829  3.7565  2.473    4  0.000  0.531     0.00     0.00     0.00     0.00     0.00 -1    -1e-30      0.00 7.545e-01 2.453e-01 3.039e-05 8.537e-06 7.629e-05 -1.000 1.802e-04 0.198 1.161 0.520 0.162 0.051 0.014 0.008
0.00017443 -1.95000 10.03342 0.8271933198 2.4278761905    0.770  1.858  3.7492  2.415    4  0.000  0.531     0.00     0.00     0.00     0.00     0.00 -1    -1e-30      0.00 7.545e-01 2.453e-01 3.039e-05 8.537e-06 7.629e-05 -1.000 1.801e-04 0.124 1.138 0.474 0.090 -0.034 -0.078 -0.087
0.00017443 -1.95000 10.03342 0.8272179365 2.4278841622    0.770  1.891  3.7421  2.354    4  0.000  0.531     0.00     0.00     0.00     0.00     0.00 -1    -1e-30      0.00 7.545e-01 2.453e-01 3.039e-05 8.537e-06 7.629e-05 -1.000 1.802e-04 0.042 1.108 0.419 0.009 -0.127 -0.178 -0.190
0.00017443 -1.95000 10.03342 0.8272290826 2.4278877714    0.770  1.925  3.7359  2.295    4  0.000  0.531     0.00     0.00     0.00     0.00     0.00 -1    -1e-30      0.00 7.545e-01 2.453e-01 3.039e-05 8.537e-06 7.629e-05 -1.000 1.802e-04 -0.042 1.075 0.359 -0.074 -0.220 -0.278 -0.292
0.00017443 -1.95000 10.03342 0.8272340298 2.4278893734    0.770  1.960  3.7305  2.239    4  0.000  0.531     0.00     0.00     0.00     0.00     0.00 -1    -1e-30      0.00 7.545e-01 2.453e-01 3.039e-05 8.537e-06 7.629e-05 -1.000 1.802e-04 -0.129 1.035 0.294 -0.160 -0.315 -0.379 -0.396
0.00017443 -1.95000 10.03342 0.8272364140 2.4278901454    0.770  1.995  3.7259  2.185    4  0.000  0.531     0.00     0.00     0.00     0.00     0.00 -1    -1e-30      0.00 7.545e-01 2.453e-01 3.039e-05 8.537e-06 7.629e-05 -1.000 1.802e-04 -0.217 0.990 0.225 -0.246 -0.409 -0.478 -0.497
0.00017443 -1.95000 10.03342 0.8272373676 2.4278904542    0.770  2.018  3.7233  2.152    7  0.000  0.531     0.00     0.00     0.00     0.00     0.00 -1    -1e-30      0.00 7.545e-01 2.453e-01 3.039e-05 8.537e-06 7.629e-05 -1.000 1.802e-04 -0.275 0.957 0.179 -0.303 -0.470 -0.542 -0.562
0.00017443 -1.95000 10.03342 0.8272377253 2.4278905700    0.770  2.031  3.7221  2.134    7  0.000  0.531     0.00     0.00     0.00     0.00     0.00 -1    -1e-30      0.00 7.545e-01 2.453e-01 3.039e-05 8.537e-06 7.629e-05 -1.000 1.802e-04 -0.307 0.936 0.151 -0.334 -0.504 -0.577 -0.598
0.00017443 -1.95000 10.03342 0.8272388577 2.4278909367    0.770  2.076  3.7183  2.074    7  0.000  0.531     0.00     0.00     0.00     0.00     0.00 -1    -1e-30      0.00 7.545e-01 2.453e-01 3.039e-05 8.537e-06 7.629e-05 -1.000 1.802e-04 -0.419 0.863 0.057 -0.444 -0.620 -0.697 -0.721
0.00017443 -1.95000 10.03342 0.8272398114 2.4278912455    0.770  2.111  3.7155  2.027    7  0.000  0.531     0.00     0.00     0.00     0.00     0.00 -1    -1e-30      0.00 7.545e-01 2.453e-01 3.039e-05 8.537e-06 7.629e-05 -1.000 1.802e-04 -0.508 0.803 -0.020 -0.532 -0.712 -0.793 -0.817
0.00017443 -1.95000 10.03342 0.8272407055 2.4278915350    0.770  2.132  3.7141  2.001    7  0.000  0.531     0.00     0.00     0.00     0.00     0.00 -1    -1e-30      0.00 7.545e-01 2.453e-01 3.039e-05 8.537e-06 7.629e-05 -1.000 1.802e-04 -0.559 0.767 -0.064 -0.582 -0.765 -0.848 -0.873
0.00017443 -1.95000 10.03342 0.8272415996 2.4278918245    0.770  2.146  3.7132  1.983    7  0.000  0.531     0.00     0.00     0.00     0.00     0.00 -1    -1e-30      0.00 7.545e-01 2.453e-01 3.039e-05 8.537e-06 7.629e-05 -1.000 1.802e-04 -0.594 0.742 -0.095 -0.617 -0.802 -0.885 -0.911
0.00017443 -1.95000 10.03342 0.8272438645 2.4278925579    0.770  2.145  3.7134  1.986    7  0.000  0.531     0.00     0.00     0.00     0.00     0.00 -1    -1e-30      0.00 7.545e-01 2.453e-01 3.039e-05 8.537e-06 7.629e-05 -1.000 1.802e-04 -0.592 0.742 -0.093 -0.614 -0.799 -0.882 -0.907
0.00017443 -1.95000 10.03342 0.8272460103 2.4278932527    0.770  2.135  3.7141  1.998    7  0.000  0.531     0.00     0.00     0.00     0.00     0.00 -1    -1e-30      0.00 7.545e-01 2.453e-01 3.039e-05 8.537e-06 7.629e-05 -1.000 1.802e-04 -0.567 0.759 -0.072 -0.590 -0.773 -0.855 -0.881
0.00017443 -1.95000 10.03342 0.8272663951 2.4278998530    0.770  2.138  3.7136  1.993    7  0.000  0.531     0.00     0.00     0.00     0.00     0.00 -1    -1e-30      0.00 7.545e-01 2.453e-01 3.039e-05 8.537e-06 7.629e-05 -1.000 1.802e-04 -0.576 0.756 -0.078 -0.598 -0.782 -0.865 -0.891
0.00017443 -1.95000 10.03342 0.8272822499 2.4279049863    0.770  2.164  3.7116  1.959    7  0.000  0.531     0.00     0.00     0.00     0.00     0.00 -1    -1e-30      0.00 7.545e-01 2.453e-01 3.039e-05 8.537e-06 7.629e-05 -1.000 1.802e-04 -0.640 0.715 -0.132 -0.661 -0.849 -0.934 -0.960
0.00017443 -1.95000 10.03342 0.8273032904 2.4279117982    0.770  2.213  3.7082  1.896    7  0.000  0.531     0.00     0.00     0.00     0.00     0.00 -1    -1e-30      0.00 7.545e-01 2.453e-01 3.039e-05 8.537e-06 7.629e-05 -1.000 1.802e-04 -0.763 0.634 -0.239 -0.783 -0.977 -1.066 -1.094
0.00017443 -1.95000 10.03342 0.8273220658 2.4279178764    0.770  2.270  3.7044  1.824    7  0.000  0.531     0.00     0.00     0.00     0.00     0.00 -1    -1e-30      0.00 7.545e-01 2.453e-01 3.039e-05 8.537e-06 7.629e-05 -1.000 1.802e-04 -0.906 0.541 -0.361 -0.922 -1.123 -1.217 -1.248
0.00017443 -1.95000 10.03342 0.8273391724 2.4279234141    0.770  2.322  3.7012  1.760    7  0.000  0.531     0.00     0.00     0.00     0.00     0.00 -1    -1e-30      0.00 7.545e-01 2.453e-01 3.039e-05 8.537e-06 7.629e-05 -1.000 1.802e-04 -1.034 0.455 -0.472 -1.048 -1.255 -1.353 -1.385
0.00017443 -1.95000 10.03342 0.8273544908 2.4279283728    0.770  2.366  3.6985  1.704    7  0.000  0.531     0.00     0.00     0.00     0.00     0.00 -1    -1e-30      0.00 7.545e-01 2.453e-01 3.038e-05 8.537e-06 7.629e-05 -1.000 1.778e-04 -1.145 0.382 -0.567 -1.156 -1.368 -1.470 -1.503
0.00017443 -1.95000 10.03342 0.8273680806 2.4279327717    0.770  2.409  3.6959  1.651    7  0.000  0.531     0.00     0.00     0.00     0.00     0.00 -1    -1e-30      0.00 7.545e-01 2.453e-01 3.036e-05 8.543e-06 7.629e-05 -1.000 1.422e-04 -1.253 0.311 -0.660 -1.261 -1.478 -1.582 -1.617
0.00017443 -1.95000 10.03342 0.8273799419 2.4279366110    0.770  2.451  3.6935  1.600    7  0.000  0.529     0.00     0.00     0.00     0.00     0.00 -1    -1e-30      0.00 7.545e-01 2.453e-01 3.027e-05 8.581e-06 7.629e-05 -1.000 1.690e-04 -1.357 0.243 -0.749 -1.362 -1.583 -1.691 -1.727
0.00017443 -1.95000 10.03342 0.8273904920 2.4279400257    0.770  2.491  3.6912  1.550    7  0.000  0.524     0.00     0.00     0.00     0.00     0.00 -1    -1e-30      0.00 7.544e-01 2.454e-01 3.000e-05 8.786e-06 7.630e-05 -1.000 1.385e-04 -1.458 0.177 -0.836 -1.460 -1.687 -1.797 -1.835
0.00017443 -1.95000 10.03342 0.8274000287 2.4279431123    0.770  2.532  3.6888  1.500    7  0.000  0.513     6.61     5.29     3.76     2.91     2.35  3    -1e-30      0.00 7.543e-01 2.455e-01 2.942e-05 9.385e-06 7.632e-05 -1.000 1.799e-04 -1.559 0.112 -0.921 -1.558 -1.789 -1.902 -1.941
0.00017443 -1.95000 10.03342 0.8274087906 2.4279459482    0.770  2.572  3.6865  1.450    7  0.000  0.499     7.35     5.78     4.10     3.17     2.57  3    -1e-30      0.00 7.542e-01 2.457e-01 2.864e-05 1.031e-05 7.633e-05 -1.000 1.789e-04 -1.660 0.051 -1.006 -1.655 -1.891 -2.008 -2.048
0.00017443 -1.95000 10.03342 0.8274168372 2.4279485524    0.770  2.613  3.6841  1.400    7  0.000  0.486     8.18     6.34     4.47     3.46     2.80  3    -1e-30      0.00 7.540e-01 2.458e-01 2.787e-05 1.126e-05 7.635e-05 -1.000 1.670e-04 -1.762 0.004 -1.090 -1.755 -1.996 -2.116 -2.157
0.00017443 -1.95000 10.03342 0.8274242878 2.4279509637    0.770  2.653  3.6817  1.350    7  0.000  0.474     9.10     6.94     4.87     3.78     3.06  3    -1e-30      0.00 7.538e-01 2.460e-01 2.721e-05 1.208e-05 7.637e-05 -1.000 1.589e-04 -1.864 -0.030 -1.170 -1.855 -2.101 -2.224 -2.267
0.00017443 -1.95000 10.03342 0.8274313807 2.4279532592    0.770  2.694  3.6793  1.300    7  0.000  0.464    10.11     7.59     5.31     4.13     3.34  3    -1e-30      0.00 7.536e-01 2.462e-01 2.664e-05 1.278e-05 7.638e-05 -1.000 1.782e-04 -1.964 -0.058 -1.247 -1.954 -2.205 -2.331 -2.375
0.00017443 -1.95000 10.03342 0.8274381757 2.4279554582    0.770  2.733  3.6770  1.251    7  0.000  0.455    11.22     8.29     5.78     4.50     3.64  3    -1e-30      0.00 7.534e-01 2.464e-01 2.614e-05 1.339e-05 7.639e-05 -1.000 1.681e-04 -2.063 -0.080 -1.321 -2.050 -2.307 -2.437 -2.482
0.00017443 -1.95000 10.03342 0.8274446726 2.4279575607    0.770  2.773  3.6746  1.202    7  0.000  0.448    12.44     9.06     6.28     4.90     3.97  2    -1e-30      0.00 7.532e-01 2.466e-01 2.572e-05 1.392e-05 7.638e-05 -1.000 1.563e-04 -2.161 -0.094 -1.392 -2.146 -2.409 -2.542 -2.589
0.00017443 -1.95000 10.03342 0.8274508119 2.4279595475    0.770  2.813  3.6722  1.152    7  0.000  0.441    13.84     9.91     6.85     5.35     4.33  2    -1e-30      0.00 7.530e-01 2.468e-01 2.534e-05 1.439e-05 7.635e-05 -1.000 1.802e-04 -2.262 -0.103 -1.462 -2.243 -2.513 -2.649 -2.698
0.00017443 -1.95000 10.03342 0.8274559975 2.4279612256    0.770  2.853  3.6697  1.103    7  0.000  0.436    15.38    10.85     7.47     5.83     4.73  2    -1e-30      0.00 7.528e-01 2.470e-01 2.502e-05 1.478e-05 7.631e-05 -1.000 1.803e-04 -2.362 -0.103 -1.528 -2.339 -2.616 -2.756 -2.806
0.00017443 -1.95000 10.03342 0.8274605274 2.4279626915    0.770  2.892  3.6672  1.053    7  0.000  0.432    17.07    11.86     8.13     6.36     5.15  2    -1e-30      0.00 7.526e-01 2.472e-01 2.475e-05 1.513e-05 7.623e-05 -1.000 1.802e-04 -2.460 -0.096 -1.591 -2.433 -2.717 -2.861 -2.913
0.00017443 -1.95000 10.03342 0.8274643421 2.4279639259    0.770  2.932  3.6647  1.003    7  0.000  0.428    18.98    12.98     8.86     6.94     5.63  2    -1e-30      0.00 7.524e-01 2.474e-01 2.452e-05 1.547e-05 7.612e-05 -1.000 1.803e-04 -2.560 -0.080 -1.651 -2.527 -2.820 -2.967 -3.021
0.00017443 -1.95000 10.03342 0.8274678588 2.4279650639    0.770  2.972  3.6621  0.953    7  0.000  0.426    21.14    14.22     9.67     7.59     6.15  2    -1e-30      0.00 7.522e-01 2.476e-01 2.431e-05 1.579e-05 7.597e-05 -1.000 1.803e-04 -2.660 -0.049 -1.704 -2.621 -2.923 -3.076 -3.131
0.00017443 -1.95000 10.03342 0.8274714947 2.4279662405    0.770  3.015  3.6593  0.898    7  0.000  0.423    23.72    15.69    10.62     8.35     6.77  1    -1e-30      0.00 7.520e-01 2.478e-01 2.413e-05 1.612e-05 7.579e-05 -1.000 1.802e-04 -2.768 -0.001 -1.755 -2.720 -3.034 -3.192 -3.249
0.00017443 -1.95000 10.03342 0.8274745345 2.4279672241    0.770  3.055  3.6567  0.849    7  0.000  0.422    26.37    17.17    11.57     9.11     7.39  1    -1e-30      0.00 7.518e-01 2.480e-01 2.402e-05 1.638e-05 7.563e-05 -1.000 1.782e-04 -2.867 0.021 -1.804 -2.808 -3.132 -3.295 -3.355
0.00017443 -1.95000 10.03342 0.8274759650 2.4279676870    0.770  3.077  3.6552  0.820    7  0.000  0.422    28.00    18.07    12.15     9.57     7.76  1    -1e-30      0.00 7.517e-01 2.481e-01 2.395e-05 1.656e-05 7.551e-05 -1.000 1.801e-04 -2.922 0.020 -1.835 -2.857 -3.186 -3.352 -3.414
0.00017443 -1.95000 10.03342 0.8274765611 2.4279678799    0.770  3.075  3.6553  0.823    7  0.000  0.421    27.85    17.98    12.10     9.53     7.73  1    -1e-30      0.00 7.516e-01 2.482e-01 2.390e-05 1.668e-05 7.543e-05 -1.000 1.802e-04 -2.917 0.022 -1.831 -2.852 -3.181 -3.347 -3.408
0.00017443 -1.95000 10.03342 0.8274766803 2.4279679185    0.770  3.077  3.6551  0.820    7  0.000  0.421    28.04    18.09    12.17     9.58     7.77  1    -1e-30      0.00 7.516e-01 2.482e-01 2.390e-05 1.670e-05 7.542e-05 -1.000 1.802e-04 -2.923 0.022 -1.835 -2.857 -3.187 -3.353 -3.414
0.00017443 -1.95000 10.03342 0.8274769187 2.4279679956    0.770  3.086  3.6545  0.809    7  0.000  0.421    28.69    18.45    12.40     9.76     7.92  1    -1e-30      0.00 7.516e-01 2.482e-01 2.388e-05 1.673e-05 7.540e-05 -1.000 1.802e-04 -2.945 0.021 -1.847 -2.876 -3.208 -3.375 -3.437
0.00017443 -1.95000 10.03342 0.8274770975 2.4279680535    0.770  3.093  3.6541  0.800    7  0.000  0.421    29.24    18.75    12.59     9.92     8.05  1    -1e-30      0.00 7.516e-01 2.482e-01 2.387e-05 1.676e-05 7.538e-05 -1.000 1.803e-04 -2.962 0.021 -1.857 -2.892 -3.226 -3.394 -3.456
0.00017443 -1.95000 10.03342 0.8274772763 2.4279681113    0.770  3.105  3.6532  0.784    7  0.000  0.421    30.23    19.29    12.93    10.20     8.27  1    -1e-30      0.00 7.516e-01 2.482e-01 2.385e-05 1.682e-05 7.534e-05 -1.000 1.802e-04 -2.993 0.022 -1.874 -2.919 -3.256 -3.425 -3.488
0.00017443 -1.95000 10.03342 0.8274775147 2.4279681885    0.770  3.127  3.6517  0.757    7  0.000  0.421    32.05    20.27    13.57    10.70     8.68  1    -1e-30      0.00 7.515e-01 2.483e-01 2.380e-05 1.698e-05 7.522e-05 -1.000 1.802e-04 -3.047 0.024 -1.903 -2.966 -3.308 -3.481 -3.545
0.00017443 -1.95000 10.03342 0.8274778724 2.4279683042    0.770  3.178  3.6480  0.690    7  0.000  0.420    36.89    22.85    15.21    12.02     9.75  1    -1e-30      0.00 7.511e-01 2.487e-01 2.358e-05 1.768e-05 7.472e-05 -1.000 1.803e-04 -3.175 0.030 -1.969 -3.076 -3.432 -3.613 -3.680
0.00017443 -1.95000 10.03342 0.8274785280 2.4279685164    0.770  3.243  3.6433  0.607    7  0.523  0.419    44.05    26.58    17.57    13.92    11.30  1    -1e-30      0.00 7.507e-01 2.492e-01 2.333e-05 1.857e-05 7.407e-05 -1.000 1.803e-04 -3.337 0.043 -2.048 -3.212 -3.587 -3.777 -3.848
0.00017443 -1.95000 10.03342 0.8274785876 2.4279685357    0.770  3.249  3.6429  0.599    7  0.523  0.419    44.75    26.94    17.80    14.10    11.45  1    -1e-30      0.00 7.506e-01 2.492e-01 2.330e-05 1.868e-05 7.399e-05 -1.000 1.802e-04 -3.352 0.043 -2.055 -3.225 -3.601 -3.792 -3.863
0.00017443 -1.95000 10.03342 0.8274786472 2.4279685549    0.770  3.249  3.6394  0.586    8  0.523  0.434    46.09    27.62    18.23    14.44    11.73  1 -3.88e-07      0.00 7.506e-01 2.492e-01 2.437e-05 1.869e-05 7.472e-05 -1.000 1.396e-04 -3.352 0.137 -2.006 -3.206 -3.593 -3.791 -3.865
0.00017443 -1.95000 10.03342 0.8274787068 2.4279685742    0.768  3.034  3.6547  0.860    8  0.523  0.435    25.70    16.80    11.33     8.92     7.23  1 -1.67e-07      0.00 7.506e-01 2.492e-01 2.437e-05 1.869e-05 7.472e-05 -1.000 1.396e-04 -2.815 0.110 -1.733 -2.748 -3.077 -3.243 -3.304
0.00017443 -1.95000 10.03342 0.8274788260 2.4279686128    0.766  2.883  3.6654  1.053    8  0.523  0.435    17.05    11.84     8.12     6.35     5.15  2 -9.79e-08      0.00 7.506e-01 2.492e-01 2.437e-05 1.869e-05 7.472e-05 -1.000 1.396e-04 -2.436 -0.007 -1.544 -2.405 -2.694 -2.841 -2.894
0.00017443 -1.95000 10.03342 0.8274790645 2.4279686900    0.760  2.670  3.6805  1.323    8  0.523  0.435     9.60     7.26     5.09     3.95     3.20  3    -5e-08      0.00 7.506e-01 2.492e-01 2.437e-05 1.869e-05 7.472e-05 -1.000 1.395e-04 -1.905 -0.035 -1.200 -1.896 -2.145 -2.269 -2.313
0.00017443 -1.95000 10.03342 0.8274793625 2.4279687864    0.753  2.677  3.6798  1.309    8  0.523  0.435     9.85     7.42     5.19     4.04     3.27  3 -5.15e-08      0.00 7.506e-01 2.492e-01 2.437e-05 1.869e-05 7.472e-05 -1.000 1.396e-04 -1.922 -0.031 -1.210 -1.912 -2.162 -2.287 -2.332
0.00017443 -1.95000 10.03342 0.8274797797 2.4279689214    0.743  2.761  3.6735  1.194    8  0.524  0.435    12.54     9.12     6.32     4.93     3.99  2 -6.78e-08      0.00 7.506e-01 2.492e-01 2.437e-05 1.869e-05 7.472e-05 -1.000 1.396e-04 -2.133 -0.029 -1.351 -2.116 -2.382 -2.516 -2.564
0.00017443 -1.95000 10.03342 0.8274802566 2.4279690757    0.732  2.946  3.6599  0.948    8  0.524  0.435    21.07    14.16     9.62     7.56     6.13  2 -1.29e-07      0.00 7.506e-01 2.492e-01 2.437e-05 1.869e-05 7.472e-05 -1.000 1.397e-04 -2.596 0.108 -1.606 -2.551 -2.860 -3.016 -3.073
0.00017443 -1.95000 10.03342 0.8274807930 2.4279692493    0.719  3.114  3.6476  0.723    8  0.524  0.435    33.86    21.16    14.11    11.16     9.05  1 -2.46e-07      0.00 7.506e-01 2.492e-01 2.437e-05 1.869e-05 7.472e-05 -1.000 1.396e-04 -3.015 0.177 -1.813 -2.914 -3.269 -3.450 -3.517
0.00017443 -1.95000 10.03342 0.8274814487 2.4279694614    0.705  3.227  3.6391  0.568    8  0.525  0.435    47.00    27.88    18.35    14.59    11.84  1 -4.01e-07      0.00 7.506e-01 2.492e-01 2.437e-05 1.869e-05 7.472e-05 -1.000 1.397e-04 -3.297 0.212 -1.942 -3.149 -3.538 -3.737 -3.811
0.00017443 -1.95000 10.03342 0.8274821639 2.4279696929    0.689  3.290  3.6341  0.474    8  0.525  0.435    57.12    32.82    21.43    17.10    13.88  1 -5.44e-07      0.00 7.506e-01 2.492e-01 2.437e-05 1.869e-05 7.472e-05 -1.000 1.396e-04 -3.455 0.242 -1.997 -3.274 -3.686 -3.896 -3.975
0.00017443 -1.95000 10.03342 0.8274829984 2.4279699629    0.671  3.323  3.6313  0.419    8  0.526  0.435    64.05    36.05    23.43    18.74    15.21  1 -6.54e-07      0.00 7.506e-01 2.492e-01 2.437e-05 1.869e-05 7.472e-05 -1.000 1.396e-04 -3.538 0.269 -2.015 -3.335 -3.762 -3.979 -4.062
0.00017443 -1.95000 10.03342 0.8274838924 2.4279702522    0.653  3.344  3.6293  0.377    8  0.526  0.435    69.64    38.56    24.97    20.01    16.24  1  -7.5e-07      0.00 7.506e-01 2.492e-01 2.437e-05 1.869e-05 7.472e-05 -1.000 1.396e-04 -3.591 0.294 -2.018 -3.371 -3.809 -4.032 -4.116
0.00017443 -1.95000 10.03342 0.8274883628 2.4279716987    0.528 -9.999  4.0000  1.865    9  0.529  0.000     0.00     0.00     0.00     0.00     0.00 -1    -1e-30      0.00 7.506e-01 2.492e-01 2.437e-05 1.869e-05 7.472e-05 -1.000 1.396e-04 29.767 30.109 29.971 30.250 30.478 30.557 30.645
