# Zini     MH   logAge Mini        int_IMF         Mass   logL    logTe  logg  label   McoreTP C_O  period0  period1  period2  period3  period4  pmode  Mloss  tau1m   X   Y   Xc  Xn  Xo  Cexcess  Z 	 mbolmag  umag    gmag    rmag    imag    zmag    Ymag
0.00055082 -1.45000 10.02531 0.0900000036 1.0816895926    0.090 -3.188  3.4720  5.420    1  0.000  0.545     0.00     0.00     0.00     0.00     0.00 -1  -5.3e-17      0.00 7.481e-01 2.513e-01 1.025e-04 2.765e-05 2.507e-04 -1.000 5.698e-04 12.739 17.901 16.279 14.369 12.652 12.089 11.979
0.00055082 -1.45000 10.02531 0.0909668803 1.0908876726    0.091 -3.159  3.4761  5.413    1  0.000  0.545     0.00     0.00     0.00     0.00     0.00 -1 -5.69e-17      0.00 7.479e-01 2.515e-01 1.025e-04 2.765e-05 2.507e-04 -1.000 5.698e-04 12.667 17.820 16.125 14.225 12.571 12.025 11.914
0.00055082 -1.45000 10.02531 0.1000000015 1.1711064122    0.100 -2.905  3.5124  5.344    1  0.000  0.545     0.00     0.00     0.00     0.00     0.00 -1 -1.05e-16      0.00 7.466e-01 2.529e-01 1.025e-04 2.765e-05 2.507e-04 -1.000 5.698e-04 12.031 16.938 14.770 13.002 11.870 11.453 11.342
0.00055082 -1.45000 10.02531 0.1199999973 1.3193154249    0.120 -2.619  3.5438  5.264    1  0.000  0.545     0.00     0.00     0.00     0.00     0.00 -1 -2.04e-16      0.00 7.443e-01 2.552e-01 1.025e-04 2.765e-05 2.507e-04 -1.000 5.699e-04 11.318 15.754 13.528 11.923 11.120 10.782 10.677
0.00055082 -1.45000 10.02531 0.1400000006 1.4384526719    0.140 -2.438  3.5593  5.211    1  0.000  0.545     0.00     0.00     0.00     0.00     0.00 -1 -3.04e-16      0.00 7.426e-01 2.568e-01 1.025e-04 2.765e-05 2.507e-04 -1.000 5.699e-04 10.866 15.012 12.845 11.329 10.653 10.347 10.247
0.00055082 -1.45000 10.02531 0.1599999964 1.5372931554    0.160 -2.297  3.5695  5.170    1  0.000  0.545     0.00     0.00     0.00     0.00     0.00 -1 -4.12e-16      0.00 7.413e-01 2.581e-01 1.025e-04 2.765e-05 2.507e-04 -1.000 5.698e-04 10.514 14.452 12.351 10.897 10.294 10.007 9.910
0.00055082 -1.45000 10.02531 0.1918712407 1.6655501754    0.192 -2.118  3.5804  5.113    1  0.000  0.545     0.00     0.00     0.00     0.00     0.00 -1 -6.07e-16      0.00 7.403e-01 2.591e-01 1.025e-04 2.765e-05 2.507e-04 -1.000 5.699e-04 10.065 13.787 11.761 10.380 9.838 9.569 9.478
0.00055082 -1.45000 10.02531 0.2000000179 1.6938791367    0.200 -2.077  3.5829  5.100    1  0.000  0.545     0.00     0.00     0.00     0.00     0.00 -1 -6.63e-16      0.00 7.401e-01 2.593e-01 1.025e-04 2.765e-05 2.507e-04 -1.000 5.698e-04 9.963 13.633 11.628 10.265 9.734 9.469 9.379
0.00055082 -1.45000 10.02531 0.2500000000 1.8403257998    0.250 -1.872  3.5941  5.036    1  0.000  0.545     0.00     0.00     0.00     0.00     0.00 -1 -8.76e-16      0.00 7.399e-01 2.595e-01 1.025e-04 2.765e-05 2.507e-04 -1.000 5.699e-04 9.450 12.898 10.981 9.699 9.216 8.969 8.883
0.00055082 -1.45000 10.02531 0.3000000417 1.9529140366    0.300 -1.716  3.6026  4.993    1  0.000  0.545     0.00     0.00     0.00     0.00     0.00 -1 -1.19e-15      0.00 7.401e-01 2.593e-01 1.024e-04 2.765e-05 2.507e-04 -1.000 5.699e-04 9.059 12.350 10.493 9.272 8.819 8.585 8.504
0.00055082 -1.45000 10.02531 0.3167982697 1.9853806243    0.317 -1.671  3.6051  4.982    1  0.000  0.545     0.00     0.00     0.00     0.00     0.00 -1 -1.54e-15      0.00 7.405e-01 2.589e-01 1.024e-04 2.765e-05 2.507e-04 -1.000 5.698e-04 8.948 12.194 10.354 9.150 8.706 8.476 8.396
0.00055082 -1.45000 10.02531 0.3500000238 2.0434175133    0.350 -1.589  3.6098  4.963    1  0.000  0.545     0.00     0.00     0.00     0.00     0.00 -1  -1.8e-15      0.00 7.413e-01 2.581e-01 1.024e-04 2.765e-05 2.507e-04 -1.000 5.698e-04 8.744 11.908 10.100 8.928 8.498 8.276 8.198
0.00055082 -1.45000 10.02531 0.3667475283 2.0700425939    0.367 -1.540  3.6137  4.949    1  0.000  0.545     0.00     0.00     0.00     0.00     0.00 -1 -2.01e-15      0.00 7.443e-01 2.551e-01 1.024e-04 2.765e-05 2.507e-04 -1.000 5.697e-04 8.619 11.720 9.935 8.790 8.372 8.155 8.079
0.00055082 -1.45000 10.02531 0.4000000060 2.1185024399    0.400 -1.447  3.6210  4.923    1  0.000  0.545     0.00     0.00     0.00     0.00     0.00 -1 -2.46e-15      0.00 7.501e-01 2.493e-01 1.025e-04 2.765e-05 2.507e-04 -1.000 5.699e-04 8.387 11.370 9.628 8.532 8.136 7.930 7.858
0.00055082 -1.45000 10.02531 0.4499999881 2.1822809009    0.450 -1.274  3.6393  4.874    1  0.000  0.545     0.00     0.00     0.00     0.00     0.00 -1 -3.65e-15      0.00 7.502e-01 2.492e-01 1.025e-04 2.765e-05 2.507e-04 -1.000 5.699e-04 7.954 10.651 9.016 8.042 7.697 7.519 7.456
0.00055082 -1.45000 10.02531 0.5000000000 2.2374541529    0.500 -1.079  3.6653  4.829    1  0.000  0.545     0.00     0.00     0.00     0.00     0.00 -1 -5.71e-15      0.00 7.502e-01 2.492e-01 1.025e-04 2.765e-05 2.507e-04 -1.000 5.699e-04 7.467 9.761 8.300 7.484 7.205 7.065 7.015
0.00055082 -1.45000 10.02531 0.5500000715 2.2836583126    0.550 -0.869  3.6909  4.763    1  0.000  0.544     0.00     0.00     0.00     0.00     0.00 -1 -9.52e-15      0.00 7.807e-01 2.188e-01 9.076e-05 2.450e-05 2.223e-04 -1.000 5.131e-04 6.942 8.818 7.583 6.908 6.682 6.577 6.541
0.00055082 -1.45000 10.02531 0.6000000238 2.3211213258    0.600 -0.666  3.7179  4.706    1  0.000  0.544     0.00     0.00     0.00     0.00     0.00 -1 -1.55e-14      0.00 7.901e-01 2.094e-01 8.738e-05 2.360e-05 2.142e-04 -1.000 5.025e-04 6.436 7.934 6.932 6.373 6.193 6.120 6.099
0.00055082 -1.45000 10.02531 0.6057920456 2.3250038573    0.605 -0.642  3.7214  4.700    1  0.000  0.544     0.00     0.00     0.00     0.00     0.00 -1 -1.64e-14      0.00 7.914e-01 2.082e-01 8.693e-05 2.348e-05 2.131e-04 -1.000 4.648e-04 6.376 7.830 6.856 6.311 6.136 6.067 6.048
0.00055082 -1.45000 10.02531 0.6207484007 2.3346452075    0.620 -0.580  3.7304  4.684    1  0.000  0.544     0.00     0.00     0.00     0.00     0.00 -1 -1.91e-14      0.00 7.947e-01 2.048e-01 8.572e-05 2.316e-05 2.103e-04 -1.000 4.934e-04 6.219 7.566 6.661 6.150 5.990 5.932 5.917
0.00055082 -1.45000 10.02531 0.6345502734 2.3430802036    0.634 -0.522  3.7386  4.668    1  0.000  0.543     0.00     0.00     0.00     0.00     0.00 -1  -2.2e-14      0.00 7.980e-01 2.016e-01 8.455e-05 2.285e-05 2.075e-04 -1.000 4.601e-04 6.074 7.335 6.486 6.005 5.857 5.807 5.796
0.00055082 -1.45000 10.02531 0.6463693380 2.3499751084    0.646 -0.472  3.7456  4.654    1  0.000  0.543     0.00     0.00     0.00     0.00     0.00 -1 -2.48e-14      0.00 8.009e-01 1.987e-01 8.351e-05 2.257e-05 2.050e-04 -1.000 4.693e-04 5.949 7.142 6.337 5.882 5.745 5.702 5.694
0.00055082 -1.45000 10.02531 0.6499999762 2.3520353107    0.650 -0.456  3.7477  4.650    1  0.000  0.543     0.00     0.00     0.00     0.00     0.00 -1 -2.57e-14      0.00 8.018e-01 1.978e-01 8.318e-05 2.248e-05 2.042e-04 -1.000 4.600e-04 5.911 7.083 6.292 5.844 5.710 5.670 5.663
0.00055082 -1.45000 10.02531 0.6559173465 2.3553369731    0.656 -0.431  3.7508  4.641    1  0.000  0.543     0.00     0.00     0.00     0.00     0.00 -1 -2.74e-14      0.00 8.036e-01 1.960e-01 8.253e-05 2.231e-05 2.027e-04 -1.000 4.564e-04 5.848 6.990 6.219 5.783 5.654 5.617 5.611
0.00055082 -1.45000 10.02531 0.6701715589 2.3630156844    0.670 -0.370  3.7583  4.620    1  0.000  0.543     0.00     0.00     0.00     0.00     0.00 -1  -3.2e-14      0.00 8.082e-01 1.913e-01 8.091e-05 2.188e-05 1.987e-04 -1.000 4.559e-04 5.696 6.768 6.042 5.636 5.519 5.490 5.487
0.00055082 -1.45000 10.02531 0.6837031841 2.3699654961    0.684 -0.312  3.7653  4.597    1  0.000  0.542     0.00     0.00     0.00     0.00     0.00 -1 -3.72e-14      0.00 8.129e-01 1.866e-01 7.924e-05 2.144e-05 1.948e-04 -1.000 4.559e-04 5.549 6.565 5.877 5.496 5.389 5.367 5.367
0.00055082 -1.45000 10.02531 0.6962298751 2.3761230313    0.696 -0.256  3.7715  4.575    1  0.000  0.542     0.00     0.00     0.00     0.00     0.00 -1  -4.3e-14      0.00 8.176e-01 1.820e-01 7.760e-05 2.100e-05 1.909e-04 -1.000 4.556e-04 5.411 6.380 5.723 5.364 5.267 5.251 5.254
0.00055082 -1.45000 10.02531 0.7000000477 2.3779267258    0.700 -0.239  3.7733  4.568    1  0.000  0.542     0.00     0.00     0.00     0.00     0.00 -1 -4.49e-14      0.00 8.190e-01 1.805e-01 7.708e-05 2.086e-05 1.896e-04 -1.000 4.559e-04 5.369 6.324 5.676 5.324 5.230 5.216 5.219
0.00055082 -1.45000 10.02531 0.7054191828 2.3804805047    0.705 -0.215  3.7758  4.556    1  0.000  0.541     0.00     0.00     0.00     0.00     0.00 -1  -4.8e-14      0.00 8.217e-01 1.778e-01 7.602e-05 2.060e-05 1.874e-04 -1.000 4.458e-04 5.307 6.245 5.608 5.265 5.175 5.163 5.168
0.00055082 -1.45000 10.02531 0.7144301534 2.3846284709    0.714 -0.173  3.7799  4.537    1  0.000  0.539     0.00     0.00     0.00     0.00     0.00 -1 -5.37e-14      0.00 8.265e-01 1.732e-01 7.419e-05 2.016e-05 1.834e-04 -1.000 3.657e-04 5.203 6.111 5.493 5.166 5.082 5.074 5.080
0.00055082 -1.45000 10.02531 0.7265315056 2.3900132858    0.726 -0.115  3.7853  4.507    1  0.000  0.537     0.00     0.00     0.00     0.00     0.00 -1 -6.28e-14      0.00 8.330e-01 1.667e-01 7.171e-05 1.955e-05 1.781e-04 -1.000 3.584e-04 5.058 5.936 5.337 5.028 4.953 4.950 4.958
0.00055082 -1.45000 10.02531 0.7377129793 2.3948086161    0.737 -0.059  3.7901  4.477    1  0.000  0.535     0.00     0.00     0.00     0.00     0.00 -1 -7.34e-14      0.00 8.390e-01 1.606e-01 6.943e-05 1.899e-05 1.731e-04 -1.000 3.558e-04 4.919 5.769 5.186 4.895 4.827 4.829 4.838
0.00055082 -1.45000 10.02531 0.7482897043 2.3991932435    0.748 -0.004  3.7944  4.445    1  0.000  0.532     0.00     0.00     0.00     0.00     0.00 -1 -8.58e-14      0.00 8.446e-01 1.550e-01 6.736e-05 1.849e-05 1.686e-04 -1.000 3.559e-04 4.780 5.608 5.037 4.761 4.700 4.706 4.717
0.00055082 -1.45000 10.02531 0.7500000000 2.3998889087    0.750  0.005  3.7951  4.440    1  0.000  0.532     0.00     0.00     0.00     0.00     0.00 -1 -8.81e-14      0.00 8.455e-01 1.542e-01 6.703e-05 1.841e-05 1.679e-04 -1.000 3.558e-04 4.757 5.582 5.012 4.739 4.679 4.686 4.697
0.00055082 -1.45000 10.02531 0.7535739541 2.4013309037    0.753  0.024  3.7965  4.429    1  0.000  0.532     0.00     0.00     0.00     0.00     0.00 -1  -9.3e-14      0.00 8.467e-01 1.530e-01 6.671e-05 1.833e-05 1.672e-04 -1.000 3.563e-04 4.709 5.527 4.961 4.693 4.636 4.644 4.655
0.00055082 -1.45000 10.02531 0.7642530203 2.4055473636    0.764  0.085  3.8006  4.390    1  0.000  0.531     0.00     0.00     0.00     0.00     0.00 -1 -1.11e-13      0.00 8.499e-01 1.498e-01 6.588e-05 1.811e-05 1.654e-04 -1.000 3.559e-04 4.558 5.354 4.799 4.546 4.495 4.507 4.520
0.00055082 -1.45000 10.02531 0.7737618685 2.4091893505    0.773  0.143  3.8042  4.352    1  0.000  0.530     0.00     0.00     0.00     0.00     0.00 -1 -1.32e-13      0.00 8.524e-01 1.472e-01 6.526e-05 1.795e-05 1.640e-04 -1.000 3.558e-04 4.412 5.193 4.645 4.404 4.359 4.375 4.388
0.00055082 -1.45000 10.02531 0.7825234532 2.4124551806    0.782  0.200  3.8073  4.312    1  0.000  0.530     0.00     0.00     0.00     0.00     0.00 -1 -1.56e-13      0.00 8.545e-01 1.451e-01 6.480e-05 1.783e-05 1.630e-04 -1.000 3.558e-04 4.269 5.035 4.492 4.263 4.223 4.242 4.257
0.00055082 -1.45000 10.02531 0.7906737328 2.4154185425    0.790  0.258  3.8098  4.269    1  0.000  0.529     0.00     0.00     0.00     0.00     0.00 -1 -1.86e-13      0.00 8.562e-01 1.434e-01 6.445e-05 1.774e-05 1.623e-04 -1.000 3.606e-04 4.126 4.880 4.342 4.122 4.087 4.107 4.123
0.00055082 -1.45000 10.02531 0.7979589701 2.4180085434    0.797  0.312  3.8117  4.226    1  0.000  0.529     0.00     0.00     0.00     0.00     0.00 -1 -2.21e-13      0.00 8.572e-01 1.424e-01 6.432e-05 1.771e-05 1.620e-04 -1.000 4.145e-04 3.990 4.736 4.199 3.987 3.955 3.977 3.993
0.00055082 -1.45000 10.02531 0.8000000119 2.4187244405    0.799  0.328  3.8121  4.213    1  0.000  0.529     0.00     0.00     0.00     0.00     0.00 -1 -2.32e-13      0.00 8.572e-01 1.424e-01 6.437e-05 1.773e-05 1.622e-04 -1.000 4.273e-04 3.950 4.694 4.158 3.947 3.916 3.939 3.955
0.00055082 -1.45000 10.02531 0.8060059547 2.4208068643    0.805  0.377  3.8131  4.171    1  0.000  0.529     0.00     0.00     0.00     0.00     0.00 -1 -2.72e-13      0.00 8.555e-01 1.441e-01 6.509e-05 1.793e-05 1.640e-04 -1.000 4.419e-04 3.827 4.567 4.030 3.824 3.795 3.819 3.835
0.00055082 -1.45000 10.02531 0.8062231541 2.4208815050    0.805  0.379  3.8131  4.169    1  0.000  0.529     0.00     0.00     0.00     0.00     0.00 -1 -2.74e-13      0.00 8.554e-01 1.441e-01 6.512e-05 1.794e-05 1.641e-04 -1.000 4.419e-04 3.822 4.562 4.026 3.820 3.790 3.814 3.830
0.00055082 -1.45000 10.02531 0.8082486391 2.4215753438    0.807  0.398  3.8130  4.151    1  0.000  0.529     0.00     0.00     0.00     0.00     0.00 -1 -2.93e-13      0.00 8.548e-01 1.448e-01 6.538e-05 1.801e-05 1.647e-04 -1.000 4.419e-04 3.776 4.516 3.979 3.773 3.744 3.768 3.784
0.00055082 -1.45000 10.02531 0.8140116930 2.4235277989    0.813  0.453  3.8118  4.094    1  0.000  0.529     0.00     0.00     0.00     0.00     0.00 -1 -3.52e-13      0.00 8.530e-01 1.465e-01 6.613e-05 1.822e-05 1.666e-04 -1.000 4.419e-04 3.636 4.378 3.839 3.631 3.601 3.623 3.639
0.00055082 -1.45000 10.02531 0.8188244700 2.4251341158    0.817  0.508  3.8085  4.029    1  0.000  0.529     0.00     0.00     0.00     0.00     0.00 -1 -4.28e-13      0.00 8.515e-01 1.480e-01 6.676e-05 1.839e-05 1.682e-04 -1.000 4.419e-04 3.501 4.254 3.709 3.492 3.457 3.476 3.491
0.00055082 -1.45000 10.02531 0.8196392059 2.4254038966    0.818  0.518  3.8076  4.016    1  0.000  0.529     0.00     0.00     0.00     0.00     0.00 -1 -4.48e-13      0.00 8.513e-01 1.483e-01 6.686e-05 1.842e-05 1.684e-04 -1.000 4.419e-04 3.476 4.232 3.685 3.466 3.429 3.448 3.462
0.00055082 -1.45000 10.02531 0.8210968971 2.4258850412    0.820  0.538  3.8052  3.987    2  0.000  0.529     0.00     0.00     0.00     0.00     0.00 -1 -4.84e-13      0.00 8.508e-01 1.487e-01 6.705e-05 1.847e-05 1.689e-04 -1.000 4.419e-04 3.426 4.191 3.640 3.413 3.373 3.389 3.403
0.00055082 -1.45000 10.02531 0.8239541650 2.4268224709    0.822  0.580  3.7985  3.919    2  0.000  0.529     0.00     0.00     0.00     0.00     0.00 -1 -5.74e-13      0.00 8.500e-01 1.496e-01 6.742e-05 1.857e-05 1.698e-04 -1.000 4.419e-04 3.319 4.111 3.547 3.299 3.250 3.259 3.270
0.00055082 -1.45000 10.02531 0.8260080814 2.4274917267    0.824  0.616  3.7904  3.852    2  0.000  0.529     0.00     0.00     0.00     0.00     0.00 -1 -6.72e-13      0.00 8.489e-01 1.507e-01 6.799e-05 1.873e-05 1.713e-04 -1.000 4.356e-04 3.231 4.060 3.478 3.204 3.142 3.144 3.152
0.00055082 -1.45000 10.02531 0.8275399804 2.4279883998    0.826  0.645  3.7815  3.788    2  0.000  0.530     0.00     0.00     0.00     0.00     0.00 -1 -7.73e-13      0.00 8.389e-01 1.607e-01 7.198e-05 1.981e-05 1.810e-04 -1.000 4.338e-04 3.158 4.033 3.428 3.124 3.048 3.041 3.046
0.00055082 -1.45000 10.02531 0.8289655447 2.4284487012    0.827  0.673  3.7707  3.717    2  0.000  0.532     0.00     0.00     0.00     0.00     0.00 -1 -8.95e-13      0.00 8.150e-01 1.846e-01 8.016e-05 2.200e-05 2.007e-04 -1.000 4.248e-04 3.087 4.027 3.386 3.045 2.953 2.935 2.936
0.00055082 -1.45000 10.02531 0.8299804926 2.4287753104    0.828  0.696  3.7618  3.659    2  0.000  0.535     0.00     0.00     0.00     0.00     0.00 -1 -1.01e-12      0.00 7.915e-01 2.080e-01 8.758e-05 2.399e-05 2.184e-04 -1.000 5.008e-04 3.029 4.029 3.354 2.982 2.876 2.850 2.847
0.00055082 -1.45000 10.02531 0.8309075832 2.4290728455    0.829  0.726  3.7535  3.596    2  0.000  0.536     0.00     0.00     0.00     0.00     0.00 -1 -1.16e-12      0.00 7.783e-01 2.212e-01 9.173e-05 2.510e-05 2.283e-04 -1.000 5.044e-04 2.955 4.016 3.306 2.905 2.786 2.751 2.745
0.00055082 -1.45000 10.02531 0.8316287398 2.4293037619    0.830  0.760  3.7478  3.540    2  0.000  0.536     0.00     0.00     0.00     0.00     0.00 -1 -1.33e-12      0.00 7.720e-01 2.275e-01 9.372e-05 2.563e-05 2.330e-04 -1.000 5.308e-04 2.871 3.976 3.240 2.820 2.692 2.651 2.643
0.00055082 -1.45000 10.02531 0.8323210478 2.4295250080    0.830  0.801  3.7432  3.481    2  0.000  0.537     0.00     0.00     0.00     0.00     0.00 -1 -1.57e-12      0.00 7.679e-01 2.317e-01 9.501e-05 2.597e-05 2.361e-04 -1.000 4.838e-04 2.768 3.909 3.153 2.717 2.582 2.536 2.526
0.00055082 -1.45000 10.02531 0.8324345946 2.4295612547    0.830  0.809  3.7427  3.471    2  0.000  0.537     0.00     0.00     0.00     0.00     0.00 -1 -1.62e-12      0.00 7.673e-01 2.322e-01 9.515e-05 2.601e-05 2.364e-04 -1.000 5.004e-04 2.747 3.892 3.134 2.696 2.560 2.514 2.503
0.00055082 -1.45000 10.02531 0.8330324292 2.4297519091    0.831  0.855  3.7398  3.414    3  0.000  0.537     0.00     0.00     0.00     0.00     0.00 -1 -1.92e-12      0.00 7.647e-01 2.348e-01 9.584e-05 2.620e-05 2.381e-04 -1.000 5.578e-04 2.632 3.800 3.029 2.582 2.441 2.392 2.380
0.00055082 -1.45000 10.02531 0.8335361481 2.4299123051    0.831  0.897  3.7377  3.363    3  0.000  0.537     0.00     0.00     0.00     0.00     0.00 -1 -2.24e-12      0.00 7.626e-01 2.368e-01 9.633e-05 2.633e-05 2.393e-04 -1.000 5.482e-04 2.526 3.713 2.931 2.477 2.333 2.282 2.269
0.00055082 -1.45000 10.02531 0.8340951800 2.4300900534    0.832  0.948  3.7356  3.304    3  0.000  0.537     0.00     0.00     0.00     0.00     0.00 -1  -2.7e-12      0.00 7.605e-01 2.390e-01 9.677e-05 2.645e-05 2.403e-04 -1.000 5.518e-04 2.399 3.604 2.812 2.351 2.204 2.150 2.136
0.00055082 -1.45000 10.02531 0.8346118927 2.4302541024    0.832  0.999  3.7337  3.246    3  0.000  0.537     0.00     0.00     0.00     0.00     0.00 -1 -3.24e-12      0.00 7.585e-01 2.410e-01 9.709e-05 2.655e-05 2.412e-04 -1.000 5.571e-04 2.272 3.493 2.692 2.225 2.075 2.019 2.003
0.00055082 -1.45000 10.02531 0.8351303935 2.4304184845    0.833  1.054  3.7318  3.184    3  0.000  0.536     0.00     0.00     0.00     0.00     0.00 -1 -3.95e-12      0.00 7.564e-01 2.430e-01 9.729e-05 2.665e-05 2.419e-04 -1.000 5.339e-04 2.134 3.370 2.560 2.088 1.935 1.877 1.861
0.00055082 -1.45000 10.02531 0.8355896473 2.4305638874    0.833  1.108  3.7301  3.124    3  0.000  0.535     0.00     0.00     0.00     0.00     0.00 -1 -4.79e-12      0.00 7.546e-01 2.449e-01 9.726e-05 2.678e-05 2.424e-04 -1.000 5.318e-04 2.001 3.250 2.433 1.956 1.800 1.739 1.722
0.00055082 -1.45000 10.02531 0.8359792829 2.4306871046    0.833  1.157  3.7286  3.068    3  0.000  0.533     0.00     0.00     0.00     0.00     0.00 -1 -5.71e-12      0.00 7.529e-01 2.465e-01 9.703e-05 2.700e-05 2.428e-04 -1.000 5.499e-04 1.877 3.141 2.316 1.834 1.676 1.613 1.596
0.00055082 -1.45000 10.02531 0.8362843394 2.4307834827    0.834  1.199  3.7273  3.022    3  0.000  0.531     0.00     0.00     0.00     0.00     0.00 -1 -6.63e-12      0.00 7.517e-01 2.478e-01 9.669e-05 2.729e-05 2.431e-04 -1.000 5.511e-04 1.774 3.048 2.217 1.731 1.572 1.507 1.489
0.00055082 -1.45000 10.02531 0.8366220593 2.4308900860    0.834  1.249  3.7257  2.965    3  0.000  0.527     0.00     0.00     0.00     0.00     0.00 -1 -7.94e-12      0.00 7.504e-01 2.491e-01 9.612e-05 2.782e-05 2.434e-04 -1.000 5.593e-04 1.648 2.937 2.098 1.607 1.445 1.379 1.359
0.00055082 -1.45000 10.02531 0.8369449377 2.4309919119    0.834  1.301  3.7240  2.906    3  0.000  0.523     0.00     0.00     0.00     0.00     0.00 -1  -9.6e-12      0.00 7.492e-01 2.503e-01 9.539e-05 2.856e-05 2.436e-04 -1.000 5.499e-04 1.517 2.822 1.973 1.477 1.312 1.244 1.223
0.00055082 -1.45000 10.02531 0.8372374773 2.4310840920    0.834  1.353  3.7223  2.847    3  0.000  0.519     0.00     0.00     0.00     0.00     0.00 -1 -1.16e-11      0.00 7.482e-01 2.512e-01 9.468e-05 2.936e-05 2.437e-04 -1.000 5.611e-04 1.386 2.708 1.850 1.347 1.180 1.110 1.088
0.00055082 -1.45000 10.02531 0.8374928236 2.4311644918    0.834  1.403  3.7205  2.790    3  0.000  0.515     0.00     0.00     0.00     0.00     0.00 -1 -1.39e-11      0.00 7.475e-01 2.520e-01 9.407e-05 3.007e-05 2.439e-04 -1.000 5.546e-04 1.262 2.599 1.732 1.224 1.054 0.982 0.959
0.00055082 -1.45000 10.02531 0.8377236724 2.4312371297    0.834  1.452  3.7188  2.734    3  0.000  0.512     0.00     0.00     0.00     0.00     0.00 -1 -1.66e-11      0.00 7.470e-01 2.525e-01 9.362e-05 3.061e-05 2.440e-04 -1.000 5.356e-04 1.139 2.494 1.617 1.103 0.930 0.855 0.832
0.00055082 -1.45000 10.02531 0.8379313350 2.4313024326    0.834  1.501  3.7170  2.678    3  0.000  0.510     0.00     0.00     0.00     0.00     0.00 -1 -1.98e-11      0.00 7.466e-01 2.528e-01 9.330e-05 3.099e-05 2.440e-04 -1.000 5.418e-04 1.018 2.390 1.503 0.983 0.807 0.731 0.706
0.00055082 -1.45000 10.02531 0.8381242156 2.4313630537    0.834  1.550  3.7151  2.622    3  0.000  0.509     0.00     0.00     0.00     0.00     0.00 -1 -2.36e-11      0.00 7.463e-01 2.531e-01 9.308e-05 3.126e-05 2.441e-04 -1.000 5.666e-04 0.894 2.286 1.388 0.862 0.683 0.604 0.579
0.00055082 -1.45000 10.02531 0.8382948637 2.4314166605    0.834  1.598  3.7133  2.566    3  0.000  0.508     0.00     0.00     0.00     0.00     0.00 -1 -2.81e-11      0.00 7.462e-01 2.532e-01 9.298e-05 3.140e-05 2.441e-04 -1.000 5.666e-04 0.775 2.185 1.277 0.744 0.562 0.481 0.455
0.00055082 -1.45000 10.02531 0.8384540677 2.4314666498    0.834  1.647  3.7114  2.510    3  0.000  0.508     0.00     0.00     0.00     0.00     0.00 -1 -3.35e-11      0.00 7.462e-01 2.533e-01 9.295e-05 3.144e-05 2.441e-04 -1.000 5.667e-04 0.653 2.083 1.164 0.624 0.439 0.356 0.328
0.00055082 -1.45000 10.02531 0.8385947943 2.4315108190    0.834  1.694  3.7094  2.455    3  0.000  0.508     0.00     0.00     0.00     0.00     0.00 -1 -3.99e-11      0.00 7.461e-01 2.533e-01 9.294e-05 3.145e-05 2.441e-04 -1.000 5.666e-04 0.535 1.988 1.055 0.508 0.319 0.233 0.205
0.00055082 -1.45000 10.02531 0.8387202024 2.4315501659    0.834  1.740  3.7075  2.401    3  0.000  0.508     0.00     0.00     0.00     0.00     0.00 -1 -4.71e-11      0.00 7.461e-01 2.533e-01 9.293e-05 3.146e-05 2.441e-04 -1.000 5.668e-04 0.421 1.898 0.950 0.395 0.203 0.115 0.086
0.00055082 -1.45000 10.02531 0.8388365507 2.4315866582    0.834  1.786  3.7055  2.347    3  0.000  0.508     0.00     0.00     0.00     0.00     0.00 -1 -5.58e-11      0.00 7.461e-01 2.533e-01 9.292e-05 3.147e-05 2.441e-04 -1.000 5.668e-04 0.305 1.808 0.845 0.281 0.086 -0.005 -0.035
0.00055082 -1.45000 10.02531 0.8389397860 2.4316190279    0.834  1.830  3.7036  2.295    3  0.000  0.508     0.00     0.00     0.00     0.00     0.00 -1 -6.56e-11      0.00 7.461e-01 2.533e-01 9.292e-05 3.148e-05 2.441e-04 -1.000 5.667e-04 0.194 1.722 0.744 0.172 -0.027 -0.120 -0.151
0.00055082 -1.45000 10.02531 0.8390371203 2.4316495389    0.834  1.875  3.7015  2.242    3  0.000  0.508     0.00     0.00     0.00     0.00     0.00 -1 -7.74e-11      0.00 7.461e-01 2.533e-01 9.291e-05 3.148e-05 2.441e-04 -1.000 5.668e-04 0.081 1.635 0.641 0.061 -0.141 -0.237 -0.269
0.00055082 -1.45000 10.02531 0.8391248584 2.4316770349    0.833  1.919  3.6995  2.190    3  0.000  0.508     0.00     0.00     0.00     0.00     0.00 -1 -9.09e-11      0.00 7.461e-01 2.533e-01 9.291e-05 3.149e-05 2.441e-04 -1.000 5.668e-04 -0.028 1.552 0.543 -0.047 -0.252 -0.350 -0.383
0.00055082 -1.45000 10.02531 0.8392068148 2.4317027129    0.833  1.963  3.6974  2.138    3  0.000  0.508     0.00     0.00     0.00     0.00     0.00 -1 -1.07e-10      0.00 7.461e-01 2.533e-01 9.290e-05 3.150e-05 2.441e-04 -1.000 5.669e-04 -0.137 1.472 0.445 -0.153 -0.362 -0.463 -0.497
0.00055082 -1.45000 10.02531 0.8392853141 2.4317273025    0.833  2.006  3.6954  2.086    3  0.000  0.508     0.00     0.00     0.00     0.00     0.00 -1 -1.25e-10      0.00 7.461e-01 2.533e-01 9.290e-05 3.150e-05 2.441e-04 -1.000 5.668e-04 -0.245 1.393 0.349 -0.258 -0.471 -0.574 -0.610
0.00055082 -1.45000 10.02531 0.8393658996 2.4317525400    0.832  2.045  3.6935  2.039    3  0.000  0.508     0.00     0.00     0.00     0.00     0.00 -1 -1.45e-10      0.00 7.461e-01 2.533e-01 9.289e-05 3.151e-05 2.441e-04 -1.000 5.669e-04 -0.343 1.322 0.263 -0.353 -0.570 -0.675 -0.712
0.00055082 -1.45000 10.02531 0.8394390941 2.4317754580    0.832  2.072  3.6923  2.007    3  0.000  0.508     0.00     0.00     0.00     0.00     0.00 -1 -1.61e-10      0.00 7.461e-01 2.534e-01 9.289e-05 3.152e-05 2.441e-04 -1.000 5.669e-04 -0.411 1.271 0.202 -0.420 -0.638 -0.745 -0.783
0.00055082 -1.45000 10.02531 0.8394867182 2.4317903671    0.832  2.056  3.6934  2.027    3  0.000  0.508     0.00     0.00     0.00     0.00     0.00 -1 -1.52e-10      0.00 7.461e-01 2.534e-01 9.289e-05 3.152e-05 2.441e-04 -1.000 5.669e-04 -0.370 1.296 0.236 -0.381 -0.597 -0.703 -0.740
0.00055082 -1.45000 10.02531 0.8395034671 2.4317956101    0.832  2.050  3.6937  2.035    3  0.000  0.508     0.00     0.00     0.00     0.00     0.00 -1 -1.49e-10      0.00 7.461e-01 2.534e-01 9.289e-05 3.152e-05 2.441e-04 -1.000 5.669e-04 -0.355 1.306 0.248 -0.366 -0.582 -0.687 -0.724
0.00055082 -1.45000 10.02531 0.8395571709 2.4318124194    0.831  2.091  3.6917  1.986    3  0.000  0.508     0.00     0.00     0.00     0.00     0.00 -1 -1.71e-10      0.00 7.461e-01 2.534e-01 9.288e-05 3.152e-05 2.442e-04 -1.000 5.669e-04 -0.457 1.234 0.159 -0.465 -0.685 -0.792 -0.830
0.00055082 -1.45000 10.02531 0.8396080136 2.4318283310    0.831  2.131  3.6896  1.937    3  0.000  0.508     0.00     0.00     0.00     0.00     0.00 -1 -1.98e-10      0.00 7.461e-01 2.534e-01 9.288e-05 3.153e-05 2.442e-04 -1.000 5.670e-04 -0.557 1.167 0.072 -0.563 -0.786 -0.897 -0.936
0.00055082 -1.45000 10.02531 0.8396575451 2.4318438300    0.831  2.173  3.6874  1.886    3  0.000  0.508     0.00     0.00     0.00     0.00     0.00 -1 -2.32e-10      0.00 7.461e-01 2.534e-01 9.288e-05 3.153e-05 2.442e-04 -1.000 5.670e-04 -0.662 1.101 -0.018 -0.663 -0.891 -1.004 -1.045
0.00055082 -1.45000 10.02531 0.8397036195 2.4318582454    0.830  2.214  3.6852  1.836    3  0.000  0.508     0.00     0.00     0.00     0.00     0.00 -1  -2.7e-10      0.00 7.461e-01 2.534e-01 9.287e-05 3.154e-05 2.442e-04 -1.000 5.670e-04 -0.766 1.038 -0.107 -0.764 -0.995 -1.112 -1.154
0.00055082 -1.45000 10.02531 0.8397446871 2.4318710928    0.830  2.254  3.6830  1.787    3  0.000  0.508     0.00     0.00     0.00     0.00     0.00 -1 -3.14e-10      0.00 7.461e-01 2.534e-01 9.287e-05 3.154e-05 2.442e-04 -1.000 5.670e-04 -0.866 0.987 -0.191 -0.862 -1.097 -1.216 -1.260
0.00055082 -1.45000 10.02531 0.8397828341 2.4318830252    0.829  2.294  3.6808  1.738    3  0.000  0.508     0.00     0.00     0.00     0.00     0.00 -1 -3.64e-10      0.00 7.461e-01 2.534e-01 9.287e-05 3.154e-05 2.442e-04 -1.000 5.670e-04 -0.965 0.939 -0.274 -0.960 -1.199 -1.320 -1.365
0.00055082 -1.45000 10.02531 0.8398181200 2.4318940616    0.829  2.333  3.6785  1.689    3  0.000  0.508     0.00     0.00     0.00     0.00     0.00 -1 -4.21e-10      0.00 7.460e-01 2.534e-01 9.287e-05 3.155e-05 2.442e-04 -1.000 5.670e-04 -1.063 0.896 -0.354 -1.056 -1.298 -1.423 -1.469
0.00055082 -1.45000 10.02531 0.8398509622 2.4319043327    0.828  2.372  3.6763  1.641    3  0.000  0.508     0.00     0.00     0.00     0.00     0.00 -1 -4.87e-10      0.00 7.460e-01 2.534e-01 9.287e-05 3.155e-05 2.442e-04 -1.000 5.670e-04 -1.161 0.855 -0.433 -1.151 -1.398 -1.525 -1.573
0.00055082 -1.45000 10.02531 0.8398802876 2.4319135032    0.827  2.409  3.6741  1.594    3  0.000  0.508     0.00     0.00     0.00     0.00     0.00 -1  -5.6e-10      0.00 7.460e-01 2.534e-01 9.286e-05 3.155e-05 2.442e-04 -1.000 5.670e-04 -1.254 0.821 -0.506 -1.242 -1.493 -1.623 -1.672
0.00055082 -1.45000 10.02531 0.8399077654 2.4319220952    0.827  2.447  3.6718  1.548    3  0.000  0.508     0.00     0.00     0.00     0.00     0.00 -1 -6.45e-10      0.00 7.460e-01 2.534e-01 9.286e-05 3.155e-05 2.442e-04 -1.000 5.670e-04 -1.347 0.790 -0.579 -1.332 -1.588 -1.721 -1.771
0.00055082 -1.45000 10.02531 0.8399389386 2.4319318419    0.826  2.492  3.6690  1.491    3  0.000  0.508     0.00     0.00     0.00     0.00     0.00 -1 -7.64e-10      0.00 7.460e-01 2.534e-01 9.286e-05 3.156e-05 2.442e-04 -1.000 5.670e-04 -1.461 0.757 -0.665 -1.442 -1.703 -1.840 -1.892
0.00055082 -1.45000 10.02531 0.8399668336 2.4319405630    0.825  2.536  3.6663  1.435    3  0.000  0.508     7.77     6.05     4.28     3.31     2.68  3 -9.03e-10      0.00 7.460e-01 2.534e-01 9.286e-05 3.156e-05 2.442e-04 -1.000 5.670e-04 -1.571 0.736 -0.744 -1.547 -1.814 -1.955 -2.009
0.00055082 -1.45000 10.02531 0.8399928808 2.4319487058    0.824  2.581  3.6635  1.379    3  0.000  0.508     8.74     6.69     4.72     3.65     2.96  3 -1.07e-09      0.00 7.460e-01 2.534e-01 9.286e-05 3.156e-05 2.442e-04 -1.000 5.670e-04 -1.682 0.721 -0.822 -1.652 -1.926 -2.070 -2.127
0.00055082 -1.45000 10.02531 0.8400161266 2.4319559723    0.822  2.623  3.6608  1.325    3  0.000  0.508     9.79     7.38     5.17     4.01     3.25  3 -1.25e-09      0.00 7.460e-01 2.534e-01 9.286e-05 3.156e-05 2.442e-04 -1.000 5.671e-04 -1.788 0.713 -0.894 -1.753 -2.032 -2.181 -2.239
0.00055082 -1.45000 10.02531 0.8400373459 2.4319626049    0.821  2.665  3.6580  1.272    3  0.000  0.508    10.95     8.12     5.67     4.40     3.57  3 -1.47e-09      0.00 7.460e-01 2.534e-01 9.286e-05 3.156e-05 2.442e-04 -1.000 5.670e-04 -1.892 0.714 -0.961 -1.850 -2.136 -2.289 -2.350
0.00055082 -1.45000 10.02531 0.8400577903 2.4319689950    0.820  2.708  3.6551  1.216    3  0.000  0.508    12.31     8.97     6.24     4.85     3.93  3 -1.73e-09      0.00 7.460e-01 2.534e-01 9.285e-05 3.156e-05 2.442e-04 -1.000 5.671e-04 -2.000 0.693 -1.033 -1.947 -2.241 -2.398 -2.461
0.00055082 -1.45000 10.02531 0.8400754929 2.4319745278    0.818  2.748  3.6524  1.165    3  0.000  0.508    13.73     9.85     6.82     5.31     4.30  3 -2.01e-09      0.00 7.460e-01 2.534e-01 9.285e-05 3.157e-05 2.442e-04 -1.000 5.671e-04 -2.100 0.676 -1.099 -2.036 -2.337 -2.499 -2.565
0.00055082 -1.45000 10.02531 0.8400921226 2.4319797250    0.817  2.788  3.6497  1.113    3  0.000  0.508    15.31    10.81     7.45     5.81     4.71  2 -2.35e-09      0.00 7.460e-01 2.534e-01 9.285e-05 3.157e-05 2.442e-04 -1.000 5.671e-04 -2.200 0.659 -1.165 -2.125 -2.435 -2.601 -2.669
0.00055082 -1.45000 10.02531 0.8401079178 2.4319846613    0.815  2.829  3.6468  1.060    3  0.000  0.508    17.12    11.89     8.16     6.37     5.17  2 -2.74e-09      0.00 7.460e-01 2.534e-01 9.285e-05 3.157e-05 2.442e-04 -1.000 5.671e-04 -2.302 0.645 -1.230 -2.214 -2.532 -2.703 -2.773
0.00055082 -1.45000 10.02531 0.8401215076 2.4319889081    0.813  2.866  3.6442  1.011    3  0.000  0.508    18.97    12.98     8.87     6.94     5.63  2 -3.16e-09      0.00 7.460e-01 2.534e-01 9.285e-05 3.157e-05 2.442e-04 -1.000 5.671e-04 -2.395 0.634 -1.289 -2.295 -2.620 -2.796 -2.868
0.00055082 -1.45000 10.02531 0.8401346803 2.4319930244    0.811  2.905  3.6415  0.960    3  0.000  0.508    21.09    14.22     9.68     7.58     6.15  2 -3.67e-09      0.00 7.460e-01 2.534e-01 9.285e-05 3.157e-05 2.442e-04 -1.000 5.671e-04 -2.492 0.629 -1.345 -2.379 -2.712 -2.893 -2.967
0.00055082 -1.45000 10.02531 0.8401470780 2.4319968984    0.809  2.943  3.6387  0.910    3  0.000  0.507    23.46    15.57    10.55     8.28     6.71  2 -4.25e-09      0.00 7.460e-01 2.534e-01 9.285e-05 3.157e-05 2.442e-04 -1.000 5.670e-04 -2.588 0.628 -1.399 -2.461 -2.803 -2.990 -3.066
0.00055082 -1.45000 10.02531 0.8401576877 2.4320002136    0.807  2.978  3.6361  0.863    3  0.000  0.507    25.88    16.93    11.43     8.98     7.28  2 -4.88e-09      0.00 7.460e-01 2.534e-01 9.285e-05 3.157e-05 2.442e-04 -1.000 5.671e-04 -2.676 0.632 -1.445 -2.533 -2.885 -3.077 -3.155
0.00055082 -1.45000 10.02531 0.8401679397 2.4320034169    0.805  3.014  3.6335  0.815    3  0.000  0.507    28.62    18.44    12.41     9.76     7.92  1 -5.61e-09      0.00 7.460e-01 2.534e-01 9.285e-05 3.157e-05 2.442e-04 -1.000 5.671e-04 -2.766 0.636 -1.490 -2.607 -2.968 -3.166 -3.247
0.00055082 -1.45000 10.02531 0.8401778936 2.4320065271    0.802  3.051  3.6308  0.767    3  0.000  0.507    31.68    20.12    13.48    10.61     8.61  1 -6.46e-09      0.00 7.460e-01 2.534e-01 9.285e-05 3.157e-05 2.442e-04 -1.000 5.671e-04 -2.857 0.638 -1.538 -2.683 -3.053 -3.256 -3.340
0.00055082 -1.45000 10.02531 0.8401865959 2.4320092460    0.800  3.085  3.6283  0.721    3  0.000  0.507    34.84    21.81    14.56    11.48     9.32  1 -7.36e-09      0.00 7.460e-01 2.534e-01 9.285e-05 3.158e-05 2.442e-04 -1.000 5.671e-04 -2.941 0.642 -1.579 -2.751 -3.130 -3.339 -3.424
0.00055082 -1.45000 10.02531 0.8401952386 2.4320119463    0.797  3.120  3.6256  0.674    3  0.000  0.507    38.50    23.75    15.79    12.47    10.12  1 -8.45e-09      0.00 7.460e-01 2.534e-01 9.285e-05 3.158e-05 2.442e-04 -1.000 5.671e-04 -3.029 0.648 -1.620 -2.821 -3.210 -3.424 -3.513
0.00055082 -1.45000 10.02531 0.8402032256 2.4320144417    0.793  3.154  3.6231  0.628    3  0.000  0.507    42.42    25.79    17.08    13.51    10.97  1 -9.67e-09      0.00 7.460e-01 2.534e-01 9.285e-05 3.158e-05 2.442e-04 -1.000 5.672e-04 -3.115 0.651 -1.661 -2.890 -3.289 -3.508 -3.599
0.00055082 -1.45000 10.02531 0.8402105570 2.4320167322    0.790  3.187  3.6206  0.583    3  0.000  0.507    46.58    27.93    18.43    14.59    11.85  1  -1.1e-08      0.00 7.460e-01 2.534e-01 9.285e-05 3.158e-05 2.442e-04 -1.000 5.671e-04 -3.198 0.654 -1.701 -2.956 -3.364 -3.589 -3.682
0.00055082 -1.45000 10.02531 0.8402175903 2.4320189295    0.787  3.220  3.6181  0.538    3  0.000  0.507    51.22    30.27    19.90    15.78    12.82  1 -1.25e-08      0.00 7.460e-01 2.534e-01 9.285e-05 3.158e-05 2.442e-04 -1.000 5.671e-04 -3.281 0.658 -1.737 -3.021 -3.439 -3.669 -3.764
0.00055082 -1.45000 10.02531 0.8402241468 2.4320209778    0.783  3.253  3.6157  0.494    3  0.000  0.507    56.20    32.75    21.45    17.03    13.84  1 -1.42e-08      0.00 7.460e-01 2.534e-01 9.284e-05 3.158e-05 2.442e-04 -1.000 5.672e-04 -3.362 0.660 -1.771 -3.083 -3.511 -3.747 -3.844
0.00055082 -1.45000 10.02531 0.8402303457 2.4320229144    0.779  3.283  3.6134  0.452    3  0.000  0.507    61.34    35.27    23.02    18.30    14.87  1 -1.61e-08      0.00 7.460e-01 2.534e-01 9.284e-05 3.158e-05 2.442e-04 -1.000 5.671e-04 -3.437 0.662 -1.797 -3.140 -3.578 -3.821 -3.920
0.00055082 -1.45000 10.02531 0.8402350545 2.4320243854    0.775  3.305  3.6117  0.421    3  0.000  0.507    65.41    37.24    24.25    19.30    15.68  1 -1.77e-08      0.00 7.460e-01 2.534e-01 9.284e-05 3.158e-05 2.442e-04 -1.000 5.671e-04 -3.493 0.661 -1.815 -3.181 -3.628 -3.874 -3.975
0.00055082 -1.45000 10.02531 0.8402350545 2.4320243854    0.775  1.749  3.7535  2.545    4  0.000  0.524     0.00     0.00     0.00     0.00     0.00 -1    -1e-30      0.00 7.418e-01 2.577e-01 9.757e-05 2.913e-05 2.487e-04 -1.000 5.699e-04 0.399 1.432 0.725 0.347 0.234 0.197 0.189
0.00055082 -1.45000 10.02531 0.8402877450 2.4320408446    0.775  1.767  3.7518  2.520    4  0.000  0.524     0.00     0.00     0.00     0.00     0.00 -1    -1e-30      0.00 7.418e-01 2.577e-01 9.757e-05 2.913e-05 2.487e-04 -1.000 5.699e-04 0.353 1.398 0.685 0.301 0.185 0.146 0.138
0.00055082 -1.45000 10.02531 0.8403421044 2.4320578226    0.775  1.769  3.7517  2.517    4  0.000  0.524     0.00     0.00     0.00     0.00     0.00 -1    -1e-30      0.00 7.418e-01 2.577e-01 9.757e-05 2.913e-05 2.487e-04 -1.000 5.698e-04 0.347 1.393 0.680 0.295 0.179 0.140 0.132
0.00055082 -1.45000 10.02531 0.8403958082 2.4320745934    0.775  1.771  3.7519  2.516    4  0.000  0.524     0.00     0.00     0.00     0.00     0.00 -1    -1e-30      0.00 7.418e-01 2.577e-01 9.757e-05 2.913e-05 2.487e-04 -1.000 5.698e-04 0.343 1.388 0.675 0.292 0.175 0.137 0.129
0.00055082 -1.45000 10.02531 0.8404514790 2.4320919759    0.775  1.772  3.7522  2.517    4  0.000  0.524     0.00     0.00     0.00     0.00     0.00 -1    -1e-30      0.00 7.418e-01 2.577e-01 9.757e-05 2.913e-05 2.487e-04 -1.000 5.699e-04 0.341 1.384 0.672 0.290 0.174 0.136 0.128
0.00055082 -1.45000 10.02531 0.8405064344 2.4321091324    0.775  1.772  3.7528  2.519    4  0.000  0.524     0.00     0.00     0.00     0.00     0.00 -1    -1e-30      0.00 7.418e-01 2.577e-01 9.757e-05 2.913e-05 2.487e-04 -1.000 5.698e-04 0.341 1.379 0.669 0.289 0.174 0.137 0.129
0.00055082 -1.45000 10.02531 0.8405628204 2.4321267328    0.775  1.771  3.7536  2.523    4  0.000  0.524     0.00     0.00     0.00     0.00     0.00 -1    -1e-30      0.00 7.418e-01 2.577e-01 9.757e-05 2.913e-05 2.487e-04 -1.000 5.699e-04 0.341 1.373 0.667 0.289 0.176 0.139 0.132
0.00055082 -1.45000 10.02531 0.8406181931 2.4321440143    0.775  1.771  3.7545  2.527    4  0.000  0.524     0.00     0.00     0.00     0.00     0.00 -1    -1e-30      0.00 7.418e-01 2.577e-01 9.757e-05 2.913e-05 2.487e-04 -1.000 5.699e-04 0.343 1.368 0.665 0.291 0.179 0.143 0.136
0.00055082 -1.45000 10.02531 0.8406741023 2.4321614606    0.776  1.770  3.7555  2.532    4  0.000  0.524     0.00     0.00     0.00     0.00     0.00 -1    -1e-30      0.00 7.418e-01 2.577e-01 9.757e-05 2.913e-05 2.487e-04 -1.000 5.699e-04 0.345 1.363 0.663 0.293 0.183 0.148 0.141
0.00055082 -1.45000 10.02531 0.8407278657 2.4321782347    0.776  1.769  3.7565  2.536    4  0.000  0.524     0.00     0.00     0.00     0.00     0.00 -1    -1e-30      0.00 7.418e-01 2.577e-01 9.757e-05 2.913e-05 2.487e-04 -1.000 5.698e-04 0.347 1.357 0.661 0.295 0.187 0.153 0.146
0.00055082 -1.45000 10.02531 0.8407813907 2.4321949320    0.776  1.768  3.7574  2.541    4  0.000  0.524     0.00     0.00     0.00     0.00     0.00 -1    -1e-30      0.00 7.418e-01 2.577e-01 9.757e-05 2.913e-05 2.487e-04 -1.000 5.699e-04 0.349 1.352 0.659 0.296 0.190 0.157 0.151
0.00055082 -1.45000 10.02531 0.8408384919 2.4322127423    0.776  1.767  3.7584  2.546    4  0.000  0.524     0.00     0.00     0.00     0.00     0.00 -1    -1e-30      0.00 7.418e-01 2.577e-01 9.757e-05 2.913e-05 2.487e-04 -1.000 5.698e-04 0.351 1.346 0.657 0.298 0.193 0.162 0.156
0.00055082 -1.45000 10.02531 0.8408964276 2.4322308100    0.776  1.767  3.7593  2.550    4  0.000  0.524     0.00     0.00     0.00     0.00     0.00 -1    -1e-30      0.00 7.417e-01 2.577e-01 9.757e-05 2.913e-05 2.487e-04 -1.000 5.699e-04 0.353 1.341 0.655 0.300 0.197 0.166 0.161
0.00055082 -1.45000 10.02531 0.8409529328 2.4322484288    0.776  1.766  3.7602  2.554    4  0.000  0.524     0.00     0.00     0.00     0.00     0.00 -1    -1e-30      0.00 7.417e-01 2.577e-01 9.757e-05 2.913e-05 2.487e-04 -1.000 5.699e-04 0.355 1.336 0.653 0.301 0.199 0.169 0.165
0.00055082 -1.45000 10.02531 0.8410086632 2.4322658034    0.776  1.766  3.7608  2.557    4  0.000  0.524     0.00     0.00     0.00     0.00     0.00 -1    -1e-30      0.00 7.417e-01 2.577e-01 9.757e-05 2.913e-05 2.487e-04 -1.000 5.699e-04 0.355 1.332 0.652 0.301 0.201 0.172 0.167
0.00055082 -1.45000 10.02531 0.8410221338 2.4322700026    0.776  1.766  3.7610  2.558    4  0.000  0.524     0.00     0.00     0.00     0.00     0.00 -1    -1e-30      0.00 7.417e-01 2.577e-01 9.757e-05 2.913e-05 2.487e-04 -1.000 5.698e-04 0.356 1.331 0.651 0.302 0.201 0.172 0.168
0.00055082 -1.45000 10.02531 0.8410277963 2.4322717677    0.776  1.766  3.7610  2.558    4  0.000  0.524     0.00     0.00     0.00     0.00     0.00 -1    -1e-30      0.00 7.417e-01 2.577e-01 9.757e-05 2.913e-05 2.487e-04 -1.000 5.699e-04 0.356 1.331 0.651 0.302 0.201 0.172 0.168
0.00055082 -1.45000 10.02531 0.8410794139 2.4322878569    0.776  1.766  3.7614  2.560    4  0.000  0.524     0.00     0.00     0.00     0.00     0.00 -1    -1e-30      0.00 7.417e-01 2.577e-01 9.757e-05 2.913e-05 2.487e-04 -1.000 5.699e-04 0.355 1.328 0.649 0.301 0.202 0.173 0.169
0.00055082 -1.45000 10.02531 0.8411337733 2.4323047982    0.776  1.766  3.7617  2.561    4  0.000  0.524     0.00     0.00     0.00     0.00     0.00 -1    -1e-30      0.00 7.417e-01 2.577e-01 9.757e-05 2.913e-05 2.487e-04 -1.000 5.698e-04 0.354 1.325 0.647 0.300 0.201 0.173 0.169
0.00055082 -1.45000 10.02531 0.8411877751 2.4323216256    0.776  1.767  3.7618  2.560    4  0.000  0.524     0.00     0.00     0.00     0.00     0.00 -1    -1e-30      0.00 7.417e-01 2.577e-01 9.757e-05 2.913e-05 2.487e-04 -1.000 5.699e-04 0.353 1.323 0.645 0.299 0.200 0.172 0.168
0.00055082 -1.45000 10.02531 0.8412414193 2.4323383390    0.776  1.768  3.7617  2.559    4  0.000  0.524     0.00     0.00     0.00     0.00     0.00 -1    -1e-30      0.00 7.417e-01 2.577e-01 9.757e-05 2.913e-05 2.487e-04 -1.000 5.699e-04 0.350 1.321 0.643 0.296 0.197 0.169 0.165
0.00055082 -1.45000 10.02531 0.8412932754 2.4323544931    0.776  1.769  3.7614  2.556    4  0.000  0.524     0.00     0.00     0.00     0.00     0.00 -1    -1e-30      0.00 7.417e-01 2.577e-01 9.757e-05 2.913e-05 2.487e-04 -1.000 5.699e-04 0.347 1.320 0.641 0.293 0.194 0.165 0.161
0.00055082 -1.45000 10.02531 0.8413457870 2.4323708490    0.776  1.771  3.7609  2.553    4  0.000  0.524     0.00     0.00     0.00     0.00     0.00 -1    -1e-30      0.00 7.417e-01 2.577e-01 9.757e-05 2.913e-05 2.487e-04 -1.000 5.698e-04 0.343 1.319 0.639 0.289 0.189 0.159 0.155
0.00055082 -1.45000 10.02531 0.8413993716 2.4323875367    0.776  1.773  3.7603  2.548    4  0.000  0.524     0.00     0.00     0.00     0.00     0.00 -1    -1e-30      0.00 7.417e-01 2.577e-01 9.757e-05 2.913e-05 2.487e-04 -1.000 5.699e-04 0.338 1.318 0.636 0.284 0.183 0.153 0.148
0.00055082 -1.45000 10.02531 0.8414252400 2.4323955919    0.776  1.774  3.7599  2.546    4  0.000  0.524     0.00     0.00     0.00     0.00     0.00 -1    -1e-30      0.00 7.417e-01 2.577e-01 9.757e-05 2.913e-05 2.487e-04 -1.000 5.698e-04 0.335 1.318 0.635 0.281 0.179 0.149 0.144
0.00055082 -1.45000 10.02531 0.8414545059 2.4324047045    0.776  1.776  3.7593  2.542    4  0.000  0.524     0.00     0.00     0.00     0.00     0.00 -1    -1e-30      0.00 7.417e-01 2.577e-01 9.757e-05 2.913e-05 2.487e-04 -1.000 5.698e-04 0.331 1.319 0.633 0.277 0.174 0.143 0.138
0.00055082 -1.45000 10.02531 0.8415104747 2.4324221294    0.776  1.779  3.7581  2.534    4  0.000  0.524     0.00     0.00     0.00     0.00     0.00 -1    -1e-30      0.00 7.417e-01 2.577e-01 9.757e-05 2.913e-05 2.487e-04 -1.000 5.699e-04 0.323 1.319 0.629 0.269 0.164 0.132 0.126
0.00055082 -1.45000 10.02531 0.8415668011 2.4324396630    0.777  1.783  3.7569  2.525    4  0.000  0.524     0.00     0.00     0.00     0.00     0.00 -1    -1e-30      0.00 7.417e-01 2.577e-01 9.757e-05 2.913e-05 2.487e-04 -1.000 5.698e-04 0.313 1.320 0.625 0.260 0.153 0.119 0.113
0.00055082 -1.45000 10.02531 0.8416237235 2.4324573794    0.777  1.787  3.7555  2.515    4  0.000  0.524     0.00     0.00     0.00     0.00     0.00 -1    -1e-30      0.00 7.417e-01 2.577e-01 9.757e-05 2.913e-05 2.487e-04 -1.000 5.698e-04 0.303 1.320 0.620 0.250 0.140 0.105 0.099
0.00055082 -1.45000 10.02531 0.8416756392 2.4324735351    0.777  1.791  3.7542  2.506    4  0.000  0.524     0.00     0.00     0.00     0.00     0.00 -1    -1e-30      0.00 7.417e-01 2.577e-01 9.757e-05 2.913e-05 2.487e-04 -1.000 5.699e-04 0.292 1.319 0.614 0.240 0.128 0.091 0.084
0.00055082 -1.45000 10.02531 0.8417279720 2.4324898184    0.777  1.796  3.7529  2.496    4  0.000  0.524     0.00     0.00     0.00     0.00     0.00 -1    -1e-30      0.00 7.417e-01 2.577e-01 9.757e-05 2.913e-05 2.487e-04 -1.000 5.699e-04 0.280 1.317 0.607 0.228 0.114 0.076 0.069
0.00055082 -1.45000 10.02531 0.8417794108 2.4325058211    0.777  1.801  3.7517  2.486    4  0.000  0.524     0.00     0.00     0.00     0.00     0.00 -1    -1e-30      0.00 7.417e-01 2.577e-01 9.757e-05 2.913e-05 2.488e-04 -1.000 5.698e-04 0.268 1.315 0.600 0.216 0.100 0.061 0.053
0.00055082 -1.45000 10.02531 0.8418320417 2.4325221924    0.777  1.806  3.7503  2.475    4  0.000  0.524     0.00     0.00     0.00     0.00     0.00 -1    -1e-30      0.00 7.417e-01 2.577e-01 9.757e-05 2.913e-05 2.488e-04 -1.000 5.699e-04 0.254 1.311 0.592 0.203 0.084 0.044 0.035
0.00055082 -1.45000 10.02531 0.8418845534 2.4325385243    0.777  1.816  3.7480  2.456    4  0.000  0.524     0.00     0.00     0.00     0.00     0.00 -1    -1e-30      0.00 7.417e-01 2.577e-01 9.757e-05 2.913e-05 2.488e-04 -1.000 5.699e-04 0.230 1.306 0.577 0.179 0.056 0.014 0.004
0.00055082 -1.45000 10.02531 0.8419376016 2.4325550206    0.777  1.828  3.7453  2.433    4  0.000  0.524     0.00     0.00     0.00     0.00     0.00 -1    -1e-30      0.00 7.417e-01 2.577e-01 9.757e-05 2.913e-05 2.488e-04 -1.000 5.699e-04 0.199 1.297 0.556 0.148 0.022 -0.024 -0.035
0.00055082 -1.45000 10.02531 0.8419914246 2.4325717555    0.777  1.846  3.7420  2.403    4  0.000  0.524     0.00     0.00     0.00     0.00     0.00 -1    -1e-30      0.00 7.417e-01 2.577e-01 9.757e-05 2.913e-05 2.488e-04 -1.000 5.698e-04 0.156 1.281 0.526 0.106 -0.026 -0.076 -0.088
0.00055082 -1.45000 10.02531 0.8420439959 2.4325880988    0.777  1.880  3.7363  2.346    4  0.000  0.524     0.00     0.00     0.00     0.00     0.00 -1    -1e-30      0.00 7.417e-01 2.577e-01 9.757e-05 2.913e-05 2.488e-04 -1.000 5.699e-04 0.071 1.248 0.464 0.023 -0.119 -0.175 -0.190
0.00055082 -1.45000 10.02531 0.8420696259 2.4325960657    0.777  1.915  3.7310  2.289    4  0.000  0.524     0.00     0.00     0.00     0.00     0.00 -1    -1e-30      0.00 7.417e-01 2.577e-01 9.757e-05 2.913e-05 2.488e-04 -1.000 5.698e-04 -0.018 1.209 0.396 -0.065 -0.216 -0.277 -0.294
0.00055082 -1.45000 10.02531 0.8420808911 2.4325995673    0.777  1.950  3.7263  2.236    4  0.000  0.524     0.00     0.00     0.00     0.00     0.00 -1    -1e-30      0.00 7.417e-01 2.577e-01 9.757e-05 2.913e-05 2.488e-04 -1.000 5.699e-04 -0.105 1.171 0.330 -0.150 -0.308 -0.374 -0.394
0.00055082 -1.45000 10.02531 0.8420858383 2.4326011050    0.777  1.984  3.7221  2.185    4  0.000  0.524     0.00     0.00     0.00     0.00     0.00 -1    -1e-30      0.00 7.417e-01 2.577e-01 9.757e-05 2.913e-05 2.488e-04 -1.000 5.699e-04 -0.189 1.130 0.264 -0.232 -0.398 -0.469 -0.490
0.00055082 -1.45000 10.02531 0.8420883417 2.4326018831    0.777  2.016  3.7184  2.138    4  0.000  0.524     0.00     0.00     0.00     0.00     0.00 -1    -1e-30      0.00 7.417e-01 2.577e-01 9.757e-05 2.913e-05 2.488e-04 -1.000 5.698e-04 -0.271 1.089 0.199 -0.312 -0.484 -0.559 -0.582
0.00055082 -1.45000 10.02531 0.8420897126 2.4326023092    0.777  2.047  3.7153  2.095    4  0.000  0.524     0.00     0.00     0.00     0.00     0.00 -1    -1e-30      0.00 7.417e-01 2.577e-01 9.757e-05 2.913e-05 2.488e-04 -1.000 5.698e-04 -0.347 1.049 0.138 -0.385 -0.563 -0.641 -0.667
0.00055082 -1.45000 10.02531 0.8420899510 2.4326023833    0.777  2.053  3.7146  2.086    4  0.000  0.524     0.00     0.00     0.00     0.00     0.00 -1    -1e-30      0.00 7.417e-01 2.577e-01 9.757e-05 2.913e-05 2.488e-04 -1.000 5.698e-04 -0.363 1.041 0.126 -0.401 -0.579 -0.659 -0.684
0.00055082 -1.45000 10.02531 0.8420900106 2.4326024019    0.777  2.054  3.7145  2.084    7  0.000  0.524     0.00     0.00     0.00     0.00     0.00 -1 -8.55e-10      0.00 7.417e-01 2.561e-01 9.757e-05 2.913e-05 2.488e-04 -1.000 2.170e-03 -0.366 1.039 0.123 -0.404 -0.583 -0.662 -0.688
0.00055082 -1.45000 10.02531 0.8420910835 2.4326027353    0.777  2.094  3.7110  2.030    7  0.000  0.524     0.00     0.00     0.00     0.00     0.00 -1  -1.1e-09      0.00 7.417e-01 2.561e-01 9.757e-05 2.913e-05 2.488e-04 -1.000 2.170e-03 -0.466 0.981 0.041 -0.501 -0.685 -0.769 -0.796
0.00055082 -1.45000 10.02531 0.8420919776 2.4326030132    0.777  2.132  3.7078  1.980    7  0.000  0.524     0.00     0.00     0.00     0.00     0.00 -1 -1.38e-09      0.00 7.417e-01 2.561e-01 9.757e-05 2.913e-05 2.488e-04 -1.000 2.170e-03 -0.560 0.927 -0.037 -0.592 -0.783 -0.870 -0.899
0.00055082 -1.45000 10.02531 0.8420929313 2.4326033096    0.777  2.169  3.7048  1.931    7  0.000  0.524     0.00     0.00     0.00     0.00     0.00 -1 -1.71e-09      0.00 7.417e-01 2.561e-01 9.757e-05 2.913e-05 2.488e-04 -1.000 2.170e-03 -0.652 0.877 -0.112 -0.681 -0.877 -0.968 -0.999
0.00055082 -1.45000 10.02531 0.8420938849 2.4326036061    0.777  2.199  3.7023  1.890    7  0.000  0.524     0.00     0.00     0.00     0.00     0.00 -1 -2.04e-09      0.00 7.417e-01 2.561e-01 9.757e-05 2.913e-05 2.488e-04 -1.000 2.170e-03 -0.728 0.836 -0.174 -0.755 -0.955 -1.050 -1.082
0.00055082 -1.45000 10.02531 0.8420953751 2.4326040692    0.777  2.219  3.7009  1.865    7  0.000  0.524     0.00     0.00     0.00     0.00     0.00 -1 -2.29e-09      0.00 7.417e-01 2.561e-01 9.757e-05 2.913e-05 2.488e-04 -1.000 2.170e-03 -0.777 0.808 -0.214 -0.802 -1.005 -1.101 -1.134
0.00055082 -1.45000 10.02531 0.8420980573 2.4326049029    0.776  2.189  3.7033  1.904    7  0.000  0.524     0.00     0.00     0.00     0.00     0.00 -1 -1.93e-09      0.00 7.417e-01 2.561e-01 9.757e-05 2.913e-05 2.488e-04 -1.000 2.170e-03 -0.704 0.847 -0.155 -0.731 -0.930 -1.023 -1.055
0.00055082 -1.45000 10.02531 0.8421024084 2.4326062552    0.776  2.159  3.7057  1.944    7  0.000  0.524     0.00     0.00     0.00     0.00     0.00 -1 -1.61e-09      0.00 7.417e-01 2.561e-01 9.757e-05 2.913e-05 2.488e-04 -1.000 2.170e-03 -0.626 0.890 -0.091 -0.657 -0.851 -0.941 -0.971
0.00055082 -1.45000 10.02531 0.8421292901 2.4326146099    0.774  2.169  3.7047  1.928    7  0.000  0.524     0.00     0.00     0.00     0.00     0.00 -1 -1.73e-09      0.00 7.417e-01 2.561e-01 9.757e-05 2.913e-05 2.488e-04 -1.000 2.170e-03 -0.654 0.877 -0.113 -0.683 -0.879 -0.970 -1.001
0.00055082 -1.45000 10.02531 0.8421487212 2.4326206487    0.773  2.207  3.7016  1.877    7  0.000  0.524     0.00     0.00     0.00     0.00     0.00 -1 -2.18e-09      0.00 7.417e-01 2.561e-01 9.757e-05 2.913e-05 2.488e-04 -1.000 2.170e-03 -0.748 0.827 -0.190 -0.774 -0.976 -1.071 -1.103
0.00055082 -1.45000 10.02531 0.8421692848 2.4326270390    0.770  2.257  3.6976  1.810    7  0.000  0.524     0.00     0.00     0.00     0.00     0.00 -1 -2.97e-09      0.00 7.417e-01 2.561e-01 9.757e-05 2.913e-05 2.488e-04 -1.000 2.170e-03 -0.873 0.761 -0.291 -0.894 -1.103 -1.204 -1.239
0.00055082 -1.45000 10.02531 0.8421893120 2.4326332623    0.768  2.303  3.6940  1.748    7  0.000  0.524     0.00     0.00     0.00     0.00     0.00 -1 -3.92e-09      0.00 7.417e-01 2.561e-01 9.757e-05 2.913e-05 2.488e-04 -1.000 2.170e-03 -0.988 0.701 -0.385 -1.004 -1.220 -1.325 -1.362
0.00055082 -1.45000 10.02531 0.8422068357 2.4326387073    0.764  2.347  3.6907  1.689    7  0.000  0.524     0.00     0.00     0.00     0.00     0.00 -1 -5.13e-09      0.00 7.417e-01 2.561e-01 9.757e-05 2.913e-05 2.488e-04 -1.000 2.168e-03 -1.099 0.643 -0.474 -1.110 -1.332 -1.441 -1.480
0.00055082 -1.45000 10.02531 0.8422223926 2.4326435410    0.760  2.391  3.6874  1.629    7  0.000  0.524     0.00     0.00     0.00     0.00     0.00 -1 -6.73e-09      0.00 7.417e-01 2.561e-01 9.756e-05 2.913e-05 2.488e-04 -1.000 2.136e-03 -1.209 0.589 -0.561 -1.214 -1.442 -1.556 -1.597
0.00055082 -1.45000 10.02531 0.8422359228 2.4326477449    0.756  2.435  3.6842  1.570    7  0.000  0.523     0.00     0.00     0.00     0.00     0.00 -1 -8.79e-09      0.00 7.417e-01 2.562e-01 9.752e-05 2.913e-05 2.488e-04 -1.000 2.077e-03 -1.317 0.545 -0.646 -1.318 -1.552 -1.670 -1.713
0.00055082 -1.45000 10.02531 0.8422478437 2.4326514485    0.751  2.478  3.6810  1.512    7  0.000  0.523     0.00     0.00     0.00     0.00     0.00 -1 -1.14e-08      0.00 7.417e-01 2.562e-01 9.741e-05 2.917e-05 2.488e-04 -1.000 2.029e-03 -1.424 0.514 -0.729 -1.422 -1.662 -1.784 -1.829
0.00055082 -1.45000 10.02531 0.8422584534 2.4326547447    0.745  2.520  3.6778  1.453    7  0.000  0.520     7.23     5.71     4.04     3.13     2.53  3 -1.48e-08      0.00 7.417e-01 2.563e-01 9.699e-05 2.942e-05 2.488e-04 -1.000 1.982e-03 -1.530 0.492 -0.807 -1.525 -1.771 -1.897 -1.944
0.00055082 -1.45000 10.02531 0.8422681689 2.4326577631    0.738  2.563  3.6738  1.390    7  0.000  0.514     8.24     6.38     4.49     3.49     2.82  3 -1.94e-08      0.00 7.417e-01 2.564e-01 9.591e-05 3.040e-05 2.488e-04 -1.000 1.921e-03 -1.637 0.497 -0.876 -1.627 -1.881 -2.012 -2.062
0.00055082 -1.45000 10.02531 0.8422770500 2.4326605221    0.730  2.606  3.6665  1.313    7  0.000  0.504     9.67     7.31     5.12     3.98     3.22  2 -2.59e-08      0.00 7.417e-01 2.564e-01 9.415e-05 3.237e-05 2.488e-04 -1.000 1.888e-03 -1.745 0.606 -0.908 -1.723 -1.992 -2.132 -2.187
0.00055082 -1.45000 10.02531 0.8422833085 2.4326624663    0.722  2.639  3.6624  1.259    7  0.000  0.496    10.81     8.03     5.60     4.37     3.53  2 -3.21e-08      0.00 7.416e-01 2.565e-01 9.262e-05 3.419e-05 2.488e-04 -1.000 1.873e-03 -1.826 0.658 -0.942 -1.796 -2.074 -2.221 -2.278
0.00055082 -1.45000 10.02531 0.8422909975 2.4326648549    0.710  2.681  3.6589  1.196    7  0.000  0.486    12.32     8.97     6.22     4.86     3.93  2 -4.27e-08      0.00 7.416e-01 2.566e-01 9.074e-05 3.651e-05 2.488e-04 -1.000 1.857e-03 -1.932 0.684 -1.002 -1.894 -2.180 -2.332 -2.392
0.00055082 -1.45000 10.02531 0.8422983885 2.4326671509    0.694  2.723  3.6557  1.131    7  0.000  0.477    14.06    10.03     6.91     5.42     4.39  2 -5.71e-08      0.00 7.415e-01 2.567e-01 8.905e-05 3.858e-05 2.488e-04 -1.000 1.855e-03 -2.038 0.688 -1.065 -1.988 -2.283 -2.440 -2.503
0.00055082 -1.45000 10.02531 0.8423054218 2.4326693357    0.674  2.765  3.6523  1.063    7  0.000  0.469    16.13    11.26     7.71     6.06     4.91  2 -7.78e-08      0.00 7.414e-01 2.568e-01 8.762e-05 4.034e-05 2.488e-04 -1.000 1.847e-03 -2.142 0.689 -1.126 -2.079 -2.384 -2.547 -2.612
0.00055082 -1.45000 10.02531 0.8423123360 2.4326714834    0.647  2.809  3.6491  0.988    7  0.000  0.462    18.73    12.75     8.68     6.84     5.54  1 -1.11e-07      0.00 7.413e-01 2.569e-01 8.632e-05 4.193e-05 2.488e-04 -1.000 1.825e-03 -2.252 0.688 -1.192 -2.175 -2.490 -2.658 -2.726
0.00055082 -1.45000 10.02531 0.8423187137 2.4326734645    0.610  2.853  3.6471  0.911    7  0.000  0.456    21.82    14.45     9.77     7.73     6.26  1 -1.65e-07      0.00 7.412e-01 2.570e-01 8.520e-05 4.331e-05 2.487e-04 -1.000 1.775e-03 -2.363 0.675 -1.263 -2.276 -2.599 -2.771 -2.841
0.00055082 -1.45000 10.02531 0.8423244953 2.4326752604    0.559  2.899  3.6513  0.844    7  0.000  0.451    24.74    15.96    10.71     8.52     6.89  1 -2.66e-07      0.00 7.411e-01 2.572e-01 8.418e-05 4.456e-05 2.486e-04 -1.000 1.773e-03 -2.478 0.520 -1.406 -2.410 -2.726 -2.893 -2.960
0.00055082 -1.45000 10.02531 0.8423271179 2.4326760750    0.513  2.924  3.6645  0.834    7  0.000  0.447    24.82    15.88    10.65     8.50     6.87  1 -3.44e-07      0.00 7.410e-01 2.572e-01 8.352e-05 4.538e-05 2.485e-04 -1.000 1.769e-03 -2.540 0.087 -1.624 -2.519 -2.804 -2.951 -3.007
0.00055082 -1.45000 10.02531 1.1285066605 2.4963338925    0.553 -9.999  3.6164  7.968    9  0.553  0.000     0.00     0.00     0.00     0.00     0.00 -1    -1e-30      0.00 7.288e-01 2.707e-01 7.367e-05 6.587e-05 2.486e-04 -1.000 4.496e-04 29.767 32.889 31.070 29.911 29.495 29.286 29.214
