# Zini     MH   logAge Mini        int_IMF         Mass   logL    logTe  logg  label   McoreTP C_O  period0  period1  period2  period3  period4  pmode  Mloss  tau1m   X   Y   Xc  Xn  Xo  Cexcess  Z 	 mbolmag  umag    gmag    rmag    imag    zmag    Ymag
0.0015467 -1.00000 10.01703 0.0900000036 1.0816895926    0.090 -3.240  3.4437  5.359    1  0.000  0.545     0.00     0.00     0.00     0.00     0.00 -1 -5.05e-17      0.00 7.452e-01 2.531e-01 2.929e-04 7.903e-05 7.168e-04 -1.000 1.629e-03 12.869 18.123 17.150 15.358 13.081 12.293 12.124
0.0015467 -1.00000 10.01703 0.0928026959 1.1080072756    0.093 -3.170  3.4535  5.342    1  0.000  0.545     0.00     0.00     0.00     0.00     0.00 -1 -5.95e-17      0.00 7.449e-01 2.534e-01 2.929e-04 7.903e-05 7.168e-04 -1.000 1.629e-03 12.695 17.928 16.742 14.953 12.848 12.117 11.957
0.0015467 -1.00000 10.01703 0.1000000089 1.1711064744    0.100 -3.001  3.4774  5.300    1  0.000  0.545     0.00     0.00     0.00     0.00     0.00 -1 -8.88e-17      0.00 7.442e-01 2.542e-01 2.929e-04 7.903e-05 7.168e-04 -1.000 1.629e-03 12.272 17.412 15.753 13.992 12.302 11.699 11.556
0.0015467 -1.00000 10.01703 0.1200000048 1.3193154741    0.120 -2.719  3.5107  5.231    1  0.000  0.545     0.00     0.00     0.00     0.00     0.00 -1 -1.68e-16      0.00 7.424e-01 2.560e-01 2.929e-04 7.903e-05 7.168e-04 -1.000 1.629e-03 11.569 16.404 14.341 12.669 11.476 11.017 10.891
0.0015467 -1.00000 10.01703 0.1400000006 1.4384526719    0.140 -2.535  3.5285  5.185    1  0.000  0.545     0.00     0.00     0.00     0.00     0.00 -1 -2.51e-16      0.00 7.410e-01 2.574e-01 2.929e-04 7.903e-05 7.168e-04 -1.000 1.629e-03 11.107 15.693 13.558 11.953 10.968 10.569 10.452
0.0015467 -1.00000 10.01703 0.1599999964 1.5372931554    0.160 -2.395  3.5398  5.148    1  0.000  0.545     0.00     0.00     0.00     0.00     0.00 -1 -3.38e-16      0.00 7.399e-01 2.585e-01 2.929e-04 7.903e-05 7.168e-04 -1.000 1.629e-03 10.756 15.163 13.024 11.468 10.594 10.226 10.114
0.0015467 -1.00000 10.01703 0.2000000179 1.6938791367    0.200 -2.175  3.5545  5.084    1  0.000  0.545     0.00     0.00     0.00     0.00     0.00 -1 -5.39e-16      0.00 7.385e-01 2.599e-01 2.929e-04 7.904e-05 7.168e-04 -1.000 1.629e-03 10.208 14.369 12.259 10.768 10.022 9.691 9.586
0.0015467 -1.00000 10.01703 0.2500000000 1.8403257998    0.250 -1.970  3.5661  5.022    1  0.000  0.545     0.00     0.00     0.00     0.00     0.00 -1 -3.88e-16      0.00 7.380e-01 2.603e-01 2.929e-04 7.904e-05 7.168e-04 -1.000 1.629e-03 9.695 13.656 11.588 10.151 9.494 9.190 9.090
0.0015467 -1.00000 10.01703 0.3000000417 1.9529140366    0.300 -1.810  3.5748  4.977    1  0.000  0.545     0.00     0.00     0.00     0.00     0.00 -1 -3.34e-16      0.00 7.381e-01 2.603e-01 2.929e-04 7.904e-05 7.168e-04 -1.000 1.629e-03 9.296 13.111 11.080 9.685 9.085 8.799 8.703
0.0015467 -1.00000 10.01703 0.3499999940 2.0434174644    0.350 -1.679  3.5821  4.941    1  0.000  0.545     0.00     0.00     0.00     0.00     0.00 -1 -1.51e-15      0.00 7.465e-01 2.518e-01 2.929e-04 7.903e-05 7.168e-04 -1.000 1.629e-03 8.966 12.664 10.665 9.308 8.748 8.476 8.384
0.0015467 -1.00000 10.01703 0.3645500243 2.0666400165    0.365 -1.632  3.5855  4.926    1  0.000  0.545     0.00     0.00     0.00     0.00     0.00 -1 -1.67e-15      0.00 7.467e-01 2.517e-01 2.929e-04 7.903e-05 7.168e-04 -1.000 1.629e-03 8.850 12.491 10.510 9.172 8.630 8.363 8.273
0.0015467 -1.00000 10.01703 0.4000000358 2.1185024810    0.400 -1.526  3.5933  4.891    1  0.000  0.545     0.00     0.00     0.00     0.00     0.00 -1 -2.12e-15      0.00 7.470e-01 2.514e-01 2.929e-04 7.903e-05 7.168e-04 -1.000 1.629e-03 8.586 12.103 10.160 8.865 8.359 8.107 8.020
0.0015467 -1.00000 10.01703 0.4500000477 2.1822809714    0.450 -1.351  3.6099  4.833    1  0.000  0.545     0.00     0.00     0.00     0.00     0.00 -1  -3.2e-15      0.00 7.470e-01 2.514e-01 2.929e-04 7.903e-05 7.168e-04 -1.000 1.629e-03 8.146 11.416 9.546 8.351 7.908 7.682 7.603
0.0015467 -1.00000 10.01703 0.4805206954 2.2168495511    0.480 -1.227  3.6261  4.803    1  0.000  0.545     0.00     0.00     0.00     0.00     0.00 -1 -4.27e-15      0.00 7.470e-01 2.514e-01 2.929e-04 7.903e-05 7.168e-04 -1.000 1.629e-03 7.837 10.883 9.075 7.980 7.591 7.391 7.320
0.0015467 -1.00000 10.01703 0.5000000000 2.2374541529    0.500 -1.152  3.6360  4.785    1  0.000  0.545     0.00     0.00     0.00     0.00     0.00 -1 -5.08e-15      0.00 7.470e-01 2.514e-01 2.929e-04 7.903e-05 7.168e-04 -1.000 1.629e-03 7.649 10.560 8.790 7.758 7.401 7.216 7.150
0.0015467 -1.00000 10.01703 0.5420174003 2.2769370904    0.542 -0.966  3.6636  4.744    1  0.000  0.544     0.00     0.00     0.00     0.00     0.00 -1 -7.82e-15      0.00 7.722e-01 2.263e-01 2.659e-04 7.177e-05 6.511e-04 -1.000 1.491e-03 7.186 9.672 8.057 7.207 6.929 6.788 6.735
0.0015467 -1.00000 10.01703 0.5500000715 2.2836583126    0.550 -0.933  3.6686  4.737    1  0.000  0.544     0.00     0.00     0.00     0.00     0.00 -1 -8.46e-15      0.00 7.768e-01 2.217e-01 2.610e-04 7.044e-05 6.391e-04 -1.000 1.466e-03 7.102 9.504 7.928 7.109 6.845 6.711 6.661
0.0015467 -1.00000 10.01703 0.6000000238 2.3211213258    0.600 -0.732  3.6980  4.692    1  0.000  0.544     0.00     0.00     0.00     0.00     0.00 -1 -1.35e-14      0.00 7.836e-01 2.150e-01 2.543e-04 6.868e-05 6.234e-04 -1.000 1.397e-03 6.600 8.494 7.201 6.546 6.341 6.247 6.213
0.0015467 -1.00000 10.01703 0.6046888232 2.3242709332    0.604 -0.713  3.7010  4.688    1  0.000  0.544     0.00     0.00     0.00     0.00     0.00 -1 -1.42e-14      0.00 7.843e-01 2.143e-01 2.536e-04 6.849e-05 6.217e-04 -1.000 1.389e-03 6.552 8.399 7.134 6.493 6.293 6.203 6.171
0.0015467 -1.00000 10.01703 0.6250461936 2.3373177457    0.625 -0.630  3.7140  4.672    1  0.000  0.544     0.00     0.00     0.00     0.00     0.00 -1 -1.72e-14      0.00 7.874e-01 2.112e-01 2.505e-04 6.766e-05 6.142e-04 -1.000 1.393e-03 6.345 8.001 6.855 6.271 6.093 6.019 5.994
0.0015467 -1.00000 10.01703 0.6443349123 2.3488089960    0.644 -0.552  3.7260  4.655    1  0.000  0.544     0.00     0.00     0.00     0.00     0.00 -1 -2.06e-14      0.00 7.904e-01 2.082e-01 2.474e-04 6.684e-05 6.068e-04 -1.000 1.389e-03 6.150 7.646 6.601 6.067 5.908 5.847 5.829
0.0015467 -1.00000 10.01703 0.6499999762 2.3520353107    0.650 -0.529  3.7295  4.650    1  0.000  0.543     0.00     0.00     0.00     0.00     0.00 -1 -2.18e-14      0.00 7.913e-01 2.073e-01 2.465e-04 6.659e-05 6.047e-04 -1.000 1.403e-03 6.092 7.544 6.528 6.008 5.854 5.797 5.780
0.0015467 -1.00000 10.01703 0.6543037891 2.3544434797    0.654 -0.512  3.7320  4.645    1  0.000  0.543     0.00     0.00     0.00     0.00     0.00 -1 -2.27e-14      0.00 7.921e-01 2.065e-01 2.456e-04 6.637e-05 6.027e-04 -1.000 1.402e-03 6.049 7.472 6.475 5.964 5.813 5.759 5.744
0.0015467 -1.00000 10.01703 0.6707426310 2.3633155092    0.671 -0.445  3.7411  4.626    1  0.000  0.543     0.00     0.00     0.00     0.00     0.00 -1 -2.67e-14      0.00 7.954e-01 2.032e-01 2.425e-04 6.553e-05 5.951e-04 -1.000 1.367e-03 5.882 7.201 6.274 5.795 5.658 5.613 5.602
0.0015467 -1.00000 10.01703 0.6860160232 2.3711218563    0.686 -0.383  3.7493  4.606    1  0.000  0.543     0.00     0.00     0.00     0.00     0.00 -1 -3.12e-14      0.00 7.986e-01 2.000e-01 2.394e-04 6.470e-05 5.877e-04 -1.000 1.349e-03 5.726 6.958 6.088 5.640 5.516 5.480 5.473
0.0015467 -1.00000 10.01703 0.6999999881 2.3779266974    0.700 -0.325  3.7566  4.586    1  0.000  0.543     0.00     0.00     0.00     0.00     0.00 -1 -3.61e-14      0.00 8.017e-01 1.970e-01 2.363e-04 6.391e-05 5.806e-04 -1.000 1.306e-03 5.582 6.741 5.920 5.500 5.386 5.359 5.355
0.0015467 -1.00000 10.01703 0.7105792761 2.3828706218    0.710 -0.280  3.7619  4.569    1  0.000  0.541     0.00     0.00     0.00     0.00     0.00 -1 -4.05e-14      0.00 8.046e-01 1.941e-01 2.329e-04 6.317e-05 5.741e-04 -1.000 1.303e-03 5.471 6.578 5.791 5.391 5.286 5.264 5.262
0.0015467 -1.00000 10.01703 0.7208765149 2.3875228248    0.721 -0.236  3.7669  4.551    1  0.000  0.539     0.00     0.00     0.00     0.00     0.00 -1 -4.54e-14      0.00 8.075e-01 1.913e-01 2.295e-04 6.241e-05 5.675e-04 -1.000 1.265e-03 5.361 6.424 5.667 5.285 5.187 5.170 5.170
0.0015467 -1.00000 10.01703 0.7306039333 2.3917793504    0.730 -0.194  3.7714  4.533    1  0.000  0.537     0.00     0.00     0.00     0.00     0.00 -1 -5.08e-14      0.00 8.104e-01 1.884e-01 2.262e-04 6.166e-05 5.610e-04 -1.000 1.272e-03 5.255 6.278 5.548 5.183 5.092 5.080 5.082
0.0015467 -1.00000 10.01703 0.7398614287 2.3957109380    0.740 -0.153  3.7756  4.514    1  0.000  0.536     0.00     0.00     0.00     0.00     0.00 -1 -5.67e-14      0.00 8.133e-01 1.855e-01 2.229e-04 6.092e-05 5.545e-04 -1.000 1.212e-03 5.152 6.141 5.434 5.085 5.000 4.992 4.996
0.0015467 -1.00000 10.01703 0.7488468289 2.3994202560    0.749 -0.112  3.7795  4.494    1  0.000  0.534     0.00     0.00     0.00     0.00     0.00 -1 -6.33e-14      0.00 8.162e-01 1.826e-01 2.197e-04 6.016e-05 5.479e-04 -1.000 1.203e-03 5.050 6.007 5.322 4.987 4.908 4.904 4.909
0.0015467 -1.00000 10.01703 0.7500000000 2.3998889087    0.750 -0.107  3.7800  4.492    1  0.000  0.534     0.00     0.00     0.00     0.00     0.00 -1 -6.42e-14      0.00 8.166e-01 1.822e-01 2.192e-04 6.006e-05 5.470e-04 -1.000 1.209e-03 5.037 5.990 5.307 4.974 4.896 4.893 4.898
0.0015467 -1.00000 10.01703 0.7595136166 2.4036929130    0.759 -0.062  3.7834  4.466    1  0.000  0.534     0.00     0.00     0.00     0.00     0.00 -1 -7.28e-14      0.00 8.209e-01 1.779e-01 2.151e-04 5.897e-05 5.372e-04 -1.000 1.254e-03 4.925 5.856 5.187 4.866 4.794 4.794 4.800
0.0015467 -1.00000 10.01703 0.7693654299 2.4075183363    0.769 -0.014  3.7868  4.437    1  0.000  0.533     0.00     0.00     0.00     0.00     0.00 -1 -8.34e-14      0.00 8.254e-01 1.734e-01 2.108e-04 5.781e-05 5.268e-04 -1.000 1.198e-03 4.806 5.714 5.059 4.751 4.684 4.686 4.694
0.0015467 -1.00000 10.01703 0.7782612443 2.4108770292    0.778  0.030  3.7897  4.409    1  0.000  0.533     0.00     0.00     0.00     0.00     0.00 -1  -9.5e-14      0.00 8.295e-01 1.693e-01 2.068e-04 5.674e-05 5.172e-04 -1.000 1.177e-03 4.694 5.582 4.939 4.642 4.579 4.584 4.593
0.0015467 -1.00000 10.01703 0.7866067886 2.4139486688    0.786  0.075  3.7924  4.380    1  0.000  0.533     0.00     0.00     0.00     0.00     0.00 -1 -1.08e-13      0.00 8.334e-01 1.655e-01 2.030e-04 5.572e-05 5.081e-04 -1.000 1.158e-03 4.583 5.455 4.822 4.534 4.476 4.484 4.493
0.0015467 -1.00000 10.01703 0.7947545052 2.4168760391    0.794  0.120  3.7948  4.349    1  0.000  0.532     0.00     0.00     0.00     0.00     0.00 -1 -1.24e-13      0.00 8.371e-01 1.617e-01 1.993e-04 5.471e-05 4.991e-04 -1.000 1.146e-03 4.470 5.327 4.702 4.423 4.369 4.379 4.390
0.0015467 -1.00000 10.01703 0.8000000715 2.4187244613    0.799  0.150  3.7963  4.327    1  0.000  0.532     0.00     0.00     0.00     0.00     0.00 -1 -1.36e-13      0.00 8.395e-01 1.594e-01 1.969e-04 5.406e-05 4.933e-04 -1.000 1.114e-03 4.394 5.242 4.622 4.349 4.297 4.308 4.319
0.0015467 -1.00000 10.01703 0.8024924397 2.4195929845    0.802  0.165  3.7970  4.317    1  0.000  0.532     0.00     0.00     0.00     0.00     0.00 -1 -1.42e-13      0.00 8.403e-01 1.586e-01 1.962e-04 5.387e-05 4.916e-04 -1.000 1.104e-03 4.358 5.201 4.583 4.313 4.262 4.274 4.286
0.0015467 -1.00000 10.01703 0.8096745610 2.4220614058    0.809  0.208  3.7987  4.285    1  0.000  0.531     0.00     0.00     0.00     0.00     0.00 -1 -1.61e-13      0.00 8.423e-01 1.566e-01 1.943e-04 5.340e-05 4.875e-04 -1.000 1.092e-03 4.250 5.083 4.471 4.207 4.159 4.173 4.185
0.0015467 -1.00000 10.01703 0.8187980652 2.4251253621    0.818  0.266  3.8004  4.238    1  0.000  0.531     0.00     0.00     0.00     0.00     0.00 -1 -1.93e-13      0.00 8.437e-01 1.551e-01 1.933e-04 5.314e-05 4.853e-04 -1.000 1.124e-03 4.105 4.927 4.320 4.064 4.019 4.034 4.046
0.0015467 -1.00000 10.01703 0.8259462714 2.4274716422    0.825  0.315  3.8013  4.197    1  0.000  0.531     0.00     0.00     0.00     0.00     0.00 -1 -2.27e-13      0.00 8.436e-01 1.553e-01 1.937e-04 5.327e-05 4.866e-04 -1.000 1.140e-03 3.984 4.799 4.195 3.942 3.899 3.916 3.928
0.0015467 -1.00000 10.01703 0.8261651993 2.4275427650    0.825  0.316  3.8013  4.196    1  0.000  0.531     0.00     0.00     0.00     0.00     0.00 -1 -2.28e-13      0.00 8.436e-01 1.553e-01 1.938e-04 5.328e-05 4.866e-04 -1.000 1.140e-03 3.980 4.796 4.191 3.939 3.895 3.912 3.924
0.0015467 -1.00000 10.01703 0.8294441700 2.4286028369    0.828  0.341  3.8012  4.173    1  0.000  0.531     0.00     0.00     0.00     0.00     0.00 -1 -2.47e-13      0.00 8.433e-01 1.555e-01 1.941e-04 5.338e-05 4.876e-04 -1.000 1.140e-03 3.919 4.734 4.129 3.877 3.834 3.850 3.863
0.0015467 -1.00000 10.01703 0.8360942006 2.4307234206    0.835  0.393  3.8001  4.118    1  0.000  0.531     0.00     0.00     0.00     0.00     0.00 -1 -2.94e-13      0.00 8.428e-01 1.561e-01 1.950e-04 5.361e-05 4.898e-04 -1.000 1.125e-03 3.786 4.605 3.997 3.743 3.699 3.714 3.726
0.0015467 -1.00000 10.01703 0.8416889310 2.4324776711    0.840  0.443  3.7975  4.061    1  0.000  0.530     0.00     0.00     0.00     0.00     0.00 -1 -3.52e-13      0.00 8.423e-01 1.566e-01 1.958e-04 5.386e-05 4.921e-04 -1.000 1.139e-03 3.662 4.494 3.878 3.616 3.568 3.581 3.591
0.0015467 -1.00000 10.01703 0.8427654505 2.4328121468    0.841  0.453  3.7968  4.049    1  0.000  0.530     0.00     0.00     0.00     0.00     0.00 -1 -3.66e-13      0.00 8.422e-01 1.567e-01 1.960e-04 5.390e-05 4.924e-04 -1.000 1.140e-03 3.637 4.472 3.854 3.590 3.541 3.553 3.564
0.0015467 -1.00000 10.01703 0.8462917805 2.4339009315    0.845  0.491  3.7922  3.995    2  0.000  0.530     0.00     0.00     0.00     0.00     0.00 -1 -4.23e-13      0.00 8.406e-01 1.583e-01 1.982e-04 5.453e-05 4.981e-04 -1.000 1.158e-03 3.543 4.402 3.771 3.492 3.437 3.444 3.453
0.0015467 -1.00000 10.01703 0.8500000238 2.4350346840    0.848  0.533  3.7848  3.925    2  0.000  0.531     0.00     0.00     0.00     0.00     0.00 -1 -5.03e-13      0.00 8.331e-01 1.656e-01 2.080e-04 5.719e-05 5.223e-04 -1.000 1.210e-03 3.438 4.338 3.683 3.380 3.313 3.314 3.320
0.0015467 -1.00000 10.01703 0.8505894542 2.4352138487    0.849  0.540  3.7834  3.913    2  0.000  0.531     0.00     0.00     0.00     0.00     0.00 -1 -5.18e-13      0.00 8.314e-01 1.674e-01 2.103e-04 5.782e-05 5.280e-04 -1.000 1.220e-03 3.420 4.329 3.669 3.362 3.293 3.292 3.298
0.0015467 -1.00000 10.01703 0.8526481390 2.4358373773    0.851  0.565  3.7761  3.860    2  0.000  0.532     0.00     0.00     0.00     0.00     0.00 -1 -5.83e-13      0.00 8.179e-01 1.808e-01 2.256e-04 6.194e-05 5.651e-04 -1.000 1.288e-03 3.358 4.315 3.627 3.294 3.215 3.207 3.209
0.0015467 -1.00000 10.01703 0.8542323709 2.4363148524    0.852  0.583  3.7682  3.810    2  0.000  0.533     0.00     0.00     0.00     0.00     0.00 -1 -6.45e-13      0.00 7.987e-01 1.999e-01 2.431e-04 6.665e-05 6.074e-04 -1.000 1.383e-03 3.312 4.326 3.603 3.243 3.151 3.135 3.135
0.0015467 -1.00000 10.01703 0.8555382490 2.4367069053    0.854  0.599  3.7598  3.761    2  0.000  0.535     0.00     0.00     0.00     0.00     0.00 -1 -7.07e-13      0.00 7.829e-01 2.156e-01 2.566e-04 7.025e-05 6.394e-04 -1.000 1.469e-03 3.272 4.352 3.590 3.200 3.095 3.070 3.067
0.0015467 -1.00000 10.01703 0.8567192554 2.4370602856    0.855  0.619  3.7510  3.707    2  0.000  0.536     0.00     0.00     0.00     0.00     0.00 -1 -7.87e-13      0.00 7.729e-01 2.256e-01 2.652e-04 7.253e-05 6.597e-04 -1.000 1.500e-03 3.222 4.377 3.570 3.149 3.031 2.997 2.989
0.0015467 -1.00000 10.01703 0.8577849865 2.4373782129    0.856  0.648  3.7432  3.647    2  0.000  0.536     0.00     0.00     0.00     0.00     0.00 -1    -9e-13      0.00 7.667e-01 2.318e-01 2.705e-04 7.394e-05 6.722e-04 -1.000 1.517e-03 3.149 4.371 3.524 3.077 2.947 2.904 2.893
0.0015467 -1.00000 10.01703 0.8587647080 2.4376696816    0.857  0.690  3.7372  3.582    2  0.000  0.537     0.00     0.00     0.00     0.00     0.00 -1 -1.07e-12      0.00 7.625e-01 2.359e-01 2.739e-04 7.485e-05 6.803e-04 -1.000 1.564e-03 3.045 4.321 3.443 2.976 2.836 2.787 2.773
0.0015467 -1.00000 10.01703 0.8593090177 2.4378312843    0.857  0.717  3.7344  3.543    2  0.000  0.537     0.00     0.00     0.00     0.00     0.00 -1 -1.19e-12      0.00 7.605e-01 2.380e-01 2.754e-04 7.527e-05 6.841e-04 -1.000 1.559e-03 2.976 4.279 3.385 2.908 2.764 2.712 2.697
0.0015467 -1.00000 10.01703 0.8595440984 2.4379010057    0.858  0.732  3.7334  3.525    2  0.000  0.537     0.00     0.00     0.00     0.00     0.00 -1 -1.26e-12      0.00 7.597e-01 2.388e-01 2.759e-04 7.540e-05 6.852e-04 -1.000 1.561e-03 2.940 4.252 3.352 2.873 2.727 2.674 2.658
0.0015467 -1.00000 10.01703 0.8601667881 2.4380854746    0.858  0.772  3.7310  3.475    3  0.000  0.537     0.00     0.00     0.00     0.00     0.00 -1 -1.46e-12      0.00 7.576e-01 2.409e-01 2.771e-04 7.574e-05 6.883e-04 -1.000 1.560e-03 2.840 4.173 3.261 2.774 2.625 2.568 2.551
0.0015467 -1.00000 10.01703 0.8607695103 2.4382637358    0.859  0.815  3.7289  3.425    3  0.000  0.537     0.00     0.00     0.00     0.00     0.00 -1  -1.7e-12      0.00 7.556e-01 2.429e-01 2.781e-04 7.603e-05 6.908e-04 -1.000 1.551e-03 2.733 4.087 3.163 2.669 2.517 2.458 2.440
0.0015467 -1.00000 10.01703 0.8613516092 2.4384356252    0.859  0.859  3.7271  3.373    3  0.000  0.537     0.00     0.00     0.00     0.00     0.00 -1 -1.99e-12      0.00 7.535e-01 2.449e-01 2.789e-04 7.629e-05 6.929e-04 -1.000 1.588e-03 2.622 3.994 3.060 2.560 2.405 2.344 2.325
0.0015467 -1.00000 10.01703 0.8619551063 2.4386135514    0.860  0.909  3.7253  3.317    3  0.000  0.536     0.00     0.00     0.00     0.00     0.00 -1 -2.39e-12      0.00 7.513e-01 2.471e-01 2.792e-04 7.661e-05 6.948e-04 -1.000 1.573e-03 2.498 3.886 2.942 2.437 2.279 2.216 2.196
0.0015467 -1.00000 10.01703 0.8624594212 2.4387620167    0.860  0.954  3.7238  3.266    3  0.000  0.534     0.00     0.00     0.00     0.00     0.00 -1 -2.81e-12      0.00 7.494e-01 2.491e-01 2.787e-04 7.715e-05 6.962e-04 -1.000 1.558e-03 2.385 3.787 2.835 2.325 2.165 2.100 2.079
0.0015467 -1.00000 10.01703 0.8629706502 2.4389123137    0.861  1.004  3.7222  3.210    3  0.000  0.530     0.00     0.00     0.00     0.00     0.00 -1 -3.36e-12      0.00 7.474e-01 2.511e-01 2.773e-04 7.837e-05 6.974e-04 -1.000 1.564e-03 2.260 3.678 2.718 2.203 2.040 1.973 1.952
0.0015467 -1.00000 10.01703 0.8634324670 2.4390479079    0.861  1.052  3.7207  3.155    3  0.000  0.525     0.00     0.00     0.00     0.00     0.00 -1 -3.99e-12      0.00 7.455e-01 2.529e-01 2.748e-04 8.066e-05 6.983e-04 -1.000 1.587e-03 2.139 3.571 2.603 2.083 1.918 1.849 1.827
0.0015467 -1.00000 10.01703 0.8638784289 2.4391786889    0.861  1.103  3.7191  3.098    3  0.000  0.519     0.00     0.00     0.00     0.00     0.00 -1  -4.8e-12      0.00 7.438e-01 2.546e-01 2.717e-04 8.389e-05 6.991e-04 -1.000 1.618e-03 2.012 3.459 2.482 1.957 1.790 1.719 1.696
0.0015467 -1.00000 10.01703 0.8642574549 2.4392897184    0.862  1.151  3.7175  3.045    3  0.000  0.513     0.00     0.00     0.00     0.00     0.00 -1 -5.69e-12      0.00 7.426e-01 2.558e-01 2.688e-04 8.728e-05 6.996e-04 -1.000 1.603e-03 1.893 3.358 2.371 1.841 1.671 1.598 1.574
0.0015467 -1.00000 10.01703 0.8646056652 2.4393916223    0.862  1.198  3.7159  2.991    3  0.000  0.507     0.00     0.00     0.00     0.00     0.00 -1 -6.75e-12      0.00 7.414e-01 2.570e-01 2.659e-04 9.077e-05 7.001e-04 -1.000 1.613e-03 1.775 3.256 2.260 1.724 1.552 1.477 1.452
0.0015467 -1.00000 10.01703 0.8649244905 2.4394848440    0.862  1.245  3.7142  2.937    3  0.000  0.502     0.00     0.00     0.00     0.00     0.00 -1 -8.01e-12      0.00 7.404e-01 2.580e-01 2.634e-04 9.387e-05 7.004e-04 -1.000 1.616e-03 1.656 3.157 2.150 1.608 1.432 1.355 1.329
0.0015467 -1.00000 10.01703 0.8652241230 2.4395723818    0.862  1.294  3.7124  2.881    3  0.000  0.498     0.00     0.00     0.00     0.00     0.00 -1 -9.55e-12      0.00 7.398e-01 2.587e-01 2.616e-04 9.618e-05 7.007e-04 -1.000 1.567e-03 1.535 3.057 2.037 1.489 1.310 1.230 1.203
0.0015467 -1.00000 10.01703 0.8654767871 2.4396461436    0.862  1.339  3.7106  2.830    3  0.000  0.496     0.00     0.00     0.00     0.00     0.00 -1 -1.12e-11      0.00 7.393e-01 2.591e-01 2.605e-04 9.771e-05 7.009e-04 -1.000 1.554e-03 1.423 2.965 1.934 1.379 1.198 1.116 1.088
0.0015467 -1.00000 10.01703 0.8657200933 2.4397171267    0.863  1.385  3.7088  2.776    3  0.000  0.494     0.00     0.00     0.00     0.00     0.00 -1 -1.33e-11      0.00 7.389e-01 2.595e-01 2.594e-04 9.904e-05 7.010e-04 -1.000 1.600e-03 1.307 2.871 1.828 1.266 1.081 0.997 0.967
0.0015467 -1.00000 10.01703 0.8659460545 2.4397830085    0.863  1.432  3.7068  2.721    3  0.000  0.493     0.00     0.00     0.00     0.00     0.00 -1 -1.58e-11      0.00 7.387e-01 2.597e-01 2.590e-04 9.962e-05 7.011e-04 -1.000 1.566e-03 1.189 2.777 1.720 1.150 0.962 0.876 0.845
0.0015467 -1.00000 10.01703 0.8661489487 2.4398421311    0.863  1.479  3.7049  2.667    3  0.000  0.492     0.00     0.00     0.00     0.00     0.00 -1 -1.87e-11      0.00 7.386e-01 2.598e-01 2.587e-04 9.993e-05 7.011e-04 -1.000 1.608e-03 1.073 2.685 1.615 1.038 0.846 0.757 0.725
0.0015467 -1.00000 10.01703 0.8663353324 2.4398964145    0.863  1.525  3.7028  2.612    3  0.000  0.492     0.00     0.00     0.00     0.00     0.00 -1 -2.22e-11      0.00 7.386e-01 2.598e-01 2.587e-04 1.000e-04 7.011e-04 -1.000 1.608e-03 0.958 2.595 1.510 0.926 0.730 0.638 0.606
0.0015467 -1.00000 10.01703 0.8664958477 2.4399431424    0.863  1.568  3.7009  2.561    3  0.000  0.492     0.00     0.00     0.00     0.00     0.00 -1  -2.6e-11      0.00 7.386e-01 2.598e-01 2.586e-04 1.001e-04 7.011e-04 -1.000 1.608e-03 0.849 2.510 1.412 0.821 0.622 0.527 0.493
0.0015467 -1.00000 10.01703 0.8666523099 2.4399886711    0.863  1.614  3.6988  2.507    3  0.000  0.492     0.00     0.00     0.00     0.00     0.00 -1 -3.07e-11      0.00 7.385e-01 2.598e-01 2.586e-04 1.001e-04 7.011e-04 -1.000 1.608e-03 0.735 2.423 1.310 0.710 0.508 0.410 0.375
0.0015467 -1.00000 10.01703 0.8667910695 2.4400290328    0.863  1.658  3.6967  2.455    3  0.000  0.492     0.00     0.00     0.00     0.00     0.00 -1 -3.61e-11      0.00 7.385e-01 2.599e-01 2.586e-04 1.002e-04 7.012e-04 -1.000 1.608e-03 0.626 2.345 1.213 0.604 0.398 0.297 0.261
0.0015467 -1.00000 10.01703 0.8669217825 2.4400670404    0.863  1.702  3.6945  2.401    3  0.000  0.492     0.00     0.00     0.00     0.00     0.00 -1 -4.25e-11      0.00 7.385e-01 2.599e-01 2.586e-04 1.002e-04 7.012e-04 -1.000 1.607e-03 0.514 2.266 1.114 0.495 0.285 0.182 0.145
0.0015467 -1.00000 10.01703 0.8670419455 2.4401019687    0.862  1.747  3.6922  2.348    3  0.000  0.492     0.00     0.00     0.00     0.00     0.00 -1 -5.01e-11      0.00 7.385e-01 2.599e-01 2.585e-04 1.002e-04 7.012e-04 -1.000 1.607e-03 0.403 2.190 1.017 0.388 0.174 0.068 0.029
0.0015467 -1.00000 10.01703 0.8671500683 2.4401333877    0.862  1.789  3.6900  2.297    3  0.000  0.492     0.00     0.00     0.00     0.00     0.00 -1 -5.86e-11      0.00 7.385e-01 2.599e-01 2.585e-04 1.002e-04 7.012e-04 -1.000 1.607e-03 0.297 2.117 0.924 0.285 0.066 -0.042 -0.082
0.0015467 -1.00000 10.01703 0.8672562242 2.4401642264    0.862  1.833  3.6877  2.244    3  0.000  0.492     0.00     0.00     0.00     0.00     0.00 -1 -6.88e-11      0.00 7.385e-01 2.599e-01 2.585e-04 1.003e-04 7.012e-04 -1.000 1.607e-03 0.188 2.046 0.830 0.181 -0.042 -0.154 -0.195
0.0015467 -1.00000 10.01703 0.8673567176 2.4401934121    0.862  1.872  3.6857  2.197    3  0.000  0.492     0.00     0.00     0.00     0.00     0.00 -1 -7.95e-11      0.00 7.385e-01 2.599e-01 2.585e-04 1.003e-04 7.012e-04 -1.000 1.607e-03 0.091 1.983 0.747 0.088 -0.138 -0.253 -0.296
0.0015467 -1.00000 10.01703 0.8674848080 2.4402306014    0.862  1.906  3.6839  2.155    3  0.000  0.492     0.00     0.00     0.00     0.00     0.00 -1  -9.1e-11      0.00 7.385e-01 2.599e-01 2.584e-04 1.003e-04 7.012e-04 -1.000 1.607e-03 0.004 1.925 0.671 0.004 -0.225 -0.342 -0.386
0.0015467 -1.00000 10.01703 0.8675600886 2.4402524522    0.861  1.885  3.6855  2.183    3  0.000  0.492     0.00     0.00     0.00     0.00     0.00 -1 -8.45e-11      0.00 7.385e-01 2.599e-01 2.584e-04 1.004e-04 7.012e-04 -1.000 1.607e-03 0.058 1.954 0.715 0.055 -0.171 -0.286 -0.329
0.0015467 -1.00000 10.01703 0.8675962090 2.4402629349    0.861  1.872  3.6864  2.199    3  0.000  0.492     0.00     0.00     0.00     0.00     0.00 -1 -8.05e-11      0.00 7.385e-01 2.599e-01 2.584e-04 1.004e-04 7.012e-04 -1.000 1.607e-03 0.090 1.971 0.741 0.085 -0.139 -0.253 -0.295
0.0015467 -1.00000 10.01703 0.8676627874 2.4402822543    0.861  1.909  3.6844  2.154    3  0.000  0.492     0.00     0.00     0.00     0.00     0.00 -1 -9.13e-11      0.00 7.385e-01 2.599e-01 2.584e-04 1.004e-04 7.012e-04 -1.000 1.607e-03 -0.002 1.912 0.663 -0.003 -0.231 -0.348 -0.391
0.0015467 -1.00000 10.01703 0.8677362800 2.4403035761    0.861  1.950  3.6820  2.103    3  0.000  0.492     0.00     0.00     0.00     0.00     0.00 -1 -1.06e-10      0.00 7.385e-01 2.599e-01 2.584e-04 1.004e-04 7.012e-04 -1.000 1.607e-03 -0.106 1.848 0.575 -0.101 -0.334 -0.454 -0.499
0.0015467 -1.00000 10.01703 0.8678072095 2.4403241503    0.861  1.993  3.6796  2.051    3  0.000  0.492     0.00     0.00     0.00     0.00     0.00 -1 -1.24e-10      0.00 7.385e-01 2.599e-01 2.584e-04 1.004e-04 7.012e-04 -1.000 1.606e-03 -0.212 1.782 0.486 -0.202 -0.439 -0.562 -0.609
0.0015467 -1.00000 10.01703 0.8678720593 2.4403429577    0.860  2.034  3.6771  1.999    3  0.000  0.491     0.00     0.00     0.00     0.00     0.00 -1 -1.45e-10      0.00 7.385e-01 2.599e-01 2.584e-04 1.004e-04 7.012e-04 -1.000 1.606e-03 -0.315 1.722 0.400 -0.299 -0.541 -0.668 -0.716
0.0015467 -1.00000 10.01703 0.8679334521 2.4403607595    0.860  2.076  3.6747  1.947    3  0.000  0.491     0.00     0.00     0.00     0.00     0.00 -1  -1.7e-10      0.00 7.385e-01 2.599e-01 2.584e-04 1.005e-04 7.012e-04 -1.000 1.606e-03 -0.420 1.674 0.315 -0.402 -0.648 -0.777 -0.827
0.0015467 -1.00000 10.01703 0.8679888248 2.4403768132    0.860  2.116  3.6721  1.896    3  0.000  0.491     0.00     0.00     0.00     0.00     0.00 -1 -1.98e-10      0.00 7.385e-01 2.599e-01 2.584e-04 1.005e-04 7.012e-04 -1.000 1.606e-03 -0.521 1.632 0.234 -0.501 -0.750 -0.882 -0.934
0.0015467 -1.00000 10.01703 0.8680402637 2.4403917242    0.859  2.157  3.6696  1.846    3  0.000  0.491     0.00     0.00     0.00     0.00     0.00 -1  -2.3e-10      0.00 7.385e-01 2.599e-01 2.583e-04 1.005e-04 7.012e-04 -1.000 1.606e-03 -0.623 1.591 0.154 -0.600 -0.853 -0.988 -1.041
0.0015467 -1.00000 10.01703 0.8680874705 2.4404054068    0.859  2.197  3.6670  1.795    3  0.000  0.491     0.00     0.00     0.00     0.00     0.00 -1 -2.68e-10      0.00 7.385e-01 2.599e-01 2.583e-04 1.005e-04 7.013e-04 -1.000 1.606e-03 -0.723 1.556 0.077 -0.696 -0.953 -1.091 -1.147
0.0015467 -1.00000 10.01703 0.8681312203 2.4404180858    0.858  2.237  3.6645  1.744    3  0.000  0.491     0.00     0.00     0.00     0.00     0.00 -1 -3.12e-10      0.00 7.384e-01 2.599e-01 2.583e-04 1.005e-04 7.013e-04 -1.000 1.606e-03 -0.823 1.523 0.000 -0.792 -1.053 -1.194 -1.252
0.0015467 -1.00000 10.01703 0.8681708574 2.4404295716    0.858  2.276  3.6619  1.695    3  0.000  0.491     0.00     0.00     0.00     0.00     0.00 -1 -3.61e-10      0.00 7.384e-01 2.599e-01 2.583e-04 1.005e-04 7.013e-04 -1.000 1.606e-03 -0.921 1.494 -0.073 -0.884 -1.150 -1.294 -1.354
0.0015467 -1.00000 10.01703 0.8682084084 2.4404404518    0.857  2.316  3.6593  1.644    3  0.000  0.491     0.00     0.00     0.00     0.00     0.00 -1 -4.19e-10      0.00 7.384e-01 2.599e-01 2.583e-04 1.005e-04 7.013e-04 -1.000 1.606e-03 -1.020 1.467 -0.146 -0.978 -1.247 -1.395 -1.456
0.0015467 -1.00000 10.01703 0.8682425618 2.4404503466    0.857  2.355  3.6567  1.595    3  0.000  0.491     0.00     0.00     0.00     0.00     0.00 -1 -4.85e-10      0.00 7.384e-01 2.600e-01 2.583e-04 1.005e-04 7.013e-04 -1.000 1.606e-03 -1.116 1.445 -0.215 -1.067 -1.341 -1.493 -1.556
0.0015467 -1.00000 10.01703 0.8682742119 2.4404595154    0.856  2.393  3.6540  1.546    3  0.000  0.491     0.00     0.00     0.00     0.00     0.00 -1 -5.61e-10      0.00 7.384e-01 2.600e-01 2.583e-04 1.005e-04 7.013e-04 -1.000 1.606e-03 -1.213 1.425 -0.284 -1.157 -1.435 -1.590 -1.656
0.0015467 -1.00000 10.01703 0.8683032990 2.4404679410    0.855  2.431  3.6514  1.497    3  0.000  0.491     0.00     0.00     0.00     0.00     0.00 -1 -6.47e-10      0.00 7.384e-01 2.600e-01 2.583e-04 1.006e-04 7.013e-04 -1.000 1.606e-03 -1.307 1.408 -0.350 -1.244 -1.526 -1.685 -1.753
0.0015467 -1.00000 10.01703 0.8683364987 2.4404775572    0.854  2.478  3.6481  1.436    3  0.000  0.491     0.00     0.00     0.00     0.00     0.00 -1 -7.73e-10      0.00 7.384e-01 2.600e-01 2.583e-04 1.006e-04 7.013e-04 -1.000 1.606e-03 -1.424 1.386 -0.429 -1.347 -1.637 -1.802 -1.873
0.0015467 -1.00000 10.01703 0.8683614731 2.4404847903    0.853  2.515  3.6455  1.388    3  0.000  0.491     8.68     6.65     4.69     3.63     2.94  3 -8.92e-10      0.00 7.384e-01 2.600e-01 2.583e-04 1.006e-04 7.013e-04 -1.000 1.606e-03 -1.518 1.369 -0.492 -1.429 -1.727 -1.895 -1.968
0.0015467 -1.00000 10.01703 0.8683889508 2.4404927480    0.852  2.560  3.6422  1.330    3  0.000  0.491     9.82     7.39     5.18     4.01     3.25  3 -1.06e-09      0.00 7.384e-01 2.600e-01 2.583e-04 1.006e-04 7.013e-04 -1.000 1.606e-03 -1.630 1.353 -0.564 -1.526 -1.832 -2.006 -2.082
0.0015467 -1.00000 10.01703 0.8684148192 2.4405002390    0.851  2.605  3.6389  1.270    3  0.000  0.491    11.12     8.22     5.74     4.45     3.61  3 -1.26e-09      0.00 7.384e-01 2.600e-01 2.583e-04 1.006e-04 7.013e-04 -1.000 1.606e-03 -1.744 1.336 -0.638 -1.624 -1.939 -2.119 -2.197
0.0015467 -1.00000 10.01703 0.8684344888 2.4405059346    0.850  2.642  3.6362  1.222    3  0.000  0.491    12.31     8.97     6.24     4.84     3.93  3 -1.45e-09      0.00 7.384e-01 2.600e-01 2.583e-04 1.006e-04 7.013e-04 -1.000 1.606e-03 -1.836 1.324 -0.696 -1.702 -2.025 -2.210 -2.290
0.0015467 -1.00000 10.01703 0.8684559464 2.4405121477    0.849  2.685  3.6329  1.165    3  0.000  0.491    13.87     9.93     6.88     5.35     4.34  3 -1.71e-09      0.00 7.384e-01 2.600e-01 2.583e-04 1.006e-04 7.013e-04 -1.000 1.606e-03 -1.944 1.313 -0.762 -1.793 -2.125 -2.316 -2.399
0.0015467 -1.00000 10.01703 0.8684763312 2.4405180497    0.847  2.730  3.6296  1.107    3  0.000  0.491    15.67    11.03     7.60     5.92     4.80  3 -2.03e-09      0.00 7.384e-01 2.600e-01 2.583e-04 1.006e-04 7.013e-04 -1.000 1.606e-03 -2.054 1.302 -0.829 -1.886 -2.227 -2.425 -2.510
0.0015467 -1.00000 10.01703 0.8684956431 2.4405236409    0.845  2.775  3.6262  1.047    3  0.000  0.491    17.76    12.28     8.42     6.57     5.33  2 -2.41e-09      0.00 7.384e-01 2.600e-01 2.583e-04 1.006e-04 7.013e-04 -1.000 1.606e-03 -2.167 1.293 -0.894 -1.979 -2.330 -2.534 -2.622
0.0015467 -1.00000 10.01703 0.8685121536 2.4405284207    0.844  2.816  3.6230  0.992    3  0.000  0.491    19.94    13.56     9.26     7.23     5.87  2 -2.83e-09      0.00 7.384e-01 2.600e-01 2.583e-04 1.006e-04 7.013e-04 -1.000 1.605e-03 -2.270 1.290 -0.951 -2.062 -2.424 -2.634 -2.725
0.0015467 -1.00000 10.01703 0.8685280085 2.4405330106    0.842  2.858  3.6197  0.936    3  0.000  0.491    22.44    15.01    10.20     7.98     6.48  2 -3.33e-09      0.00 7.384e-01 2.600e-01 2.583e-04 1.006e-04 7.013e-04 -1.000 1.605e-03 -2.376 1.291 -1.006 -2.147 -2.520 -2.737 -2.830
0.0015467 -1.00000 10.01703 0.8685430288 2.4405373587    0.839  2.901  3.6163  0.878    3  0.000  0.491    25.33    16.64    11.26     8.83     7.16  2 -3.93e-09      0.00 7.384e-01 2.600e-01 2.582e-04 1.006e-04 7.013e-04 -1.000 1.605e-03 -2.483 1.293 -1.058 -2.232 -2.616 -2.841 -2.937
0.0015467 -1.00000 10.01703 0.8685564995 2.4405412580    0.837  2.943  3.6131  0.822    3  0.000  0.491    28.47    18.39    12.38     9.72     7.89  2 -4.62e-09      0.00 7.384e-01 2.600e-01 2.582e-04 1.006e-04 7.013e-04 -1.000 1.605e-03 -2.587 1.296 -1.109 -2.313 -2.710 -2.941 -3.040
0.0015467 -1.00000 10.01703 0.8685690165 2.4405448811    0.834  2.984  3.6098  0.767    3  0.000  0.491    31.96    20.31    13.61    10.71     8.69  2 -5.42e-09      0.00 7.384e-01 2.600e-01 2.582e-04 1.006e-04 7.013e-04 -1.000 1.605e-03 -2.689 1.299 -1.157 -2.392 -2.801 -3.039 -3.141
0.0015467 -1.00000 10.01703 0.8685807586 2.4405482799    0.832  3.024  3.6066  0.712    3  0.000  0.491    35.88    22.42    14.96    11.78     9.57  1 -6.35e-09      0.00 7.384e-01 2.600e-01 2.582e-04 1.006e-04 7.013e-04 -1.000 1.605e-03 -2.791 1.298 -1.202 -2.470 -2.891 -3.137 -3.241
0.0015467 -1.00000 10.01703 0.8685920238 2.4405515405    0.828  3.066  3.6033  0.655    3  0.000  0.491    40.41    24.81    16.48    13.00    10.56  1 -7.48e-09      0.00 7.384e-01 2.600e-01 2.582e-04 1.006e-04 7.013e-04 -1.000 1.605e-03 -2.895 1.296 -1.248 -2.548 -2.983 -3.236 -3.344
0.0015467 -1.00000 10.01703 0.8686018586 2.4405543870    0.825  3.105  3.6001  0.602    3  0.000  0.491    45.16    27.28    18.04    14.26    11.58  1 -8.71e-09      0.00 7.384e-01 2.600e-01 2.582e-04 1.006e-04 7.013e-04 -1.000 1.605e-03 -2.992 1.297 -1.287 -2.620 -3.068 -3.328 -3.438
0.0015467 -1.00000 10.01703 0.8686114550 2.4405571645    0.821  3.145  3.5969  0.547    3  0.000  0.491    50.66    30.09    19.81    15.68    12.74  1 -1.02e-08      0.00 7.384e-01 2.600e-01 2.582e-04 1.006e-04 7.013e-04 -1.000 1.605e-03 -3.092 1.289 -1.326 -2.691 -3.154 -3.422 -3.535
0.0015467 -1.00000 10.01703 0.8686205745 2.4405598038    0.817  3.185  3.5937  0.492    3  0.000  0.491    56.86    33.20    21.75    17.25    14.02  1 -1.19e-08      0.00 7.384e-01 2.600e-01 2.582e-04 1.006e-04 7.013e-04 -1.000 1.605e-03 -3.192 1.281 -1.363 -2.763 -3.241 -3.516 -3.632
0.0015467 -1.00000 10.01703 0.8686288595 2.4405622016    0.813  3.223  3.5905  0.438    3  0.000  0.491    63.65    36.54    23.84    18.93    15.39  1 -1.39e-08      0.00 7.384e-01 2.600e-01 2.582e-04 1.006e-04 7.013e-04 -1.000 1.605e-03 -3.288 1.274 -1.391 -2.829 -3.324 -3.608 -3.726
0.0015467 -1.00000 10.01703 0.8686364889 2.4405644096    0.808  3.261  3.5873  0.386    3  0.000  0.491    71.06    40.12    26.06    20.73    16.85  1 -1.62e-08      0.00 7.384e-01 2.600e-01 2.582e-04 1.006e-04 7.013e-04 -1.000 1.605e-03 -3.382 1.263 -1.415 -2.890 -3.403 -3.696 -3.817
0.0015467 -1.00000 10.01703 0.8686435819 2.4405664623    0.803  3.297  3.5842  0.335    3  0.000  0.491    79.09    43.94    28.42    22.64    18.41  1 -1.87e-08      0.00 7.384e-01 2.600e-01 2.582e-04 1.006e-04 7.013e-04 -1.000 1.605e-03 -3.472 1.249 -1.436 -2.947 -3.479 -3.780 -3.905
0.0015467 -1.00000 10.01703 0.8686506152 2.4405684977    0.797  3.332  3.5812  0.284    3  0.000  0.491    87.92    48.06    30.95    24.70    20.09  1 -2.16e-08      0.00 7.384e-01 2.600e-01 2.582e-04 1.006e-04 7.013e-04 -1.000 1.605e-03 -3.560 1.233 -1.457 -3.004 -3.553 -3.863 -3.991
0.0015467 -1.00000 10.01703 0.8686521649 2.4405689462    0.795  3.339  3.5806  0.274    3  0.000  0.491    89.82    48.93    31.49    25.14    20.44  1 -2.24e-08      0.00 7.384e-01 2.600e-01 2.582e-04 1.006e-04 7.013e-04 -1.000 1.605e-03 -3.578 1.231 -1.460 -3.015 -3.568 -3.880 -4.007
0.0015467 -1.00000 10.01703 0.8686521649 2.4405689462    0.795  1.745  3.7289  2.461    4  0.000  0.513     0.00     0.00     0.00     0.00     0.00 -1    -1e-30      0.00 7.389e-01 2.595e-01 2.698e-04 8.890e-05 7.035e-04 -1.000 1.566e-03 0.407 1.741 0.827 0.346 0.195 0.134 0.115
0.0015467 -1.00000 10.01703 0.8687175512 2.4405878667    0.795  1.761  3.7277  2.440    4  0.000  0.513     0.00     0.00     0.00     0.00     0.00 -1    -1e-30      0.00 7.389e-01 2.595e-01 2.698e-04 8.890e-05 7.035e-04 -1.000 1.566e-03 0.367 1.715 0.793 0.307 0.155 0.092 0.072
0.0015467 -1.00000 10.01703 0.8687808514 2.4406061804    0.795  1.764  3.7275  2.436    4  0.000  0.513     0.00     0.00     0.00     0.00     0.00 -1    -1e-30      0.00 7.389e-01 2.595e-01 2.698e-04 8.890e-05 7.035e-04 -1.000 1.566e-03 0.359 1.709 0.786 0.299 0.146 0.083 0.063
0.0015467 -1.00000 10.01703 0.8688453436 2.4406248359    0.795  1.766  3.7276  2.435    4  0.000  0.513     0.00     0.00     0.00     0.00     0.00 -1    -1e-30      0.00 7.389e-01 2.595e-01 2.698e-04 8.890e-05 7.035e-04 -1.000 1.566e-03 0.355 1.704 0.781 0.295 0.142 0.079 0.059
0.0015467 -1.00000 10.01703 0.8689101934 2.4406435916    0.796  1.767  3.7279  2.435    4  0.000  0.513     0.00     0.00     0.00     0.00     0.00 -1    -1e-30      0.00 7.389e-01 2.595e-01 2.698e-04 8.890e-05 7.035e-04 -1.000 1.566e-03 0.353 1.699 0.778 0.293 0.141 0.078 0.058
0.0015467 -1.00000 10.01703 0.8689755201 2.4406624820    0.796  1.767  3.7284  2.438    4  0.000  0.513     0.00     0.00     0.00     0.00     0.00 -1    -1e-30      0.00 7.389e-01 2.595e-01 2.698e-04 8.890e-05 7.035e-04 -1.000 1.566e-03 0.354 1.694 0.776 0.293 0.141 0.080 0.060
0.0015467 -1.00000 10.01703 0.8690418601 2.4406816621    0.796  1.766  3.7290  2.441    4  0.000  0.513     0.00     0.00     0.00     0.00     0.00 -1    -1e-30      0.00 7.389e-01 2.595e-01 2.698e-04 8.890e-05 7.035e-04 -1.000 1.566e-03 0.356 1.689 0.775 0.295 0.144 0.083 0.064
0.0015467 -1.00000 10.01703 0.8691069484 2.4407004769    0.796  1.765  3.7296  2.444    4  0.000  0.513     0.00     0.00     0.00     0.00     0.00 -1    -1e-30      0.00 7.389e-01 2.595e-01 2.698e-04 8.890e-05 7.035e-04 -1.000 1.566e-03 0.358 1.685 0.775 0.297 0.147 0.087 0.068
0.0015467 -1.00000 10.01703 0.8691739440 2.4407198398    0.796  1.763  3.7303  2.449    4  0.000  0.513     0.00     0.00     0.00     0.00     0.00 -1    -1e-30      0.00 7.389e-01 2.595e-01 2.698e-04 8.890e-05 7.035e-04 -1.000 1.566e-03 0.361 1.681 0.775 0.300 0.151 0.092 0.073
0.0015467 -1.00000 10.01703 0.8692369461 2.4407380453    0.796  1.762  3.7309  2.452    4  0.000  0.513     0.00     0.00     0.00     0.00     0.00 -1    -1e-30      0.00 7.389e-01 2.595e-01 2.698e-04 8.890e-05 7.035e-04 -1.000 1.566e-03 0.364 1.677 0.775 0.302 0.155 0.096 0.077
0.0015467 -1.00000 10.01703 0.8693054318 2.4407578320    0.796  1.761  3.7316  2.456    4  0.000  0.513     0.00     0.00     0.00     0.00     0.00 -1    -1e-30      0.00 7.389e-01 2.595e-01 2.698e-04 8.890e-05 7.035e-04 -1.000 1.566e-03 0.367 1.673 0.775 0.305 0.158 0.100 0.082
0.0015467 -1.00000 10.01703 0.8693659306 2.4407753081    0.796  1.760  3.7321  2.459    4  0.000  0.513     0.00     0.00     0.00     0.00     0.00 -1    -1e-30      0.00 7.389e-01 2.595e-01 2.698e-04 8.890e-05 7.035e-04 -1.000 1.566e-03 0.369 1.669 0.775 0.306 0.161 0.103 0.085
0.0015467 -1.00000 10.01703 0.8694326878 2.4407945888    0.796  1.760  3.7327  2.462    4  0.000  0.513     0.00     0.00     0.00     0.00     0.00 -1    -1e-30      0.00 7.389e-01 2.595e-01 2.698e-04 8.890e-05 7.035e-04 -1.000 1.566e-03 0.371 1.666 0.774 0.308 0.164 0.106 0.089
0.0015467 -1.00000 10.01703 0.8694974780 2.4408132982    0.796  1.759  3.7332  2.465    4  0.000  0.513     0.00     0.00     0.00     0.00     0.00 -1    -1e-30      0.00 7.389e-01 2.595e-01 2.698e-04 8.890e-05 7.035e-04 -1.000 1.566e-03 0.372 1.662 0.774 0.309 0.166 0.109 0.092
0.0015467 -1.00000 10.01703 0.8695616722 2.4408318323    0.796  1.759  3.7336  2.467    4  0.000  0.513     0.00     0.00     0.00     0.00     0.00 -1    -1e-30      0.00 7.389e-01 2.595e-01 2.698e-04 8.890e-05 7.035e-04 -1.000 1.566e-03 0.374 1.659 0.773 0.310 0.167 0.111 0.094
0.0015467 -1.00000 10.01703 0.8695763350 2.4408360653    0.796  1.759  3.7337  2.467    4  0.000  0.513     0.00     0.00     0.00     0.00     0.00 -1    -1e-30      0.00 7.389e-01 2.595e-01 2.698e-04 8.890e-05 7.035e-04 -1.000 1.566e-03 0.374 1.658 0.773 0.310 0.168 0.112 0.095
0.0015467 -1.00000 10.01703 0.8696385622 2.4408540278    0.796  1.758  3.7340  2.469    4  0.000  0.513     0.00     0.00     0.00     0.00     0.00 -1    -1e-30      0.00 7.389e-01 2.595e-01 2.698e-04 8.890e-05 7.035e-04 -1.000 1.566e-03 0.374 1.655 0.772 0.311 0.168 0.113 0.096
0.0015467 -1.00000 10.01703 0.8697065711 2.4408736558    0.796  1.758  3.7343  2.470    4  0.000  0.513     0.00     0.00     0.00     0.00     0.00 -1    -1e-30      0.00 7.389e-01 2.595e-01 2.698e-04 8.890e-05 7.035e-04 -1.000 1.566e-03 0.374 1.652 0.770 0.310 0.168 0.113 0.096
0.0015467 -1.00000 10.01703 0.8697680235 2.4408913886    0.796  1.759  3.7345  2.470    4  0.000  0.513     0.00     0.00     0.00     0.00     0.00 -1    -1e-30      0.00 7.389e-01 2.595e-01 2.698e-04 8.890e-05 7.035e-04 -1.000 1.566e-03 0.373 1.649 0.769 0.309 0.168 0.112 0.096
0.0015467 -1.00000 10.01703 0.8698327541 2.4409100642    0.797  1.759  3.7346  2.470    4  0.000  0.513     0.00     0.00     0.00     0.00     0.00 -1    -1e-30      0.00 7.389e-01 2.595e-01 2.698e-04 8.890e-05 7.035e-04 -1.000 1.566e-03 0.371 1.647 0.767 0.308 0.166 0.111 0.095
0.0015467 -1.00000 10.01703 0.8698977828 2.4409288225    0.797  1.760  3.7346  2.469    4  0.000  0.513     0.00     0.00     0.00     0.00     0.00 -1    -1e-30      0.00 7.389e-01 2.595e-01 2.698e-04 8.890e-05 7.035e-04 -1.000 1.566e-03 0.369 1.644 0.764 0.305 0.164 0.109 0.092
0.0015467 -1.00000 10.01703 0.8699640036 2.4409479215    0.797  1.762  3.7345  2.468    4  0.000  0.513     0.00     0.00     0.00     0.00     0.00 -1    -1e-30      0.00 7.389e-01 2.595e-01 2.698e-04 8.890e-05 7.035e-04 -1.000 1.566e-03 0.366 1.642 0.761 0.302 0.160 0.105 0.089
0.0015467 -1.00000 10.01703 0.8700309992 2.4409672405    0.797  1.763  3.7343  2.465    4  0.000  0.513     0.00     0.00     0.00     0.00     0.00 -1    -1e-30      0.00 7.389e-01 2.595e-01 2.698e-04 8.890e-05 7.035e-04 -1.000 1.566e-03 0.361 1.640 0.758 0.298 0.156 0.100 0.084
0.0015467 -1.00000 10.01703 0.8700426817 2.4409706089    0.797  1.764  3.7342  2.464    4  0.000  0.513     0.00     0.00     0.00     0.00     0.00 -1    -1e-30      0.00 7.389e-01 2.595e-01 2.698e-04 8.890e-05 7.035e-04 -1.000 1.566e-03 0.361 1.640 0.757 0.297 0.155 0.099 0.083
0.0015467 -1.00000 10.01703 0.8700571656 2.4409747849    0.797  1.764  3.7341  2.464    4  0.000  0.513     0.00     0.00     0.00     0.00     0.00 -1    -1e-30      0.00 7.389e-01 2.595e-01 2.698e-04 8.890e-05 7.035e-04 -1.000 1.566e-03 0.359 1.639 0.756 0.296 0.154 0.098 0.081
0.0015467 -1.00000 10.01703 0.8701174259 2.4409921576    0.797  1.766  3.7338  2.460    4  0.000  0.513     0.00     0.00     0.00     0.00     0.00 -1    -1e-30      0.00 7.389e-01 2.595e-01 2.698e-04 8.890e-05 7.035e-04 -1.000 1.566e-03 0.354 1.637 0.752 0.290 0.148 0.092 0.075
0.0015467 -1.00000 10.01703 0.8701763749 2.4410091496    0.797  1.769  3.7334  2.456    4  0.000  0.513     0.00     0.00     0.00     0.00     0.00 -1    -1e-30      0.00 7.389e-01 2.595e-01 2.698e-04 8.890e-05 7.035e-04 -1.000 1.566e-03 0.348 1.635 0.748 0.284 0.141 0.085 0.068
0.0015467 -1.00000 10.01703 0.8702369332 2.4410266026    0.797  1.772  3.7330  2.452    4  0.000  0.513     0.00     0.00     0.00     0.00     0.00 -1    -1e-30      0.00 7.389e-01 2.595e-01 2.698e-04 8.890e-05 7.035e-04 -1.000 1.566e-03 0.340 1.633 0.742 0.277 0.133 0.076 0.059
0.0015467 -1.00000 10.01703 0.8702955246 2.4410434862    0.797  1.775  3.7325  2.446    4  0.000  0.513     0.00     0.00     0.00     0.00     0.00 -1    -1e-30      0.00 7.389e-01 2.595e-01 2.698e-04 8.890e-05 7.035e-04 -1.000 1.566e-03 0.333 1.630 0.737 0.270 0.125 0.067 0.050
0.0015467 -1.00000 10.01703 0.8703556657 2.4410608136    0.797  1.779  3.7317  2.439    4  0.000  0.513     0.00     0.00     0.00     0.00     0.00 -1    -1e-30      0.00 7.389e-01 2.595e-01 2.698e-04 8.890e-05 7.035e-04 -1.000 1.566e-03 0.322 1.627 0.729 0.259 0.113 0.055 0.037
0.0015467 -1.00000 10.01703 0.8704139590 2.4410776060    0.797  1.784  3.7309  2.431    4  0.000  0.513     0.00     0.00     0.00     0.00     0.00 -1    -1e-30      0.00 7.389e-01 2.595e-01 2.698e-04 8.891e-05 7.035e-04 -1.000 1.566e-03 0.310 1.624 0.721 0.248 0.100 0.041 0.023
0.0015467 -1.00000 10.01703 0.8704726100 2.4410944988    0.797  1.789  3.7302  2.423    4  0.000  0.513     0.00     0.00     0.00     0.00     0.00 -1    -1e-30      0.00 7.389e-01 2.595e-01 2.698e-04 8.891e-05 7.035e-04 -1.000 1.566e-03 0.298 1.620 0.712 0.236 0.087 0.027 0.009
0.0015467 -1.00000 10.01703 0.8705312610 2.4411113890    0.797  1.793  3.7296  2.417    4  0.000  0.513     0.00     0.00     0.00     0.00     0.00 -1    -1e-30      0.00 7.389e-01 2.595e-01 2.698e-04 8.891e-05 7.035e-04 -1.000 1.566e-03 0.288 1.617 0.705 0.227 0.077 0.016 -0.002
0.0015467 -1.00000 10.01703 0.8705898523 2.4411282594    0.797  1.800  3.7285  2.406    4  0.000  0.513     0.00     0.00     0.00     0.00     0.00 -1    -1e-30      0.00 7.389e-01 2.595e-01 2.698e-04 8.891e-05 7.035e-04 -1.000 1.566e-03 0.270 1.611 0.692 0.209 0.058 -0.004 -0.024
0.0015467 -1.00000 10.01703 0.8706479073 2.4411449727    0.797  1.809  3.7271  2.391    4  0.000  0.513     0.00     0.00     0.00     0.00     0.00 -1    -1e-30      0.00 7.389e-01 2.595e-01 2.698e-04 8.891e-05 7.035e-04 -1.000 1.566e-03 0.248 1.604 0.675 0.187 0.034 -0.030 -0.050
0.0015467 -1.00000 10.01703 0.8707079887 2.4411622668    0.798  1.825  3.7249  2.366    4  0.000  0.513     0.00     0.00     0.00     0.00     0.00 -1    -1e-30      0.00 7.389e-01 2.595e-01 2.698e-04 8.891e-05 7.035e-04 -1.000 1.566e-03 0.208 1.590 0.646 0.149 -0.008 -0.074 -0.095
0.0015467 -1.00000 10.01703 0.8707669377 2.4411792323    0.798  1.852  3.7212  2.325    4  0.000  0.513     0.00     0.00     0.00     0.00     0.00 -1    -1e-30      0.00 7.389e-01 2.595e-01 2.698e-04 8.891e-05 7.035e-04 -1.000 1.566e-03 0.140 1.565 0.595 0.083 -0.080 -0.150 -0.173
0.0015467 -1.00000 10.01703 0.8708077073 2.4411909642    0.798  1.887  3.7168  2.272    4  0.000  0.513     0.00     0.00     0.00     0.00     0.00 -1    -1e-30      0.00 7.389e-01 2.595e-01 2.698e-04 8.891e-05 7.035e-04 -1.000 1.566e-03 0.053 1.532 0.529 -0.001 -0.172 -0.247 -0.272
0.0015467 -1.00000 10.01703 0.8708271384 2.4411965553    0.798  1.923  3.7124  2.219    4  0.000  0.513     0.00     0.00     0.00     0.00     0.00 -1    -1e-30      0.00 7.389e-01 2.595e-01 2.698e-04 8.891e-05 7.035e-04 -1.000 1.566e-03 -0.038 1.497 0.462 -0.087 -0.265 -0.346 -0.373
0.0015467 -1.00000 10.01703 0.8708357811 2.4411990420    0.798  1.959  3.7082  2.166    4  0.000  0.513     0.00     0.00     0.00     0.00     0.00 -1    -1e-30      0.00 7.389e-01 2.595e-01 2.698e-04 8.891e-05 7.035e-04 -1.000 1.566e-03 -0.127 1.463 0.394 -0.172 -0.357 -0.443 -0.473
0.0015467 -1.00000 10.01703 0.8708398938 2.4412002253    0.798  1.994  3.7043  2.114    4  0.000  0.513     0.00     0.00     0.00     0.00     0.00 -1    -1e-30      0.00 7.389e-01 2.595e-01 2.698e-04 8.891e-05 7.035e-04 -1.000 1.566e-03 -0.216 1.428 0.328 -0.255 -0.448 -0.539 -0.571
0.0015467 -1.00000 10.01703 0.8708421588 2.4412008770    0.798  2.030  3.7005  2.064    4  0.000  0.513     0.00     0.00     0.00     0.00     0.00 -1    -1e-30      0.00 7.389e-01 2.595e-01 2.698e-04 8.891e-05 7.035e-04 -1.000 1.566e-03 -0.305 1.391 0.260 -0.340 -0.539 -0.634 -0.668
0.0015467 -1.00000 10.01703 0.8708434701 2.4412012543    0.798  2.061  3.6973  2.021    4  0.000  0.513     0.00     0.00     0.00     0.00     0.00 -1    -1e-30      0.00 7.389e-01 2.595e-01 2.698e-04 8.891e-05 7.035e-04 -1.000 1.566e-03 -0.381 1.360 0.202 -0.411 -0.616 -0.716 -0.752
0.0015467 -1.00000 10.01703 0.8708435893 2.4412012886    0.798  2.064  3.6970  2.016    7  0.000  0.513     0.00     0.00     0.00     0.00     0.00 -1 -9.26e-10      0.00 7.389e-01 2.578e-01 2.698e-04 8.891e-05 7.035e-04 -1.000 3.228e-03 -0.390 1.357 0.196 -0.419 -0.625 -0.724 -0.760
0.0015467 -1.00000 10.01703 0.8708444834 2.4412015458    0.798  2.095  3.6941  1.973    7  0.000  0.513     0.00     0.00     0.00     0.00     0.00 -1 -1.11e-09      0.00 7.389e-01 2.578e-01 2.698e-04 8.891e-05 7.035e-04 -1.000 3.228e-03 -0.468 1.325 0.136 -0.492 -0.703 -0.807 -0.845
0.0015467 -1.00000 10.01703 0.8708455563 2.4412018545    0.798  2.133  3.6906  1.922    7  0.000  0.513     0.00     0.00     0.00     0.00     0.00 -1 -1.38e-09      0.00 7.389e-01 2.578e-01 2.698e-04 8.891e-05 7.035e-04 -1.000 3.228e-03 -0.561 1.287 0.065 -0.581 -0.798 -0.906 -0.946
0.0015467 -1.00000 10.01703 0.8708466887 2.4412021803    0.797  2.163  3.6878  1.880    7  0.000  0.513     0.00     0.00     0.00     0.00     0.00 -1 -1.63e-09      0.00 7.389e-01 2.578e-01 2.698e-04 8.891e-05 7.035e-04 -1.000 3.228e-03 -0.638 1.259 0.007 -0.651 -0.874 -0.986 -1.027
0.0015467 -1.00000 10.01703 0.8708496094 2.4412030207    0.797  2.188  3.6856  1.846    7  0.000  0.513     0.00     0.00     0.00     0.00     0.00 -1 -1.89e-09      0.00 7.389e-01 2.578e-01 2.698e-04 8.891e-05 7.035e-04 -1.000 3.228e-03 -0.701 1.236 -0.040 -0.709 -0.936 -1.051 -1.094
0.0015467 -1.00000 10.01703 0.8708525300 2.4412038610    0.797  2.173  3.6871  1.867    7  0.000  0.513     0.00     0.00     0.00     0.00     0.00 -1 -1.74e-09      0.00 7.389e-01 2.578e-01 2.698e-04 8.891e-05 7.035e-04 -1.000 3.228e-03 -0.661 1.249 -0.011 -0.673 -0.897 -1.010 -1.052
0.0015467 -1.00000 10.01703 0.8708857894 2.4412134296    0.795  2.166  3.6876  1.875    7  0.000  0.513     0.00     0.00     0.00     0.00     0.00 -1 -1.68e-09      0.00 7.389e-01 2.578e-01 2.698e-04 8.891e-05 7.035e-04 -1.000 3.228e-03 -0.644 1.257 0.003 -0.657 -0.880 -0.992 -1.034
0.0015467 -1.00000 10.01703 0.8709143400 2.4412216429    0.793  2.200  3.6844  1.826    7  0.000  0.513     0.00     0.00     0.00     0.00     0.00 -1 -2.06e-09      0.00 7.389e-01 2.578e-01 2.698e-04 8.891e-05 7.035e-04 -1.000 3.228e-03 -0.731 1.232 -0.061 -0.739 -0.967 -1.084 -1.128
0.0015467 -1.00000 10.01703 0.8709336519 2.4412271982    0.792  2.239  3.6808  1.773    7  0.000  0.513     0.00     0.00     0.00     0.00     0.00 -1 -2.58e-09      0.00 7.389e-01 2.578e-01 2.698e-04 8.891e-05 7.035e-04 -1.000 3.228e-03 -0.827 1.210 -0.132 -0.831 -1.065 -1.185 -1.232
0.0015467 -1.00000 10.01703 0.8709500432 2.4412319130    0.790  2.275  3.6776  1.723    7  0.000  0.513     0.00     0.00     0.00     0.00     0.00 -1 -3.15e-09      0.00 7.389e-01 2.578e-01 2.698e-04 8.891e-05 7.035e-04 -1.000 3.228e-03 -0.916 1.194 -0.195 -0.917 -1.156 -1.280 -1.329
0.0015467 -1.00000 10.01703 0.8709686399 2.4412372620    0.787  2.315  3.6740  1.667    7  0.000  0.513     0.00     0.00     0.00     0.00     0.00 -1 -4.03e-09      0.00 7.389e-01 2.578e-01 2.698e-04 8.891e-05 7.035e-04 -1.000 3.228e-03 -1.018 1.176 -0.267 -1.014 -1.258 -1.387 -1.438
0.0015467 -1.00000 10.01703 0.8709856868 2.4412421649    0.784  2.356  3.6704  1.610    7  0.000  0.513     0.00     0.00     0.00     0.00     0.00 -1 -5.11e-09      0.00 7.389e-01 2.578e-01 2.698e-04 8.891e-05 7.035e-04 -1.000 3.228e-03 -1.120 1.161 -0.339 -1.111 -1.361 -1.493 -1.547
0.0015467 -1.00000 10.01703 0.8710011244 2.4412466049    0.781  2.397  3.6669  1.553    7  0.000  0.512     0.00     0.00     0.00     0.00     0.00 -1 -6.45e-09      0.00 7.389e-01 2.578e-01 2.698e-04 8.891e-05 7.035e-04 -1.000 3.216e-03 -1.222 1.151 -0.408 -1.207 -1.462 -1.599 -1.656
0.0015467 -1.00000 10.01703 0.8710149527 2.4412505818    0.777  2.438  3.6633  1.496    7  0.000  0.512     0.00     0.00     0.00     0.00     0.00 -1 -8.23e-09      0.00 7.389e-01 2.579e-01 2.698e-04 8.891e-05 7.035e-04 -1.000 3.149e-03 -1.324 1.145 -0.475 -1.302 -1.563 -1.704 -1.764
0.0015467 -1.00000 10.01703 0.8710272908 2.4412541300    0.773  2.478  3.6598  1.439    7  0.000  0.512     0.00     0.00     0.00     0.00     0.00 -1 -1.04e-08      0.00 7.389e-01 2.579e-01 2.697e-04 8.894e-05 7.035e-04 -1.000 3.128e-03 -1.425 1.148 -0.540 -1.395 -1.662 -1.808 -1.871
0.0015467 -1.00000 10.01703 0.8710385561 2.4412573696    0.767  2.519  3.6562  1.381    7  0.000  0.511     8.51     6.55     4.61     3.58     2.89  3 -1.31e-08      0.00 7.389e-01 2.579e-01 2.692e-04 8.914e-05 7.035e-04 -1.000 3.122e-03 -1.527 1.151 -0.601 -1.485 -1.760 -1.911 -1.976
0.0015467 -1.00000 10.01703 0.8710486293 2.4412602663    0.762  2.558  3.6523  1.323    7  0.000  0.509     9.61     7.27     5.09     3.96     3.20  3 -1.66e-08      0.00 7.389e-01 2.580e-01 2.683e-04 8.974e-05 7.035e-04 -1.000 3.098e-03 -1.626 1.157 -0.658 -1.569 -1.853 -2.010 -2.079
0.0015467 -1.00000 10.01703 0.8710579276 2.4412629402    0.755  2.599  3.6468  1.257    7  0.000  0.505    11.02     8.17     5.69     4.43     3.59  3 -2.14e-08      0.00 7.389e-01 2.580e-01 2.660e-04 9.189e-05 7.035e-04 -1.000 3.031e-03 -1.727 1.198 -0.699 -1.646 -1.942 -2.109 -2.182
0.0015467 -1.00000 10.01703 0.8710623384 2.4412642085    0.751  2.619  3.6424  1.216    7  0.000  0.501    12.00     8.78     6.10     4.75     3.85  2 -2.43e-08      0.00 7.389e-01 2.581e-01 2.644e-04 9.379e-05 7.035e-04 -1.000 3.029e-03 -1.778 1.258 -0.701 -1.676 -1.984 -2.158 -2.234
0.0015467 -1.00000 10.01703 0.8710705638 2.4412665737    0.742  2.658  3.6373  1.152    7  0.000  0.494    13.71     9.84     6.79     5.31     4.30  2 -3.09e-08      0.00 7.389e-01 2.581e-01 2.609e-04 9.788e-05 7.036e-04 -1.000 3.023e-03 -1.876 1.295 -0.740 -1.750 -2.070 -2.254 -2.334
0.0015467 -1.00000 10.01703 0.8710785508 2.4412688703    0.731  2.698  3.6339  1.091    7  0.000  0.488    15.52    10.92     7.51     5.88     4.76  2 -3.96e-08      0.00 7.388e-01 2.582e-01 2.575e-04 1.021e-04 7.036e-04 -1.000 2.999e-03 -1.976 1.299 -0.795 -1.831 -2.161 -2.351 -2.434
0.0015467 -1.00000 10.01703 0.8710862398 2.4412710812    0.718  2.738  3.6302  1.029    7  0.000  0.482    17.63    12.17     8.32     6.53     5.29  2 -5.12e-08      0.00 7.388e-01 2.583e-01 2.544e-04 1.059e-04 7.037e-04 -1.000 2.949e-03 -2.075 1.310 -0.847 -1.911 -2.251 -2.448 -2.534
0.0015467 -1.00000 10.01703 0.8710936904 2.4412732235    0.701  2.778  3.6265  0.964    7  0.000  0.476    20.14    13.61     9.25     7.28     5.90  2 -6.74e-08      0.00 7.387e-01 2.583e-01 2.518e-04 1.092e-04 7.038e-04 -1.000 2.987e-03 -2.175 1.328 -0.893 -1.989 -2.342 -2.546 -2.634
0.0015467 -1.00000 10.01703 0.8711004257 2.4412751600    0.681  2.817  3.6230  0.898    7  0.000  0.472    23.04    15.22    10.29     8.12     6.58  1 -9.02e-08      0.00 7.386e-01 2.584e-01 2.494e-04 1.122e-04 7.038e-04 -1.000 2.986e-03 -2.274 1.349 -0.935 -2.065 -2.430 -2.641 -2.733
0.0015467 -1.00000 10.01703 0.8711068630 2.4412770109    0.655  2.858  3.6197  0.828    7  0.000  0.468    26.53    17.11    11.49     9.10     7.37  1 -1.23e-07      0.00 7.385e-01 2.585e-01 2.472e-04 1.148e-04 7.038e-04 -1.000 2.936e-03 -2.375 1.364 -0.982 -2.145 -2.521 -2.740 -2.834
0.0015467 -1.00000 10.01703 0.8711121082 2.4412785190    0.626  2.899  3.6171  0.756    7  0.000  0.464    30.63    19.25    12.85    10.20     8.27  1 -1.73e-07      0.00 7.385e-01 2.586e-01 2.455e-04 1.169e-04 7.038e-04 -1.000 2.959e-03 -2.477 1.366 -1.035 -2.229 -2.615 -2.840 -2.937
0.0015467 -1.00000 10.01703 0.8711159229 2.4412796158    0.596  2.936  3.6162  0.695    7  0.000  0.462    34.62    21.24    14.10    11.24     9.10  1 -2.41e-07      0.00 7.384e-01 2.586e-01 2.441e-04 1.187e-04 7.037e-04 -1.000 2.909e-03 -2.569 1.334 -1.103 -2.315 -2.706 -2.933 -3.031
0.0015467 -1.00000 10.01703 0.8711191416 2.4412805412    0.561  2.972  3.6203  0.648    7  0.000  0.459    37.83    22.75    15.03    12.02     9.73  1  -3.4e-07      0.00 7.384e-01 2.587e-01 2.428e-04 1.203e-04 7.037e-04 -1.000 2.896e-03 -2.661 1.190 -1.235 -2.433 -2.813 -3.033 -3.128
0.0015467 -1.00000 10.01703 0.8711214662 2.4412812095    0.516  3.000  3.6362  0.647    7  0.000  0.457    37.33    22.30    14.72    11.80     9.55  1 -4.51e-07      0.00 7.383e-01 2.588e-01 2.417e-04 1.216e-04 7.036e-04 -1.000 2.927e-03 -2.731 0.781 -1.494 -2.599 -2.937 -3.127 -3.210
0.0015467 -1.00000 10.01703 1.0965409279 2.4910964848    0.544 -9.999  3.6479  7.953    9  0.545  0.000     0.00     0.00     0.00     0.00     0.00 -1    -1e-30      0.00 7.252e-01 2.732e-01 2.244e-04 1.654e-04 7.173e-04 -1.000 1.584e-03 29.767 32.504 30.794 29.811 29.482 29.320 29.263
