# Zini     MH   logAge Mini        int_IMF         Mass   logL    logTe  logg  label   McoreTP C_O  period0  period1  period2  period3  period4  pmode  Mloss  tau1m   X   Y   Xc  Xn  Xo  Cexcess  Z 	 mbolmag  umag    gmag    rmag    imag    zmag    Ymag
0.0013794 -1.05000 10.06446 0.0900000036 1.0816895926    0.090 -3.232  3.4472  5.365    1  0.000  0.545     0.00     0.00     0.00     0.00     0.00 -1 -5.11e-17      0.00 7.455e-01 2.531e-01 2.632e-04 7.102e-05 6.441e-04 -1.000 1.464e-03 12.850 18.093 17.042 15.232 13.018 12.261 12.104
0.0013794 -1.05000 10.06446 0.0904930383 1.0863958887    0.091 -3.219  3.4490  5.362    1  0.000  0.545     0.00     0.00     0.00     0.00     0.00 -1 -5.26e-17      0.00 7.454e-01 2.531e-01 2.632e-04 7.102e-05 6.441e-04 -1.000 1.464e-03 12.818 18.058 16.969 15.160 12.976 12.229 12.074
0.0013794 -1.05000 10.06446 0.1000000015 1.1711064122    0.100 -2.989  3.4817  5.305    1  0.000  0.545     0.00     0.00     0.00     0.00     0.00 -1 -9.08e-17      0.00 7.442e-01 2.543e-01 2.632e-04 7.102e-05 6.441e-04 -1.000 1.464e-03 12.242 17.365 15.627 13.855 12.241 11.666 11.530
0.0013794 -1.05000 10.06446 0.1199999973 1.3193154249    0.120 -2.707  3.5148  5.235    1  0.000  0.545     0.00     0.00     0.00     0.00     0.00 -1 -1.72e-16      0.00 7.422e-01 2.563e-01 2.632e-04 7.102e-05 6.442e-04 -1.000 1.464e-03 11.537 16.335 14.235 12.562 11.427 10.988 10.866
0.0013794 -1.05000 10.06446 0.1400000006 1.4384526719    0.140 -2.523  3.5322  5.188    1  0.000  0.545     0.00     0.00     0.00     0.00     0.00 -1 -2.57e-16      0.00 7.406e-01 2.579e-01 2.632e-04 7.102e-05 6.442e-04 -1.000 1.464e-03 11.077 15.622 13.468 11.867 10.926 10.542 10.427
0.0013794 -1.05000 10.06446 0.1599999964 1.5372931554    0.160 -2.382  3.5433  5.149    1  0.000  0.545     0.00     0.00     0.00     0.00     0.00 -1 -3.47e-16      0.00 7.394e-01 2.591e-01 2.632e-04 7.102e-05 6.442e-04 -1.000 1.464e-03 10.725 15.089 12.942 11.391 10.554 10.199 10.089
0.0013794 -1.05000 10.06446 0.1966129839 1.6822604504    0.197 -2.178  3.5567  5.089    1  0.000  0.545     0.00     0.00     0.00     0.00     0.00 -1 -5.37e-16      0.00 7.381e-01 2.605e-01 2.632e-04 7.102e-05 6.442e-04 -1.000 1.464e-03 10.216 14.349 12.236 10.748 10.024 9.701 9.597
0.0013794 -1.05000 10.06446 0.2000000179 1.6938791367    0.200 -2.162  3.5578  5.084    1  0.000  0.545     0.00     0.00     0.00     0.00     0.00 -1 -5.56e-16      0.00 7.379e-01 2.606e-01 2.632e-04 7.102e-05 6.442e-04 -1.000 1.464e-03 10.174 14.288 12.178 10.695 9.981 9.660 9.557
0.0013794 -1.05000 10.06446 0.2500000000 1.8403257998    0.250 -1.956  3.5692  5.021    1  0.000  0.545     0.00     0.00     0.00     0.00     0.00 -1 -2.78e-16      0.00 7.376e-01 2.610e-01 2.632e-04 7.102e-05 6.442e-04 -1.000 1.464e-03 9.661 13.571 11.511 10.083 9.455 9.159 9.061
0.0013794 -1.05000 10.06446 0.3000000119 1.9529139769    0.300 -1.798  3.5779  4.977    1  0.000  0.545     0.00     0.00     0.00     0.00     0.00 -1 -1.33e-17      0.00 7.377e-01 2.608e-01 2.632e-04 7.103e-05 6.442e-04 -1.000 1.464e-03 9.265 13.030 11.010 9.627 9.050 8.770 8.677
0.0013794 -1.05000 10.06446 0.3499999642 2.0434174156    0.350 -1.667  3.5852  4.942    1  0.000  0.545     0.00     0.00     0.00     0.00     0.00 -1 -1.54e-15      0.00 7.469e-01 2.516e-01 2.632e-04 7.102e-05 6.441e-04 -1.000 1.464e-03 8.938 12.581 10.598 9.257 8.717 8.451 8.361
0.0013794 -1.05000 10.06446 0.4000000060 2.1185024399    0.400 -1.515  3.5964  4.893    1  0.000  0.545     0.00     0.00     0.00     0.00     0.00 -1 -2.17e-15      0.00 7.475e-01 2.510e-01 2.632e-04 7.102e-05 6.441e-04 -1.000 1.464e-03 8.558 12.019 10.094 8.818 8.328 8.081 7.997
0.0013794 -1.05000 10.06446 0.4309222400 2.1590851457    0.431 -1.403  3.6072  4.856    1  0.000  0.545     0.00     0.00     0.00     0.00     0.00 -1 -2.82e-15      0.00 7.475e-01 2.510e-01 2.632e-04 7.102e-05 6.441e-04 -1.000 1.464e-03 8.278 11.575 9.700 8.490 8.040 7.811 7.731
0.0013794 -1.05000 10.06446 0.4499999881 2.1822809009    0.450 -1.338  3.6134  4.834    1  0.000  0.545     0.00     0.00     0.00     0.00     0.00 -1 -3.29e-15      0.00 7.475e-01 2.510e-01 2.632e-04 7.102e-05 6.441e-04 -1.000 1.464e-03 8.115 11.321 9.473 8.303 7.873 7.654 7.577
0.0013794 -1.05000 10.06446 0.5000000000 2.2374541529    0.500 -1.136  3.6406  4.787    1  0.000  0.545     0.00     0.00     0.00     0.00     0.00 -1 -5.26e-15      0.00 7.475e-01 2.510e-01 2.632e-04 7.102e-05 6.441e-04 -1.000 1.464e-03 7.609 10.435 8.698 7.701 7.359 7.182 7.118
0.0013794 -1.05000 10.06446 0.5500000715 2.2836583126    0.550 -0.912  3.6731  4.735    1  0.000  0.544     0.00     0.00     0.00     0.00     0.00 -1 -8.89e-15      0.00 7.806e-01 2.181e-01 2.313e-04 6.243e-05 5.665e-04 -1.000 1.289e-03 7.051 9.356 7.836 7.048 6.794 6.666 6.619
0.0013794 -1.05000 10.06446 0.6000000238 2.3211213258    0.600 -0.707  3.7029  4.686    1  0.000  0.544     0.00     0.00     0.00     0.00     0.00 -1 -1.44e-14      0.00 7.885e-01 2.102e-01 2.244e-04 6.060e-05 5.501e-04 -1.000 1.244e-03 6.537 8.341 7.107 6.477 6.280 6.191 6.161
0.0013794 -1.05000 10.06446 0.6142429709 2.3305179372    0.614 -0.647  3.7121  4.673    1  0.000  0.544     0.00     0.00     0.00     0.00     0.00 -1 -1.66e-14      0.00 7.909e-01 2.078e-01 2.221e-04 6.000e-05 5.447e-04 -1.000 1.252e-03 6.387 8.055 6.906 6.316 6.134 6.057 6.032
0.0013794 -1.05000 10.06446 0.6303250790 2.3405430792    0.630 -0.579  3.7224  4.658    1  0.000  0.543     0.00     0.00     0.00     0.00     0.00 -1 -1.95e-14      0.00 7.938e-01 2.050e-01 2.195e-04 5.930e-05 5.385e-04 -1.000 1.222e-03 6.217 7.746 6.685 6.139 5.973 5.908 5.888
0.0013794 -1.05000 10.06446 0.6453027725 2.3493648182    0.645 -0.516  3.7319  4.643    1  0.000  0.543     0.00     0.00     0.00     0.00     0.00 -1 -2.14e-14      0.00 7.965e-01 2.022e-01 2.170e-04 5.863e-05 5.324e-04 -1.000 1.247e-03 6.059 7.471 6.487 5.976 5.825 5.770 5.755
0.0013794 -1.05000 10.06446 0.6499999762 2.3520353107    0.650 -0.496  3.7348  4.638    1  0.000  0.543     0.00     0.00     0.00     0.00     0.00 -1 -2.38e-14      0.00 7.975e-01 2.013e-01 2.161e-04 5.841e-05 5.305e-04 -1.000 1.207e-03 6.009 7.389 6.426 5.925 5.778 5.727 5.713
0.0013794 -1.05000 10.06446 0.6630481482 2.3592257787    0.663 -0.440  3.7421  4.620    1  0.000  0.543     0.00     0.00     0.00     0.00     0.00 -1 -2.74e-14      0.00 8.004e-01 1.984e-01 2.135e-04 5.772e-05 5.242e-04 -1.000 1.184e-03 5.871 7.168 6.260 5.786 5.649 5.606 5.595
0.0013794 -1.05000 10.06446 0.6766496897 2.3663827240    0.676 -0.382  3.7496  4.600    1  0.000  0.543     0.00     0.00     0.00     0.00     0.00 -1 -3.17e-14      0.00 8.037e-01 1.951e-01 2.107e-04 5.696e-05 5.175e-04 -1.000 1.172e-03 5.724 6.943 6.087 5.641 5.516 5.481 5.474
0.0013794 -1.05000 10.06446 0.6892150044 2.3727065647    0.689 -0.327  3.7563  4.580    1  0.000  0.543     0.00     0.00     0.00     0.00     0.00 -1 -2.98e-14      0.00 8.069e-01 1.919e-01 2.079e-04 5.623e-05 5.109e-04 -1.000 1.164e-03 5.587 6.740 5.927 5.507 5.393 5.364 5.360
0.0013794 -1.05000 10.06446 0.6999999285 2.3779266691    0.700 -0.279  3.7618  4.561    1  0.000  0.542     0.00     0.00     0.00     0.00     0.00 -1 -4.13e-14      0.00 8.098e-01 1.891e-01 2.054e-04 5.558e-05 5.051e-04 -1.000 1.139e-03 5.468 6.567 5.790 5.391 5.285 5.262 5.261
0.0013794 -1.05000 10.06446 0.7068001032 2.3811240706    0.707 -0.248  3.7652  4.548    1  0.000  0.541     0.00     0.00     0.00     0.00     0.00 -1 -4.48e-14      0.00 8.120e-01 1.869e-01 2.032e-04 5.507e-05 5.006e-04 -1.000 1.160e-03 5.390 6.460 5.703 5.316 5.215 5.196 5.196
0.0013794 -1.05000 10.06446 0.7157658935 2.3852331310    0.715 -0.206  3.7695  4.529    1  0.000  0.540     0.00     0.00     0.00     0.00     0.00 -1 -5.01e-14      0.00 8.150e-01 1.839e-01 2.001e-04 5.436e-05 4.945e-04 -1.000 1.109e-03 5.286 6.318 5.587 5.216 5.121 5.106 5.108
0.0013794 -1.05000 10.06446 0.7244682908 2.3891098250    0.724 -0.165  3.7736  4.509    1  0.000  0.538     0.00     0.00     0.00     0.00     0.00 -1  -5.6e-14      0.00 8.181e-01 1.809e-01 1.971e-04 5.365e-05 4.882e-04 -1.000 1.071e-03 5.182 6.181 5.472 5.116 5.028 5.017 5.020
0.0013794 -1.05000 10.06446 0.7328312993 2.3927357348    0.732 -0.124  3.7773  4.488    1  0.000  0.536     0.00     0.00     0.00     0.00     0.00 -1 -6.27e-14      0.00 8.212e-01 1.777e-01 1.940e-04 5.294e-05 4.819e-04 -1.000 1.096e-03 5.080 6.048 5.359 5.017 4.935 4.928 4.933
0.0013794 -1.05000 10.06446 0.7439207435 2.3973994502    0.744 -0.067  3.7820  4.457    1  0.000  0.535     0.00     0.00     0.00     0.00     0.00 -1 -2.02e-14      0.00 8.255e-01 1.734e-01 1.898e-04 5.194e-05 4.732e-04 -1.000 1.073e-03 4.939 5.872 5.206 4.881 4.806 4.804 4.810
0.0013794 -1.05000 10.06446 0.7500000000 2.3998889087    0.750 -0.035  3.7845  4.438    1  0.000  0.533     0.00     0.00     0.00     0.00     0.00 -1 -8.05e-14      0.00 8.280e-01 1.709e-01 1.873e-04 5.137e-05 4.681e-04 -1.000 1.071e-03 4.858 5.775 5.119 4.803 4.732 4.732 4.739
0.0013794 -1.05000 10.06446 0.7527982593 2.4010192692    0.752 -0.020  3.7855  4.429    1  0.000  0.533     0.00     0.00     0.00     0.00     0.00 -1 -8.41e-14      0.00 8.294e-01 1.695e-01 1.862e-04 5.105e-05 4.653e-04 -1.000 1.069e-03 4.821 5.731 5.079 4.767 4.697 4.698 4.706
0.0013794 -1.05000 10.06446 0.7608785033 2.4042296949    0.760  0.025  3.7883  4.399    1  0.000  0.533     0.00     0.00     0.00     0.00     0.00 -1 -9.59e-14      0.00 8.334e-01 1.655e-01 1.827e-04 5.014e-05 4.571e-04 -1.000 1.061e-03 4.708 5.600 4.959 4.657 4.592 4.596 4.604
0.0013794 -1.05000 10.06446 0.7687672973 2.4072892967    0.768  0.072  3.7909  4.368    1  0.000  0.532     0.00     0.00     0.00     0.00     0.00 -1  -1.1e-13      0.00 8.372e-01 1.617e-01 1.795e-04 4.926e-05 4.492e-04 -1.000 1.053e-03 4.591 5.466 4.835 4.543 4.482 4.488 4.497
0.0013794 -1.05000 10.06446 0.7791990638 2.4112259759    0.778  0.137  3.7940  4.320    1  0.000  0.532     0.00     0.00     0.00     0.00     0.00 -1 -1.34e-13      0.00 8.420e-01 1.570e-01 1.753e-04 4.814e-05 4.392e-04 -1.000 1.004e-03 4.428 5.284 4.663 4.383 4.327 4.336 4.346
0.0013794 -1.05000 10.06446 0.7889747620 2.4148066203    0.788  0.202  3.7963  4.270    1  0.000  0.531     0.00     0.00     0.00     0.00     0.00 -1 -1.64e-13      0.00 8.459e-01 1.531e-01 1.720e-04 4.724e-05 4.313e-04 -1.000 9.917e-04 4.265 5.107 4.493 4.223 4.170 4.182 4.192
0.0013794 -1.05000 10.06446 0.7975960374 2.4178808032    0.797  0.264  3.7976  4.218    1  0.000  0.531     0.00     0.00     0.00     0.00     0.00 -1    -2e-13      0.00 8.475e-01 1.515e-01 1.705e-04 4.686e-05 4.279e-04 -1.000 1.018e-03 4.110 4.943 4.333 4.069 4.019 4.032 4.043
0.0013794 -1.05000 10.06446 0.7995344996 2.4185615317    0.798  0.278  3.7978  4.205    1  0.000  0.531     0.00     0.00     0.00     0.00     0.00 -1 -1.78e-13      0.00 8.477e-01 1.513e-01 1.703e-04 4.681e-05 4.274e-04 -1.000 1.024e-03 4.074 4.905 4.297 4.033 3.984 3.996 4.008
0.0013794 -1.05000 10.06446 0.8000000119 2.4187244405    0.799  0.282  3.7978  4.202    1  0.000  0.531     0.00     0.00     0.00     0.00     0.00 -1 -2.13e-13      0.00 8.477e-01 1.512e-01 1.702e-04 4.680e-05 4.274e-04 -1.000 1.025e-03 4.065 4.896 4.287 4.023 3.974 3.987 3.998
0.0013794 -1.05000 10.06446 0.8025026321 2.4195965236    0.801  0.303  3.7977  4.182    1  0.000  0.531     0.00     0.00     0.00     0.00     0.00 -1 -2.27e-13      0.00 8.475e-01 1.515e-01 1.706e-04 4.690e-05 4.283e-04 -1.000 1.025e-03 4.013 4.844 4.235 3.972 3.923 3.935 3.946
0.0013794 -1.05000 10.06446 0.8085245490 2.4216695486    0.807  0.355  3.7967  4.129    1  0.000  0.531     0.00     0.00     0.00     0.00     0.00 -1 -2.71e-13      0.00 8.467e-01 1.523e-01 1.715e-04 4.716e-05 4.307e-04 -1.000 9.911e-04 3.882 4.717 4.105 3.839 3.789 3.801 3.811
0.0013794 -1.05000 10.06446 0.8136052489 2.4233911427    0.812  0.404  3.7943  4.073    1  0.000  0.531     0.00     0.00     0.00     0.00     0.00 -1 -3.22e-13      0.00 8.457e-01 1.533e-01 1.730e-04 4.758e-05 4.346e-04 -1.000 1.019e-03 3.760 4.606 3.987 3.714 3.661 3.670 3.680
0.0013794 -1.05000 10.06446 0.8145843148 2.4237200620    0.813  0.414  3.7937  4.061    1  0.000  0.531     0.00     0.00     0.00     0.00     0.00 -1 -3.35e-13      0.00 8.454e-01 1.535e-01 1.733e-04 4.766e-05 4.353e-04 -1.000 1.025e-03 3.735 4.584 3.963 3.689 3.635 3.643 3.653
0.0013794 -1.05000 10.06446 0.8178001046 2.4247940437    0.816  0.451  3.7897  4.009    2  0.000  0.531     0.00     0.00     0.00     0.00     0.00 -1 -3.86e-13      0.00 8.434e-01 1.556e-01 1.763e-04 4.848e-05 4.428e-04 -1.000 1.030e-03 3.642 4.511 3.879 3.592 3.532 3.537 3.545
0.0013794 -1.05000 10.06446 0.8212178946 2.4259248909    0.820  0.495  3.7827  3.939    2  0.000  0.531     0.00     0.00     0.00     0.00     0.00 -1 -4.61e-13      0.00 8.364e-01 1.625e-01 1.853e-04 5.093e-05 4.650e-04 -1.000 1.052e-03 3.533 4.443 3.787 3.477 3.406 3.404 3.410
0.0013794 -1.05000 10.06446 0.8235595226 2.4266934395    0.822  0.527  3.7746  3.876    2  0.000  0.532     0.00     0.00     0.00     0.00     0.00 -1 -5.34e-13      0.00 8.202e-01 1.787e-01 2.013e-04 5.527e-05 5.042e-04 -1.000 1.128e-03 3.451 4.415 3.727 3.390 3.307 3.297 3.299
0.0013794 -1.05000 10.06446 0.8252783418 2.4272543844    0.824  0.552  3.7655  3.816    2  0.000  0.534     0.00     0.00     0.00     0.00     0.00 -1 -6.06e-13      0.00 7.981e-01 2.007e-01 2.191e-04 6.006e-05 5.472e-04 -1.000 1.235e-03 3.390 4.419 3.692 3.323 3.226 3.206 3.205
0.0013794 -1.05000 10.06446 0.8266848326 2.4277114043    0.825  0.576  3.7558  3.754    2  0.000  0.535     0.00     0.00     0.00     0.00     0.00 -1 -6.87e-13      0.00 7.818e-01 2.169e-01 2.316e-04 6.340e-05 5.770e-04 -1.000 1.314e-03 3.330 4.437 3.663 3.260 3.149 3.119 3.114
0.0013794 -1.05000 10.06446 0.8277772665 2.4280651437    0.826  0.604  3.7476  3.694    2  0.000  0.536     0.00     0.00     0.00     0.00     0.00 -1 -7.84e-13      0.00 7.730e-01 2.257e-01 2.384e-04 6.520e-05 5.929e-04 -1.000 1.337e-03 3.261 4.437 3.622 3.191 3.066 3.028 3.019
0.0013794 -1.05000 10.06446 0.8286609054 2.4283504890    0.827  0.637  3.7414  3.636    2  0.000  0.536     0.00     0.00     0.00     0.00     0.00 -1 -9.03e-13      0.00 7.679e-01 2.308e-01 2.423e-04 6.624e-05 6.023e-04 -1.000 1.355e-03 3.177 4.406 3.561 3.108 2.974 2.929 2.918
0.0013794 -1.05000 10.06446 0.8293600082 2.4285757484    0.828  0.672  3.7371  3.585    2  0.000  0.537     0.00     0.00     0.00     0.00     0.00 -1 -1.04e-12      0.00 7.646e-01 2.340e-01 2.447e-04 6.688e-05 6.080e-04 -1.000 1.399e-03 3.091 4.358 3.490 3.024 2.883 2.833 2.820
0.0013794 -1.05000 10.06446 0.8297064900 2.4286872272    0.828  0.691  3.7352  3.558    2  0.000  0.537     0.00     0.00     0.00     0.00     0.00 -1 -1.12e-12      0.00 7.631e-01 2.354e-01 2.457e-04 6.716e-05 6.104e-04 -1.000 1.418e-03 3.043 4.328 3.449 2.977 2.833 2.781 2.767
0.0013794 -1.05000 10.06446 0.8298290372 2.4287266305    0.828  0.699  3.7347  3.548    2  0.000  0.537     0.00     0.00     0.00     0.00     0.00 -1 -1.15e-12      0.00 7.627e-01 2.359e-01 2.460e-04 6.724e-05 6.111e-04 -1.000 1.418e-03 3.023 4.312 3.431 2.957 2.813 2.760 2.745
0.0013794 -1.05000 10.06446 0.8304740787 2.4289338142    0.829  0.743  3.7320  3.493    3  0.000  0.537     0.00     0.00     0.00     0.00     0.00 -1 -1.36e-12      0.00 7.602e-01 2.384e-01 2.474e-04 6.762e-05 6.145e-04 -1.000 1.409e-03 2.912 4.225 3.331 2.848 2.700 2.644 2.628
0.0013794 -1.05000 10.06446 0.8310174942 2.4291080691    0.829  0.784  3.7300  3.445    3  0.000  0.537     0.00     0.00     0.00     0.00     0.00 -1 -1.57e-12      0.00 7.582e-01 2.404e-01 2.484e-04 6.790e-05 6.170e-04 -1.000 1.373e-03 2.810 4.142 3.236 2.747 2.596 2.538 2.521
0.0013794 -1.05000 10.06446 0.8316205144 2.4293011307    0.830  0.833  3.7281  3.388    3  0.000  0.537     0.00     0.00     0.00     0.00     0.00 -1 -1.88e-12      0.00 7.560e-01 2.426e-01 2.493e-04 6.817e-05 6.193e-04 -1.000 1.424e-03 2.687 4.038 3.122 2.626 2.472 2.411 2.393
0.0013794 -1.05000 10.06446 0.8321777582 2.4294792506    0.830  0.882  3.7263  3.332    3  0.000  0.536     0.00     0.00     0.00     0.00     0.00 -1 -2.25e-12      0.00 7.539e-01 2.447e-01 2.499e-04 6.841e-05 6.212e-04 -1.000 1.380e-03 2.564 3.932 3.005 2.504 2.347 2.285 2.266
0.0013794 -1.05000 10.06446 0.8327369094 2.4296577047    0.831  0.936  3.7246  3.271    3  0.000  0.535     0.00     0.00     0.00     0.00     0.00 -1 -2.73e-12      0.00 7.517e-01 2.469e-01 2.500e-04 6.876e-05 6.228e-04 -1.000 1.391e-03 2.429 3.813 2.878 2.371 2.212 2.147 2.127
0.0013794 -1.05000 10.06446 0.8332320452 2.4298154982    0.831  0.989  3.7230  3.213    3  0.000  0.533     0.00     0.00     0.00     0.00     0.00 -1 -3.29e-12      0.00 7.497e-01 2.489e-01 2.494e-04 6.939e-05 6.241e-04 -1.000 1.388e-03 2.298 3.697 2.753 2.242 2.080 2.014 1.993
0.0013794 -1.05000 10.06446 0.8336521387 2.4299492077    0.831  1.037  3.7215  3.159    3  0.000  0.530     0.00     0.00     0.00     0.00     0.00 -1  -3.9e-12      0.00 7.480e-01 2.506e-01 2.482e-04 7.045e-05 6.250e-04 -1.000 1.417e-03 2.178 3.591 2.639 2.123 1.959 1.891 1.869
0.0013794 -1.05000 10.06446 0.8339809179 2.4300537452    0.832  1.077  3.7202  3.114    3  0.000  0.527     0.00     0.00     0.00     0.00     0.00 -1 -4.52e-12      0.00 7.468e-01 2.518e-01 2.469e-04 7.171e-05 6.256e-04 -1.000 1.417e-03 2.077 3.501 2.543 2.023 1.857 1.787 1.765
0.0013794 -1.05000 10.06446 0.8343449235 2.4301693726    0.832  1.126  3.7187  3.059    3  0.000  0.523     0.00     0.00     0.00     0.00     0.00 -1 -5.38e-12      0.00 7.455e-01 2.531e-01 2.451e-04 7.358e-05 6.262e-04 -1.000 1.414e-03 1.955 3.395 2.428 1.904 1.735 1.663 1.640
0.0013794 -1.05000 10.06446 0.8346929550 2.4302798174    0.832  1.177  3.7170  3.001    3  0.000  0.518     0.00     0.00     0.00     0.00     0.00 -1 -6.46e-12      0.00 7.442e-01 2.543e-01 2.430e-04 7.593e-05 6.267e-04 -1.000 1.430e-03 1.828 3.285 2.309 1.778 1.607 1.533 1.509
0.0013794 -1.05000 10.06446 0.8350081444 2.4303797486    0.832  1.228  3.7152  2.944    3  0.000  0.513     0.00     0.00     0.00     0.00     0.00 -1 -7.76e-12      0.00 7.432e-01 2.553e-01 2.411e-04 7.818e-05 6.271e-04 -1.000 1.448e-03 1.701 3.178 2.190 1.653 1.479 1.403 1.378
0.0013794 -1.05000 10.06446 0.8352833390 2.4304669285    0.832  1.276  3.7135  2.888    3  0.000  0.510     0.00     0.00     0.00     0.00     0.00 -1 -9.25e-12      0.00 7.426e-01 2.560e-01 2.398e-04 7.985e-05 6.274e-04 -1.000 1.399e-03 1.580 3.076 2.077 1.534 1.357 1.279 1.252
0.0013794 -1.05000 10.06446 0.8355320692 2.4305456678    0.833  1.324  3.7117  2.833    3  0.000  0.508     0.00     0.00     0.00     0.00     0.00 -1  -1.1e-11      0.00 7.421e-01 2.565e-01 2.388e-04 8.109e-05 6.275e-04 -1.000 1.408e-03 1.460 2.977 1.967 1.417 1.236 1.156 1.128
0.0013794 -1.05000 10.06446 0.8357558250 2.4306164551    0.833  1.371  3.7099  2.779    3  0.000  0.506     0.00     0.00     0.00     0.00     0.00 -1  -1.3e-11      0.00 7.417e-01 2.569e-01 2.379e-04 8.212e-05 6.277e-04 -1.000 1.438e-03 1.343 2.881 1.858 1.302 1.119 1.036 1.007
0.0013794 -1.05000 10.06446 0.8359636068 2.4306821498    0.833  1.418  3.7080  2.724    3  0.000  0.505     0.00     0.00     0.00     0.00     0.00 -1 -1.55e-11      0.00 7.415e-01 2.571e-01 2.376e-04 8.257e-05 6.277e-04 -1.000 1.411e-03 1.224 2.785 1.749 1.186 0.999 0.914 0.884
0.0013794 -1.05000 10.06446 0.8361474872 2.4307402562    0.833  1.464  3.7061  2.670    3  0.000  0.505     0.00     0.00     0.00     0.00     0.00 -1 -1.83e-11      0.00 7.414e-01 2.571e-01 2.374e-04 8.278e-05 6.278e-04 -1.000 1.436e-03 1.109 2.693 1.644 1.074 0.884 0.796 0.765
0.0013794 -1.05000 10.06446 0.8363189101 2.4307943997    0.833  1.511  3.7040  2.616    3  0.000  0.504     0.00     0.00     0.00     0.00     0.00 -1 -2.18e-11      0.00 7.414e-01 2.571e-01 2.374e-04 8.282e-05 6.278e-04 -1.000 1.437e-03 0.992 2.600 1.538 0.960 0.766 0.676 0.644
0.0013794 -1.05000 10.06446 0.8364705443 2.4308422716    0.833  1.556  3.7021  2.563    3  0.000  0.504     0.00     0.00     0.00     0.00     0.00 -1 -2.57e-11      0.00 7.414e-01 2.572e-01 2.374e-04 8.285e-05 6.278e-04 -1.000 1.438e-03 0.879 2.511 1.436 0.851 0.653 0.560 0.527
0.0013794 -1.05000 10.06446 0.8366056681 2.4308849142    0.833  1.600  3.7001  2.511    3  0.000  0.504     0.00     0.00     0.00     0.00     0.00 -1 -3.01e-11      0.00 7.414e-01 2.572e-01 2.373e-04 8.288e-05 6.278e-04 -1.000 1.438e-03 0.771 2.426 1.338 0.745 0.544 0.448 0.414
0.0013794 -1.05000 10.06446 0.8367309570 2.4309244391    0.833  1.643  3.6981  2.459    3  0.000  0.504     0.00     0.00     0.00     0.00     0.00 -1 -3.53e-11      0.00 7.414e-01 2.572e-01 2.373e-04 8.291e-05 6.278e-04 -1.000 1.438e-03 0.662 2.346 1.240 0.639 0.434 0.336 0.301
0.0013794 -1.05000 10.06446 0.8368421197 2.4309594961    0.833  1.685  3.6960  2.409    3  0.000  0.504     0.00     0.00     0.00     0.00     0.00 -1 -4.13e-11      0.00 7.414e-01 2.572e-01 2.373e-04 8.293e-05 6.278e-04 -1.000 1.438e-03 0.556 2.272 1.147 0.536 0.329 0.227 0.191
0.0013794 -1.05000 10.06446 0.8369469643 2.4309925508    0.832  1.728  3.6939  2.358    3  0.000  0.504     0.00     0.00     0.00     0.00     0.00 -1 -4.83e-11      0.00 7.414e-01 2.572e-01 2.373e-04 8.296e-05 6.278e-04 -1.000 1.438e-03 0.450 2.197 1.053 0.433 0.221 0.117 0.080
0.0013794 -1.05000 10.06446 0.8370414376 2.4310223275    0.832  1.769  3.6919  2.309    3  0.000  0.504     0.00     0.00     0.00     0.00     0.00 -1 -5.62e-11      0.00 7.414e-01 2.572e-01 2.373e-04 8.298e-05 6.278e-04 -1.000 1.439e-03 0.347 2.125 0.963 0.333 0.118 0.012 -0.027
0.0013794 -1.05000 10.06446 0.8371297717 2.4310501623    0.832  1.809  3.6898  2.260    3  0.000  0.504     0.00     0.00     0.00     0.00     0.00 -1 -6.52e-11      0.00 7.414e-01 2.572e-01 2.373e-04 8.300e-05 6.278e-04 -1.000 1.439e-03 0.246 2.056 0.874 0.236 0.017 -0.092 -0.133
0.0013794 -1.05000 10.06446 0.8372142911 2.4310767887    0.832  1.848  3.6878  2.213    3  0.000  0.504     0.00     0.00     0.00     0.00     0.00 -1 -7.53e-11      0.00 7.413e-01 2.572e-01 2.372e-04 8.302e-05 6.278e-04 -1.000 1.439e-03 0.149 1.992 0.791 0.143 -0.080 -0.192 -0.233
0.0013794 -1.05000 10.06446 0.8373010755 2.4311041222    0.832  1.883  3.6860  2.171    3  0.000  0.504     0.00     0.00     0.00     0.00     0.00 -1 -8.56e-11      0.00 7.413e-01 2.572e-01 2.372e-04 8.303e-05 6.279e-04 -1.000 1.439e-03 0.063 1.935 0.717 0.060 -0.165 -0.280 -0.322
0.0013794 -1.05000 10.06446 0.8373798728 2.4311289344    0.831  1.905  3.6849  2.144    3  0.000  0.504     0.00     0.00     0.00     0.00     0.00 -1 -9.35e-11      0.00 7.413e-01 2.572e-01 2.372e-04 8.305e-05 6.279e-04 -1.000 1.439e-03 0.007 1.896 0.667 0.006 -0.222 -0.337 -0.380
0.0013794 -1.05000 10.06446 0.8374579549 2.4311535162    0.831  1.881  3.6867  2.175    3  0.000  0.504     0.00     0.00     0.00     0.00     0.00 -1 -8.59e-11      0.00 7.413e-01 2.572e-01 2.372e-04 8.307e-05 6.279e-04 -1.000 1.440e-03 0.067 1.929 0.716 0.063 -0.162 -0.275 -0.317
0.0013794 -1.05000 10.06446 0.8374717236 2.4311578503    0.831  1.876  3.6870  2.181    3  0.000  0.504     0.00     0.00     0.00     0.00     0.00 -1 -8.44e-11      0.00 7.413e-01 2.572e-01 2.372e-04 8.307e-05 6.279e-04 -1.000 1.440e-03 0.079 1.935 0.725 0.074 -0.150 -0.263 -0.305
0.0013794 -1.05000 10.06446 0.8375295401 2.4311760479    0.831  1.913  3.6851  2.137    3  0.000  0.504     0.00     0.00     0.00     0.00     0.00 -1 -9.57e-11      0.00 7.413e-01 2.572e-01 2.372e-04 8.308e-05 6.279e-04 -1.000 1.440e-03 -0.012 1.876 0.647 -0.013 -0.241 -0.357 -0.400
0.0013794 -1.05000 10.06446 0.8375933766 2.4311961371    0.831  1.954  3.6827  2.086    3  0.000  0.504     0.00     0.00     0.00     0.00     0.00 -1 -1.11e-10      0.00 7.413e-01 2.572e-01 2.372e-04 8.310e-05 6.279e-04 -1.000 1.440e-03 -0.115 1.811 0.560 -0.111 -0.343 -0.462 -0.507
0.0013794 -1.05000 10.06446 0.8376549482 2.4312155101    0.830  1.996  3.6804  2.035    3  0.000  0.504     0.00     0.00     0.00     0.00     0.00 -1  -1.3e-10      0.00 7.413e-01 2.572e-01 2.372e-04 8.311e-05 6.279e-04 -1.000 1.440e-03 -0.220 1.744 0.470 -0.211 -0.448 -0.570 -0.616
0.0013794 -1.05000 10.06446 0.8377112746 2.4312332298    0.830  2.037  3.6780  1.984    3  0.000  0.504     0.00     0.00     0.00     0.00     0.00 -1 -1.52e-10      0.00 7.413e-01 2.573e-01 2.372e-04 8.312e-05 6.279e-04 -1.000 1.440e-03 -0.323 1.687 0.385 -0.310 -0.551 -0.676 -0.723
0.0013794 -1.05000 10.06446 0.8377645612 2.4312499908    0.830  2.079  3.6755  1.932    3  0.000  0.504     0.00     0.00     0.00     0.00     0.00 -1 -1.77e-10      0.00 7.413e-01 2.573e-01 2.372e-04 8.314e-05 6.279e-04 -1.000 1.440e-03 -0.428 1.640 0.300 -0.412 -0.657 -0.785 -0.834
0.0013794 -1.05000 10.06446 0.8378126621 2.4312651185    0.829  2.119  3.6730  1.881    3  0.000  0.504     0.00     0.00     0.00     0.00     0.00 -1 -2.06e-10      0.00 7.413e-01 2.573e-01 2.372e-04 8.315e-05 6.279e-04 -1.000 1.440e-03 -0.529 1.598 0.220 -0.511 -0.759 -0.890 -0.940
0.0013794 -1.05000 10.06446 0.8378573060 2.4312791572    0.829  2.160  3.6705  1.831    3  0.000  0.504     0.00     0.00     0.00     0.00     0.00 -1  -2.4e-10      0.00 7.413e-01 2.573e-01 2.372e-04 8.316e-05 6.279e-04 -1.000 1.440e-03 -0.630 1.557 0.139 -0.610 -0.861 -0.995 -1.048
0.0013794 -1.05000 10.06446 0.8378982544 2.4312920323    0.828  2.200  3.6680  1.780    3  0.000  0.504     0.00     0.00     0.00     0.00     0.00 -1 -2.79e-10      0.00 7.413e-01 2.573e-01 2.371e-04 8.316e-05 6.279e-04 -1.000 1.440e-03 -0.730 1.522 0.061 -0.706 -0.961 -1.098 -1.153
0.0013794 -1.05000 10.06446 0.8379362226 2.4313039691    0.828  2.240  3.6655  1.730    3  0.000  0.504     0.00     0.00     0.00     0.00     0.00 -1 -3.25e-10      0.00 7.413e-01 2.573e-01 2.371e-04 8.317e-05 6.279e-04 -1.000 1.440e-03 -0.830 1.489 -0.015 -0.802 -1.061 -1.201 -1.258
0.0013794 -1.05000 10.06446 0.8379706740 2.4313147992    0.827  2.279  3.6629  1.680    3  0.000  0.504     0.00     0.00     0.00     0.00     0.00 -1 -3.76e-10      0.00 7.413e-01 2.573e-01 2.371e-04 8.318e-05 6.279e-04 -1.000 1.441e-03 -0.928 1.461 -0.088 -0.895 -1.158 -1.301 -1.360
0.0013794 -1.05000 10.06446 0.8380032182 2.4313250288    0.827  2.319  3.6603  1.630    3  0.000  0.504     0.00     0.00     0.00     0.00     0.00 -1 -4.36e-10      0.00 7.413e-01 2.573e-01 2.371e-04 8.319e-05 6.279e-04 -1.000 1.441e-03 -1.026 1.434 -0.161 -0.988 -1.256 -1.403 -1.463
0.0013794 -1.05000 10.06446 0.8380329013 2.4313343582    0.826  2.357  3.6577  1.581    3  0.000  0.504     0.00     0.00     0.00     0.00     0.00 -1 -5.05e-10      0.00 7.413e-01 2.573e-01 2.371e-04 8.319e-05 6.279e-04 -1.000 1.441e-03 -1.123 1.413 -0.231 -1.079 -1.351 -1.501 -1.563
0.0013794 -1.05000 10.06446 0.8380603790 2.4313429938    0.825  2.396  3.6551  1.531    3  0.000  0.504     0.00     0.00     0.00     0.00     0.00 -1 -5.84e-10      0.00 7.413e-01 2.573e-01 2.371e-04 8.320e-05 6.279e-04 -1.000 1.441e-03 -1.219 1.394 -0.299 -1.168 -1.445 -1.598 -1.663
0.0013794 -1.05000 10.06446 0.8380855918 2.4313509171    0.825  2.433  3.6525  1.483    3  0.000  0.504     0.00     0.00     0.00     0.00     0.00 -1 -6.74e-10      0.00 7.413e-01 2.573e-01 2.371e-04 8.321e-05 6.279e-04 -1.000 1.441e-03 -1.314 1.376 -0.365 -1.254 -1.536 -1.693 -1.760
0.0013794 -1.05000 10.06446 0.8381144404 2.4313599822    0.824  2.480  3.6493  1.423    3  0.000  0.504     0.00     0.00     0.00     0.00     0.00 -1 -8.04e-10      0.00 7.413e-01 2.573e-01 2.371e-04 8.321e-05 6.279e-04 -1.000 1.441e-03 -1.430 1.354 -0.444 -1.357 -1.647 -1.810 -1.880
0.0013794 -1.05000 10.06446 0.8381361365 2.4313667993    0.823  2.518  3.6467  1.374    3  0.000  0.504     8.83     6.75     4.75     3.68     2.98  3 -9.28e-10      0.00 7.413e-01 2.573e-01 2.371e-04 8.322e-05 6.279e-04 -1.000 1.441e-03 -1.524 1.336 -0.506 -1.439 -1.736 -1.903 -1.975
0.0013794 -1.05000 10.06446 0.8381599784 2.4313742902    0.822  2.562  3.6435  1.317    3  0.000  0.504     9.97     7.49     5.25     4.07     3.30  3  -1.1e-09      0.00 7.413e-01 2.573e-01 2.371e-04 8.322e-05 6.279e-04 -1.000 1.441e-03 -1.635 1.319 -0.579 -1.536 -1.841 -2.014 -2.088
0.0013794 -1.05000 10.06446 0.8381823897 2.4313813312    0.820  2.607  3.6402  1.258    3  0.000  0.504    11.29     8.33     5.81     4.51     3.66  3 -1.31e-09      0.00 7.413e-01 2.573e-01 2.371e-04 8.323e-05 6.279e-04 -1.000 1.441e-03 -1.748 1.302 -0.652 -1.634 -1.948 -2.126 -2.203
0.0013794 -1.05000 10.06446 0.8381994367 2.4313866865    0.819  2.644  3.6375  1.209    3  0.000  0.504    12.49     9.09     6.31     4.91     3.98  3  -1.5e-09      0.00 7.413e-01 2.573e-01 2.371e-04 8.323e-05 6.279e-04 -1.000 1.441e-03 -1.840 1.289 -0.711 -1.713 -2.034 -2.218 -2.297
0.0013794 -1.05000 10.06446 0.8382180929 2.4313925471    0.818  2.687  3.6343  1.153    3  0.000  0.504    14.07    10.06     6.96     5.42     4.39  3 -1.77e-09      0.00 7.413e-01 2.573e-01 2.371e-04 8.323e-05 6.279e-04 -1.000 1.441e-03 -1.948 1.278 -0.777 -1.804 -2.134 -2.323 -2.405
0.0013794 -1.05000 10.06446 0.8382357955 2.4313981079    0.816  2.731  3.6310  1.095    3  0.000  0.504    15.90    11.17     7.69     6.00     4.86  2  -2.1e-09      0.00 7.413e-01 2.573e-01 2.371e-04 8.324e-05 6.279e-04 -1.000 1.441e-03 -2.058 1.267 -0.844 -1.897 -2.236 -2.432 -2.516
0.0013794 -1.05000 10.06446 0.8382525444 2.4314033688    0.814  2.776  3.6277  1.036    3  0.000  0.504    18.00    12.42     8.51     6.65     5.39  2  -2.5e-09      0.00 7.413e-01 2.573e-01 2.371e-04 8.324e-05 6.279e-04 -1.000 1.441e-03 -2.170 1.258 -0.910 -1.990 -2.339 -2.541 -2.628
0.0013794 -1.05000 10.06446 0.8382668495 2.4314078620    0.813  2.817  3.6245  0.981    3  0.000  0.504    20.21    13.71     9.34     7.31     5.93  2 -2.93e-09      0.00 7.413e-01 2.573e-01 2.371e-04 8.324e-05 6.279e-04 -1.000 1.441e-03 -2.272 1.256 -0.966 -2.073 -2.432 -2.640 -2.730
0.0013794 -1.05000 10.06446 0.8382806182 2.4314121865    0.810  2.859  3.6213  0.925    3  0.000  0.504    22.74    15.16    10.29     8.07     6.54  2 -3.44e-09      0.00 7.413e-01 2.573e-01 2.371e-04 8.325e-05 6.279e-04 -1.000 1.441e-03 -2.378 1.257 -1.020 -2.158 -2.528 -2.743 -2.835
0.0013794 -1.05000 10.06446 0.8382936120 2.4314162674    0.808  2.902  3.6179  0.867    3  0.000  0.504    25.65    16.80    11.35     8.91     7.23  2 -4.06e-09      0.00 7.413e-01 2.573e-01 2.371e-04 8.325e-05 6.279e-04 -1.000 1.441e-03 -2.484 1.260 -1.072 -2.242 -2.624 -2.846 -2.941
0.0013794 -1.05000 10.06446 0.8383054137 2.4314199739    0.806  2.943  3.6147  0.812    3  0.000  0.504    28.84    18.57    12.49     9.82     7.97  2 -4.77e-09      0.00 7.413e-01 2.573e-01 2.371e-04 8.325e-05 6.279e-04 -1.000 1.441e-03 -2.588 1.263 -1.122 -2.323 -2.718 -2.946 -3.044
0.0013794 -1.05000 10.06446 0.8383162022 2.4314233620    0.803  2.984  3.6115  0.757    3  0.000  0.504    32.36    20.49    13.71    10.80     8.77  1 -5.59e-09      0.00 7.413e-01 2.573e-01 2.371e-04 8.326e-05 6.279e-04 -1.000 1.441e-03 -2.689 1.266 -1.171 -2.403 -2.809 -3.044 -3.145
0.0013794 -1.05000 10.06446 0.8383263946 2.4314265628    0.800  3.024  3.6082  0.702    3  0.000  0.504    36.33    22.61    15.07    11.89     9.65  1 -6.55e-09      0.00 7.413e-01 2.573e-01 2.371e-04 8.326e-05 6.279e-04 -1.000 1.441e-03 -2.791 1.268 -1.216 -2.480 -2.899 -3.142 -3.245
0.0013794 -1.05000 10.06446 0.8383361697 2.4314296325    0.797  3.066  3.6050  0.646    3  0.000  0.504    40.89    25.00    16.58    13.11    10.64  1 -7.71e-09      0.00 7.413e-01 2.573e-01 2.371e-04 8.326e-05 6.279e-04 -1.000 1.441e-03 -2.894 1.266 -1.261 -2.558 -2.990 -3.241 -3.346
0.0013794 -1.05000 10.06446 0.8383447528 2.4314323278    0.793  3.104  3.6019  0.593    3  0.000  0.504    45.70    27.48    18.15    14.37    11.67  1 -8.97e-09      0.00 7.413e-01 2.573e-01 2.371e-04 8.326e-05 6.279e-04 -1.000 1.441e-03 -2.991 1.266 -1.301 -2.630 -3.075 -3.332 -3.441
0.0013794 -1.05000 10.06446 0.8383530378 2.4314349294    0.789  3.144  3.5987  0.538    3  0.000  0.504    51.24    30.29    19.92    15.79    12.82  1 -1.05e-08      0.00 7.413e-01 2.573e-01 2.371e-04 8.326e-05 6.279e-04 -1.000 1.441e-03 -3.090 1.261 -1.341 -2.703 -3.161 -3.426 -3.537
0.0013794 -1.05000 10.06446 0.8383609056 2.4314374000    0.785  3.184  3.5955  0.483    3  0.000  0.504    57.46    33.39    21.85    17.35    14.10  1 -1.23e-08      0.00 7.413e-01 2.573e-01 2.371e-04 8.327e-05 6.279e-04 -1.000 1.441e-03 -3.189 1.253 -1.375 -2.773 -3.247 -3.519 -3.634
0.0013794 -1.05000 10.06446 0.8383681178 2.4314396647    0.781  3.222  3.5924  0.430    3  0.000  0.504    64.29    36.72    23.93    19.03    15.47  1 -1.43e-08      0.00 7.413e-01 2.573e-01 2.371e-04 8.327e-05 6.279e-04 -1.000 1.441e-03 -3.285 1.247 -1.403 -2.839 -3.329 -3.610 -3.727
0.0013794 -1.05000 10.06446 0.8383747339 2.4314417421    0.776  3.259  3.5893  0.378    3  0.000  0.504    71.75    40.30    26.15    20.83    16.93  1 -1.66e-08      0.00 7.413e-01 2.573e-01 2.371e-04 8.327e-05 6.279e-04 -1.000 1.441e-03 -3.378 1.240 -1.429 -2.901 -3.409 -3.698 -3.818
0.0013794 -1.05000 10.06446 0.8383809328 2.4314436885    0.770  3.295  3.5863  0.327    3  0.000  0.504    79.81    44.09    28.49    22.73    18.48  1 -1.92e-08      0.00 7.413e-01 2.573e-01 2.371e-04 8.327e-05 6.279e-04 -1.000 1.441e-03 -3.467 1.226 -1.450 -2.959 -3.484 -3.782 -3.905
0.0013794 -1.05000 10.06446 0.8383870125 2.4314455974    0.764  3.330  3.5834  0.277    3  0.000  0.504    88.61    48.16    30.98    24.76    20.13  1 -2.21e-08      0.00 7.413e-01 2.573e-01 2.371e-04 8.327e-05 6.279e-04 -1.000 1.441e-03 -3.554 1.211 -1.471 -3.015 -3.558 -3.864 -3.989
0.0013794 -1.05000 10.06446 0.8383883834 2.4314460279    0.763  3.337  3.5828  0.266    3  0.000  0.504    90.58    49.06    31.54    25.21    20.50  1 -2.29e-08      0.00 7.413e-01 2.573e-01 2.371e-04 8.327e-05 6.279e-04 -1.000 1.441e-03 -3.572 1.208 -1.474 -3.026 -3.573 -3.880 -4.007
0.0013794 -1.05000 10.06446 0.8383883834 2.4314460279    0.763  1.732  3.7347  2.479    4  0.000  0.514     0.00     0.00     0.00     0.00     0.00 -1    -1e-30      0.00 7.394e-01 2.592e-01 2.433e-04 7.932e-05 6.328e-04 -1.000 1.418e-03 0.440 1.703 0.836 0.379 0.237 0.182 0.166
0.0013794 -1.05000 10.06446 0.8384420276 2.4314628700    0.763  1.749  3.7335  2.457    4  0.000  0.514     0.00     0.00     0.00     0.00     0.00 -1    -1e-30      0.00 7.394e-01 2.592e-01 2.433e-04 7.932e-05 6.328e-04 -1.000 1.418e-03 0.398 1.674 0.799 0.337 0.193 0.137 0.120
0.0013794 -1.05000 10.06446 0.8384928107 2.4314788115    0.763  1.752  3.7333  2.454    4  0.000  0.514     0.00     0.00     0.00     0.00     0.00 -1    -1e-30      0.00 7.394e-01 2.592e-01 2.433e-04 7.932e-05 6.328e-04 -1.000 1.418e-03 0.391 1.668 0.793 0.330 0.186 0.130 0.113
0.0013794 -1.05000 10.06446 0.8385431170 2.4314946012    0.763  1.753  3.7334  2.453    4  0.000  0.514     0.00     0.00     0.00     0.00     0.00 -1    -1e-30      0.00 7.394e-01 2.592e-01 2.433e-04 7.932e-05 6.328e-04 -1.000 1.418e-03 0.388 1.664 0.788 0.327 0.183 0.126 0.109
0.0013794 -1.05000 10.06446 0.8385950327 2.4315108938    0.763  1.753  3.7338  2.454    4  0.000  0.514     0.00     0.00     0.00     0.00     0.00 -1    -1e-30      0.00 7.394e-01 2.592e-01 2.433e-04 7.932e-05 6.328e-04 -1.000 1.418e-03 0.386 1.659 0.786 0.325 0.182 0.126 0.109
0.0013794 -1.05000 10.06446 0.8386468291 2.4315271466    0.763  1.753  3.7343  2.457    4  0.000  0.514     0.00     0.00     0.00     0.00     0.00 -1    -1e-30      0.00 7.394e-01 2.592e-01 2.433e-04 7.932e-05 6.328e-04 -1.000 1.418e-03 0.387 1.654 0.784 0.326 0.183 0.128 0.111
0.0013794 -1.05000 10.06446 0.8386992216 2.4315435841    0.763  1.752  3.7350  2.460    4  0.000  0.514     0.00     0.00     0.00     0.00     0.00 -1    -1e-30      0.00 7.394e-01 2.592e-01 2.433e-04 7.932e-05 6.328e-04 -1.000 1.418e-03 0.389 1.650 0.784 0.328 0.186 0.131 0.115
0.0013794 -1.05000 10.06446 0.8387512565 2.4315599070    0.763  1.751  3.7357  2.464    4  0.000  0.514     0.00     0.00     0.00     0.00     0.00 -1    -1e-30      0.00 7.394e-01 2.592e-01 2.433e-04 7.932e-05 6.328e-04 -1.000 1.418e-03 0.393 1.646 0.784 0.330 0.190 0.136 0.120
0.0013794 -1.05000 10.06446 0.8388038278 2.4315763959    0.763  1.750  3.7365  2.469    4  0.000  0.514     0.00     0.00     0.00     0.00     0.00 -1    -1e-30      0.00 7.394e-01 2.592e-01 2.433e-04 7.932e-05 6.328e-04 -1.000 1.418e-03 0.396 1.641 0.784 0.334 0.195 0.142 0.126
0.0013794 -1.05000 10.06446 0.8388574719 2.4315932188    0.763  1.748  3.7372  2.473    4  0.000  0.514     0.00     0.00     0.00     0.00     0.00 -1    -1e-30      0.00 7.394e-01 2.592e-01 2.433e-04 7.932e-05 6.328e-04 -1.000 1.418e-03 0.399 1.637 0.784 0.337 0.199 0.147 0.132
0.0013794 -1.05000 10.06446 0.8389119506 2.4316103009    0.763  1.747  3.7380  2.478    4  0.000  0.514     0.00     0.00     0.00     0.00     0.00 -1    -1e-30      0.00 7.394e-01 2.592e-01 2.433e-04 7.932e-05 6.328e-04 -1.000 1.418e-03 0.403 1.633 0.784 0.339 0.203 0.152 0.137
0.0013794 -1.05000 10.06446 0.8389613032 2.4316257735    0.763  1.746  3.7386  2.481    4  0.000  0.514     0.00     0.00     0.00     0.00     0.00 -1    -1e-30      0.00 7.394e-01 2.592e-01 2.433e-04 7.932e-05 6.328e-04 -1.000 1.418e-03 0.405 1.629 0.784 0.342 0.206 0.156 0.141
0.0013794 -1.05000 10.06446 0.8390161991 2.4316429815    0.763  1.745  3.7392  2.485    4  0.000  0.514     0.00     0.00     0.00     0.00     0.00 -1    -1e-30      0.00 7.394e-01 2.592e-01 2.433e-04 7.932e-05 6.328e-04 -1.000 1.418e-03 0.407 1.625 0.783 0.344 0.209 0.159 0.145
0.0013794 -1.05000 10.06446 0.8390693069 2.4316596265    0.763  1.744  3.7398  2.488    4  0.000  0.514     0.00     0.00     0.00     0.00     0.00 -1    -1e-30      0.00 7.394e-01 2.592e-01 2.433e-04 7.932e-05 6.328e-04 -1.000 1.418e-03 0.409 1.621 0.783 0.345 0.212 0.162 0.148
0.0013794 -1.05000 10.06446 0.8391211033 2.4316758582    0.763  1.744  3.7402  2.490    4  0.000  0.514     0.00     0.00     0.00     0.00     0.00 -1    -1e-30      0.00 7.394e-01 2.592e-01 2.433e-04 7.932e-05 6.328e-04 -1.000 1.418e-03 0.410 1.618 0.782 0.346 0.214 0.165 0.151
0.0013794 -1.05000 10.06446 0.8391268849 2.4316776699    0.763  1.744  3.7403  2.490    4  0.000  0.514     0.00     0.00     0.00     0.00     0.00 -1    -1e-30      0.00 7.394e-01 2.592e-01 2.433e-04 7.932e-05 6.328e-04 -1.000 1.418e-03 0.411 1.618 0.782 0.346 0.214 0.165 0.151
0.0013794 -1.05000 10.06446 0.8391436934 2.4316829367    0.763  1.744  3.7404  2.491    4  0.000  0.514     0.00     0.00     0.00     0.00     0.00 -1    -1e-30      0.00 7.394e-01 2.592e-01 2.433e-04 7.932e-05 6.328e-04 -1.000 1.418e-03 0.411 1.617 0.782 0.346 0.214 0.165 0.152
0.0013794 -1.05000 10.06446 0.8391990066 2.4317002668    0.764  1.744  3.7408  2.492    4  0.000  0.514     0.00     0.00     0.00     0.00     0.00 -1    -1e-30      0.00 7.394e-01 2.592e-01 2.433e-04 7.932e-05 6.328e-04 -1.000 1.418e-03 0.411 1.614 0.781 0.347 0.215 0.167 0.153
0.0013794 -1.05000 10.06446 0.8392542601 2.4317175756    0.764  1.744  3.7410  2.493    4  0.000  0.514     0.00     0.00     0.00     0.00     0.00 -1    -1e-30      0.00 7.394e-01 2.592e-01 2.433e-04 7.932e-05 6.328e-04 -1.000 1.418e-03 0.411 1.612 0.779 0.346 0.215 0.167 0.153
0.0013794 -1.05000 10.06446 0.8393096924 2.4317349378    0.764  1.744  3.7411  2.493    4  0.000  0.514     0.00     0.00     0.00     0.00     0.00 -1    -1e-30      0.00 7.394e-01 2.592e-01 2.433e-04 7.932e-05 6.328e-04 -1.000 1.418e-03 0.409 1.609 0.778 0.345 0.214 0.166 0.152
0.0013794 -1.05000 10.06446 0.8393618464 2.4317512708    0.764  1.745  3.7411  2.492    4  0.000  0.514     0.00     0.00     0.00     0.00     0.00 -1    -1e-30      0.00 7.394e-01 2.592e-01 2.433e-04 7.932e-05 6.328e-04 -1.000 1.418e-03 0.407 1.607 0.775 0.342 0.211 0.163 0.150
0.0013794 -1.05000 10.06446 0.8394128680 2.4317672468    0.764  1.746  3.7410  2.490    4  0.000  0.514     0.00     0.00     0.00     0.00     0.00 -1    -1e-30      0.00 7.394e-01 2.592e-01 2.433e-04 7.932e-05 6.328e-04 -1.000 1.418e-03 0.404 1.605 0.773 0.339 0.208 0.160 0.146
0.0013794 -1.05000 10.06446 0.8394653797 2.4317836872    0.764  1.748  3.7407  2.488    4  0.000  0.514     0.00     0.00     0.00     0.00     0.00 -1    -1e-30      0.00 7.394e-01 2.592e-01 2.433e-04 7.932e-05 6.328e-04 -1.000 1.418e-03 0.400 1.603 0.770 0.335 0.204 0.155 0.141
0.0013794 -1.05000 10.06446 0.8395034671 2.4317956101    0.764  1.750  3.7405  2.485    4  0.000  0.514     0.00     0.00     0.00     0.00     0.00 -1    -1e-30      0.00 7.394e-01 2.592e-01 2.433e-04 7.932e-05 6.328e-04 -1.000 1.418e-03 0.396 1.602 0.767 0.332 0.200 0.151 0.137
0.0013794 -1.05000 10.06446 0.8395149708 2.4317992109    0.764  1.750  3.7404  2.484    4  0.000  0.514     0.00     0.00     0.00     0.00     0.00 -1    -1e-30      0.00 7.394e-01 2.592e-01 2.433e-04 7.932e-05 6.328e-04 -1.000 1.418e-03 0.395 1.601 0.766 0.330 0.198 0.149 0.136
0.0013794 -1.05000 10.06446 0.8395632505 2.4318143222    0.764  1.752  3.7399  2.480    4  0.000  0.514     0.00     0.00     0.00     0.00     0.00 -1    -1e-30      0.00 7.394e-01 2.592e-01 2.433e-04 7.932e-05 6.328e-04 -1.000 1.418e-03 0.389 1.600 0.762 0.324 0.191 0.142 0.128
0.0013794 -1.05000 10.06446 0.8396103978 2.4318290771    0.764  1.755  3.7394  2.475    4  0.000  0.514     0.00     0.00     0.00     0.00     0.00 -1    -1e-30      0.00 7.394e-01 2.592e-01 2.433e-04 7.932e-05 6.328e-04 -1.000 1.418e-03 0.382 1.598 0.757 0.318 0.184 0.134 0.120
0.0013794 -1.05000 10.06446 0.8396590352 2.4318442963    0.764  1.758  3.7388  2.470    4  0.000  0.514     0.00     0.00     0.00     0.00     0.00 -1    -1e-30      0.00 7.394e-01 2.592e-01 2.433e-04 7.932e-05 6.328e-04 -1.000 1.418e-03 0.374 1.596 0.751 0.310 0.175 0.124 0.110
0.0013794 -1.05000 10.06446 0.8397061825 2.4318590473    0.764  1.762  3.7381  2.464    4  0.000  0.514     0.00     0.00     0.00     0.00     0.00 -1    -1e-30      0.00 7.394e-01 2.592e-01 2.433e-04 7.932e-05 6.328e-04 -1.000 1.418e-03 0.365 1.594 0.745 0.301 0.165 0.114 0.099
0.0013794 -1.05000 10.06446 0.8397545815 2.4318741879    0.764  1.766  3.7374  2.457    4  0.000  0.514     0.00     0.00     0.00     0.00     0.00 -1    -1e-30      0.00 7.394e-01 2.592e-01 2.433e-04 7.932e-05 6.328e-04 -1.000 1.418e-03 0.356 1.592 0.739 0.292 0.155 0.103 0.088
0.0013794 -1.05000 10.06446 0.8398016095 2.4318888978    0.764  1.771  3.7366  2.449    4  0.000  0.514     0.00     0.00     0.00     0.00     0.00 -1    -1e-30      0.00 7.394e-01 2.592e-01 2.433e-04 7.932e-05 6.328e-04 -1.000 1.418e-03 0.344 1.588 0.730 0.281 0.142 0.089 0.074
0.0013794 -1.05000 10.06446 0.8398490548 2.4319037362    0.764  1.775  3.7360  2.443    4  0.000  0.514     0.00     0.00     0.00     0.00     0.00 -1    -1e-30      0.00 7.394e-01 2.592e-01 2.433e-04 7.932e-05 6.328e-04 -1.000 1.418e-03 0.333 1.584 0.722 0.270 0.131 0.077 0.061
0.0013794 -1.05000 10.06446 0.8398965001 2.4319185727    0.764  1.781  3.7348  2.431    4  0.000  0.514     0.00     0.00     0.00     0.00     0.00 -1    -1e-30      0.00 7.394e-01 2.592e-01 2.433e-04 7.932e-05 6.328e-04 -1.000 1.418e-03 0.317 1.580 0.711 0.255 0.113 0.058 0.042
0.0013794 -1.05000 10.06446 0.8399440050 2.4319334260    0.764  1.790  3.7333  2.417    4  0.000  0.514     0.00     0.00     0.00     0.00     0.00 -1    -1e-30      0.00 7.394e-01 2.592e-01 2.433e-04 7.932e-05 6.328e-04 -1.000 1.418e-03 0.296 1.575 0.696 0.234 0.090 0.033 0.016
0.0013794 -1.05000 10.06446 0.8399912119 2.4319481841    0.764  1.798  3.7320  2.403    4  0.000  0.514     0.00     0.00     0.00     0.00     0.00 -1    -1e-30      0.00 7.394e-01 2.592e-01 2.433e-04 7.932e-05 6.328e-04 -1.000 1.418e-03 0.275 1.568 0.682 0.214 0.068 0.010 -0.008
0.0013794 -1.05000 10.06446 0.8400400877 2.4319634619    0.764  1.814  3.7295  2.377    4  0.000  0.514     0.00     0.00     0.00     0.00     0.00 -1    -1e-30      0.00 7.394e-01 2.592e-01 2.433e-04 7.932e-05 6.328e-04 -1.000 1.418e-03 0.235 1.554 0.652 0.174 0.024 -0.037 -0.055
0.0013794 -1.05000 10.06446 0.8400880694 2.4319784583    0.765  1.841  3.7257  2.335    4  0.000  0.514     0.00     0.00     0.00     0.00     0.00 -1    -1e-30      0.00 7.394e-01 2.592e-01 2.433e-04 7.932e-05 6.328e-04 -1.000 1.418e-03 0.168 1.530 0.602 0.110 -0.047 -0.112 -0.133
0.0013794 -1.05000 10.06446 0.8401213884 2.4319888708    0.765  1.876  3.7210  2.281    4  0.000  0.514     0.00     0.00     0.00     0.00     0.00 -1    -1e-30      0.00 7.394e-01 2.592e-01 2.433e-04 7.932e-05 6.328e-04 -1.000 1.418e-03 0.080 1.496 0.535 0.024 -0.140 -0.210 -0.233
0.0013794 -1.05000 10.06446 0.8401372433 2.4319938253    0.765  1.912  3.7165  2.228    4  0.000  0.514     0.00     0.00     0.00     0.00     0.00 -1    -1e-30      0.00 7.394e-01 2.592e-01 2.433e-04 7.932e-05 6.328e-04 -1.000 1.418e-03 -0.010 1.462 0.468 -0.061 -0.233 -0.309 -0.334
0.0013794 -1.05000 10.06446 0.8401443362 2.4319960417    0.765  1.947  3.7122  2.175    4  0.000  0.514     0.00     0.00     0.00     0.00     0.00 -1    -1e-30      0.00 7.394e-01 2.592e-01 2.433e-04 7.932e-05 6.328e-04 -1.000 1.418e-03 -0.098 1.428 0.403 -0.145 -0.324 -0.405 -0.433
0.0013794 -1.05000 10.06446 0.8401476741 2.4319970847    0.765  1.982  3.7082  2.124    4  0.000  0.514     0.00     0.00     0.00     0.00     0.00 -1    -1e-30      0.00 7.394e-01 2.592e-01 2.433e-04 7.932e-05 6.328e-04 -1.000 1.418e-03 -0.184 1.394 0.337 -0.228 -0.414 -0.500 -0.530
0.0013794 -1.05000 10.06446 0.8401495218 2.4319976620    0.765  2.017  3.7042  2.073    4  0.000  0.514     0.00     0.00     0.00     0.00     0.00 -1    -1e-30      0.00 7.394e-01 2.592e-01 2.433e-04 7.932e-05 6.328e-04 -1.000 1.418e-03 -0.273 1.358 0.271 -0.311 -0.504 -0.595 -0.627
0.0013794 -1.05000 10.06446 0.8401505947 2.4319979973    0.765  2.050  3.7008  2.027    4  0.000  0.514     0.00     0.00     0.00     0.00     0.00 -1    -1e-30      0.00 7.394e-01 2.592e-01 2.433e-04 7.932e-05 6.328e-04 -1.000 1.418e-03 -0.354 1.323 0.208 -0.389 -0.588 -0.683 -0.717
0.0013794 -1.05000 10.06446 0.8401506543 2.4319980159    0.765  2.053  3.7005  2.023    4  0.000  0.514     0.00     0.00     0.00     0.00     0.00 -1    -1e-30      0.00 7.394e-01 2.592e-01 2.433e-04 7.932e-05 6.328e-04 -1.000 1.418e-03 -0.362 1.320 0.202 -0.396 -0.596 -0.691 -0.725
0.0013794 -1.05000 10.06446 0.8401507139 2.4319980345    0.765  2.053  3.7005  2.022    7  0.000  0.514     0.00     0.00     0.00     0.00     0.00 -1 -9.86e-10      0.00 7.394e-01 2.575e-01 2.433e-04 7.932e-05 6.328e-04 -1.000 3.064e-03 -0.363 1.319 0.201 -0.397 -0.597 -0.692 -0.726
0.0013794 -1.05000 10.06446 0.8401516676 2.4319983325    0.765  2.094  3.6965  1.966    7  0.000  0.514     0.00     0.00     0.00     0.00     0.00 -1 -1.25e-09      0.00 7.394e-01 2.575e-01 2.433e-04 7.932e-05 6.328e-04 -1.000 3.064e-03 -0.465 1.277 0.123 -0.493 -0.700 -0.800 -0.836
0.0013794 -1.05000 10.06446 0.8401525021 2.4319985933    0.764  2.130  3.6931  1.916    7  0.000  0.514     0.00     0.00     0.00     0.00     0.00 -1 -1.53e-09      0.00 7.394e-01 2.575e-01 2.433e-04 7.932e-05 6.328e-04 -1.000 3.064e-03 -0.556 1.241 0.054 -0.578 -0.792 -0.897 -0.935
0.0013794 -1.05000 10.06446 0.8401533365 2.4319988540    0.764  2.164  3.6900  1.869    7  0.000  0.514     0.00     0.00     0.00     0.00     0.00 -1 -1.86e-09      0.00 7.394e-01 2.575e-01 2.433e-04 7.932e-05 6.328e-04 -1.000 3.064e-03 -0.639 1.209 -0.009 -0.657 -0.876 -0.985 -1.025
0.0013794 -1.05000 10.06446 0.8401541710 2.4319991148    0.764  2.187  3.6878  1.838    7  0.000  0.514     0.00     0.00     0.00     0.00     0.00 -1 -2.13e-09      0.00 7.394e-01 2.575e-01 2.433e-04 7.932e-05 6.328e-04 -1.000 3.064e-03 -0.697 1.188 -0.052 -0.710 -0.933 -1.045 -1.086
0.0013794 -1.05000 10.06446 0.8401556015 2.4319995618    0.764  2.200  3.6866  1.819    7  0.000  0.514     0.00     0.00     0.00     0.00     0.00 -1  -2.3e-09      0.00 7.394e-01 2.575e-01 2.433e-04 7.932e-05 6.328e-04 -1.000 3.064e-03 -0.731 1.176 -0.077 -0.741 -0.967 -1.080 -1.123
0.0013794 -1.05000 10.06446 0.8401575089 2.4320001577    0.764  2.173  3.6892  1.857    7  0.000  0.514     0.00     0.00     0.00     0.00     0.00 -1 -1.95e-09      0.00 7.394e-01 2.575e-01 2.433e-04 7.932e-05 6.328e-04 -1.000 3.064e-03 -0.662 1.201 -0.026 -0.677 -0.898 -1.008 -1.049
0.0013794 -1.05000 10.06446 0.8401597738 2.4320008655    0.764  2.151  3.6912  1.887    7  0.000  0.514     0.00     0.00     0.00     0.00     0.00 -1 -1.74e-09      0.00 7.394e-01 2.575e-01 2.433e-04 7.932e-05 6.328e-04 -1.000 3.064e-03 -0.607 1.221 0.015 -0.627 -0.844 -0.951 -0.991
0.0013794 -1.05000 10.06446 0.8401685357 2.4320036032    0.763  2.132  3.6931  1.913    7  0.000  0.514     0.00     0.00     0.00     0.00     0.00 -1 -1.56e-09      0.00 7.394e-01 2.575e-01 2.433e-04 7.932e-05 6.328e-04 -1.000 3.064e-03 -0.559 1.239 0.051 -0.581 -0.795 -0.900 -0.938
0.0013794 -1.05000 10.06446 0.8401955366 2.4320120394    0.761  2.165  3.6898  1.865    7  0.000  0.514     0.00     0.00     0.00     0.00     0.00 -1 -1.91e-09      0.00 7.394e-01 2.575e-01 2.433e-04 7.932e-05 6.328e-04 -1.000 3.064e-03 -0.643 1.209 -0.012 -0.660 -0.880 -0.989 -1.029
0.0013794 -1.05000 10.06446 0.8402125835 2.4320173653    0.759  2.204  3.6861  1.811    7  0.000  0.514     0.00     0.00     0.00     0.00     0.00 -1 -2.41e-09      0.00 7.394e-01 2.575e-01 2.433e-04 7.932e-05 6.328e-04 -1.000 3.064e-03 -0.740 1.175 -0.083 -0.749 -0.976 -1.090 -1.133
0.0013794 -1.05000 10.06446 0.8402315974 2.4320233054    0.757  2.254  3.6816  1.742    7  0.000  0.514     0.00     0.00     0.00     0.00     0.00 -1 -3.21e-09      0.00 7.394e-01 2.575e-01 2.433e-04 7.932e-05 6.328e-04 -1.000 3.064e-03 -0.864 1.146 -0.174 -0.868 -1.102 -1.221 -1.267
0.0013794 -1.05000 10.06446 0.8402489424 2.4320287238    0.754  2.300  3.6774  1.677    7  0.000  0.514     0.00     0.00     0.00     0.00     0.00 -1 -4.27e-09      0.00 7.394e-01 2.575e-01 2.433e-04 7.932e-05 6.328e-04 -1.000 3.064e-03 -0.981 1.124 -0.258 -0.981 -1.221 -1.345 -1.394
0.0013794 -1.05000 10.06446 0.8402639627 2.4320334159    0.750  2.344  3.6736  1.615    7  0.000  0.514     0.00     0.00     0.00     0.00     0.00 -1  -5.5e-09      0.00 7.394e-01 2.575e-01 2.433e-04 7.932e-05 6.328e-04 -1.000 3.064e-03 -1.090 1.107 -0.335 -1.086 -1.331 -1.460 -1.512
0.0013794 -1.05000 10.06446 0.8402771950 2.4320375492    0.746  2.386  3.6699  1.556    7  0.000  0.514     0.00     0.00     0.00     0.00     0.00 -1  -7.1e-09      0.00 7.394e-01 2.576e-01 2.433e-04 7.932e-05 6.328e-04 -1.000 3.061e-03 -1.196 1.093 -0.409 -1.186 -1.438 -1.571 -1.625
0.0013794 -1.05000 10.06446 0.8402888179 2.4320411797    0.742  2.428  3.6663  1.498    7  0.000  0.514     0.00     0.00     0.00     0.00     0.00 -1 -9.07e-09      0.00 7.394e-01 2.576e-01 2.433e-04 7.932e-05 6.328e-04 -1.000 2.989e-03 -1.300 1.087 -0.478 -1.283 -1.541 -1.679 -1.736
0.0013794 -1.05000 10.06446 0.8402990699 2.4320443819    0.737  2.469  3.6627  1.440    7  0.000  0.514     0.00     0.00     0.00     0.00     0.00 -1 -1.16e-08      0.00 7.394e-01 2.576e-01 2.431e-04 7.935e-05 6.328e-04 -1.000 2.964e-03 -1.401 1.090 -0.543 -1.378 -1.642 -1.784 -1.844
0.0013794 -1.05000 10.06446 0.8403083086 2.4320472675    0.731  2.509  3.6592  1.382    7  0.000  0.513     8.36     6.46     4.55     3.53     2.86  3 -1.46e-08      0.00 7.394e-01 2.577e-01 2.427e-04 7.954e-05 6.328e-04 -1.000 2.943e-03 -1.503 1.099 -0.605 -1.471 -1.741 -1.889 -1.951
0.0013794 -1.05000 10.06446 0.8403167129 2.4320498924    0.724  2.550  3.6552  1.321    7  0.000  0.510     9.49     7.19     5.04     3.92     3.17  3 -1.88e-08      0.00 7.394e-01 2.577e-01 2.415e-04 8.032e-05 6.328e-04 -1.000 2.870e-03 -1.604 1.112 -0.662 -1.558 -1.837 -1.991 -2.057
0.0013794 -1.05000 10.06446 0.8403244615 2.4320523125    0.717  2.590  3.6494  1.253    7  0.000  0.505    10.94     8.12     5.65     4.41     3.57  2 -2.44e-08      0.00 7.394e-01 2.578e-01 2.392e-04 8.256e-05 6.328e-04 -1.000 2.864e-03 -1.705 1.160 -0.701 -1.635 -1.928 -2.091 -2.162
0.0013794 -1.05000 10.06446 0.8403299451 2.4320540251    0.709  2.621  3.6425  1.190    7  0.000  0.499    12.46     9.06     6.28     4.91     3.97  2 -2.97e-08      0.00 7.394e-01 2.578e-01 2.366e-04 8.555e-05 6.328e-04 -1.000 2.848e-03 -1.782 1.254 -0.702 -1.680 -1.990 -2.165 -2.240
0.0013794 -1.05000 10.06446 0.8403367996 2.4320561659    0.698  2.661  3.6391  1.130    7  0.000  0.491    14.12    10.07     6.94     5.44     4.40  2 -3.83e-08      0.00 7.394e-01 2.578e-01 2.329e-04 9.000e-05 6.328e-04 -1.000 2.816e-03 -1.882 1.254 -0.760 -1.765 -2.083 -2.264 -2.343
0.0013794 -1.05000 10.06446 0.8403432965 2.4320581949    0.685  2.701  3.6356  1.067    7  0.000  0.484    16.06    11.22     7.69     6.04     4.89  2 -5.03e-08      0.00 7.394e-01 2.579e-01 2.296e-04 9.407e-05 6.328e-04 -1.000 2.773e-03 -1.982 1.260 -0.815 -1.847 -2.175 -2.362 -2.443
0.0013794 -1.05000 10.06446 0.8403496742 2.4320601867    0.667  2.741  3.6322  1.002    7  0.000  0.477    18.32    12.53     8.54     6.73     5.44  2 -6.65e-08      0.00 7.393e-01 2.579e-01 2.267e-04 9.766e-05 6.328e-04 -1.000 2.813e-03 -2.082 1.266 -0.870 -1.929 -2.266 -2.460 -2.544
0.0013794 -1.05000 10.06446 0.8403557539 2.4320620854    0.644  2.782  3.6290  0.933    7  0.000  0.472    21.06    14.07     9.53     7.53     6.10  1 -9.12e-08      0.00 7.393e-01 2.579e-01 2.241e-04 1.009e-04 6.328e-04 -1.000 2.797e-03 -2.184 1.281 -0.920 -2.011 -2.360 -2.561 -2.647
0.0013794 -1.05000 10.06446 0.8403611779 2.4320637793    0.617  2.821  3.6266  0.866    7  0.000  0.467    24.12    15.73    10.59     8.39     6.79  1 -1.27e-07      0.00 7.392e-01 2.580e-01 2.218e-04 1.037e-04 6.328e-04 -1.000 2.723e-03 -2.283 1.278 -0.976 -2.095 -2.453 -2.658 -2.747
0.0013794 -1.05000 10.06446 0.8403661847 2.4320653428    0.581  2.862  3.6264  0.798    7  0.000  0.462    27.56    17.51    11.72     9.32     7.54  1 -1.84e-07      0.00 7.392e-01 2.581e-01 2.198e-04 1.060e-04 6.327e-04 -1.000 2.752e-03 -2.385 1.227 -1.061 -2.195 -2.556 -2.763 -2.853
0.0013794 -1.05000 10.06446 0.8403700590 2.4320665527    0.540  2.902  3.6350  0.761    7  0.000  0.459    29.42    18.38    12.25     9.78     7.91  1 -2.72e-07      0.00 7.391e-01 2.581e-01 2.182e-04 1.081e-04 6.327e-04 -1.000 2.716e-03 -2.485 0.968 -1.252 -2.345 -2.685 -2.876 -2.960
0.0013794 -1.05000 10.06446 0.8403716087 2.4320670367    0.508  2.920  3.6582  0.808    7  0.000  0.457    26.20    16.60    11.10     8.87     7.17  1 -3.12e-07      0.00 7.391e-01 2.582e-01 2.171e-04 1.094e-04 6.326e-04 -1.000 2.764e-03 -2.531 0.399 -1.548 -2.503 -2.788 -2.940 -3.006
0.0013794 -1.05000 10.06446 1.0957379341 2.4909603871    0.545 -9.999  3.6046  7.955    9  0.545  0.000     0.00     0.00     0.00     0.00     0.00 -1    -1e-30      0.00 7.258e-01 2.727e-01 2.008e-04 1.499e-04 6.442e-04 -1.000 1.417e-03 29.767 33.214 31.254 29.978 29.494 29.265 29.188
