# Zini     MH   logAge Mini        int_IMF         Mass   logL    logTe  logg  label   McoreTP C_O  period0  period1  period2  period3  period4  pmode  Mloss  tau1m   X   Y   Xc  Xn  Xo  Cexcess  Z 	 mbolmag  umag    gmag    rmag    imag    zmag    Ymag
0.00024632 -1.80000 10.01703 0.0900000036 1.0816895926    0.090 -3.199  3.4844  5.481    1  0.000  0.545     0.00     0.00     0.00     0.00     0.00 -1 -4.81e-17      0.00 7.486e-01 2.511e-01 4.823e-05 1.301e-05 1.180e-04 -1.000 2.682e-04 12.768 17.868 15.962 14.027 12.549 12.074 11.975
0.00024632 -1.80000 10.01703 0.0936627463 1.1158768153    0.094 -3.062  3.5046  5.442    1  0.000  0.545     0.00     0.00     0.00     0.00     0.00 -1 -6.78e-17      0.00 7.479e-01 2.519e-01 4.823e-05 1.301e-05 1.180e-04 -1.000 2.682e-04 12.424 17.423 15.255 13.406 12.200 11.784 11.680
0.00024632 -1.80000 10.01703 0.1000000015 1.1711064122    0.100 -2.837  3.5376  5.377    1  0.000  0.545     0.00     0.00     0.00     0.00     0.00 -1 -1.19e-16      0.00 7.465e-01 2.533e-01 4.823e-05 1.301e-05 1.180e-04 -1.000 2.682e-04 11.862 16.452 14.150 12.477 11.632 11.291 11.187
0.00024632 -1.80000 10.01703 0.1200000048 1.3193154741    0.120 -2.544  3.5685  5.287    1  0.000  0.545     0.00     0.00     0.00     0.00     0.00 -1 -2.36e-16      0.00 7.437e-01 2.560e-01 4.823e-05 1.301e-05 1.180e-04 -1.000 2.681e-04 11.130 15.103 12.962 11.488 10.893 10.609 10.513
0.00024632 -1.80000 10.01703 0.1400000006 1.4384526719    0.140 -2.361  3.5833  5.230    1  0.000  0.545     0.00     0.00     0.00     0.00     0.00 -1 -3.55e-16      0.00 7.418e-01 2.579e-01 4.823e-05 1.301e-05 1.180e-04 -1.000 2.683e-04 10.673 14.325 12.310 10.949 10.432 10.171 10.081
0.00024632 -1.80000 10.01703 0.1599999964 1.5372931554    0.160 -2.219  3.5931  5.185    1  0.000  0.545     0.00     0.00     0.00     0.00     0.00 -1 -4.85e-16      0.00 7.405e-01 2.592e-01 4.823e-05 1.301e-05 1.180e-04 -1.000 2.682e-04 10.317 13.755 11.833 10.550 10.073 9.826 9.741
0.00024632 -1.80000 10.01703 0.2000000179 1.6938791367    0.200 -1.998  3.6055  5.111    1  0.000  0.545     0.00     0.00     0.00     0.00     0.00 -1 -7.84e-16      0.00 7.395e-01 2.602e-01 4.823e-05 1.301e-05 1.180e-04 -1.000 2.682e-04 9.766 12.951 11.140 9.953 9.517 9.289 9.210
0.00024632 -1.80000 10.01703 0.2500000000 1.8403257998    0.250 -1.795  3.6165  5.049    1  0.000  0.545     0.00     0.00     0.00     0.00     0.00 -1  -1.2e-15      0.00 7.396e-01 2.601e-01 4.822e-05 1.301e-05 1.180e-04 -1.000 2.682e-04 9.258 12.235 10.514 9.408 9.003 8.792 8.719
0.00024632 -1.80000 10.01703 0.3000000417 1.9529140366    0.300 -1.639  3.6255  5.008    1  0.000  0.545     0.00     0.00     0.00     0.00     0.00 -1 -1.65e-15      0.00 7.397e-01 2.600e-01 4.821e-05 1.301e-05 1.180e-04 -1.000 2.682e-04 8.869 11.685 10.033 8.991 8.610 8.412 8.344
0.00024632 -1.80000 10.01703 0.3500000238 2.0434175133    0.350 -1.512  3.6335  4.980    1  0.000  0.544     0.00     0.00     0.00     0.00     0.00 -1 -2.11e-15      0.00 7.397e-01 2.601e-01 4.819e-05 1.301e-05 1.180e-04 -1.000 2.682e-04 8.550 11.231 9.637 8.648 8.289 8.103 8.038
0.00024632 -1.80000 10.01703 0.4000000060 2.1185024399    0.400 -1.384  3.6431  4.948    1  0.000  0.545     0.00     0.00     0.00     0.00     0.00 -1 -2.76e-15      0.00 7.503e-01 2.494e-01 4.823e-05 1.301e-05 1.180e-04 -1.000 2.682e-04 8.229 10.755 9.229 8.300 7.964 7.792 7.733
0.00024632 -1.80000 10.01703 0.4500000179 2.1822809362    0.450 -1.225  3.6590  4.904    1  0.000  0.545     0.00     0.00     0.00     0.00     0.00 -1 -3.94e-15      0.00 7.506e-01 2.491e-01 4.823e-05 1.301e-05 1.180e-04 -1.000 2.682e-04 7.833 10.109 8.699 7.863 7.564 7.415 7.363
0.00024632 -1.80000 10.01703 0.5000000000 2.2374541529    0.500 -1.048  3.6789  4.853    1  0.000  0.545     0.00     0.00     0.00     0.00     0.00 -1 -5.96e-15      0.00 7.506e-01 2.491e-01 4.823e-05 1.301e-05 1.180e-04 -1.000 2.682e-04 7.390 9.352 8.108 7.380 7.124 7.001 6.961
0.00024632 -1.80000 10.01703 0.5500000715 2.2836583126    0.550 -0.847  3.7000  4.777    1  0.000  0.544     0.00     0.00     0.00     0.00     0.00 -1 -9.84e-15      0.00 7.802e-01 2.196e-01 4.285e-05 1.157e-05 1.049e-04 -1.000 1.854e-04 6.889 8.542 7.478 6.848 6.632 6.536 6.506
0.00024632 -1.80000 10.01703 0.6000000238 2.3211213258    0.600 -0.646  3.7250  4.714    1  0.000  0.544     0.00     0.00     0.00     0.00     0.00 -1 -1.61e-14      0.00 7.907e-01 2.090e-01 4.105e-05 1.109e-05 1.006e-04 -1.000 2.580e-04 6.386 7.731 6.858 6.330 6.155 6.088 6.071
0.00024632 -1.80000 10.01703 0.6068131924 2.3256795241    0.606 -0.618  3.7289  4.706    1  0.000  0.544     0.00     0.00     0.00     0.00     0.00 -1 -1.72e-14      0.00 7.925e-01 2.073e-01 4.076e-05 1.101e-05 9.994e-05 -1.000 2.458e-04 6.314 7.616 6.771 6.258 6.089 6.027 6.012
0.00024632 -1.80000 10.01703 0.6213458180 2.3350192503    0.621 -0.557  3.7372  4.689    1  0.000  0.544     0.00     0.00     0.00     0.00     0.00 -1    -2e-14      0.00 7.963e-01 2.034e-01 4.011e-05 1.084e-05 9.840e-05 -1.000 2.256e-04 6.162 7.380 6.587 6.105 5.950 5.896 5.885
0.00024632 -1.80000 10.01703 0.6347375512 2.3431917605    0.634 -0.500  3.7448  4.672    1  0.000  0.543     0.00     0.00     0.00     0.00     0.00 -1  -2.3e-14      0.00 8.001e-01 1.996e-01 3.949e-05 1.067e-05 9.689e-05 -1.000 2.163e-04 6.021 7.168 6.420 5.966 5.823 5.777 5.770
0.00024632 -1.80000 10.01703 0.6461915374 2.3498735315    0.646 -0.452  3.7513  4.657    1  0.000  0.543     0.00     0.00     0.00     0.00     0.00 -1 -2.59e-14      0.00 8.036e-01 1.962e-01 3.892e-05 1.052e-05 9.554e-05 -1.000 2.135e-04 5.899 6.991 6.278 5.848 5.716 5.677 5.672
0.00024632 -1.80000 10.01703 0.6499999762 2.3520353107    0.650 -0.435  3.7535  4.652    1  0.000  0.543     0.00     0.00     0.00     0.00     0.00 -1 -2.69e-14      0.00 8.047e-01 1.950e-01 3.872e-05 1.047e-05 9.507e-05 -1.000 2.259e-04 5.858 6.932 6.230 5.809 5.680 5.643 5.639
0.00024632 -1.80000 10.01703 0.6556363106 2.3551817156    0.655 -0.411  3.7564  4.643    1  0.000  0.543     0.00     0.00     0.00     0.00     0.00 -1 -2.86e-14      0.00 8.069e-01 1.929e-01 3.837e-05 1.037e-05 9.424e-05 -1.000 2.112e-04 5.798 6.846 6.161 5.751 5.627 5.593 5.591
0.00024632 -1.80000 10.01703 0.6699064374 2.3628762903    0.670 -0.349  3.7639  4.621    1  0.000  0.543     0.00     0.00     0.00     0.00     0.00 -1 -3.35e-14      0.00 8.126e-01 1.872e-01 3.743e-05 1.012e-05 9.197e-05 -1.000 2.059e-04 5.643 6.635 5.986 5.603 5.491 5.465 5.466
0.00024632 -1.80000 10.01703 0.6834554076 2.3698410803    0.683 -0.290  3.7708  4.598    1  0.000  0.542     0.00     0.00     0.00     0.00     0.00 -1 -3.91e-14      0.00 8.185e-01 1.813e-01 3.646e-05 9.866e-06 8.967e-05 -1.000 2.454e-04 5.495 6.438 5.820 5.462 5.361 5.342 5.344
0.00024632 -1.80000 10.01703 0.6959999800 2.3760123196    0.696 -0.234  3.7771  4.575    1  0.000  0.542     0.00     0.00     0.00     0.00     0.00 -1 -4.53e-14      0.00 8.244e-01 1.754e-01 3.550e-05 9.609e-06 8.737e-05 -1.000 2.440e-04 5.354 6.259 5.665 5.329 5.237 5.224 5.229
0.00024632 -1.80000 10.01703 0.7000000477 2.3779267258    0.700 -0.215  3.7790  4.567    1  0.000  0.542     0.00     0.00     0.00     0.00     0.00 -1 -4.75e-14      0.00 8.263e-01 1.734e-01 3.518e-05 9.522e-06 8.659e-05 -1.000 2.443e-04 5.309 6.201 5.614 5.286 5.197 5.186 5.192
0.00024632 -1.80000 10.01703 0.7061930895 2.3808415337    0.706 -0.187  3.7819  4.553    1  0.000  0.540     0.00     0.00     0.00     0.00     0.00 -1 -5.13e-14      0.00 8.298e-01 1.699e-01 3.455e-05 9.369e-06 8.524e-05 -1.000 2.308e-04 5.237 6.114 5.536 5.218 5.134 5.126 5.132
0.00024632 -1.80000 10.01703 0.7181526423 2.3863071220    0.718 -0.130  3.7874  4.526    1  0.000  0.538     0.00     0.00     0.00     0.00     0.00 -1 -5.98e-14      0.00 8.365e-01 1.633e-01 3.336e-05 9.079e-06 8.267e-05 -1.000 1.455e-04 5.095 5.942 5.382 5.083 5.008 5.005 5.013
0.00024632 -1.80000 10.01703 0.7287963033 2.3909982480    0.728 -0.078  3.7921  4.499    1  0.000  0.536     0.00     0.00     0.00     0.00     0.00 -1 -6.91e-14      0.00 8.422e-01 1.576e-01 3.235e-05 8.834e-06 8.051e-05 -1.000 1.776e-04 4.964 5.788 5.240 4.958 4.890 4.892 4.902
0.00024632 -1.80000 10.01703 0.7388311625 2.3952789921    0.738 -0.026  3.7965  4.470    1  0.000  0.533     0.00     0.00     0.00     0.00     0.00 -1 -7.98e-14      0.00 8.473e-01 1.526e-01 3.148e-05 8.622e-06 7.865e-05 -1.000 1.623e-04 4.835 5.638 5.100 4.834 4.773 4.779 4.791
0.00024632 -1.80000 10.01703 0.7476397753 2.3989279240    0.747  0.022  3.8003  4.443    1  0.000  0.532     0.00     0.00     0.00     0.00     0.00 -1 -9.13e-14      0.00 8.514e-01 1.485e-01 3.079e-05 8.458e-06 7.720e-05 -1.000 1.490e-04 4.716 5.502 4.972 4.719 4.664 4.674 4.687
0.00024632 -1.80000 10.01703 0.7500000596 2.3998889329    0.750  0.035  3.8012  4.435    1  0.000  0.531     0.00     0.00     0.00     0.00     0.00 -1 -9.47e-14      0.00 8.524e-01 1.475e-01 3.062e-05 8.416e-06 7.684e-05 -1.000 1.454e-04 4.683 5.466 4.938 4.688 4.635 4.645 4.658
0.00024632 -1.80000 10.01703 0.7501205802 2.3999378172    0.750  0.035  3.8013  4.435    1  0.000  0.531     0.00     0.00     0.00     0.00     0.00 -1 -9.49e-14      0.00 8.524e-01 1.474e-01 3.062e-05 8.416e-06 7.684e-05 -1.000 1.456e-04 4.682 5.464 4.936 4.686 4.633 4.644 4.657
0.00024632 -1.80000 10.01703 0.7597010732 2.4037667672    0.759  0.090  3.8054  4.402    1  0.000  0.531     0.00     0.00     0.00     0.00     0.00 -1 -1.11e-13      0.00 8.538e-01 1.460e-01 3.054e-05 8.399e-06 7.672e-05 -1.000 1.455e-04 4.545 5.310 4.788 4.553 4.507 4.522 4.536
0.00024632 -1.80000 10.01703 0.7681874037 2.4070668497    0.768  0.142  3.8091  4.369    1  0.000  0.530     0.00     0.00     0.00     0.00     0.00 -1 -1.29e-13      0.00 8.549e-01 1.449e-01 3.049e-05 8.390e-06 7.667e-05 -1.000 1.732e-04 4.415 5.166 4.649 4.426 4.386 4.405 4.420
0.00024632 -1.80000 10.01703 0.7762854695 2.4101387029    0.776  0.195  3.8125  4.334    1  0.000  0.530     0.00     0.00     0.00     0.00     0.00 -1 -1.51e-13      0.00 8.559e-01 1.440e-01 3.046e-05 8.385e-06 7.667e-05 -1.000 1.844e-04 4.282 5.020 4.507 4.296 4.262 4.283 4.300
0.00024632 -1.80000 10.01703 0.7837494612 2.4129054757    0.783  0.248  3.8155  4.298    1  0.000  0.529     0.00     0.00     0.00     0.00     0.00 -1 -1.77e-13      0.00 8.566e-01 1.432e-01 3.045e-05 8.386e-06 7.670e-05 -1.000 1.700e-04 4.150 4.877 4.366 4.166 4.137 4.161 4.178
0.00024632 -1.80000 10.01703 0.7905806303 2.4153850879    0.790  0.300  3.8181  4.260    1  0.000  0.529     0.00     0.00     0.00     0.00     0.00 -1 -2.08e-13      0.00 8.572e-01 1.426e-01 3.045e-05 8.390e-06 7.677e-05 -1.000 1.454e-04 4.020 4.738 4.229 4.037 4.012 4.039 4.057
0.00024632 -1.80000 10.01703 0.7968313694 2.4176112274    0.796  0.351  3.8201  4.220    1  0.000  0.529     0.00     0.00     0.00     0.00     0.00 -1 -2.43e-13      0.00 8.576e-01 1.423e-01 3.049e-05 8.403e-06 7.690e-05 -1.000 1.567e-04 3.894 4.604 4.095 3.911 3.890 3.918 3.937
0.00024632 -1.80000 10.01703 0.8000000119 2.4187244405    0.799  0.378  3.8208  4.198    1  0.000  0.529     0.00     0.00     0.00     0.00     0.00 -1 -2.65e-13      0.00 8.573e-01 1.426e-01 3.058e-05 8.428e-06 7.713e-05 -1.000 1.625e-04 3.826 4.533 4.024 3.843 3.824 3.853 3.872
0.00024632 -1.80000 10.01703 0.8055834770 2.4206615470    0.804  0.427  3.8221  4.157    1  0.000  0.529     0.00     0.00     0.00     0.00     0.00 -1 -3.09e-13      0.00 8.555e-01 1.443e-01 3.089e-05 8.514e-06 7.791e-05 -1.000 1.771e-04 3.703 4.405 3.896 3.721 3.703 3.734 3.753
0.00024632 -1.80000 10.01703 0.8066632152 2.4210325906    0.805  0.437  3.8222  4.148    1  0.000  0.529     0.00     0.00     0.00     0.00     0.00 -1 -3.22e-13      0.00 8.552e-01 1.446e-01 3.096e-05 8.531e-06 7.807e-05 -1.000 1.787e-04 3.678 4.379 3.870 3.695 3.678 3.708 3.727
0.00024632 -1.80000 10.01703 0.8083919883 2.4216242972    0.807  0.455  3.8220  4.130    1  0.000  0.529     0.00     0.00     0.00     0.00     0.00 -1 -3.42e-13      0.00 8.546e-01 1.452e-01 3.106e-05 8.559e-06 7.832e-05 -1.000 1.815e-04 3.633 4.335 3.825 3.650 3.632 3.663 3.682
0.00024632 -1.80000 10.01703 0.8132959604 2.4232870472    0.812  0.508  3.8207  4.074    1  0.000  0.529     0.00     0.00     0.00     0.00     0.00 -1 -4.08e-13      0.00 8.530e-01 1.468e-01 3.135e-05 8.639e-06 7.905e-05 -1.000 1.892e-04 3.501 4.204 3.692 3.515 3.496 3.525 3.544
0.00024632 -1.80000 10.01703 0.8173752427 2.4246527091    0.816  0.559  3.8175  4.013    1  0.000  0.529     0.00     0.00     0.00     0.00     0.00 -1 -4.92e-13      0.00 8.517e-01 1.481e-01 3.160e-05 8.705e-06 7.964e-05 -1.000 1.955e-04 3.374 4.086 3.570 3.384 3.361 3.387 3.405
0.00024632 -1.80000 10.01703 0.8180644512 2.4248818961    0.817  0.568  3.8167  4.001    1  0.000  0.529     0.00     0.00     0.00     0.00     0.00 -1 -5.11e-13      0.00 8.515e-01 1.483e-01 3.164e-05 8.716e-06 7.974e-05 -1.000 1.967e-04 3.350 4.065 3.548 3.360 3.336 3.362 3.379
0.00024632 -1.80000 10.01703 0.8187575936 2.4251119438    0.817  0.578  3.8156  3.987    2  0.000  0.529     0.00     0.00     0.00     0.00     0.00 -1 -5.33e-13      0.00 8.513e-01 1.485e-01 3.168e-05 8.728e-06 7.985e-05 -1.000 1.977e-04 3.325 4.042 3.524 3.333 3.308 3.332 3.349
0.00024632 -1.80000 10.01703 0.8210849762 2.4258811144    0.819  0.616  3.8102  3.929    2  0.000  0.529     0.00     0.00     0.00     0.00     0.00 -1 -6.16e-13      0.00 8.505e-01 1.493e-01 3.181e-05 8.765e-06 8.019e-05 -1.000 2.014e-04 3.231 3.965 3.441 3.234 3.201 3.220 3.235
0.00024632 -1.80000 10.01703 0.8228568435 2.4264633405    0.821  0.649  3.8035  3.870    2  0.000  0.529     0.00     0.00     0.00     0.00     0.00 -1 -7.11e-13      0.00 8.500e-01 1.498e-01 3.192e-05 8.793e-06 8.044e-05 -1.000 2.041e-04 3.148 3.906 3.372 3.145 3.102 3.114 3.127
0.00024632 -1.80000 10.01703 0.8242384195 2.4269153222    0.823  0.678  3.7956  3.809    2  0.000  0.529     0.00     0.00     0.00     0.00     0.00 -1 -8.16e-13      0.00 8.495e-01 1.503e-01 3.200e-05 8.816e-06 8.064e-05 -1.000 2.063e-04 3.075 3.864 3.317 3.065 3.009 3.014 3.024
0.00024632 -1.80000 10.01703 0.8253490925 2.4272774166    0.824  0.704  3.7868  3.748    2  0.000  0.529     0.00     0.00     0.00     0.00     0.00 -1 -9.29e-13      0.00 8.472e-01 1.526e-01 3.269e-05 9.003e-06 8.234e-05 -1.000 2.058e-04 3.009 3.837 3.274 2.993 2.923 2.919 2.926
0.00024632 -1.80000 10.01703 0.8262736201 2.4275779715    0.824  0.728  3.7776  3.688    2  0.000  0.530     0.00     0.00     0.00     0.00     0.00 -1 -1.05e-12      0.00 8.380e-01 1.618e-01 3.444e-05 9.475e-06 8.658e-05 -1.000 1.954e-04 2.950 3.823 3.239 2.927 2.843 2.830 2.834
0.00024632 -1.80000 10.01703 0.8270786405 2.4278390465    0.825  0.750  3.7691  3.633    2  0.000  0.532     0.00     0.00     0.00     0.00     0.00 -1 -1.18e-12      0.00 8.152e-01 1.846e-01 3.783e-05 1.038e-05 9.470e-05 -1.000 2.162e-04 2.894 3.816 3.206 2.866 2.769 2.748 2.748
0.00024632 -1.80000 10.01703 0.8278210163 2.4280792879    0.826  0.774  3.7611  3.577    2  0.000  0.534     0.00     0.00     0.00     0.00     0.00 -1 -1.33e-12      0.00 7.938e-01 2.060e-01 4.095e-05 1.122e-05 1.021e-04 -1.000 2.176e-04 2.834 3.804 3.170 2.802 2.692 2.663 2.661
0.00024632 -1.80000 10.01703 0.8285658956 2.4283198419    0.827  0.807  3.7536  3.515    2  0.000  0.536     0.00     0.00     0.00     0.00     0.00 -1 -1.53e-12      0.00 7.797e-01 2.200e-01 4.300e-05 1.176e-05 1.070e-04 -1.000 2.492e-04 2.753 3.774 3.112 2.719 2.597 2.560 2.555
0.00024632 -1.80000 10.01703 0.8291482329 2.4285075579    0.827  0.841  3.7488  3.461    2  0.000  0.536     0.00     0.00     0.00     0.00     0.00 -1 -1.77e-12      0.00 7.735e-01 2.262e-01 4.392e-05 1.201e-05 1.092e-04 -1.000 2.576e-04 2.667 3.722 3.042 2.631 2.502 2.460 2.452
0.00024632 -1.80000 10.01703 0.8297244310 2.4286929967    0.828  0.882  3.7447  3.405    2  0.000  0.536     0.00     0.00     0.00     0.00     0.00 -1 -2.07e-12      0.00 7.694e-01 2.304e-01 4.455e-05 1.218e-05 1.107e-04 -1.000 2.454e-04 2.565 3.651 2.953 2.529 2.393 2.346 2.337
0.00024632 -1.80000 10.01703 0.8299029469 2.4287503887    0.828  0.897  3.7437  3.386    2  0.000  0.537     0.00     0.00     0.00     0.00     0.00 -1 -2.19e-12      0.00 7.685e-01 2.313e-01 4.467e-05 1.221e-05 1.110e-04 -1.000 2.226e-04 2.527 3.620 2.919 2.491 2.353 2.306 2.296
0.00024632 -1.80000 10.01703 0.8303819895 2.4289042583    0.828  0.939  3.7413  3.334    3  0.000  0.537     0.00     0.00     0.00     0.00     0.00 -1 -2.56e-12      0.00 7.661e-01 2.336e-01 4.498e-05 1.229e-05 1.118e-04 -1.000 2.655e-04 2.422 3.532 2.821 2.385 2.243 2.193 2.182
0.00024632 -1.80000 10.01703 0.8309058547 2.4290722915    0.829  0.989  3.7389  3.275    3  0.000  0.537     0.00     0.00     0.00     0.00     0.00 -1 -3.07e-12      0.00 7.638e-01 2.359e-01 4.525e-05 1.237e-05 1.124e-04 -1.000 2.638e-04 2.297 3.426 2.705 2.261 2.116 2.063 2.051
0.00024632 -1.80000 10.01703 0.8313505054 2.4292147250    0.829  1.035  3.7371  3.222    3  0.000  0.537     0.00     0.00     0.00     0.00     0.00 -1 -3.62e-12      0.00 7.620e-01 2.377e-01 4.543e-05 1.242e-05 1.128e-04 -1.000 2.638e-04 2.183 3.327 2.597 2.148 2.000 1.945 1.932
0.00024632 -1.80000 10.01703 0.8317753673 2.4293506561    0.829  1.081  3.7354  3.169    3  0.000  0.537     0.00     0.00     0.00     0.00     0.00 -1 -4.28e-12      0.00 7.604e-01 2.394e-01 4.558e-05 1.246e-05 1.132e-04 -1.000 2.682e-04 2.067 3.224 2.487 2.033 1.882 1.825 1.811
0.00024632 -1.80000 10.01703 0.8322069049 2.4294885597    0.830  1.132  3.7337  3.112    3  0.000  0.537     0.00     0.00     0.00     0.00     0.00 -1 -5.14e-12      0.00 7.587e-01 2.411e-01 4.569e-05 1.250e-05 1.135e-04 -1.000 2.616e-04 1.941 3.111 2.367 1.907 1.753 1.695 1.680
0.00024632 -1.80000 10.01703 0.8326033354 2.4296150994    0.830  1.182  3.7321  3.056    3  0.000  0.536     0.00     0.00     0.00     0.00     0.00 -1 -6.15e-12      0.00 7.571e-01 2.427e-01 4.573e-05 1.254e-05 1.138e-04 -1.000 2.448e-04 1.815 2.998 2.247 1.782 1.626 1.565 1.550
0.00024632 -1.80000 10.01703 0.8329592347 2.4297285837    0.830  1.231  3.7306  3.001    3  0.000  0.535     0.00     0.00     0.00     0.00     0.00 -1 -7.33e-12      0.00 7.557e-01 2.441e-01 4.571e-05 1.260e-05 1.140e-04 -1.000 2.304e-04 1.693 2.887 2.130 1.661 1.502 1.440 1.423
0.00024632 -1.80000 10.01703 0.8332703710 2.4298277032    0.831  1.277  3.7291  2.949    3  0.000  0.533     0.00     0.00     0.00     0.00     0.00 -1 -8.66e-12      0.00 7.544e-01 2.453e-01 4.563e-05 1.268e-05 1.141e-04 -1.000 2.635e-04 1.577 2.784 2.020 1.546 1.385 1.321 1.304
0.00024632 -1.80000 10.01703 0.8335734010 2.4299241585    0.831  1.326  3.7276  2.894    3  0.000  0.531     0.00     0.00     0.00     0.00     0.00 -1 -1.03e-11      0.00 7.532e-01 2.465e-01 4.547e-05 1.282e-05 1.143e-04 -1.000 2.680e-04 1.455 2.674 1.903 1.424 1.261 1.195 1.177
0.00024632 -1.80000 10.01703 0.8338640928 2.4300166108    0.831  1.377  3.7260  2.836    3  0.000  0.528     0.00     0.00     0.00     0.00     0.00 -1 -1.24e-11      0.00 7.522e-01 2.476e-01 4.525e-05 1.303e-05 1.144e-04 -1.000 2.655e-04 1.327 2.560 1.780 1.297 1.131 1.064 1.045
0.00024632 -1.80000 10.01703 0.8341078162 2.4300940680    0.831  1.424  3.7244  2.783    3  0.000  0.526     0.00     0.00     0.00     0.00     0.00 -1 -1.47e-11      0.00 7.514e-01 2.484e-01 4.502e-05 1.325e-05 1.145e-04 -1.000 2.633e-04 1.210 2.456 1.669 1.181 1.013 0.943 0.924
0.00024632 -1.80000 10.01703 0.8343300819 2.4301646604    0.831  1.471  3.7229  2.731    3  0.000  0.523     0.00     0.00     0.00     0.00     0.00 -1 -1.74e-11      0.00 7.507e-01 2.491e-01 4.481e-05 1.348e-05 1.145e-04 -1.000 2.672e-04 1.094 2.353 1.559 1.065 0.895 0.824 0.804
0.00024632 -1.80000 10.01703 0.8345391154 2.4302310108    0.831  1.518  3.7213  2.677    3  0.000  0.521     0.00     0.00     0.00     0.00     0.00 -1 -2.06e-11      0.00 7.501e-01 2.496e-01 4.461e-05 1.370e-05 1.146e-04 -1.000 2.637e-04 0.975 2.247 1.446 0.947 0.775 0.702 0.680
0.00024632 -1.80000 10.01703 0.8347238898 2.4302896291    0.831  1.564  3.7197  2.624    3  0.000  0.519     0.00     0.00     0.00     0.00     0.00 -1 -2.44e-11      0.00 7.498e-01 2.500e-01 4.446e-05 1.387e-05 1.146e-04 -1.000 2.612e-04 0.860 2.147 1.338 0.834 0.659 0.584 0.561
0.00024632 -1.80000 10.01703 0.8348995447 2.4303453267    0.831  1.612  3.7180  2.570    3  0.000  0.517     0.00     0.00     0.00     0.00     0.00 -1 -2.89e-11      0.00 7.495e-01 2.503e-01 4.435e-05 1.400e-05 1.146e-04 -1.000 2.648e-04 0.741 2.043 1.226 0.716 0.538 0.461 0.438
0.00024632 -1.80000 10.01703 0.8350544572 2.4303944248    0.831  1.657  3.7164  2.518    3  0.000  0.517     0.00     0.00     0.00     0.00     0.00 -1 -3.42e-11      0.00 7.493e-01 2.504e-01 4.428e-05 1.408e-05 1.146e-04 -1.000 2.682e-04 0.626 1.944 1.118 0.603 0.423 0.344 0.320
0.00024632 -1.80000 10.01703 0.8351922631 2.4304380835    0.831  1.702  3.7148  2.467    3  0.000  0.516     0.00     0.00     0.00     0.00     0.00 -1 -4.01e-11      0.00 7.492e-01 2.505e-01 4.425e-05 1.412e-05 1.146e-04 -1.000 2.682e-04 0.516 1.850 1.014 0.493 0.310 0.229 0.205
0.00024632 -1.80000 10.01703 0.8353235722 2.4304796686    0.831  1.748  3.7131  2.414    3  0.000  0.516     0.00     0.00     0.00     0.00     0.00 -1 -4.74e-11      0.00 7.492e-01 2.505e-01 4.423e-05 1.414e-05 1.147e-04 -1.000 2.682e-04 0.401 1.753 0.906 0.379 0.193 0.110 0.085
0.00024632 -1.80000 10.01703 0.8354424238 2.4305172954    0.831  1.793  3.7114  2.362    3  0.000  0.516     0.00     0.00     0.00     0.00     0.00 -1 -5.59e-11      0.00 7.492e-01 2.505e-01 4.423e-05 1.414e-05 1.147e-04 -1.000 2.682e-04 0.287 1.659 0.800 0.266 0.078 -0.007 -0.033
0.00024632 -1.80000 10.01703 0.8355470896 2.4305504210    0.830  1.836  3.7097  2.312    3  0.000  0.516     0.00     0.00     0.00     0.00     0.00 -1 -6.54e-11      0.00 7.492e-01 2.505e-01 4.423e-05 1.415e-05 1.147e-04 -1.000 2.682e-04 0.179 1.570 0.700 0.159 -0.032 -0.119 -0.146
0.00024632 -1.80000 10.01703 0.8356432319 2.4305808406    0.830  1.879  3.7080  2.262    3  0.000  0.516     0.00     0.00     0.00     0.00     0.00 -1 -7.64e-11      0.00 7.492e-01 2.505e-01 4.423e-05 1.415e-05 1.147e-04 -1.000 2.682e-04 0.073 1.483 0.602 0.054 -0.141 -0.229 -0.258
0.00024632 -1.80000 10.01703 0.8357362747 2.4306102719    0.830  1.924  3.7062  2.210    3  0.000  0.516     0.00     0.00     0.00     0.00     0.00 -1 -8.99e-11      0.00 7.492e-01 2.506e-01 4.423e-05 1.415e-05 1.147e-04 -1.000 2.681e-04 -0.039 1.393 0.498 -0.057 -0.254 -0.345 -0.374
0.00024632 -1.80000 10.01703 0.8358176351 2.4306360016    0.830  1.966  3.7045  2.161    3  0.000  0.516     0.00     0.00     0.00     0.00     0.00 -1 -1.05e-10      0.00 7.492e-01 2.506e-01 4.422e-05 1.415e-05 1.147e-04 -1.000 2.682e-04 -0.145 1.309 0.402 -0.161 -0.361 -0.454 -0.484
0.00024632 -1.80000 10.01703 0.8358925581 2.4306596904    0.829  2.008  3.7027  2.112    3  0.000  0.516     0.00     0.00     0.00     0.00     0.00 -1 -1.22e-10      0.00 7.492e-01 2.506e-01 4.422e-05 1.416e-05 1.147e-04 -1.000 2.683e-04 -0.249 1.226 0.306 -0.264 -0.467 -0.562 -0.593
0.00024632 -1.80000 10.01703 0.8359634876 2.4306821121    0.829  2.050  3.7010  2.063    3  0.000  0.516     0.00     0.00     0.00     0.00     0.00 -1 -1.43e-10      0.00 7.492e-01 2.506e-01 4.422e-05 1.416e-05 1.147e-04 -1.000 2.682e-04 -0.355 1.141 0.209 -0.368 -0.575 -0.672 -0.704
0.00024632 -1.80000 10.01703 0.8360258937 2.4307018358    0.829  2.090  3.6992  2.015    3  0.000  0.516     0.00     0.00     0.00     0.00     0.00 -1 -1.65e-10      0.00 7.492e-01 2.506e-01 4.422e-05 1.416e-05 1.147e-04 -1.000 2.682e-04 -0.455 1.064 0.119 -0.466 -0.676 -0.775 -0.808
0.00024632 -1.80000 10.01703 0.8360859752 2.4307208216    0.828  2.129  3.6975  1.969    3  0.000  0.516     0.00     0.00     0.00     0.00     0.00 -1 -1.91e-10      0.00 7.491e-01 2.506e-01 4.422e-05 1.416e-05 1.147e-04 -1.000 2.682e-04 -0.553 0.990 0.030 -0.563 -0.775 -0.877 -0.911
0.00024632 -1.80000 10.01703 0.8361483812 2.4307405387    0.828  2.165  3.6960  1.927    3  0.000  0.516     0.00     0.00     0.00     0.00     0.00 -1 -2.18e-10      0.00 7.491e-01 2.506e-01 4.422e-05 1.417e-05 1.147e-04 -1.000 2.683e-04 -0.643 0.923 -0.051 -0.651 -0.867 -0.970 -1.005
0.00024632 -1.80000 10.01703 0.8362041712 2.4307581625    0.827  2.191  3.6949  1.897    3  0.000  0.516     0.00     0.00     0.00     0.00     0.00 -1  -2.4e-10      0.00 7.491e-01 2.506e-01 4.421e-05 1.417e-05 1.147e-04 -1.000 2.682e-04 -0.707 0.876 -0.108 -0.713 -0.931 -1.036 -1.071
0.00024632 -1.80000 10.01703 0.8362446427 2.4307709457    0.827  2.177  3.6959  1.914    3  0.000  0.516     0.00     0.00     0.00     0.00     0.00 -1  -2.3e-10      0.00 7.491e-01 2.506e-01 4.421e-05 1.417e-05 1.147e-04 -1.000 2.682e-04 -0.672 0.897 -0.079 -0.680 -0.895 -0.999 -1.034
0.00024632 -1.80000 10.01703 0.8362500668 2.4307726588    0.827  2.175  3.6960  1.917    3  0.000  0.516     0.00     0.00     0.00     0.00     0.00 -1 -2.28e-10      0.00 7.491e-01 2.506e-01 4.421e-05 1.417e-05 1.147e-04 -1.000 2.682e-04 -0.667 0.900 -0.075 -0.675 -0.891 -0.994 -1.029
0.00024632 -1.80000 10.01703 0.8362794518 2.4307819392    0.827  2.201  3.6947  1.885    3  0.000  0.516     0.00     0.00     0.00     0.00     0.00 -1  -2.5e-10      0.00 7.491e-01 2.506e-01 4.421e-05 1.417e-05 1.147e-04 -1.000 2.682e-04 -0.734 0.852 -0.134 -0.740 -0.958 -1.063 -1.099
0.00024632 -1.80000 10.01703 0.8363240957 2.4307960371    0.826  2.243  3.6928  1.835    3  0.000  0.516     0.00     0.00     0.00     0.00     0.00 -1  -2.9e-10      0.00 7.491e-01 2.506e-01 4.421e-05 1.417e-05 1.147e-04 -1.000 2.682e-04 -0.838 0.777 -0.227 -0.842 -1.064 -1.172 -1.208
0.00024632 -1.80000 10.01703 0.8363656402 2.4308091548    0.826  2.284  3.6909  1.786    3  0.000  0.516     0.00     0.00     0.00     0.00     0.00 -1 -3.37e-10      0.00 7.491e-01 2.506e-01 4.421e-05 1.417e-05 1.147e-04 -1.000 2.682e-04 -0.941 0.704 -0.318 -0.943 -1.168 -1.278 -1.316
0.00024632 -1.80000 10.01703 0.8364039660 2.4308212548    0.825  2.325  3.6890  1.738    3  0.000  0.516     0.00     0.00     0.00     0.00     0.00 -1 -3.91e-10      0.00 7.491e-01 2.506e-01 4.421e-05 1.417e-05 1.147e-04 -1.000 2.682e-04 -1.041 0.634 -0.406 -1.041 -1.270 -1.382 -1.421
0.00024632 -1.80000 10.01703 0.8364376426 2.4308318860    0.825  2.362  3.6871  1.692    3  0.000  0.516     0.00     0.00     0.00     0.00     0.00 -1  -4.5e-10      0.00 7.491e-01 2.506e-01 4.421e-05 1.417e-05 1.147e-04 -1.000 2.681e-04 -1.136 0.571 -0.488 -1.132 -1.365 -1.480 -1.520
0.00024632 -1.80000 10.01703 0.8364704251 2.4308422340    0.824  2.402  3.6852  1.645    3  0.000  0.516     0.00     0.00     0.00     0.00     0.00 -1  -5.2e-10      0.00 7.491e-01 2.506e-01 4.421e-05 1.418e-05 1.147e-04 -1.000 2.681e-04 -1.234 0.508 -0.573 -1.228 -1.464 -1.582 -1.623
0.00024632 -1.80000 10.01703 0.8364993334 2.4308513582    0.823  2.439  3.6833  1.600    3  0.000  0.516     0.00     0.00     0.00     0.00     0.00 -1 -5.97e-10      0.00 7.491e-01 2.506e-01 4.421e-05 1.418e-05 1.147e-04 -1.000 2.682e-04 -1.326 0.462 -0.651 -1.319 -1.559 -1.679 -1.721
0.00024632 -1.80000 10.01703 0.8365272284 2.4308601620    0.823  2.477  3.6815  1.554    3  0.000  0.516     0.00     0.00     0.00     0.00     0.00 -1 -6.87e-10      0.00 7.491e-01 2.506e-01 4.421e-05 1.418e-05 1.147e-04 -1.000 2.682e-04 -1.422 0.413 -0.732 -1.414 -1.657 -1.779 -1.822
0.00024632 -1.80000 10.01703 0.8365521431 2.4308680246    0.822  2.513  3.6796  1.510    3  0.000  0.516     6.62     5.28     3.76     2.90     2.35  3 -7.87e-10      0.00 7.491e-01 2.506e-01 4.421e-05 1.418e-05 1.147e-04 -1.000 2.682e-04 -1.513 0.373 -0.807 -1.503 -1.750 -1.874 -1.919
0.00024632 -1.80000 10.01703 0.8365810513 2.4308771468    0.821  2.558  3.6772  1.455    3  0.000  0.516     7.44     5.83     4.13     3.19     2.58  3  -9.3e-10      0.00 7.491e-01 2.506e-01 4.421e-05 1.418e-05 1.147e-04 -1.000 2.682e-04 -1.625 0.331 -0.897 -1.613 -1.865 -1.993 -2.039
0.00024632 -1.80000 10.01703 0.8366068006 2.4308852716    0.820  2.601  3.6749  1.402    3  0.000  0.516     8.32     6.42     4.53     3.50     2.84  3 -1.09e-09      0.00 7.491e-01 2.506e-01 4.421e-05 1.418e-05 1.147e-04 -1.000 2.682e-04 -1.734 0.296 -0.981 -1.719 -1.976 -2.107 -2.154
0.00024632 -1.80000 10.01703 0.8366270065 2.4308916468    0.819  2.638  3.6729  1.357    3  0.000  0.516     9.14     6.95     4.89     3.79     3.07  3 -1.25e-09      0.00 7.491e-01 2.506e-01 4.421e-05 1.418e-05 1.147e-04 -1.000 2.682e-04 -1.824 0.274 -1.049 -1.807 -2.069 -2.203 -2.251
0.00024632 -1.80000 10.01703 0.8366484642 2.4308984166    0.817  2.679  3.6707  1.306    3  0.000  0.516    10.17     7.62     5.34     4.14     3.35  3 -1.46e-09      0.00 7.491e-01 2.506e-01 4.420e-05 1.418e-05 1.147e-04 -1.000 2.682e-04 -1.928 0.250 -1.126 -1.908 -2.175 -2.312 -2.362
0.00024632 -1.80000 10.01703 0.8366656303 2.4309038322    0.816  2.714  3.6687  1.263    3  0.000  0.516    11.15     8.25     5.75     4.47     3.62  3 -1.67e-09      0.00 7.491e-01 2.506e-01 4.420e-05 1.418e-05 1.147e-04 -1.000 2.682e-04 -2.016 0.237 -1.189 -1.993 -2.265 -2.405 -2.457
0.00024632 -1.80000 10.01703 0.8366838098 2.4309095671    0.815  2.754  3.6665  1.213    3  0.000  0.516    12.37     9.01     6.26     4.87     3.95  3 -1.93e-09      0.00 7.491e-01 2.506e-01 4.420e-05 1.418e-05 1.147e-04 -1.000 2.682e-04 -2.115 0.228 -1.258 -2.087 -2.366 -2.509 -2.562
0.00024632 -1.80000 10.01703 0.8367011547 2.4309150386    0.813  2.794  3.6642  1.163    3  0.000  0.516    13.76     9.87     6.83     5.32     4.31  2 -2.25e-09      0.00 7.491e-01 2.506e-01 4.420e-05 1.418e-05 1.147e-04 -1.000 2.682e-04 -2.216 0.224 -1.326 -2.184 -2.469 -2.616 -2.671
0.00024632 -1.80000 10.01703 0.8367173672 2.4309201525    0.812  2.835  3.6617  1.112    3  0.000  0.516    15.32    10.82     7.45     5.81     4.71  2 -2.62e-09      0.00 7.491e-01 2.506e-01 4.420e-05 1.418e-05 1.147e-04 -1.000 2.682e-04 -2.317 0.230 -1.391 -2.280 -2.572 -2.723 -2.779
0.00024632 -1.80000 10.01703 0.8367313743 2.4309245707    0.810  2.872  3.6596  1.065    3  0.000  0.516    16.90    11.76     8.08     6.31     5.11  2 -3.02e-09      0.00 7.491e-01 2.506e-01 4.420e-05 1.418e-05 1.147e-04 -1.000 2.683e-04 -2.410 0.240 -1.448 -2.368 -2.667 -2.821 -2.879
0.00024632 -1.80000 10.01703 0.8367452025 2.4309289322    0.808  2.911  3.6572  1.015    3  0.000  0.516    18.75    12.86     8.79     6.88     5.57  2  -3.5e-09      0.00 7.491e-01 2.506e-01 4.420e-05 1.418e-05 1.147e-04 -1.000 2.682e-04 -2.507 0.248 -1.506 -2.457 -2.765 -2.923 -2.983
0.00024632 -1.80000 10.01703 0.8367571831 2.4309327109    0.806  2.947  3.6550  0.970    3  0.000  0.516    20.65    13.96     9.51     7.45     6.04  2 -4.01e-09      0.00 7.491e-01 2.506e-01 4.420e-05 1.418e-05 1.147e-04 -1.000 2.683e-04 -2.597 0.238 -1.562 -2.537 -2.853 -3.015 -3.077
0.00024632 -1.80000 10.01703 0.8367687464 2.4309363578    0.804  2.984  3.6528  0.923    3  0.000  0.516    22.78    15.18    10.30     8.08     6.55  2 -4.62e-09      0.00 7.491e-01 2.506e-01 4.420e-05 1.418e-05 1.147e-04 -1.000 2.683e-04 -2.689 0.229 -1.618 -2.619 -2.943 -3.110 -3.173
0.00024632 -1.80000 10.01703 0.8367796540 2.4309397978    0.802  3.020  3.6504  0.875    3  0.000  0.515    25.18    16.53    11.17     8.78     7.12  2 -5.32e-09      0.00 7.491e-01 2.506e-01 4.420e-05 1.418e-05 1.147e-04 -1.000 2.682e-04 -2.781 0.228 -1.669 -2.700 -3.032 -3.204 -3.269
0.00024632 -1.80000 10.01703 0.8367891312 2.4309427866    0.800  3.054  3.6483  0.832    3  0.000  0.515    27.58    17.87    12.03     9.46     7.68  1 -6.05e-09      0.00 7.491e-01 2.506e-01 4.420e-05 1.419e-05 1.147e-04 -1.000 2.682e-04 -2.866 0.221 -1.719 -2.774 -3.114 -3.290 -3.357
0.00024632 -1.80000 10.01703 0.8367983103 2.4309456813    0.797  3.089  3.6460  0.787    3  0.000  0.515    30.31    19.37    13.00    10.23     8.30  1 -6.91e-09      0.00 7.491e-01 2.506e-01 4.420e-05 1.419e-05 1.147e-04 -1.000 2.682e-04 -2.952 0.219 -1.767 -2.849 -3.197 -3.378 -3.447
0.00024632 -1.80000 10.01703 0.8368069530 2.4309484068    0.794  3.123  3.6438  0.742    3  0.000  0.515    33.29    20.97    14.02    11.05     8.97  1 -7.87e-09      0.00 7.491e-01 2.506e-01 4.420e-05 1.419e-05 1.147e-04 -1.000 2.682e-04 -3.037 0.218 -1.815 -2.922 -3.279 -3.464 -3.535
0.00024632 -1.80000 10.01703 0.8368147612 2.4309508691    0.792  3.155  3.6417  0.700    3  0.000  0.515    36.36    22.61    15.06    11.89     9.65  1 -8.92e-09      0.00 7.491e-01 2.506e-01 4.420e-05 1.419e-05 1.147e-04 -1.000 2.682e-04 -3.118 0.215 -1.860 -2.993 -3.357 -3.546 -3.619
0.00024632 -1.80000 10.01703 0.8368225098 2.4309533125    0.788  3.189  3.6394  0.655    3  0.000  0.515    39.94    24.49    16.26    12.85    10.43  1 -1.02e-08      0.00 7.491e-01 2.506e-01 4.420e-05 1.419e-05 1.147e-04 -1.000 2.682e-04 -3.203 0.216 -1.904 -3.065 -3.438 -3.632 -3.707
0.00024632 -1.80000 10.01703 0.8368295431 2.4309555304    0.785  3.221  3.6373  0.614    3  0.000  0.515    43.61    26.39    17.45    13.81    11.22  1 -1.15e-08      0.00 7.491e-01 2.506e-01 4.420e-05 1.419e-05 1.147e-04 -1.000 2.682e-04 -3.282 0.217 -1.942 -3.130 -3.512 -3.711 -3.788
0.00024632 -1.80000 10.01703 0.8368362188 2.4309576354    0.781  3.252  3.6353  0.573    3  0.000  0.515    47.52    28.38    18.71    14.83    12.04  1  -1.3e-08      0.00 7.491e-01 2.506e-01 4.420e-05 1.419e-05 1.147e-04 -1.000 2.683e-04 -3.359 0.218 -1.980 -3.194 -3.585 -3.788 -3.867
0.00024632 -1.80000 10.01703 0.8368418813 2.4309594209    0.778  3.276  3.6337  0.540    3  0.000  0.515    50.88    30.08    19.77    15.68    12.74  1 -1.44e-08      0.00 7.491e-01 2.506e-01 4.420e-05 1.419e-05 1.147e-04 -1.000 2.682e-04 -3.420 0.218 -2.009 -3.245 -3.642 -3.849 -3.929
0.00024632 -1.80000 10.01703 0.8368418813 2.4309594209    0.778  1.723  3.8026  2.768    4  0.000  0.529     0.00     0.00     0.00     0.00     0.00 -1    -1e-30      0.00 7.513e-01 2.485e-01 4.560e-05 1.309e-05 1.151e-04 -1.000 2.682e-04 0.461 1.172 0.618 0.424 0.394 0.401 0.412
0.00024632 -1.80000 10.01703 0.8368936181 2.4309757333    0.778  1.743  3.7939  2.713    4  0.000  0.529     0.00     0.00     0.00     0.00     0.00 -1    -1e-30      0.00 7.513e-01 2.485e-01 4.560e-05 1.309e-05 1.151e-04 -1.000 2.682e-04 0.411 1.164 0.597 0.371 0.326 0.326 0.334
0.00024632 -1.80000 10.01703 0.8369462490 2.4309923253    0.778  1.746  3.7936  2.709    4  0.000  0.529     0.00     0.00     0.00     0.00     0.00 -1    -1e-30      0.00 7.513e-01 2.485e-01 4.560e-05 1.309e-05 1.151e-04 -1.000 2.681e-04 0.404 1.158 0.591 0.364 0.318 0.317 0.326
0.00024632 -1.80000 10.01703 0.8369997740 2.4310091966    0.778  1.747  3.7943  2.711    4  0.000  0.529     0.00     0.00     0.00     0.00     0.00 -1    -1e-30      0.00 7.513e-01 2.485e-01 4.560e-05 1.309e-05 1.151e-04 -1.000 2.682e-04 0.402 1.153 0.586 0.362 0.318 0.317 0.326
0.00024632 -1.80000 10.01703 0.8370527029 2.4310258777    0.778  1.748  3.7953  2.715    4  0.000  0.529     0.00     0.00     0.00     0.00     0.00 -1    -1e-30      0.00 7.513e-01 2.485e-01 4.560e-05 1.309e-05 1.151e-04 -1.000 2.681e-04 0.401 1.146 0.581 0.361 0.318 0.319 0.328
0.00024632 -1.80000 10.01703 0.8371074796 2.4310431385    0.778  1.748  3.7966  2.720    4  0.000  0.529     0.00     0.00     0.00     0.00     0.00 -1    -1e-30      0.00 7.513e-01 2.485e-01 4.560e-05 1.309e-05 1.151e-04 -1.000 2.682e-04 0.400 1.139 0.576 0.360 0.320 0.322 0.331
0.00024632 -1.80000 10.01703 0.8371608257 2.4310599460    0.778  1.748  3.7981  2.726    4  0.000  0.529     0.00     0.00     0.00     0.00     0.00 -1    -1e-30      0.00 7.513e-01 2.485e-01 4.560e-05 1.309e-05 1.151e-04 -1.000 2.681e-04 0.400 1.132 0.571 0.361 0.323 0.326 0.336
0.00024632 -1.80000 10.01703 0.8372182846 2.4310780466    0.779  1.748  3.7999  2.733    4  0.000  0.529     0.00     0.00     0.00     0.00     0.00 -1    -1e-30      0.00 7.513e-01 2.485e-01 4.560e-05 1.309e-05 1.151e-04 -1.000 2.681e-04 0.401 1.123 0.566 0.362 0.327 0.332 0.342
0.00024632 -1.80000 10.01703 0.8372722268 2.4310950367    0.779  1.747  3.8016  2.741    4  0.000  0.529     0.00     0.00     0.00     0.00     0.00 -1    -1e-30      0.00 7.513e-01 2.485e-01 4.560e-05 1.309e-05 1.151e-04 -1.000 2.682e-04 0.402 1.116 0.561 0.363 0.332 0.338 0.349
0.00024632 -1.80000 10.01703 0.8373280168 2.4311126062    0.779  1.747  3.8033  2.748    4  0.000  0.529     0.00     0.00     0.00     0.00     0.00 -1    -1e-30      0.00 7.513e-01 2.485e-01 4.560e-05 1.309e-05 1.151e-04 -1.000 2.682e-04 0.403 1.109 0.556 0.365 0.336 0.344 0.355
0.00024632 -1.80000 10.01703 0.8373808265 2.4311292347    0.779  1.747  3.8048  2.754    4  0.000  0.529     0.00     0.00     0.00     0.00     0.00 -1    -1e-30      0.00 7.513e-01 2.485e-01 4.560e-05 1.309e-05 1.151e-04 -1.000 2.681e-04 0.404 1.103 0.552 0.366 0.340 0.348 0.360
0.00024632 -1.80000 10.01703 0.8374383450 2.4311473431    0.779  1.746  3.8061  2.759    4  0.000  0.529     0.00     0.00     0.00     0.00     0.00 -1    -1e-30      0.00 7.513e-01 2.485e-01 4.560e-05 1.309e-05 1.151e-04 -1.000 2.682e-04 0.404 1.098 0.548 0.366 0.343 0.352 0.365
0.00024632 -1.80000 10.01703 0.8374960423 2.4311655049    0.779  1.746  3.8070  2.763    4  0.000  0.529     0.00     0.00     0.00     0.00     0.00 -1    -1e-30      0.00 7.513e-01 2.485e-01 4.560e-05 1.309e-05 1.151e-04 -1.000 2.683e-04 0.404 1.093 0.545 0.367 0.345 0.355 0.368
0.00024632 -1.80000 10.01703 0.8375508189 2.4311827447    0.779  1.746  3.8075  2.765    4  0.000  0.529     0.00     0.00     0.00     0.00     0.00 -1    -1e-30      0.00 7.513e-01 2.485e-01 4.560e-05 1.309e-05 1.151e-04 -1.000 2.682e-04 0.404 1.091 0.543 0.367 0.346 0.356 0.369
0.00024632 -1.80000 10.01703 0.8376053572 2.4311999069    0.779  1.747  3.8077  2.765    4  0.000  0.529     0.00     0.00     0.00     0.00     0.00 -1    -1e-30      0.00 7.513e-01 2.485e-01 4.560e-05 1.309e-05 1.151e-04 -1.000 2.682e-04 0.403 1.089 0.541 0.366 0.346 0.356 0.369
0.00024632 -1.80000 10.01703 0.8376117349 2.4312019137    0.779  1.747  3.8077  2.765    4  0.000  0.529     0.00     0.00     0.00     0.00     0.00 -1    -1e-30      0.00 7.513e-01 2.485e-01 4.560e-05 1.309e-05 1.151e-04 -1.000 2.682e-04 0.403 1.089 0.541 0.366 0.345 0.356 0.369
0.00024632 -1.80000 10.01703 0.8376173377 2.4312036766    0.779  1.747  3.8076  2.765    4  0.000  0.529     0.00     0.00     0.00     0.00     0.00 -1    -1e-30      0.00 7.513e-01 2.485e-01 4.560e-05 1.309e-05 1.151e-04 -1.000 2.681e-04 0.403 1.089 0.541 0.366 0.345 0.355 0.369
0.00024632 -1.80000 10.01703 0.8376690745 2.4312199543    0.779  1.748  3.8070  2.762    4  0.000  0.529     0.00     0.00     0.00     0.00     0.00 -1    -1e-30      0.00 7.513e-01 2.485e-01 4.560e-05 1.309e-05 1.151e-04 -1.000 2.682e-04 0.401 1.090 0.541 0.363 0.342 0.352 0.365
0.00024632 -1.80000 10.01703 0.8377234936 2.4312370734    0.779  1.749  3.8060  2.757    4  0.000  0.529     0.00     0.00     0.00     0.00     0.00 -1    -1e-30      0.00 7.513e-01 2.485e-01 4.560e-05 1.309e-05 1.151e-04 -1.000 2.682e-04 0.398 1.092 0.542 0.361 0.337 0.346 0.359
0.00024632 -1.80000 10.01703 0.8377776742 2.4312541150    0.779  1.750  3.8044  2.749    4  0.000  0.529     0.00     0.00     0.00     0.00     0.00 -1    -1e-30      0.00 7.513e-01 2.485e-01 4.560e-05 1.309e-05 1.151e-04 -1.000 2.683e-04 0.395 1.096 0.544 0.357 0.331 0.339 0.351
0.00024632 -1.80000 10.01703 0.8378313780 2.4312710041    0.779  1.752  3.8022  2.739    4  0.000  0.529     0.00     0.00     0.00     0.00     0.00 -1    -1e-30      0.00 7.513e-01 2.485e-01 4.560e-05 1.309e-05 1.151e-04 -1.000 2.682e-04 0.391 1.102 0.547 0.352 0.322 0.328 0.339
0.00024632 -1.80000 10.01703 0.8378833532 2.4312873472    0.779  1.754  3.7996  2.726    4  0.000  0.529     0.00     0.00     0.00     0.00     0.00 -1    -1e-30      0.00 7.513e-01 2.485e-01 4.560e-05 1.309e-05 1.151e-04 -1.000 2.682e-04 0.386 1.110 0.551 0.347 0.312 0.316 0.326
0.00024632 -1.80000 10.01703 0.8379360437 2.4313039129    0.779  1.756  3.7964  2.711    4  0.000  0.529     0.00     0.00     0.00     0.00     0.00 -1    -1e-30      0.00 7.513e-01 2.485e-01 4.560e-05 1.309e-05 1.151e-04 -1.000 2.682e-04 0.380 1.120 0.556 0.340 0.300 0.301 0.310
0.00024632 -1.80000 10.01703 0.8379896879 2.4313207759    0.779  1.759  3.7927  2.694    4  0.000  0.529     0.00     0.00     0.00     0.00     0.00 -1    -1e-30      0.00 7.513e-01 2.485e-01 4.560e-05 1.309e-05 1.151e-04 -1.000 2.681e-04 0.373 1.132 0.562 0.332 0.285 0.284 0.292
0.00024632 -1.80000 10.01703 0.8380156159 2.4313289255    0.779  1.760  3.7907  2.684    4  0.000  0.529     0.00     0.00     0.00     0.00     0.00 -1    -1e-30      0.00 7.513e-01 2.485e-01 4.560e-05 1.309e-05 1.151e-04 -1.000 2.681e-04 0.370 1.138 0.565 0.328 0.278 0.275 0.282
0.00024632 -1.80000 10.01703 0.8380247951 2.4313318105    0.779  1.761  3.7900  2.681    4  0.000  0.529     0.00     0.00     0.00     0.00     0.00 -1    -1e-30      0.00 7.513e-01 2.485e-01 4.560e-05 1.309e-05 1.151e-04 -1.000 2.681e-04 0.368 1.140 0.566 0.327 0.275 0.271 0.278
0.00024632 -1.80000 10.01703 0.8380791545 2.4313488942    0.779  1.764  3.7858  2.661    4  0.000  0.529     0.00     0.00     0.00     0.00     0.00 -1    -1e-30      0.00 7.513e-01 2.485e-01 4.560e-05 1.309e-05 1.151e-04 -1.000 2.682e-04 0.359 1.153 0.572 0.318 0.259 0.251 0.257
0.00024632 -1.80000 10.01703 0.8381320834 2.4313655258    0.780  1.768  3.7818  2.641    4  0.000  0.529     0.00     0.00     0.00     0.00     0.00 -1    -1e-30      0.00 7.513e-01 2.485e-01 4.560e-05 1.309e-05 1.151e-04 -1.000 2.682e-04 0.350 1.165 0.577 0.308 0.242 0.231 0.235
0.00024632 -1.80000 10.01703 0.8381887078 2.4313833160    0.780  1.772  3.7778  2.621    4  0.000  0.529     0.00     0.00     0.00     0.00     0.00 -1    -1e-30      0.00 7.512e-01 2.485e-01 4.560e-05 1.309e-05 1.151e-04 -1.000 2.682e-04 0.339 1.177 0.581 0.297 0.224 0.210 0.212
0.00024632 -1.80000 10.01703 0.8382424712 2.4314002048    0.780  1.777  3.7739  2.600    4  0.000  0.529     0.00     0.00     0.00     0.00     0.00 -1    -1e-30      0.00 7.512e-01 2.485e-01 4.560e-05 1.309e-05 1.151e-04 -1.000 2.681e-04 0.328 1.190 0.583 0.286 0.206 0.187 0.188
0.00024632 -1.80000 10.01703 0.8382940888 2.4314164172    0.780  1.782  3.7706  2.583    4  0.000  0.529     0.00     0.00     0.00     0.00     0.00 -1    -1e-30      0.00 7.512e-01 2.485e-01 4.560e-05 1.309e-05 1.151e-04 -1.000 2.683e-04 0.316 1.198 0.583 0.274 0.188 0.166 0.166
0.00024632 -1.80000 10.01703 0.8383473158 2.4314331326    0.780  1.787  3.7678  2.567    4  0.000  0.529     0.00     0.00     0.00     0.00     0.00 -1    -1e-30      0.00 7.512e-01 2.485e-01 4.560e-05 1.309e-05 1.151e-04 -1.000 2.683e-04 0.303 1.203 0.581 0.262 0.171 0.147 0.145
0.00024632 -1.80000 10.01703 0.8383995891 2.4314495462    0.780  1.792  3.7652  2.551    4  0.000  0.529     0.00     0.00     0.00     0.00     0.00 -1    -1e-30      0.00 7.512e-01 2.485e-01 4.560e-05 1.309e-05 1.151e-04 -1.000 2.682e-04 0.290 1.206 0.577 0.248 0.153 0.126 0.124
0.00024632 -1.80000 10.01703 0.8384523988 2.4314661258    0.780  1.798  3.7628  2.535    4  0.000  0.529     0.00     0.00     0.00     0.00     0.00 -1    -1e-30      0.00 7.512e-01 2.485e-01 4.560e-05 1.309e-05 1.151e-04 -1.000 2.682e-04 0.275 1.207 0.571 0.234 0.134 0.105 0.102
0.00024632 -1.80000 10.01703 0.8385052085 2.4314827031    0.780  1.805  3.7604  2.519    4  0.000  0.529     0.00     0.00     0.00     0.00     0.00 -1    -1e-30      0.00 7.512e-01 2.485e-01 4.560e-05 1.309e-05 1.151e-04 -1.000 2.682e-04 0.258 1.206 0.564 0.218 0.114 0.082 0.078
0.00024632 -1.80000 10.01703 0.8385584354 2.4314994088    0.780  1.804  3.7611  2.523    4  0.000  0.529     0.00     0.00     0.00     0.00     0.00 -1    -1e-30      0.00 7.512e-01 2.485e-01 4.560e-05 1.309e-05 1.151e-04 -1.000 2.682e-04 0.260 1.203 0.563 0.219 0.117 0.086 0.082
0.00024632 -1.80000 10.01703 0.8385690451 2.4315027385    0.780  1.806  3.7605  2.519    4  0.000  0.529     0.00     0.00     0.00     0.00     0.00 -1    -1e-30      0.00 7.512e-01 2.485e-01 4.560e-05 1.309e-05 1.151e-04 -1.000 2.682e-04 0.256 1.202 0.561 0.215 0.112 0.080 0.076
0.00024632 -1.80000 10.01703 0.8386235833 2.4315198527    0.780  1.821  3.7555  2.483    4  0.000  0.529     0.00     0.00     0.00     0.00     0.00 -1    -1e-30      0.00 7.512e-01 2.485e-01 4.560e-05 1.309e-05 1.151e-04 -1.000 2.682e-04 0.217 1.199 0.542 0.178 0.066 0.029 0.022
0.00024632 -1.80000 10.01703 0.8386772871 2.4315367027    0.780  1.842  3.7501  2.440    4  0.000  0.529     0.00     0.00     0.00     0.00     0.00 -1    -1e-30      0.00 7.512e-01 2.485e-01 4.560e-05 1.309e-05 1.151e-04 -1.000 2.682e-04 0.164 1.184 0.509 0.125 0.004 -0.039 -0.047
0.00024632 -1.80000 10.01703 0.8387224674 2.4315508764    0.780  1.873  3.7436  2.384    4  0.000  0.529     0.00     0.00     0.00     0.00     0.00 -1    -1e-30      0.00 7.512e-01 2.485e-01 4.560e-05 1.309e-05 1.151e-04 -1.000 2.682e-04 0.088 1.156 0.457 0.050 -0.082 -0.131 -0.143
0.00024632 -1.80000 10.01703 0.8387470245 2.4315585796    0.780  1.907  3.7373  2.325    4  0.000  0.529     0.00     0.00     0.00     0.00     0.00 -1    -1e-30      0.00 7.512e-01 2.485e-01 4.560e-05 1.309e-05 1.151e-04 -1.000 2.682e-04 0.003 1.122 0.397 -0.034 -0.176 -0.232 -0.246
0.00024632 -1.80000 10.01703 0.8387581110 2.4315620571    0.780  1.941  3.7319  2.269    4  0.000  0.529     0.00     0.00     0.00     0.00     0.00 -1    -1e-30      0.00 7.512e-01 2.485e-01 4.560e-05 1.309e-05 1.151e-04 -1.000 2.682e-04 -0.082 1.084 0.333 -0.117 -0.269 -0.331 -0.348
0.00024632 -1.80000 10.01703 0.8387629986 2.4315635901    0.780  1.976  3.7271  2.215    4  0.000  0.529     0.00     0.00     0.00     0.00     0.00 -1    -1e-30      0.00 7.512e-01 2.485e-01 4.560e-05 1.309e-05 1.151e-04 -1.000 2.682e-04 -0.169 1.043 0.266 -0.203 -0.363 -0.430 -0.449
0.00024632 -1.80000 10.01703 0.8387653828 2.4315643380    0.780  2.011  3.7229  2.163    4  0.000  0.529     0.00     0.00     0.00     0.00     0.00 -1    -1e-30      0.00 7.512e-01 2.485e-01 4.560e-05 1.309e-05 1.151e-04 -1.000 2.682e-04 -0.256 0.996 0.197 -0.288 -0.455 -0.527 -0.547
0.00024632 -1.80000 10.01703 0.8387662768 2.4315646184    0.780  2.032  3.7207  2.133    7  0.000  0.529     0.00     0.00     0.00     0.00     0.00 -1    -1e-30      0.00 7.512e-01 2.485e-01 4.560e-05 1.309e-05 1.151e-04 -1.000 2.682e-04 -0.310 0.965 0.153 -0.341 -0.511 -0.585 -0.607
0.00024632 -1.80000 10.01703 0.8387669325 2.4315648240    0.780  2.054  3.7187  2.103    7  0.000  0.529     0.00     0.00     0.00     0.00     0.00 -1    -1e-30      0.00 7.512e-01 2.485e-01 4.560e-05 1.309e-05 1.151e-04 -1.000 2.682e-04 -0.365 0.930 0.107 -0.395 -0.569 -0.645 -0.668
0.00024632 -1.80000 10.01703 0.8387680650 2.4315651792    0.780  2.099  3.7151  2.044    7  0.000  0.529     0.00     0.00     0.00     0.00     0.00 -1    -1e-30      0.00 7.512e-01 2.485e-01 4.560e-05 1.309e-05 1.151e-04 -1.000 2.682e-04 -0.477 0.858 0.012 -0.504 -0.685 -0.765 -0.790
0.00024632 -1.80000 10.01703 0.8387690187 2.4315654784    0.780  2.132  3.7126  2.000    7  0.000  0.529     0.00     0.00     0.00     0.00     0.00 -1    -1e-30      0.00 7.512e-01 2.485e-01 4.560e-05 1.309e-05 1.151e-04 -1.000 2.681e-04 -0.560 0.802 -0.059 -0.586 -0.771 -0.854 -0.880
0.00024632 -1.80000 10.01703 0.8387700915 2.4315658149    0.780  2.162  3.7104  1.961    7  0.000  0.529     0.00     0.00     0.00     0.00     0.00 -1    -1e-30      0.00 7.512e-01 2.485e-01 4.560e-05 1.309e-05 1.151e-04 -1.000 2.682e-04 -0.636 0.752 -0.124 -0.661 -0.850 -0.936 -0.963
0.00024632 -1.80000 10.01703 0.8387723565 2.4315665253    0.780  2.161  3.7107  1.964    7  0.000  0.529     0.00     0.00     0.00     0.00     0.00 -1    -1e-30      0.00 7.512e-01 2.485e-01 4.560e-05 1.309e-05 1.151e-04 -1.000 2.682e-04 -0.633 0.752 -0.122 -0.658 -0.846 -0.932 -0.959
0.00024632 -1.80000 10.01703 0.8387742639 2.4315671235    0.780  2.143  3.7121  1.988    7  0.000  0.529     0.00     0.00     0.00     0.00     0.00 -1    -1e-30      0.00 7.512e-01 2.485e-01 4.560e-05 1.309e-05 1.151e-04 -1.000 2.682e-04 -0.586 0.781 -0.083 -0.612 -0.798 -0.882 -0.908
0.00024632 -1.80000 10.01703 0.8387815952 2.4315694230    0.780  2.132  3.7128  2.001    7  0.000  0.529     0.00     0.00     0.00     0.00     0.00 -1    -1e-30      0.00 7.512e-01 2.485e-01 4.560e-05 1.309e-05 1.151e-04 -1.000 2.681e-04 -0.561 0.799 -0.061 -0.587 -0.771 -0.854 -0.880
0.00024632 -1.80000 10.01703 0.8388127685 2.4315791999    0.780  2.166  3.7101  1.957    7  0.000  0.529     0.00     0.00     0.00     0.00     0.00 -1    -1e-30      0.00 7.512e-01 2.485e-01 4.560e-05 1.309e-05 1.151e-04 -1.000 2.681e-04 -0.644 0.748 -0.131 -0.669 -0.858 -0.944 -0.972
0.00024632 -1.80000 10.01703 0.8388315439 2.4315850881    0.780  2.208  3.7069  1.902    7  0.000  0.529     0.00     0.00     0.00     0.00     0.00 -1    -1e-30      0.00 7.512e-01 2.485e-01 4.560e-05 1.309e-05 1.151e-04 -1.000 2.682e-04 -0.751 0.683 -0.220 -0.773 -0.968 -1.058 -1.087
0.00024632 -1.80000 10.01703 0.8388462663 2.4315897049    0.780  2.250  3.7040  1.849    7  0.000  0.529     0.00     0.00     0.00     0.00     0.00 -1    -1e-30      0.00 7.512e-01 2.485e-01 4.560e-05 1.309e-05 1.151e-04 -1.000 2.682e-04 -0.855 0.617 -0.309 -0.874 -1.075 -1.168 -1.199
0.00024632 -1.80000 10.01703 0.8388634920 2.4315951066    0.780  2.298  3.7008  1.788    7  0.000  0.529     0.00     0.00     0.00     0.00     0.00 -1    -1e-30      0.00 7.512e-01 2.485e-01 4.560e-05 1.309e-05 1.151e-04 -1.000 2.682e-04 -0.975 0.541 -0.411 -0.992 -1.198 -1.296 -1.328
0.00024632 -1.80000 10.01703 0.8388800025 2.4316002837    0.780  2.342  3.6980  1.732    7  0.000  0.529     0.00     0.00     0.00     0.00     0.00 -1    -1e-30      0.00 7.512e-01 2.485e-01 4.560e-05 1.309e-05 1.151e-04 -1.000 2.682e-04 -1.085 0.471 -0.505 -1.099 -1.311 -1.412 -1.446
0.00024632 -1.80000 10.01703 0.8388947845 2.4316049186    0.780  2.384  3.6953  1.680    7  0.000  0.529     0.00     0.00     0.00     0.00     0.00 -1    -1e-30      0.00 7.512e-01 2.485e-01 4.559e-05 1.309e-05 1.151e-04 -1.000 2.665e-04 -1.190 0.406 -0.594 -1.200 -1.417 -1.522 -1.557
0.00024632 -1.80000 10.01703 0.8389078975 2.4316090301    0.780  2.425  3.6928  1.628    7  0.000  0.529     0.00     0.00     0.00     0.00     0.00 -1    -1e-30      0.00 7.512e-01 2.485e-01 4.556e-05 1.310e-05 1.151e-04 -1.000 2.666e-04 -1.293 0.342 -0.681 -1.300 -1.522 -1.630 -1.667
0.00024632 -1.80000 10.01703 0.8389196992 2.4316127303    0.780  2.466  3.6902  1.577    7  0.000  0.527     0.00     0.00     0.00     0.00     0.00 -1    -1e-30      0.00 7.512e-01 2.485e-01 4.543e-05 1.317e-05 1.151e-04 -1.000 2.664e-04 -1.395 0.279 -0.767 -1.399 -1.625 -1.737 -1.775
0.00024632 -1.80000 10.01703 0.8389303684 2.4316160753    0.780  2.507  3.6877  1.526    7  0.000  0.522     6.28     5.06     3.60     2.78     2.25  3    -1e-30      0.00 7.512e-01 2.486e-01 4.507e-05 1.345e-05 1.152e-04 -1.000 2.667e-04 -1.497 0.218 -0.852 -1.496 -1.728 -1.842 -1.882
0.00024632 -1.80000 10.01703 0.8389399052 2.4316190652    0.780  2.547  3.6852  1.476    7  0.000  0.512     6.99     5.54     3.93     3.04     2.46  3    -1e-30      0.00 7.511e-01 2.487e-01 4.436e-05 1.417e-05 1.152e-04 -1.000 2.683e-04 -1.597 0.164 -0.934 -1.593 -1.830 -1.948 -1.989
0.00024632 -1.80000 10.01703 0.8389486670 2.4316218121    0.780  2.587  3.6827  1.426    7  0.000  0.500     7.78     6.07     4.29     3.32     2.69  3    -1e-30      0.00 7.509e-01 2.488e-01 4.334e-05 1.536e-05 1.152e-04 -1.000 2.594e-04 -1.698 0.129 -1.015 -1.692 -1.934 -2.055 -2.098
0.00024632 -1.80000 10.01703 0.8389566541 2.4316243160    0.780  2.627  3.6801  1.376    7  0.000  0.488     8.65     6.64     4.68     3.63     2.93  3    -1e-30      0.00 7.508e-01 2.490e-01 4.232e-05 1.661e-05 1.152e-04 -1.000 2.369e-04 -1.798 0.099 -1.092 -1.791 -2.038 -2.162 -2.206
0.00024632 -1.80000 10.01703 0.8389641643 2.4316266704    0.780  2.667  3.6776  1.326    7  0.000  0.477     9.62     7.27     5.10     3.96     3.20  3    -1e-30      0.00 7.506e-01 2.491e-01 4.142e-05 1.772e-05 1.152e-04 -1.000 2.392e-04 -1.898 0.078 -1.167 -1.888 -2.140 -2.268 -2.314
0.00024632 -1.80000 10.01703 0.8389712572 2.4316288939    0.780  2.707  3.6750  1.276    7  0.000  0.468    10.69     7.96     5.56     4.32     3.50  3    -1e-30      0.00 7.505e-01 2.493e-01 4.064e-05 1.868e-05 1.152e-04 -1.000 2.616e-04 -1.997 0.063 -1.238 -1.984 -2.242 -2.374 -2.421
0.00024632 -1.80000 10.01703 0.8389781117 2.4316310427    0.780  2.746  3.6725  1.227    7  0.000  0.460    11.87     8.70     6.05     4.71     3.81  2    -1e-30      0.00 7.503e-01 2.494e-01 3.996e-05 1.951e-05 1.152e-04 -1.000 2.365e-04 -2.094 0.054 -1.306 -2.078 -2.343 -2.478 -2.527
0.00024632 -1.80000 10.01703 0.8389847875 2.4316331353    0.780  2.786  3.6699  1.176    7  0.000  0.453    13.21     9.53     6.60     5.15     4.17  2    -1e-30      0.00 7.502e-01 2.496e-01 3.937e-05 2.025e-05 1.152e-04 -1.000 2.310e-04 -2.194 0.052 -1.374 -2.175 -2.446 -2.585 -2.636
0.00024632 -1.80000 10.01703 0.8389908671 2.4316350411    0.780  2.826  3.6672  1.126    7  0.000  0.447    14.71    10.44     7.20     5.62     4.55  2    -1e-30      0.00 7.500e-01 2.498e-01 3.885e-05 2.090e-05 1.152e-04 -1.000 2.680e-04 -2.294 0.058 -1.438 -2.269 -2.549 -2.691 -2.744
0.00024632 -1.80000 10.01703 0.8389965296 2.4316368161    0.781  2.868  3.6644  1.072    7  0.000  0.442    16.46    11.49     7.89     6.17     5.00  2    -1e-30      0.00 7.498e-01 2.500e-01 3.838e-05 2.148e-05 1.151e-04 -1.000 2.682e-04 -2.399 0.072 -1.502 -2.368 -2.655 -2.802 -2.857
0.00024632 -1.80000 10.01703 0.8390014768 2.4316383668    0.781  2.911  3.6614  1.017    7  0.000  0.438    18.51    12.70     8.68     6.80     5.51  2    -1e-30      0.00 7.496e-01 2.501e-01 3.797e-05 2.201e-05 1.150e-04 -1.000 2.683e-04 -2.507 0.098 -1.564 -2.470 -2.766 -2.918 -2.975
0.00024632 -1.80000 10.01703 0.8390052915 2.4316395625    0.781  2.951  3.6586  0.966    7  0.000  0.434    20.64    13.94     9.49     7.44     6.03  2    -1e-30      0.00 7.494e-01 2.503e-01 3.764e-05 2.246e-05 1.149e-04 -1.000 2.682e-04 -2.608 0.138 -1.614 -2.563 -2.869 -3.026 -3.085
0.00024632 -1.80000 10.01703 0.8390085101 2.4316405714    0.781  2.988  3.6561  0.919    7  0.000  0.432    22.81    15.18    10.29     8.08     6.55  2    -1e-30      0.00 7.493e-01 2.505e-01 3.738e-05 2.284e-05 1.148e-04 -1.000 2.682e-04 -2.700 0.148 -1.663 -2.644 -2.959 -3.121 -3.182
0.00024632 -1.80000 10.01703 0.8390116692 2.4316415616    0.781  3.026  3.6534  0.870    7  0.000  0.430    25.29    16.58    11.20     8.80     7.14  1    -1e-30      0.00 7.491e-01 2.506e-01 3.717e-05 2.318e-05 1.146e-04 -1.000 2.682e-04 -2.795 0.150 -1.715 -2.726 -3.051 -3.218 -3.281
0.00024632 -1.80000 10.01703 0.8390145302 2.4316424584    0.781  3.064  3.6506  0.821    7  0.000  0.429    28.07    18.12    12.19     9.59     7.78  1    -1e-30      0.00 7.490e-01 2.508e-01 3.701e-05 2.349e-05 1.144e-04 -1.000 2.682e-04 -2.890 0.154 -1.766 -2.809 -3.144 -3.316 -3.382
0.00024632 -1.80000 10.01703 0.8390172124 2.4316432991    0.781  3.113  3.6470  0.758    7  0.000  0.428    32.07    20.30    13.59    10.71     8.69  1    -1e-30      0.00 7.488e-01 2.509e-01 3.682e-05 2.397e-05 1.141e-04 -1.000 2.681e-04 -3.011 0.159 -1.830 -2.913 -3.260 -3.439 -3.508
0.00024632 -1.80000 10.01703 0.8390173912 2.4316433551    0.781  3.131  3.6455  0.734    7  0.000  0.428    33.75    21.20    14.16    11.17     9.07  1    -1e-30      0.00 7.488e-01 2.509e-01 3.680e-05 2.403e-05 1.141e-04 -1.000 2.682e-04 -3.056 0.165 -1.852 -2.950 -3.303 -3.485 -3.555
0.00024632 -1.80000 10.01703 0.8390175104 2.4316433925    0.781  3.152  3.6438  0.706    7  0.000  0.427    35.83    22.31    14.87    11.74     9.53  1    -1e-30      0.00 7.486e-01 2.511e-01 3.656e-05 2.464e-05 1.137e-04 -1.000 2.681e-04 -3.110 0.170 -1.878 -2.995 -3.354 -3.539 -3.610
0.00024632 -1.80000 10.01703 0.8390177488 2.4316434672    0.781  3.188  3.6410  0.659    7  0.000  0.426    39.57    24.28    16.12    12.74    10.35  1    -1e-30      0.00 7.484e-01 2.513e-01 3.634e-05 2.530e-05 1.132e-04 -1.000 2.680e-04 -3.199 0.180 -1.921 -3.070 -3.439 -3.630 -3.703
0.00024632 -1.80000 10.01703 0.8390183449 2.4316436541    0.781  3.252  3.6361  0.575    7  0.000  0.425    47.24    28.24    18.62    14.75    11.98  1    -1e-30      0.00 7.480e-01 2.517e-01 3.603e-05 2.628e-05 1.125e-04 -1.000 2.682e-04 -3.359 0.196 -1.992 -3.200 -3.588 -3.789 -3.867
0.00024632 -1.80000 10.01703 0.8390184641 2.4316436914    0.781  3.267  3.6350  0.556    7  0.549  0.425    49.25    29.26    19.26    15.27    12.40  1    -1e-30      0.00 7.479e-01 2.518e-01 3.597e-05 2.650e-05 1.124e-04 -1.000 2.682e-04 -3.397 0.199 -2.009 -3.230 -3.623 -3.827 -3.906
0.00024632 -1.80000 10.01703 0.8390186429 2.4316437475    0.780  3.304  3.6297  0.497    8  0.530  0.428    55.72    32.51    21.30    16.91    13.74  1 -5.16e-07      0.00 7.454e-01 2.545e-01 3.556e-05 2.939e-05 1.135e-04 -1.000 1.927e-04 -3.490 0.273 -2.012 -3.289 -3.701 -3.917 -4.001
0.00024632 -1.80000 10.01703 0.8390187025 2.4316437662    0.779  3.108  3.6446  0.752    8  0.530  0.418    32.48    20.52    13.72    10.82     8.78  1 -2.24e-07      0.00 7.454e-01 2.545e-01 3.556e-05 2.939e-05 1.135e-04 -1.000 1.927e-04 -3.000 0.228 -1.791 -2.890 -3.244 -3.428 -3.498
0.00024632 -1.80000 10.01703 0.8390188217 2.4316438035    0.776  2.961  3.6561  0.944    8  0.530  0.418    21.59    14.49     9.84     7.72     6.26  2 -1.25e-07      0.00 7.454e-01 2.545e-01 3.556e-05 2.939e-05 1.135e-04 -1.000 1.927e-04 -2.631 0.199 -1.601 -2.576 -2.890 -3.051 -3.112
0.00024632 -1.80000 10.01703 0.8390190601 2.4316438783    0.771  2.753  3.6721  1.213    8  0.530  0.418    12.18     8.89     6.17     4.81     3.90  2 -5.83e-08      0.00 7.454e-01 2.545e-01 3.556e-05 2.939e-05 1.135e-04 -1.000 1.926e-04 -2.112 0.052 -1.319 -2.096 -2.362 -2.497 -2.546
0.00024632 -1.80000 10.01703 0.8390193582 2.4316439717    0.764  2.759  3.6714  1.200    8  0.530  0.418    12.49     9.08     6.30     4.91     3.98  2 -6.04e-08      0.00 7.454e-01 2.545e-01 3.556e-05 2.939e-05 1.135e-04 -1.000 1.927e-04 -2.128 0.061 -1.327 -2.111 -2.379 -2.515 -2.565
0.00024632 -1.80000 10.01703 0.8390197158 2.4316440838    0.756  2.850  3.6641  1.076    8  0.530  0.418    16.20    11.34     7.78     6.09     4.93  2 -8.52e-08      0.00 7.454e-01 2.545e-01 3.556e-05 2.939e-05 1.135e-04 -1.000 1.926e-04 -2.354 0.125 -1.454 -2.322 -2.610 -2.758 -2.812
0.00024632 -1.80000 10.01703 0.8390201926 2.4316442332    0.746  3.025  3.6501  0.838    8  0.531  0.418    26.76    17.36    11.69     9.21     7.47  1 -1.73e-07      0.00 7.454e-01 2.545e-01 3.556e-05 2.939e-05 1.135e-04 -1.000 1.927e-04 -2.793 0.248 -1.669 -2.711 -3.046 -3.218 -3.284
0.00024632 -1.80000 10.01703 0.8390207291 2.4316444014    0.734  3.182  3.6376  0.624    8  0.531  0.418    42.05    25.46    16.84    13.36    10.84  1 -3.43e-07      0.00 7.454e-01 2.545e-01 3.556e-05 2.939e-05 1.135e-04 -1.000 1.928e-04 -3.185 0.300 -1.852 -3.035 -3.416 -3.614 -3.691
0.00024632 -1.80000 10.01703 0.8390213251 2.4316445882    0.720  3.287  3.6290  0.476    8  0.531  0.418    57.40    33.10    21.63    17.23    13.99  1 -5.64e-07      0.00 7.454e-01 2.545e-01 3.556e-05 2.939e-05 1.135e-04 -1.000 1.927e-04 -3.448 0.348 -1.951 -3.241 -3.658 -3.875 -3.960
0.00024632 -1.80000 10.01703 0.8390220404 2.4316448124    0.705  3.346  3.6239  0.388    8  0.532  0.418    69.06    38.63    25.06    20.02    16.26  1 -7.68e-07      0.00 7.454e-01 2.545e-01 3.556e-05 2.939e-05 1.135e-04 -1.000 1.927e-04 -3.596 0.376 -1.985 -3.348 -3.790 -4.021 -4.111
0.00024632 -1.80000 10.01703 0.8390228152 2.4316450553    0.689  3.378  3.6210  0.335    8  0.532  0.418    77.04    42.26    27.29    21.85    17.75  1  -9.3e-07      0.00 7.454e-01 2.545e-01 3.556e-05 2.939e-05 1.135e-04 -1.000 1.927e-04 -3.674 0.400 -1.994 -3.401 -3.859 -4.097 -4.191
0.00024632 -1.80000 10.01703 0.8390236497 2.4316453168    0.672  3.398  3.6189  0.295    8  0.533  0.418    83.51    45.11    29.02    23.28    18.91  1 -1.08e-06      0.00 7.454e-01 2.545e-01 3.556e-05 2.939e-05 1.135e-04 -1.000 1.927e-04 -3.725 0.422 -1.994 -3.433 -3.902 -4.146 -4.242
0.00024632 -1.80000 10.01703 0.8390277028 2.4316465872    0.535 -9.999  4.0000  1.824    9  0.535  0.000     0.00     0.00     0.00     0.00     0.00 -1    -1e-30      0.00 7.454e-01 2.545e-01 3.556e-05 2.939e-05 1.135e-04 -1.000 1.927e-04 29.767 30.106 29.968 30.247 30.475 30.554 30.643
