# Zini     MH   logAge Mini        int_IMF         Mass   logL    logTe  logg  label   McoreTP C_O  period0  period1  period2  period3  period4  pmode  Mloss  tau1m   X   Y   Xc  Xn  Xo  Cexcess  Z 	 mbolmag  umag    gmag    rmag    imag    zmag    Ymag
0.0015467 -1.00000 10.03342 0.0900000036 1.0816895926    0.090 -3.239  3.4437  5.359    1  0.000  0.545     0.00     0.00     0.00     0.00     0.00 -1 -5.05e-17      0.00 7.451e-01 2.532e-01 2.929e-04 7.903e-05 7.168e-04 -1.000 1.629e-03 12.868 18.122 17.149 15.356 13.080 12.292 12.124
0.0015467 -1.00000 10.03342 0.1000000089 1.1711064744    0.100 -3.001  3.4775  5.300    1  0.000  0.545     0.00     0.00     0.00     0.00     0.00 -1 -8.89e-17      0.00 7.441e-01 2.543e-01 2.929e-04 7.903e-05 7.168e-04 -1.000 1.629e-03 12.272 17.412 15.752 13.991 12.302 11.699 11.555
0.0015467 -1.00000 10.03342 0.1166502386 1.2968291979    0.117 -2.763  3.5056  5.242    1  0.000  0.545     0.00     0.00     0.00     0.00     0.00 -1 -1.52e-16      0.00 7.425e-01 2.558e-01 2.929e-04 7.903e-05 7.168e-04 -1.000 1.629e-03 11.677 16.573 14.552 12.863 11.601 11.122 10.994
0.0015467 -1.00000 10.03342 0.1200000048 1.3193154741    0.120 -2.719  3.5108  5.231    1  0.000  0.545     0.00     0.00     0.00     0.00     0.00 -1 -1.68e-16      0.00 7.422e-01 2.561e-01 2.929e-04 7.903e-05 7.168e-04 -1.000 1.629e-03 11.568 16.403 14.340 12.668 11.475 11.016 10.891
0.0015467 -1.00000 10.03342 0.1400000006 1.4384526719    0.140 -2.535  3.5286  5.185    1  0.000  0.545     0.00     0.00     0.00     0.00     0.00 -1 -2.51e-16      0.00 7.408e-01 2.576e-01 2.929e-04 7.903e-05 7.168e-04 -1.000 1.629e-03 11.107 15.692 13.556 11.951 10.967 10.568 10.451
0.0015467 -1.00000 10.03342 0.1599999964 1.5372931554    0.160 -2.394  3.5398  5.147    1  0.000  0.545     0.00     0.00     0.00     0.00     0.00 -1 -3.39e-16      0.00 7.396e-01 2.588e-01 2.929e-04 7.903e-05 7.168e-04 -1.000 1.629e-03 10.755 15.161 13.022 11.466 10.592 10.225 10.113
0.0015467 -1.00000 10.03342 0.2000000179 1.6938791367    0.200 -2.174  3.5545  5.083    1  0.000  0.545     0.00     0.00     0.00     0.00     0.00 -1  -5.4e-16      0.00 7.382e-01 2.602e-01 2.929e-04 7.904e-05 7.168e-04 -1.000 1.629e-03 10.206 14.366 12.256 10.766 10.019 9.689 9.583
0.0015467 -1.00000 10.03342 0.2500000000 1.8403257998    0.250 -1.969  3.5661  5.021    1  0.000  0.545     0.00     0.00     0.00     0.00     0.00 -1 -3.28e-16      0.00 7.378e-01 2.606e-01 2.929e-04 7.904e-05 7.168e-04 -1.000 1.629e-03 9.693 13.653 11.586 10.148 9.492 9.187 9.087
0.0015467 -1.00000 10.03342 0.3000000417 1.9529140366    0.300 -1.810  3.5748  4.976    1  0.000  0.545     0.00     0.00     0.00     0.00     0.00 -1 -2.48e-16      0.00 7.379e-01 2.605e-01 2.929e-04 7.904e-05 7.168e-04 -1.000 1.629e-03 9.294 13.108 11.078 9.683 9.083 8.797 8.701
0.0015467 -1.00000 10.03342 0.3017347455 1.9563750174    0.302 -1.805  3.5751  4.975    1  0.000  0.545     0.00     0.00     0.00     0.00     0.00 -1 -2.98e-16      0.00 7.382e-01 2.602e-01 2.929e-04 7.904e-05 7.168e-04 -1.000 1.629e-03 9.281 13.092 11.062 9.669 9.070 8.784 8.689
0.0015467 -1.00000 10.03342 0.3499999940 2.0434174644    0.350 -1.678  3.5821  4.941    1  0.000  0.545     0.00     0.00     0.00     0.00     0.00 -1 -1.51e-15      0.00 7.465e-01 2.518e-01 2.929e-04 7.903e-05 7.168e-04 -1.000 1.629e-03 8.965 12.662 10.663 9.306 8.747 8.474 8.382
0.0015467 -1.00000 10.03342 0.4000000358 2.1185024810    0.400 -1.526  3.5933  4.891    1  0.000  0.545     0.00     0.00     0.00     0.00     0.00 -1 -2.12e-15      0.00 7.470e-01 2.514e-01 2.929e-04 7.903e-05 7.168e-04 -1.000 1.629e-03 8.584 12.100 10.157 8.862 8.357 8.105 8.018
0.0015467 -1.00000 10.03342 0.4500000477 2.1822809714    0.450 -1.349  3.6100  4.832    1  0.000  0.545     0.00     0.00     0.00     0.00     0.00 -1 -3.22e-15      0.00 7.470e-01 2.514e-01 2.929e-04 7.903e-05 7.168e-04 -1.000 1.629e-03 8.143 11.411 9.542 8.347 7.904 7.679 7.600
0.0015467 -1.00000 10.03342 0.5000000000 2.2374541529    0.500 -1.150  3.6363  4.784    1  0.000  0.545     0.00     0.00     0.00     0.00     0.00 -1 -5.11e-15      0.00 7.470e-01 2.514e-01 2.929e-04 7.903e-05 7.168e-04 -1.000 1.629e-03 7.644 10.551 8.781 7.752 7.395 7.211 7.145
0.0015467 -1.00000 10.03342 0.5500000715 2.2836583126    0.550 -0.929  3.6690  4.735    1  0.000  0.544     0.00     0.00     0.00     0.00     0.00 -1 -8.55e-15      0.00 7.779e-01 2.206e-01 2.598e-04 7.013e-05 6.363e-04 -1.000 1.463e-03 7.093 9.487 7.914 7.099 6.836 6.702 6.652
0.0015467 -1.00000 10.03342 0.6000000238 2.3211213258    0.600 -0.727  3.6987  4.689    1  0.000  0.544     0.00     0.00     0.00     0.00     0.00 -1 -1.37e-14      0.00 7.850e-01 2.137e-01 2.529e-04 6.831e-05 6.200e-04 -1.000 1.387e-03 6.587 8.470 7.183 6.531 6.328 6.235 6.201
0.0015467 -1.00000 10.03342 0.6151112914 2.3310746379    0.615 -0.665  3.7084  4.677    1  0.000  0.544     0.00     0.00     0.00     0.00     0.00 -1 -1.59e-14      0.00 7.873e-01 2.114e-01 2.506e-04 6.768e-05 6.143e-04 -1.000 1.389e-03 6.431 8.166 6.970 6.363 6.176 6.095 6.067
0.0015467 -1.00000 10.03342 0.6341091990 2.3428171665    0.634 -0.587  3.7205  4.661    1  0.000  0.544     0.00     0.00     0.00     0.00     0.00 -1 -1.91e-14      0.00 7.903e-01 2.083e-01 2.475e-04 6.686e-05 6.070e-04 -1.000 1.389e-03 6.236 7.802 6.713 6.157 5.989 5.923 5.901
0.0015467 -1.00000 10.03342 0.6499999762 2.3520353107    0.650 -0.521  3.7304  4.646    1  0.000  0.543     0.00     0.00     0.00     0.00     0.00 -1 -2.23e-14      0.00 7.929e-01 2.057e-01 2.448e-04 6.615e-05 6.007e-04 -1.000 1.396e-03 6.073 7.514 6.506 5.989 5.836 5.780 5.764
0.0015467 -1.00000 10.03342 0.6636759639 2.3595635600    0.663 -0.465  3.7381  4.630    1  0.000  0.543     0.00     0.00     0.00     0.00     0.00 -1 -2.55e-14      0.00 7.957e-01 2.029e-01 2.421e-04 6.543e-05 5.942e-04 -1.000 1.364e-03 5.933 7.285 6.336 5.846 5.705 5.657 5.645
0.0015467 -1.00000 10.03342 0.6787849069 2.3674763314    0.679 -0.403  3.7464  4.610    1  0.000  0.543     0.00     0.00     0.00     0.00     0.00 -1 -2.98e-14      0.00 7.989e-01 1.998e-01 2.390e-04 6.460e-05 5.868e-04 -1.000 1.340e-03 5.777 7.040 6.149 5.691 5.562 5.523 5.514
0.0015467 -1.00000 10.03342 0.6926909685 2.3744094168    0.693 -0.345  3.7537  4.590    1  0.000  0.543     0.00     0.00     0.00     0.00     0.00 -1 -3.45e-14      0.00 8.020e-01 1.967e-01 2.359e-04 6.380e-05 5.796e-04 -1.000 1.306e-03 5.632 6.819 5.979 5.548 5.431 5.400 5.394
0.0015467 -1.00000 10.03342 0.6999999881 2.3779266974    0.700 -0.314  3.7575  4.579    1  0.000  0.543     0.00     0.00     0.00     0.00     0.00 -1 -3.74e-14      0.00 8.037e-01 1.950e-01 2.343e-04 6.337e-05 5.757e-04 -1.000 1.304e-03 5.555 6.704 5.889 5.473 5.361 5.334 5.331
0.0015467 -1.00000 10.03342 0.7032720447 2.3794740747    0.703 -0.300  3.7592  4.574    1  0.000  0.542     0.00     0.00     0.00     0.00     0.00 -1 -3.87e-14      0.00 8.046e-01 1.941e-01 2.332e-04 6.313e-05 5.737e-04 -1.000 1.303e-03 5.520 6.652 5.849 5.439 5.329 5.305 5.302
0.0015467 -1.00000 10.03342 0.7134630084 2.3841890402    0.713 -0.256  3.7642  4.556    1  0.000  0.540     0.00     0.00     0.00     0.00     0.00 -1 -4.34e-14      0.00 8.075e-01 1.912e-01 2.298e-04 6.237e-05 5.671e-04 -1.000 1.258e-03 5.410 6.496 5.723 5.332 5.230 5.211 5.210
0.0015467 -1.00000 10.03342 0.7230900526 2.3885030041    0.723 -0.213  3.7689  4.538    1  0.000  0.539     0.00     0.00     0.00     0.00     0.00 -1 -4.86e-14      0.00 8.104e-01 1.883e-01 2.265e-04 6.163e-05 5.606e-04 -1.000 1.278e-03 5.303 6.349 5.604 5.229 5.135 5.120 5.121
0.0015467 -1.00000 10.03342 0.7322521210 2.3924876914    0.732 -0.172  3.7731  4.519    1  0.000  0.537     0.00     0.00     0.00     0.00     0.00 -1 -5.42e-14      0.00 8.133e-01 1.855e-01 2.233e-04 6.089e-05 5.541e-04 -1.000 1.218e-03 5.200 6.210 5.489 5.131 5.042 5.032 5.034
0.0015467 -1.00000 10.03342 0.7411448359 2.3962470835    0.741 -0.131  3.7771  4.499    1  0.000  0.536     0.00     0.00     0.00     0.00     0.00 -1 -6.05e-14      0.00 8.162e-01 1.826e-01 2.200e-04 6.014e-05 5.475e-04 -1.000 1.203e-03 5.098 6.075 5.376 5.032 4.950 4.944 4.948
0.0015467 -1.00000 10.03342 0.7496904731 2.3997632787    0.749 -0.091  3.7807  4.478    1  0.000  0.534     0.00     0.00     0.00     0.00     0.00 -1 -6.77e-14      0.00 8.191e-01 1.797e-01 2.167e-04 5.939e-05 5.410e-04 -1.000 1.254e-03 4.997 5.945 5.265 4.935 4.858 4.855 4.861
0.0015467 -1.00000 10.03342 0.7500000000 2.3998889087    0.750 -0.089  3.7809  4.478    1  0.000  0.534     0.00     0.00     0.00     0.00     0.00 -1  -6.8e-14      0.00 8.192e-01 1.796e-01 2.166e-04 5.936e-05 5.407e-04 -1.000 1.256e-03 4.993 5.940 5.261 4.931 4.855 4.852 4.858
0.0015467 -1.00000 10.03342 0.7516523600 2.4005575519    0.751 -0.081  3.7815  4.473    1  0.000  0.534     0.00     0.00     0.00     0.00     0.00 -1 -6.95e-14      0.00 8.199e-01 1.788e-01 2.159e-04 5.917e-05 5.390e-04 -1.000 1.264e-03 4.973 5.917 5.240 4.912 4.837 4.835 4.840
0.0015467 -1.00000 10.03342 0.7614016533 2.4044348524    0.761 -0.033  3.7849  4.444    1  0.000  0.534     0.00     0.00     0.00     0.00     0.00 -1 -7.97e-14      0.00 8.245e-01 1.743e-01 2.116e-04 5.801e-05 5.286e-04 -1.000 1.200e-03 4.853 5.774 5.111 4.796 4.726 4.727 4.734
0.0015467 -1.00000 10.03342 0.7702049613 2.4078391234    0.770  0.012  3.7879  4.416    1  0.000  0.533     0.00     0.00     0.00     0.00     0.00 -1 -9.08e-14      0.00 8.286e-01 1.702e-01 2.076e-04 5.694e-05 5.190e-04 -1.000 1.184e-03 4.741 5.641 4.991 4.687 4.621 4.625 4.633
0.0015467 -1.00000 10.03342 0.7784636617 2.4109524271    0.778  0.056  3.7906  4.387    1  0.000  0.533     0.00     0.00     0.00     0.00     0.00 -1 -1.03e-13      0.00 8.325e-01 1.664e-01 2.038e-04 5.592e-05 5.099e-04 -1.000 1.168e-03 4.630 5.512 4.873 4.578 4.517 4.524 4.532
0.0015467 -1.00000 10.03342 0.7865266204 2.4139195187    0.786  0.102  3.7931  4.356    1  0.000  0.532     0.00     0.00     0.00     0.00     0.00 -1 -1.18e-13      0.00 8.363e-01 1.626e-01 2.001e-04 5.492e-05 5.009e-04 -1.000 1.157e-03 4.516 5.383 4.752 4.467 4.410 4.419 4.428
0.0015467 -1.00000 10.03342 0.7971885800 2.4177372323    0.796  0.165  3.7959  4.310    1  0.000  0.532     0.00     0.00     0.00     0.00     0.00 -1 -1.43e-13      0.00 8.412e-01 1.578e-01 1.952e-04 5.360e-05 4.891e-04 -1.000 1.095e-03 4.357 5.206 4.585 4.311 4.259 4.270 4.281
0.0015467 -1.00000 10.03342 0.8000000715 2.4187244613    0.799  0.182  3.7966  4.297    1  0.000  0.532     0.00     0.00     0.00     0.00     0.00 -1 -1.51e-13      0.00 8.424e-01 1.565e-01 1.939e-04 5.325e-05 4.860e-04 -1.000 1.084e-03 4.315 5.159 4.540 4.269 4.218 4.230 4.241
0.0015467 -1.00000 10.03342 0.8014046550 2.4192146848    0.801  0.191  3.7969  4.290    1  0.000  0.531     0.00     0.00     0.00     0.00     0.00 -1 -1.55e-13      0.00 8.428e-01 1.561e-01 1.935e-04 5.315e-05 4.852e-04 -1.000 1.081e-03 4.293 5.136 4.518 4.248 4.197 4.210 4.221
0.0015467 -1.00000 10.03342 0.8104345798 2.4223196743    0.809  0.249  3.7987  4.244    1  0.000  0.531     0.00     0.00     0.00     0.00     0.00 -1 -1.86e-13      0.00 8.443e-01 1.545e-01 1.924e-04 5.287e-05 4.828e-04 -1.000 1.119e-03 4.147 4.978 4.365 4.103 4.055 4.069 4.081
0.0015467 -1.00000 10.03342 0.8175094724 2.4246973802    0.816  0.299  3.7996  4.202    1  0.000  0.531     0.00     0.00     0.00     0.00     0.00 -1 -2.19e-13      0.00 8.442e-01 1.547e-01 1.928e-04 5.299e-05 4.839e-04 -1.000 1.140e-03 4.023 4.848 4.239 3.981 3.935 3.949 3.961
0.0015467 -1.00000 10.03342 0.8177261353 2.4247694492    0.817  0.300  3.7996  4.200    1  0.000  0.531     0.00     0.00     0.00     0.00     0.00 -1  -2.2e-13      0.00 8.442e-01 1.547e-01 1.928e-04 5.300e-05 4.840e-04 -1.000 1.140e-03 4.019 4.844 4.235 3.977 3.931 3.946 3.957
0.0015467 -1.00000 10.03342 0.8209246993 2.4258283057    0.820  0.325  3.7996  4.177    1  0.000  0.531     0.00     0.00     0.00     0.00     0.00 -1 -2.38e-13      0.00 8.439e-01 1.549e-01 1.931e-04 5.310e-05 4.850e-04 -1.000 1.140e-03 3.958 4.782 4.173 3.915 3.870 3.884 3.896
0.0015467 -1.00000 10.03342 0.8274130225 2.4279473178    0.826  0.377  3.7985  4.123    1  0.000  0.531     0.00     0.00     0.00     0.00     0.00 -1 -2.83e-13      0.00 8.434e-01 1.554e-01 1.940e-04 5.334e-05 4.872e-04 -1.000 1.116e-03 3.826 4.655 4.042 3.782 3.735 3.748 3.759
0.0015467 -1.00000 10.03342 0.8328731060 2.4297011304    0.831  0.427  3.7959  4.067    1  0.000  0.531     0.00     0.00     0.00     0.00     0.00 -1 -3.38e-13      0.00 8.427e-01 1.561e-01 1.951e-04 5.365e-05 4.901e-04 -1.000 1.137e-03 3.703 4.543 3.923 3.655 3.605 3.616 3.626
0.0015467 -1.00000 10.03342 0.8339238763 2.4300356152    0.832  0.437  3.7952  4.054    1  0.000  0.531     0.00     0.00     0.00     0.00     0.00 -1 -3.52e-13      0.00 8.426e-01 1.563e-01 1.953e-04 5.371e-05 4.906e-04 -1.000 1.140e-03 3.678 4.522 3.899 3.630 3.578 3.589 3.599
0.0015467 -1.00000 10.03342 0.8373696208 2.4311257065    0.836  0.474  3.7909  4.001    2  0.000  0.531     0.00     0.00     0.00     0.00     0.00 -1 -4.06e-13      0.00 8.407e-01 1.582e-01 1.981e-04 5.447e-05 4.975e-04 -1.000 1.154e-03 3.584 4.451 3.816 3.532 3.475 3.481 3.489
0.0015467 -1.00000 10.03342 0.8410355449 2.4322741831    0.839  0.517  3.7836  3.931    2  0.000  0.531     0.00     0.00     0.00     0.00     0.00 -1 -4.84e-13      0.00 8.328e-01 1.660e-01 2.085e-04 5.730e-05 5.233e-04 -1.000 1.204e-03 3.477 4.386 3.726 3.419 3.350 3.350 3.355
0.0015467 -1.00000 10.03342 0.8435494900 2.4330551308    0.842  0.548  3.7753  3.868    2  0.000  0.532     0.00     0.00     0.00     0.00     0.00 -1 -5.59e-13      0.00 8.174e-01 1.813e-01 2.259e-04 6.202e-05 5.658e-04 -1.000 1.289e-03 3.399 4.363 3.671 3.335 3.254 3.245 3.247
0.0015467 -1.00000 10.03342 0.8453958631 2.4336252990    0.844  0.571  3.7658  3.808    2  0.000  0.534     0.00     0.00     0.00     0.00     0.00 -1 -6.31e-13      0.00 7.953e-01 2.033e-01 2.459e-04 6.740e-05 6.140e-04 -1.000 1.404e-03 3.342 4.376 3.641 3.273 3.177 3.158 3.157
0.0015467 -1.00000 10.03342 0.8469074368 2.4340899519    0.845  0.593  3.7556  3.746    2  0.000  0.535     0.00     0.00     0.00     0.00     0.00 -1 -7.12e-13      0.00 7.790e-01 2.195e-01 2.598e-04 7.112e-05 6.471e-04 -1.000 1.486e-03 3.287 4.404 3.619 3.215 3.103 3.074 3.069
0.0015467 -1.00000 10.03342 0.8480818868 2.4344496593    0.846  0.619  3.7469  3.686    2  0.000  0.536     0.00     0.00     0.00     0.00     0.00 -1  -8.1e-13      0.00 7.704e-01 2.281e-01 2.672e-04 7.307e-05 6.645e-04 -1.000 1.505e-03 3.222 4.412 3.583 3.149 3.024 2.985 2.976
0.0015467 -1.00000 10.03342 0.8490321636 2.4347398702    0.847  0.653  3.7404  3.627    2  0.000  0.537     0.00     0.00     0.00     0.00     0.00 -1 -9.34e-13      0.00 7.655e-01 2.330e-01 2.714e-04 7.419e-05 6.744e-04 -1.000 1.532e-03 3.139 4.385 3.524 3.068 2.933 2.887 2.875
0.0015467 -1.00000 10.03342 0.8497842550 2.4349690269    0.848  0.687  3.7360  3.575    2  0.000  0.537     0.00     0.00     0.00     0.00     0.00 -1 -1.07e-12      0.00 7.623e-01 2.361e-01 2.739e-04 7.487e-05 6.805e-04 -1.000 1.566e-03 3.052 4.340 3.455 2.983 2.842 2.791 2.777
0.0015467 -1.00000 10.03342 0.8500000238 2.4350346840    0.848  0.698  3.7349  3.560    2  0.000  0.537     0.00     0.00     0.00     0.00     0.00 -1 -1.12e-12      0.00 7.615e-01 2.369e-01 2.745e-04 7.504e-05 6.820e-04 -1.000 1.566e-03 3.024 4.322 3.431 2.956 2.812 2.760 2.746
0.0015467 -1.00000 10.03342 0.8501558900 2.4350820893    0.848  0.707  3.7341  3.548    2  0.000  0.537     0.00     0.00     0.00     0.00     0.00 -1 -1.16e-12      0.00 7.609e-01 2.375e-01 2.750e-04 7.516e-05 6.831e-04 -1.000 1.566e-03 3.004 4.310 3.413 2.936 2.791 2.738 2.723
0.0015467 -1.00000 10.03342 0.8503859639 2.4351520276    0.848  0.721  3.7331  3.530    2  0.000  0.537     0.00     0.00     0.00     0.00     0.00 -1 -1.22e-12      0.00 7.601e-01 2.383e-01 2.755e-04 7.530e-05 6.843e-04 -1.000 1.566e-03 2.967 4.282 3.381 2.900 2.754 2.700 2.684
0.0015467 -1.00000 10.03342 0.8509952426 2.4353370273    0.849  0.761  3.7307  3.481    3  0.000  0.537     0.00     0.00     0.00     0.00     0.00 -1 -1.42e-12      0.00 7.580e-01 2.405e-01 2.768e-04 7.564e-05 6.874e-04 -1.000 1.556e-03 2.867 4.203 3.289 2.801 2.652 2.595 2.578
0.0015467 -1.00000 10.03342 0.8515849710 2.4355158009    0.850  0.804  3.7287  3.430    3  0.000  0.537     0.00     0.00     0.00     0.00     0.00 -1 -1.65e-12      0.00 7.560e-01 2.425e-01 2.778e-04 7.593e-05 6.899e-04 -1.000 1.539e-03 2.760 4.117 3.191 2.696 2.544 2.484 2.466
0.0015467 -1.00000 10.03342 0.8521546125 2.4356882151    0.850  0.848  3.7269  3.379    3  0.000  0.537     0.00     0.00     0.00     0.00     0.00 -1 -1.94e-12      0.00 7.539e-01 2.445e-01 2.786e-04 7.619e-05 6.921e-04 -1.000 1.587e-03 2.649 4.023 3.087 2.587 2.431 2.370 2.351
0.0015467 -1.00000 10.03342 0.8527450562 2.4358666459    0.851  0.898  3.7251  3.322    3  0.000  0.536     0.00     0.00     0.00     0.00     0.00 -1 -2.33e-12      0.00 7.518e-01 2.467e-01 2.790e-04 7.648e-05 6.940e-04 -1.000 1.564e-03 2.524 3.915 2.970 2.464 2.306 2.242 2.222
0.0015467 -1.00000 10.03342 0.8532385826 2.4360155707    0.851  0.943  3.7237  3.271    3  0.000  0.535     0.00     0.00     0.00     0.00     0.00 -1 -2.74e-12      0.00 7.498e-01 2.486e-01 2.788e-04 7.688e-05 6.954e-04 -1.000 1.543e-03 2.412 3.816 2.863 2.352 2.192 2.127 2.106
0.0015467 -1.00000 10.03342 0.8537389040 2.4361663438    0.851  0.993  3.7221  3.216    3  0.000  0.532     0.00     0.00     0.00     0.00     0.00 -1 -3.27e-12      0.00 7.479e-01 2.506e-01 2.777e-04 7.778e-05 6.966e-04 -1.000 1.555e-03 2.287 3.706 2.745 2.230 2.067 2.000 1.978
0.0015467 -1.00000 10.03342 0.8541908264 2.4363023572    0.852  1.042  3.7206  3.161    3  0.000  0.527     0.00     0.00     0.00     0.00     0.00 -1 -3.89e-12      0.00 7.460e-01 2.524e-01 2.756e-04 7.959e-05 6.976e-04 -1.000 1.582e-03 2.166 3.599 2.630 2.110 1.945 1.876 1.853
0.0015467 -1.00000 10.03342 0.8546272516 2.4364335495    0.852  1.093  3.7190  3.104    3  0.000  0.522     0.00     0.00     0.00     0.00     0.00 -1 -4.67e-12      0.00 7.444e-01 2.540e-01 2.729e-04 8.229e-05 6.983e-04 -1.000 1.616e-03 2.038 3.487 2.509 1.984 1.816 1.745 1.722
0.0015467 -1.00000 10.03342 0.8549981713 2.4365449293    0.852  1.140  3.7174  3.050    3  0.000  0.516     0.00     0.00     0.00     0.00     0.00 -1 -5.54e-12      0.00 7.431e-01 2.553e-01 2.703e-04 8.525e-05 6.989e-04 -1.000 1.596e-03 1.920 3.385 2.398 1.868 1.697 1.625 1.600
0.0015467 -1.00000 10.03342 0.8553389311 2.4366471547    0.853  1.188  3.7158  2.996    3  0.000  0.511     0.00     0.00     0.00     0.00     0.00 -1 -6.58e-12      0.00 7.420e-01 2.564e-01 2.676e-04 8.851e-05 6.994e-04 -1.000 1.608e-03 1.801 3.284 2.287 1.751 1.578 1.503 1.478
0.0015467 -1.00000 10.03342 0.8556509018 2.4367406616    0.853  1.235  3.7141  2.943    3  0.000  0.506     0.00     0.00     0.00     0.00     0.00 -1 -7.81e-12      0.00 7.410e-01 2.574e-01 2.651e-04 9.152e-05 6.998e-04 -1.000 1.613e-03 1.683 3.185 2.177 1.634 1.459 1.382 1.356
0.0015467 -1.00000 10.03342 0.8559441566 2.4368284873    0.853  1.284  3.7123  2.887    3  0.000  0.502     0.00     0.00     0.00     0.00     0.00 -1 -9.31e-12      0.00 7.403e-01 2.581e-01 2.634e-04 9.374e-05 7.000e-04 -1.000 1.559e-03 1.561 3.084 2.064 1.515 1.336 1.257 1.230
0.0015467 -1.00000 10.03342 0.8561913967 2.4369024784    0.853  1.328  3.7106  2.835    3  0.000  0.500     0.00     0.00     0.00     0.00     0.00 -1 -1.09e-11      0.00 7.399e-01 2.585e-01 2.622e-04 9.523e-05 7.002e-04 -1.000 1.551e-03 1.450 2.992 1.961 1.406 1.224 1.142 1.114
0.0015467 -1.00000 10.03342 0.8564295173 2.4369736940    0.853  1.375  3.7088  2.782    3  0.000  0.497     0.00     0.00     0.00     0.00     0.00 -1  -1.3e-11      0.00 7.395e-01 2.589e-01 2.611e-04 9.662e-05 7.004e-04 -1.000 1.615e-03 1.333 2.897 1.854 1.292 1.107 1.023 0.994
0.0015467 -1.00000 10.03342 0.8566506505 2.4370397883    0.853  1.422  3.7068  2.726    3  0.000  0.496     0.00     0.00     0.00     0.00     0.00 -1 -1.54e-11      0.00 7.393e-01 2.591e-01 2.607e-04 9.717e-05 7.004e-04 -1.000 1.567e-03 1.215 2.803 1.746 1.176 0.988 0.901 0.871
0.0015467 -1.00000 10.03342 0.8568491936 2.4370990972    0.853  1.468  3.7049  2.672    3  0.000  0.496     0.00     0.00     0.00     0.00     0.00 -1 -1.82e-11      0.00 7.392e-01 2.592e-01 2.605e-04 9.745e-05 7.004e-04 -1.000 1.619e-03 1.099 2.711 1.640 1.063 0.872 0.783 0.751
0.0015467 -1.00000 10.03342 0.8570316434 2.4371535709    0.853  1.515  3.7028  2.618    3  0.000  0.496     0.00     0.00     0.00     0.00     0.00 -1 -2.16e-11      0.00 7.392e-01 2.592e-01 2.604e-04 9.752e-05 7.005e-04 -1.000 1.620e-03 0.983 2.620 1.535 0.951 0.755 0.663 0.631
0.0015467 -1.00000 10.03342 0.8571887016 2.4372004421    0.853  1.558  3.7009  2.566    3  0.000  0.496     0.00     0.00     0.00     0.00     0.00 -1 -2.54e-11      0.00 7.392e-01 2.592e-01 2.604e-04 9.757e-05 7.005e-04 -1.000 1.620e-03 0.874 2.535 1.437 0.845 0.646 0.552 0.518
0.0015467 -1.00000 10.03342 0.8573418856 2.4372461381    0.853  1.604  3.6988  2.512    3  0.000  0.496     0.00     0.00     0.00     0.00     0.00 -1    -3e-11      0.00 7.391e-01 2.592e-01 2.604e-04 9.761e-05 7.005e-04 -1.000 1.620e-03 0.760 2.447 1.334 0.734 0.532 0.434 0.399
0.0015467 -1.00000 10.03342 0.8574776649 2.4372866264    0.853  1.648  3.6967  2.460    3  0.000  0.496     0.00     0.00     0.00     0.00     0.00 -1 -3.53e-11      0.00 7.391e-01 2.592e-01 2.604e-04 9.765e-05 7.005e-04 -1.000 1.620e-03 0.649 2.368 1.236 0.627 0.421 0.321 0.285
0.0015467 -1.00000 10.03342 0.8576055765 2.4373247552    0.853  1.693  3.6945  2.406    3  0.000  0.496     0.00     0.00     0.00     0.00     0.00 -1 -4.16e-11      0.00 7.391e-01 2.592e-01 2.603e-04 9.768e-05 7.005e-04 -1.000 1.619e-03 0.537 2.289 1.137 0.518 0.308 0.205 0.167
0.0015467 -1.00000 10.03342 0.8577231765 2.4373597986    0.853  1.738  3.6922  2.352    3  0.000  0.496     0.00     0.00     0.00     0.00     0.00 -1 -4.91e-11      0.00 7.391e-01 2.593e-01 2.603e-04 9.771e-05 7.005e-04 -1.000 1.619e-03 0.425 2.211 1.039 0.410 0.195 0.090 0.051
0.0015467 -1.00000 10.03342 0.8578290343 2.4373913336    0.853  1.781  3.6900  2.300    3  0.000  0.496     0.00     0.00     0.00     0.00     0.00 -1 -5.76e-11      0.00 7.391e-01 2.593e-01 2.603e-04 9.774e-05 7.005e-04 -1.000 1.619e-03 0.318 2.137 0.944 0.306 0.087 -0.021 -0.061
0.0015467 -1.00000 10.03342 0.8579329252 2.4374222740    0.853  1.825  3.6877  2.247    3  0.000  0.496     0.00     0.00     0.00     0.00     0.00 -1 -6.78e-11      0.00 7.391e-01 2.593e-01 2.603e-04 9.777e-05 7.005e-04 -1.000 1.619e-03 0.208 2.066 0.850 0.200 -0.022 -0.134 -0.176
0.0015467 -1.00000 10.03342 0.8580312133 2.4374515378    0.853  1.865  3.6856  2.199    3  0.000  0.496     0.00     0.00     0.00     0.00     0.00 -1 -7.85e-11      0.00 7.391e-01 2.593e-01 2.603e-04 9.780e-05 7.005e-04 -1.000 1.619e-03 0.108 2.002 0.765 0.105 -0.121 -0.236 -0.278
0.0015467 -1.00000 10.03342 0.8581566215 2.4374888650    0.852  1.899  3.6839  2.157    3  0.000  0.496     0.00     0.00     0.00     0.00     0.00 -1 -8.98e-11      0.00 7.391e-01 2.593e-01 2.602e-04 9.783e-05 7.005e-04 -1.000 1.619e-03 0.022 1.943 0.690 0.022 -0.207 -0.324 -0.368
0.0015467 -1.00000 10.03342 0.8582283258 2.4375102018    0.852  1.878  3.6854  2.184    3  0.000  0.495     0.00     0.00     0.00     0.00     0.00 -1 -8.36e-11      0.00 7.391e-01 2.593e-01 2.602e-04 9.785e-05 7.005e-04 -1.000 1.619e-03 0.075 1.971 0.732 0.072 -0.155 -0.270 -0.313
0.0015467 -1.00000 10.03342 0.8582627177 2.4375204343    0.852  1.866  3.6863  2.199    3  0.000  0.495     0.00     0.00     0.00     0.00     0.00 -1 -7.98e-11      0.00 7.391e-01 2.593e-01 2.602e-04 9.786e-05 7.005e-04 -1.000 1.619e-03 0.105 1.987 0.756 0.100 -0.125 -0.239 -0.281
0.0015467 -1.00000 10.03342 0.8583268523 2.4375395134    0.852  1.903  3.6843  2.154    3  0.000  0.495     0.00     0.00     0.00     0.00     0.00 -1 -9.05e-11      0.00 7.391e-01 2.593e-01 2.602e-04 9.788e-05 7.006e-04 -1.000 1.618e-03 0.012 1.928 0.678 0.012 -0.217 -0.333 -0.377
0.0015467 -1.00000 10.03342 0.8583977818 2.4375606101    0.852  1.945  3.6819  2.103    3  0.000  0.495     0.00     0.00     0.00     0.00     0.00 -1 -1.05e-10      0.00 7.391e-01 2.593e-01 2.602e-04 9.790e-05 7.006e-04 -1.000 1.618e-03 -0.091 1.864 0.590 -0.087 -0.320 -0.439 -0.485
0.0015467 -1.00000 10.03342 0.8584661484 2.4375809406    0.851  1.987  3.6795  2.051    3  0.000  0.495     0.00     0.00     0.00     0.00     0.00 -1 -1.23e-10      0.00 7.391e-01 2.593e-01 2.602e-04 9.792e-05 7.006e-04 -1.000 1.618e-03 -0.197 1.798 0.501 -0.187 -0.424 -0.548 -0.594
0.0015467 -1.00000 10.03342 0.8585287333 2.4375995486    0.851  2.028  3.6770  2.000    3  0.000  0.495     0.00     0.00     0.00     0.00     0.00 -1 -1.44e-10      0.00 7.391e-01 2.593e-01 2.602e-04 9.793e-05 7.006e-04 -1.000 1.618e-03 -0.301 1.738 0.416 -0.285 -0.527 -0.654 -0.702
0.0015467 -1.00000 10.03342 0.8585879207 2.4376171436    0.851  2.070  3.6746  1.948    3  0.000  0.495     0.00     0.00     0.00     0.00     0.00 -1 -1.68e-10      0.00 7.391e-01 2.593e-01 2.601e-04 9.795e-05 7.006e-04 -1.000 1.618e-03 -0.405 1.690 0.330 -0.387 -0.633 -0.763 -0.813
0.0015467 -1.00000 10.03342 0.8586413264 2.4376330174    0.850  2.111  3.6720  1.897    3  0.000  0.495     0.00     0.00     0.00     0.00     0.00 -1 -1.96e-10      0.00 7.391e-01 2.593e-01 2.601e-04 9.796e-05 7.006e-04 -1.000 1.618e-03 -0.506 1.648 0.250 -0.486 -0.735 -0.868 -0.920
0.0015467 -1.00000 10.03342 0.8586909175 2.4376477554    0.850  2.151  3.6695  1.846    3  0.000  0.495     0.00     0.00     0.00     0.00     0.00 -1 -2.28e-10      0.00 7.391e-01 2.593e-01 2.601e-04 9.798e-05 7.006e-04 -1.000 1.618e-03 -0.608 1.607 0.169 -0.585 -0.838 -0.973 -1.027
0.0015467 -1.00000 10.03342 0.8587364554 2.4376612871    0.849  2.192  3.6669  1.795    3  0.000  0.495     0.00     0.00     0.00     0.00     0.00 -1 -2.66e-10      0.00 7.391e-01 2.593e-01 2.601e-04 9.799e-05 7.006e-04 -1.000 1.618e-03 -0.709 1.572 0.092 -0.681 -0.939 -1.077 -1.132
0.0015467 -1.00000 10.03342 0.8587785959 2.4376738077    0.849  2.232  3.6644  1.745    3  0.000  0.495     0.00     0.00     0.00     0.00     0.00 -1 -3.09e-10      0.00 7.391e-01 2.593e-01 2.601e-04 9.800e-05 7.006e-04 -1.000 1.618e-03 -0.809 1.539 0.015 -0.777 -1.039 -1.180 -1.237
0.0015467 -1.00000 10.03342 0.8588168621 2.4376851760    0.848  2.271  3.6618  1.695    3  0.000  0.495     0.00     0.00     0.00     0.00     0.00 -1 -3.58e-10      0.00 7.391e-01 2.593e-01 2.601e-04 9.801e-05 7.006e-04 -1.000 1.618e-03 -0.907 1.510 -0.058 -0.870 -1.135 -1.280 -1.339
0.0015467 -1.00000 10.03342 0.8588530421 2.4376959235    0.848  2.310  3.6592  1.645    3  0.000  0.495     0.00     0.00     0.00     0.00     0.00 -1 -4.15e-10      0.00 7.391e-01 2.593e-01 2.601e-04 9.802e-05 7.006e-04 -1.000 1.618e-03 -1.006 1.482 -0.131 -0.963 -1.233 -1.381 -1.442
0.0015467 -1.00000 10.03342 0.8588860035 2.4377057139    0.847  2.349  3.6566  1.595    3  0.000  0.495     0.00     0.00     0.00     0.00     0.00 -1 -4.81e-10      0.00 7.390e-01 2.593e-01 2.601e-04 9.803e-05 7.006e-04 -1.000 1.618e-03 -1.102 1.461 -0.201 -1.053 -1.327 -1.479 -1.542
0.0015467 -1.00000 10.03342 0.8589165211 2.4377147777    0.847  2.388  3.6539  1.546    3  0.000  0.495     0.00     0.00     0.00     0.00     0.00 -1 -5.57e-10      0.00 7.390e-01 2.593e-01 2.601e-04 9.804e-05 7.006e-04 -1.000 1.618e-03 -1.199 1.440 -0.269 -1.143 -1.421 -1.576 -1.642
0.0015467 -1.00000 10.03342 0.8589445949 2.4377231151    0.846  2.425  3.6513  1.497    3  0.000  0.495     0.00     0.00     0.00     0.00     0.00 -1 -6.43e-10      0.00 7.390e-01 2.593e-01 2.601e-04 9.804e-05 7.006e-04 -1.000 1.618e-03 -1.294 1.424 -0.336 -1.230 -1.513 -1.671 -1.740
0.0015467 -1.00000 10.03342 0.8589766026 2.4377326199    0.845  2.472  3.6480  1.437    3  0.000  0.495     0.00     0.00     0.00     0.00     0.00 -1 -7.67e-10      0.00 7.390e-01 2.593e-01 2.601e-04 9.805e-05 7.006e-04 -1.000 1.618e-03 -1.411 1.402 -0.415 -1.333 -1.624 -1.788 -1.859
0.0015467 -1.00000 10.03342 0.8590006828 2.4377397702    0.844  2.510  3.6454  1.388    3  0.000  0.495     8.65     6.63     4.68     3.62     2.93  3 -8.87e-10      0.00 7.390e-01 2.593e-01 2.601e-04 9.806e-05 7.006e-04 -1.000 1.618e-03 -1.505 1.384 -0.478 -1.415 -1.713 -1.882 -1.955
0.0015467 -1.00000 10.03342 0.8590271473 2.4377476278    0.843  2.555  3.6421  1.329    3  0.000  0.495     9.78     7.37     5.17     4.00     3.24  3 -1.05e-09      0.00 7.390e-01 2.593e-01 2.601e-04 9.807e-05 7.006e-04 -1.000 1.618e-03 -1.617 1.368 -0.550 -1.512 -1.819 -1.993 -2.069
0.0015467 -1.00000 10.03342 0.8590521216 2.4377550425    0.842  2.600  3.6388  1.270    3  0.000  0.495    11.09     8.20     5.73     4.44     3.60  3 -1.25e-09      0.00 7.390e-01 2.593e-01 2.601e-04 9.807e-05 7.006e-04 -1.000 1.617e-03 -1.731 1.351 -0.624 -1.611 -1.926 -2.106 -2.185
0.0015467 -1.00000 10.03342 0.8590710759 2.4377606696    0.841  2.638  3.6361  1.221    3  0.000  0.495    12.28     8.95     6.22     4.84     3.92  3 -1.44e-09      0.00 7.390e-01 2.593e-01 2.601e-04 9.808e-05 7.006e-04 -1.000 1.617e-03 -1.824 1.338 -0.683 -1.690 -2.013 -2.198 -2.278
0.0015467 -1.00000 10.03342 0.8590917587 2.4377668095    0.839  2.681  3.6328  1.164    3  0.000  0.495    13.84     9.92     6.87     5.34     4.33  3  -1.7e-09      0.00 7.390e-01 2.593e-01 2.600e-04 9.808e-05 7.006e-04 -1.000 1.617e-03 -1.932 1.327 -0.749 -1.781 -2.113 -2.305 -2.387
0.0015467 -1.00000 10.03342 0.8591114283 2.4377726482    0.838  2.725  3.6295  1.106    3  0.000  0.495    15.65    11.02     7.59     5.92     4.80  3 -2.02e-09      0.00 7.390e-01 2.593e-01 2.600e-04 9.809e-05 7.006e-04 -1.000 1.617e-03 -2.043 1.317 -0.816 -1.874 -2.216 -2.413 -2.499
0.0015467 -1.00000 10.03342 0.8591300249 2.4377781682    0.836  2.770  3.6261  1.046    3  0.000  0.495    17.74    12.27     8.41     6.57     5.32  2  -2.4e-09      0.00 7.390e-01 2.593e-01 2.600e-04 9.809e-05 7.006e-04 -1.000 1.617e-03 -2.156 1.307 -0.882 -1.968 -2.319 -2.523 -2.612
0.0015467 -1.00000 10.03342 0.8591459990 2.4377829096    0.834  2.812  3.6228  0.991    3  0.000  0.495    19.94    13.56     9.25     7.24     5.87  2 -2.82e-09      0.00 7.390e-01 2.594e-01 2.600e-04 9.810e-05 7.006e-04 -1.000 1.617e-03 -2.260 1.304 -0.939 -2.052 -2.413 -2.624 -2.715
0.0015467 -1.00000 10.03342 0.8591612577 2.4377874384    0.832  2.854  3.6195  0.934    3  0.000  0.495    22.46    15.01    10.20     7.99     6.48  2 -3.33e-09      0.00 7.390e-01 2.594e-01 2.600e-04 9.810e-05 7.006e-04 -1.000 1.617e-03 -2.366 1.306 -0.994 -2.137 -2.510 -2.727 -2.821
0.0015467 -1.00000 10.03342 0.8591757417 2.4377917371    0.830  2.898  3.6161  0.876    3  0.000  0.495    25.37    16.66    11.26     8.84     7.17  2 -3.93e-09      0.00 7.390e-01 2.594e-01 2.600e-04 9.811e-05 7.006e-04 -1.000 1.617e-03 -2.474 1.308 -1.047 -2.222 -2.607 -2.832 -2.928
0.0015467 -1.00000 10.03342 0.8591887951 2.4377956111    0.827  2.940  3.6129  0.820    3  0.000  0.495    28.54    18.42    12.40     9.74     7.91  2 -4.63e-09      0.00 7.390e-01 2.594e-01 2.600e-04 9.811e-05 7.006e-04 -1.000 1.617e-03 -2.579 1.310 -1.097 -2.304 -2.701 -2.932 -3.032
0.0015467 -1.00000 10.03342 0.8592008352 2.4377991842    0.825  2.981  3.6096  0.764    3  0.000  0.495    32.08    20.36    13.64    10.73     8.71  2 -5.43e-09      0.00 7.390e-01 2.594e-01 2.600e-04 9.811e-05 7.006e-04 -1.000 1.617e-03 -2.682 1.313 -1.146 -2.383 -2.793 -3.031 -3.133
0.0015467 -1.00000 10.03342 0.8592121005 2.4378025273    0.822  3.022  3.6063  0.708    3  0.000  0.495    36.05    22.49    15.00    11.82     9.60  1 -6.38e-09      0.00 7.390e-01 2.594e-01 2.600e-04 9.812e-05 7.006e-04 -1.000 1.617e-03 -2.784 1.312 -1.191 -2.461 -2.884 -3.130 -3.234
0.0015467 -1.00000 10.03342 0.8592230082 2.4378057642    0.819  3.064  3.6030  0.651    3  0.000  0.495    40.63    24.91    16.54    13.06    10.60  1 -7.52e-09      0.00 7.390e-01 2.594e-01 2.600e-04 9.812e-05 7.006e-04 -1.000 1.617e-03 -2.890 1.309 -1.237 -2.540 -2.977 -3.230 -3.338
0.0015467 -1.00000 10.03342 0.8592324853 2.4378085764    0.815  3.103  3.5998  0.598    3  0.000  0.495    45.47    27.42    18.12    14.33    11.64  1 -8.77e-09      0.00 7.390e-01 2.594e-01 2.600e-04 9.812e-05 7.006e-04 -1.000 1.617e-03 -2.987 1.310 -1.277 -2.612 -3.062 -3.322 -3.433
0.0015467 -1.00000 10.03342 0.8592417836 2.4378113356    0.811  3.143  3.5966  0.542    3  0.000  0.495    51.07    30.27    19.91    15.77    12.81  1 -1.03e-08      0.00 7.390e-01 2.594e-01 2.600e-04 9.812e-05 7.006e-04 -1.000 1.617e-03 -3.088 1.302 -1.316 -2.685 -3.149 -3.418 -3.531
0.0015467 -1.00000 10.03342 0.8592504859 2.4378139178    0.807  3.183  3.5933  0.487    3  0.000  0.495    57.39    33.43    21.89    17.37    14.11  1 -1.21e-08      0.00 7.390e-01 2.594e-01 2.600e-04 9.813e-05 7.006e-04 -1.000 1.617e-03 -3.189 1.294 -1.352 -2.756 -3.236 -3.513 -3.629
0.0015467 -1.00000 10.03342 0.8592585325 2.4378163054    0.803  3.222  3.5901  0.432    3  0.000  0.495    64.33    36.83    24.01    19.08    15.51  1 -1.41e-08      0.00 7.390e-01 2.594e-01 2.600e-04 9.813e-05 7.006e-04 -1.000 1.617e-03 -3.286 1.287 -1.381 -2.823 -3.320 -3.605 -3.724
0.0015467 -1.00000 10.03342 0.8592658639 2.4378184807    0.798  3.260  3.5869  0.379    3  0.000  0.495    71.92    40.49    26.28    20.92    17.00  1 -1.64e-08      0.00 7.390e-01 2.594e-01 2.600e-04 9.813e-05 7.006e-04 -1.000 1.617e-03 -3.381 1.275 -1.404 -2.884 -3.400 -3.694 -3.816
0.0015467 -1.00000 10.03342 0.8592727184 2.4378205145    0.792  3.297  3.5837  0.327    3  0.000  0.495    80.18    44.40    28.69    22.87    18.60  1  -1.9e-08      0.00 7.390e-01 2.594e-01 2.600e-04 9.813e-05 7.006e-04 -1.000 1.617e-03 -3.472 1.261 -1.425 -2.942 -3.477 -3.779 -3.904
0.0015467 -1.00000 10.03342 0.8592795134 2.4378225306    0.786  3.333  3.5807  0.276    3  0.000  0.495    89.28    48.62    31.29    24.98    20.32  1  -2.2e-08      0.00 7.390e-01 2.594e-01 2.600e-04 9.813e-05 7.006e-04 -1.000 1.617e-03 -3.562 1.243 -1.447 -3.000 -3.553 -3.864 -3.992
0.0015467 -1.00000 10.03342 0.8592810631 2.4378229904    0.785  3.340  3.5801  0.265    3  0.000  0.495    91.22    49.51    31.84    25.43    20.68  1 -2.28e-08      0.00 7.390e-01 2.594e-01 2.600e-04 9.813e-05 7.006e-04 -1.000 1.617e-03 -3.579 1.241 -1.450 -3.010 -3.567 -3.880 -4.008
0.0015467 -1.00000 10.03342 0.8592810631 2.4378229904    0.785  1.740  3.7298  2.464    4  0.000  0.513     0.00     0.00     0.00     0.00     0.00 -1    -1e-30      0.00 7.390e-01 2.595e-01 2.699e-04 8.885e-05 7.035e-04 -1.000 1.566e-03 0.420 1.743 0.836 0.359 0.209 0.149 0.130
0.0015467 -1.00000 10.03342 0.8593437076 2.4378415755    0.785  1.756  3.7287  2.444    4  0.000  0.513     0.00     0.00     0.00     0.00     0.00 -1    -1e-30      0.00 7.390e-01 2.595e-01 2.699e-04 8.885e-05 7.035e-04 -1.000 1.566e-03 0.380 1.717 0.801 0.319 0.168 0.107 0.087
0.0015467 -1.00000 10.03342 0.8594043255 2.4378595565    0.785  1.760  3.7285  2.439    4  0.000  0.513     0.00     0.00     0.00     0.00     0.00 -1    -1e-30      0.00 7.390e-01 2.595e-01 2.699e-04 8.885e-05 7.035e-04 -1.000 1.566e-03 0.371 1.710 0.793 0.311 0.159 0.097 0.078
0.0015467 -1.00000 10.03342 0.8594661355 2.4378778880    0.785  1.761  3.7286  2.438    4  0.000  0.513     0.00     0.00     0.00     0.00     0.00 -1    -1e-30      0.00 7.390e-01 2.595e-01 2.699e-04 8.885e-05 7.035e-04 -1.000 1.566e-03 0.367 1.705 0.789 0.306 0.155 0.093 0.074
0.0015467 -1.00000 10.03342 0.8595281839 2.4378962871    0.785  1.762  3.7289  2.439    4  0.000  0.513     0.00     0.00     0.00     0.00     0.00 -1    -1e-30      0.00 7.390e-01 2.595e-01 2.699e-04 8.885e-05 7.035e-04 -1.000 1.566e-03 0.365 1.700 0.786 0.305 0.154 0.092 0.073
0.0015467 -1.00000 10.03342 0.8595907688 2.4379148423    0.785  1.762  3.7294  2.441    4  0.000  0.513     0.00     0.00     0.00     0.00     0.00 -1    -1e-30      0.00 7.390e-01 2.595e-01 2.699e-04 8.885e-05 7.035e-04 -1.000 1.566e-03 0.366 1.696 0.784 0.305 0.155 0.094 0.075
0.0015467 -1.00000 10.03342 0.8596543074 2.4379336770    0.785  1.761  3.7300  2.444    4  0.000  0.513     0.00     0.00     0.00     0.00     0.00 -1    -1e-30      0.00 7.390e-01 2.595e-01 2.699e-04 8.885e-05 7.035e-04 -1.000 1.566e-03 0.368 1.691 0.784 0.307 0.158 0.098 0.079
0.0015467 -1.00000 10.03342 0.8597167134 2.4379521729    0.785  1.760  3.7306  2.448    4  0.000  0.513     0.00     0.00     0.00     0.00     0.00 -1    -1e-30      0.00 7.390e-01 2.595e-01 2.699e-04 8.885e-05 7.035e-04 -1.000 1.566e-03 0.371 1.687 0.784 0.309 0.161 0.102 0.084
0.0015467 -1.00000 10.03342 0.8597808480 2.4379711779    0.785  1.758  3.7313  2.452    4  0.000  0.513     0.00     0.00     0.00     0.00     0.00 -1    -1e-30      0.00 7.390e-01 2.595e-01 2.699e-04 8.885e-05 7.035e-04 -1.000 1.566e-03 0.374 1.683 0.784 0.312 0.166 0.107 0.089
0.0015467 -1.00000 10.03342 0.8598412275 2.4379890671    0.785  1.757  3.7320  2.456    4  0.000  0.513     0.00     0.00     0.00     0.00     0.00 -1    -1e-30      0.00 7.390e-01 2.595e-01 2.699e-04 8.885e-05 7.035e-04 -1.000 1.566e-03 0.377 1.679 0.784 0.315 0.169 0.111 0.093
0.0015467 -1.00000 10.03342 0.8599067926 2.4380084895    0.785  1.756  3.7327  2.460    4  0.000  0.513     0.00     0.00     0.00     0.00     0.00 -1    -1e-30      0.00 7.390e-01 2.595e-01 2.699e-04 8.886e-05 7.035e-04 -1.000 1.566e-03 0.380 1.675 0.784 0.317 0.173 0.116 0.098
0.0015467 -1.00000 10.03342 0.8599647284 2.4380256490    0.786  1.755  3.7332  2.463    4  0.000  0.513     0.00     0.00     0.00     0.00     0.00 -1    -1e-30      0.00 7.390e-01 2.595e-01 2.699e-04 8.886e-05 7.035e-04 -1.000 1.566e-03 0.382 1.671 0.783 0.319 0.176 0.119 0.102
0.0015467 -1.00000 10.03342 0.8600286841 2.4380445884    0.786  1.754  3.7338  2.466    4  0.000  0.513     0.00     0.00     0.00     0.00     0.00 -1    -1e-30      0.00 7.390e-01 2.595e-01 2.699e-04 8.886e-05 7.035e-04 -1.000 1.566e-03 0.384 1.668 0.783 0.321 0.178 0.123 0.106
0.0015467 -1.00000 10.03342 0.8600907326 2.4380629599    0.786  1.754  3.7343  2.469    4  0.000  0.513     0.00     0.00     0.00     0.00     0.00 -1    -1e-30      0.00 7.390e-01 2.595e-01 2.699e-04 8.886e-05 7.035e-04 -1.000 1.566e-03 0.386 1.664 0.783 0.323 0.181 0.125 0.109
0.0015467 -1.00000 10.03342 0.8601522446 2.4380811696    0.786  1.753  3.7347  2.471    4  0.000  0.513     0.00     0.00     0.00     0.00     0.00 -1    -1e-30      0.00 7.390e-01 2.595e-01 2.699e-04 8.886e-05 7.035e-04 -1.000 1.566e-03 0.387 1.661 0.782 0.324 0.182 0.127 0.111
0.0015467 -1.00000 10.03342 0.8601662517 2.4380853158    0.786  1.753  3.7348  2.472    4  0.000  0.513     0.00     0.00     0.00     0.00     0.00 -1    -1e-30      0.00 7.390e-01 2.595e-01 2.699e-04 8.886e-05 7.035e-04 -1.000 1.566e-03 0.388 1.660 0.782 0.324 0.183 0.128 0.112
0.0015467 -1.00000 10.03342 0.8602263331 2.4381030984    0.786  1.753  3.7352  2.473    4  0.000  0.513     0.00     0.00     0.00     0.00     0.00 -1    -1e-30      0.00 7.390e-01 2.595e-01 2.699e-04 8.886e-05 7.035e-04 -1.000 1.566e-03 0.388 1.657 0.781 0.324 0.184 0.129 0.113
0.0015467 -1.00000 10.03342 0.8602919579 2.4381225184    0.786  1.753  3.7354  2.474    4  0.000  0.513     0.00     0.00     0.00     0.00     0.00 -1    -1e-30      0.00 7.390e-01 2.595e-01 2.699e-04 8.886e-05 7.035e-04 -1.000 1.566e-03 0.388 1.654 0.779 0.324 0.184 0.130 0.114
0.0015467 -1.00000 10.03342 0.8603512645 2.4381400658    0.786  1.753  3.7356  2.475    4  0.000  0.513     0.00     0.00     0.00     0.00     0.00 -1    -1e-30      0.00 7.390e-01 2.595e-01 2.699e-04 8.886e-05 7.035e-04 -1.000 1.566e-03 0.387 1.652 0.778 0.323 0.183 0.129 0.113
0.0015467 -1.00000 10.03342 0.8604137897 2.4381585626    0.786  1.754  3.7357  2.474    4  0.000  0.513     0.00     0.00     0.00     0.00     0.00 -1    -1e-30      0.00 7.390e-01 2.595e-01 2.699e-04 8.886e-05 7.035e-04 -1.000 1.566e-03 0.385 1.649 0.776 0.321 0.182 0.128 0.112
0.0015467 -1.00000 10.03342 0.8604764938 2.4381771091    0.786  1.755  3.7357  2.474    4  0.000  0.513     0.00     0.00     0.00     0.00     0.00 -1    -1e-30      0.00 7.390e-01 2.595e-01 2.699e-04 8.886e-05 7.035e-04 -1.000 1.566e-03 0.383 1.647 0.773 0.319 0.179 0.125 0.109
0.0015467 -1.00000 10.03342 0.8605404496 2.4381960226    0.786  1.756  3.7356  2.472    4  0.000  0.513     0.00     0.00     0.00     0.00     0.00 -1    -1e-30      0.00 7.390e-01 2.595e-01 2.699e-04 8.886e-05 7.035e-04 -1.000 1.566e-03 0.380 1.645 0.771 0.315 0.176 0.122 0.106
0.0015467 -1.00000 10.03342 0.8606050611 2.4382151268    0.786  1.758  3.7353  2.469    4  0.000  0.513     0.00     0.00     0.00     0.00     0.00 -1    -1e-30      0.00 7.390e-01 2.595e-01 2.699e-04 8.886e-05 7.035e-04 -1.000 1.566e-03 0.375 1.643 0.767 0.311 0.171 0.117 0.100
0.0015467 -1.00000 10.03342 0.8606163263 2.4382184573    0.786  1.758  3.7353  2.468    4  0.000  0.513     0.00     0.00     0.00     0.00     0.00 -1    -1e-30      0.00 7.390e-01 2.595e-01 2.699e-04 8.886e-05 7.035e-04 -1.000 1.566e-03 0.374 1.642 0.766 0.310 0.170 0.116 0.099
0.0015467 -1.00000 10.03342 0.8606312275 2.4382228626    0.786  1.759  3.7352  2.468    4  0.000  0.513     0.00     0.00     0.00     0.00     0.00 -1    -1e-30      0.00 7.390e-01 2.595e-01 2.699e-04 8.886e-05 7.035e-04 -1.000 1.566e-03 0.373 1.642 0.765 0.309 0.168 0.114 0.098
0.0015467 -1.00000 10.03342 0.8606931567 2.4382411693    0.786  1.761  3.7348  2.464    4  0.000  0.513     0.00     0.00     0.00     0.00     0.00 -1    -1e-30      0.00 7.390e-01 2.595e-01 2.699e-04 8.886e-05 7.035e-04 -1.000 1.566e-03 0.367 1.640 0.761 0.303 0.162 0.107 0.091
0.0015467 -1.00000 10.03342 0.8607536554 2.4382590502    0.786  1.764  3.7344  2.459    4  0.000  0.513     0.00     0.00     0.00     0.00     0.00 -1    -1e-30      0.00 7.390e-01 2.595e-01 2.699e-04 8.886e-05 7.035e-04 -1.000 1.566e-03 0.360 1.638 0.756 0.296 0.154 0.099 0.082
0.0015467 -1.00000 10.03342 0.8608159423 2.4382774566    0.786  1.767  3.7338  2.453    4  0.000  0.513     0.00     0.00     0.00     0.00     0.00 -1    -1e-30      0.00 7.390e-01 2.595e-01 2.699e-04 8.886e-05 7.035e-04 -1.000 1.566e-03 0.351 1.635 0.750 0.288 0.145 0.089 0.072
0.0015467 -1.00000 10.03342 0.8608760834 2.4382952260    0.787  1.771  3.7332  2.448    4  0.000  0.513     0.00     0.00     0.00     0.00     0.00 -1    -1e-30      0.00 7.390e-01 2.595e-01 2.699e-04 8.886e-05 7.035e-04 -1.000 1.566e-03 0.342 1.632 0.743 0.279 0.135 0.079 0.061
0.0015467 -1.00000 10.03342 0.8609378934 2.4383134855    0.787  1.776  3.7324  2.440    4  0.000  0.513     0.00     0.00     0.00     0.00     0.00 -1    -1e-30      0.00 7.390e-01 2.595e-01 2.699e-04 8.886e-05 7.035e-04 -1.000 1.566e-03 0.331 1.629 0.735 0.268 0.123 0.066 0.048
0.0015467 -1.00000 10.03342 0.8609977365 2.4383311611    0.787  1.781  3.7316  2.431    4  0.000  0.513     0.00     0.00     0.00     0.00     0.00 -1    -1e-30      0.00 7.390e-01 2.595e-01 2.699e-04 8.886e-05 7.035e-04 -1.000 1.566e-03 0.318 1.626 0.726 0.255 0.109 0.051 0.033
0.0015467 -1.00000 10.03342 0.8610579967 2.4383489571    0.787  1.786  3.7306  2.422    4  0.000  0.513     0.00     0.00     0.00     0.00     0.00 -1    -1e-30      0.00 7.390e-01 2.595e-01 2.699e-04 8.886e-05 7.035e-04 -1.000 1.566e-03 0.304 1.621 0.716 0.242 0.094 0.035 0.016
0.0015467 -1.00000 10.03342 0.8611182570 2.4383667502    0.787  1.792  3.7298  2.413    4  0.000  0.513     0.00     0.00     0.00     0.00     0.00 -1    -1e-30      0.00 7.390e-01 2.595e-01 2.699e-04 8.886e-05 7.035e-04 -1.000 1.566e-03 0.290 1.616 0.706 0.228 0.079 0.019 -0.000
0.0015467 -1.00000 10.03342 0.8611784577 2.4383845228    0.787  1.799  3.7288  2.402    4  0.000  0.513     0.00     0.00     0.00     0.00     0.00 -1    -1e-30      0.00 7.390e-01 2.595e-01 2.699e-04 8.886e-05 7.035e-04 -1.000 1.566e-03 0.272 1.610 0.693 0.211 0.060 -0.001 -0.021
0.0015467 -1.00000 10.03342 0.8612380624 2.4384021167    0.787  1.799  3.7288  2.401    4  0.000  0.513     0.00     0.00     0.00     0.00     0.00 -1    -1e-30      0.00 7.390e-01 2.595e-01 2.699e-04 8.886e-05 7.035e-04 -1.000 1.566e-03 0.271 1.609 0.691 0.210 0.059 -0.003 -0.022
0.0015467 -1.00000 10.03342 0.8612997532 2.4384203234    0.787  1.816  3.7262  2.374    4  0.000  0.513     0.00     0.00     0.00     0.00     0.00 -1    -1e-30      0.00 7.390e-01 2.595e-01 2.699e-04 8.886e-05 7.035e-04 -1.000 1.566e-03 0.229 1.596 0.661 0.169 0.014 -0.051 -0.071
0.0015467 -1.00000 10.03342 0.8613603115 2.4384381929    0.787  1.844  3.7225  2.332    4  0.000  0.513     0.00     0.00     0.00     0.00     0.00 -1    -1e-30      0.00 7.390e-01 2.595e-01 2.699e-04 8.886e-05 7.035e-04 -1.000 1.566e-03 0.161 1.571 0.610 0.103 -0.058 -0.127 -0.149
0.0015467 -1.00000 10.03342 0.8614021540 2.4384505381    0.787  1.880  3.7179  2.278    4  0.000  0.513     0.00     0.00     0.00     0.00     0.00 -1    -1e-30      0.00 7.390e-01 2.595e-01 2.699e-04 8.886e-05 7.035e-04 -1.000 1.566e-03 0.071 1.537 0.542 0.017 -0.152 -0.226 -0.251
0.0015467 -1.00000 10.03342 0.8614221215 2.4384564288    0.787  1.916  3.7134  2.223    4  0.000  0.513     0.00     0.00     0.00     0.00     0.00 -1    -1e-30      0.00 7.390e-01 2.595e-01 2.699e-04 8.886e-05 7.035e-04 -1.000 1.566e-03 -0.021 1.502 0.473 -0.071 -0.248 -0.327 -0.355
0.0015467 -1.00000 10.03342 0.8614310026 2.4384590488    0.787  1.952  3.7091  2.170    4  0.000  0.513     0.00     0.00     0.00     0.00     0.00 -1    -1e-30      0.00 7.390e-01 2.595e-01 2.699e-04 8.886e-05 7.035e-04 -1.000 1.566e-03 -0.111 1.468 0.406 -0.156 -0.341 -0.425 -0.455
0.0015467 -1.00000 10.03342 0.8614352942 2.4384603148    0.787  1.988  3.7050  2.118    4  0.000  0.513     0.00     0.00     0.00     0.00     0.00 -1    -1e-30      0.00 7.390e-01 2.595e-01 2.699e-04 8.886e-05 7.035e-04 -1.000 1.566e-03 -0.200 1.434 0.339 -0.241 -0.432 -0.522 -0.554
0.0015467 -1.00000 10.03342 0.8614375591 2.4384609829    0.787  2.025  3.7010  2.065    4  0.000  0.513     0.00     0.00     0.00     0.00     0.00 -1    -1e-30      0.00 7.390e-01 2.595e-01 2.699e-04 8.886e-05 7.035e-04 -1.000 1.566e-03 -0.293 1.395 0.268 -0.329 -0.527 -0.622 -0.656
0.0015467 -1.00000 10.03342 0.8614389300 2.4384613873    0.787  2.060  3.6975  2.017    4  0.000  0.513     0.00     0.00     0.00     0.00     0.00 -1    -1e-30      0.00 7.390e-01 2.595e-01 2.699e-04 8.886e-05 7.035e-04 -1.000 1.566e-03 -0.379 1.361 0.204 -0.409 -0.614 -0.713 -0.749
0.0015467 -1.00000 10.03342 0.8614390492 2.4384614225    0.787  2.064  3.6971  2.011    7  0.000  0.513     0.00     0.00     0.00     0.00     0.00 -1 -9.63e-10      0.00 7.390e-01 2.578e-01 2.699e-04 8.886e-05 7.035e-04 -1.000 3.229e-03 -0.389 1.357 0.196 -0.418 -0.624 -0.723 -0.759
0.0015467 -1.00000 10.03342 0.8614398837 2.4384616687    0.787  2.094  3.6942  1.969    7  0.000  0.513     0.00     0.00     0.00     0.00     0.00 -1 -1.15e-09      0.00 7.390e-01 2.578e-01 2.699e-04 8.886e-05 7.035e-04 -1.000 3.229e-03 -0.466 1.326 0.138 -0.490 -0.701 -0.805 -0.842
0.0015467 -1.00000 10.03342 0.8614408970 2.4384619676    0.787  2.129  3.6909  1.920    7  0.000  0.513     0.00     0.00     0.00     0.00     0.00 -1 -1.41e-09      0.00 7.390e-01 2.578e-01 2.699e-04 8.886e-05 7.035e-04 -1.000 3.229e-03 -0.554 1.291 0.070 -0.573 -0.790 -0.898 -0.938
0.0015467 -1.00000 10.03342 0.8614419699 2.4384622841    0.787  2.159  3.6882  1.880    7  0.000  0.513     0.00     0.00     0.00     0.00     0.00 -1 -1.67e-09      0.00 7.390e-01 2.578e-01 2.699e-04 8.886e-05 7.035e-04 -1.000 3.229e-03 -0.628 1.263 0.015 -0.642 -0.864 -0.976 -1.017
0.0015467 -1.00000 10.03342 0.8614447117 2.4384630929    0.787  2.165  3.6878  1.872    7  0.000  0.513     0.00     0.00     0.00     0.00     0.00 -1 -1.71e-09      0.00 7.390e-01 2.578e-01 2.699e-04 8.886e-05 7.035e-04 -1.000 3.229e-03 -0.641 1.258 0.004 -0.655 -0.878 -0.990 -1.031
0.0015467 -1.00000 10.03342 0.8614473939 2.4384638841    0.787  2.152  3.6890  1.890    7  0.000  0.513     0.00     0.00     0.00     0.00     0.00 -1  -1.6e-09      0.00 7.390e-01 2.578e-01 2.699e-04 8.886e-05 7.035e-04 -1.000 3.229e-03 -0.609 1.269 0.028 -0.625 -0.846 -0.956 -0.997
0.0015467 -1.00000 10.03342 0.8614784479 2.4384730443    0.785  2.150  3.6890  1.891    7  0.000  0.513     0.00     0.00     0.00     0.00     0.00 -1 -1.61e-09      0.00 7.390e-01 2.578e-01 2.699e-04 8.886e-05 7.035e-04 -1.000 3.229e-03 -0.605 1.272 0.032 -0.621 -0.841 -0.952 -0.992
0.0015467 -1.00000 10.03342 0.8615051508 2.4384809203    0.783  2.191  3.6852  1.833    7  0.000  0.513     0.00     0.00     0.00     0.00     0.00 -1 -2.05e-09      0.00 7.390e-01 2.578e-01 2.699e-04 8.886e-05 7.035e-04 -1.000 3.229e-03 -0.708 1.239 -0.044 -0.716 -0.944 -1.059 -1.103
0.0015467 -1.00000 10.03342 0.8615231514 2.4384862294    0.781  2.231  3.6815  1.778    7  0.000  0.513     0.00     0.00     0.00     0.00     0.00 -1 -2.57e-09      0.00 7.390e-01 2.578e-01 2.699e-04 8.886e-05 7.035e-04 -1.000 3.229e-03 -0.807 1.217 -0.116 -0.812 -1.045 -1.164 -1.210
0.0015467 -1.00000 10.03342 0.8615384698 2.4384907471    0.780  2.269  3.6780  1.724    7  0.000  0.513     0.00     0.00     0.00     0.00     0.00 -1  -3.2e-09      0.00 7.390e-01 2.578e-01 2.699e-04 8.886e-05 7.035e-04 -1.000 3.229e-03 -0.903 1.199 -0.185 -0.905 -1.143 -1.266 -1.315
0.0015467 -1.00000 10.03342 0.8615558743 2.4384958798    0.777  2.314  3.6740  1.662    7  0.000  0.513     0.00     0.00     0.00     0.00     0.00 -1 -4.19e-09      0.00 7.390e-01 2.578e-01 2.699e-04 8.886e-05 7.035e-04 -1.000 3.229e-03 -1.015 1.180 -0.265 -1.012 -1.256 -1.385 -1.436
0.0015467 -1.00000 10.03342 0.8615717888 2.4385005729    0.774  2.356  3.6703  1.604    7  0.000  0.513     0.00     0.00     0.00     0.00     0.00 -1 -5.34e-09      0.00 7.390e-01 2.578e-01 2.699e-04 8.886e-05 7.035e-04 -1.000 3.229e-03 -1.120 1.164 -0.338 -1.112 -1.362 -1.494 -1.548
0.0015467 -1.00000 10.03342 0.8615861535 2.4385048089    0.770  2.397  3.6667  1.546    7  0.000  0.513     0.00     0.00     0.00     0.00     0.00 -1 -6.76e-09      0.00 7.390e-01 2.578e-01 2.699e-04 8.886e-05 7.035e-04 -1.000 3.224e-03 -1.223 1.156 -0.407 -1.208 -1.463 -1.601 -1.657
0.0015467 -1.00000 10.03342 0.8615990877 2.4385086228    0.766  2.438  3.6631  1.489    7  0.000  0.513     0.00     0.00     0.00     0.00     0.00 -1 -8.61e-09      0.00 7.390e-01 2.579e-01 2.698e-04 8.887e-05 7.035e-04 -1.000 3.157e-03 -1.324 1.151 -0.474 -1.302 -1.563 -1.705 -1.765
0.0015467 -1.00000 10.03342 0.8616106510 2.4385120324    0.762  2.478  3.6596  1.433    7  0.000  0.512     0.00     0.00     0.00     0.00     0.00 -1 -1.08e-08      0.00 7.390e-01 2.579e-01 2.697e-04 8.888e-05 7.035e-04 -1.000 3.129e-03 -1.424 1.155 -0.537 -1.394 -1.662 -1.808 -1.870
0.0015467 -1.00000 10.03342 0.8616211414 2.4385151256    0.757  2.518  3.6561  1.376    7  0.000  0.511     8.56     6.59     4.64     3.60     2.91  3 -1.37e-08      0.00 7.390e-01 2.579e-01 2.693e-04 8.906e-05 7.035e-04 -1.000 3.126e-03 -1.524 1.158 -0.597 -1.482 -1.757 -1.908 -1.974
0.0015467 -1.00000 10.03342 0.8616306186 2.4385179199    0.751  2.557  3.6525  1.319    7  0.000  0.509     9.64     7.29     5.11     3.97     3.21  3 -1.73e-08      0.00 7.390e-01 2.579e-01 2.683e-04 8.972e-05 7.035e-04 -1.000 3.083e-03 -1.622 1.158 -0.656 -1.566 -1.849 -2.007 -2.075
0.0015467 -1.00000 10.03342 0.8616393209 2.4385204856    0.744  2.596  3.6455  1.247    7  0.000  0.505    11.19     8.28     5.76     4.49     3.63  3 -2.21e-08      0.00 7.390e-01 2.580e-01 2.661e-04 9.174e-05 7.035e-04 -1.000 3.030e-03 -1.721 1.235 -0.679 -1.634 -1.934 -2.103 -2.176
0.0015467 -1.00000 10.03342 0.8616433740 2.4385216806    0.740  2.616  3.6414  1.209    7  0.000  0.502    12.13     8.86     6.15     4.80     3.88  2 -2.52e-08      0.00 7.390e-01 2.580e-01 2.645e-04 9.354e-05 7.035e-04 -1.000 3.029e-03 -1.771 1.288 -0.684 -1.664 -1.974 -2.151 -2.227
0.0015467 -1.00000 10.03342 0.8616510630 2.4385239476    0.731  2.655  3.6374  1.149    7  0.000  0.495    13.74     9.85     6.80     5.32     4.31  2  -3.2e-08      0.00 7.389e-01 2.580e-01 2.610e-04 9.769e-05 7.035e-04 -1.000 3.020e-03 -1.868 1.305 -0.731 -1.741 -2.062 -2.246 -2.325
0.0015467 -1.00000 10.03342 0.8616585135 2.4385261442    0.721  2.694  3.6340  1.089    7  0.000  0.488    15.52    10.92     7.50     5.88     4.76  2 -4.06e-08      0.00 7.389e-01 2.581e-01 2.576e-04 1.018e-04 7.035e-04 -1.000 3.001e-03 -1.965 1.309 -0.785 -1.821 -2.151 -2.341 -2.424
0.0015467 -1.00000 10.03342 0.8616657257 2.4385282705    0.707  2.733  3.6304  1.028    7  0.000  0.482    17.60    12.14     8.30     6.51     5.28  2 -5.27e-08      0.00 7.389e-01 2.582e-01 2.545e-04 1.056e-04 7.036e-04 -1.000 2.951e-03 -2.062 1.319 -0.836 -1.899 -2.239 -2.436 -2.521
0.0015467 -1.00000 10.03342 0.8616726398 2.4385303089    0.690  2.772  3.6269  0.965    7  0.000  0.477    20.02    13.53     9.19     7.24     5.86  2 -6.89e-08      0.00 7.388e-01 2.582e-01 2.519e-04 1.089e-04 7.036e-04 -1.000 2.993e-03 -2.159 1.335 -0.881 -1.975 -2.327 -2.530 -2.618
0.0015467 -1.00000 10.03342 0.8616789579 2.4385321715    0.670  2.810  3.6236  0.901    7  0.000  0.472    22.81    15.08    10.19     8.05     6.52  1 -9.14e-08      0.00 7.387e-01 2.583e-01 2.495e-04 1.119e-04 7.036e-04 -1.000 2.986e-03 -2.255 1.354 -0.923 -2.050 -2.412 -2.623 -2.714
0.0015467 -1.00000 10.03342 0.8616849780 2.4385339462    0.644  2.848  3.6207  0.834    7  0.000  0.468    26.10    16.85    11.33     8.97     7.26  1 -1.24e-07      0.00 7.387e-01 2.584e-01 2.474e-04 1.144e-04 7.036e-04 -1.000 2.924e-03 -2.351 1.363 -0.971 -2.128 -2.501 -2.717 -2.811
0.0015467 -1.00000 10.03342 0.8616898656 2.4385353871    0.615  2.886  3.6186  0.768    7  0.000  0.465    29.74    18.75    12.53     9.95     8.06  1 -1.72e-07      0.00 7.386e-01 2.584e-01 2.458e-04 1.165e-04 7.036e-04 -1.000 2.948e-03 -2.444 1.358 -1.024 -2.207 -2.588 -2.809 -2.905
0.0015467 -1.00000 10.03342 0.8616934419 2.4385364413    0.587  2.919  3.6187  0.715    7  0.000  0.462    33.04    20.40    13.56    10.81     8.75  1 -2.33e-07      0.00 7.386e-01 2.585e-01 2.444e-04 1.182e-04 7.036e-04 -1.000 2.919e-03 -2.527 1.310 -1.096 -2.290 -2.673 -2.894 -2.991
0.0015467 -1.00000 10.03342 0.8616964221 2.4385373199    0.556  2.952  3.6237  0.677    7  0.000  0.460    35.45    21.52    14.26    11.39     9.22  1 -3.19e-07      0.00 7.385e-01 2.586e-01 2.431e-04 1.197e-04 7.035e-04 -1.000 2.894e-03 -2.611 1.147 -1.233 -2.405 -2.775 -2.987 -3.080
0.0015467 -1.00000 10.03342 0.8616986275 2.4385379700    0.513  2.979  3.6448  0.700    7  0.000  0.458    33.22    20.23    13.41    10.74     8.69  1 -4.08e-07      0.00 7.385e-01 2.586e-01 2.419e-04 1.212e-04 7.035e-04 -1.000 2.928e-03 -2.678 0.613 -1.544 -2.591 -2.906 -3.081 -3.158
0.0015467 -1.00000 10.03342 1.0965409279 2.4910964848    0.544 -9.999  3.6349  7.953    9  0.545  0.000     0.00     0.00     0.00     0.00     0.00 -1    -1e-30      0.00 7.252e-01 2.732e-01 2.244e-04 1.654e-04 7.173e-04 -1.000 1.584e-03 29.767 32.682 30.915 29.852 29.486 29.304 29.241
