# Zini     MH   logAge Mini        int_IMF         Mass   logL    logTe  logg  label   McoreTP C_O  period0  period1  period2  period3  period4  pmode  Mloss  tau1m   X   Y   Xc  Xn  Xo  Cexcess  Z 	 mbolmag  umag    gmag    rmag    imag    zmag    Ymag
0.0010968 -1.15000 10.00000 0.0900000036 1.0816895926    0.090 -3.218  3.4539  5.378    1  0.000  0.545     0.00     0.00     0.00     0.00     0.00 -1 -5.19e-17      0.00 7.467e-01 2.522e-01 2.038e-04 5.498e-05 4.986e-04 -1.000 1.133e-03 12.816 18.041 16.840 14.991 12.909 12.209 12.073
0.0010968 -1.15000 10.00000 0.0982966125 1.1567178086    0.098 -3.008  3.4839  5.326    1  0.000  0.545     0.00     0.00     0.00     0.00     0.00 -1 -8.56e-17      0.00 7.457e-01 2.531e-01 2.038e-04 5.498e-05 4.986e-04 -1.000 1.133e-03 12.290 17.413 15.625 13.821 12.257 11.706 11.580
0.0010968 -1.15000 10.00000 0.1000000015 1.1711064122    0.100 -2.967  3.4897  5.316    1  0.000  0.545     0.00     0.00     0.00     0.00     0.00 -1 -9.44e-17      0.00 7.455e-01 2.533e-01 2.038e-04 5.498e-05 4.986e-04 -1.000 1.133e-03 12.187 17.275 15.392 13.602 12.134 11.610 11.486
0.0010968 -1.15000 10.00000 0.1044952646 1.2075961052    0.104 -2.899  3.4977  5.298    1  0.000  0.545     0.00     0.00     0.00     0.00     0.00 -1  -1.1e-16      0.00 7.451e-01 2.538e-01 2.038e-04 5.498e-05 4.986e-04 -1.000 1.133e-03 12.016 17.037 15.056 13.292 11.939 11.447 11.325
0.0010968 -1.15000 10.00000 0.1199999899 1.3193153758    0.120 -2.684  3.5226  5.243    1  0.000  0.545     0.00     0.00     0.00     0.00     0.00 -1  -1.8e-16      0.00 7.437e-01 2.552e-01 2.038e-04 5.498e-05 4.987e-04 -1.000 1.133e-03 11.479 16.202 14.039 12.370 11.340 10.935 10.820
0.0010968 -1.15000 10.00000 0.1400000006 1.4384526719    0.140 -2.502  3.5392  5.195    1  0.000  0.545     0.00     0.00     0.00     0.00     0.00 -1 -2.68e-16      0.00 7.423e-01 2.566e-01 2.038e-04 5.498e-05 4.987e-04 -1.000 1.133e-03 11.024 15.486 13.307 11.716 10.854 10.494 10.385
0.0010968 -1.15000 10.00000 0.1599999964 1.5372931554    0.160 -2.363  3.5498  5.156    1  0.000  0.545     0.00     0.00     0.00     0.00     0.00 -1  -3.6e-16      0.00 7.412e-01 2.577e-01 2.038e-04 5.498e-05 4.987e-04 -1.000 1.133e-03 10.677 14.957 12.797 11.259 10.490 10.156 10.051
0.0010968 -1.15000 10.00000 0.2000000179 1.6938791367    0.200 -2.144  3.5641  5.091    1  0.000  0.545     0.00     0.00     0.00     0.00     0.00 -1 -5.75e-16      0.00 7.398e-01 2.590e-01 2.038e-04 5.498e-05 4.987e-04 -1.000 1.133e-03 10.129 14.149 12.048 10.583 9.925 9.622 9.522
0.0010968 -1.15000 10.00000 0.2500000000 1.8403257998    0.250 -1.939  3.5754  5.028    1  0.000  0.545     0.00     0.00     0.00     0.00     0.00 -1 -6.01e-16      0.00 7.394e-01 2.595e-01 2.038e-04 5.498e-05 4.987e-04 -1.000 1.133e-03 9.617 13.429 11.388 9.985 9.402 9.120 9.026
0.0010968 -1.15000 10.00000 0.3000000417 1.9529140366    0.300 -1.780  3.5839  4.983    1  0.000  0.545     0.00     0.00     0.00     0.00     0.00 -1 -9.82e-16      0.00 7.395e-01 2.593e-01 2.038e-04 5.498e-05 4.987e-04 -1.000 1.133e-03 9.221 12.881 10.890 9.537 8.999 8.732 8.642
0.0010968 -1.15000 10.00000 0.3499999940 2.0434174644    0.350 -1.651  3.5911  4.950    1  0.000  0.545     0.00     0.00     0.00     0.00     0.00 -1 -1.59e-15      0.00 7.478e-01 2.510e-01 2.038e-04 5.498e-05 4.986e-04 -1.000 1.133e-03 8.898 12.431 10.484 9.175 8.671 8.416 8.329
0.0010968 -1.15000 10.00000 0.4000000060 2.1185024399    0.400 -1.501  3.6021  4.902    1  0.000  0.545     0.00     0.00     0.00     0.00     0.00 -1 -2.22e-15      0.00 7.485e-01 2.504e-01 2.038e-04 5.498e-05 4.986e-04 -1.000 1.133e-03 8.523 11.877 9.989 8.750 8.288 8.051 7.969
0.0010968 -1.15000 10.00000 0.4500000179 2.1822809362    0.450 -1.326  3.6191  4.845    1  0.000  0.545     0.00     0.00     0.00     0.00     0.00 -1 -3.34e-15      0.00 7.485e-01 2.504e-01 2.038e-04 5.498e-05 4.986e-04 -1.000 1.133e-03 8.085 11.180 9.375 8.246 7.839 7.629 7.555
0.0010968 -1.15000 10.00000 0.5000000000 2.2374541529    0.500 -1.125  3.6467  4.801    1  0.000  0.545     0.00     0.00     0.00     0.00     0.00 -1  -5.3e-15      0.00 7.485e-01 2.504e-01 2.038e-04 5.498e-05 4.986e-04 -1.000 1.133e-03 7.584 10.281 8.604 7.654 7.329 7.162 7.101
0.0010968 -1.15000 10.00000 0.5500000715 2.2836583126    0.550 -0.909  3.6777  4.750    1  0.000  0.544     0.00     0.00     0.00     0.00     0.00 -1  -8.8e-15      0.00 7.773e-01 2.216e-01 1.821e-04 4.914e-05 4.459e-04 -1.000 1.020e-03 7.043 9.233 7.786 7.031 6.785 6.663 6.618
0.0010968 -1.15000 10.00000 0.6000000238 2.3211213258    0.600 -0.710  3.7056  4.700    1  0.000  0.544     0.00     0.00     0.00     0.00     0.00 -1 -1.41e-14      0.00 7.849e-01 2.141e-01 1.768e-04 4.774e-05 4.333e-04 -1.000 9.562e-04 6.545 8.281 7.100 6.485 6.291 6.205 6.176
0.0010968 -1.15000 10.00000 0.6123172045 2.3292768014    0.612 -0.660  3.7133  4.690    1  0.000  0.544     0.00     0.00     0.00     0.00     0.00 -1 -1.59e-14      0.00 7.869e-01 2.121e-01 1.754e-04 4.735e-05 4.298e-04 -1.000 9.794e-04 6.420 8.046 6.933 6.352 6.170 6.094 6.069
0.0010968 -1.15000 10.00000 0.6294899583 2.3400369719    0.629 -0.590  3.7239  4.675    1  0.000  0.544     0.00     0.00     0.00     0.00     0.00 -1 -1.87e-14      0.00 7.898e-01 2.092e-01 1.732e-04 4.680e-05 4.248e-04 -1.000 9.874e-04 6.245 7.732 6.708 6.170 6.005 5.941 5.922
0.0010968 -1.15000 10.00000 0.6456922889 2.3495879688    0.645 -0.524  3.7338  4.660    1  0.000  0.543     0.00     0.00     0.00     0.00     0.00 -1 -2.19e-14      0.00 7.927e-01 2.063e-01 1.712e-04 4.625e-05 4.199e-04 -1.000 9.728e-04 6.081 7.451 6.503 6.002 5.851 5.798 5.784
0.0010968 -1.15000 10.00000 0.6499999762 2.3520353107    0.650 -0.507  3.7364  4.655    1  0.000  0.543     0.00     0.00     0.00     0.00     0.00 -1 -2.28e-14      0.00 7.935e-01 2.055e-01 1.706e-04 4.610e-05 4.186e-04 -1.000 1.007e-03 6.037 7.378 6.450 5.957 5.811 5.760 5.747
0.0010968 -1.15000 10.00000 0.6546854973 2.3546553047    0.654 -0.488  3.7390  4.650    1  0.000  0.543     0.00     0.00     0.00     0.00     0.00 -1 -2.38e-14      0.00 7.945e-01 2.045e-01 1.699e-04 4.591e-05 4.169e-04 -1.000 1.002e-03 5.990 7.302 6.393 5.909 5.766 5.718 5.707
0.0010968 -1.15000 10.00000 0.6712413430 2.3635768636    0.671 -0.421  3.7479  4.629    1  0.000  0.543     0.00     0.00     0.00     0.00     0.00 -1 -2.82e-14      0.00 7.983e-01 2.008e-01 1.673e-04 4.522e-05 4.107e-04 -1.000 9.329e-04 5.822 7.040 6.193 5.743 5.613 5.575 5.568
0.0010968 -1.15000 10.00000 0.6866138577 2.3714193014    0.686 -0.358  3.7560  4.608    1  0.000  0.543     0.00     0.00     0.00     0.00     0.00 -1  -3.3e-14      0.00 8.020e-01 1.971e-01 1.647e-04 4.454e-05 4.046e-04 -1.000 9.165e-04 5.664 6.804 6.009 5.589 5.473 5.443 5.439
0.0010968 -1.15000 10.00000 0.6999999881 2.3779266974    0.700 -0.302  3.7627  4.588    1  0.000  0.542     0.00     0.00     0.00     0.00     0.00 -1  -3.8e-14      0.00 8.054e-01 1.937e-01 1.623e-04 4.391e-05 3.990e-04 -1.000 9.078e-04 5.526 6.603 5.850 5.455 5.349 5.327 5.325
0.0010968 -1.15000 10.00000 0.7004697323 2.3781498648    0.700 -0.300  3.7630  4.588    1  0.000  0.542     0.00     0.00     0.00     0.00     0.00 -1 -3.82e-14      0.00 8.056e-01 1.935e-01 1.622e-04 4.389e-05 3.987e-04 -1.000 9.072e-04 5.521 6.596 5.844 5.451 5.345 5.323 5.321
0.0010968 -1.15000 10.00000 0.7112916112 2.3831974389    0.711 -0.255  3.7682  4.569    1  0.000  0.541     0.00     0.00     0.00     0.00     0.00 -1  -4.3e-14      0.00 8.091e-01 1.900e-01 1.594e-04 4.323e-05 3.930e-04 -1.000 9.066e-04 5.407 6.437 5.715 5.340 5.243 5.226 5.226
0.0010968 -1.15000 10.00000 0.7216370702 2.3878603871    0.721 -0.210  3.7730  4.550    1  0.000  0.539     0.00     0.00     0.00     0.00     0.00 -1 -4.83e-14      0.00 8.126e-01 1.865e-01 1.565e-04 4.257e-05 3.871e-04 -1.000 8.878e-04 5.295 6.287 5.591 5.234 5.143 5.131 5.134
0.0010968 -1.15000 10.00000 0.7314109206 2.3921266277    0.731 -0.167  3.7773  4.531    1  0.000  0.537     0.00     0.00     0.00     0.00     0.00 -1 -5.41e-14      0.00 8.162e-01 1.830e-01 1.536e-04 4.191e-05 3.813e-04 -1.000 8.640e-04 5.188 6.145 5.472 5.131 5.048 5.040 5.044
0.0010968 -1.15000 10.00000 0.7407134771 2.3960671210    0.740 -0.126  3.7814  4.510    1  0.000  0.536     0.00     0.00     0.00     0.00     0.00 -1 -6.06e-14      0.00 8.198e-01 1.794e-01 1.508e-04 4.124e-05 3.755e-04 -1.000 8.225e-04 5.084 6.012 5.358 5.032 4.954 4.950 4.956
0.0010968 -1.15000 10.00000 0.7497431636 2.3997846730    0.749 -0.084  3.7851  4.489    1  0.000  0.534     0.00     0.00     0.00     0.00     0.00 -1 -6.78e-14      0.00 8.234e-01 1.758e-01 1.480e-04 4.056e-05 3.695e-04 -1.000 8.066e-04 4.980 5.885 5.246 4.933 4.861 4.861 4.868
0.0010968 -1.15000 10.00000 0.7500000000 2.3998889087    0.750 -0.083  3.7852  4.489    1  0.000  0.534     0.00     0.00     0.00     0.00     0.00 -1 -6.81e-14      0.00 8.235e-01 1.757e-01 1.479e-04 4.054e-05 3.693e-04 -1.000 8.067e-04 4.977 5.882 5.242 4.930 4.858 4.858 4.865
0.0010968 -1.15000 10.00000 0.7500306368 2.3999013370    0.750 -0.083  3.7852  4.489    1  0.000  0.534     0.00     0.00     0.00     0.00     0.00 -1 -6.81e-14      0.00 8.235e-01 1.756e-01 1.479e-04 4.054e-05 3.693e-04 -1.000 8.067e-04 4.977 5.881 5.242 4.930 4.858 4.858 4.865
0.0010968 -1.15000 10.00000 0.7604665160 2.4040679022    0.760 -0.034  3.7889  4.460    1  0.000  0.533     0.00     0.00     0.00     0.00     0.00 -1 -7.83e-14      0.00 8.289e-01 1.703e-01 1.444e-04 3.960e-05 3.610e-04 -1.000 8.170e-04 4.854 5.735 5.109 4.810 4.745 4.748 4.757
0.0010968 -1.15000 10.00000 0.7703653574 2.4079003196    0.770  0.015  3.7924  4.431    1  0.000  0.533     0.00     0.00     0.00     0.00     0.00 -1    -9e-14      0.00 8.338e-01 1.654e-01 1.413e-04 3.877e-05 3.535e-04 -1.000 8.055e-04 4.732 5.593 4.979 4.693 4.632 4.639 4.648
0.0010968 -1.15000 10.00000 0.7793037295 2.4112648604    0.779  0.061  3.7954  4.402    1  0.000  0.532     0.00     0.00     0.00     0.00     0.00 -1 -1.03e-13      0.00 8.380e-01 1.612e-01 1.386e-04 3.806e-05 3.472e-04 -1.000 8.009e-04 4.617 5.461 4.857 4.581 4.525 4.535 4.546
0.0010968 -1.15000 10.00000 0.7876893282 2.4143416248    0.787  0.106  3.7981  4.372    1  0.000  0.532     0.00     0.00     0.00     0.00     0.00 -1 -1.17e-13      0.00 8.417e-01 1.575e-01 1.363e-04 3.744e-05 3.417e-04 -1.000 7.968e-04 4.504 5.332 4.736 4.471 4.420 4.432 4.443
0.0010968 -1.15000 10.00000 0.7958762646 2.4172736783    0.795  0.153  3.8007  4.340    1  0.000  0.531     0.00     0.00     0.00     0.00     0.00 -1 -1.35e-13      0.00 8.450e-01 1.542e-01 1.343e-04 3.689e-05 3.369e-04 -1.000 7.943e-04 4.388 5.202 4.613 4.357 4.310 4.324 4.337
0.0010968 -1.15000 10.00000 0.8000000119 2.4187244405    0.799  0.177  3.8018  4.323    1  0.000  0.531     0.00     0.00     0.00     0.00     0.00 -1 -1.45e-13      0.00 8.466e-01 1.526e-01 1.333e-04 3.665e-05 3.347e-04 -1.000 7.889e-04 4.327 5.134 4.548 4.297 4.252 4.267 4.280
0.0010968 -1.15000 10.00000 0.8036457300 2.4199927791    0.803  0.199  3.8029  4.307    1  0.000  0.531     0.00     0.00     0.00     0.00     0.00 -1 -1.55e-13      0.00 8.471e-01 1.521e-01 1.331e-04 3.660e-05 3.344e-04 -1.000 7.873e-04 4.272 5.074 4.491 4.243 4.200 4.217 4.230
0.0010968 -1.15000 10.00000 0.8108822107 2.4224715270    0.810  0.244  3.8049  4.274    1  0.000  0.530     0.00     0.00     0.00     0.00     0.00 -1 -1.77e-13      0.00 8.480e-01 1.512e-01 1.329e-04 3.655e-05 3.340e-04 -1.000 7.833e-04 4.161 4.953 4.373 4.133 4.093 4.112 4.125
0.0010968 -1.15000 10.00000 0.8200751543 2.4255479976    0.819  0.304  3.8068  4.226    1  0.000  0.530     0.00     0.00     0.00     0.00     0.00 -1 -2.14e-13      0.00 8.483e-01 1.509e-01 1.331e-04 3.663e-05 3.348e-04 -1.000 7.901e-04 4.010 4.792 4.216 3.984 3.947 3.967 3.982
0.0010968 -1.15000 10.00000 0.8272780776 2.4279036354    0.826  0.355  3.8077  4.183    1  0.000  0.530     0.00     0.00     0.00     0.00     0.00 -1 -2.53e-13      0.00 8.471e-01 1.521e-01 1.342e-04 3.695e-05 3.377e-04 -1.000 7.934e-04 3.882 4.658 4.084 3.856 3.822 3.843 3.857
0.0010968 -1.15000 10.00000 0.8274986148 2.4279750160    0.826  0.357  3.8077  4.181    1  0.000  0.530     0.00     0.00     0.00     0.00     0.00 -1 -2.55e-13      0.00 8.471e-01 1.521e-01 1.343e-04 3.696e-05 3.378e-04 -1.000 7.934e-04 3.878 4.654 4.080 3.852 3.818 3.839 3.853
0.0010968 -1.15000 10.00000 0.8306218982 2.4289812408    0.829  0.382  3.8076  4.157    1  0.000  0.530     0.00     0.00     0.00     0.00     0.00 -1 -2.76e-13      0.00 8.465e-01 1.527e-01 1.348e-04 3.711e-05 3.392e-04 -1.000 7.934e-04 3.816 4.592 4.018 3.790 3.755 3.776 3.790
0.0010968 -1.15000 10.00000 0.8369868994 2.4310051387    0.836  0.435  3.8062  4.102    1  0.000  0.530     0.00     0.00     0.00     0.00     0.00 -1  -3.3e-13      0.00 8.454e-01 1.539e-01 1.359e-04 3.742e-05 3.420e-04 -1.000 7.904e-04 3.682 4.463 3.885 3.654 3.617 3.637 3.651
0.0010968 -1.15000 10.00000 0.8423734903 2.4326904782    0.841  0.486  3.8033  4.042    1  0.000  0.530     0.00     0.00     0.00     0.00     0.00 -1 -3.96e-13      0.00 8.443e-01 1.549e-01 1.369e-04 3.769e-05 3.445e-04 -1.000 7.930e-04 3.556 4.348 3.763 3.524 3.484 3.501 3.513
0.0010968 -1.15000 10.00000 0.8434131742 2.4330129221    0.842  0.496  3.8026  4.030    1  0.000  0.530     0.00     0.00     0.00     0.00     0.00 -1 -4.12e-13      0.00 8.441e-01 1.551e-01 1.371e-04 3.774e-05 3.450e-04 -1.000 7.934e-04 3.530 4.325 3.739 3.498 3.456 3.472 3.485
0.0010968 -1.15000 10.00000 0.8466972709 2.4340254617    0.845  0.534  3.7978  3.974    2  0.000  0.530     0.00     0.00     0.00     0.00     0.00 -1 -4.78e-13      0.00 8.433e-01 1.559e-01 1.381e-04 3.800e-05 3.474e-04 -1.000 7.971e-04 3.435 4.252 3.654 3.398 3.350 3.361 3.372
0.0010968 -1.15000 10.00000 0.8499999642 2.4350346659    0.848  0.576  3.7902  3.904    2  0.000  0.530     0.00     0.00     0.00     0.00     0.00 -1 -5.69e-13      0.00 8.412e-01 1.580e-01 1.405e-04 3.867e-05 3.534e-04 -1.000 8.076e-04 3.331 4.185 3.568 3.287 3.227 3.231 3.239
0.0010968 -1.15000 10.00000 0.8506808877 2.4352416155    0.849  0.585  3.7883  3.887    2  0.000  0.530     0.00     0.00     0.00     0.00     0.00 -1 -5.92e-13      0.00 8.406e-01 1.586e-01 1.412e-04 3.886e-05 3.552e-04 -1.000 8.114e-04 3.308 4.173 3.550 3.263 3.200 3.203 3.210
0.0010968 -1.15000 10.00000 0.8525848389 2.4358182567    0.851  0.611  3.7802  3.830    2  0.000  0.530     0.00     0.00     0.00     0.00     0.00 -1 -6.71e-13      0.00 8.321e-01 1.671e-01 1.480e-04 4.069e-05 3.717e-04 -1.000 8.288e-04 3.243 4.153 3.505 3.191 3.116 3.110 3.115
0.0010968 -1.15000 10.00000 0.8540517092 2.4362605053    0.852  0.630  3.7719  3.778    2  0.000  0.533     0.00     0.00     0.00     0.00     0.00 -1 -7.46e-13      0.00 8.091e-01 1.900e-01 1.627e-04 4.464e-05 4.070e-04 -1.000 8.912e-04 3.194 4.160 3.479 3.136 3.049 3.035 3.036
0.0010968 -1.15000 10.00000 0.8552620411 2.4366240965    0.853  0.647  3.7635  3.728    2  0.000  0.534     0.00     0.00     0.00     0.00     0.00 -1  -8.2e-13      0.00 7.886e-01 2.104e-01 1.754e-04 4.804e-05 4.374e-04 -1.000 9.735e-04 3.153 4.180 3.463 3.091 2.990 2.968 2.966
0.0010968 -1.15000 10.00000 0.8563574553 2.4369521469    0.854  0.667  3.7547  3.674    2  0.000  0.536     0.00     0.00     0.00     0.00     0.00 -1 -9.12e-13      0.00 7.763e-01 2.227e-01 1.830e-04 5.006e-05 4.554e-04 -1.000 1.027e-03 3.103 4.199 3.442 3.039 2.925 2.893 2.888
0.0010968 -1.15000 10.00000 0.8573467135 2.4372475780    0.855  0.695  3.7471  3.615    2  0.000  0.536     0.00     0.00     0.00     0.00     0.00 -1 -1.04e-12      0.00 7.692e-01 2.298e-01 1.874e-04 5.123e-05 4.658e-04 -1.000 1.062e-03 3.032 4.190 3.397 2.967 2.841 2.802 2.793
0.0010968 -1.15000 10.00000 0.8582567573 2.4375186609    0.856  0.736  3.7413  3.552    2  0.000  0.537     0.00     0.00     0.00     0.00     0.00 -1 -1.23e-12      0.00 7.647e-01 2.341e-01 1.900e-04 5.193e-05 4.720e-04 -1.000 1.115e-03 2.931 4.137 3.316 2.867 2.732 2.686 2.675
0.0010968 -1.15000 10.00000 0.8587626219 2.4376690617    0.857  0.763  3.7385  3.514    2  0.000  0.537     0.00     0.00     0.00     0.00     0.00 -1 -1.36e-12      0.00 7.627e-01 2.362e-01 1.911e-04 5.224e-05 4.748e-04 -1.000 1.104e-03 2.863 4.093 3.258 2.800 2.661 2.612 2.599
0.0010968 -1.15000 10.00000 0.8589913845 2.4377370092    0.857  0.778  3.7375  3.495    2  0.000  0.537     0.00     0.00     0.00     0.00     0.00 -1 -1.44e-12      0.00 7.619e-01 2.370e-01 1.915e-04 5.234e-05 4.757e-04 -1.000 1.108e-03 2.826 4.064 3.225 2.764 2.623 2.573 2.560
0.0010968 -1.15000 10.00000 0.8595970869 2.4379167153    0.857  0.818  3.7350  3.445    3  0.000  0.537     0.00     0.00     0.00     0.00     0.00 -1 -1.68e-12      0.00 7.597e-01 2.392e-01 1.925e-04 5.261e-05 4.780e-04 -1.000 1.097e-03 2.724 3.986 3.133 2.664 2.519 2.466 2.451
0.0010968 -1.15000 10.00000 0.8601830602 2.4380902910    0.858  0.861  3.7328  3.393    3  0.000  0.537     0.00     0.00     0.00     0.00     0.00 -1 -1.96e-12      0.00 7.577e-01 2.412e-01 1.932e-04 5.282e-05 4.800e-04 -1.000 1.068e-03 2.616 3.897 3.033 2.557 2.409 2.354 2.338
0.0010968 -1.15000 10.00000 0.8607487679 2.4382576058    0.859  0.907  3.7310  3.341    3  0.000  0.537     0.00     0.00     0.00     0.00     0.00 -1 -2.31e-12      0.00 7.557e-01 2.431e-01 1.939e-04 5.300e-05 4.815e-04 -1.000 1.115e-03 2.503 3.801 2.927 2.445 2.295 2.237 2.220
0.0010968 -1.15000 10.00000 0.8613350391 2.4384307359    0.859  0.957  3.7291  3.283    3  0.000  0.536     0.00     0.00     0.00     0.00     0.00 -1 -2.78e-12      0.00 7.536e-01 2.453e-01 1.942e-04 5.321e-05 4.829e-04 -1.000 1.061e-03 2.376 3.691 2.808 2.320 2.166 2.106 2.089
0.0010968 -1.15000 10.00000 0.8618247509 2.4385751436    0.859  1.003  3.7275  3.231    3  0.000  0.535     0.00     0.00     0.00     0.00     0.00 -1 -3.27e-12      0.00 7.517e-01 2.473e-01 1.940e-04 5.351e-05 4.839e-04 -1.000 1.071e-03 2.262 3.591 2.699 2.207 2.051 1.989 1.970
0.0010968 -1.15000 10.00000 0.8623210192 2.4387212924    0.860  1.054  3.7259  3.175    3  0.000  0.532     0.00     0.00     0.00     0.00     0.00 -1 -3.92e-12      0.00 7.497e-01 2.492e-01 1.932e-04 5.419e-05 4.848e-04 -1.000 1.096e-03 2.136 3.480 2.580 2.083 1.924 1.861 1.841
0.0010968 -1.15000 10.00000 0.8627691865 2.4388531095    0.860  1.103  3.7243  3.119    3  0.000  0.527     0.00     0.00     0.00     0.00     0.00 -1 -4.68e-12      0.00 7.479e-01 2.510e-01 1.917e-04 5.552e-05 4.855e-04 -1.000 1.089e-03 2.013 3.372 2.464 1.961 1.801 1.735 1.715
0.0010968 -1.15000 10.00000 0.8632017374 2.4389801842    0.861  1.154  3.7227  3.061    3  0.000  0.521     0.00     0.00     0.00     0.00     0.00 -1 -5.63e-12      0.00 7.462e-01 2.527e-01 1.897e-04 5.759e-05 4.860e-04 -1.000 1.108e-03 1.884 3.258 2.341 1.834 1.671 1.603 1.582
0.0010968 -1.15000 10.00000 0.8635693192 2.4390880572    0.861  1.202  3.7211  3.007    3  0.000  0.515     0.00     0.00     0.00     0.00     0.00 -1 -6.69e-12      0.00 7.449e-01 2.540e-01 1.877e-04 5.987e-05 4.864e-04 -1.000 1.071e-03 1.764 3.152 2.228 1.715 1.550 1.480 1.458
0.0010968 -1.15000 10.00000 0.8639069200 2.4391870387    0.861  1.250  3.7194  2.952    3  0.000  0.509     0.00     0.00     0.00     0.00     0.00 -1 -7.96e-12      0.00 7.437e-01 2.552e-01 1.856e-04 6.230e-05 4.868e-04 -1.000 1.094e-03 1.644 3.049 2.114 1.597 1.428 1.356 1.333
0.0010968 -1.15000 10.00000 0.8642159104 2.4392775541    0.861  1.298  3.7177  2.898    3  0.000  0.504     0.00     0.00     0.00     0.00     0.00 -1 -9.47e-12      0.00 7.427e-01 2.561e-01 1.838e-04 6.450e-05 4.870e-04 -1.000 1.131e-03 1.524 2.948 2.002 1.478 1.307 1.233 1.209
0.0010968 -1.15000 10.00000 0.8645063043 2.4393625539    0.861  1.348  3.7159  2.841    3  0.000  0.500     0.00     0.00     0.00     0.00     0.00 -1 -1.13e-11      0.00 7.420e-01 2.569e-01 1.825e-04 6.622e-05 4.873e-04 -1.000 1.101e-03 1.401 2.845 1.888 1.358 1.183 1.107 1.082
0.0010968 -1.15000 10.00000 0.8647511005 2.4394341561    0.862  1.393  3.7142  2.789    3  0.000  0.497     0.00     0.00     0.00     0.00     0.00 -1 -1.33e-11      0.00 7.416e-01 2.573e-01 1.816e-04 6.734e-05 4.874e-04 -1.000 1.073e-03 1.288 2.751 1.783 1.247 1.069 0.991 0.965
0.0010968 -1.15000 10.00000 0.8649867773 2.4395030469    0.862  1.440  3.7123  2.735    3  0.000  0.495     0.00     0.00     0.00     0.00     0.00 -1 -1.58e-11      0.00 7.412e-01 2.577e-01 1.808e-04 6.833e-05 4.875e-04 -1.000 1.114e-03 1.170 2.653 1.674 1.131 0.950 0.870 0.842
0.0010968 -1.15000 10.00000 0.8652057052 2.4395670031    0.862  1.488  3.7104  2.679    3  0.000  0.494     0.00     0.00     0.00     0.00     0.00 -1 -1.89e-11      0.00 7.409e-01 2.580e-01 1.804e-04 6.885e-05 4.875e-04 -1.000 1.115e-03 1.050 2.554 1.563 1.013 0.829 0.746 0.718
0.0010968 -1.15000 10.00000 0.8654021025 2.4396243457    0.862  1.535  3.7084  2.624    3  0.000  0.493     0.00     0.00     0.00     0.00     0.00 -1 -2.24e-11      0.00 7.408e-01 2.581e-01 1.803e-04 6.904e-05 4.875e-04 -1.000 1.129e-03 0.933 2.460 1.456 0.898 0.711 0.625 0.596
0.0010968 -1.15000 10.00000 0.8655825853 2.4396770153    0.862  1.582  3.7064  2.569    3  0.000  0.493     0.00     0.00     0.00     0.00     0.00 -1 -2.66e-11      0.00 7.408e-01 2.581e-01 1.802e-04 6.908e-05 4.875e-04 -1.000 1.129e-03 0.815 2.366 1.349 0.784 0.593 0.505 0.474
0.0010968 -1.15000 10.00000 0.8657379746 2.4397223417    0.862  1.626  3.7044  2.517    3  0.000  0.493     0.00     0.00     0.00     0.00     0.00 -1 -3.12e-11      0.00 7.408e-01 2.581e-01 1.802e-04 6.911e-05 4.875e-04 -1.000 1.129e-03 0.705 2.279 1.250 0.677 0.483 0.392 0.360
0.0010968 -1.15000 10.00000 0.8658894897 2.4397665200    0.862  1.672  3.7023  2.462    3  0.000  0.493     0.00     0.00     0.00     0.00     0.00 -1  -3.7e-11      0.00 7.408e-01 2.581e-01 1.802e-04 6.914e-05 4.875e-04 -1.000 1.129e-03 0.589 2.191 1.144 0.563 0.365 0.272 0.239
0.0010968 -1.15000 10.00000 0.8660237789 2.4398056609    0.862  1.717  3.7002  2.409    3  0.000  0.493     0.00     0.00     0.00     0.00     0.00 -1 -4.36e-11      0.00 7.408e-01 2.581e-01 1.802e-04 6.917e-05 4.875e-04 -1.000 1.129e-03 0.477 2.107 1.043 0.453 0.252 0.155 0.122
0.0010968 -1.15000 10.00000 0.8661502600 2.4398425131    0.862  1.763  3.6979  2.354    3  0.000  0.493     0.00     0.00     0.00     0.00     0.00 -1 -5.17e-11      0.00 7.408e-01 2.581e-01 1.801e-04 6.919e-05 4.875e-04 -1.000 1.129e-03 0.362 2.025 0.941 0.341 0.136 0.037 0.002
0.0010968 -1.15000 10.00000 0.8662666082 2.4398764020    0.861  1.809  3.6957  2.299    3  0.000  0.493     0.00     0.00     0.00     0.00     0.00 -1 -6.11e-11      0.00 7.408e-01 2.581e-01 1.801e-04 6.922e-05 4.875e-04 -1.000 1.129e-03 0.248 1.944 0.841 0.231 0.021 -0.081 -0.117
0.0010968 -1.15000 10.00000 0.8663712144 2.4399068619    0.861  1.852  3.6935  2.247    3  0.000  0.493     0.00     0.00     0.00     0.00     0.00 -1 -7.18e-11      0.00 7.407e-01 2.581e-01 1.801e-04 6.924e-05 4.876e-04 -1.000 1.129e-03 0.139 1.867 0.744 0.124 -0.089 -0.194 -0.231
0.0010968 -1.15000 10.00000 0.8664739132 2.4399367581    0.861  1.897  3.6911  2.192    3  0.000  0.493     0.00     0.00     0.00     0.00     0.00 -1 -8.49e-11      0.00 7.407e-01 2.581e-01 1.801e-04 6.925e-05 4.876e-04 -1.000 1.129e-03 0.026 1.789 0.645 0.015 -0.202 -0.310 -0.349
0.0010968 -1.15000 10.00000 0.8665711284 2.4399650506    0.861  1.939  3.6889  2.142    3  0.000  0.493     0.00     0.00     0.00     0.00     0.00 -1 -9.88e-11      0.00 7.407e-01 2.581e-01 1.801e-04 6.927e-05 4.876e-04 -1.000 1.129e-03 -0.076 1.720 0.556 -0.084 -0.305 -0.416 -0.456
0.0010968 -1.15000 10.00000 0.8666951060 2.4400011211    0.860  1.976  3.6871  2.097    3  0.000  0.493     0.00     0.00     0.00     0.00     0.00 -1 -1.14e-10      0.00 7.407e-01 2.581e-01 1.801e-04 6.930e-05 4.876e-04 -1.000 1.129e-03 -0.170 1.656 0.475 -0.173 -0.398 -0.511 -0.553
0.0010968 -1.15000 10.00000 0.8667610884 2.4400203133    0.860  1.955  3.6886  2.124    3  0.000  0.493     0.00     0.00     0.00     0.00     0.00 -1 -1.06e-10      0.00 7.407e-01 2.582e-01 1.801e-04 6.931e-05 4.876e-04 -1.000 1.129e-03 -0.118 1.684 0.517 -0.125 -0.347 -0.458 -0.499
0.0010968 -1.15000 10.00000 0.8667927980 2.4400295355    0.860  1.944  3.6894  2.138    3  0.000  0.493     0.00     0.00     0.00     0.00     0.00 -1 -1.02e-10      0.00 7.407e-01 2.582e-01 1.801e-04 6.932e-05 4.876e-04 -1.000 1.129e-03 -0.090 1.700 0.540 -0.099 -0.319 -0.429 -0.469
0.0010968 -1.15000 10.00000 0.8668535948 2.4400472150    0.860  1.980  3.6874  2.094    3  0.000  0.493     0.00     0.00     0.00     0.00     0.00 -1 -1.16e-10      0.00 7.407e-01 2.582e-01 1.800e-04 6.933e-05 4.876e-04 -1.000 1.129e-03 -0.181 1.640 0.462 -0.186 -0.410 -0.522 -0.564
0.0010968 -1.15000 10.00000 0.8669207692 2.4400667458    0.859  2.021  3.6851  2.043    3  0.000  0.492     0.00     0.00     0.00     0.00     0.00 -1 -1.34e-10      0.00 7.407e-01 2.582e-01 1.800e-04 6.934e-05 4.876e-04 -1.000 1.129e-03 -0.283 1.574 0.375 -0.283 -0.511 -0.627 -0.670
0.0010968 -1.15000 10.00000 0.8669855595 2.4400855801    0.859  2.063  3.6827  1.992    3  0.000  0.492     0.00     0.00     0.00     0.00     0.00 -1 -1.57e-10      0.00 7.407e-01 2.582e-01 1.800e-04 6.935e-05 4.876e-04 -1.000 1.129e-03 -0.387 1.510 0.286 -0.382 -0.615 -0.734 -0.778
0.0010968 -1.15000 10.00000 0.8670448065 2.4401028002    0.859  2.103  3.6804  1.942    3  0.000  0.492     0.00     0.00     0.00     0.00     0.00 -1 -1.82e-10      0.00 7.407e-01 2.582e-01 1.800e-04 6.936e-05 4.876e-04 -1.000 1.129e-03 -0.489 1.461 0.202 -0.483 -0.718 -0.840 -0.886
0.0010968 -1.15000 10.00000 0.8671008945 2.4401190996    0.858  2.145  3.6780  1.891    3  0.000  0.492     0.00     0.00     0.00     0.00     0.00 -1 -2.13e-10      0.00 7.407e-01 2.582e-01 1.800e-04 6.937e-05 4.876e-04 -1.000 1.129e-03 -0.592 1.417 0.118 -0.584 -0.824 -0.948 -0.995
0.0010968 -1.15000 10.00000 0.8671514988 2.4401338033    0.858  2.185  3.6756  1.841    3  0.000  0.492     0.00     0.00     0.00     0.00     0.00 -1 -2.47e-10      0.00 7.407e-01 2.582e-01 1.800e-04 6.938e-05 4.876e-04 -1.000 1.129e-03 -0.692 1.375 0.037 -0.682 -0.925 -1.053 -1.102
0.0010968 -1.15000 10.00000 0.8671985269 2.4401474662    0.858  2.225  3.6731  1.791    3  0.000  0.492     0.00     0.00     0.00     0.00     0.00 -1 -2.87e-10      0.00 7.407e-01 2.582e-01 1.800e-04 6.939e-05 4.876e-04 -1.000 1.129e-03 -0.793 1.337 -0.043 -0.780 -1.027 -1.157 -1.208
0.0010968 -1.15000 10.00000 0.8672416210 2.4401599846    0.857  2.265  3.6706  1.741    3  0.000  0.492     0.00     0.00     0.00     0.00     0.00 -1 -3.34e-10      0.00 7.407e-01 2.582e-01 1.800e-04 6.940e-05 4.876e-04 -1.000 1.129e-03 -0.892 1.301 -0.121 -0.877 -1.128 -1.261 -1.314
0.0010968 -1.15000 10.00000 0.8672815561 2.4401715841    0.857  2.304  3.6681  1.691    3  0.000  0.492     0.00     0.00     0.00     0.00     0.00 -1 -3.87e-10      0.00 7.407e-01 2.582e-01 1.800e-04 6.941e-05 4.876e-04 -1.000 1.129e-03 -0.991 1.271 -0.196 -0.972 -1.227 -1.363 -1.418
0.0010968 -1.15000 10.00000 0.8673177958 2.4401821092    0.856  2.343  3.6656  1.642    3  0.000  0.492     0.00     0.00     0.00     0.00     0.00 -1 -4.47e-10      0.00 7.407e-01 2.582e-01 1.800e-04 6.942e-05 4.876e-04 -1.000 1.129e-03 -1.087 1.245 -0.268 -1.064 -1.323 -1.463 -1.519
0.0010968 -1.15000 10.00000 0.8673520088 2.4401920448    0.855  2.382  3.6630  1.593    3  0.000  0.492     0.00     0.00     0.00     0.00     0.00 -1 -5.17e-10      0.00 7.407e-01 2.582e-01 1.800e-04 6.942e-05 4.876e-04 -1.000 1.129e-03 -1.184 1.222 -0.339 -1.156 -1.420 -1.563 -1.621
0.0010968 -1.15000 10.00000 0.8673832417 2.4402011141    0.855  2.420  3.6605  1.544    3  0.000  0.492     0.00     0.00     0.00     0.00     0.00 -1 -5.98e-10      0.00 7.407e-01 2.582e-01 1.800e-04 6.943e-05 4.876e-04 -1.000 1.129e-03 -1.279 1.202 -0.408 -1.247 -1.515 -1.660 -1.721
0.0010968 -1.15000 10.00000 0.8674122095 2.4402095250    0.854  2.458  3.6580  1.496    3  0.000  0.492     0.00     0.00     0.00     0.00     0.00 -1  -6.9e-10      0.00 7.407e-01 2.582e-01 1.800e-04 6.943e-05 4.876e-04 -1.000 1.129e-03 -1.374 1.185 -0.475 -1.335 -1.608 -1.757 -1.819
0.0010968 -1.15000 10.00000 0.8674387336 2.4402172258    0.853  2.494  3.6554  1.448    3  0.000  0.492     0.00     0.00     0.00     0.00     0.00 -1 -7.92e-10      0.00 7.407e-01 2.582e-01 1.800e-04 6.944e-05 4.876e-04 -1.000 1.129e-03 -1.466 1.164 -0.538 -1.417 -1.696 -1.850 -1.914
0.0010968 -1.15000 10.00000 0.8674690723 2.4402260334    0.852  2.539  3.6523  1.390    3  0.000  0.492     8.64     6.62     4.67     3.61     2.92  3 -9.41e-10      0.00 7.407e-01 2.582e-01 1.800e-04 6.944e-05 4.876e-04 -1.000 1.129e-03 -1.579 1.141 -0.615 -1.518 -1.804 -1.963 -2.030
0.0010968 -1.15000 10.00000 0.8674919009 2.4402326604    0.851  2.576  3.6498  1.344    3  0.000  0.492     9.52     7.20     5.06     3.91     3.17  3 -1.08e-09      0.00 7.407e-01 2.582e-01 1.800e-04 6.945e-05 4.876e-04 -1.000 1.129e-03 -1.669 1.124 -0.676 -1.598 -1.891 -2.054 -2.123
0.0010968 -1.15000 10.00000 0.8675169945 2.4402399443    0.850  2.618  3.6467  1.288    3  0.000  0.492    10.70     7.95     5.56     4.31     3.49  3 -1.27e-09      0.00 7.407e-01 2.582e-01 1.800e-04 6.945e-05 4.876e-04 -1.000 1.129e-03 -1.776 1.107 -0.746 -1.691 -1.992 -2.160 -2.232
0.0010968 -1.15000 10.00000 0.8675405979 2.4402467953    0.849  2.662  3.6436  1.232    3  0.000  0.492    12.05     8.81     6.13     4.76     3.86  3  -1.5e-09      0.00 7.407e-01 2.582e-01 1.800e-04 6.946e-05 4.876e-04 -1.000 1.129e-03 -1.884 1.091 -0.816 -1.785 -2.095 -2.268 -2.342
0.0010968 -1.15000 10.00000 0.8675585389 2.4402520024    0.848  2.697  3.6411  1.186    3  0.000  0.492    13.27     9.57     6.64     5.16     4.18  3 -1.72e-09      0.00 7.407e-01 2.582e-01 1.800e-04 6.946e-05 4.876e-04 -1.000 1.129e-03 -1.972 1.078 -0.873 -1.862 -2.178 -2.356 -2.432
0.0010968 -1.15000 10.00000 0.8675781488 2.4402576937    0.846  2.738  3.6381  1.132    3  0.000  0.492    14.86    10.54     7.28     5.67     4.59  3 -2.01e-09      0.00 7.407e-01 2.582e-01 1.800e-04 6.946e-05 4.876e-04 -1.000 1.129e-03 -2.075 1.066 -0.936 -1.949 -2.274 -2.458 -2.536
0.0010968 -1.15000 10.00000 0.8675968051 2.4402631079    0.845  2.779  3.6349  1.077    3  0.000  0.492    16.67    11.63     8.00     6.24     5.06  2 -2.36e-09      0.00 7.407e-01 2.582e-01 1.799e-04 6.947e-05 4.876e-04 -1.000 1.129e-03 -2.179 1.057 -0.999 -2.037 -2.371 -2.560 -2.641
0.0010968 -1.15000 10.00000 0.8676144481 2.4402682277    0.843  2.822  3.6317  1.021    3  0.000  0.492    18.74    12.86     8.80     6.87     5.57  2 -2.77e-09      0.00 7.407e-01 2.582e-01 1.799e-04 6.947e-05 4.876e-04 -1.000 1.129e-03 -2.284 1.050 -1.062 -2.126 -2.468 -2.663 -2.747
0.0010968 -1.15000 10.00000 0.8676295280 2.4402726037    0.841  2.860  3.6288  0.970    3  0.000  0.492    20.86    14.09     9.61     7.51     6.09  2 -3.21e-09      0.00 7.407e-01 2.582e-01 1.799e-04 6.947e-05 4.876e-04 -1.000 1.129e-03 -2.380 1.049 -1.115 -2.205 -2.556 -2.758 -2.843
0.0010968 -1.15000 10.00000 0.8676440120 2.4402768065    0.839  2.899  3.6258  0.918    3  0.000  0.492    23.28    15.48    10.50     8.23     6.68  2 -3.74e-09      0.00 7.407e-01 2.582e-01 1.799e-04 6.948e-05 4.876e-04 -1.000 1.128e-03 -2.478 1.051 -1.165 -2.284 -2.646 -2.853 -2.942
0.0010968 -1.15000 10.00000 0.8676577210 2.4402807843    0.837  2.939  3.6227  0.865    3  0.000  0.492    26.04    17.04    11.51     9.03     7.33  2 -4.36e-09      0.00 7.407e-01 2.582e-01 1.799e-04 6.948e-05 4.876e-04 -1.000 1.128e-03 -2.577 1.056 -1.214 -2.363 -2.736 -2.950 -3.041
0.0010968 -1.15000 10.00000 0.8676700592 2.4402843642    0.835  2.977  3.6197  0.813    3  0.000  0.492    28.99    18.68    12.57     9.87     8.01  2 -5.06e-09      0.00 7.407e-01 2.582e-01 1.799e-04 6.948e-05 4.876e-04 -1.000 1.129e-03 -2.673 1.059 -1.261 -2.439 -2.823 -3.043 -3.136
0.0010968 -1.15000 10.00000 0.8676814437 2.4402876673    0.832  3.014  3.6168  0.763    3  0.000  0.492    32.20    20.43    13.69    10.77     8.74  2 -5.85e-09      0.00 7.407e-01 2.582e-01 1.799e-04 6.948e-05 4.876e-04 -1.000 1.129e-03 -2.766 1.062 -1.305 -2.512 -2.906 -3.133 -3.229
0.0010968 -1.15000 10.00000 0.8676921725 2.4402907801    0.830  3.051  3.6139  0.713    3  0.000  0.492    35.76    22.35    14.91    11.75     9.54  1 -6.75e-09      0.00 7.407e-01 2.582e-01 1.799e-04 6.949e-05 4.876e-04 -1.000 1.129e-03 -2.858 1.066 -1.348 -2.584 -2.989 -3.222 -3.320
0.0010968 -1.15000 10.00000 0.8677024841 2.4402937717    0.827  3.089  3.6109  0.662    3  0.000  0.492    39.79    24.48    16.27    12.84    10.42  1 -7.82e-09      0.00 7.407e-01 2.582e-01 1.799e-04 6.949e-05 4.876e-04 -1.000 1.129e-03 -2.952 1.070 -1.391 -2.656 -3.073 -3.312 -3.413
0.0010968 -1.15000 10.00000 0.8677114844 2.4402963828    0.824  3.123  3.6082  0.615    3  0.000  0.492    43.90    26.62    17.62    13.92    11.31  1 -8.96e-09      0.00 7.407e-01 2.582e-01 1.799e-04 6.949e-05 4.876e-04 -1.000 1.129e-03 -3.038 1.071 -1.428 -2.722 -3.149 -3.394 -3.498
0.0010968 -1.15000 10.00000 0.8677202463 2.4402989247    0.820  3.159  3.6054  0.567    3  0.000  0.492    48.61    29.04    19.15    15.15    12.31  1 -1.03e-08      0.00 7.407e-01 2.582e-01 1.799e-04 6.949e-05 4.876e-04 -1.000 1.129e-03 -3.127 1.070 -1.465 -2.788 -3.227 -3.479 -3.585
0.0010968 -1.15000 10.00000 0.8677285314 2.4403013282    0.816  3.194  3.6026  0.518    3  0.000  0.492    53.80    31.66    20.79    16.47    13.39  1 -1.18e-08      0.00 7.407e-01 2.582e-01 1.799e-04 6.949e-05 4.876e-04 -1.000 1.129e-03 -3.215 1.068 -1.500 -2.853 -3.304 -3.563 -3.671
0.0010968 -1.15000 10.00000 0.8677361012 2.4403035242    0.813  3.228  3.5999  0.472    3  0.000  0.492    59.31    34.40    22.50    17.86    14.51  1 -1.35e-08      0.00 7.407e-01 2.582e-01 1.799e-04 6.949e-05 4.876e-04 -1.000 1.129e-03 -3.299 1.066 -1.529 -2.914 -3.378 -3.643 -3.754
0.0010968 -1.15000 10.00000 0.8677430749 2.4403055472    0.809  3.260  3.5973  0.427    3  0.000  0.492    65.16    37.26    24.29    19.30    15.68  1 -1.54e-08      0.00 7.407e-01 2.582e-01 1.799e-04 6.950e-05 4.876e-04 -1.000 1.128e-03 -3.380 1.060 -1.552 -2.970 -3.447 -3.719 -3.833
0.0010968 -1.15000 10.00000 0.8677496314 2.4403074492    0.804  3.291  3.5948  0.384    3  0.000  0.492    71.29    40.22    26.12    20.78    16.89  1 -1.74e-08      0.00 7.407e-01 2.582e-01 1.799e-04 6.950e-05 4.876e-04 -1.000 1.128e-03 -3.457 1.055 -1.574 -3.023 -3.514 -3.792 -3.908
0.0010968 -1.15000 10.00000 0.8677560091 2.4403092992    0.800  3.320  3.5924  0.342    3  0.000  0.492    77.81    43.31    28.03    22.33    18.16  1 -1.97e-08      0.00 7.407e-01 2.582e-01 1.799e-04 6.950e-05 4.876e-04 -1.000 1.129e-03 -3.531 1.051 -1.594 -3.074 -3.577 -3.862 -3.980
0.0010968 -1.15000 10.00000 0.8677574396 2.4403097142    0.798  3.327  3.5919  0.333    3  0.000  0.492    79.29    44.01    28.46    22.68    18.44  1 -2.02e-08      0.00 7.407e-01 2.582e-01 1.799e-04 6.950e-05 4.876e-04 -1.000 1.128e-03 -3.547 1.050 -1.598 -3.085 -3.591 -3.877 -3.996
0.0010968 -1.15000 10.00000 0.8677574396 2.4403097142    0.798  1.756  3.7354  2.478    4  0.000  0.516     0.00     0.00     0.00     0.00     0.00 -1    -1e-30      0.00 7.401e-01 2.588e-01 1.900e-04 6.043e-05 4.915e-04 -1.000 1.120e-03 0.381 1.614 0.775 0.324 0.182 0.127 0.112
0.0010968 -1.15000 10.00000 0.8678253293 2.4403294057    0.799  1.772  3.7343  2.457    4  0.000  0.516     0.00     0.00     0.00     0.00     0.00 -1    -1e-30      0.00 7.401e-01 2.588e-01 1.900e-04 6.043e-05 4.915e-04 -1.000 1.120e-03 0.340 1.585 0.739 0.283 0.140 0.083 0.067
0.0010968 -1.15000 10.00000 0.8678909540 2.4403484368    0.799  1.775  3.7341  2.454    4  0.000  0.516     0.00     0.00     0.00     0.00     0.00 -1    -1e-30      0.00 7.401e-01 2.588e-01 1.900e-04 6.043e-05 4.915e-04 -1.000 1.120e-03 0.332 1.579 0.732 0.275 0.132 0.075 0.059
0.0010968 -1.15000 10.00000 0.8679578900 2.4403678448    0.799  1.777  3.7342  2.452    4  0.000  0.516     0.00     0.00     0.00     0.00     0.00 -1    -1e-30      0.00 7.401e-01 2.588e-01 1.900e-04 6.043e-05 4.915e-04 -1.000 1.120e-03 0.328 1.574 0.727 0.271 0.127 0.071 0.055
0.0010968 -1.15000 10.00000 0.8680250645 2.4403873185    0.799  1.778  3.7345  2.452    4  0.000  0.516     0.00     0.00     0.00     0.00     0.00 -1    -1e-30      0.00 7.400e-01 2.588e-01 1.900e-04 6.043e-05 4.915e-04 -1.000 1.120e-03 0.325 1.569 0.724 0.269 0.125 0.070 0.053
0.0010968 -1.15000 10.00000 0.8680928946 2.4404069788    0.799  1.778  3.7349  2.454    4  0.000  0.516     0.00     0.00     0.00     0.00     0.00 -1    -1e-30      0.00 7.400e-01 2.588e-01 1.900e-04 6.044e-05 4.915e-04 -1.000 1.120e-03 0.325 1.564 0.722 0.268 0.126 0.070 0.054
0.0010968 -1.15000 10.00000 0.8681617379 2.4404269291    0.799  1.777  3.7355  2.457    4  0.000  0.516     0.00     0.00     0.00     0.00     0.00 -1    -1e-30      0.00 7.400e-01 2.588e-01 1.900e-04 6.044e-05 4.915e-04 -1.000 1.120e-03 0.327 1.560 0.720 0.269 0.128 0.073 0.057
0.0010968 -1.15000 10.00000 0.8682293296 2.4404465131    0.799  1.777  3.7361  2.461    4  0.000  0.516     0.00     0.00     0.00     0.00     0.00 -1    -1e-30      0.00 7.400e-01 2.588e-01 1.900e-04 6.044e-05 4.915e-04 -1.000 1.120e-03 0.329 1.555 0.720 0.271 0.131 0.077 0.061
0.0010968 -1.15000 10.00000 0.8682987690 2.4404666289    0.799  1.776  3.7368  2.464    4  0.000  0.516     0.00     0.00     0.00     0.00     0.00 -1    -1e-30      0.00 7.400e-01 2.588e-01 1.900e-04 6.044e-05 4.915e-04 -1.000 1.120e-03 0.331 1.551 0.719 0.273 0.134 0.081 0.066
0.0010968 -1.15000 10.00000 0.8683642149 2.4404855844    0.799  1.775  3.7375  2.468    4  0.000  0.516     0.00     0.00     0.00     0.00     0.00 -1    -1e-30      0.00 7.400e-01 2.588e-01 1.900e-04 6.044e-05 4.915e-04 -1.000 1.120e-03 0.333 1.547 0.719 0.275 0.137 0.084 0.070
0.0010968 -1.15000 10.00000 0.8684353232 2.4405061762    0.799  1.774  3.7382  2.471    4  0.000  0.516     0.00     0.00     0.00     0.00     0.00 -1    -1e-30      0.00 7.400e-01 2.588e-01 1.900e-04 6.044e-05 4.915e-04 -1.000 1.120e-03 0.335 1.542 0.718 0.277 0.140 0.088 0.074
0.0010968 -1.15000 10.00000 0.8684980273 2.4405243311    0.799  1.773  3.7387  2.474    4  0.000  0.516     0.00     0.00     0.00     0.00     0.00 -1    -1e-30      0.00 7.400e-01 2.588e-01 1.900e-04 6.044e-05 4.915e-04 -1.000 1.120e-03 0.337 1.538 0.717 0.278 0.142 0.091 0.077
0.0010968 -1.15000 10.00000 0.8685673475 2.4405443981    0.799  1.772  3.7393  2.478    4  0.000  0.516     0.00     0.00     0.00     0.00     0.00 -1    -1e-30      0.00 7.400e-01 2.588e-01 1.900e-04 6.044e-05 4.915e-04 -1.000 1.120e-03 0.339 1.534 0.717 0.280 0.145 0.094 0.080
0.0010968 -1.15000 10.00000 0.8686345816 2.4405638576    0.799  1.772  3.7398  2.480    4  0.000  0.516     0.00     0.00     0.00     0.00     0.00 -1    -1e-30      0.00 7.400e-01 2.588e-01 1.900e-04 6.044e-05 4.915e-04 -1.000 1.120e-03 0.340 1.530 0.716 0.281 0.147 0.097 0.083
0.0010968 -1.15000 10.00000 0.8687012792 2.4405831584    0.799  1.772  3.7403  2.482    4  0.000  0.516     0.00     0.00     0.00     0.00     0.00 -1    -1e-30      0.00 7.400e-01 2.588e-01 1.900e-04 6.044e-05 4.915e-04 -1.000 1.120e-03 0.341 1.527 0.715 0.282 0.148 0.098 0.085
0.0010968 -1.15000 10.00000 0.8687164783 2.4405875563    0.799  1.772  3.7404  2.483    4  0.000  0.516     0.00     0.00     0.00     0.00     0.00 -1    -1e-30      0.00 7.400e-01 2.588e-01 1.900e-04 6.044e-05 4.915e-04 -1.000 1.120e-03 0.341 1.526 0.714 0.282 0.148 0.099 0.085
0.0010968 -1.15000 10.00000 0.8687798977 2.4406059046    0.800  1.772  3.7407  2.484    4  0.000  0.516     0.00     0.00     0.00     0.00     0.00 -1    -1e-30      0.00 7.400e-01 2.588e-01 1.900e-04 6.044e-05 4.915e-04 -1.000 1.120e-03 0.341 1.524 0.713 0.281 0.149 0.100 0.086
0.0010968 -1.15000 10.00000 0.8688492179 2.4406259565    0.800  1.772  3.7410  2.485    4  0.000  0.516     0.00     0.00     0.00     0.00     0.00 -1    -1e-30      0.00 7.400e-01 2.588e-01 1.900e-04 6.044e-05 4.915e-04 -1.000 1.120e-03 0.341 1.521 0.711 0.281 0.149 0.100 0.087
0.0010968 -1.15000 10.00000 0.8689118028 2.4406440570    0.800  1.772  3.7412  2.485    4  0.000  0.516     0.00     0.00     0.00     0.00     0.00 -1    -1e-30      0.00 7.400e-01 2.588e-01 1.900e-04 6.044e-05 4.915e-04 -1.000 1.120e-03 0.340 1.518 0.710 0.280 0.148 0.099 0.086
0.0010968 -1.15000 10.00000 0.8689777255 2.4406631197    0.800  1.773  3.7412  2.485    4  0.000  0.516     0.00     0.00     0.00     0.00     0.00 -1    -1e-30      0.00 7.400e-01 2.588e-01 1.900e-04 6.044e-05 4.915e-04 -1.000 1.120e-03 0.338 1.516 0.708 0.278 0.146 0.098 0.085
0.0010968 -1.15000 10.00000 0.8690440059 2.4406822824    0.800  1.774  3.7412  2.484    4  0.000  0.516     0.00     0.00     0.00     0.00     0.00 -1    -1e-30      0.00 7.400e-01 2.588e-01 1.900e-04 6.045e-05 4.915e-04 -1.000 1.120e-03 0.335 1.513 0.705 0.276 0.144 0.095 0.082
0.0010968 -1.15000 10.00000 0.8691114783 2.4407017863    0.800  1.775  3.7411  2.482    4  0.000  0.516     0.00     0.00     0.00     0.00     0.00 -1    -1e-30      0.00 7.400e-01 2.588e-01 1.900e-04 6.045e-05 4.915e-04 -1.000 1.120e-03 0.332 1.511 0.702 0.272 0.140 0.091 0.078
0.0010968 -1.15000 10.00000 0.8691797256 2.4407215106    0.800  1.777  3.7409  2.479    4  0.000  0.516     0.00     0.00     0.00     0.00     0.00 -1    -1e-30      0.00 7.400e-01 2.588e-01 1.900e-04 6.045e-05 4.915e-04 -1.000 1.120e-03 0.327 1.509 0.699 0.268 0.135 0.086 0.073
0.0010968 -1.15000 10.00000 0.8691915870 2.4407249383    0.800  1.777  3.7408  2.479    4  0.000  0.516     0.00     0.00     0.00     0.00     0.00 -1    -1e-30      0.00 7.400e-01 2.588e-01 1.900e-04 6.045e-05 4.915e-04 -1.000 1.120e-03 0.327 1.508 0.698 0.267 0.134 0.085 0.072
0.0010968 -1.15000 10.00000 0.8692060113 2.4407291066    0.800  1.778  3.7407  2.478    4  0.000  0.516     0.00     0.00     0.00     0.00     0.00 -1    -1e-30      0.00 7.400e-01 2.588e-01 1.900e-04 6.045e-05 4.915e-04 -1.000 1.120e-03 0.325 1.508 0.697 0.266 0.133 0.084 0.070
0.0010968 -1.15000 10.00000 0.8692658544 2.4407463978    0.800  1.780  3.7404  2.475    4  0.000  0.516     0.00     0.00     0.00     0.00     0.00 -1    -1e-30      0.00 7.400e-01 2.588e-01 1.900e-04 6.045e-05 4.915e-04 -1.000 1.120e-03 0.320 1.505 0.693 0.260 0.127 0.078 0.064
0.0010968 -1.15000 10.00000 0.8693243265 2.4407632903    0.800  1.782  3.7400  2.471    4  0.000  0.516     0.00     0.00     0.00     0.00     0.00 -1    -1e-30      0.00 7.400e-01 2.588e-01 1.900e-04 6.045e-05 4.915e-04 -1.000 1.120e-03 0.314 1.503 0.689 0.254 0.120 0.071 0.057
0.0010968 -1.15000 10.00000 0.8693844676 2.4407806623    0.800  1.785  3.7395  2.466    4  0.000  0.516     0.00     0.00     0.00     0.00     0.00 -1    -1e-30      0.00 7.400e-01 2.588e-01 1.900e-04 6.045e-05 4.915e-04 -1.000 1.120e-03 0.307 1.501 0.684 0.248 0.113 0.063 0.049
0.0010968 -1.15000 10.00000 0.8694425225 2.4407974290    0.800  1.788  3.7391  2.462    4  0.000  0.516     0.00     0.00     0.00     0.00     0.00 -1    -1e-30      0.00 7.400e-01 2.588e-01 1.900e-04 6.045e-05 4.915e-04 -1.000 1.120e-03 0.300 1.499 0.679 0.241 0.106 0.055 0.041
0.0010968 -1.15000 10.00000 0.8695021868 2.4408146578    0.800  1.793  3.7381  2.453    4  0.000  0.516     0.00     0.00     0.00     0.00     0.00 -1    -1e-30      0.00 7.400e-01 2.588e-01 1.900e-04 6.045e-05 4.915e-04 -1.000 1.120e-03 0.289 1.496 0.671 0.230 0.093 0.041 0.026
0.0010968 -1.15000 10.00000 0.8695599437 2.4408313333    0.800  1.798  3.7372  2.444    4  0.000  0.516     0.00     0.00     0.00     0.00     0.00 -1    -1e-30      0.00 7.400e-01 2.588e-01 1.900e-04 6.045e-05 4.915e-04 -1.000 1.120e-03 0.275 1.493 0.662 0.217 0.078 0.025 0.010
0.0010968 -1.15000 10.00000 0.8696180582 2.4408481094    0.800  1.803  3.7362  2.435    4  0.000  0.516     0.00     0.00     0.00     0.00     0.00 -1    -1e-30      0.00 7.400e-01 2.588e-01 1.900e-04 6.045e-05 4.915e-04 -1.000 1.120e-03 0.261 1.488 0.652 0.203 0.063 0.009 -0.007
0.0010968 -1.15000 10.00000 0.8696761727 2.4408648830    0.801  1.809  3.7352  2.425    4  0.000  0.516     0.00     0.00     0.00     0.00     0.00 -1    -1e-30      0.00 7.400e-01 2.588e-01 1.900e-04 6.045e-05 4.915e-04 -1.000 1.120e-03 0.246 1.484 0.641 0.188 0.047 -0.008 -0.024
0.0010968 -1.15000 10.00000 0.8697341681 2.4408816196    0.801  1.817  3.7340  2.412    4  0.000  0.516     0.00     0.00     0.00     0.00     0.00 -1    -1e-30      0.00 7.400e-01 2.588e-01 1.900e-04 6.045e-05 4.915e-04 -1.000 1.120e-03 0.227 1.477 0.627 0.170 0.026 -0.030 -0.047
0.0010968 -1.15000 10.00000 0.8697916269 2.4408981988    0.801  1.826  3.7325  2.397    4  0.000  0.516     0.00     0.00     0.00     0.00     0.00 -1    -1e-30      0.00 7.400e-01 2.588e-01 1.900e-04 6.045e-05 4.915e-04 -1.000 1.120e-03 0.204 1.468 0.610 0.147 0.001 -0.057 -0.074
0.0010968 -1.15000 10.00000 0.8698511124 2.4409153602    0.801  1.840  3.7305  2.375    4  0.000  0.516     0.00     0.00     0.00     0.00     0.00 -1    -1e-30      0.00 7.400e-01 2.588e-01 1.900e-04 6.045e-05 4.915e-04 -1.000 1.120e-03 0.170 1.454 0.584 0.113 -0.036 -0.096 -0.114
0.0010968 -1.15000 10.00000 0.8699094057 2.4409321750    0.801  1.866  3.7269  2.336    4  0.000  0.516     0.00     0.00     0.00     0.00     0.00 -1    -1e-30      0.00 7.400e-01 2.588e-01 1.900e-04 6.046e-05 4.915e-04 -1.000 1.120e-03 0.106 1.430 0.536 0.052 -0.104 -0.168 -0.188
0.0010968 -1.15000 10.00000 0.8699496984 2.4409437960    0.801  1.899  3.7226  2.285    4  0.000  0.516     0.00     0.00     0.00     0.00     0.00 -1    -1e-30      0.00 7.400e-01 2.588e-01 1.900e-04 6.046e-05 4.915e-04 -1.000 1.120e-03 0.023 1.395 0.472 -0.029 -0.192 -0.261 -0.283
0.0010968 -1.15000 10.00000 0.8699688911 2.4409493310    0.801  1.933  3.7184  2.234    4  0.000  0.516     0.00     0.00     0.00     0.00     0.00 -1    -1e-30      0.00 7.400e-01 2.588e-01 1.900e-04 6.046e-05 4.915e-04 -1.000 1.120e-03 -0.063 1.358 0.406 -0.112 -0.282 -0.356 -0.380
0.0010968 -1.15000 10.00000 0.8699774742 2.4409518062    0.801  1.967  3.7143  2.184    4  0.000  0.516     0.00     0.00     0.00     0.00     0.00 -1    -1e-30      0.00 7.400e-01 2.588e-01 1.900e-04 6.046e-05 4.915e-04 -1.000 1.120e-03 -0.148 1.322 0.341 -0.194 -0.371 -0.449 -0.476
0.0010968 -1.15000 10.00000 0.8699815273 2.4409529750    0.801  2.001  3.7106  2.135    4  0.000  0.516     0.00     0.00     0.00     0.00     0.00 -1    -1e-30      0.00 7.400e-01 2.588e-01 1.900e-04 6.046e-05 4.915e-04 -1.000 1.120e-03 -0.232 1.284 0.276 -0.275 -0.458 -0.541 -0.569
0.0010968 -1.15000 10.00000 0.8699837923 2.4409536281    0.801  2.034  3.7071  2.087    4  0.000  0.516     0.00     0.00     0.00     0.00     0.00 -1    -1e-30      0.00 7.400e-01 2.588e-01 1.900e-04 6.046e-05 4.915e-04 -1.000 1.120e-03 -0.316 1.247 0.211 -0.354 -0.543 -0.631 -0.661
0.0010968 -1.15000 10.00000 0.8699850440 2.4409539891    0.801  2.062  3.7043  2.049    4  0.000  0.516     0.00     0.00     0.00     0.00     0.00 -1    -1e-30      0.00 7.400e-01 2.588e-01 1.900e-04 6.046e-05 4.915e-04 -1.000 1.120e-03 -0.385 1.214 0.158 -0.420 -0.614 -0.705 -0.736
0.0010968 -1.15000 10.00000 0.8699852228 2.4409540407    0.801  2.065  3.7040  2.045    7  0.000  0.516     0.00     0.00     0.00     0.00     0.00 -1 -8.97e-10      0.00 7.400e-01 2.572e-01 1.900e-04 6.046e-05 4.915e-04 -1.000 2.730e-03 -0.392 1.211 0.152 -0.427 -0.622 -0.713 -0.745
0.0010968 -1.15000 10.00000 0.8699861765 2.4409543157    0.801  2.097  3.7010  2.000    7  0.000  0.516     0.00     0.00     0.00     0.00     0.00 -1 -1.08e-09      0.00 7.400e-01 2.572e-01 1.900e-04 6.046e-05 4.915e-04 -1.000 2.730e-03 -0.474 1.169 0.087 -0.505 -0.705 -0.800 -0.833
0.0010968 -1.15000 10.00000 0.8699872494 2.4409546251    0.801  2.135  3.6977  1.950    7  0.000  0.516     0.00     0.00     0.00     0.00     0.00 -1 -1.35e-09      0.00 7.400e-01 2.572e-01 1.900e-04 6.046e-05 4.915e-04 -1.000 2.730e-03 -0.566 1.128 0.014 -0.593 -0.799 -0.898 -0.934
0.0010968 -1.15000 10.00000 0.8699884415 2.4409549688    0.801  2.168  3.6946  1.904    7  0.000  0.516     0.00     0.00     0.00     0.00     0.00 -1 -1.63e-09      0.00 7.400e-01 2.572e-01 1.900e-04 6.046e-05 4.915e-04 -1.000 2.730e-03 -0.651 1.091 -0.052 -0.673 -0.884 -0.988 -1.025
0.0010968 -1.15000 10.00000 0.8699914217 2.4409558282    0.800  2.219  3.6903  1.836    7  0.000  0.516     0.00     0.00     0.00     0.00     0.00 -1 -2.18e-09      0.00 7.400e-01 2.572e-01 1.900e-04 6.046e-05 4.915e-04 -1.000 2.730e-03 -0.777 1.035 -0.150 -0.792 -1.012 -1.121 -1.160
0.0010968 -1.15000 10.00000 0.8699944019 2.4409566876    0.800  2.218  3.6904  1.836    7  0.000  0.516     0.00     0.00     0.00     0.00     0.00 -1 -2.18e-09      0.00 7.400e-01 2.572e-01 1.900e-04 6.046e-05 4.915e-04 -1.000 2.730e-03 -0.776 1.035 -0.149 -0.791 -1.011 -1.119 -1.159
0.0010968 -1.15000 10.00000 0.8700286746 2.4409665702    0.798  2.194  3.6924  1.868    7  0.000  0.516     0.00     0.00     0.00     0.00     0.00 -1 -1.91e-09      0.00 7.400e-01 2.572e-01 1.900e-04 6.046e-05 4.915e-04 -1.000 2.730e-03 -0.714 1.064 -0.100 -0.733 -0.948 -1.054 -1.093
0.0010968 -1.15000 10.00000 0.8700581193 2.4409750599    0.796  2.221  3.6899  1.830    7  0.000  0.516     0.00     0.00     0.00     0.00     0.00 -1 -2.26e-09      0.00 7.400e-01 2.572e-01 1.900e-04 6.046e-05 4.915e-04 -1.000 2.730e-03 -0.782 1.036 -0.153 -0.797 -1.017 -1.126 -1.166
0.0010968 -1.15000 10.00000 0.8700780272 2.4409807995    0.794  2.255  3.6869  1.783    7  0.000  0.516     0.00     0.00     0.00     0.00     0.00 -1 -2.75e-09      0.00 7.400e-01 2.572e-01 1.900e-04 6.046e-05 4.915e-04 -1.000 2.730e-03 -0.867 1.002 -0.217 -0.876 -1.101 -1.215 -1.257
0.0010968 -1.15000 10.00000 0.8700949550 2.4409856797    0.792  2.286  3.6842  1.740    7  0.000  0.516     0.00     0.00     0.00     0.00     0.00 -1 -3.29e-09      0.00 7.400e-01 2.572e-01 1.900e-04 6.046e-05 4.915e-04 -1.000 2.730e-03 -0.946 0.978 -0.276 -0.950 -1.181 -1.298 -1.341
0.0010968 -1.15000 10.00000 0.8701141477 2.4409912126    0.790  2.324  3.6810  1.687    7  0.000  0.516     0.00     0.00     0.00     0.00     0.00 -1 -4.15e-09      0.00 7.400e-01 2.572e-01 1.900e-04 6.046e-05 4.915e-04 -1.000 2.730e-03 -1.041 0.954 -0.347 -1.043 -1.278 -1.399 -1.445
0.0010968 -1.15000 10.00000 0.8701317310 2.4409962813    0.787  2.364  3.6777  1.633    7  0.000  0.516     0.00     0.00     0.00     0.00     0.00 -1 -5.26e-09      0.00 7.400e-01 2.572e-01 1.900e-04 6.046e-05 4.915e-04 -1.000 2.730e-03 -1.139 0.934 -0.419 -1.138 -1.378 -1.503 -1.551
0.0010968 -1.15000 10.00000 0.8701475263 2.4410008343    0.783  2.404  3.6744  1.578    7  0.000  0.516     0.00     0.00     0.00     0.00     0.00 -1  -6.6e-09      0.00 7.400e-01 2.573e-01 1.900e-04 6.046e-05 4.915e-04 -1.000 2.716e-03 -1.239 0.917 -0.491 -1.234 -1.480 -1.608 -1.659
0.0010968 -1.15000 10.00000 0.8701618314 2.4410049577    0.780  2.444  3.6709  1.522    7  0.000  0.516     0.00     0.00     0.00     0.00     0.00 -1 -8.39e-09      0.00 7.400e-01 2.573e-01 1.900e-04 6.047e-05 4.915e-04 -1.000 2.653e-03 -1.340 0.904 -0.561 -1.330 -1.582 -1.715 -1.767
0.0010968 -1.15000 10.00000 0.8701745868 2.4410086342    0.775  2.484  3.6676  1.466    7  0.000  0.516     0.00     0.00     0.00     0.00     0.00 -1 -1.06e-08      0.00 7.400e-01 2.573e-01 1.898e-04 6.051e-05 4.915e-04 -1.000 2.631e-03 -1.440 0.899 -0.628 -1.425 -1.683 -1.820 -1.875
0.0010968 -1.15000 10.00000 0.8701861501 2.4410119670    0.770  2.524  3.6641  1.409    7  0.000  0.514     8.03     6.24     4.40     3.41     2.76  3 -1.35e-08      0.00 7.400e-01 2.574e-01 1.894e-04 6.075e-05 4.915e-04 -1.000 2.615e-03 -1.541 0.904 -0.692 -1.519 -1.783 -1.925 -1.983
0.0010968 -1.15000 10.00000 0.8701965809 2.4410149733    0.764  2.564  3.6597  1.348    7  0.000  0.512     9.11     6.95     4.88     3.79     3.06  3 -1.72e-08      0.00 7.400e-01 2.574e-01 1.884e-04 6.152e-05 4.915e-04 -1.000 2.571e-03 -1.640 0.943 -0.742 -1.608 -1.881 -2.028 -2.090
0.0010968 -1.15000 10.00000 0.8702061772 2.4410177390    0.758  2.604  3.6534  1.279    7  0.000  0.506    10.52     7.85     5.48     4.26     3.45  3 -2.22e-08      0.00 7.400e-01 2.575e-01 1.863e-04 6.362e-05 4.915e-04 -1.000 2.531e-03 -1.739 1.015 -0.772 -1.684 -1.971 -2.128 -2.195
0.0010968 -1.15000 10.00000 0.8702106476 2.4410190274    0.753  2.623  3.6502  1.244    7  0.000  0.502    11.31     8.35     5.81     4.53     3.66  2 -2.52e-08      0.00 7.400e-01 2.575e-01 1.849e-04 6.527e-05 4.915e-04 -1.000 2.530e-03 -1.789 1.045 -0.788 -1.721 -2.015 -2.178 -2.247
0.0010968 -1.15000 10.00000 0.8702191710 2.4410214838    0.745  2.663  3.6459  1.183    7  0.000  0.494    12.84     9.30     6.44     5.03     4.07  2 -3.21e-08      0.00 7.399e-01 2.576e-01 1.821e-04 6.865e-05 4.916e-04 -1.000 2.521e-03 -1.886 1.067 -0.835 -1.799 -2.104 -2.275 -2.347
0.0010968 -1.15000 10.00000 0.8702273965 2.4410238543    0.734  2.702  3.6425  1.124    7  0.000  0.486    14.51    10.31     7.11     5.56     4.50  2 -4.11e-08      0.00 7.398e-01 2.577e-01 1.795e-04 7.191e-05 4.916e-04 -1.000 2.487e-03 -1.984 1.069 -0.891 -1.882 -2.196 -2.372 -2.447
0.0010968 -1.15000 10.00000 0.8702353835 2.4410261560    0.720  2.741  3.6390  1.062    7  0.000  0.480    16.45    11.47     7.86     6.17     4.99  2 -5.31e-08      0.00 7.397e-01 2.578e-01 1.771e-04 7.483e-05 4.917e-04 -1.000 2.441e-03 -2.083 1.074 -0.946 -1.964 -2.288 -2.470 -2.548
0.0010968 -1.15000 10.00000 0.8702430129 2.4410283547    0.703  2.781  3.6355  0.998    7  0.000  0.474    18.74    12.80     8.72     6.86     5.55  2    -7e-08      0.00 7.396e-01 2.579e-01 1.751e-04 7.737e-05 4.918e-04 -1.000 2.442e-03 -2.182 1.084 -0.998 -2.045 -2.378 -2.567 -2.648
0.0010968 -1.15000 10.00000 0.8702499866 2.4410303643    0.683  2.820  3.6321  0.933    7  0.000  0.469    21.38    14.29     9.69     7.64     6.19  1 -9.34e-08      0.00 7.395e-01 2.580e-01 1.733e-04 7.962e-05 4.918e-04 -1.000 2.440e-03 -2.279 1.107 -1.042 -2.122 -2.467 -2.662 -2.746
0.0010968 -1.15000 10.00000 0.8702566624 2.4410322880    0.657  2.859  3.6288  0.863    7  0.000  0.465    24.58    16.05    10.81     8.55     6.92  1 -1.29e-07      0.00 7.395e-01 2.581e-01 1.717e-04 8.161e-05 4.918e-04 -1.000 2.432e-03 -2.378 1.126 -1.088 -2.201 -2.558 -2.760 -2.847
0.0010968 -1.15000 10.00000 0.8702620268 2.4410338339    0.626  2.897  3.6265  0.796    7  0.000  0.461    28.11    17.91    11.99     9.51     7.70  1 -1.79e-07      0.00 7.394e-01 2.582e-01 1.704e-04 8.318e-05 4.917e-04 -1.000 2.419e-03 -2.472 1.127 -1.139 -2.280 -2.646 -2.853 -2.942
0.0010968 -1.15000 10.00000 0.8702659607 2.4410349674    0.596  2.931  3.6265  0.741    7  0.000  0.459    31.32    19.53    13.01    10.36     8.39  1 -2.44e-07      0.00 7.394e-01 2.583e-01 1.693e-04 8.445e-05 4.917e-04 -1.000 2.370e-03 -2.556 1.082 -1.210 -2.364 -2.732 -2.940 -3.029
0.0010968 -1.15000 10.00000 0.8702692389 2.4410359121    0.563  2.963  3.6301  0.698    7  0.000  0.456    34.00    20.81    13.81    11.02     8.92  1 -3.35e-07      0.00 7.393e-01 2.583e-01 1.684e-04 8.561e-05 4.916e-04 -1.000 2.357e-03 -2.637 0.957 -1.324 -2.467 -2.826 -3.028 -3.115
0.0010968 -1.15000 10.00000 0.8702716827 2.4410366163    0.520  2.990  3.6413  0.681    7  0.000  0.454    34.74    21.02    13.92    11.15     9.02  1 -4.39e-07      0.00 7.392e-01 2.584e-01 1.676e-04 8.672e-05 4.915e-04 -1.000 2.427e-03 -2.705 0.658 -1.516 -2.597 -2.929 -3.111 -3.190
0.0010968 -1.15000 10.00000 1.0941306353 2.4906872793    0.546 -9.999  3.6559  7.954    9  0.546  0.000     0.00     0.00     0.00     0.00     0.00 -1    -1e-30      0.00 7.272e-01 2.718e-01 1.538e-04 1.188e-04 4.981e-04 -1.000 1.081e-03 29.767 32.340 30.707 29.788 29.481 29.331 29.279
