# Zini     MH   logAge Mini        int_IMF         Mass   logL    logTe  logg  label   McoreTP C_O  period0  period1  period2  period3  period4  pmode  Mloss  tau1m   X   Y   Xc  Xn  Xo  Cexcess  Z 	 mbolmag  umag    gmag    rmag    imag    zmag    Ymag
0.00039019 -1.60000 10.00000 0.0900000036 1.0816895926    0.090 -3.190  3.4779  5.446    1  0.000  0.545     0.00     0.00     0.00     0.00     0.00 -1 -5.13e-17      0.00 7.485e-01 2.510e-01 7.531e-05 2.032e-05 1.843e-04 -1.000 4.188e-04 12.744 17.883 16.137 14.205 12.596 12.076 11.972
0.00039019 -1.60000 10.00000 0.0965997353 1.1420582554    0.097 -2.979  3.5084  5.387    1  0.000  0.545     0.00     0.00     0.00     0.00     0.00 -1 -8.61e-17      0.00 7.474e-01 2.522e-01 7.531e-05 2.032e-05 1.843e-04 -1.000 4.188e-04 12.217 17.180 15.019 13.207 12.035 11.616 11.508
0.00039019 -1.60000 10.00000 0.1000000015 1.1711064122    0.100 -2.876  3.5232  5.358    1  0.000  0.545     0.00     0.00     0.00     0.00     0.00 -1 -1.11e-16      0.00 7.468e-01 2.528e-01 7.531e-05 2.032e-05 1.843e-04 -1.000 4.188e-04 11.959 16.748 14.500 12.762 11.765 11.385 11.278
0.00039019 -1.60000 10.00000 0.1199999899 1.3193153758    0.120 -2.588  3.5543  5.274    1  0.000  0.545     0.00     0.00     0.00     0.00     0.00 -1 -2.17e-16      0.00 7.445e-01 2.551e-01 7.531e-05 2.032e-05 1.843e-04 -1.000 4.188e-04 11.239 15.499 13.287 11.729 11.021 10.709 10.608
0.00039019 -1.60000 10.00000 0.1400000006 1.4384526719    0.140 -2.406  3.5694  5.220    1  0.000  0.545     0.00     0.00     0.00     0.00     0.00 -1 -3.24e-16      0.00 7.428e-01 2.568e-01 7.531e-05 2.032e-05 1.843e-04 -1.000 4.188e-04 10.786 14.733 12.618 11.157 10.560 10.275 10.179
0.00039019 -1.60000 10.00000 0.1599999964 1.5372931554    0.160 -2.265  3.5795  5.177    1  0.000  0.545     0.00     0.00     0.00     0.00     0.00 -1  -4.4e-16      0.00 7.415e-01 2.581e-01 7.531e-05 2.032e-05 1.843e-04 -1.000 4.188e-04 10.433 14.176 12.134 10.743 10.201 9.933 9.841
0.00039019 -1.60000 10.00000 0.2000000179 1.6938791367    0.200 -2.045  3.5925  5.106    1  0.000  0.545     0.00     0.00     0.00     0.00     0.00 -1 -7.09e-16      0.00 7.404e-01 2.592e-01 7.531e-05 2.032e-05 1.843e-04 -1.000 4.188e-04 9.883 13.349 11.421 10.130 9.645 9.397 9.311
0.00039019 -1.60000 10.00000 0.2464899123 1.8313340554    0.247 -1.853  3.6029  5.047    1  0.000  0.545     0.00     0.00     0.00     0.00     0.00 -1 -1.06e-15      0.00 7.403e-01 2.593e-01 7.530e-05 2.032e-05 1.843e-04 -1.000 4.188e-04 9.404 12.667 10.822 9.609 9.161 8.928 8.847
0.00039019 -1.60000 10.00000 0.2500000000 1.8403257998    0.250 -1.841  3.6036  5.043    1  0.000  0.545     0.00     0.00     0.00     0.00     0.00 -1 -1.09e-15      0.00 7.403e-01 2.593e-01 7.530e-05 2.032e-05 1.843e-04 -1.000 4.188e-04 9.371 12.621 10.782 9.574 9.128 8.896 8.816
0.00039019 -1.60000 10.00000 0.3000000417 1.9529140366    0.300 -1.684  3.6123  5.000    1  0.000  0.545     0.00     0.00     0.00     0.00     0.00 -1  -1.5e-15      0.00 7.404e-01 2.592e-01 7.529e-05 2.032e-05 1.843e-04 -1.000 4.189e-04 8.980 12.071 10.297 9.151 8.731 8.513 8.437
0.00039019 -1.60000 10.00000 0.3232157230 1.9971984312    0.323 -1.623  3.6159  4.986    1  0.000  0.545     0.00     0.00     0.00     0.00     0.00 -1 -1.69e-15      0.00 7.404e-01 2.591e-01 7.528e-05 2.032e-05 1.843e-04 -1.000 4.188e-04 8.827 11.856 10.106 8.985 8.576 8.364 8.290
0.00039019 -1.60000 10.00000 0.3499999940 2.0434174644    0.350 -1.557  3.6198  4.971    1  0.000  0.545     0.00     0.00     0.00     0.00     0.00 -1 -1.93e-15      0.00 7.405e-01 2.591e-01 7.526e-05 2.032e-05 1.843e-04 -1.000 4.188e-04 8.663 11.626 9.902 8.808 8.410 8.203 8.131
0.00039019 -1.60000 10.00000 0.3957388699 2.1125905195    0.396 -1.432  3.6295  4.937    1  0.000  0.545     0.00     0.00     0.00     0.00     0.00 -1 -2.51e-15      0.00 7.495e-01 2.501e-01 7.530e-05 2.032e-05 1.843e-04 -1.000 4.188e-04 8.350 11.151 9.491 8.464 8.093 7.901 7.834
0.00039019 -1.60000 10.00000 0.4000000060 2.1185024399    0.400 -1.421  3.6303  4.934    1  0.000  0.545     0.00     0.00     0.00     0.00     0.00 -1 -2.57e-15      0.00 7.503e-01 2.493e-01 7.531e-05 2.032e-05 1.843e-04 -1.000 4.188e-04 8.323 11.110 9.455 8.434 8.065 7.874 7.808
0.00039019 -1.60000 10.00000 0.4500000179 2.1822809362    0.450 -1.254  3.6478  4.888    1  0.000  0.545     0.00     0.00     0.00     0.00     0.00 -1 -3.75e-15      0.00 7.505e-01 2.491e-01 7.531e-05 2.032e-05 1.843e-04 -1.000 4.188e-04 7.905 10.420 8.877 7.965 7.642 7.477 7.419
0.00039019 -1.60000 10.00000 0.5000000000 2.2374541529    0.500 -1.067  3.6713  4.842    1  0.000  0.545     0.00     0.00     0.00     0.00     0.00 -1 -5.78e-15      0.00 7.505e-01 2.491e-01 7.531e-05 2.032e-05 1.843e-04 -1.000 4.188e-04 7.439 9.581 8.215 7.442 7.174 7.042 6.996
0.00039019 -1.60000 10.00000 0.5500000715 2.2836583126    0.550 -0.864  3.6946  4.772    1  0.000  0.544     0.00     0.00     0.00     0.00     0.00 -1 -9.53e-15      0.00 7.792e-01 2.204e-01 6.718e-05 1.813e-05 1.645e-04 -1.000 3.909e-04 6.930 8.708 7.548 6.892 6.670 6.569 6.536
0.00039019 -1.60000 10.00000 0.6000000238 2.3211213258    0.600 -0.664  3.7204  4.714    1  0.000  0.544     0.00     0.00     0.00     0.00     0.00 -1 -1.54e-14      0.00 7.886e-01 2.110e-01 6.466e-05 1.746e-05 1.585e-04 -1.000 4.051e-04 6.431 7.864 6.918 6.370 6.191 6.121 6.101
0.00039019 -1.60000 10.00000 0.6025621295 2.3228493543    0.602 -0.654  3.7219  4.711    1  0.000  0.544     0.00     0.00     0.00     0.00     0.00 -1 -1.58e-14      0.00 7.892e-01 2.104e-01 6.451e-05 1.742e-05 1.581e-04 -1.000 4.149e-04 6.404 7.820 6.885 6.343 6.167 6.098 6.079
0.00039019 -1.60000 10.00000 0.6153031588 2.3311974049    0.615 -0.601  3.7294  4.697    1  0.000  0.544     0.00     0.00     0.00     0.00     0.00 -1  -1.8e-14      0.00 7.921e-01 2.076e-01 6.375e-05 1.722e-05 1.563e-04 -1.000 3.485e-04 6.273 7.603 6.722 6.209 6.045 5.984 5.969
0.00039019 -1.60000 10.00000 0.6301369071 2.3404291762    0.630 -0.540  3.7380  4.681    1  0.000  0.544     0.00     0.00     0.00     0.00     0.00 -1 -2.08e-14      0.00 7.956e-01 2.040e-01 6.283e-05 1.697e-05 1.541e-04 -1.000 3.735e-04 6.120 7.360 6.537 6.056 5.905 5.853 5.842
0.00039019 -1.60000 10.00000 0.6438158751 2.3485101318    0.644 -0.483  3.7458  4.665    1  0.000  0.543     0.00     0.00     0.00     0.00     0.00 -1 -2.39e-14      0.00 7.991e-01 2.005e-01 6.193e-05 1.673e-05 1.520e-04 -1.000 3.355e-04 5.978 7.144 6.369 5.916 5.777 5.734 5.726
0.00039019 -1.60000 10.00000 0.6499999762 2.3520353107    0.650 -0.457  3.7493  4.657    1  0.000  0.543     0.00     0.00     0.00     0.00     0.00 -1 -2.54e-14      0.00 8.007e-01 1.989e-01 6.150e-05 1.662e-05 1.509e-04 -1.000 3.440e-04 5.914 7.047 6.293 5.854 5.720 5.680 5.674
0.00039019 -1.60000 10.00000 0.6648694277 2.3602036524    0.665 -0.395  3.7571  4.636    1  0.000  0.543     0.00     0.00     0.00     0.00     0.00 -1 -2.98e-14      0.00 8.056e-01 1.940e-01 6.024e-05 1.629e-05 1.479e-04 -1.000 3.306e-04 5.758 6.822 6.113 5.703 5.582 5.551 5.548
0.00039019 -1.60000 10.00000 0.6793332100 2.3677558838    0.679 -0.334  3.7645  4.614    1  0.000  0.543     0.00     0.00     0.00     0.00     0.00 -1 -3.48e-14      0.00 8.108e-01 1.889e-01 5.891e-05 1.593e-05 1.447e-04 -1.000 3.307e-04 5.604 6.610 5.939 5.557 5.448 5.424 5.424
0.00039019 -1.60000 10.00000 0.6930643320 2.3745911572    0.693 -0.275  3.7714  4.591    1  0.000  0.542     0.00     0.00     0.00     0.00     0.00 -1 -4.05e-14      0.00 8.161e-01 1.836e-01 5.754e-05 1.557e-05 1.415e-04 -1.000 3.458e-04 5.457 6.413 5.774 5.417 5.318 5.301 5.304
0.00039019 -1.60000 10.00000 0.6999999881 2.3779266974    0.700 -0.245  3.7747  4.579    1  0.000  0.542     0.00     0.00     0.00     0.00     0.00 -1 -4.38e-14      0.00 8.189e-01 1.807e-01 5.681e-05 1.537e-05 1.398e-04 -1.000 3.458e-04 5.382 6.315 5.691 5.345 5.252 5.238 5.242
0.00039019 -1.60000 10.00000 0.7032600045 2.3794684112    0.703 -0.230  3.7763  4.572    1  0.000  0.541     0.00     0.00     0.00     0.00     0.00 -1 -4.55e-14      0.00 8.206e-01 1.791e-01 5.633e-05 1.526e-05 1.387e-04 -1.000 3.433e-04 5.346 6.269 5.651 5.311 5.220 5.208 5.212
0.00039019 -1.60000 10.00000 0.7158161998 2.3852558529    0.716 -0.174  3.7820  4.547    1  0.000  0.539     0.00     0.00     0.00     0.00     0.00 -1 -5.29e-14      0.00 8.272e-01 1.725e-01 5.441e-05 1.479e-05 1.346e-04 -1.000 3.096e-04 5.205 6.092 5.497 5.177 5.095 5.088 5.095
0.00039019 -1.60000 10.00000 0.7279104590 2.3906138330    0.728 -0.118  3.7873  4.519    1  0.000  0.537     0.00     0.00     0.00     0.00     0.00 -1 -6.16e-14      0.00 8.338e-01 1.659e-01 5.252e-05 1.433e-05 1.305e-04 -1.000 2.459e-04 5.065 5.923 5.344 5.044 4.970 4.969 4.977
0.00039019 -1.60000 10.00000 0.7386724949 2.3952123466    0.738 -0.066  3.7919  4.492    1  0.000  0.534     0.00     0.00     0.00     0.00     0.00 -1 -7.09e-14      0.00 8.396e-01 1.601e-01 5.087e-05 1.392e-05 1.269e-04 -1.000 2.519e-04 4.936 5.770 5.205 4.921 4.855 4.858 4.868
0.00039019 -1.60000 10.00000 0.7488176227 2.3994083649    0.748 -0.016  3.7961  4.464    1  0.000  0.532     0.00     0.00     0.00     0.00     0.00 -1 -8.18e-14      0.00 8.449e-01 1.548e-01 4.940e-05 1.356e-05 1.237e-04 -1.000 2.464e-04 4.809 5.623 5.069 4.800 4.740 4.747 4.758
0.00039019 -1.60000 10.00000 0.7500000000 2.3998889087    0.750 -0.010  3.7966  4.461    1  0.000  0.532     0.00     0.00     0.00     0.00     0.00 -1 -8.31e-14      0.00 8.455e-01 1.542e-01 4.924e-05 1.352e-05 1.233e-04 -1.000 2.458e-04 4.795 5.606 5.053 4.785 4.726 4.734 4.745
0.00039019 -1.60000 10.00000 0.7603633404 2.4040273523    0.760  0.044  3.8008  4.430    1  0.000  0.531     0.00     0.00     0.00     0.00     0.00 -1 -9.69e-14      0.00 8.481e-01 1.517e-01 4.884e-05 1.342e-05 1.225e-04 -1.000 2.528e-04 4.659 5.450 4.907 4.654 4.602 4.614 4.627
0.00039019 -1.60000 10.00000 0.7700409889 2.4077765323    0.769  0.098  3.8047  4.397    1  0.000  0.531     0.00     0.00     0.00     0.00     0.00 -1 -1.13e-13      0.00 8.502e-01 1.496e-01 4.854e-05 1.335e-05 1.219e-04 -1.000 2.459e-04 4.526 5.300 4.764 4.525 4.479 4.494 4.508
0.00039019 -1.60000 10.00000 0.7786134481 2.4110081917    0.778  0.148  3.8081  4.365    1  0.000  0.530     0.00     0.00     0.00     0.00     0.00 -1 -1.31e-13      0.00 8.518e-01 1.479e-01 4.833e-05 1.330e-05 1.215e-04 -1.000 2.611e-04 4.400 5.160 4.629 4.402 4.362 4.380 4.395
0.00039019 -1.60000 10.00000 0.7867936492 2.4140165870    0.786  0.199  3.8112  4.331    1  0.000  0.530     0.00     0.00     0.00     0.00     0.00 -1 -1.52e-13      0.00 8.533e-01 1.465e-01 4.816e-05 1.326e-05 1.212e-04 -1.000 2.543e-04 4.272 5.019 4.492 4.277 4.242 4.263 4.279
0.00039019 -1.60000 10.00000 0.7943332791 2.4167263901    0.793  0.249  3.8140  4.296    1  0.000  0.529     0.00     0.00     0.00     0.00     0.00 -1 -1.77e-13      0.00 8.545e-01 1.453e-01 4.805e-05 1.323e-05 1.210e-04 -1.000 2.488e-04 4.146 4.883 4.359 4.153 4.123 4.147 4.164
0.00039019 -1.60000 10.00000 0.8000000119 2.4187244405    0.799  0.290  3.8158  4.266    1  0.000  0.529     0.00     0.00     0.00     0.00     0.00 -1    -2e-13      0.00 8.553e-01 1.444e-01 4.797e-05 1.321e-05 1.209e-04 -1.000 2.459e-04 4.046 4.776 4.253 4.054 4.027 4.052 4.070
0.00039019 -1.60000 10.00000 0.8022809029 2.4195195106    0.801  0.306  3.8167  4.255    1  0.000  0.529     0.00     0.00     0.00     0.00     0.00 -1  -2.1e-13      0.00 8.552e-01 1.445e-01 4.803e-05 1.323e-05 1.210e-04 -1.000 2.497e-04 4.005 4.732 4.210 4.013 3.988 4.014 4.032
0.00039019 -1.60000 10.00000 0.8089286089 2.4218073747    0.808  0.356  3.8186  4.216    1  0.000  0.529     0.00     0.00     0.00     0.00     0.00 -1 -2.46e-13      0.00 8.545e-01 1.452e-01 4.834e-05 1.332e-05 1.218e-04 -1.000 3.041e-04 3.880 4.598 4.078 3.888 3.866 3.894 3.913
0.00039019 -1.60000 10.00000 0.8162938952 2.4242922244    0.815  0.416  3.8201  4.165    1  0.000  0.529     0.00     0.00     0.00     0.00     0.00 -1 -2.98e-13      0.00 8.524e-01 1.473e-01 4.897e-05 1.349e-05 1.234e-04 -1.000 3.278e-04 3.729 4.442 3.921 3.738 3.719 3.748 3.767
0.00039019 -1.60000 10.00000 0.8173759580 2.4246529472    0.816  0.425  3.8202  4.157    1  0.000  0.529     0.00     0.00     0.00     0.00     0.00 -1 -3.07e-13      0.00 8.521e-01 1.476e-01 4.907e-05 1.352e-05 1.237e-04 -1.000 3.284e-04 3.706 4.418 3.897 3.715 3.696 3.726 3.744
0.00039019 -1.60000 10.00000 0.8193395138 2.4253047323    0.818  0.444  3.8201  4.140    1  0.000  0.529     0.00     0.00     0.00     0.00     0.00 -1 -3.27e-13      0.00 8.514e-01 1.482e-01 4.927e-05 1.357e-05 1.242e-04 -1.000 3.294e-04 3.661 4.372 3.851 3.669 3.650 3.679 3.698
0.00039019 -1.60000 10.00000 0.8249149323 2.4271360080    0.823  0.499  3.8188  4.082    1  0.000  0.529     0.00     0.00     0.00     0.00     0.00 -1 -3.93e-13      0.00 8.497e-01 1.500e-01 4.981e-05 1.372e-05 1.255e-04 -1.000 3.324e-04 3.523 4.237 3.714 3.529 3.509 3.537 3.555
0.00039019 -1.60000 10.00000 0.8295588493 2.4286397376    0.828  0.552  3.8154  4.018    1  0.000  0.529     0.00     0.00     0.00     0.00     0.00 -1 -4.77e-13      0.00 8.482e-01 1.515e-01 5.026e-05 1.384e-05 1.266e-04 -1.000 3.350e-04 3.391 4.114 3.586 3.392 3.367 3.393 3.409
0.00039019 -1.60000 10.00000 0.8303439021 2.4288920320    0.829  0.562  3.8145  4.005    1  0.000  0.529     0.00     0.00     0.00     0.00     0.00 -1 -4.99e-13      0.00 8.479e-01 1.517e-01 5.033e-05 1.387e-05 1.268e-04 -1.000 3.354e-04 3.366 4.092 3.563 3.367 3.341 3.365 3.381
0.00039019 -1.60000 10.00000 0.8310853243 2.4291298015    0.829  0.572  3.8132  3.990    1  0.000  0.529     0.00     0.00     0.00     0.00     0.00 -1 -5.19e-13      0.00 8.477e-01 1.520e-01 5.041e-05 1.388e-05 1.270e-04 -1.000 3.358e-04 3.341 4.071 3.539 3.340 3.312 3.335 3.351
0.00039019 -1.60000 10.00000 0.8335760236 2.4299249929    0.832  0.609  3.8078  3.933    2  0.000  0.529     0.00     0.00     0.00     0.00     0.00 -1 -5.99e-13      0.00 8.469e-01 1.527e-01 5.065e-05 1.395e-05 1.276e-04 -1.000 3.371e-04 3.249 3.997 3.458 3.242 3.206 3.224 3.238
0.00039019 -1.60000 10.00000 0.8354736567 2.4305271813    0.834  0.640  3.8013  3.876    2  0.000  0.529     0.00     0.00     0.00     0.00     0.00 -1 -6.87e-13      0.00 8.463e-01 1.533e-01 5.083e-05 1.400e-05 1.280e-04 -1.000 3.381e-04 3.169 3.942 3.393 3.157 3.111 3.123 3.135
0.00039019 -1.60000 10.00000 0.8369539976 2.4309947678    0.835  0.668  3.7938  3.819    2  0.000  0.529     0.00     0.00     0.00     0.00     0.00 -1 -7.82e-13      0.00 8.459e-01 1.538e-01 5.097e-05 1.404e-05 1.284e-04 -1.000 3.389e-04 3.100 3.905 3.342 3.081 3.024 3.028 3.038
0.00039019 -1.60000 10.00000 0.8381445408 2.4313694399    0.836  0.692  3.7855  3.762    2  0.000  0.530     0.00     0.00     0.00     0.00     0.00 -1 -8.82e-13      0.00 8.412e-01 1.585e-01 5.239e-05 1.442e-05 1.319e-04 -1.000 3.293e-04 3.040 3.884 3.302 3.015 2.945 2.941 2.947
0.00039019 -1.60000 10.00000 0.8391358852 2.4316804901    0.837  0.713  3.7770  3.708    2  0.000  0.531     0.00     0.00     0.00     0.00     0.00 -1 -9.86e-13      0.00 8.300e-01 1.697e-01 5.540e-05 1.523e-05 1.391e-04 -1.000 3.045e-04 2.987 3.876 3.272 2.956 2.872 2.860 2.863
0.00039019 -1.60000 10.00000 0.8399992585 2.4319506995    0.838  0.733  3.7688  3.656    2  0.000  0.533     0.00     0.00     0.00     0.00     0.00 -1 -1.09e-12      0.00 8.097e-01 1.900e-01 6.027e-05 1.654e-05 1.508e-04 -1.000 3.382e-04 2.939 3.877 3.246 2.902 2.806 2.786 2.786
0.00039019 -1.60000 10.00000 0.8407957554 2.4321994128    0.839  0.754  3.7610  3.604    2  0.000  0.535     0.00     0.00     0.00     0.00     0.00 -1 -1.22e-12      0.00 7.904e-01 2.092e-01 6.470e-05 1.772e-05 1.613e-04 -1.000 3.652e-04 2.886 3.874 3.216 2.845 2.737 2.709 2.706
0.00039019 -1.60000 10.00000 0.8415951133 2.4324484752    0.840  0.783  3.7535  3.545    2  0.000  0.536     0.00     0.00     0.00     0.00     0.00 -1 -1.39e-12      0.00 7.779e-01 2.218e-01 6.756e-05 1.848e-05 1.681e-04 -1.000 3.828e-04 2.813 3.855 3.167 2.770 2.650 2.614 2.608
0.00039019 -1.60000 10.00000 0.8422201276 2.4326428373    0.840  0.815  3.7485  3.493    2  0.000  0.536     0.00     0.00     0.00     0.00     0.00 -1 -1.59e-12      0.00 7.720e-01 2.276e-01 6.892e-05 1.885e-05 1.714e-04 -1.000 3.820e-04 2.732 3.811 3.103 2.689 2.561 2.519 2.512
0.00039019 -1.60000 10.00000 0.8428387046 2.4328348712    0.841  0.853  3.7442  3.439    2  0.000  0.537     0.00     0.00     0.00     0.00     0.00 -1 -1.85e-12      0.00 7.679e-01 2.318e-01 6.989e-05 1.911e-05 1.737e-04 -1.000 3.459e-04 2.638 3.750 3.023 2.594 2.459 2.413 2.404
0.00039019 -1.60000 10.00000 0.8430309892 2.4328944989    0.841  0.868  3.7432  3.420    3  0.000  0.537     0.00     0.00     0.00     0.00     0.00 -1 -1.95e-12      0.00 7.670e-01 2.327e-01 7.008e-05 1.916e-05 1.741e-04 -1.000 3.668e-04 2.601 3.720 2.990 2.557 2.420 2.374 2.364
0.00039019 -1.60000 10.00000 0.8435469866 2.4330543558    0.841  0.909  3.7407  3.369    3  0.000  0.537     0.00     0.00     0.00     0.00     0.00 -1 -2.27e-12      0.00 7.647e-01 2.349e-01 7.053e-05 1.928e-05 1.752e-04 -1.000 4.091e-04 2.497 3.635 2.894 2.454 2.313 2.263 2.252
0.00039019 -1.60000 10.00000 0.8441113234 2.4332289311    0.842  0.958  3.7383  3.311    3  0.000  0.537     0.00     0.00     0.00     0.00     0.00 -1 -2.72e-12      0.00 7.624e-01 2.372e-01 7.093e-05 1.939e-05 1.762e-04 -1.000 4.145e-04 2.375 3.533 2.781 2.332 2.188 2.135 2.123
0.00039019 -1.60000 10.00000 0.8445904255 2.4333769288    0.842  1.003  3.7364  3.258    3  0.000  0.537     0.00     0.00     0.00     0.00     0.00 -1 -3.21e-12      0.00 7.605e-01 2.390e-01 7.121e-05 1.946e-05 1.768e-04 -1.000 4.147e-04 2.262 3.436 2.674 2.220 2.072 2.018 2.004
0.00039019 -1.60000 10.00000 0.8450481892 2.4335181547    0.843  1.049  3.7347  3.205    3  0.000  0.537     0.00     0.00     0.00     0.00     0.00 -1 -3.79e-12      0.00 7.588e-01 2.408e-01 7.142e-05 1.953e-05 1.774e-04 -1.000 4.187e-04 2.147 3.335 2.565 2.105 1.955 1.899 1.884
0.00039019 -1.60000 10.00000 0.8455131650 2.4336614256    0.843  1.100  3.7330  3.148    3  0.000  0.536     0.00     0.00     0.00     0.00     0.00 -1 -4.54e-12      0.00 7.570e-01 2.426e-01 7.156e-05 1.959e-05 1.779e-04 -1.000 3.948e-04 2.020 3.222 2.445 1.980 1.827 1.768 1.753
0.00039019 -1.60000 10.00000 0.8459404111 2.4337929113    0.843  1.150  3.7314  3.092    3  0.000  0.535     0.00     0.00     0.00     0.00     0.00 -1 -5.44e-12      0.00 7.553e-01 2.444e-01 7.157e-05 1.967e-05 1.783e-04 -1.000 3.816e-04 1.895 3.110 2.325 1.855 1.700 1.640 1.623
0.00039019 -1.60000 10.00000 0.8463239670 2.4339108213    0.844  1.199  3.7299  3.037    3  0.000  0.534     0.00     0.00     0.00     0.00     0.00 -1 -6.48e-12      0.00 7.537e-01 2.459e-01 7.144e-05 1.980e-05 1.786e-04 -1.000 3.916e-04 1.773 3.000 2.209 1.734 1.577 1.515 1.498
0.00039019 -1.60000 10.00000 0.8466593027 2.4340138071    0.844  1.245  3.7284  2.985    3  0.000  0.531     0.00     0.00     0.00     0.00     0.00 -1 -7.65e-12      0.00 7.523e-01 2.473e-01 7.119e-05 2.001e-05 1.788e-04 -1.000 4.157e-04 1.658 2.898 2.100 1.620 1.461 1.397 1.379
0.00039019 -1.60000 10.00000 0.8469859362 2.4341140302    0.844  1.294  3.7269  2.930    3  0.000  0.528     0.00     0.00     0.00     0.00     0.00 -1 -9.11e-12      0.00 7.510e-01 2.486e-01 7.078e-05 2.037e-05 1.790e-04 -1.000 4.186e-04 1.536 2.790 1.984 1.499 1.337 1.271 1.253
0.00039019 -1.60000 10.00000 0.8472992778 2.4342100914    0.844  1.345  3.7252  2.873    3  0.000  0.524     0.00     0.00     0.00     0.00     0.00 -1  -1.1e-11      0.00 7.499e-01 2.497e-01 7.025e-05 2.088e-05 1.791e-04 -1.000 4.174e-04 1.408 2.677 1.862 1.373 1.208 1.140 1.121
0.00039019 -1.60000 10.00000 0.8475620151 2.4342905758    0.844  1.391  3.7236  2.820    3  0.000  0.520     0.00     0.00     0.00     0.00     0.00 -1  -1.3e-11      0.00 7.490e-01 2.506e-01 6.975e-05 2.143e-05 1.792e-04 -1.000 4.165e-04 1.292 2.575 1.752 1.257 1.090 1.021 1.000
0.00039019 -1.60000 10.00000 0.8478015661 2.4343639076    0.845  1.437  3.7221  2.768    3  0.000  0.516     0.00     0.00     0.00     0.00     0.00 -1 -1.53e-11      0.00 7.482e-01 2.514e-01 6.927e-05 2.197e-05 1.793e-04 -1.000 4.145e-04 1.177 2.473 1.643 1.143 0.974 0.902 0.881
0.00039019 -1.60000 10.00000 0.8480269313 2.4344328533    0.845  1.484  3.7205  2.714    3  0.000  0.513     0.00     0.00     0.00     0.00     0.00 -1 -1.81e-11      0.00 7.477e-01 2.520e-01 6.886e-05 2.245e-05 1.794e-04 -1.000 3.985e-04 1.059 2.370 1.531 1.026 0.854 0.781 0.759
0.00039019 -1.60000 10.00000 0.8482261300 2.4344937588    0.845  1.530  3.7188  2.662    3  0.000  0.511     0.00     0.00     0.00     0.00     0.00 -1 -2.14e-11      0.00 7.473e-01 2.523e-01 6.858e-05 2.280e-05 1.795e-04 -1.000 3.884e-04 0.946 2.273 1.425 0.914 0.740 0.664 0.642
0.00039019 -1.60000 10.00000 0.8484155536 2.4345516450    0.845  1.577  3.7171  2.609    3  0.000  0.509     0.00     0.00     0.00     0.00     0.00 -1 -2.53e-11      0.00 7.470e-01 2.526e-01 6.837e-05 2.306e-05 1.795e-04 -1.000 4.041e-04 0.828 2.172 1.315 0.798 0.621 0.544 0.520
0.00039019 -1.60000 10.00000 0.8485825062 2.4346026397    0.845  1.622  3.7154  2.557    3  0.000  0.508     0.00     0.00     0.00     0.00     0.00 -1 -2.98e-11      0.00 7.468e-01 2.528e-01 6.823e-05 2.323e-05 1.796e-04 -1.000 4.189e-04 0.716 2.075 1.210 0.687 0.507 0.428 0.403
0.00039019 -1.60000 10.00000 0.8487311602 2.4346480258    0.845  1.665  3.7138  2.507    3  0.000  0.507     0.00     0.00     0.00     0.00     0.00 -1 -3.49e-11      0.00 7.467e-01 2.529e-01 6.816e-05 2.332e-05 1.796e-04 -1.000 4.188e-04 0.607 1.983 1.108 0.580 0.398 0.316 0.291
0.00039019 -1.60000 10.00000 0.8488727212 2.4346912293    0.844  1.710  3.7120  2.455    3  0.000  0.507     0.00     0.00     0.00     0.00     0.00 -1 -4.11e-11      0.00 7.466e-01 2.530e-01 6.814e-05 2.335e-05 1.796e-04 -1.000 4.188e-04 0.494 1.890 1.003 0.469 0.283 0.200 0.173
0.00039019 -1.60000 10.00000 0.8490008712 2.4347303255    0.844  1.755  3.7103  2.403    3  0.000  0.507     0.00     0.00     0.00     0.00     0.00 -1 -4.84e-11      0.00 7.466e-01 2.530e-01 6.813e-05 2.336e-05 1.796e-04 -1.000 4.188e-04 0.384 1.799 0.901 0.359 0.170 0.085 0.057
0.00039019 -1.60000 10.00000 0.8491137624 2.4347647553    0.844  1.797  3.7085  2.354    3  0.000  0.507     0.00     0.00     0.00     0.00     0.00 -1 -5.64e-11      0.00 7.466e-01 2.530e-01 6.813e-05 2.337e-05 1.796e-04 -1.000 4.187e-04 0.278 1.715 0.803 0.255 0.063 -0.024 -0.053
0.00039019 -1.60000 10.00000 0.8492174149 2.4347963582    0.844  1.838  3.7068  2.305    3  0.000  0.507     0.00     0.00     0.00     0.00     0.00 -1 -6.57e-11      0.00 7.466e-01 2.530e-01 6.812e-05 2.337e-05 1.796e-04 -1.000 4.189e-04 0.174 1.632 0.708 0.152 -0.043 -0.132 -0.162
0.00039019 -1.60000 10.00000 0.8493176699 2.4348269168    0.844  1.882  3.7050  2.254    3  0.000  0.507     0.00     0.00     0.00     0.00     0.00 -1  -7.7e-11      0.00 7.466e-01 2.530e-01 6.812e-05 2.338e-05 1.796e-04 -1.000 4.188e-04 0.065 1.546 0.608 0.044 -0.153 -0.245 -0.275
0.00039019 -1.60000 10.00000 0.8494055271 2.4348536896    0.844  1.923  3.7032  2.206    3  0.000  0.507     0.00     0.00     0.00     0.00     0.00 -1 -8.95e-11      0.00 7.466e-01 2.530e-01 6.811e-05 2.338e-05 1.796e-04 -1.000 4.188e-04 -0.037 1.466 0.515 -0.056 -0.257 -0.351 -0.382
0.00039019 -1.60000 10.00000 0.8494862318 2.4348782772    0.843  1.963  3.7014  2.159    3  0.000  0.507     0.00     0.00     0.00     0.00     0.00 -1 -1.04e-10      0.00 7.466e-01 2.530e-01 6.811e-05 2.339e-05 1.796e-04 -1.000 4.188e-04 -0.138 1.388 0.423 -0.155 -0.359 -0.455 -0.487
0.00039019 -1.60000 10.00000 0.8495627046 2.4349015706    0.843  2.004  3.6996  2.110    3  0.000  0.507     0.00     0.00     0.00     0.00     0.00 -1  -1.2e-10      0.00 7.466e-01 2.530e-01 6.811e-05 2.339e-05 1.796e-04 -1.000 4.187e-04 -0.240 1.310 0.331 -0.255 -0.462 -0.561 -0.594
0.00039019 -1.60000 10.00000 0.8496300578 2.4349220822    0.843  2.042  3.6978  2.065    3  0.000  0.507     0.00     0.00     0.00     0.00     0.00 -1 -1.38e-10      0.00 7.466e-01 2.530e-01 6.811e-05 2.339e-05 1.796e-04 -1.000 4.188e-04 -0.334 1.239 0.247 -0.348 -0.558 -0.659 -0.693
0.00039019 -1.60000 10.00000 0.8496948481 2.4349418097    0.843  2.078  3.6961  2.021    3  0.000  0.507     0.00     0.00     0.00     0.00     0.00 -1 -1.58e-10      0.00 7.466e-01 2.530e-01 6.810e-05 2.340e-05 1.796e-04 -1.000 4.188e-04 -0.426 1.170 0.164 -0.438 -0.651 -0.753 -0.788
0.00039019 -1.60000 10.00000 0.8497621417 2.4349622958    0.842  2.110  3.6947  1.984    3  0.000  0.507     0.00     0.00     0.00     0.00     0.00 -1 -1.78e-10      0.00 7.466e-01 2.530e-01 6.810e-05 2.340e-05 1.796e-04 -1.000 4.188e-04 -0.505 1.112 0.094 -0.514 -0.730 -0.835 -0.870
0.00039019 -1.60000 10.00000 0.8498222828 2.4349806013    0.842  2.134  3.6936  1.956    3  0.000  0.507     0.00     0.00     0.00     0.00     0.00 -1 -1.95e-10      0.00 7.466e-01 2.530e-01 6.810e-05 2.341e-05 1.796e-04 -1.000 4.188e-04 -0.564 1.069 0.041 -0.573 -0.791 -0.896 -0.933
0.00039019 -1.60000 10.00000 0.8498748541 2.4349966003    0.841  2.115  3.6949  1.979    3  0.000  0.507     0.00     0.00     0.00     0.00     0.00 -1 -1.83e-10      0.00 7.465e-01 2.530e-01 6.810e-05 2.341e-05 1.796e-04 -1.000 4.188e-04 -0.518 1.097 0.080 -0.528 -0.743 -0.847 -0.883
0.00039019 -1.60000 10.00000 0.8498818874 2.4349987406    0.841  2.113  3.6950  1.983    3  0.000  0.507     0.00     0.00     0.00     0.00     0.00 -1 -1.82e-10      0.00 7.465e-01 2.530e-01 6.810e-05 2.341e-05 1.796e-04 -1.000 4.188e-04 -0.511 1.101 0.085 -0.522 -0.737 -0.841 -0.876
0.00039019 -1.60000 10.00000 0.8499165773 2.4350092963    0.841  2.139  3.6937  1.950    3  0.000  0.507     0.00     0.00     0.00     0.00     0.00 -1 -1.99e-10      0.00 7.465e-01 2.530e-01 6.809e-05 2.341e-05 1.796e-04 -1.000 4.188e-04 -0.579 1.054 0.026 -0.587 -0.805 -0.911 -0.947
0.00039019 -1.60000 10.00000 0.8499692678 2.4350253275    0.841  2.182  3.6916  1.899    3  0.000  0.507     0.00     0.00     0.00     0.00     0.00 -1 -2.32e-10      0.00 7.465e-01 2.530e-01 6.809e-05 2.341e-05 1.796e-04 -1.000 4.188e-04 -0.685 0.981 -0.067 -0.691 -0.912 -1.021 -1.058
0.00039019 -1.60000 10.00000 0.8500000238 2.4350346840    0.841  2.208  3.6903  1.868    3  0.000  0.507     0.00     0.00     0.00     0.00     0.00 -1 -2.55e-10      0.00 7.465e-01 2.530e-01 6.809e-05 2.341e-05 1.796e-04 -1.000 4.188e-04 -0.750 0.937 -0.125 -0.754 -0.979 -1.089 -1.127
0.00039019 -1.60000 10.00000 0.8500300050 2.4350438040    0.840  2.234  3.6890  1.836    3  0.000  0.507     0.00     0.00     0.00     0.00     0.00 -1 -2.81e-10      0.00 7.465e-01 2.530e-01 6.809e-05 2.342e-05 1.796e-04 -1.000 4.188e-04 -0.815 0.893 -0.181 -0.817 -1.044 -1.156 -1.195
0.00039019 -1.60000 10.00000 0.8500736952 2.4350570930    0.840  2.275  3.6869  1.787    3  0.000  0.507     0.00     0.00     0.00     0.00     0.00 -1 -3.27e-10      0.00 7.465e-01 2.530e-01 6.809e-05 2.342e-05 1.796e-04 -1.000 4.188e-04 -0.916 0.827 -0.268 -0.915 -1.145 -1.260 -1.301
0.00039019 -1.60000 10.00000 0.8501136899 2.4350692565    0.839  2.314  3.6848  1.739    3  0.000  0.507     0.00     0.00     0.00     0.00     0.00 -1 -3.78e-10      0.00 7.465e-01 2.530e-01 6.808e-05 2.342e-05 1.796e-04 -1.000 4.188e-04 -1.015 0.770 -0.353 -1.011 -1.246 -1.363 -1.405
0.00039019 -1.60000 10.00000 0.8501517177 2.4350808205    0.839  2.355  3.6827  1.690    3  0.000  0.507     0.00     0.00     0.00     0.00     0.00 -1 -4.39e-10      0.00 7.465e-01 2.531e-01 6.808e-05 2.343e-05 1.796e-04 -1.000 4.187e-04 -1.116 0.718 -0.438 -1.111 -1.349 -1.469 -1.512
0.00039019 -1.60000 10.00000 0.8501859903 2.4350912417    0.838  2.393  3.6805  1.642    3  0.000  0.507     0.00     0.00     0.00     0.00     0.00 -1 -5.08e-10      0.00 7.465e-01 2.531e-01 6.808e-05 2.343e-05 1.796e-04 -1.000 4.188e-04 -1.213 0.674 -0.518 -1.207 -1.448 -1.571 -1.615
0.00039019 -1.60000 10.00000 0.8502190709 2.4351012995    0.837  2.434  3.6784  1.593    3  0.000  0.507     0.00     0.00     0.00     0.00     0.00 -1  -5.9e-10      0.00 7.465e-01 2.531e-01 6.808e-05 2.343e-05 1.796e-04 -1.000 4.188e-04 -1.314 0.628 -0.601 -1.305 -1.551 -1.676 -1.722
0.00039019 -1.60000 10.00000 0.8502545357 2.4351120811    0.836  2.480  3.6756  1.535    3  0.000  0.507     0.00     0.00     0.00     0.00     0.00 -1 -7.01e-10      0.00 7.465e-01 2.531e-01 6.808e-05 2.343e-05 1.796e-04 -1.000 4.188e-04 -1.430 0.588 -0.692 -1.418 -1.669 -1.798 -1.845
0.00039019 -1.60000 10.00000 0.8502825499 2.4351205970    0.836  2.519  3.6735  1.487    3  0.000  0.507     7.00     5.53     3.93     3.03     2.45  3 -8.13e-10      0.00 7.465e-01 2.531e-01 6.808e-05 2.344e-05 1.796e-04 -1.000 4.188e-04 -1.528 0.552 -0.770 -1.514 -1.770 -1.901 -1.950
0.00039019 -1.60000 10.00000 0.8503128290 2.4351298006    0.835  2.565  3.6707  1.429    3  0.000  0.507     7.90     6.14     4.34     3.35     2.72  3 -9.65e-10      0.00 7.465e-01 2.531e-01 6.807e-05 2.344e-05 1.796e-04 -1.000 4.188e-04 -1.643 0.527 -0.855 -1.625 -1.887 -2.022 -2.073
0.00039019 -1.60000 10.00000 0.8503365517 2.4351370108    0.834  2.604  3.6685  1.381    3  0.000  0.507     8.74     6.69     4.71     3.65     2.95  3 -1.12e-09      0.00 7.465e-01 2.531e-01 6.807e-05 2.344e-05 1.796e-04 -1.000 4.188e-04 -1.739 0.506 -0.926 -1.718 -1.985 -2.123 -2.176
0.00039019 -1.60000 10.00000 0.8503626585 2.4351449451    0.832  2.649  3.6657  1.324    3  0.000  0.507     9.86     7.42     5.20     4.03     3.26  3 -1.32e-09      0.00 7.465e-01 2.531e-01 6.807e-05 2.344e-05 1.796e-04 -1.000 4.188e-04 -1.853 0.492 -1.006 -1.827 -2.100 -2.243 -2.297
0.00039019 -1.60000 10.00000 0.8503867984 2.4351522812    0.831  2.695  3.6629  1.266    3  0.000  0.507    11.12     8.23     5.74     4.46     3.61  3 -1.57e-09      0.00 7.465e-01 2.531e-01 6.807e-05 2.344e-05 1.796e-04 -1.000 4.188e-04 -1.967 0.485 -1.083 -1.935 -2.216 -2.362 -2.419
0.00039019 -1.60000 10.00000 0.8504092097 2.4351590915    0.829  2.740  3.6601  1.209    3  0.000  0.507    12.55     9.12     6.34     4.93     3.99  3 -1.87e-09      0.00 7.465e-01 2.531e-01 6.807e-05 2.344e-05 1.796e-04 -1.000 4.188e-04 -2.081 0.483 -1.158 -2.043 -2.331 -2.482 -2.540
0.00039019 -1.60000 10.00000 0.8504287601 2.4351650320    0.828  2.783  3.6572  1.154    3  0.000  0.507    14.10    10.08     6.97     5.43     4.40  2  -2.2e-09      0.00 7.465e-01 2.531e-01 6.807e-05 2.345e-05 1.796e-04 -1.000 4.188e-04 -2.188 0.490 -1.223 -2.141 -2.437 -2.593 -2.654
0.00039019 -1.60000 10.00000 0.8504477143 2.4351707912    0.826  2.828  3.6544  1.097    3  0.000  0.507    15.89    11.16     7.68     5.99     4.86  2  -2.6e-09      0.00 7.465e-01 2.531e-01 6.807e-05 2.345e-05 1.796e-04 -1.000 4.188e-04 -2.299 0.469 -1.298 -2.241 -2.546 -2.706 -2.769
0.00039019 -1.60000 10.00000 0.8504647613 2.4351759706    0.824  2.871  3.6515  1.041    3  0.000  0.507    17.86    12.33     8.45     6.60     5.35  2 -3.07e-09      0.00 7.465e-01 2.531e-01 6.807e-05 2.345e-05 1.796e-04 -1.000 4.187e-04 -2.407 0.452 -1.368 -2.338 -2.651 -2.816 -2.881
0.00039019 -1.60000 10.00000 0.8504803777 2.4351807151    0.822  2.913  3.6486  0.986    3  0.000  0.507    20.04    13.61     9.29     7.26     5.89  2 -3.61e-09      0.00 7.465e-01 2.531e-01 6.807e-05 2.345e-05 1.796e-04 -1.000 4.188e-04 -2.513 0.441 -1.433 -2.431 -2.752 -2.923 -2.990
0.00039019 -1.60000 10.00000 0.8504953384 2.4351852602    0.820  2.957  3.6458  0.930    3  0.000  0.507    22.54    15.05    10.22     8.01     6.50  2 -4.26e-09      0.00 7.465e-01 2.531e-01 6.807e-05 2.345e-05 1.796e-04 -1.000 4.188e-04 -2.622 0.434 -1.498 -2.526 -2.857 -3.033 -3.103
0.00039019 -1.60000 10.00000 0.8505083323 2.4351892076    0.817  2.997  3.6429  0.877    3  0.000  0.507    25.22    16.57    11.20     8.79     7.13  2 -4.98e-09      0.00 7.465e-01 2.531e-01 6.806e-05 2.345e-05 1.796e-04 -1.000 4.188e-04 -2.723 0.437 -1.553 -2.612 -2.953 -3.135 -3.207
0.00039019 -1.60000 10.00000 0.8505207300 2.4351929739    0.815  3.038  3.6400  0.823    3  0.000  0.507    28.24    18.25    12.28     9.65     7.83  1 -5.84e-09      0.00 7.465e-01 2.531e-01 6.806e-05 2.345e-05 1.796e-04 -1.000 4.188e-04 -2.825 0.435 -1.611 -2.700 -3.051 -3.239 -3.314
0.00039019 -1.60000 10.00000 0.8505327106 2.4351966132    0.812  3.080  3.6371  0.768    3  0.000  0.507    31.72    20.15    13.50    10.63     8.63  1 -6.86e-09      0.00 7.465e-01 2.531e-01 6.806e-05 2.345e-05 1.796e-04 -1.000 4.188e-04 -2.931 0.435 -1.666 -2.788 -3.150 -3.343 -3.421
0.00039019 -1.60000 10.00000 0.8505430818 2.4351997636    0.808  3.119  3.6342  0.715    3  0.000  0.506    35.39    22.12    14.76    11.64     9.45  1 -7.99e-09      0.00 7.465e-01 2.531e-01 6.806e-05 2.345e-05 1.796e-04 -1.000 4.187e-04 -3.028 0.443 -1.712 -2.867 -3.240 -3.440 -3.520
0.00039019 -1.60000 10.00000 0.8505534530 2.4352029139    0.805  3.160  3.6314  0.661    3  0.000  0.506    39.66    24.37    16.19    12.79    10.38  1 -9.36e-09      0.00 7.465e-01 2.531e-01 6.806e-05 2.345e-05 1.796e-04 -1.000 4.187e-04 -3.130 0.445 -1.763 -2.952 -3.336 -3.542 -3.624
0.00039019 -1.60000 10.00000 0.8505630493 2.4352058287    0.801  3.201  3.6284  0.607    3  0.000  0.506    44.45    26.86    17.76    14.05    11.41  1  -1.1e-08      0.00 7.465e-01 2.531e-01 6.806e-05 2.346e-05 1.796e-04 -1.000 4.188e-04 -3.232 0.449 -1.812 -3.035 -3.429 -3.641 -3.727
0.00039019 -1.60000 10.00000 0.8505719900 2.4352085444    0.797  3.240  3.6256  0.553    3  0.000  0.506    49.71    29.54    19.45    15.41    12.52  1 -1.28e-08      0.00 7.465e-01 2.531e-01 6.806e-05 2.346e-05 1.796e-04 -1.000 4.188e-04 -3.331 0.453 -1.857 -3.114 -3.520 -3.738 -3.826
0.00039019 -1.60000 10.00000 0.8505806327 2.4352111694    0.792  3.279  3.6228  0.500    3  0.000  0.506    55.53    32.45    21.27    16.88    13.71  1  -1.5e-08      0.00 7.465e-01 2.531e-01 6.806e-05 2.346e-05 1.796e-04 -1.000 4.189e-04 -3.428 0.456 -1.902 -3.192 -3.609 -3.834 -3.925
0.00039019 -1.60000 10.00000 0.8505838513 2.4352121470    0.790  3.292  3.6219  0.483    3  0.000  0.506    57.57    33.46    21.90    17.39    14.13  1 -1.58e-08      0.00 7.465e-01 2.531e-01 6.806e-05 2.346e-05 1.796e-04 -1.000 4.188e-04 -3.460 0.457 -1.914 -3.216 -3.638 -3.865 -3.957
0.00039019 -1.60000 10.00000 0.8505838513 2.4352121470    0.790  1.749  3.7664  2.604    4  0.000  0.526     0.00     0.00     0.00     0.00     0.00 -1    -1e-30      0.00 7.449e-01 2.547e-01 7.186e-05 2.107e-05 1.825e-04 -1.000 4.189e-04 0.398 1.323 0.678 0.350 0.257 0.233 0.231
0.00039019 -1.60000 10.00000 0.8506434560 2.4352302490    0.790  1.769  3.7625  2.569    4  0.000  0.526     0.00     0.00     0.00     0.00     0.00 -1    -1e-30      0.00 7.449e-01 2.547e-01 7.186e-05 2.107e-05 1.825e-04 -1.000 4.188e-04 0.348 1.300 0.643 0.301 0.202 0.173 0.170
0.00039019 -1.60000 10.00000 0.8507015109 2.4352478774    0.790  1.771  3.7624  2.566    4  0.000  0.526     0.00     0.00     0.00     0.00     0.00 -1    -1e-30      0.00 7.449e-01 2.547e-01 7.186e-05 2.107e-05 1.825e-04 -1.000 4.188e-04 0.343 1.295 0.638 0.295 0.196 0.168 0.164
0.00039019 -1.60000 10.00000 0.8507615328 2.4352661003    0.790  1.772  3.7627  2.566    4  0.000  0.526     0.00     0.00     0.00     0.00     0.00 -1    -1e-30      0.00 7.449e-01 2.547e-01 7.186e-05 2.107e-05 1.825e-04 -1.000 4.188e-04 0.340 1.290 0.633 0.292 0.194 0.165 0.162
0.00039019 -1.60000 10.00000 0.8508210182 2.4352841574    0.790  1.773  3.7632  2.568    4  0.000  0.526     0.00     0.00     0.00     0.00     0.00 -1    -1e-30      0.00 7.449e-01 2.547e-01 7.186e-05 2.107e-05 1.825e-04 -1.000 4.189e-04 0.338 1.284 0.629 0.290 0.192 0.165 0.161
0.00039019 -1.60000 10.00000 0.8508810401 2.4353023744    0.790  1.773  3.7640  2.570    4  0.000  0.526     0.00     0.00     0.00     0.00     0.00 -1    -1e-30      0.00 7.449e-01 2.547e-01 7.186e-05 2.107e-05 1.825e-04 -1.000 4.188e-04 0.337 1.278 0.626 0.289 0.193 0.166 0.163
0.00039019 -1.60000 10.00000 0.8509418368 2.4353208235    0.790  1.773  3.7650  2.574    4  0.000  0.526     0.00     0.00     0.00     0.00     0.00 -1    -1e-30      0.00 7.449e-01 2.547e-01 7.186e-05 2.107e-05 1.825e-04 -1.000 4.188e-04 0.338 1.272 0.622 0.289 0.195 0.169 0.166
0.00039019 -1.60000 10.00000 0.8510019779 2.4353390707    0.790  1.773  3.7661  2.579    4  0.000  0.526     0.00     0.00     0.00     0.00     0.00 -1    -1e-30      0.00 7.449e-01 2.547e-01 7.186e-05 2.108e-05 1.825e-04 -1.000 4.189e-04 0.339 1.266 0.619 0.290 0.198 0.173 0.170
0.00039019 -1.60000 10.00000 0.8510634303 2.4353577127    0.790  1.772  3.7673  2.585    4  0.000  0.526     0.00     0.00     0.00     0.00     0.00 -1    -1e-30      0.00 7.449e-01 2.547e-01 7.186e-05 2.108e-05 1.825e-04 -1.000 4.188e-04 0.340 1.259 0.616 0.292 0.201 0.177 0.176
0.00039019 -1.60000 10.00000 0.8511239290 2.4353760623    0.790  1.771  3.7686  2.591    4  0.000  0.526     0.00     0.00     0.00     0.00     0.00 -1    -1e-30      0.00 7.449e-01 2.547e-01 7.186e-05 2.108e-05 1.825e-04 -1.000 4.188e-04 0.342 1.252 0.613 0.293 0.205 0.182 0.181
0.00039019 -1.60000 10.00000 0.8511800170 2.4353930715    0.790  1.771  3.7697  2.596    4  0.000  0.526     0.00     0.00     0.00     0.00     0.00 -1    -1e-30      0.00 7.449e-01 2.547e-01 7.186e-05 2.108e-05 1.825e-04 -1.000 4.189e-04 0.343 1.246 0.610 0.294 0.208 0.186 0.186
0.00039019 -1.60000 10.00000 0.8512428999 2.4354121382    0.790  1.770  3.7708  2.601    4  0.000  0.526     0.00     0.00     0.00     0.00     0.00 -1    -1e-30      0.00 7.449e-01 2.547e-01 7.186e-05 2.108e-05 1.825e-04 -1.000 4.188e-04 0.344 1.240 0.607 0.296 0.211 0.191 0.190
0.00039019 -1.60000 10.00000 0.8513053060 2.4354310572    0.790  1.770  3.7718  2.605    4  0.000  0.526     0.00     0.00     0.00     0.00     0.00 -1    -1e-30      0.00 7.449e-01 2.547e-01 7.186e-05 2.108e-05 1.825e-04 -1.000 4.188e-04 0.345 1.234 0.604 0.296 0.214 0.194 0.194
0.00039019 -1.60000 10.00000 0.8513659239 2.4354494310    0.790  1.770  3.7726  2.609    4  0.000  0.526     0.00     0.00     0.00     0.00     0.00 -1    -1e-30      0.00 7.449e-01 2.547e-01 7.186e-05 2.108e-05 1.825e-04 -1.000 4.188e-04 0.346 1.230 0.602 0.297 0.216 0.197 0.198
0.00039019 -1.60000 10.00000 0.8514268398 2.4354678921    0.791  1.770  3.7732  2.611    4  0.000  0.526     0.00     0.00     0.00     0.00     0.00 -1    -1e-30      0.00 7.449e-01 2.547e-01 7.186e-05 2.108e-05 1.825e-04 -1.000 4.188e-04 0.346 1.226 0.600 0.297 0.217 0.199 0.199
0.00039019 -1.60000 10.00000 0.8514336348 2.4354699511    0.791  1.770  3.7733  2.611    4  0.000  0.526     0.00     0.00     0.00     0.00     0.00 -1    -1e-30      0.00 7.449e-01 2.547e-01 7.186e-05 2.108e-05 1.825e-04 -1.000 4.188e-04 0.346 1.226 0.600 0.297 0.217 0.199 0.200
0.00039019 -1.60000 10.00000 0.8514890075 2.4354867294    0.791  1.770  3.7734  2.612    4  0.000  0.526     0.00     0.00     0.00     0.00     0.00 -1    -1e-30      0.00 7.449e-01 2.547e-01 7.186e-05 2.108e-05 1.825e-04 -1.000 4.188e-04 0.345 1.224 0.598 0.296 0.217 0.199 0.199
0.00039019 -1.60000 10.00000 0.8515493870 2.4355050218    0.791  1.770  3.7734  2.611    4  0.000  0.526     0.00     0.00     0.00     0.00     0.00 -1    -1e-30      0.00 7.449e-01 2.547e-01 7.186e-05 2.108e-05 1.825e-04 -1.000 4.189e-04 0.344 1.223 0.597 0.295 0.215 0.197 0.198
0.00039019 -1.60000 10.00000 0.8516083360 2.4355228780    0.791  1.771  3.7731  2.609    4  0.000  0.526     0.00     0.00     0.00     0.00     0.00 -1    -1e-30      0.00 7.449e-01 2.547e-01 7.186e-05 2.108e-05 1.825e-04 -1.000 4.188e-04 0.342 1.223 0.596 0.293 0.213 0.195 0.195
0.00039019 -1.60000 10.00000 0.8516645432 2.4355399010    0.791  1.772  3.7725  2.606    4  0.000  0.526     0.00     0.00     0.00     0.00     0.00 -1    -1e-30      0.00 7.449e-01 2.547e-01 7.186e-05 2.108e-05 1.825e-04 -1.000 4.188e-04 0.339 1.224 0.596 0.290 0.209 0.190 0.190
0.00039019 -1.60000 10.00000 0.8517225981 2.4355574810    0.791  1.774  3.7716  2.601    4  0.000  0.526     0.00     0.00     0.00     0.00     0.00 -1    -1e-30      0.00 7.449e-01 2.547e-01 7.186e-05 2.108e-05 1.825e-04 -1.000 4.189e-04 0.336 1.226 0.595 0.287 0.204 0.184 0.184
0.00039019 -1.60000 10.00000 0.8517843485 2.4355761769    0.791  1.776  3.7703  2.594    4  0.000  0.526     0.00     0.00     0.00     0.00     0.00 -1    -1e-30      0.00 7.449e-01 2.547e-01 7.186e-05 2.108e-05 1.825e-04 -1.000 4.189e-04 0.331 1.230 0.595 0.282 0.197 0.176 0.175
0.00039019 -1.60000 10.00000 0.8518422246 2.4355936970    0.791  1.778  3.7688  2.586    4  0.000  0.526     0.00     0.00     0.00     0.00     0.00 -1    -1e-30      0.00 7.449e-01 2.547e-01 7.186e-05 2.108e-05 1.825e-04 -1.000 4.189e-04 0.325 1.234 0.595 0.276 0.189 0.166 0.165
0.00039019 -1.60000 10.00000 0.8518691659 2.4356018517    0.791  1.779  3.7681  2.582    4  0.000  0.526     0.00     0.00     0.00     0.00     0.00 -1    -1e-30      0.00 7.449e-01 2.547e-01 7.186e-05 2.108e-05 1.825e-04 -1.000 4.188e-04 0.322 1.236 0.595 0.274 0.185 0.162 0.160
0.00039019 -1.60000 10.00000 0.8519201279 2.4356172754    0.791  1.782  3.7665  2.573    4  0.000  0.526     0.00     0.00     0.00     0.00     0.00 -1    -1e-30      0.00 7.449e-01 2.547e-01 7.186e-05 2.108e-05 1.825e-04 -1.000 4.189e-04 0.316 1.240 0.594 0.267 0.176 0.151 0.149
0.00039019 -1.60000 10.00000 0.8519740701 2.4356335987    0.791  1.785  3.7648  2.563    4  0.000  0.526     0.00     0.00     0.00     0.00     0.00 -1    -1e-30      0.00 7.449e-01 2.547e-01 7.186e-05 2.108e-05 1.825e-04 -1.000 4.188e-04 0.308 1.244 0.593 0.260 0.165 0.139 0.136
0.00039019 -1.60000 10.00000 0.8520274162 2.4356497394    0.791  1.788  3.7631  2.553    4  0.000  0.526     0.00     0.00     0.00     0.00     0.00 -1    -1e-30      0.00 7.449e-01 2.547e-01 7.186e-05 2.108e-05 1.825e-04 -1.000 4.189e-04 0.300 1.247 0.592 0.252 0.155 0.127 0.123
0.00039019 -1.60000 10.00000 0.8520820141 2.4356662564    0.791  1.792  3.7613  2.542    4  0.000  0.526     0.00     0.00     0.00     0.00     0.00 -1    -1e-30      0.00 7.449e-01 2.547e-01 7.186e-05 2.108e-05 1.825e-04 -1.000 4.188e-04 0.291 1.249 0.589 0.243 0.142 0.113 0.108
0.00039019 -1.60000 10.00000 0.8521341085 2.4356820137    0.791  1.796  3.7597  2.532    4  0.000  0.526     0.00     0.00     0.00     0.00     0.00 -1    -1e-30      0.00 7.449e-01 2.547e-01 7.186e-05 2.108e-05 1.825e-04 -1.000 4.188e-04 0.281 1.250 0.585 0.234 0.130 0.099 0.094
0.00039019 -1.60000 10.00000 0.8521862030 2.4356977689    0.791  1.799  3.7582  2.522    4  0.000  0.526     0.00     0.00     0.00     0.00     0.00 -1    -1e-30      0.00 7.449e-01 2.547e-01 7.186e-05 2.108e-05 1.825e-04 -1.000 4.188e-04 0.271 1.251 0.581 0.224 0.118 0.085 0.080
0.00039019 -1.60000 10.00000 0.8522377014 2.4357133416    0.791  1.804  3.7564  2.510    4  0.000  0.526     0.00     0.00     0.00     0.00     0.00 -1    -1e-30      0.00 7.448e-01 2.547e-01 7.186e-05 2.108e-05 1.825e-04 -1.000 4.189e-04 0.259 1.252 0.576 0.212 0.103 0.068 0.062
0.00039019 -1.60000 10.00000 0.8522898555 2.4357291103    0.791  1.811  3.7544  2.495    4  0.000  0.526     0.00     0.00     0.00     0.00     0.00 -1    -1e-30      0.00 7.448e-01 2.547e-01 7.186e-05 2.108e-05 1.825e-04 -1.000 4.188e-04 0.243 1.251 0.568 0.197 0.084 0.047 0.040
0.00039019 -1.60000 10.00000 0.8523417711 2.4357448048    0.792  1.818  3.7523  2.480    4  0.000  0.526     0.00     0.00     0.00     0.00     0.00 -1    -1e-30      0.00 7.448e-01 2.547e-01 7.186e-05 2.108e-05 1.825e-04 -1.000 4.189e-04 0.225 1.249 0.558 0.179 0.063 0.023 0.016
0.00039019 -1.60000 10.00000 0.8523757458 2.4357550744    0.792  1.823  3.7514  2.471    4  0.000  0.526     0.00     0.00     0.00     0.00     0.00 -1    -1e-30      0.00 7.448e-01 2.547e-01 7.186e-05 2.108e-05 1.825e-04 -1.000 4.188e-04 0.214 1.244 0.550 0.168 0.050 0.010 0.001
0.00039019 -1.60000 10.00000 0.8524269462 2.4357705491    0.792  1.834  3.7485  2.448    4  0.000  0.526     0.00     0.00     0.00     0.00     0.00 -1    -1e-30      0.00 7.448e-01 2.547e-01 7.186e-05 2.108e-05 1.825e-04 -1.000 4.188e-04 0.185 1.238 0.533 0.140 0.017 -0.026 -0.036
0.00039019 -1.60000 10.00000 0.8524798751 2.4357865439    0.792  1.850  3.7449  2.418    4  0.000  0.526     0.00     0.00     0.00     0.00     0.00 -1    -1e-30      0.00 7.448e-01 2.547e-01 7.186e-05 2.108e-05 1.825e-04 -1.000 4.188e-04 0.144 1.225 0.505 0.099 -0.030 -0.076 -0.087
0.00039019 -1.60000 10.00000 0.8525316119 2.4358021763    0.792  1.878  3.7398  2.370    4  0.000  0.526     0.00     0.00     0.00     0.00     0.00 -1    -1e-30      0.00 7.448e-01 2.547e-01 7.186e-05 2.108e-05 1.825e-04 -1.000 4.188e-04 0.076 1.197 0.456 0.032 -0.105 -0.157 -0.170
0.00039019 -1.60000 10.00000 0.8525629044 2.4358116303    0.792  1.909  3.7346  2.318    4  0.000  0.526     0.00     0.00     0.00     0.00     0.00 -1    -1e-30      0.00 7.448e-01 2.547e-01 7.186e-05 2.108e-05 1.825e-04 -1.000 4.188e-04 -0.003 1.166 0.399 -0.046 -0.192 -0.249 -0.265
0.00039019 -1.60000 10.00000 0.8525785804 2.4358163661    0.792  1.944  3.7295  2.263    4  0.000  0.526     0.00     0.00     0.00     0.00     0.00 -1    -1e-30      0.00 7.448e-01 2.547e-01 7.186e-05 2.108e-05 1.825e-04 -1.000 4.188e-04 -0.089 1.126 0.333 -0.130 -0.285 -0.348 -0.366
0.00039019 -1.60000 10.00000 0.8525852561 2.4358183827    0.792  1.979  3.7250  2.210    4  0.000  0.526     0.00     0.00     0.00     0.00     0.00 -1    -1e-30      0.00 7.448e-01 2.547e-01 7.186e-05 2.108e-05 1.825e-04 -1.000 4.188e-04 -0.177 1.085 0.266 -0.216 -0.378 -0.446 -0.466
0.00039019 -1.60000 10.00000 0.8525882959 2.4358193010    0.792  2.014  3.7209  2.158    4  0.000  0.526     0.00     0.00     0.00     0.00     0.00 -1    -1e-30      0.00 7.448e-01 2.547e-01 7.186e-05 2.108e-05 1.825e-04 -1.000 4.188e-04 -0.264 1.039 0.196 -0.302 -0.471 -0.544 -0.566
0.00039019 -1.60000 10.00000 0.8525899053 2.4358197872    0.792  2.046  3.7175  2.113    4  0.000  0.526     0.00     0.00     0.00     0.00     0.00 -1    -1e-30      0.00 7.448e-01 2.547e-01 7.186e-05 2.108e-05 1.825e-04 -1.000 4.189e-04 -0.345 0.995 0.131 -0.380 -0.555 -0.632 -0.656
0.00039019 -1.60000 10.00000 0.8525899649 2.4358198052    0.792  2.049  3.7173  2.109    7  0.000  0.526     0.00     0.00     0.00     0.00     0.00 -1    -1e-30      0.00 7.448e-01 2.547e-01 7.186e-05 2.108e-05 1.825e-04 -1.000 4.189e-04 -0.352 0.992 0.125 -0.387 -0.562 -0.639 -0.662
0.00039019 -1.60000 10.00000 0.8525906801 2.4358200212    0.792  2.072  3.7152  2.078    7  0.000  0.526     0.00     0.00     0.00     0.00     0.00 -1    -1e-30      0.00 7.448e-01 2.547e-01 7.186e-05 2.108e-05 1.825e-04 -1.000 4.188e-04 -0.410 0.957 0.077 -0.443 -0.622 -0.702 -0.726
0.00039019 -1.60000 10.00000 0.8525919318 2.4358203994    0.792  2.117  3.7115  2.018    7  0.000  0.526     0.00     0.00     0.00     0.00     0.00 -1    -1e-30      0.00 7.448e-01 2.547e-01 7.186e-05 2.108e-05 1.825e-04 -1.000 4.188e-04 -0.522 0.886 -0.017 -0.553 -0.738 -0.822 -0.849
0.00039019 -1.60000 10.00000 0.8525930047 2.4358207235    0.792  2.156  3.7084  1.966    7  0.000  0.526     0.00     0.00     0.00     0.00     0.00 -1    -1e-30      0.00 7.448e-01 2.547e-01 7.186e-05 2.108e-05 1.825e-04 -1.000 4.188e-04 -0.621 0.826 -0.100 -0.650 -0.841 -0.928 -0.956
0.00039019 -1.60000 10.00000 0.8525940180 2.4358210296    0.792  2.193  3.7057  1.918    7  0.000  0.526     0.00     0.00     0.00     0.00     0.00 -1    -1e-30      0.00 7.448e-01 2.547e-01 7.186e-05 2.108e-05 1.825e-04 -1.000 4.188e-04 -0.713 0.772 -0.177 -0.739 -0.934 -1.025 -1.055
0.00039019 -1.60000 10.00000 0.8525965214 2.4358217858    0.792  2.215  3.7043  1.891    7  0.000  0.526     0.00     0.00     0.00     0.00     0.00 -1    -1e-30      0.00 7.448e-01 2.547e-01 7.186e-05 2.108e-05 1.825e-04 -1.000 4.188e-04 -0.768 0.737 -0.224 -0.793 -0.991 -1.083 -1.114
0.00039019 -1.60000 10.00000 0.8525985479 2.4358223980    0.792  2.193  3.7060  1.919    7  0.000  0.526     0.00     0.00     0.00     0.00     0.00 -1    -1e-30      0.00 7.448e-01 2.547e-01 7.186e-05 2.108e-05 1.825e-04 -1.000 4.188e-04 -0.713 0.768 -0.179 -0.740 -0.935 -1.025 -1.055
0.00039019 -1.60000 10.00000 0.8526065350 2.4358248106    0.792  2.163  3.7082  1.958    7  0.000  0.526     0.00     0.00     0.00     0.00     0.00 -1    -1e-30      0.00 7.448e-01 2.547e-01 7.186e-05 2.108e-05 1.825e-04 -1.000 4.188e-04 -0.638 0.813 -0.116 -0.666 -0.857 -0.945 -0.973
0.00039019 -1.60000 10.00000 0.8526403308 2.4358350189    0.792  2.187  3.7060  1.926    7  0.000  0.526     0.00     0.00     0.00     0.00     0.00 -1    -1e-30      0.00 7.448e-01 2.547e-01 7.186e-05 2.108e-05 1.825e-04 -1.000 4.188e-04 -0.698 0.782 -0.164 -0.724 -0.919 -1.009 -1.039
0.00039019 -1.60000 10.00000 0.8526607156 2.4358411758    0.792  2.230  3.7028  1.870    7  0.000  0.526     0.00     0.00     0.00     0.00     0.00 -1    -1e-30      0.00 7.448e-01 2.547e-01 7.186e-05 2.108e-05 1.825e-04 -1.000 4.188e-04 -0.804 0.721 -0.252 -0.827 -1.028 -1.123 -1.154
0.00039019 -1.60000 10.00000 0.8526766896 2.4358460002    0.792  2.265  3.7001  1.824    7  0.000  0.526     0.00     0.00     0.00     0.00     0.00 -1    -1e-30      0.00 7.448e-01 2.547e-01 7.186e-05 2.108e-05 1.825e-04 -1.000 4.188e-04 -0.893 0.669 -0.326 -0.914 -1.120 -1.218 -1.250
0.00039019 -1.60000 10.00000 0.8526952863 2.4358516165    0.792  2.306  3.6972  1.772    7  0.000  0.526     0.00     0.00     0.00     0.00     0.00 -1    -1e-30      0.00 7.448e-01 2.547e-01 7.186e-05 2.108e-05 1.825e-04 -1.000 4.189e-04 -0.994 0.611 -0.410 -1.011 -1.222 -1.324 -1.358
0.00039019 -1.60000 10.00000 0.8527131677 2.4358570165    0.792  2.347  3.6944  1.719    7  0.000  0.526     0.00     0.00     0.00     0.00     0.00 -1    -1e-30      0.00 7.448e-01 2.548e-01 7.186e-05 2.108e-05 1.825e-04 -1.000 4.189e-04 -1.097 0.552 -0.495 -1.110 -1.327 -1.432 -1.468
0.00039019 -1.60000 10.00000 0.8527292013 2.4358618583    0.792  2.388  3.6915  1.667    7  0.000  0.526     0.00     0.00     0.00     0.00     0.00 -1    -1e-30      0.00 7.448e-01 2.548e-01 7.186e-05 2.108e-05 1.825e-04 -1.000 4.189e-04 -1.200 0.494 -0.580 -1.209 -1.431 -1.540 -1.578
0.00039019 -1.60000 10.00000 0.8527435064 2.4358661780    0.792  2.429  3.6887  1.614    7  0.000  0.525     0.00     0.00     0.00     0.00     0.00 -1    -1e-30      0.00 7.448e-01 2.548e-01 7.183e-05 2.109e-05 1.825e-04 -1.000 4.189e-04 -1.303 0.437 -0.664 -1.307 -1.535 -1.648 -1.687
0.00039019 -1.60000 10.00000 0.8527562022 2.4358700115    0.792  2.470  3.6858  1.562    7  0.000  0.524     0.00     0.00     0.00     0.00     0.00 -1    -1e-30      0.00 7.448e-01 2.548e-01 7.172e-05 2.114e-05 1.825e-04 -1.000 4.188e-04 -1.405 0.382 -0.747 -1.404 -1.637 -1.754 -1.795
0.00039019 -1.60000 10.00000 0.8527677655 2.4358735030    0.792  2.511  3.6830  1.509    7  0.000  0.521     6.55     5.24     3.73     2.88     2.33  3    -1e-30      0.00 7.448e-01 2.548e-01 7.136e-05 2.136e-05 1.825e-04 -1.000 4.189e-04 -1.508 0.346 -0.828 -1.505 -1.743 -1.863 -1.906
0.00039019 -1.60000 10.00000 0.8527781963 2.4358766524    0.792  2.552  3.6801  1.457    7  0.000  0.514     7.32     5.76     4.08     3.16     2.55  3    -1e-30      0.00 7.447e-01 2.548e-01 7.051e-05 2.215e-05 1.825e-04 -1.000 4.188e-04 -1.610 0.317 -0.907 -1.606 -1.849 -1.973 -2.018
0.00039019 -1.60000 10.00000 0.8527876735 2.4358795138    0.792  2.593  3.6772  1.405    7  0.000  0.504     8.17     6.33     4.46     3.46     2.80  3    -1e-30      0.00 7.447e-01 2.549e-01 6.911e-05 2.374e-05 1.825e-04 -1.000 4.174e-04 -1.712 0.297 -0.982 -1.704 -1.954 -2.081 -2.128
0.00039019 -1.60000 10.00000 0.8527963161 2.4358821232    0.792  2.633  3.6744  1.353    7  0.000  0.493     9.13     6.95     4.88     3.79     3.07  3    -1e-30      0.00 7.446e-01 2.550e-01 6.763e-05 2.555e-05 1.825e-04 -1.000 4.141e-04 -1.814 0.282 -1.055 -1.802 -2.058 -2.189 -2.238
0.00039019 -1.60000 10.00000 0.8528043628 2.4358845526    0.792  2.674  3.6715  1.301    7  0.000  0.483    10.19     7.64     5.34     4.15     3.36  3    -1e-30      0.00 7.444e-01 2.551e-01 6.631e-05 2.717e-05 1.825e-04 -1.000 4.145e-04 -1.915 0.276 -1.124 -1.900 -2.162 -2.297 -2.347
0.00039019 -1.60000 10.00000 0.8528121114 2.4358868919    0.792  2.714  3.6685  1.249    7  0.000  0.474    11.38     8.39     5.85     4.55     3.68  3    -1e-30      0.00 7.444e-01 2.552e-01 6.510e-05 2.866e-05 1.825e-04 -1.000 4.179e-04 -2.016 0.276 -1.191 -1.996 -2.265 -2.404 -2.457
0.00039019 -1.60000 10.00000 0.8528195620 2.4358891412    0.792  2.754  3.6656  1.197    7  0.000  0.467    12.70     9.22     6.39     4.98     4.03  2    -1e-30      0.00 7.442e-01 2.554e-01 6.409e-05 2.990e-05 1.825e-04 -1.000 4.086e-04 -2.116 0.283 -1.254 -2.090 -2.367 -2.511 -2.565
0.00039019 -1.60000 10.00000 0.8528268337 2.4358913365    0.792  2.795  3.6626  1.144    7  0.000  0.460    14.20    10.14     7.00     5.46     4.42  2    -1e-30      0.00 7.441e-01 2.555e-01 6.320e-05 3.099e-05 1.825e-04 -1.000 4.027e-04 -2.218 0.298 -1.316 -2.186 -2.471 -2.618 -2.675
0.00039019 -1.60000 10.00000 0.8528333902 2.4358933159    0.792  2.836  3.6595  1.090    7  0.000  0.454    15.91    11.17     7.68     6.00     4.86  2    -1e-30      0.00 7.440e-01 2.556e-01 6.241e-05 3.197e-05 1.825e-04 -1.000 4.185e-04 -2.321 0.322 -1.375 -2.282 -2.575 -2.728 -2.787
0.00039019 -1.60000 10.00000 0.8528395295 2.4358951692    0.792  2.878  3.6563  1.036    7  0.000  0.449    17.85    12.32     8.44     6.60     5.35  2    -1e-30      0.00 7.439e-01 2.557e-01 6.171e-05 3.283e-05 1.824e-04 -1.000 4.188e-04 -2.425 0.335 -1.434 -2.375 -2.677 -2.835 -2.897
0.00039019 -1.60000 10.00000 0.8528448939 2.4358967886    0.792  2.921  3.6530  0.979    7  0.000  0.445    20.13    13.65     9.31     7.29     5.91  2    -1e-30      0.00 7.437e-01 2.559e-01 6.110e-05 3.360e-05 1.823e-04 -1.000 4.188e-04 -2.534 0.332 -1.498 -2.470 -2.782 -2.946 -3.010
0.00039019 -1.60000 10.00000 0.8528490067 2.4358980301    0.792  2.963  3.6498  0.925    7  0.000  0.442    22.60    15.07    10.22     8.02     6.51  2    -1e-30      0.00 7.436e-01 2.560e-01 6.061e-05 3.425e-05 1.822e-04 -1.000 4.188e-04 -2.638 0.337 -1.554 -2.560 -2.882 -3.052 -3.119
0.00039019 -1.60000 10.00000 0.8528524637 2.4358990737    0.792  3.002  3.6467  0.874    7  0.000  0.439    25.18    16.53    11.17     8.77     7.12  1    -1e-30      0.00 7.434e-01 2.561e-01 6.021e-05 3.479e-05 1.820e-04 -1.000 4.188e-04 -2.735 0.343 -1.606 -2.642 -2.974 -3.150 -3.220
0.00039019 -1.60000 10.00000 0.8528559208 2.4359001173    0.792  3.042  3.6435  0.821    7  0.000  0.438    28.18    18.19    12.24     9.63     7.81  1    -1e-30      0.00 7.433e-01 2.562e-01 5.989e-05 3.528e-05 1.818e-04 -1.000 4.189e-04 -2.836 0.350 -1.658 -2.727 -3.070 -3.251 -3.324
0.00039019 -1.60000 10.00000 0.8528590202 2.4359010529    0.792  3.093  3.6394  0.753    7  0.000  0.436    32.52    20.56    13.76    10.84     8.80  1    -1e-30      0.00 7.432e-01 2.564e-01 5.963e-05 3.571e-05 1.816e-04 -1.000 4.187e-04 -2.964 0.363 -1.723 -2.834 -3.190 -3.380 -3.456
0.00039019 -1.60000 10.00000 0.8528618813 2.4359019166    0.792  3.174  3.6329  0.647    7  0.000  0.435    40.71    24.90    16.52    13.06    10.60  1    -1e-30      0.00 7.429e-01 2.566e-01 5.931e-05 3.652e-05 1.811e-04 -1.000 4.185e-04 -3.164 0.386 -1.813 -2.995 -3.375 -3.578 -3.659
0.00039019 -1.60000 10.00000 0.8528621197 2.4359019885    0.792  3.196  3.6310  0.617    7  0.000  0.435    43.35    26.27    17.39    13.75    11.17  1    -1e-30      0.00 7.429e-01 2.567e-01 5.930e-05 3.656e-05 1.810e-04 -1.000 4.184e-04 -3.219 0.396 -1.835 -3.038 -3.425 -3.632 -3.715
0.00039019 -1.60000 10.00000 0.8528622985 2.4359020425    0.792  3.223  3.6286  0.580    7  0.000  0.433    46.89    28.09    18.53    14.68    11.92  1    -1e-30      0.00 7.427e-01 2.569e-01 5.879e-05 3.778e-05 1.803e-04 -1.000 4.185e-04 -3.287 0.409 -1.862 -3.091 -3.487 -3.699 -3.784
0.00039019 -1.60000 10.00000 0.8528625965 2.4359021325    0.792  3.264  3.6250  0.525    7  0.000  0.432    52.67    31.02    20.38    16.16    13.13  1    -1e-30      0.00 7.425e-01 2.571e-01 5.830e-05 3.907e-05 1.795e-04 -1.000 4.186e-04 -3.389 0.427 -1.901 -3.168 -3.577 -3.797 -3.886
0.00039019 -1.60000 10.00000 0.8528631330 2.4359022944    0.792  3.302  3.6218  0.474    7  0.000  0.432    58.78    34.07    22.28    17.69    14.38  1    -1e-30      0.00 7.424e-01 2.572e-01 5.807e-05 3.981e-05 1.789e-04 -1.000 4.187e-04 -3.486 0.441 -1.934 -3.241 -3.663 -3.891 -3.983
0.00039019 -1.60000 10.00000 0.8528633118 2.4359023484    0.792  3.309  3.6212  0.464    7  0.545  0.431    59.98    34.66    22.65    17.99    14.62  1    -1e-30      0.00 7.423e-01 2.572e-01 5.803e-05 3.994e-05 1.788e-04 -1.000 4.188e-04 -3.503 0.443 -1.940 -3.254 -3.679 -3.909 -4.001
0.00039019 -1.60000 10.00000 0.8528634310 2.4359023844    0.792  3.310  3.6211  0.463    7  0.543  0.431    60.08    34.71    22.68    18.02    14.64  1    -1e-30      0.00 7.423e-01 2.573e-01 5.802e-05 3.997e-05 1.788e-04 -1.000 4.188e-04 -3.505 0.443 -1.941 -3.256 -3.681 -3.911 -4.003
0.00039019 -1.60000 10.00000 0.8528634906 2.4359024024    0.792  3.388  3.6155  0.362    8  0.543  0.404    74.39    41.64    26.99    21.50    17.48  1 -8.67e-07      0.00 7.345e-01 2.652e-01 5.391e-05 4.889e-05 1.811e-04 -1.000 3.129e-04 -3.700 0.441 -2.008 -3.402 -3.856 -4.100 -4.198
0.00039019 -1.60000 10.00000 0.8528635502 2.4359024203    0.791  3.228  3.6275  0.571    8  0.543  0.397    47.83    28.57    18.83    14.92    12.12  1 -4.17e-07      0.00 7.345e-01 2.652e-01 5.391e-05 4.889e-05 1.811e-04 -1.000 3.129e-04 -3.299 0.428 -1.857 -3.095 -3.494 -3.709 -3.795
0.00039019 -1.60000 10.00000 0.8528636694 2.4359024563    0.789  3.086  3.6398  0.760    8  0.543  0.397    31.99    20.27    13.57    10.69     8.68  1 -2.18e-07      0.00 7.345e-01 2.652e-01 5.391e-05 4.889e-05 1.811e-04 -1.000 3.128e-04 -2.945 0.368 -1.710 -2.817 -3.172 -3.361 -3.436
0.00039019 -1.60000 10.00000 0.8528638482 2.4359025103    0.785  2.884  3.6571  1.029    8  0.543  0.397    18.07    12.45     8.52     6.67     5.40  2 -8.68e-08      0.00 7.345e-01 2.652e-01 5.391e-05 4.889e-05 1.811e-04 -1.000 3.129e-04 -2.441 0.306 -1.457 -2.394 -2.695 -2.851 -2.912
0.00039019 -1.60000 10.00000 0.8528640866 2.4359025823    0.780  2.889  3.6566  1.019    8  0.543  0.397    18.43    12.66     8.65     6.78     5.49  2 -9.05e-08      0.00 7.345e-01 2.652e-01 5.391e-05 4.889e-05 1.811e-04 -1.000 3.129e-04 -2.453 0.311 -1.462 -2.404 -2.706 -2.864 -2.925
0.00039019 -1.60000 10.00000 0.8528644443 2.4359026902    0.773  2.983  3.6483  0.889    8  0.543  0.397    24.23    15.98    10.81     8.49     6.89  2 -1.43e-07      0.00 7.345e-01 2.652e-01 5.391e-05 4.889e-05 1.811e-04 -1.000 3.128e-04 -2.686 0.346 -1.578 -2.601 -2.929 -3.102 -3.170
0.00039019 -1.60000 10.00000 0.8528648615 2.4359028162    0.765  3.140  3.6344  0.671    8  0.544  0.397    38.37    23.62    15.69    12.41    10.07  1 -3.06e-07      0.00 7.345e-01 2.652e-01 5.391e-05 4.889e-05 1.811e-04 -1.000 3.128e-04 -3.081 0.418 -1.755 -2.921 -3.295 -3.495 -3.575
0.00039019 -1.60000 10.00000 0.8528653383 2.4359029601    0.756  3.278  3.6223  0.480    8  0.544  0.397    57.51    33.30    21.78    17.32    14.07  1 -5.98e-07      0.00 7.345e-01 2.652e-01 5.391e-05 4.889e-05 1.811e-04 -1.000 3.129e-04 -3.425 0.487 -1.882 -3.184 -3.604 -3.831 -3.922
0.00039019 -1.60000 10.00000 0.8528659344 2.4359031400    0.745  3.369  3.6141  0.350    8  0.545  0.397    75.60    41.96    27.15    21.67    17.61  1 -9.46e-07      0.00 7.345e-01 2.652e-01 5.391e-05 4.889e-05 1.811e-04 -1.000 3.129e-04 -3.652 0.526 -1.934 -3.342 -3.802 -4.049 -4.149
0.00039019 -1.60000 10.00000 0.8528665304 2.4359033200    0.733  3.419  3.6095  0.274    8  0.545  0.397    88.53    47.89    30.80    24.65    20.03  1 -1.24e-06      0.00 7.345e-01 2.652e-01 5.391e-05 4.889e-05 1.811e-04 -1.000 3.129e-04 -3.777 0.549 -1.954 -3.425 -3.908 -4.168 -4.272
0.00039019 -1.60000 10.00000 0.8528672457 2.4359035359    0.720  3.444  3.6069  0.231    8  0.546  0.397    96.82    51.56    33.03    26.48    21.52  1 -1.47e-06      0.00 7.345e-01 2.652e-01 5.391e-05 4.889e-05 1.811e-04 -1.000 3.128e-04 -3.841 0.566 -1.957 -3.463 -3.960 -4.228 -4.335
0.00039019 -1.60000 10.00000 0.8528680205 2.4359037698    0.706  3.460  3.6052  0.200    8  0.546  0.397   103.19    54.28    34.68    27.84    22.63  1 -1.67e-06      0.00 7.345e-01 2.652e-01 5.391e-05 4.889e-05 1.811e-04 -1.000 3.129e-04 -3.881 0.582 -1.953 -3.485 -3.992 -4.265 -4.374
0.00039019 -1.60000 10.00000 0.8528712988 2.4359047593    0.548 -9.999  4.0000  1.743    9  0.548  0.000     0.00     0.00     0.00     0.00     0.00 -1    -1e-30      0.00 7.345e-01 2.652e-01 5.391e-05 4.889e-05 1.811e-04 -1.000 3.129e-04 29.767 30.102 29.965 30.242 30.471 30.552 30.640
