# Zini     MH   logAge Mini        int_IMF         Mass   logL    logTe  logg  label   McoreTP C_O  period0  period1  period2  period3  period4  pmode  Mloss  tau1m   X   Y   Xc  Xn  Xo  Cexcess  Z 	 mbolmag  umag    gmag    rmag    imag    zmag    Ymag
0.0010968 -1.15000 10.02531 0.0900000036 1.0816895926    0.090 -3.218  3.4540  5.378    1  0.000  0.545     0.00     0.00     0.00     0.00     0.00 -1 -5.19e-17      0.00 7.466e-01 2.523e-01 2.038e-04 5.498e-05 4.986e-04 -1.000 1.133e-03 12.815 18.040 16.837 14.989 12.907 12.208 12.072
0.0010968 -1.15000 10.02531 0.0916480646 1.0972919350    0.092 -3.175  3.4601  5.368    1  0.000  0.545     0.00     0.00     0.00     0.00     0.00 -1 -5.75e-17      0.00 7.464e-01 2.525e-01 2.038e-04 5.498e-05 4.986e-04 -1.000 1.133e-03 12.707 17.921 16.581 14.732 12.770 12.105 11.972
0.0010968 -1.15000 10.02531 0.1000000015 1.1711064122    0.100 -2.967  3.4898  5.316    1  0.000  0.545     0.00     0.00     0.00     0.00     0.00 -1 -9.44e-17      0.00 7.453e-01 2.535e-01 2.038e-04 5.498e-05 4.986e-04 -1.000 1.133e-03 12.186 17.274 15.390 13.600 12.133 11.609 11.485
0.0010968 -1.15000 10.02531 0.1199999899 1.3193153758    0.120 -2.683  3.5227  5.243    1  0.000  0.545     0.00     0.00     0.00     0.00     0.00 -1  -1.8e-16      0.00 7.434e-01 2.555e-01 2.038e-04 5.498e-05 4.987e-04 -1.000 1.133e-03 11.478 16.201 14.037 12.369 11.339 10.934 10.820
0.0010968 -1.15000 10.02531 0.1400000006 1.4384526719    0.140 -2.501  3.5393  5.194    1  0.000  0.545     0.00     0.00     0.00     0.00     0.00 -1 -2.68e-16      0.00 7.419e-01 2.570e-01 2.038e-04 5.498e-05 4.987e-04 -1.000 1.133e-03 11.023 15.484 13.305 11.714 10.853 10.493 10.384
0.0010968 -1.15000 10.02531 0.1599999964 1.5372931554    0.160 -2.362  3.5499  5.155    1  0.000  0.545     0.00     0.00     0.00     0.00     0.00 -1 -3.61e-16      0.00 7.407e-01 2.581e-01 2.038e-04 5.498e-05 4.987e-04 -1.000 1.133e-03 10.675 14.954 12.794 11.256 10.488 10.154 10.049
0.0010968 -1.15000 10.02531 0.2000000179 1.6938791367    0.200 -2.142  3.5641  5.089    1  0.000  0.545     0.00     0.00     0.00     0.00     0.00 -1 -5.78e-16      0.00 7.394e-01 2.595e-01 2.038e-04 5.498e-05 4.987e-04 -1.000 1.133e-03 10.125 14.144 12.043 10.578 9.921 9.618 9.519
0.0010968 -1.15000 10.02531 0.2089158446 1.7232785800    0.209 -2.102  3.5663  5.077    1  0.000  0.545     0.00     0.00     0.00     0.00     0.00 -1  -5.7e-16      0.00 7.393e-01 2.596e-01 2.038e-04 5.498e-05 4.987e-04 -1.000 1.133e-03 10.025 14.002 11.913 10.460 9.819 9.520 9.422
0.0010968 -1.15000 10.02531 0.2500000000 1.8403257998    0.250 -1.937  3.5754  5.027    1  0.000  0.545     0.00     0.00     0.00     0.00     0.00 -1 -5.12e-16      0.00 7.390e-01 2.599e-01 2.038e-04 5.498e-05 4.987e-04 -1.000 1.133e-03 9.613 13.425 11.384 9.981 9.398 9.117 9.022
0.0010968 -1.15000 10.02531 0.3000000417 1.9529140366    0.300 -1.779  3.5840  4.982    1  0.000  0.545     0.00     0.00     0.00     0.00     0.00 -1 -9.27e-16      0.00 7.391e-01 2.597e-01 2.038e-04 5.498e-05 4.987e-04 -1.000 1.133e-03 9.217 12.877 10.886 9.533 8.995 8.729 8.638
0.0010968 -1.15000 10.02531 0.3499999940 2.0434174644    0.350 -1.650  3.5911  4.949    1  0.000  0.545     0.00     0.00     0.00     0.00     0.00 -1 -1.59e-15      0.00 7.478e-01 2.511e-01 2.038e-04 5.498e-05 4.986e-04 -1.000 1.133e-03 8.895 12.428 10.481 9.173 8.668 8.414 8.327
0.0010968 -1.15000 10.02531 0.4000000060 2.1185024399    0.400 -1.500  3.6022  4.901    1  0.000  0.545     0.00     0.00     0.00     0.00     0.00 -1 -2.23e-15      0.00 7.485e-01 2.504e-01 2.038e-04 5.498e-05 4.986e-04 -1.000 1.133e-03 8.520 11.872 9.985 8.747 8.284 8.048 7.966
0.0010968 -1.15000 10.02531 0.4062659740 2.1270487399    0.406 -1.477  3.6044  4.893    1  0.000  0.545     0.00     0.00     0.00     0.00     0.00 -1 -2.35e-15      0.00 7.485e-01 2.504e-01 2.038e-04 5.498e-05 4.986e-04 -1.000 1.133e-03 8.462 11.778 9.903 8.680 8.225 7.992 7.911
0.0010968 -1.15000 10.02531 0.4500000179 2.1822809362    0.450 -1.324  3.6193  4.844    1  0.000  0.545     0.00     0.00     0.00     0.00     0.00 -1 -3.36e-15      0.00 7.485e-01 2.504e-01 2.038e-04 5.498e-05 4.986e-04 -1.000 1.133e-03 8.079 11.171 9.368 8.240 7.834 7.624 7.550
0.0010968 -1.15000 10.02531 0.5000000000 2.2374541529    0.500 -1.122  3.6472  4.800    1  0.000  0.545     0.00     0.00     0.00     0.00     0.00 -1 -5.35e-15      0.00 7.485e-01 2.504e-01 2.038e-04 5.498e-05 4.986e-04 -1.000 1.133e-03 7.575 10.265 8.591 7.645 7.321 7.154 7.094
0.0010968 -1.15000 10.02531 0.5500000715 2.2836583126    0.550 -0.904  3.6783  4.747    1  0.000  0.544     0.00     0.00     0.00     0.00     0.00 -1 -8.95e-15      0.00 7.790e-01 2.200e-01 1.808e-04 4.881e-05 4.428e-04 -1.000 1.020e-03 7.029 9.208 7.766 7.015 6.771 6.650 6.606
0.0010968 -1.15000 10.02531 0.6000000238 2.3211213258    0.600 -0.702  3.7066  4.696    1  0.000  0.544     0.00     0.00     0.00     0.00     0.00 -1 -1.44e-14      0.00 7.870e-01 2.121e-01 1.753e-04 4.733e-05 4.296e-04 -1.000 9.700e-04 6.525 8.246 7.074 6.464 6.271 6.187 6.158
0.0010968 -1.15000 10.02531 0.6166208982 2.3320381916    0.616 -0.633  3.7171  4.682    1  0.000  0.544     0.00     0.00     0.00     0.00     0.00 -1  -1.7e-14      0.00 7.899e-01 2.092e-01 1.732e-04 4.678e-05 4.247e-04 -1.000 9.751e-04 6.353 7.927 6.847 6.282 6.106 6.034 6.012
0.0010968 -1.15000 10.02531 0.6325060129 2.3418575433    0.632 -0.568  3.7270  4.667    1  0.000  0.543     0.00     0.00     0.00     0.00     0.00 -1 -1.98e-14      0.00 7.927e-01 2.063e-01 1.711e-04 4.623e-05 4.197e-04 -1.000 9.739e-04 6.189 7.637 6.638 6.112 5.951 5.891 5.873
0.0010968 -1.15000 10.02531 0.6472124457 2.3504558991    0.647 -0.507  3.7360  4.652    1  0.000  0.543     0.00     0.00     0.00     0.00     0.00 -1 -2.29e-14      0.00 7.955e-01 2.035e-01 1.691e-04 4.570e-05 4.150e-04 -1.000 9.471e-04 6.037 7.381 6.451 5.957 5.810 5.759 5.746
0.0010968 -1.15000 10.02531 0.6499999762 2.3520353107    0.650 -0.495  3.7377  4.649    1  0.000  0.543     0.00     0.00     0.00     0.00     0.00 -1 -2.36e-14      0.00 7.960e-01 2.030e-01 1.687e-04 4.560e-05 4.141e-04 -1.000 9.748e-04 6.008 7.334 6.416 5.928 5.783 5.733 5.721
0.0010968 -1.15000 10.02531 0.6602984071 2.3577376393    0.660 -0.452  3.7434  4.636    1  0.000  0.543     0.00     0.00     0.00     0.00     0.00 -1 -2.62e-14      0.00 7.985e-01 2.006e-01 1.671e-04 4.516e-05 4.101e-04 -1.000 9.254e-04 5.901 7.167 6.289 5.821 5.685 5.642 5.632
0.0010968 -1.15000 10.02531 0.6754183173 2.3657484281    0.675 -0.389  3.7515  4.615    1  0.000  0.543     0.00     0.00     0.00     0.00     0.00 -1 -3.07e-14      0.00 8.022e-01 1.969e-01 1.645e-04 4.448e-05 4.040e-04 -1.000 9.136e-04 5.743 6.925 6.103 5.666 5.542 5.508 5.502
0.0010968 -1.15000 10.02531 0.6893274188 2.3727619448    0.689 -0.331  3.7588  4.594    1  0.000  0.543     0.00     0.00     0.00     0.00     0.00 -1 -3.56e-14      0.00 8.058e-01 1.933e-01 1.620e-04 4.382e-05 3.981e-04 -1.000 9.071e-04 5.597 6.708 5.932 5.523 5.411 5.385 5.382
0.0010968 -1.15000 10.02531 0.6999999881 2.3779266974    0.700 -0.285  3.7642  4.577    1  0.000  0.543     0.00     0.00     0.00     0.00     0.00 -1    -4e-14      0.00 8.087e-01 1.904e-01 1.600e-04 4.327e-05 3.932e-04 -1.000 9.067e-04 5.483 6.547 5.802 5.413 5.310 5.288 5.288
0.0010968 -1.15000 10.02531 0.7101721168 2.3826834796    0.710 -0.240  3.7691  4.558    1  0.000  0.541     0.00     0.00     0.00     0.00     0.00 -1  -4.5e-14      0.00 8.122e-01 1.870e-01 1.571e-04 4.262e-05 3.875e-04 -1.000 8.911e-04 5.371 6.394 5.677 5.306 5.210 5.193 5.195
0.0010968 -1.15000 10.02531 0.7197899818 2.3870391583    0.720 -0.197  3.7735  4.539    1  0.000  0.539     0.00     0.00     0.00     0.00     0.00 -1 -5.04e-14      0.00 8.157e-01 1.835e-01 1.543e-04 4.198e-05 3.818e-04 -1.000 8.792e-04 5.263 6.250 5.558 5.203 5.113 5.102 5.105
0.0010968 -1.15000 10.02531 0.7289440036 2.3910622385    0.729 -0.156  3.7776  4.519    1  0.000  0.537     0.00     0.00     0.00     0.00     0.00 -1 -5.65e-14      0.00 8.192e-01 1.800e-01 1.516e-04 4.132e-05 3.761e-04 -1.000 8.428e-04 5.159 6.113 5.442 5.103 5.020 5.012 5.017
0.0010968 -1.15000 10.02531 0.7378296256 2.3948577612    0.737 -0.114  3.7815  4.498    1  0.000  0.536     0.00     0.00     0.00     0.00     0.00 -1 -6.32e-14      0.00 8.228e-01 1.764e-01 1.488e-04 4.065e-05 3.701e-04 -1.000 8.067e-04 5.055 5.982 5.329 5.003 4.926 4.922 4.928
0.0010968 -1.15000 10.02531 0.7463690639 2.3984076480    0.746 -0.073  3.7850  4.476    1  0.000  0.534     0.00     0.00     0.00     0.00     0.00 -1 -7.09e-14      0.00 8.264e-01 1.728e-01 1.459e-04 3.997e-05 3.641e-04 -1.000 8.166e-04 4.952 5.857 5.217 4.904 4.832 4.832 4.839
0.0010968 -1.15000 10.02531 0.7500000000 2.3998889087    0.750 -0.055  3.7865  4.466    1  0.000  0.533     0.00     0.00     0.00     0.00     0.00 -1 -7.46e-14      0.00 8.280e-01 1.711e-01 1.447e-04 3.967e-05 3.615e-04 -1.000 8.176e-04 4.907 5.803 5.168 4.861 4.791 4.792 4.800
0.0010968 -1.15000 10.02531 0.7580488920 2.4031143934    0.758 -0.014  3.7894  4.441    1  0.000  0.533     0.00     0.00     0.00     0.00     0.00 -1 -8.38e-14      0.00 8.322e-01 1.669e-01 1.420e-04 3.895e-05 3.551e-04 -1.000 8.061e-04 4.806 5.684 5.060 4.763 4.698 4.701 4.710
0.0010968 -1.15000 10.02531 0.7668437958 2.4065499550    0.766  0.032  3.7924  4.412    1  0.000  0.532     0.00     0.00     0.00     0.00     0.00 -1 -9.57e-14      0.00 8.366e-01 1.626e-01 1.392e-04 3.820e-05 3.484e-04 -1.000 8.034e-04 4.690 5.550 4.937 4.651 4.591 4.597 4.607
0.0010968 -1.15000 10.02531 0.7750947475 2.4096916516    0.774  0.077  3.7952  4.382    1  0.000  0.532     0.00     0.00     0.00     0.00     0.00 -1 -1.09e-13      0.00 8.405e-01 1.587e-01 1.367e-04 3.754e-05 3.425e-04 -1.000 8.000e-04 4.576 5.420 4.816 4.540 4.484 4.493 4.504
0.0010968 -1.15000 10.02531 0.7831502557 2.4126855987    0.782  0.124  3.7978  4.350    1  0.000  0.532     0.00     0.00     0.00     0.00     0.00 -1 -1.26e-13      0.00 8.441e-01 1.551e-01 1.345e-04 3.695e-05 3.373e-04 -1.000 7.977e-04 4.459 5.288 4.691 4.425 4.373 4.385 4.397
0.0010968 -1.15000 10.02531 0.7938024402 2.4165375388    0.793  0.190  3.8008  4.302    1  0.000  0.531     0.00     0.00     0.00     0.00     0.00 -1 -1.53e-13      0.00 8.483e-01 1.509e-01 1.319e-04 3.627e-05 3.313e-04 -1.000 7.845e-04 4.294 5.106 4.517 4.263 4.217 4.231 4.244
0.0010968 -1.15000 10.02531 0.8000000119 2.4187244405    0.799  0.230  3.8023  4.271    1  0.000  0.530     0.00     0.00     0.00     0.00     0.00 -1 -1.73e-13      0.00 8.504e-01 1.488e-01 1.307e-04 3.594e-05 3.284e-04 -1.000 7.820e-04 4.194 4.998 4.412 4.164 4.120 4.136 4.149
0.0010968 -1.15000 10.02531 0.8071024418 2.4211832008    0.806  0.279  3.8039  4.233    1  0.000  0.530     0.00     0.00     0.00     0.00     0.00 -1 -2.01e-13      0.00 8.508e-01 1.484e-01 1.308e-04 3.599e-05 3.289e-04 -1.000 7.886e-04 4.073 4.869 4.287 4.045 4.004 4.021 4.034
0.0010968 -1.15000 10.02531 0.8141909838 2.4235880309    0.813  0.331  3.8049  4.189    1  0.000  0.530     0.00     0.00     0.00     0.00     0.00 -1 -2.39e-13      0.00 8.496e-01 1.496e-01 1.319e-04 3.630e-05 3.318e-04 -1.000 7.934e-04 3.943 4.733 4.153 3.915 3.876 3.894 3.908
0.0010968 -1.15000 10.02531 0.8144080639 2.4236609173    0.813  0.332  3.8049  4.187    1  0.000  0.530     0.00     0.00     0.00     0.00     0.00 -1 -2.41e-13      0.00 8.495e-01 1.497e-01 1.320e-04 3.632e-05 3.319e-04 -1.000 7.934e-04 3.939 4.729 4.149 3.911 3.872 3.890 3.904
0.0010968 -1.15000 10.02531 0.8173918724 2.4246582443    0.816  0.357  3.8047  4.164    1  0.000  0.530     0.00     0.00     0.00     0.00     0.00 -1 -2.61e-13      0.00 8.490e-01 1.502e-01 1.325e-04 3.646e-05 3.332e-04 -1.000 7.933e-04 3.878 4.667 4.087 3.849 3.810 3.828 3.842
0.0010968 -1.15000 10.02531 0.8234753013 2.4266658842    0.822  0.410  3.8035  4.109    1  0.000  0.530     0.00     0.00     0.00     0.00     0.00 -1 -3.11e-13      0.00 8.478e-01 1.514e-01 1.336e-04 3.677e-05 3.360e-04 -1.000 7.873e-04 3.746 4.539 3.955 3.715 3.674 3.692 3.704
0.0010968 -1.15000 10.02531 0.8286260962 2.4283392616    0.827  0.460  3.8008  4.051    1  0.000  0.530     0.00     0.00     0.00     0.00     0.00 -1 -3.72e-13      0.00 8.468e-01 1.524e-01 1.346e-04 3.705e-05 3.386e-04 -1.000 7.923e-04 3.621 4.425 3.835 3.588 3.543 3.558 3.570
0.0010968 -1.15000 10.02531 0.8296205401 2.4286595832    0.828  0.470  3.8001  4.039    1  0.000  0.530     0.00     0.00     0.00     0.00     0.00 -1 -3.87e-13      0.00 8.466e-01 1.526e-01 1.348e-04 3.711e-05 3.391e-04 -1.000 7.934e-04 3.596 4.402 3.811 3.562 3.516 3.530 3.542
0.0010968 -1.15000 10.02531 0.8328160644 2.4296829449    0.831  0.508  3.7956  3.984    2  0.000  0.530     0.00     0.00     0.00     0.00     0.00 -1 -4.48e-13      0.00 8.456e-01 1.536e-01 1.359e-04 3.741e-05 3.420e-04 -1.000 7.960e-04 3.501 4.330 3.727 3.463 3.411 3.420 3.430
0.0010968 -1.15000 10.02531 0.8362023234 2.4307575789    0.835  0.552  3.7878  3.911    2  0.000  0.530     0.00     0.00     0.00     0.00     0.00 -1 -5.38e-13      0.00 8.427e-01 1.565e-01 1.392e-04 3.829e-05 3.499e-04 -1.000 7.938e-04 3.390 4.259 3.634 3.345 3.281 3.283 3.290
0.0010968 -1.15000 10.02531 0.8385166526 2.4314862951    0.837  0.585  3.7789  3.843    2  0.000  0.531     0.00     0.00     0.00     0.00     0.00 -1 -6.28e-13      0.00 8.312e-01 1.679e-01 1.482e-04 4.074e-05 3.721e-04 -1.000 8.176e-04 3.307 4.227 3.574 3.254 3.177 3.171 3.175
0.0010968 -1.15000 10.02531 0.8402124047 2.4320173094    0.838  0.609  3.7692  3.781    2  0.000  0.533     0.00     0.00     0.00     0.00     0.00 -1 -7.13e-13      0.00 8.045e-01 1.945e-01 1.654e-04 4.536e-05 4.135e-04 -1.000 9.154e-04 3.246 4.232 3.540 3.188 3.096 3.079 3.079
0.0010968 -1.15000 10.02531 0.8415983319 2.4324494770    0.840  0.632  3.7592  3.719    2  0.000  0.535     0.00     0.00     0.00     0.00     0.00 -1 -8.07e-13      0.00 7.840e-01 2.150e-01 1.781e-04 4.877e-05 4.439e-04 -1.000 1.001e-03 3.190 4.250 3.514 3.126 3.019 2.992 2.988
0.0010968 -1.15000 10.02531 0.8426735997 2.4327836470    0.841  0.658  3.7508  3.659    2  0.000  0.536     0.00     0.00     0.00     0.00     0.00 -1 -9.16e-13      0.00 7.739e-01 2.251e-01 1.844e-04 5.044e-05 4.588e-04 -1.000 1.037e-03 3.124 4.252 3.476 3.059 2.939 2.903 2.896
0.0010968 -1.15000 10.02531 0.8435426354 2.4330530088    0.842  0.691  3.7445  3.603    2  0.000  0.536     0.00     0.00     0.00     0.00     0.00 -1 -1.05e-12      0.00 7.683e-01 2.306e-01 1.878e-04 5.135e-05 4.668e-04 -1.000 1.073e-03 3.044 4.224 3.418 2.979 2.849 2.807 2.797
0.0010968 -1.15000 10.02531 0.8442298770 2.4332655710    0.842  0.724  3.7402  3.552    2  0.000  0.537     0.00     0.00     0.00     0.00     0.00 -1  -1.2e-12      0.00 7.650e-01 2.339e-01 1.897e-04 5.187e-05 4.714e-04 -1.000 1.115e-03 2.960 4.175 3.349 2.896 2.759 2.712 2.700
0.0010968 -1.15000 10.02531 0.8445702195 2.4333706910    0.843  0.743  3.7383  3.526    2  0.000  0.537     0.00     0.00     0.00     0.00     0.00 -1  -1.3e-12      0.00 7.636e-01 2.353e-01 1.906e-04 5.208e-05 4.734e-04 -1.000 1.120e-03 2.912 4.145 3.309 2.850 2.710 2.661 2.648
0.0010968 -1.15000 10.02531 0.8446934819 2.4334087384    0.843  0.751  3.7378  3.515    2  0.000  0.537     0.00     0.00     0.00     0.00     0.00 -1 -1.34e-12      0.00 7.631e-01 2.358e-01 1.908e-04 5.215e-05 4.739e-04 -1.000 1.120e-03 2.892 4.129 3.290 2.830 2.689 2.639 2.626
0.0010968 -1.15000 10.02531 0.8453423381 2.4336088105    0.843  0.796  3.7350  3.460    3  0.000  0.537     0.00     0.00     0.00     0.00     0.00 -1 -1.58e-12      0.00 7.607e-01 2.382e-01 1.919e-04 5.245e-05 4.767e-04 -1.000 1.099e-03 2.781 4.043 3.190 2.720 2.575 2.523 2.508
0.0010968 -1.15000 10.02531 0.8458889127 2.4337770707    0.844  0.837  3.7329  3.411    3  0.000  0.537     0.00     0.00     0.00     0.00     0.00 -1 -1.83e-12      0.00 7.587e-01 2.402e-01 1.927e-04 5.267e-05 4.786e-04 -1.000 1.055e-03 2.678 3.959 3.095 2.619 2.471 2.415 2.400
0.0010968 -1.15000 10.02531 0.8464954495 2.4339634975    0.844  0.886  3.7309  3.354    3  0.000  0.537     0.00     0.00     0.00     0.00     0.00 -1 -2.19e-12      0.00 7.565e-01 2.423e-01 1.935e-04 5.288e-05 4.804e-04 -1.000 1.111e-03 2.554 3.853 2.979 2.496 2.345 2.288 2.271
0.0010968 -1.15000 10.02531 0.8470559120 2.4341354898    0.845  0.936  3.7291  3.297    3  0.000  0.537     0.00     0.00     0.00     0.00     0.00 -1 -2.62e-12      0.00 7.545e-01 2.445e-01 1.939e-04 5.306e-05 4.818e-04 -1.000 1.042e-03 2.430 3.745 2.861 2.373 2.220 2.160 2.142
0.0010968 -1.15000 10.02531 0.8476182818 2.4343078046    0.845  0.990  3.7273  3.236    3  0.000  0.535     0.00     0.00     0.00     0.00     0.00 -1 -3.19e-12      0.00 7.522e-01 2.467e-01 1.939e-04 5.332e-05 4.831e-04 -1.000 1.059e-03 2.294 3.626 2.732 2.239 2.083 2.020 2.002
0.0010968 -1.15000 10.02531 0.8481162190 2.4344601573    0.846  1.043  3.7256  3.176    3  0.000  0.533     0.00     0.00     0.00     0.00     0.00 -1 -3.85e-12      0.00 7.502e-01 2.487e-01 1.933e-04 5.382e-05 4.840e-04 -1.000 1.082e-03 2.162 3.510 2.607 2.109 1.950 1.886 1.866
0.0010968 -1.15000 10.02531 0.8485386968 2.4345892606    0.846  1.091  3.7241  3.122    3  0.000  0.529     0.00     0.00     0.00     0.00     0.00 -1 -4.58e-12      0.00 7.485e-01 2.504e-01 1.923e-04 5.471e-05 4.847e-04 -1.000 1.079e-03 2.041 3.403 2.493 1.989 1.828 1.762 1.742
0.0010968 -1.15000 10.02531 0.8488693237 2.4346901926    0.846  1.132  3.7227  3.076    3  0.000  0.526     0.00     0.00     0.00     0.00     0.00 -1  -5.3e-12      0.00 7.472e-01 2.517e-01 1.911e-04 5.581e-05 4.851e-04 -1.000 1.096e-03 1.940 3.313 2.396 1.889 1.726 1.658 1.637
0.0010968 -1.15000 10.02531 0.8492354751 2.4348018637    0.847  1.181  3.7212  3.021    3  0.000  0.521     0.00     0.00     0.00     0.00     0.00 -1 -6.32e-12      0.00 7.459e-01 2.530e-01 1.894e-04 5.754e-05 4.856e-04 -1.000 1.050e-03 1.817 3.205 2.280 1.768 1.602 1.533 1.511
0.0010968 -1.15000 10.02531 0.8495854139 2.4349084869    0.847  1.233  3.7194  2.963    3  0.000  0.515     0.00     0.00     0.00     0.00     0.00 -1 -7.61e-12      0.00 7.447e-01 2.542e-01 1.875e-04 5.975e-05 4.860e-04 -1.000 1.079e-03 1.689 3.094 2.159 1.641 1.473 1.401 1.378
0.0010968 -1.15000 10.02531 0.8499023914 2.4350049798    0.847  1.284  3.7176  2.905    3  0.000  0.509     0.00     0.00     0.00     0.00     0.00 -1 -9.16e-12      0.00 7.436e-01 2.552e-01 1.857e-04 6.193e-05 4.863e-04 -1.000 1.126e-03 1.561 2.986 2.040 1.515 1.344 1.270 1.246
0.0010968 -1.15000 10.02531 0.8499999642 2.4350346659    0.847  1.301  3.7170  2.885    3  0.000  0.508     0.00     0.00     0.00     0.00     0.00 -1 -9.74e-12      0.00 7.434e-01 2.555e-01 1.852e-04 6.251e-05 4.864e-04 -1.000 1.113e-03 1.518 2.950 2.000 1.473 1.301 1.226 1.202
0.0010968 -1.15000 10.02531 0.8501623869 2.4350840648    0.847  1.329  3.7160  2.853    3  0.000  0.506     0.00     0.00     0.00     0.00     0.00 -1 -1.08e-11      0.00 7.430e-01 2.560e-01 1.844e-04 6.349e-05 4.865e-04 -1.000 1.091e-03 1.447 2.890 1.934 1.403 1.229 1.153 1.128
0.0010968 -1.15000 10.02531 0.8504004478 2.4351564290    0.847  1.374  3.7142  2.801    3  0.000  0.503     0.00     0.00     0.00     0.00     0.00 -1 -1.27e-11      0.00 7.425e-01 2.564e-01 1.836e-04 6.458e-05 4.866e-04 -1.000 1.061e-03 1.334 2.796 1.829 1.292 1.115 1.037 1.011
0.0010968 -1.15000 10.02531 0.8506296873 2.4352260677    0.847  1.422  3.7124  2.746    3  0.000  0.501     0.00     0.00     0.00     0.00     0.00 -1 -1.51e-11      0.00 7.421e-01 2.568e-01 1.827e-04 6.562e-05 4.867e-04 -1.000 1.132e-03 1.215 2.698 1.719 1.176 0.996 0.915 0.888
0.0010968 -1.15000 10.02531 0.8508425355 2.4352906883    0.848  1.470  3.7105  2.690    3  0.000  0.500     0.00     0.00     0.00     0.00     0.00 -1  -1.8e-11      0.00 7.418e-01 2.570e-01 1.823e-04 6.611e-05 4.868e-04 -1.000 1.120e-03 1.095 2.598 1.608 1.058 0.874 0.791 0.763
0.0010968 -1.15000 10.02531 0.8510335088 2.4353486362    0.848  1.517  3.7085  2.635    3  0.000  0.499     0.00     0.00     0.00     0.00     0.00 -1 -2.14e-11      0.00 7.417e-01 2.571e-01 1.822e-04 6.629e-05 4.868e-04 -1.000 1.133e-03 0.977 2.503 1.500 0.942 0.755 0.670 0.640
0.0010968 -1.15000 10.02531 0.8512091041 2.4354018914    0.848  1.565  3.7065  2.579    3  0.000  0.499     0.00     0.00     0.00     0.00     0.00 -1 -2.54e-11      0.00 7.417e-01 2.571e-01 1.822e-04 6.632e-05 4.868e-04 -1.000 1.133e-03 0.858 2.408 1.392 0.827 0.636 0.548 0.518
0.0010968 -1.15000 10.02531 0.8513601422 2.4354476786    0.847  1.609  3.7045  2.527    3  0.000  0.499     0.00     0.00     0.00     0.00     0.00 -1 -2.99e-11      0.00 7.417e-01 2.571e-01 1.822e-04 6.635e-05 4.868e-04 -1.000 1.133e-03 0.748 2.320 1.291 0.719 0.525 0.434 0.403
0.0010968 -1.15000 10.02531 0.8515074849 2.4354923276    0.847  1.656  3.7024  2.472    3  0.000  0.499     0.00     0.00     0.00     0.00     0.00 -1 -3.55e-11      0.00 7.417e-01 2.572e-01 1.821e-04 6.638e-05 4.868e-04 -1.000 1.133e-03 0.630 2.230 1.185 0.604 0.407 0.313 0.280
0.0010968 -1.15000 10.02531 0.8516380787 2.4355318863    0.847  1.701  3.7003  2.418    3  0.000  0.499     0.00     0.00     0.00     0.00     0.00 -1  -4.2e-11      0.00 7.417e-01 2.572e-01 1.821e-04 6.641e-05 4.868e-04 -1.000 1.133e-03 0.517 2.145 1.082 0.493 0.292 0.196 0.162
0.0010968 -1.15000 10.02531 0.8517611623 2.4355691573    0.847  1.748  3.6980  2.362    3  0.000  0.499     0.00     0.00     0.00     0.00     0.00 -1 -4.98e-11      0.00 7.417e-01 2.572e-01 1.821e-04 6.643e-05 4.868e-04 -1.000 1.133e-03 0.400 2.062 0.979 0.380 0.174 0.075 0.040
0.0010968 -1.15000 10.02531 0.8518742323 2.4356033851    0.847  1.794  3.6958  2.307    3  0.000  0.499     0.00     0.00     0.00     0.00     0.00 -1 -5.91e-11      0.00 7.417e-01 2.572e-01 1.821e-04 6.645e-05 4.868e-04 -1.000 1.133e-03 0.285 1.979 0.877 0.267 0.058 -0.044 -0.080
0.0010968 -1.15000 10.02531 0.8519759774 2.4356341759    0.847  1.838  3.6935  2.253    3  0.000  0.499     0.00     0.00     0.00     0.00     0.00 -1 -6.96e-11      0.00 7.417e-01 2.572e-01 1.821e-04 6.647e-05 4.868e-04 -1.000 1.133e-03 0.174 1.901 0.779 0.159 -0.054 -0.159 -0.196
0.0010968 -1.15000 10.02531 0.8520758748 2.4356643992    0.847  1.884  3.6911  2.198    3  0.000  0.499     0.00     0.00     0.00     0.00     0.00 -1 -8.26e-11      0.00 7.417e-01 2.572e-01 1.821e-04 6.649e-05 4.868e-04 -1.000 1.133e-03 0.059 1.821 0.678 0.048 -0.170 -0.278 -0.317
0.0010968 -1.15000 10.02531 0.8521704078 2.4356929921    0.846  1.927  3.6889  2.146    3  0.000  0.499     0.00     0.00     0.00     0.00     0.00 -1 -9.67e-11      0.00 7.417e-01 2.572e-01 1.821e-04 6.651e-05 4.868e-04 -1.000 1.133e-03 -0.048 1.748 0.585 -0.056 -0.277 -0.388 -0.428
0.0010968 -1.15000 10.02531 0.8522909880 2.4357294527    0.846  1.965  3.6871  2.101    3  0.000  0.499     0.00     0.00     0.00     0.00     0.00 -1 -1.12e-10      0.00 7.417e-01 2.572e-01 1.820e-04 6.653e-05 4.868e-04 -1.000 1.133e-03 -0.141 1.684 0.504 -0.145 -0.370 -0.483 -0.524
0.0010968 -1.15000 10.02531 0.8523522019 2.4357479578    0.846  1.945  3.6884  2.126    3  0.000  0.499     0.00     0.00     0.00     0.00     0.00 -1 -1.05e-10      0.00 7.417e-01 2.572e-01 1.820e-04 6.654e-05 4.868e-04 -1.000 1.133e-03 -0.094 1.711 0.542 -0.100 -0.322 -0.434 -0.474
0.0010968 -1.15000 10.02531 0.8523815274 2.4357568219    0.846  1.935  3.6892  2.139    3  0.000  0.499     0.00     0.00     0.00     0.00     0.00 -1 -1.01e-10      0.00 7.417e-01 2.572e-01 1.820e-04 6.655e-05 4.868e-04 -1.000 1.133e-03 -0.067 1.725 0.564 -0.075 -0.296 -0.406 -0.447
0.0010968 -1.15000 10.02531 0.8524390459 2.4357742057    0.845  1.971  3.6872  2.094    3  0.000  0.499     0.00     0.00     0.00     0.00     0.00 -1 -1.14e-10      0.00 7.417e-01 2.572e-01 1.820e-04 6.656e-05 4.869e-04 -1.000 1.133e-03 -0.159 1.665 0.485 -0.163 -0.387 -0.500 -0.541
0.0010968 -1.15000 10.02531 0.8525025845 2.4357934059    0.845  2.012  3.6849  2.044    3  0.000  0.499     0.00     0.00     0.00     0.00     0.00 -1 -1.32e-10      0.00 7.416e-01 2.572e-01 1.820e-04 6.657e-05 4.869e-04 -1.000 1.133e-03 -0.261 1.599 0.398 -0.260 -0.489 -0.605 -0.648
0.0010968 -1.15000 10.02531 0.8525638580 2.4358119185    0.845  2.054  3.6826  1.993    3  0.000  0.499     0.00     0.00     0.00     0.00     0.00 -1 -1.55e-10      0.00 7.416e-01 2.572e-01 1.820e-04 6.659e-05 4.869e-04 -1.000 1.133e-03 -0.365 1.535 0.310 -0.359 -0.592 -0.712 -0.756
0.0010968 -1.15000 10.02531 0.8526199460 2.4358288616    0.844  2.094  3.6803  1.943    3  0.000  0.499     0.00     0.00     0.00     0.00     0.00 -1  -1.8e-10      0.00 7.416e-01 2.572e-01 1.820e-04 6.660e-05 4.869e-04 -1.000 1.133e-03 -0.466 1.486 0.225 -0.460 -0.696 -0.818 -0.864
0.0010968 -1.15000 10.02531 0.8526729941 2.4358448842    0.844  2.136  3.6778  1.892    3  0.000  0.499     0.00     0.00     0.00     0.00     0.00 -1  -2.1e-10      0.00 7.416e-01 2.572e-01 1.820e-04 6.661e-05 4.869e-04 -1.000 1.133e-03 -0.569 1.441 0.141 -0.561 -0.801 -0.926 -0.973
0.0010968 -1.15000 10.02531 0.8527207971 2.4358593205    0.844  2.176  3.6754  1.842    3  0.000  0.499     0.00     0.00     0.00     0.00     0.00 -1 -2.44e-10      0.00 7.416e-01 2.572e-01 1.820e-04 6.662e-05 4.869e-04 -1.000 1.133e-03 -0.669 1.400 0.061 -0.659 -0.902 -1.030 -1.079
0.0010968 -1.15000 10.02531 0.8527652621 2.4358727471    0.843  2.216  3.6730  1.792    3  0.000  0.499     0.00     0.00     0.00     0.00     0.00 -1 -2.83e-10      0.00 7.416e-01 2.572e-01 1.820e-04 6.662e-05 4.869e-04 -1.000 1.133e-03 -0.770 1.361 -0.019 -0.757 -1.004 -1.135 -1.186
0.0010968 -1.15000 10.02531 0.8528060317 2.4358850564    0.843  2.256  3.6705  1.742    3  0.000  0.499     0.00     0.00     0.00     0.00     0.00 -1 -3.29e-10      0.00 7.416e-01 2.572e-01 1.820e-04 6.663e-05 4.869e-04 -1.000 1.133e-03 -0.869 1.325 -0.097 -0.854 -1.105 -1.238 -1.291
0.0010968 -1.15000 10.02531 0.8528438210 2.4358964647    0.842  2.295  3.6680  1.692    3  0.000  0.498     0.00     0.00     0.00     0.00     0.00 -1 -3.82e-10      0.00 7.416e-01 2.572e-01 1.820e-04 6.664e-05 4.869e-04 -1.000 1.133e-03 -0.968 1.295 -0.172 -0.949 -1.204 -1.341 -1.395
0.0010968 -1.15000 10.02531 0.8528780937 2.4359068104    0.842  2.334  3.6655  1.643    3  0.000  0.498     0.00     0.00     0.00     0.00     0.00 -1 -4.41e-10      0.00 7.416e-01 2.572e-01 1.820e-04 6.665e-05 4.869e-04 -1.000 1.133e-03 -1.065 1.268 -0.245 -1.041 -1.301 -1.440 -1.497
0.0010968 -1.15000 10.02531 0.8529105186 2.4359165974    0.841  2.373  3.6629  1.594    3  0.000  0.498     0.00     0.00     0.00     0.00     0.00 -1  -5.1e-10      0.00 7.416e-01 2.572e-01 1.820e-04 6.665e-05 4.869e-04 -1.000 1.133e-03 -1.162 1.246 -0.316 -1.134 -1.398 -1.540 -1.599
0.0010968 -1.15000 10.02531 0.8529400229 2.4359255021    0.840  2.411  3.6604  1.545    3  0.000  0.498     0.00     0.00     0.00     0.00     0.00 -1  -5.9e-10      0.00 7.416e-01 2.572e-01 1.820e-04 6.666e-05 4.869e-04 -1.000 1.132e-03 -1.257 1.226 -0.385 -1.224 -1.493 -1.639 -1.699
0.0010968 -1.15000 10.02531 0.8529674411 2.4359337765    0.840  2.449  3.6578  1.496    3  0.000  0.498     0.00     0.00     0.00     0.00     0.00 -1 -6.81e-10      0.00 7.416e-01 2.572e-01 1.819e-04 6.666e-05 4.869e-04 -1.000 1.132e-03 -1.353 1.208 -0.452 -1.313 -1.586 -1.735 -1.798
0.0010968 -1.15000 10.02531 0.8529925346 2.4359413489    0.839  2.486  3.6553  1.449    3  0.000  0.498     0.00     0.00     0.00     0.00     0.00 -1 -7.84e-10      0.00 7.416e-01 2.573e-01 1.819e-04 6.667e-05 4.869e-04 -1.000 1.133e-03 -1.445 1.187 -0.516 -1.396 -1.675 -1.829 -1.893
0.0010968 -1.15000 10.02531 0.8530212045 2.4359499999    0.838  2.531  3.6521  1.390    3  0.000  0.498     8.59     6.59     4.65     3.59     2.91  3 -9.31e-10      0.00 7.416e-01 2.573e-01 1.819e-04 6.667e-05 4.869e-04 -1.000 1.133e-03 -1.558 1.165 -0.593 -1.497 -1.784 -1.943 -2.010
0.0010968 -1.15000 10.02531 0.8530427814 2.4359565101    0.837  2.568  3.6496  1.343    3  0.000  0.498     9.48     7.17     5.04     3.90     3.16  3 -1.07e-09      0.00 7.416e-01 2.573e-01 1.819e-04 6.668e-05 4.869e-04 -1.000 1.133e-03 -1.649 1.147 -0.654 -1.577 -1.871 -2.034 -2.103
0.0010968 -1.15000 10.02531 0.8530665636 2.4359636854    0.836  2.611  3.6466  1.288    3  0.000  0.498    10.65     7.92     5.54     4.30     3.48  3 -1.26e-09      0.00 7.416e-01 2.573e-01 1.819e-04 6.668e-05 4.869e-04 -1.000 1.132e-03 -1.756 1.130 -0.725 -1.671 -1.973 -2.141 -2.213
0.0010968 -1.15000 10.02531 0.8530888557 2.4359704106    0.834  2.654  3.6434  1.231    3  0.000  0.498    12.00     8.78     6.11     4.75     3.85  3 -1.49e-09      0.00 7.416e-01 2.573e-01 1.819e-04 6.669e-05 4.869e-04 -1.000 1.132e-03 -1.865 1.114 -0.795 -1.765 -2.075 -2.249 -2.324
0.0010968 -1.15000 10.02531 0.8531058431 2.4359755352    0.833  2.690  3.6408  1.184    3  0.000  0.498    13.24     9.55     6.62     5.15     4.17  3  -1.7e-09      0.00 7.416e-01 2.573e-01 1.819e-04 6.669e-05 4.869e-04 -1.000 1.132e-03 -1.954 1.101 -0.852 -1.843 -2.160 -2.338 -2.414
0.0010968 -1.15000 10.02531 0.8531243801 2.4359811270    0.832  2.731  3.6378  1.131    3  0.000  0.498    14.83    10.52     7.26     5.66     4.59  3    -2e-09      0.00 7.416e-01 2.573e-01 1.819e-04 6.669e-05 4.869e-04 -1.000 1.132e-03 -2.057 1.089 -0.917 -1.931 -2.256 -2.440 -2.519
0.0010968 -1.15000 10.02531 0.8531420231 2.4359864488    0.830  2.773  3.6347  1.075    3  0.000  0.498    16.65    11.62     7.99     6.23     5.05  2 -2.35e-09      0.00 7.416e-01 2.573e-01 1.819e-04 6.670e-05 4.869e-04 -1.000 1.132e-03 -2.162 1.079 -0.980 -2.020 -2.354 -2.543 -2.624
0.0010968 -1.15000 10.02531 0.8531587124 2.4359914828    0.828  2.815  3.6315  1.019    3  0.000  0.498    18.74    12.86     8.80     6.87     5.57  2 -2.76e-09      0.00 7.416e-01 2.573e-01 1.819e-04 6.670e-05 4.869e-04 -1.000 1.132e-03 -2.268 1.072 -1.043 -2.109 -2.452 -2.648 -2.731
0.0010968 -1.15000 10.02531 0.8531729579 2.4359957795    0.827  2.854  3.6286  0.967    3  0.000  0.498    20.89    14.10     9.61     7.52     6.10  2 -3.21e-09      0.00 7.416e-01 2.573e-01 1.819e-04 6.670e-05 4.869e-04 -1.000 1.132e-03 -2.365 1.071 -1.096 -2.188 -2.541 -2.743 -2.829
0.0010968 -1.15000 10.02531 0.8531866670 2.4359999142    0.825  2.894  3.6256  0.915    3  0.000  0.498    23.32    15.50    10.51     8.24     6.68  2 -3.74e-09      0.00 7.416e-01 2.573e-01 1.819e-04 6.671e-05 4.869e-04 -1.000 1.132e-03 -2.464 1.072 -1.147 -2.268 -2.631 -2.839 -2.928
0.0010968 -1.15000 10.02531 0.8531996608 2.4360038330    0.822  2.934  3.6224  0.861    3  0.000  0.498    26.13    17.08    11.54     9.05     7.35  2 -4.37e-09      0.00 7.416e-01 2.573e-01 1.819e-04 6.671e-05 4.869e-04 -1.000 1.132e-03 -2.565 1.078 -1.196 -2.348 -2.722 -2.937 -3.028
0.0010968 -1.15000 10.02531 0.8532112837 2.4360073383    0.820  2.972  3.6194  0.809    3  0.000  0.498    29.14    18.75    12.60     9.91     8.04  2 -5.08e-09      0.00 7.416e-01 2.573e-01 1.819e-04 6.671e-05 4.869e-04 -1.000 1.132e-03 -2.661 1.081 -1.244 -2.425 -2.810 -3.031 -3.125
0.0010968 -1.15000 10.02531 0.8532220721 2.4360105918    0.817  3.010  3.6165  0.758    3  0.000  0.498    32.41    20.53    13.75    10.82     8.79  1 -5.88e-09      0.00 7.416e-01 2.573e-01 1.819e-04 6.671e-05 4.869e-04 -1.000 1.132e-03 -2.755 1.084 -1.289 -2.499 -2.895 -3.122 -3.218
0.0010968 -1.15000 10.02531 0.8532322645 2.4360136654    0.815  3.048  3.6135  0.707    3  0.000  0.498    36.05    22.48    14.99    11.82     9.60  1 -6.81e-09      0.00 7.416e-01 2.573e-01 1.819e-04 6.672e-05 4.869e-04 -1.000 1.132e-03 -2.849 1.088 -1.332 -2.572 -2.978 -3.212 -3.311
0.0010968 -1.15000 10.02531 0.8532420397 2.4360166132    0.812  3.086  3.6105  0.656    3  0.000  0.498    40.18    24.66    16.38    12.93    10.50  1  -7.9e-09      0.00 7.416e-01 2.573e-01 1.819e-04 6.672e-05 4.869e-04 -1.000 1.132e-03 -2.944 1.093 -1.375 -2.645 -3.063 -3.303 -3.405
0.0010968 -1.15000 10.02531 0.8532505035 2.4360191655    0.808  3.121  3.6077  0.608    3  0.000  0.498    44.42    26.86    17.77    14.05    11.41  1 -9.07e-09      0.00 7.416e-01 2.573e-01 1.819e-04 6.672e-05 4.869e-04 -1.000 1.132e-03 -3.031 1.093 -1.412 -2.711 -3.141 -3.387 -3.491
0.0010968 -1.15000 10.02531 0.8532587886 2.4360216638    0.805  3.157  3.6049  0.559    3  0.000  0.498    49.27    29.34    19.33    15.30    12.43  1 -1.05e-08      0.00 7.416e-01 2.573e-01 1.819e-04 6.672e-05 4.869e-04 -1.000 1.132e-03 -3.122 1.092 -1.450 -2.779 -3.220 -3.473 -3.579
0.0010968 -1.15000 10.02531 0.8532666564 2.4360240362    0.801  3.192  3.6020  0.509    3  0.000  0.498    54.62    32.03    21.01    16.66    13.54  1  -1.2e-08      0.00 7.416e-01 2.573e-01 1.819e-04 6.672e-05 4.869e-04 -1.000 1.132e-03 -3.211 1.090 -1.485 -2.845 -3.298 -3.558 -3.667
0.0010968 -1.15000 10.02531 0.8532738090 2.4360261929    0.797  3.227  3.5993  0.462    3  0.000  0.498    60.33    34.85    22.77    18.09    14.70  1 -1.38e-08      0.00 7.416e-01 2.573e-01 1.819e-04 6.672e-05 4.869e-04 -1.000 1.132e-03 -3.297 1.086 -1.513 -2.906 -3.373 -3.639 -3.751
0.0010968 -1.15000 10.02531 0.8532803655 2.4360281699    0.793  3.260  3.5966  0.416    3  0.000  0.498    66.41    37.81    24.61    19.58    15.91  1 -1.57e-08      0.00 7.416e-01 2.573e-01 1.819e-04 6.672e-05 4.869e-04 -1.000 1.132e-03 -3.379 1.080 -1.537 -2.963 -3.444 -3.717 -3.831
0.0010968 -1.15000 10.02531 0.8532865644 2.4360300390    0.788  3.291  3.5941  0.372    3  0.000  0.498    72.78    40.86    26.50    21.11    17.16  1 -1.78e-08      0.00 7.416e-01 2.573e-01 1.819e-04 6.673e-05 4.869e-04 -1.000 1.132e-03 -3.457 1.075 -1.559 -3.017 -3.511 -3.791 -3.908
0.0010968 -1.15000 10.02531 0.8532925844 2.4360318541    0.784  3.321  3.5917  0.329    3  0.000  0.498    79.63    44.09    28.50    22.72    18.47  1 -2.02e-08      0.00 7.416e-01 2.573e-01 1.819e-04 6.673e-05 4.869e-04 -1.000 1.132e-03 -3.533 1.070 -1.580 -3.069 -3.576 -3.863 -3.982
0.0010968 -1.15000 10.02531 0.8532939553 2.4360322674    0.782  3.328  3.5911  0.320    3  0.000  0.498    81.18    44.81    28.94    23.09    18.77  1 -2.08e-08      0.00 7.416e-01 2.573e-01 1.819e-04 6.673e-05 4.869e-04 -1.000 1.132e-03 -3.549 1.070 -1.584 -3.080 -3.590 -3.878 -3.998
0.0010968 -1.15000 10.02531 0.8532939553 2.4360322674    0.782  1.747  3.7371  2.485    4  0.000  0.517     0.00     0.00     0.00     0.00     0.00 -1    -1e-30      0.00 7.402e-01 2.587e-01 1.901e-04 6.027e-05 4.913e-04 -1.000 1.120e-03 0.402 1.619 0.790 0.345 0.206 0.153 0.138
0.0010968 -1.15000 10.02531 0.8533571362 2.4360513155    0.783  1.764  3.7359  2.463    4  0.000  0.517     0.00     0.00     0.00     0.00     0.00 -1    -1e-30      0.00 7.402e-01 2.587e-01 1.901e-04 6.027e-05 4.913e-04 -1.000 1.120e-03 0.360 1.589 0.753 0.303 0.162 0.108 0.092
0.0010968 -1.15000 10.02531 0.8534181714 2.4360697136    0.783  1.767  3.7357  2.459    4  0.000  0.517     0.00     0.00     0.00     0.00     0.00 -1    -1e-30      0.00 7.402e-01 2.587e-01 1.901e-04 6.027e-05 4.913e-04 -1.000 1.120e-03 0.352 1.583 0.745 0.295 0.154 0.099 0.083
0.0010968 -1.15000 10.02531 0.8534803987 2.4360884680    0.783  1.769  3.7358  2.458    4  0.000  0.517     0.00     0.00     0.00     0.00     0.00 -1    -1e-30      0.00 7.402e-01 2.587e-01 1.901e-04 6.027e-05 4.913e-04 -1.000 1.120e-03 0.348 1.578 0.740 0.290 0.149 0.095 0.079
0.0010968 -1.15000 10.02531 0.8535429239 2.4361073090    0.783  1.770  3.7361  2.458    4  0.000  0.517     0.00     0.00     0.00     0.00     0.00 -1    -1e-30      0.00 7.402e-01 2.587e-01 1.901e-04 6.027e-05 4.913e-04 -1.000 1.120e-03 0.346 1.573 0.737 0.288 0.148 0.094 0.078
0.0010968 -1.15000 10.02531 0.8536059856 2.4361263084    0.783  1.770  3.7366  2.460    4  0.000  0.517     0.00     0.00     0.00     0.00     0.00 -1    -1e-30      0.00 7.402e-01 2.587e-01 1.901e-04 6.027e-05 4.913e-04 -1.000 1.120e-03 0.346 1.568 0.735 0.288 0.148 0.095 0.079
0.0010968 -1.15000 10.02531 0.8536700010 2.4361455918    0.783  1.769  3.7372  2.463    4  0.000  0.517     0.00     0.00     0.00     0.00     0.00 -1    -1e-30      0.00 7.402e-01 2.587e-01 1.901e-04 6.027e-05 4.913e-04 -1.000 1.120e-03 0.347 1.564 0.734 0.289 0.151 0.098 0.082
0.0010968 -1.15000 10.02531 0.8537328839 2.4361645309    0.783  1.768  3.7378  2.467    4  0.000  0.517     0.00     0.00     0.00     0.00     0.00 -1    -1e-30      0.00 7.402e-01 2.587e-01 1.901e-04 6.028e-05 4.913e-04 -1.000 1.120e-03 0.350 1.560 0.733 0.291 0.154 0.101 0.087
0.0010968 -1.15000 10.02531 0.8537974954 2.4361839872    0.783  1.767  3.7386  2.471    4  0.000  0.517     0.00     0.00     0.00     0.00     0.00 -1    -1e-30      0.00 7.402e-01 2.587e-01 1.901e-04 6.028e-05 4.913e-04 -1.000 1.120e-03 0.352 1.555 0.733 0.294 0.157 0.106 0.092
0.0010968 -1.15000 10.02531 0.8538583517 2.4362023097    0.783  1.766  3.7393  2.475    4  0.000  0.517     0.00     0.00     0.00     0.00     0.00 -1    -1e-30      0.00 7.402e-01 2.587e-01 1.901e-04 6.028e-05 4.913e-04 -1.000 1.120e-03 0.355 1.551 0.733 0.296 0.161 0.110 0.096
0.0010968 -1.15000 10.02531 0.8539245129 2.4362222259    0.783  1.765  3.7400  2.479    4  0.000  0.517     0.00     0.00     0.00     0.00     0.00 -1    -1e-30      0.00 7.402e-01 2.587e-01 1.901e-04 6.028e-05 4.913e-04 -1.000 1.120e-03 0.357 1.546 0.732 0.298 0.164 0.114 0.100
0.0010968 -1.15000 10.02531 0.8539828658 2.4362397887    0.783  1.764  3.7406  2.482    4  0.000  0.517     0.00     0.00     0.00     0.00     0.00 -1    -1e-30      0.00 7.402e-01 2.587e-01 1.901e-04 6.028e-05 4.913e-04 -1.000 1.120e-03 0.359 1.543 0.732 0.300 0.167 0.118 0.104
0.0010968 -1.15000 10.02531 0.8540472984 2.4362591781    0.783  1.764  3.7412  2.485    4  0.000  0.517     0.00     0.00     0.00     0.00     0.00 -1    -1e-30      0.00 7.402e-01 2.587e-01 1.901e-04 6.028e-05 4.913e-04 -1.000 1.120e-03 0.361 1.539 0.731 0.301 0.169 0.121 0.108
0.0010968 -1.15000 10.02531 0.8541098833 2.4362780082    0.783  1.763  3.7417  2.488    4  0.000  0.517     0.00     0.00     0.00     0.00     0.00 -1    -1e-30      0.00 7.402e-01 2.587e-01 1.901e-04 6.028e-05 4.913e-04 -1.000 1.120e-03 0.363 1.536 0.730 0.303 0.172 0.124 0.111
0.0010968 -1.15000 10.02531 0.8541718721 2.4362966559    0.783  1.763  3.7422  2.490    4  0.000  0.517     0.00     0.00     0.00     0.00     0.00 -1    -1e-30      0.00 7.402e-01 2.587e-01 1.901e-04 6.028e-05 4.913e-04 -1.000 1.120e-03 0.364 1.533 0.729 0.303 0.173 0.126 0.113
0.0010968 -1.15000 10.02531 0.8541860580 2.4363009230    0.783  1.762  3.7423  2.491    4  0.000  0.517     0.00     0.00     0.00     0.00     0.00 -1    -1e-30      0.00 7.402e-01 2.587e-01 1.901e-04 6.028e-05 4.913e-04 -1.000 1.120e-03 0.364 1.533 0.729 0.303 0.173 0.126 0.113
0.0010968 -1.15000 10.02531 0.8542460203 2.4363189574    0.784  1.762  3.7426  2.492    4  0.000  0.517     0.00     0.00     0.00     0.00     0.00 -1    -1e-30      0.00 7.402e-01 2.587e-01 1.901e-04 6.028e-05 4.913e-04 -1.000 1.120e-03 0.364 1.530 0.728 0.304 0.174 0.127 0.115
0.0010968 -1.15000 10.02531 0.8543116450 2.4363386915    0.784  1.762  3.7430  2.493    4  0.000  0.517     0.00     0.00     0.00     0.00     0.00 -1    -1e-30      0.00 7.402e-01 2.587e-01 1.901e-04 6.028e-05 4.913e-04 -1.000 1.120e-03 0.364 1.527 0.726 0.303 0.174 0.128 0.115
0.0010968 -1.15000 10.02531 0.8543708324 2.4363564869    0.784  1.763  3.7431  2.494    4  0.000  0.517     0.00     0.00     0.00     0.00     0.00 -1    -1e-30      0.00 7.402e-01 2.587e-01 1.901e-04 6.028e-05 4.913e-04 -1.000 1.120e-03 0.363 1.525 0.725 0.302 0.174 0.127 0.115
0.0010968 -1.15000 10.02531 0.8544332385 2.4363752469    0.784  1.764  3.7432  2.493    4  0.000  0.517     0.00     0.00     0.00     0.00     0.00 -1    -1e-30      0.00 7.402e-01 2.587e-01 1.901e-04 6.028e-05 4.913e-04 -1.000 1.120e-03 0.361 1.522 0.723 0.300 0.172 0.125 0.113
0.0010968 -1.15000 10.02531 0.8544959426 2.4363940933    0.784  1.765  3.7431  2.492    4  0.000  0.517     0.00     0.00     0.00     0.00     0.00 -1    -1e-30      0.00 7.402e-01 2.587e-01 1.901e-04 6.028e-05 4.913e-04 -1.000 1.120e-03 0.358 1.520 0.720 0.298 0.169 0.122 0.110
0.0010968 -1.15000 10.02531 0.8545597792 2.4364132769    0.784  1.766  3.7430  2.490    4  0.000  0.517     0.00     0.00     0.00     0.00     0.00 -1    -1e-30      0.00 7.402e-01 2.587e-01 1.901e-04 6.028e-05 4.913e-04 -1.000 1.120e-03 0.355 1.518 0.717 0.294 0.165 0.119 0.106
0.0010968 -1.15000 10.02531 0.8546243906 2.4364326899    0.784  1.768  3.7427  2.487    4  0.000  0.517     0.00     0.00     0.00     0.00     0.00 -1    -1e-30      0.00 7.402e-01 2.587e-01 1.901e-04 6.029e-05 4.913e-04 -1.000 1.120e-03 0.350 1.516 0.714 0.289 0.160 0.113 0.101
0.0010968 -1.15000 10.02531 0.8546355963 2.4364360564    0.784  1.768  3.7426  2.487    4  0.000  0.517     0.00     0.00     0.00     0.00     0.00 -1    -1e-30      0.00 7.402e-01 2.587e-01 1.901e-04 6.029e-05 4.913e-04 -1.000 1.120e-03 0.349 1.515 0.713 0.289 0.159 0.112 0.100
0.0010968 -1.15000 10.02531 0.8546512127 2.4364407479    0.784  1.769  3.7425  2.485    4  0.000  0.517     0.00     0.00     0.00     0.00     0.00 -1    -1e-30      0.00 7.402e-01 2.587e-01 1.901e-04 6.029e-05 4.914e-04 -1.000 1.120e-03 0.348 1.515 0.712 0.287 0.157 0.110 0.098
0.0010968 -1.15000 10.02531 0.8547160029 2.4364602098    0.784  1.771  3.7421  2.481    4  0.000  0.517     0.00     0.00     0.00     0.00     0.00 -1    -1e-30      0.00 7.402e-01 2.587e-01 1.901e-04 6.029e-05 4.914e-04 -1.000 1.120e-03 0.341 1.512 0.707 0.281 0.150 0.103 0.090
0.0010968 -1.15000 10.02531 0.8547793031 2.4364792209    0.784  1.774  3.7415  2.476    4  0.000  0.517     0.00     0.00     0.00     0.00     0.00 -1    -1e-30      0.00 7.402e-01 2.587e-01 1.901e-04 6.029e-05 4.914e-04 -1.000 1.120e-03 0.334 1.510 0.702 0.274 0.142 0.094 0.081
0.0010968 -1.15000 10.02531 0.8548443913 2.4364987657    0.784  1.778  3.7408  2.469    4  0.000  0.517     0.00     0.00     0.00     0.00     0.00 -1    -1e-30      0.00 7.402e-01 2.587e-01 1.901e-04 6.029e-05 4.914e-04 -1.000 1.120e-03 0.324 1.507 0.696 0.264 0.132 0.083 0.070
0.0010968 -1.15000 10.02531 0.8549072742 2.4365176450    0.784  1.782  3.7400  2.462    4  0.000  0.517     0.00     0.00     0.00     0.00     0.00 -1    -1e-30      0.00 7.402e-01 2.587e-01 1.901e-04 6.029e-05 4.914e-04 -1.000 1.120e-03 0.315 1.503 0.689 0.255 0.121 0.071 0.058
0.0010968 -1.15000 10.02531 0.8549717665 2.4365370041    0.784  1.787  3.7392  2.454    4  0.000  0.517     0.00     0.00     0.00     0.00     0.00 -1    -1e-30      0.00 7.402e-01 2.587e-01 1.901e-04 6.029e-05 4.914e-04 -1.000 1.120e-03 0.303 1.500 0.680 0.243 0.108 0.057 0.043
0.0010968 -1.15000 10.02531 0.8550343513 2.4365557874    0.784  1.792  3.7382  2.445    4  0.000  0.517     0.00     0.00     0.00     0.00     0.00 -1    -1e-30      0.00 7.402e-01 2.587e-01 1.901e-04 6.029e-05 4.914e-04 -1.000 1.120e-03 0.290 1.496 0.671 0.230 0.094 0.042 0.027
0.0010968 -1.15000 10.02531 0.8550972342 2.4365746571    0.784  1.798  3.7372  2.435    4  0.000  0.517     0.00     0.00     0.00     0.00     0.00 -1    -1e-30      0.00 7.402e-01 2.587e-01 1.901e-04 6.029e-05 4.914e-04 -1.000 1.120e-03 0.275 1.492 0.661 0.216 0.077 0.024 0.009
0.0010968 -1.15000 10.02531 0.8551601171 2.4365935235    0.785  1.805  3.7361  2.424    4  0.000  0.517     0.00     0.00     0.00     0.00     0.00 -1    -1e-30      0.00 7.402e-01 2.587e-01 1.901e-04 6.029e-05 4.914e-04 -1.000 1.120e-03 0.257 1.486 0.648 0.199 0.059 0.004 -0.011
0.0010968 -1.15000 10.02531 0.8552228808 2.4366123510    0.785  1.811  3.7352  2.415    4  0.000  0.517     0.00     0.00     0.00     0.00     0.00 -1    -1e-30      0.00 7.402e-01 2.587e-01 1.901e-04 6.029e-05 4.914e-04 -1.000 1.120e-03 0.244 1.481 0.638 0.185 0.044 -0.011 -0.027
0.0010968 -1.15000 10.02531 0.8552851081 2.4366310144    0.785  1.810  3.7355  2.417    4  0.000  0.517     0.00     0.00     0.00     0.00     0.00 -1    -1e-30      0.00 7.402e-01 2.587e-01 1.901e-04 6.029e-05 4.914e-04 -1.000 1.120e-03 0.246 1.480 0.639 0.187 0.046 -0.009 -0.024
0.0010968 -1.15000 10.02531 0.8553494811 2.4366503182    0.785  1.827  3.7328  2.389    4  0.000  0.517     0.00     0.00     0.00     0.00     0.00 -1    -1e-30      0.00 7.402e-01 2.587e-01 1.901e-04 6.029e-05 4.914e-04 -1.000 1.120e-03 0.204 1.465 0.608 0.146 0.001 -0.057 -0.074
0.0010968 -1.15000 10.02531 0.8554126024 2.4366692433    0.785  1.854  3.7288  2.346    4  0.000  0.517     0.00     0.00     0.00     0.00     0.00 -1    -1e-30      0.00 7.402e-01 2.587e-01 1.901e-04 6.029e-05 4.914e-04 -1.000 1.120e-03 0.135 1.438 0.556 0.079 -0.073 -0.135 -0.154
0.0010968 -1.15000 10.02531 0.8554561734 2.4366823049    0.785  1.889  3.7241  2.292    4  0.000  0.517     0.00     0.00     0.00     0.00     0.00 -1    -1e-30      0.00 7.402e-01 2.587e-01 1.901e-04 6.029e-05 4.914e-04 -1.000 1.120e-03 0.047 1.403 0.489 -0.006 -0.166 -0.234 -0.255
0.0010968 -1.15000 10.02531 0.8554769754 2.4366885404    0.785  1.925  3.7196  2.238    4  0.000  0.517     0.00     0.00     0.00     0.00     0.00 -1    -1e-30      0.00 7.402e-01 2.587e-01 1.901e-04 6.029e-05 4.914e-04 -1.000 1.120e-03 -0.043 1.364 0.420 -0.093 -0.261 -0.333 -0.357
0.0010968 -1.15000 10.02531 0.8554862738 2.4366913275    0.785  1.959  3.7155  2.188    4  0.000  0.517     0.00     0.00     0.00     0.00     0.00 -1    -1e-30      0.00 7.402e-01 2.587e-01 1.901e-04 6.030e-05 4.914e-04 -1.000 1.120e-03 -0.128 1.329 0.356 -0.175 -0.349 -0.426 -0.452
0.0010968 -1.15000 10.02531 0.8554906845 2.4366926495    0.785  1.993  3.7116  2.139    4  0.000  0.517     0.00     0.00     0.00     0.00     0.00 -1    -1e-30      0.00 7.402e-01 2.587e-01 1.901e-04 6.030e-05 4.914e-04 -1.000 1.120e-03 -0.212 1.292 0.291 -0.255 -0.436 -0.518 -0.546
0.0010968 -1.15000 10.02531 0.8554931283 2.4366933820    0.785  2.029  3.7078  2.087    4  0.000  0.517     0.00     0.00     0.00     0.00     0.00 -1    -1e-30      0.00 7.402e-01 2.587e-01 1.901e-04 6.030e-05 4.914e-04 -1.000 1.120e-03 -0.302 1.251 0.221 -0.342 -0.530 -0.616 -0.646
0.0010968 -1.15000 10.02531 0.8554944992 2.4366937929    0.785  2.063  3.7043  2.039    4  0.000  0.517     0.00     0.00     0.00     0.00     0.00 -1    -1e-30      0.00 7.402e-01 2.587e-01 1.901e-04 6.030e-05 4.914e-04 -1.000 1.120e-03 -0.387 1.212 0.155 -0.423 -0.617 -0.707 -0.739
0.0010968 -1.15000 10.02531 0.8554946184 2.4366938286    0.785  2.067  3.7039  2.033    7  0.000  0.517     0.00     0.00     0.00     0.00     0.00 -1 -9.59e-10      0.00 7.402e-01 2.571e-01 1.901e-04 6.030e-05 4.914e-04 -1.000 2.733e-03 -0.397 1.207 0.147 -0.433 -0.627 -0.718 -0.750
0.0010968 -1.15000 10.02531 0.8554954529 2.4366940787    0.785  2.096  3.7012  1.994    7  0.000  0.517     0.00     0.00     0.00     0.00     0.00 -1 -1.14e-09      0.00 7.402e-01 2.571e-01 1.901e-04 6.030e-05 4.914e-04 -1.000 2.733e-03 -0.470 1.171 0.090 -0.502 -0.701 -0.796 -0.829
0.0010968 -1.15000 10.02531 0.8554964662 2.4366943824    0.785  2.127  3.6984  1.951    7  0.000  0.517     0.00     0.00     0.00     0.00     0.00 -1 -1.38e-09      0.00 7.402e-01 2.571e-01 1.901e-04 6.030e-05 4.914e-04 -1.000 2.733e-03 -0.549 1.136 0.028 -0.577 -0.781 -0.879 -0.914
0.0010968 -1.15000 10.02531 0.8554974794 2.4366946862    0.785  2.157  3.6958  1.910    7  0.000  0.517     0.00     0.00     0.00     0.00     0.00 -1 -1.63e-09      0.00 7.402e-01 2.571e-01 1.901e-04 6.030e-05 4.914e-04 -1.000 2.733e-03 -0.624 1.102 -0.031 -0.648 -0.857 -0.959 -0.995
0.0010968 -1.15000 10.02531 0.8555001616 2.4366954901    0.785  2.157  3.6958  1.911    7  0.000  0.517     0.00     0.00     0.00     0.00     0.00 -1 -1.62e-09      0.00 7.402e-01 2.571e-01 1.901e-04 6.030e-05 4.914e-04 -1.000 2.733e-03 -0.621 1.103 -0.029 -0.646 -0.855 -0.956 -0.993
0.0010968 -1.15000 10.02531 0.8555028439 2.4366962940    0.784  2.149  3.6965  1.922    7  0.000  0.517     0.00     0.00     0.00     0.00     0.00 -1 -1.55e-09      0.00 7.402e-01 2.571e-01 1.901e-04 6.030e-05 4.914e-04 -1.000 2.733e-03 -0.602 1.111 -0.015 -0.628 -0.835 -0.936 -0.972
0.0010968 -1.15000 10.02531 0.8555334210 2.4367054583    0.783  2.152  3.6962  1.916    7  0.000  0.517     0.00     0.00     0.00     0.00     0.00 -1  -1.6e-09      0.00 7.402e-01 2.571e-01 1.901e-04 6.030e-05 4.914e-04 -1.000 2.733e-03 -0.609 1.110 -0.019 -0.634 -0.843 -0.944 -0.980
0.0010968 -1.15000 10.02531 0.8555597067 2.4367133358    0.781  2.195  3.6923  1.857    7  0.000  0.517     0.00     0.00     0.00     0.00     0.00 -1 -2.06e-09      0.00 7.402e-01 2.571e-01 1.901e-04 6.030e-05 4.914e-04 -1.000 2.733e-03 -0.716 1.064 -0.102 -0.735 -0.951 -1.057 -1.096
0.0010968 -1.15000 10.02531 0.8555775285 2.4367186765    0.779  2.232  3.6890  1.806    7  0.000  0.517     0.00     0.00     0.00     0.00     0.00 -1 -2.56e-09      0.00 7.402e-01 2.571e-01 1.901e-04 6.030e-05 4.914e-04 -1.000 2.733e-03 -0.809 1.026 -0.173 -0.822 -1.044 -1.154 -1.195
0.0010968 -1.15000 10.02531 0.8555926085 2.4367231953    0.778  2.268  3.6857  1.755    7  0.000  0.517     0.00     0.00     0.00     0.00     0.00 -1 -3.17e-09      0.00 7.402e-01 2.571e-01 1.901e-04 6.030e-05 4.914e-04 -1.000 2.733e-03 -0.901 0.991 -0.242 -0.907 -1.135 -1.250 -1.293
0.0010968 -1.15000 10.02531 0.8556097150 2.4367283212    0.775  2.320  3.6812  1.684    7  0.000  0.517     0.00     0.00     0.00     0.00     0.00 -1 -4.32e-09      0.00 7.402e-01 2.571e-01 1.901e-04 6.030e-05 4.914e-04 -1.000 2.733e-03 -1.030 0.961 -0.339 -1.033 -1.267 -1.388 -1.434
0.0010968 -1.15000 10.02531 0.8556253910 2.4367330182    0.772  2.364  3.6775  1.624    7  0.000  0.517     0.00     0.00     0.00     0.00     0.00 -1  -5.6e-09      0.00 7.402e-01 2.571e-01 1.901e-04 6.030e-05 4.914e-04 -1.000 2.733e-03 -1.140 0.939 -0.418 -1.138 -1.379 -1.504 -1.552
0.0010968 -1.15000 10.02531 0.8556395769 2.4367372685    0.769  2.405  3.6740  1.566    7  0.000  0.517     0.00     0.00     0.00     0.00     0.00 -1 -7.08e-09      0.00 7.402e-01 2.571e-01 1.901e-04 6.030e-05 4.914e-04 -1.000 2.730e-03 -1.243 0.923 -0.492 -1.238 -1.484 -1.613 -1.664
0.0010968 -1.15000 10.02531 0.8556523323 2.4367410902    0.765  2.446  3.6706  1.510    7  0.000  0.516     0.00     0.00     0.00     0.00     0.00 -1 -9.06e-09      0.00 7.402e-01 2.572e-01 1.900e-04 6.030e-05 4.914e-04 -1.000 2.652e-03 -1.345 0.910 -0.562 -1.335 -1.587 -1.720 -1.773
0.0010968 -1.15000 10.02531 0.8556637168 2.4367445009    0.760  2.485  3.6672  1.455    7  0.000  0.516     0.00     0.00     0.00     0.00     0.00 -1 -1.14e-08      0.00 7.402e-01 2.572e-01 1.899e-04 6.033e-05 4.914e-04 -1.000 2.633e-03 -1.443 0.908 -0.627 -1.427 -1.686 -1.823 -1.879
0.0010968 -1.15000 10.02531 0.8556740284 2.4367475902    0.755  2.524  3.6639  1.399    7  0.000  0.515     8.14     6.31     4.45     3.45     2.79  3 -1.44e-08      0.00 7.402e-01 2.572e-01 1.895e-04 6.051e-05 4.914e-04 -1.000 2.630e-03 -1.541 0.912 -0.690 -1.519 -1.784 -1.925 -1.984
0.0010968 -1.15000 10.02531 0.8556833267 2.4367503758    0.749  2.563  3.6605  1.343    7  0.000  0.512     9.15     6.97     4.89     3.80     3.08  3 -1.82e-08      0.00 7.402e-01 2.573e-01 1.885e-04 6.128e-05 4.914e-04 -1.000 2.567e-03 -1.637 0.927 -0.747 -1.608 -1.879 -2.026 -2.087
0.0010968 -1.15000 10.02531 0.8556919098 2.4367529471    0.742  2.601  3.6522  1.268    7  0.000  0.506    10.70     7.97     5.55     4.33     3.50  3 -2.34e-08      0.00 7.401e-01 2.573e-01 1.865e-04 6.321e-05 4.914e-04 -1.000 2.533e-03 -1.733 1.048 -0.755 -1.674 -1.963 -2.123 -2.190
0.0010968 -1.15000 10.02531 0.8556959033 2.4367541434    0.738  2.621  3.6496  1.235    7  0.000  0.503    11.45     8.44     5.87     4.58     3.70  2 -2.65e-08      0.00 7.401e-01 2.573e-01 1.851e-04 6.484e-05 4.914e-04 -1.000 2.533e-03 -1.783 1.068 -0.775 -1.712 -2.008 -2.172 -2.241
0.0010968 -1.15000 10.02531 0.8557035327 2.4367564289    0.729  2.659  3.6458  1.177    7  0.000  0.495    12.93     9.35     6.47     5.06     4.09  2 -3.36e-08      0.00 7.401e-01 2.574e-01 1.824e-04 6.818e-05 4.914e-04 -1.000 2.508e-03 -1.878 1.080 -0.825 -1.790 -2.096 -2.266 -2.339
0.0010968 -1.15000 10.02531 0.8557108641 2.4367586251    0.718  2.697  3.6425  1.119    7  0.000  0.488    14.57    10.35     7.12     5.58     4.52  2 -4.28e-08      0.00 7.401e-01 2.574e-01 1.797e-04 7.141e-05 4.914e-04 -1.000 2.485e-03 -1.973 1.082 -0.880 -1.871 -2.185 -2.361 -2.436
0.0010968 -1.15000 10.02531 0.8557179570 2.4367607498    0.704  2.735  3.6392  1.059    7  0.000  0.481    16.46    11.47     7.86     6.17     4.99  2 -5.55e-08      0.00 7.400e-01 2.575e-01 1.774e-04 7.431e-05 4.914e-04 -1.000 2.472e-03 -2.068 1.087 -0.933 -1.950 -2.273 -2.455 -2.533
0.0010968 -1.15000 10.02531 0.8557248116 2.4367628030    0.687  2.773  3.6359  0.997    7  0.000  0.475    18.66    12.74     8.69     6.83     5.53  2 -7.29e-08      0.00 7.400e-01 2.576e-01 1.753e-04 7.686e-05 4.914e-04 -1.000 2.458e-03 -2.163 1.096 -0.983 -2.027 -2.360 -2.548 -2.629
0.0010968 -1.15000 10.02531 0.8557310104 2.4367646599    0.667  2.810  3.6327  0.935    7  0.000  0.470    21.17    14.16     9.59     7.57     6.13  1  -9.6e-08      0.00 7.399e-01 2.577e-01 1.735e-04 7.907e-05 4.915e-04 -1.000 2.435e-03 -2.255 1.114 -1.026 -2.101 -2.445 -2.639 -2.722
0.0010968 -1.15000 10.02531 0.8557369709 2.4367664452    0.640  2.847  3.6301  0.870    7  0.000  0.466    24.10    15.76    10.62     8.40     6.80  1  -1.3e-07      0.00 7.398e-01 2.578e-01 1.719e-04 8.103e-05 4.915e-04 -1.000 2.392e-03 -2.348 1.124 -1.074 -2.179 -2.531 -2.731 -2.817
0.0010968 -1.15000 10.02531 0.8557417989 2.4367678914    0.612  2.881  3.6287  0.811    7  0.000  0.463    27.08    17.32    11.61     9.22     7.46  1 -1.77e-07      0.00 7.397e-01 2.579e-01 1.707e-04 8.257e-05 4.915e-04 -1.000 2.374e-03 -2.431 1.112 -1.127 -2.253 -2.612 -2.815 -2.902
0.0010968 -1.15000 10.02531 0.8557452559 2.4367689269    0.585  2.909  3.6297  0.767    7  0.000  0.460    29.50    18.55    12.38     9.85     7.98  1 -2.33e-07      0.00 7.397e-01 2.579e-01 1.698e-04 8.373e-05 4.914e-04 -1.000 2.358e-03 -2.502 1.050 -1.200 -2.330 -2.688 -2.890 -2.977
0.0010968 -1.15000 10.02531 0.8557482362 2.4367698195    0.555  2.937  3.6348  0.736    7  0.000  0.458    31.19    19.34    12.87    10.27     8.31  1 -3.08e-07      0.00 7.396e-01 2.580e-01 1.689e-04 8.481e-05 4.914e-04 -1.000 2.349e-03 -2.573 0.892 -1.322 -2.429 -2.775 -2.968 -3.051
0.0010968 -1.15000 10.02531 0.8557503819 2.4367704622    0.516  2.960  3.6487  0.737    7  0.000  0.455    30.72    18.96    12.61    10.09     8.16  1 -3.83e-07      0.00 7.395e-01 2.580e-01 1.680e-04 8.598e-05 4.914e-04 -1.000 2.432e-03 -2.631 0.535 -1.532 -2.559 -2.872 -3.041 -3.114
0.0010968 -1.15000 10.02531 1.0941306353 2.4906872793    0.546 -9.999  3.6376  7.955    9  0.546  0.000     0.00     0.00     0.00     0.00     0.00 -1    -1e-30      0.00 7.272e-01 2.718e-01 1.538e-04 1.188e-04 4.981e-04 -1.000 1.081e-03 29.767 32.599 30.875 29.842 29.486 29.309 29.247
