# Zini     MH   logAge Mini        int_IMF         Mass   logL    logTe  logg  label   McoreTP C_O  period0  period1  period2  period3  period4  pmode  Mloss  tau1m   X   Y   Xc  Xn  Xo  Cexcess  Z 	 mbolmag  umag    gmag    rmag    imag    zmag    Ymag
0.00049103 -1.50000 10.08636 0.0900000036 1.0816895926    0.090 -3.183  3.4751  5.427    1  0.000  0.545     0.00     0.00     0.00     0.00     0.00 -1 -5.32e-17      0.00 7.479e-01 2.516e-01 8.884e-05 2.397e-05 2.174e-04 -1.000 4.940e-04 12.727 17.878 16.195 14.280 12.616 12.072 11.964
0.00049103 -1.50000 10.08636 0.0923977718 1.1042692803    0.092 -3.110  3.4854  5.408    1  0.000  0.545     0.00     0.00     0.00     0.00     0.00 -1 -6.35e-17      0.00 7.475e-01 2.520e-01 8.884e-05 2.397e-05 2.174e-04 -1.000 4.940e-04 12.546 17.665 15.804 13.917 12.416 11.913 11.804
0.00049103 -1.50000 10.08636 0.1000000015 1.1711064122    0.100 -2.893  3.5163  5.349    1  0.000  0.545     0.00     0.00     0.00     0.00     0.00 -1 -1.08e-16      0.00 7.461e-01 2.534e-01 8.884e-05 2.397e-05 2.174e-04 -1.000 4.941e-04 12.003 16.869 14.669 12.912 11.830 11.427 11.317
0.00049103 -1.50000 10.08636 0.1199999973 1.3193154249    0.120 -2.608  3.5474  5.266    1  0.000  0.545     0.00     0.00     0.00     0.00     0.00 -1 -2.08e-16      0.00 7.435e-01 2.561e-01 8.884e-05 2.397e-05 2.174e-04 -1.000 4.940e-04 11.289 15.667 13.442 11.852 11.083 10.755 10.651
0.00049103 -1.50000 10.08636 0.1400000006 1.4384526719    0.140 -2.426  3.5628  5.213    1  0.000  0.545     0.00     0.00     0.00     0.00     0.00 -1 -3.12e-16      0.00 7.415e-01 2.580e-01 8.884e-05 2.397e-05 2.174e-04 -1.000 4.941e-04 10.835 14.915 12.764 11.265 10.617 10.319 10.220
0.00049103 -1.50000 10.08636 0.1599999964 1.5372931554    0.160 -2.284  3.5729  5.169    1  0.000  0.545     0.00     0.00     0.00     0.00     0.00 -1 -4.26e-16      0.00 7.401e-01 2.594e-01 8.884e-05 2.397e-05 2.174e-04 -1.000 4.941e-04 10.479 14.351 12.269 10.836 10.255 9.974 9.880
0.00049103 -1.50000 10.08636 0.2000000179 1.6938791367    0.200 -2.062  3.5862  5.098    1  0.000  0.545     0.00     0.00     0.00     0.00     0.00 -1 -6.89e-16      0.00 7.389e-01 2.606e-01 8.884e-05 2.397e-05 2.174e-04 -1.000 4.941e-04 9.925 13.525 11.546 10.207 9.693 9.434 9.345
0.00049103 -1.50000 10.08636 0.2500000000 1.8403257998    0.250 -1.858  3.5973  5.035    1  0.000  0.545     0.00     0.00     0.00     0.00     0.00 -1 -3.01e-16      0.00 7.389e-01 2.606e-01 8.883e-05 2.397e-05 2.174e-04 -1.000 4.941e-04 9.415 12.796 10.905 9.647 9.178 8.936 8.852
0.00049103 -1.50000 10.08636 0.3000000417 1.9529140366    0.300 -1.703  3.6058  4.993    1  0.000  0.545     0.00     0.00     0.00     0.00     0.00 -1 -1.45e-15      0.00 7.391e-01 2.604e-01 8.882e-05 2.397e-05 2.174e-04 -1.000 4.941e-04 9.028 12.252 10.422 9.225 8.784 8.556 8.476
0.00049103 -1.50000 10.08636 0.3301680684 2.0096618074    0.330 -1.625  3.6104  4.975    1  0.000  0.545     0.00     0.00     0.00     0.00     0.00 -1 -1.69e-15      0.00 7.391e-01 2.604e-01 8.880e-05 2.397e-05 2.174e-04 -1.000 4.941e-04 8.833 11.977 10.178 9.013 8.587 8.365 8.288
0.00049103 -1.50000 10.08636 0.3499999940 2.0434174644    0.350 -1.578  3.6132  4.964    1  0.000  0.545     0.00     0.00     0.00     0.00     0.00 -1 -1.85e-15      0.00 7.391e-01 2.604e-01 8.879e-05 2.397e-05 2.174e-04 -1.000 4.941e-04 8.714 11.812 10.031 8.885 8.466 8.249 8.173
0.00049103 -1.50000 10.08636 0.3798472881 2.0897903716    0.380 -1.490  3.6201  4.940    1  0.000  0.545     0.00     0.00     0.00     0.00     0.00 -1 -2.24e-15      0.00 7.458e-01 2.537e-01 8.882e-05 2.397e-05 2.174e-04 -1.000 4.941e-04 8.495 11.478 9.740 8.641 8.243 8.036 7.964
0.00049103 -1.50000 10.08636 0.4000000060 2.1185024399    0.400 -1.434  3.6245  4.924    1  0.000  0.545     0.00     0.00     0.00     0.00     0.00 -1 -2.53e-15      0.00 7.503e-01 2.492e-01 8.884e-05 2.397e-05 2.174e-04 -1.000 4.941e-04 8.356 11.268 9.557 8.488 8.102 7.902 7.832
0.00049103 -1.50000 10.08636 0.4500000179 2.1822809362    0.450 -1.260  3.6433  4.876    1  0.000  0.545     0.00     0.00     0.00     0.00     0.00 -1 -3.76e-15      0.00 7.504e-01 2.491e-01 8.884e-05 2.397e-05 2.174e-04 -1.000 4.941e-04 7.919 10.538 8.940 7.994 7.659 7.487 7.427
0.00049103 -1.50000 10.08636 0.5000000000 2.2374541529    0.500 -1.063  3.6694  4.830    1  0.000  0.545     0.00     0.00     0.00     0.00     0.00 -1 -5.91e-15      0.00 7.504e-01 2.491e-01 8.884e-05 2.397e-05 2.174e-04 -1.000 4.941e-04 7.428 9.636 8.223 7.435 7.164 7.030 6.983
0.00049103 -1.50000 10.08636 0.5500000715 2.2836583126    0.550 -0.848  3.6945  4.755    1  0.000  0.544     0.00     0.00     0.00     0.00     0.00 -1 -1.01e-14      0.00 7.854e-01 2.142e-01 7.719e-05 2.084e-05 1.891e-04 -1.000 4.025e-04 6.889 8.697 7.508 6.851 6.630 6.529 6.496
0.00049103 -1.50000 10.08636 0.6000000238 2.3211213258    0.600 -0.637  3.7224  4.694    1  0.000  0.544     0.00     0.00     0.00     0.00     0.00 -1 -1.68e-14      0.00 7.964e-01 2.032e-01 7.371e-05 1.991e-05 1.808e-04 -1.000 3.950e-04 6.362 7.793 6.839 6.298 6.124 6.056 6.037
0.00049103 -1.50000 10.08636 0.6082089543 2.3265988450    0.608 -0.601  3.7275  4.684    1  0.000  0.543     0.00     0.00     0.00     0.00     0.00 -1 -1.83e-14      0.00 7.985e-01 2.011e-01 7.305e-05 1.973e-05 1.792e-04 -1.000 3.954e-04 6.272 7.642 6.727 6.206 6.040 5.978 5.962
0.00049103 -1.50000 10.08636 0.6193346977 2.3337567825    0.619 -0.551  3.7344  4.671    1  0.000  0.543     0.00     0.00     0.00     0.00     0.00 -1 -2.07e-14      0.00 8.014e-01 1.982e-01 7.212e-05 1.949e-05 1.770e-04 -1.000 3.957e-04 6.149 7.444 6.577 6.082 5.927 5.872 5.859
0.00049103 -1.50000 10.08636 0.6301003098 2.3404070143    0.630 -0.504  3.7410  4.657    1  0.000  0.543     0.00     0.00     0.00     0.00     0.00 -1 -2.33e-14      0.00 8.044e-01 1.952e-01 7.119e-05 1.924e-05 1.747e-04 -1.000 3.958e-04 6.029 7.257 6.433 5.962 5.817 5.769 5.759
0.00049103 -1.50000 10.08636 0.6401071548 2.3463584022    0.640 -0.459  3.7470  4.643    1  0.000  0.543     0.00     0.00     0.00     0.00     0.00 -1 -2.05e-17      0.00 8.073e-01 1.923e-01 7.029e-05 1.900e-05 1.726e-04 -1.000 3.957e-04 5.917 7.087 6.301 5.852 5.716 5.675 5.667
0.00049103 -1.50000 10.08636 0.6494094729 2.3517020338    0.649 -0.417  3.7524  4.629    1  0.000  0.543     0.00     0.00     0.00     0.00     0.00 -1 -1.89e-14      0.00 8.101e-01 1.896e-01 6.941e-05 1.877e-05 1.705e-04 -1.000 3.948e-04 5.812 6.931 6.179 5.750 5.623 5.587 5.582
0.00049103 -1.50000 10.08636 0.6499999762 2.3520353107    0.650 -0.414  3.7528  4.628    1  0.000  0.543     0.00     0.00     0.00     0.00     0.00 -1 -2.91e-14      0.00 8.102e-01 1.894e-01 6.936e-05 1.876e-05 1.704e-04 -1.000 3.957e-04 5.805 6.921 6.171 5.743 5.617 5.581 5.576
0.00049103 -1.50000 10.08636 0.6559564471 2.3553585621    0.656 -0.387  3.7560  4.617    1  0.000  0.542     0.00     0.00     0.00     0.00     0.00 -1 -3.12e-14      0.00 8.124e-01 1.872e-01 6.866e-05 1.857e-05 1.687e-04 -1.000 3.961e-04 5.737 6.824 6.093 5.678 5.556 5.524 5.521
0.00049103 -1.50000 10.08636 0.6679838300 2.3618616238    0.668 -0.331  3.7624  4.595    1  0.000  0.542     0.00     0.00     0.00     0.00     0.00 -1 -3.61e-14      0.00 8.171e-01 1.825e-01 6.719e-05 1.817e-05 1.652e-04 -1.000 3.950e-04 5.597 6.630 5.934 5.543 5.432 5.407 5.406
0.00049103 -1.50000 10.08636 0.6790322661 2.3676025118    0.679 -0.279  3.7681  4.573    1  0.000  0.542     0.00     0.00     0.00     0.00     0.00 -1 -4.11e-14      0.00 8.217e-01 1.779e-01 6.575e-05 1.779e-05 1.617e-04 -1.000 3.842e-04 5.466 6.455 5.788 5.418 5.316 5.296 5.297
0.00049103 -1.50000 10.08636 0.6895660758 2.3728794487    0.689 -0.227  3.7734  4.549    1  0.000  0.542     0.00     0.00     0.00     0.00     0.00 -1 -4.59e-14      0.00 8.264e-01 1.733e-01 6.428e-05 1.740e-05 1.583e-04 -1.000 3.170e-04 5.338 6.287 5.646 5.296 5.202 5.187 5.190
0.00049103 -1.50000 10.08636 0.6993798614 2.3776315579    0.699 -0.177  3.7783  4.525    1  0.000  0.541     0.00     0.00     0.00     0.00     0.00 -1 -3.44e-14      0.00 8.310e-01 1.687e-01 6.284e-05 1.702e-05 1.548e-04 -1.000 2.990e-04 5.214 6.129 5.510 5.178 5.091 5.081 5.086
0.00049103 -1.50000 10.08636 0.6999999881 2.3779266974    0.700 -0.174  3.7786  4.524    1  0.000  0.541     0.00     0.00     0.00     0.00     0.00 -1 -5.48e-14      0.00 8.313e-01 1.684e-01 6.275e-05 1.699e-05 1.546e-04 -1.000 2.980e-04 5.206 6.119 5.502 5.170 5.084 5.074 5.080
0.00049103 -1.50000 10.08636 0.7001717091 2.3780083190    0.700 -0.173  3.7787  4.523    1  0.000  0.541     0.00     0.00     0.00     0.00     0.00 -1 -5.49e-14      0.00 8.314e-01 1.683e-01 6.272e-05 1.699e-05 1.545e-04 -1.000 2.980e-04 5.204 6.117 5.499 5.168 5.082 5.073 5.078
0.00049103 -1.50000 10.08636 0.7097725868 2.3824996042    0.709 -0.123  3.7832  4.496    1  0.000  0.539     0.00     0.00     0.00     0.00     0.00 -1 -6.33e-14      0.00 8.370e-01 1.627e-01 6.082e-05 1.652e-05 1.504e-04 -1.000 2.976e-04 5.076 5.962 5.361 5.046 4.968 4.962 4.969
0.00049103 -1.50000 10.08636 0.7181990743 2.3863279342    0.718 -0.076  3.7870  4.470    1  0.000  0.537     0.00     0.00     0.00     0.00     0.00 -1 -7.22e-14      0.00 8.419e-01 1.578e-01 5.920e-05 1.612e-05 1.468e-04 -1.000 2.973e-04 4.959 5.823 5.235 4.934 4.861 4.860 4.868
0.00049103 -1.50000 10.08636 0.7265185714 2.3900076405    0.726 -0.027  3.7907  4.441    1  0.000  0.536     0.00     0.00     0.00     0.00     0.00 -1  -8.3e-14      0.00 8.466e-01 1.531e-01 5.767e-05 1.575e-05 1.435e-04 -1.000 3.352e-04 4.837 5.681 5.104 4.816 4.749 4.752 4.761
0.00049103 -1.50000 10.08636 0.7336634398 2.3930913255    0.733  0.017  3.7937  4.413    1  0.000  0.534     0.00     0.00     0.00     0.00     0.00 -1 -9.43e-14      0.00 8.505e-01 1.492e-01 5.644e-05 1.545e-05 1.409e-04 -1.000 3.273e-04 4.727 5.555 4.986 4.710 4.648 4.653 4.663
0.00049103 -1.50000 10.08636 0.7405849099 2.3960134363    0.740  0.062  3.7966  4.383    1  0.000  0.533     0.00     0.00     0.00     0.00     0.00 -1  -1.9e-15      0.00 8.541e-01 1.456e-01 5.533e-05 1.518e-05 1.385e-04 -1.000 3.048e-04 4.615 5.428 4.867 4.601 4.543 4.551 4.562
0.00049103 -1.50000 10.08636 0.7475064397 2.3988734270    0.747  0.109  3.7992  4.351    1  0.000  0.531     0.00     0.00     0.00     0.00     0.00 -1 -1.88e-14      0.00 8.575e-01 1.422e-01 5.433e-05 1.494e-05 1.364e-04 -1.000 3.003e-04 4.496 5.296 4.741 4.485 4.432 4.442 4.454
0.00049103 -1.50000 10.08636 0.7500000000 2.3998889087    0.749  0.127  3.8001  4.338    1  0.000  0.531     0.00     0.00     0.00     0.00     0.00 -1 -1.31e-13      0.00 8.586e-01 1.411e-01 5.400e-05 1.486e-05 1.357e-04 -1.000 2.980e-04 4.452 5.247 4.694 4.441 4.390 4.401 4.413
0.00049103 -1.50000 10.08636 0.7523131967 2.4008240203    0.752  0.144  3.8010  4.326    1  0.000  0.530     0.00     0.00     0.00     0.00     0.00 -1 -1.38e-13      0.00 8.592e-01 1.405e-01 5.391e-05 1.484e-05 1.355e-04 -1.000 2.978e-04 4.411 5.202 4.651 4.401 4.351 4.363 4.375
0.00049103 -1.50000 10.08636 0.7588357329 2.4034254898    0.758  0.193  3.8033  4.290    1  0.000  0.530     0.00     0.00     0.00     0.00     0.00 -1  -1.6e-13      0.00 8.606e-01 1.391e-01 5.370e-05 1.478e-05 1.351e-04 -1.000 2.961e-04 4.287 5.067 4.520 4.279 4.232 4.247 4.260
0.00049103 -1.50000 10.08636 0.7648040056 2.4057612407    0.764  0.242  3.8051  4.251    1  0.000  0.529     0.00     0.00     0.00     0.00     0.00 -1 -1.87e-13      0.00 8.618e-01 1.379e-01 5.354e-05 1.474e-05 1.348e-04 -1.000 3.116e-04 4.164 4.936 4.392 4.157 4.114 4.130 4.144
0.00049103 -1.50000 10.08636 0.7703635693 2.4078996376    0.769  0.291  3.8063  4.211    1  0.000  0.529     0.00     0.00     0.00     0.00     0.00 -1 -2.18e-13      0.00 8.616e-01 1.381e-01 5.377e-05 1.481e-05 1.354e-04 -1.000 3.314e-04 4.043 4.809 4.266 4.037 3.996 4.013 4.027
0.00049103 -1.50000 10.08636 0.7741724849 2.4093443050    0.773  0.326  3.8069  4.180    1  0.000  0.529     0.00     0.00     0.00     0.00     0.00 -1 -2.44e-13      0.00 8.612e-01 1.385e-01 5.400e-05 1.487e-05 1.360e-04 -1.000 3.442e-04 3.956 4.719 4.176 3.950 3.910 3.928 3.942
0.00049103 -1.50000 10.08636 0.7756141424 2.4098868502    0.775  0.340  3.8068  4.166    1  0.000  0.529     0.00     0.00     0.00     0.00     0.00 -1 -2.57e-13      0.00 8.610e-01 1.386e-01 5.410e-05 1.490e-05 1.363e-04 -1.000 3.471e-04 3.919 4.682 4.139 3.913 3.874 3.891 3.905
0.00049103 -1.50000 10.08636 0.7812265158 2.4119770646    0.780  0.401  3.8055  4.103    1  0.000  0.529     0.00     0.00     0.00     0.00     0.00 -1 -3.15e-13      0.00 8.603e-01 1.394e-01 5.449e-05 1.501e-05 1.373e-04 -1.000 3.581e-04 3.768 4.534 3.989 3.760 3.719 3.735 3.749
0.00049103 -1.50000 10.08636 0.7855020165 2.4135463580    0.784  0.454  3.8024  4.040    1  0.000  0.529     0.00     0.00     0.00     0.00     0.00 -1 -3.81e-13      0.00 8.597e-01 1.399e-01 5.478e-05 1.509e-05 1.380e-04 -1.000 3.663e-04 3.635 4.412 3.861 3.623 3.578 3.591 3.604
0.00049103 -1.50000 10.08636 0.7862315178 2.4138121570    0.785  0.464  3.8016  4.027    1  0.000  0.529     0.00     0.00     0.00     0.00     0.00 -1 -3.99e-13      0.00 8.596e-01 1.400e-01 5.483e-05 1.510e-05 1.382e-04 -1.000 3.677e-04 3.610 4.390 3.837 3.597 3.551 3.563 3.576
0.00049103 -1.50000 10.08636 0.7869297266 2.4140660237    0.786  0.475  3.8005  4.013    1  0.000  0.529     0.00     0.00     0.00     0.00     0.00 -1 -4.15e-13      0.00 8.596e-01 1.401e-01 5.487e-05 1.511e-05 1.383e-04 -1.000 3.690e-04 3.584 4.368 3.813 3.570 3.522 3.533 3.545
0.00049103 -1.50000 10.08636 0.7892699242 2.4149131470    0.788  0.512  3.7957  3.957    2  0.000  0.529     0.00     0.00     0.00     0.00     0.00 -1 -4.79e-13      0.00 8.593e-01 1.404e-01 5.503e-05 1.516e-05 1.387e-04 -1.000 3.735e-04 3.490 4.295 3.730 3.471 3.416 3.423 3.434
0.00049103 -1.50000 10.08636 0.7910525203 2.4155545592    0.790  0.544  3.7902  3.904    2  0.000  0.529     0.00     0.00     0.00     0.00     0.00 -1 -5.48e-13      0.00 8.585e-01 1.411e-01 5.533e-05 1.524e-05 1.394e-04 -1.000 3.770e-04 3.409 4.239 3.661 3.385 3.322 3.324 3.332
0.00049103 -1.50000 10.08636 0.7924439311 2.4160529101    0.791  0.573  3.7833  3.848    2  0.000  0.529     0.00     0.00     0.00     0.00     0.00 -1 -6.24e-13      0.00 8.562e-01 1.434e-01 5.615e-05 1.546e-05 1.415e-04 -1.000 3.799e-04 3.337 4.201 3.605 3.307 3.233 3.228 3.233
0.00049103 -1.50000 10.08636 0.7935627103 2.4164521572    0.792  0.598  3.7766  3.796    2  0.000  0.530     0.00     0.00     0.00     0.00     0.00 -1 -7.02e-13      0.00 8.401e-01 1.595e-01 6.132e-05 1.687e-05 1.542e-04 -1.000 3.825e-04 3.274 4.176 3.559 3.238 3.154 3.142 3.146
0.00049103 -1.50000 10.08636 0.7944992781 2.4167853864    0.793  0.621  3.7696  3.746    2  0.000  0.532     0.00     0.00     0.00     0.00     0.00 -1 -7.84e-13      0.00 8.184e-01 1.812e-01 6.789e-05 1.864e-05 1.701e-04 -1.000 3.928e-04 3.217 4.161 3.521 3.176 3.081 3.063 3.063
0.00049103 -1.50000 10.08636 0.7953240275 2.4170780836    0.794  0.645  3.7627  3.696    2  0.000  0.534     0.00     0.00     0.00     0.00     0.00 -1 -8.97e-14      0.00 7.999e-01 1.997e-01 7.328e-05 2.009e-05 1.830e-04 -1.000 4.033e-04 3.158 4.148 3.482 3.114 3.008 2.983 2.981
0.00049103 -1.50000 10.08636 0.7960544229 2.4173367129    0.794  0.670  3.7563  3.645    2  0.000  0.535     0.00     0.00     0.00     0.00     0.00 -1 -4.44e-14      0.00 7.867e-01 2.129e-01 7.704e-05 2.109e-05 1.919e-04 -1.000 4.169e-04 3.094 4.130 3.438 3.047 2.932 2.900 2.895
0.00049103 -1.50000 10.08636 0.7967765927 2.4175918936    0.795  0.703  3.7502  3.588    2  0.000  0.536     0.00     0.00     0.00     0.00     0.00 -1 -8.94e-14      0.00 7.779e-01 2.217e-01 7.953e-05 2.176e-05 1.979e-04 -1.000 4.419e-04 3.012 4.092 3.375 2.963 2.838 2.800 2.793
0.00049103 -1.50000 10.08636 0.7973458767 2.4177926771    0.796  0.737  3.7460  3.538    2  0.000  0.536     0.00     0.00     0.00     0.00     0.00 -1  -1.6e-13      0.00 7.732e-01 2.263e-01 8.084e-05 2.211e-05 2.010e-04 -1.000 4.387e-04 2.927 4.041 3.304 2.878 2.747 2.704 2.695
0.00049103 -1.50000 10.08636 0.7977346182 2.4179295948    0.796  0.764  3.7435  3.501    2  0.000  0.536     0.00     0.00     0.00     0.00     0.00 -1  -2.4e-13      0.00 7.707e-01 2.289e-01 8.154e-05 2.229e-05 2.027e-04 -1.000 3.960e-04 2.861 3.994 3.247 2.812 2.677 2.631 2.621
0.00049103 -1.50000 10.08636 0.7979154587 2.4179932359    0.796  0.778  3.7426  3.483    2  0.000  0.536     0.00     0.00     0.00     0.00     0.00 -1 -2.92e-13      0.00 7.698e-01 2.298e-01 8.178e-05 2.235e-05 2.032e-04 -1.000 4.272e-04 2.824 3.964 3.213 2.776 2.639 2.592 2.581
0.00049103 -1.50000 10.08636 0.7984009385 2.4181639213    0.797  0.819  3.7401  3.433    3  0.000  0.537     0.00     0.00     0.00     0.00     0.00 -1 -4.95e-13      0.00 7.673e-01 2.322e-01 8.237e-05 2.251e-05 2.047e-04 -1.000 4.851e-04 2.723 3.881 3.120 2.674 2.534 2.484 2.473
0.00049103 -1.50000 10.08636 0.7989323735 2.4183504901    0.797  0.867  3.7378  3.375    3  0.000  0.537     0.00     0.00     0.00     0.00     0.00 -1 -8.97e-13      0.00 7.649e-01 2.346e-01 8.290e-05 2.265e-05 2.059e-04 -1.000 4.445e-04 2.601 3.780 3.007 2.554 2.410 2.358 2.345
0.00049103 -1.50000 10.08636 0.7993838787 2.4185087742    0.797  0.912  3.7361  3.324    3  0.000  0.537     0.00     0.00     0.00     0.00     0.00 -1 -1.51e-12      0.00 7.630e-01 2.365e-01 8.327e-05 2.275e-05 2.068e-04 -1.000 4.428e-04 2.490 3.684 2.902 2.444 2.297 2.243 2.229
0.00049103 -1.50000 10.08636 0.7998156548 2.4186599497    0.798  0.957  3.7344  3.272    3  0.000  0.537     0.00     0.00     0.00     0.00     0.00 -1 -2.52e-12      0.00 7.613e-01 2.382e-01 8.356e-05 2.284e-05 2.075e-04 -1.000 4.941e-04 2.376 3.584 2.794 2.331 2.181 2.125 2.110
0.00049103 -1.50000 10.08636 0.8000000119 2.4187244405    0.798  0.978  3.7337  3.248    3  0.000  0.537     0.00     0.00     0.00     0.00     0.00 -1 -3.15e-12      0.00 7.605e-01 2.390e-01 8.367e-05 2.287e-05 2.078e-04 -1.000 4.942e-04 2.324 3.537 2.744 2.279 2.128 2.071 2.056
0.00049103 -1.50000 10.08636 0.8002554178 2.4188137287    0.798  1.007  3.7328  3.216    3  0.000  0.537     0.00     0.00     0.00     0.00     0.00 -1 -3.49e-12      0.00 7.595e-01 2.400e-01 8.381e-05 2.292e-05 2.082e-04 -1.000 4.939e-04 2.251 3.472 2.675 2.207 2.055 1.997 1.981
0.00049103 -1.50000 10.08636 0.8006603718 2.4189551637    0.799  1.057  3.7312  3.160    3  0.000  0.536     0.00     0.00     0.00     0.00     0.00 -1 -4.17e-12      0.00 7.578e-01 2.417e-01 8.398e-05 2.298e-05 2.087e-04 -1.000 4.871e-04 2.127 3.361 2.557 2.083 1.929 1.869 1.853
0.00049103 -1.50000 10.08636 0.8010238409 2.4190819696    0.799  1.105  3.7297  3.106    3  0.000  0.536     0.00     0.00     0.00     0.00     0.00 -1 -4.96e-12      0.00 7.564e-01 2.432e-01 8.405e-05 2.305e-05 2.091e-04 -1.000 4.541e-04 2.006 3.252 2.441 1.964 1.807 1.745 1.728
0.00049103 -1.50000 10.08636 0.8013416529 2.4191927383    0.799  1.151  3.7284  3.055    3  0.000  0.535     0.00     0.00     0.00     0.00     0.00 -1 -5.84e-12      0.00 7.550e-01 2.446e-01 8.404e-05 2.312e-05 2.094e-04 -1.000 4.337e-04 1.892 3.150 2.333 1.851 1.692 1.629 1.611
0.00049103 -1.50000 10.08636 0.8016512394 2.4193005432    0.799  1.200  3.7269  3.001    3  0.000  0.534     0.00     0.00     0.00     0.00     0.00 -1 -6.96e-12      0.00 7.537e-01 2.458e-01 8.393e-05 2.324e-05 2.097e-04 -1.000 4.912e-04 1.771 3.042 2.217 1.731 1.570 1.505 1.486
0.00049103 -1.50000 10.08636 0.8019482493 2.4194038786    0.799  1.250  3.7253  2.943    3  0.000  0.532     0.00     0.00     0.00     0.00     0.00 -1 -8.35e-12      0.00 7.526e-01 2.469e-01 8.373e-05 2.340e-05 2.099e-04 -1.000 4.582e-04 1.644 2.929 2.096 1.604 1.441 1.374 1.354
0.00049103 -1.50000 10.08636 0.8021972775 2.4194904524    0.800  1.297  3.7238  2.891    3  0.000  0.530     0.00     0.00     0.00     0.00     0.00 -1 -9.88e-12      0.00 7.518e-01 2.477e-01 8.350e-05 2.360e-05 2.101e-04 -1.000 4.285e-04 1.527 2.826 1.985 1.489 1.323 1.254 1.234
0.00049103 -1.50000 10.08636 0.8024243712 2.4195693469    0.800  1.343  3.7223  2.839    3  0.000  0.528     0.00     0.00     0.00     0.00     0.00 -1 -1.17e-11      0.00 7.511e-01 2.484e-01 8.326e-05 2.382e-05 2.102e-04 -1.000 4.937e-04 1.412 2.724 1.876 1.374 1.206 1.136 1.115
0.00049103 -1.50000 10.08636 0.8026379943 2.4196435147    0.800  1.390  3.7207  2.785    3  0.000  0.526     0.00     0.00     0.00     0.00     0.00 -1 -1.38e-11      0.00 7.505e-01 2.490e-01 8.302e-05 2.405e-05 2.104e-04 -1.000 4.925e-04 1.294 2.621 1.764 1.257 1.087 1.015 0.993
0.00049103 -1.50000 10.08636 0.8028268218 2.4197090359    0.800  1.436  3.7191  2.733    3  0.000  0.525     0.00     0.00     0.00     0.00     0.00 -1 -1.63e-11      0.00 7.502e-01 2.493e-01 8.283e-05 2.425e-05 2.104e-04 -1.000 4.916e-04 1.180 2.523 1.657 1.145 0.972 0.898 0.875
0.00049103 -1.50000 10.08636 0.8030064106 2.4197713186    0.800  1.483  3.7174  2.679    3  0.000  0.524     0.00     0.00     0.00     0.00     0.00 -1 -1.94e-11      0.00 7.499e-01 2.496e-01 8.268e-05 2.440e-05 2.105e-04 -1.000 4.928e-04 1.062 2.421 1.546 1.028 0.852 0.776 0.752
0.00049103 -1.50000 10.08636 0.8031647205 2.4198261950    0.800  1.529  3.7158  2.627    3  0.000  0.523     0.00     0.00     0.00     0.00     0.00 -1 -2.29e-11      0.00 7.497e-01 2.498e-01 8.259e-05 2.450e-05 2.105e-04 -1.000 4.941e-04 0.947 2.324 1.439 0.916 0.737 0.658 0.634
0.00049103 -1.50000 10.08636 0.8033056259 2.4198750174    0.800  1.573  3.7141  2.576    3  0.000  0.523     0.00     0.00     0.00     0.00     0.00 -1 -2.68e-11      0.00 7.496e-01 2.499e-01 8.254e-05 2.456e-05 2.105e-04 -1.000 4.940e-04 0.837 2.230 1.336 0.807 0.625 0.545 0.519
0.00049103 -1.50000 10.08636 0.8034398556 2.4199215084    0.800  1.619  3.7124  2.523    3  0.000  0.523     0.00     0.00     0.00     0.00     0.00 -1 -3.17e-11      0.00 7.496e-01 2.499e-01 8.251e-05 2.459e-05 2.105e-04 -1.000 4.940e-04 0.721 2.132 1.229 0.693 0.509 0.427 0.400
0.00049103 -1.50000 10.08636 0.8035613894 2.4199635867    0.799  1.665  3.7105  2.470    3  0.000  0.523     0.00     0.00     0.00     0.00     0.00 -1 -3.74e-11      0.00 7.496e-01 2.500e-01 8.251e-05 2.460e-05 2.105e-04 -1.000 4.940e-04 0.608 2.039 1.124 0.582 0.394 0.310 0.282
0.00049103 -1.50000 10.08636 0.8036683798 2.4200006176    0.799  1.708  3.7088  2.420    3  0.000  0.523     0.00     0.00     0.00     0.00     0.00 -1 -4.38e-11      0.00 7.495e-01 2.500e-01 8.250e-05 2.461e-05 2.105e-04 -1.000 4.940e-04 0.500 1.952 1.023 0.474 0.284 0.197 0.169
0.00049103 -1.50000 10.08636 0.8037666678 2.4200346265    0.799  1.751  3.7070  2.369    3  0.000  0.523     0.00     0.00     0.00     0.00     0.00 -1 -5.13e-11      0.00 7.495e-01 2.500e-01 8.250e-05 2.461e-05 2.105e-04 -1.000 4.940e-04 0.392 1.866 0.924 0.367 0.174 0.085 0.056
0.00049103 -1.50000 10.08636 0.8038617969 2.4200675332    0.799  1.797  3.7050  2.316    3  0.000  0.523     0.00     0.00     0.00     0.00     0.00 -1 -6.05e-11      0.00 7.495e-01 2.500e-01 8.249e-05 2.462e-05 2.105e-04 -1.000 4.940e-04 0.279 1.778 0.821 0.256 0.060 -0.032 -0.062
0.00049103 -1.50000 10.08636 0.8039450049 2.4200963089    0.799  1.839  3.7032  2.266    3  0.000  0.523     0.00     0.00     0.00     0.00     0.00 -1 -7.08e-11      0.00 7.495e-01 2.500e-01 8.249e-05 2.463e-05 2.105e-04 -1.000 4.940e-04 0.172 1.694 0.723 0.150 -0.049 -0.143 -0.174
0.00049103 -1.50000 10.08636 0.8040215969 2.4201227906    0.799  1.882  3.7013  2.216    3  0.000  0.523     0.00     0.00     0.00     0.00     0.00 -1 -8.27e-11      0.00 7.495e-01 2.500e-01 8.248e-05 2.463e-05 2.105e-04 -1.000 4.941e-04 0.066 1.612 0.627 0.046 -0.157 -0.252 -0.285
0.00049103 -1.50000 10.08636 0.8040941358 2.4201478655    0.798  1.925  3.6994  2.165    3  0.000  0.522     0.00     0.00     0.00     0.00     0.00 -1 -9.68e-11      0.00 7.495e-01 2.500e-01 8.248e-05 2.464e-05 2.105e-04 -1.000 4.941e-04 -0.041 1.530 0.530 -0.059 -0.265 -0.363 -0.397
0.00049103 -1.50000 10.08636 0.8041579127 2.4201699074    0.798  1.964  3.6976  2.118    3  0.000  0.522     0.00     0.00     0.00     0.00     0.00 -1 -1.12e-10      0.00 7.495e-01 2.500e-01 8.248e-05 2.464e-05 2.105e-04 -1.000 4.942e-04 -0.141 1.456 0.441 -0.156 -0.366 -0.466 -0.501
0.00049103 -1.50000 10.08636 0.8042193651 2.4201911420    0.798  2.003  3.6958  2.072    3  0.000  0.522     0.00     0.00     0.00     0.00     0.00 -1 -1.29e-10      0.00 7.495e-01 2.500e-01 8.247e-05 2.464e-05 2.105e-04 -1.000 4.940e-04 -0.236 1.385 0.356 -0.249 -0.462 -0.565 -0.600
0.00049103 -1.50000 10.08636 0.8042832017 2.4202131966    0.797  2.037  3.6941  2.031    3  0.000  0.522     0.00     0.00     0.00     0.00     0.00 -1 -1.47e-10      0.00 7.495e-01 2.500e-01 8.247e-05 2.465e-05 2.105e-04 -1.000 4.941e-04 -0.324 1.321 0.278 -0.334 -0.550 -0.655 -0.691
0.00049103 -1.50000 10.08636 0.8043402433 2.4202329002    0.797  2.062  3.6930  2.001    3  0.000  0.522     0.00     0.00     0.00     0.00     0.00 -1 -1.61e-10      0.00 7.495e-01 2.500e-01 8.247e-05 2.465e-05 2.105e-04 -1.000 4.940e-04 -0.386 1.274 0.222 -0.395 -0.613 -0.719 -0.756
0.00049103 -1.50000 10.08636 0.8043847084 2.4202482573    0.797  2.049  3.6940  2.019    3  0.000  0.522     0.00     0.00     0.00     0.00     0.00 -1 -1.55e-10      0.00 7.495e-01 2.500e-01 8.247e-05 2.466e-05 2.105e-04 -1.000 4.941e-04 -0.351 1.296 0.251 -0.362 -0.578 -0.683 -0.719
0.00049103 -1.50000 10.08636 0.8043906689 2.4202503157    0.797  2.047  3.6941  2.021    3  0.000  0.522     0.00     0.00     0.00     0.00     0.00 -1 -1.54e-10      0.00 7.495e-01 2.500e-01 8.247e-05 2.466e-05 2.105e-04 -1.000 4.940e-04 -0.347 1.299 0.255 -0.357 -0.573 -0.678 -0.714
0.00049103 -1.50000 10.08636 0.8044214845 2.4202609573    0.796  2.073  3.6929  1.990    3  0.000  0.522     0.00     0.00     0.00     0.00     0.00 -1 -1.68e-10      0.00 7.495e-01 2.500e-01 8.246e-05 2.466e-05 2.105e-04 -1.000 4.941e-04 -0.412 1.251 0.197 -0.421 -0.639 -0.746 -0.783
0.00049103 -1.50000 10.08636 0.8044682145 2.4202770929    0.796  2.115  3.6907  1.939    3  0.000  0.522     0.00     0.00     0.00     0.00     0.00 -1 -1.95e-10      0.00 7.495e-01 2.500e-01 8.246e-05 2.466e-05 2.105e-04 -1.000 4.941e-04 -0.517 1.180 0.105 -0.524 -0.746 -0.855 -0.893
0.00049103 -1.50000 10.08636 0.8045117259 2.4202921152    0.795  2.157  3.6886  1.888    3  0.000  0.522     0.00     0.00     0.00     0.00     0.00 -1 -2.28e-10      0.00 7.495e-01 2.500e-01 8.246e-05 2.467e-05 2.105e-04 -1.000 4.940e-04 -0.623 1.111 0.014 -0.625 -0.851 -0.964 -1.003
0.00049103 -1.50000 10.08636 0.8045518994 2.4203059834    0.795  2.199  3.6865  1.837    3  0.000  0.522     0.00     0.00     0.00     0.00     0.00 -1 -2.66e-10      0.00 7.495e-01 2.500e-01 8.246e-05 2.467e-05 2.105e-04 -1.000 4.940e-04 -0.727 1.043 -0.077 -0.726 -0.957 -1.072 -1.113
0.00049103 -1.50000 10.08636 0.8045871854 2.4203181630    0.794  2.239  3.6842  1.788    3  0.000  0.522     0.00     0.00     0.00     0.00     0.00 -1 -3.09e-10      0.00 7.495e-01 2.500e-01 8.246e-05 2.467e-05 2.105e-04 -1.000 4.941e-04 -0.827 0.989 -0.161 -0.824 -1.058 -1.175 -1.218
0.00049103 -1.50000 10.08636 0.8046215177 2.4203300123    0.794  2.280  3.6821  1.738    3  0.000  0.522     0.00     0.00     0.00     0.00     0.00 -1 -3.61e-10      0.00 7.495e-01 2.500e-01 8.245e-05 2.467e-05 2.105e-04 -1.000 4.941e-04 -0.931 0.934 -0.250 -0.926 -1.164 -1.284 -1.328
0.00049103 -1.50000 10.08636 0.8046517968 2.4203404618    0.793  2.320  3.6797  1.689    3  0.000  0.522     0.00     0.00     0.00     0.00     0.00 -1 -4.18e-10      0.00 7.495e-01 2.500e-01 8.245e-05 2.468e-05 2.105e-04 -1.000 4.941e-04 -1.029 0.891 -0.330 -1.023 -1.265 -1.388 -1.433
0.00049103 -1.50000 10.08636 0.8046810627 2.4203505607    0.793  2.361  3.6776  1.639    3  0.000  0.522     0.00     0.00     0.00     0.00     0.00 -1 -4.86e-10      0.00 7.495e-01 2.500e-01 8.245e-05 2.468e-05 2.105e-04 -1.000 4.940e-04 -1.131 0.845 -0.413 -1.123 -1.368 -1.494 -1.541
0.00049103 -1.50000 10.08636 0.8047071099 2.4203595482    0.792  2.399  3.6752  1.590    3  0.000  0.522     0.00     0.00     0.00     0.00     0.00 -1 -5.63e-10      0.00 7.495e-01 2.500e-01 8.245e-05 2.468e-05 2.105e-04 -1.000 4.941e-04 -1.228 0.809 -0.490 -1.217 -1.467 -1.596 -1.644
0.00049103 -1.50000 10.08636 0.8047374487 2.4203700157    0.791  2.448  3.6724  1.530    3  0.000  0.522     0.00     0.00     0.00     0.00     0.00 -1 -6.74e-10      0.00 7.495e-01 2.500e-01 8.245e-05 2.468e-05 2.105e-04 -1.000 4.941e-04 -1.350 0.766 -0.586 -1.336 -1.591 -1.724 -1.774
0.00049103 -1.50000 10.08636 0.8047643900 2.4203793102    0.790  2.495  3.6694  1.470    3  0.000  0.522     0.00     0.00     0.00     0.00     0.00 -1 -8.05e-10      0.00 7.495e-01 2.501e-01 8.245e-05 2.468e-05 2.105e-04 -1.000 4.940e-04 -1.468 0.736 -0.674 -1.450 -1.711 -1.847 -1.899
0.00049103 -1.50000 10.08636 0.8047855496 2.4203866096    0.789  2.535  3.6672  1.421    3  0.000  0.522     7.89     6.14     4.34     3.36     2.72  3 -9.37e-10      0.00 7.495e-01 2.501e-01 8.245e-05 2.469e-05 2.105e-04 -1.000 4.940e-04 -1.568 0.712 -0.748 -1.545 -1.812 -1.952 -2.005
0.00049103 -1.50000 10.08636 0.8048080802 2.4203943815    0.788  2.581  3.6642  1.363    3  0.000  0.522     8.92     6.82     4.79     3.72     3.01  3 -1.11e-09      0.00 7.495e-01 2.501e-01 8.244e-05 2.469e-05 2.105e-04 -1.000 4.941e-04 -1.682 0.700 -0.826 -1.654 -1.927 -2.071 -2.127
0.00049103 -1.50000 10.08636 0.8048261404 2.4204006109    0.787  2.620  3.6619  1.313    3  0.000  0.522     9.90     7.45     5.22     4.05     3.28  3 -1.29e-09      0.00 7.494e-01 2.501e-01 8.244e-05 2.469e-05 2.105e-04 -1.000 4.940e-04 -1.780 0.687 -0.895 -1.747 -2.026 -2.173 -2.231
0.00049103 -1.50000 10.08636 0.8048450947 2.4204071484    0.785  2.664  3.6589  1.256    3  0.000  0.522    11.16     8.26     5.76     4.48     3.62  3 -1.52e-09      0.00 7.494e-01 2.501e-01 8.244e-05 2.469e-05 2.105e-04 -1.000 4.940e-04 -1.890 0.692 -0.965 -1.850 -2.137 -2.289 -2.349
0.00049103 -1.50000 10.08636 0.8048632741 2.4204134183    0.784  2.710  3.6559  1.198    3  0.000  0.522    12.64     9.18     6.37     4.96     4.02  3 -1.81e-09      0.00 7.494e-01 2.501e-01 8.244e-05 2.469e-05 2.105e-04 -1.000 4.941e-04 -2.005 0.678 -1.041 -1.954 -2.249 -2.406 -2.468
0.00049103 -1.50000 10.08636 0.8048802614 2.4204192767    0.782  2.756  3.6529  1.138    3  0.000  0.522    14.32    10.21     7.05     5.50     4.45  2 -2.16e-09      0.00 7.494e-01 2.501e-01 8.244e-05 2.469e-05 2.105e-04 -1.000 4.941e-04 -2.121 0.655 -1.118 -2.058 -2.361 -2.523 -2.588
0.00049103 -1.50000 10.08636 0.8048950434 2.4204243744    0.780  2.800  3.6498  1.082    3  0.000  0.522    16.13    11.30     7.76     6.07     4.92  2 -2.56e-09      0.00 7.494e-01 2.501e-01 8.244e-05 2.469e-05 2.105e-04 -1.000 4.940e-04 -2.229 0.641 -1.188 -2.154 -2.466 -2.633 -2.700
0.00049103 -1.50000 10.08636 0.8049094677 2.4204293485    0.778  2.845  3.6468  1.023    3  0.000  0.522    18.25    12.55     8.58     6.72     5.45  2 -3.04e-09      0.00 7.494e-01 2.501e-01 8.244e-05 2.469e-05 2.105e-04 -1.000 4.941e-04 -2.343 0.621 -1.262 -2.254 -2.574 -2.747 -2.816
0.00049103 -1.50000 10.08636 0.8049220443 2.4204336853    0.776  2.888  3.6437  0.967    3  0.000  0.522    20.54    13.88     9.45     7.41     6.01  2 -3.58e-09      0.00 7.494e-01 2.501e-01 8.244e-05 2.469e-05 2.105e-04 -1.000 4.940e-04 -2.449 0.618 -1.323 -2.345 -2.675 -2.853 -2.925
0.00049103 -1.50000 10.08636 0.8049341440 2.4204378575    0.774  2.932  3.6407  0.910    3  0.000  0.522    23.19    15.39    10.43     8.19     6.64  2 -4.24e-09      0.00 7.494e-01 2.501e-01 8.244e-05 2.470e-05 2.105e-04 -1.000 4.940e-04 -2.559 0.615 -1.386 -2.440 -2.780 -2.964 -3.039
0.00049103 -1.50000 10.08636 0.8049455285 2.4204417829    0.771  2.976  3.6376  0.852    3  0.000  0.522    26.21    17.08    11.52     9.06     7.35  1 -5.03e-09      0.00 7.494e-01 2.501e-01 8.244e-05 2.470e-05 2.105e-04 -1.000 4.941e-04 -2.670 0.613 -1.448 -2.534 -2.885 -3.075 -3.152
0.00049103 -1.50000 10.08636 0.8049554825 2.4204452150    0.768  3.017  3.6345  0.796    3  0.000  0.522    29.46    18.86    12.66     9.98     8.09  1 -5.91e-09      0.00 7.494e-01 2.501e-01 8.244e-05 2.470e-05 2.105e-04 -1.000 4.940e-04 -2.773 0.619 -1.499 -2.619 -2.980 -3.177 -3.257
0.00049103 -1.50000 10.08636 0.8049650788 2.4204485237    0.765  3.060  3.6314  0.739    3  0.000  0.522    33.21    20.89    13.95    11.01     8.94  1 -6.97e-09      0.00 7.494e-01 2.501e-01 8.244e-05 2.470e-05 2.105e-04 -1.000 4.940e-04 -2.880 0.622 -1.554 -2.707 -3.080 -3.283 -3.366
0.00049103 -1.50000 10.08636 0.8049741387 2.4204516473    0.761  3.103  3.6283  0.682    3  0.000  0.522    37.44    23.12    15.38    12.16     9.87  1 -8.23e-09      0.00 7.494e-01 2.501e-01 8.244e-05 2.470e-05 2.105e-04 -1.000 4.941e-04 -2.986 0.626 -1.606 -2.794 -3.178 -3.388 -3.473
0.00049103 -1.50000 10.08636 0.8049823642 2.4204544832    0.757  3.144  3.6252  0.626    3  0.000  0.522    42.12    25.55    16.91    13.40    10.87  1 -9.69e-09      0.00 7.494e-01 2.501e-01 8.244e-05 2.470e-05 2.105e-04 -1.000 4.940e-04 -3.090 0.632 -1.654 -2.876 -3.272 -3.488 -3.577
0.00049103 -1.50000 10.08636 0.8049904704 2.4204572779    0.753  3.188  3.6222  0.568    3  0.000  0.522    47.63    28.36    18.68    14.82    12.03  1 -1.15e-08      0.00 7.494e-01 2.501e-01 8.243e-05 2.470e-05 2.105e-04 -1.000 4.940e-04 -3.199 0.633 -1.708 -2.965 -3.372 -3.596 -3.687
0.00049103 -1.50000 10.08636 0.8049978018 2.4204598054    0.748  3.229  3.6190  0.511    3  0.000  0.522    53.65    31.36    20.56    16.34    13.27  1 -1.35e-08      0.00 7.494e-01 2.501e-01 8.243e-05 2.470e-05 2.105e-04 -1.000 4.940e-04 -3.302 0.639 -1.753 -3.046 -3.466 -3.696 -3.790
0.00049103 -1.50000 10.08636 0.8050048947 2.4204622506    0.742  3.271  3.6160  0.454    3  0.000  0.522    60.52    34.72    22.65    18.04    14.65  1  -1.6e-08      0.00 7.494e-01 2.501e-01 8.243e-05 2.470e-05 2.105e-04 -1.000 4.941e-04 -3.407 0.641 -1.792 -3.125 -3.559 -3.797 -3.894
0.00049103 -1.50000 10.08636 0.8050107956 2.4204642849    0.737  3.304  3.6136  0.408    3  0.000  0.522    66.66    37.66    24.48    19.52    15.86  1 -1.83e-08      0.00 7.494e-01 2.501e-01 8.243e-05 2.470e-05 2.105e-04 -1.000 4.940e-04 -3.490 0.640 -1.820 -3.187 -3.634 -3.878 -3.978
0.00049103 -1.50000 10.08636 0.8050107956 2.4204642849    0.737  1.721  3.7742  2.633    4  0.000  0.525     0.00     0.00     0.00     0.00     0.00 -1    -1e-30      0.00 7.422e-01 2.573e-01 8.499e-05 2.500e-05 2.160e-04 -1.000 4.941e-04 0.466 1.348 0.715 0.414 0.336 0.319 0.320
0.00049103 -1.50000 10.08636 0.8050140142 2.4204653944    0.737  1.731  3.7718  2.614    4  0.000  0.525     0.00     0.00     0.00     0.00     0.00 -1    -1e-30      0.00 7.422e-01 2.573e-01 8.499e-05 2.500e-05 2.160e-04 -1.000 4.941e-04 0.443 1.341 0.700 0.391 0.309 0.290 0.290
0.00049103 -1.50000 10.08636 0.8050684333 2.4204841530    0.737  1.739  3.7713  2.603    4  0.000  0.525     0.00     0.00     0.00     0.00     0.00 -1    -1e-30      0.00 7.422e-01 2.573e-01 8.499e-05 2.500e-05 2.160e-04 -1.000 4.941e-04 0.422 1.323 0.680 0.369 0.286 0.267 0.266
0.00049103 -1.50000 10.08636 0.8051235080 2.4205031346    0.737  1.741  3.7716  2.603    4  0.000  0.525     0.00     0.00     0.00     0.00     0.00 -1    -1e-30      0.00 7.422e-01 2.573e-01 8.499e-05 2.500e-05 2.160e-04 -1.000 4.941e-04 0.418 1.316 0.675 0.365 0.282 0.263 0.263
0.00049103 -1.50000 10.08636 0.8051797152 2.4205225034    0.737  1.742  3.7724  2.606    4  0.000  0.525     0.00     0.00     0.00     0.00     0.00 -1    -1e-30      0.00 7.422e-01 2.573e-01 8.499e-05 2.500e-05 2.160e-04 -1.000 4.941e-04 0.416 1.309 0.670 0.363 0.282 0.264 0.264
0.00049103 -1.50000 10.08636 0.8052354455 2.4205417048    0.737  1.742  3.7737  2.611    4  0.000  0.525     0.00     0.00     0.00     0.00     0.00 -1    -1e-30      0.00 7.422e-01 2.573e-01 8.499e-05 2.500e-05 2.160e-04 -1.000 4.941e-04 0.416 1.300 0.665 0.363 0.284 0.267 0.268
0.00049103 -1.50000 10.08636 0.8052878976 2.4205597739    0.737  1.741  3.7752  2.617    4  0.000  0.525     0.00     0.00     0.00     0.00     0.00 -1    -1e-30      0.00 7.422e-01 2.573e-01 8.499e-05 2.500e-05 2.160e-04 -1.000 4.941e-04 0.417 1.291 0.660 0.363 0.288 0.272 0.274
0.00049103 -1.50000 10.08636 0.8053393960 2.4205775119    0.737  1.741  3.7771  2.625    4  0.000  0.525     0.00     0.00     0.00     0.00     0.00 -1    -1e-30      0.00 7.422e-01 2.573e-01 8.499e-05 2.500e-05 2.160e-04 -1.000 4.941e-04 0.418 1.280 0.655 0.365 0.293 0.279 0.281
0.00049103 -1.50000 10.08636 0.8053914905 2.4205954525    0.738  1.740  3.7792  2.635    4  0.000  0.525     0.00     0.00     0.00     0.00     0.00 -1    -1e-30      0.00 7.422e-01 2.573e-01 8.499e-05 2.500e-05 2.160e-04 -1.000 4.941e-04 0.421 1.269 0.650 0.368 0.299 0.287 0.290
0.00049103 -1.50000 10.08636 0.8054460287 2.4206142319    0.738  1.739  3.7816  2.646    4  0.000  0.525     0.00     0.00     0.00     0.00     0.00 -1    -1e-30      0.00 7.422e-01 2.573e-01 8.499e-05 2.500e-05 2.160e-04 -1.000 4.941e-04 0.424 1.257 0.644 0.371 0.307 0.297 0.301
0.00049103 -1.50000 10.08636 0.8054997325 2.4206327210    0.738  1.738  3.7840  2.656    4  0.000  0.525     0.00     0.00     0.00     0.00     0.00 -1    -1e-30      0.00 7.422e-01 2.573e-01 8.499e-05 2.500e-05 2.160e-04 -1.000 4.941e-04 0.426 1.246 0.638 0.374 0.313 0.306 0.310
0.00049103 -1.50000 10.08636 0.8055550456 2.4206517613    0.738  1.737  3.7862  2.666    4  0.000  0.525     0.00     0.00     0.00     0.00     0.00 -1    -1e-30      0.00 7.422e-01 2.573e-01 8.499e-05 2.500e-05 2.160e-04 -1.000 4.941e-04 0.429 1.236 0.632 0.376 0.320 0.314 0.320
0.00049103 -1.50000 10.08636 0.8056099415 2.4206706550    0.738  1.736  3.7882  2.675    4  0.000  0.525     0.00     0.00     0.00     0.00     0.00 -1    -1e-30      0.00 7.422e-01 2.573e-01 8.499e-05 2.500e-05 2.160e-04 -1.000 4.941e-04 0.430 1.227 0.627 0.378 0.326 0.321 0.328
0.00049103 -1.50000 10.08636 0.8056641221 2.4206892996    0.738  1.735  3.7898  2.682    4  0.000  0.525     0.00     0.00     0.00     0.00     0.00 -1    -1e-30      0.00 7.422e-01 2.573e-01 8.499e-05 2.500e-05 2.160e-04 -1.000 4.941e-04 0.432 1.219 0.623 0.380 0.330 0.327 0.334
0.00049103 -1.50000 10.08636 0.8057166338 2.4207073671    0.738  1.735  3.7907  2.686    4  0.000  0.525     0.00     0.00     0.00     0.00     0.00 -1    -1e-30      0.00 7.422e-01 2.573e-01 8.499e-05 2.500e-05 2.160e-04 -1.000 4.941e-04 0.432 1.215 0.620 0.380 0.332 0.330 0.337
0.00049103 -1.50000 10.08636 0.8057395816 2.4207152618    0.738  1.735  3.7913  2.688    4  0.000  0.525     0.00     0.00     0.00     0.00     0.00 -1    -1e-30      0.00 7.422e-01 2.573e-01 8.499e-05 2.500e-05 2.160e-04 -1.000 4.941e-04 0.433 1.212 0.619 0.381 0.334 0.332 0.339
0.00049103 -1.50000 10.08636 0.8057515621 2.4207193833    0.738  1.735  3.7914  2.688    4  0.000  0.525     0.00     0.00     0.00     0.00     0.00 -1    -1e-30      0.00 7.422e-01 2.573e-01 8.499e-05 2.500e-05 2.160e-04 -1.000 4.941e-04 0.432 1.211 0.618 0.381 0.334 0.332 0.340
0.00049103 -1.50000 10.08636 0.8058038950 2.4207373848    0.738  1.735  3.7916  2.689    4  0.000  0.525     0.00     0.00     0.00     0.00     0.00 -1    -1e-30      0.00 7.422e-01 2.573e-01 8.499e-05 2.500e-05 2.160e-04 -1.000 4.941e-04 0.431 1.209 0.617 0.380 0.333 0.332 0.339
0.00049103 -1.50000 10.08636 0.8058570027 2.4207556501    0.738  1.736  3.7913  2.687    4  0.000  0.525     0.00     0.00     0.00     0.00     0.00 -1    -1e-30      0.00 7.422e-01 2.573e-01 8.499e-05 2.500e-05 2.160e-04 -1.000 4.941e-04 0.430 1.209 0.616 0.378 0.331 0.329 0.337
0.00049103 -1.50000 10.08636 0.8059090972 2.4207735643    0.738  1.737  3.7904  2.683    4  0.000  0.525     0.00     0.00     0.00     0.00     0.00 -1    -1e-30      0.00 7.422e-01 2.573e-01 8.499e-05 2.500e-05 2.160e-04 -1.000 4.941e-04 0.427 1.211 0.616 0.375 0.326 0.324 0.331
0.00049103 -1.50000 10.08636 0.8059604764 2.4207912298    0.738  1.739  3.7890  2.675    4  0.000  0.525     0.00     0.00     0.00     0.00     0.00 -1    -1e-30      0.00 7.422e-01 2.573e-01 8.499e-05 2.500e-05 2.160e-04 -1.000 4.941e-04 0.423 1.215 0.617 0.371 0.320 0.316 0.323
0.00049103 -1.50000 10.08636 0.8060116172 2.4208088108    0.738  1.741  3.7870  2.666    4  0.000  0.525     0.00     0.00     0.00     0.00     0.00 -1    -1e-30      0.00 7.422e-01 2.573e-01 8.499e-05 2.500e-05 2.160e-04 -1.000 4.941e-04 0.418 1.221 0.619 0.366 0.311 0.306 0.312
0.00049103 -1.50000 10.08636 0.8060624003 2.4208262664    0.738  1.743  3.7846  2.654    4  0.000  0.525     0.00     0.00     0.00     0.00     0.00 -1    -1e-30      0.00 7.422e-01 2.573e-01 8.499e-05 2.500e-05 2.160e-04 -1.000 4.941e-04 0.412 1.228 0.621 0.359 0.300 0.293 0.298
0.00049103 -1.50000 10.08636 0.8061133027 2.4208437603    0.738  1.746  3.7819  2.640    4  0.000  0.525     0.00     0.00     0.00     0.00     0.00 -1    -1e-30      0.00 7.422e-01 2.573e-01 8.499e-05 2.500e-05 2.160e-04 -1.000 4.941e-04 0.405 1.237 0.624 0.352 0.288 0.279 0.283
0.00049103 -1.50000 10.08636 0.8061180711 2.4208453990    0.738  1.746  3.7816  2.639    4  0.000  0.525     0.00     0.00     0.00     0.00     0.00 -1    -1e-30      0.00 7.422e-01 2.573e-01 8.499e-05 2.500e-05 2.160e-04 -1.000 4.941e-04 0.404 1.237 0.624 0.351 0.287 0.277 0.281
0.00049103 -1.50000 10.08636 0.8061261177 2.4208481641    0.738  1.747  3.7812  2.636    4  0.000  0.525     0.00     0.00     0.00     0.00     0.00 -1    -1e-30      0.00 7.422e-01 2.573e-01 8.499e-05 2.500e-05 2.160e-04 -1.000 4.941e-04 0.403 1.239 0.624 0.350 0.285 0.275 0.279
0.00049103 -1.50000 10.08636 0.8061732054 2.4208643442    0.738  1.750  3.7784  2.622    4  0.000  0.525     0.00     0.00     0.00     0.00     0.00 -1    -1e-30      0.00 7.422e-01 2.573e-01 8.499e-05 2.500e-05 2.160e-04 -1.000 4.941e-04 0.395 1.248 0.626 0.342 0.272 0.259 0.262
0.00049103 -1.50000 10.08636 0.8062191010 2.4208801126    0.738  1.754  3.7756  2.607    4  0.000  0.525     0.00     0.00     0.00     0.00     0.00 -1    -1e-30      0.00 7.422e-01 2.573e-01 8.499e-05 2.500e-05 2.160e-04 -1.000 4.941e-04 0.386 1.257 0.627 0.333 0.258 0.242 0.244
0.00049103 -1.50000 10.08636 0.8062682152 2.4208969845    0.739  1.758  3.7726  2.591    4  0.000  0.525     0.00     0.00     0.00     0.00     0.00 -1    -1e-30      0.00 7.422e-01 2.573e-01 8.499e-05 2.500e-05 2.160e-04 -1.000 4.941e-04 0.375 1.267 0.628 0.322 0.241 0.223 0.223
0.00049103 -1.50000 10.08636 0.8063149452 2.4209130352    0.739  1.763  3.7697  2.575    4  0.000  0.525     0.00     0.00     0.00     0.00     0.00 -1    -1e-30      0.00 7.422e-01 2.573e-01 8.499e-05 2.500e-05 2.160e-04 -1.000 4.941e-04 0.363 1.274 0.627 0.310 0.225 0.203 0.203
0.00049103 -1.50000 10.08636 0.8063596487 2.4209283878    0.739  1.768  3.7671  2.559    4  0.000  0.525     0.00     0.00     0.00     0.00     0.00 -1    -1e-30      0.00 7.422e-01 2.573e-01 8.499e-05 2.500e-05 2.160e-04 -1.000 4.941e-04 0.351 1.280 0.624 0.298 0.208 0.185 0.183
0.00049103 -1.50000 10.08636 0.8064058423 2.4209442502    0.739  1.773  3.7646  2.544    4  0.000  0.525     0.00     0.00     0.00     0.00     0.00 -1    -1e-30      0.00 7.422e-01 2.573e-01 8.499e-05 2.500e-05 2.160e-04 -1.000 4.941e-04 0.338 1.283 0.620 0.285 0.191 0.164 0.162
0.00049103 -1.50000 10.08636 0.8064511418 2.4209598034    0.739  1.779  3.7622  2.529    4  0.000  0.525     0.00     0.00     0.00     0.00     0.00 -1    -1e-30      0.00 7.422e-01 2.573e-01 8.499e-05 2.500e-05 2.160e-04 -1.000 4.941e-04 0.324 1.285 0.615 0.271 0.173 0.145 0.141
0.00049103 -1.50000 10.08636 0.8064969182 2.4209755184    0.739  1.784  3.7602  2.515    4  0.000  0.525     0.00     0.00     0.00     0.00     0.00 -1    -1e-30      0.00 7.422e-01 2.573e-01 8.499e-05 2.500e-05 2.160e-04 -1.000 4.941e-04 0.309 1.285 0.608 0.257 0.156 0.125 0.120
0.00049103 -1.50000 10.08636 0.8065426946 2.4209912313    0.739  1.790  3.7582  2.501    4  0.000  0.525     0.00     0.00     0.00     0.00     0.00 -1    -1e-30      0.00 7.422e-01 2.573e-01 8.499e-05 2.500e-05 2.160e-04 -1.000 4.941e-04 0.294 1.284 0.600 0.242 0.137 0.105 0.099
0.00049103 -1.50000 10.08636 0.8065888882 2.4210070853    0.739  1.798  3.7560  2.485    4  0.000  0.525     0.00     0.00     0.00     0.00     0.00 -1    -1e-30      0.00 7.422e-01 2.573e-01 8.499e-05 2.500e-05 2.160e-04 -1.000 4.941e-04 0.275 1.282 0.590 0.224 0.115 0.080 0.074
0.00049103 -1.50000 10.08636 0.8065980077 2.4210102150    0.739  1.800  3.7557  2.482    4  0.000  0.525     0.00     0.00     0.00     0.00     0.00 -1    -1e-30      0.00 7.422e-01 2.573e-01 8.499e-05 2.500e-05 2.160e-04 -1.000 4.941e-04 0.271 1.281 0.588 0.220 0.110 0.075 0.068
0.00049103 -1.50000 10.08636 0.8066453338 2.4210264551    0.739  1.810  3.7530  2.461    4  0.000  0.525     0.00     0.00     0.00     0.00     0.00 -1    -1e-30      0.00 7.422e-01 2.573e-01 8.499e-05 2.500e-05 2.160e-04 -1.000 4.941e-04 0.246 1.276 0.573 0.195 0.081 0.043 0.035
0.00049103 -1.50000 10.08636 0.8066918254 2.4210424068    0.739  1.824  3.7497  2.433    4  0.000  0.525     0.00     0.00     0.00     0.00     0.00 -1    -1e-30      0.00 7.422e-01 2.573e-01 8.499e-05 2.500e-05 2.160e-04 -1.000 4.941e-04 0.210 1.266 0.550 0.160 0.040 -0.001 -0.011
0.00049103 -1.50000 10.08636 0.8067310452 2.4210558618    0.739  1.855  3.7433  2.377    4  0.000  0.525     0.00     0.00     0.00     0.00     0.00 -1    -1e-30      0.00 7.422e-01 2.573e-01 8.499e-05 2.500e-05 2.160e-04 -1.000 4.941e-04 0.132 1.239 0.496 0.083 -0.048 -0.096 -0.107
0.00049103 -1.50000 10.08636 0.8067522645 2.4210631408    0.739  1.896  3.7362  2.308    4  0.000  0.525     0.00     0.00     0.00     0.00     0.00 -1    -1e-30      0.00 7.422e-01 2.573e-01 8.499e-05 2.500e-05 2.160e-04 -1.000 4.941e-04 0.030 1.200 0.423 -0.017 -0.159 -0.215 -0.230
0.00049103 -1.50000 10.08636 0.8067618608 2.4210664325    0.739  1.938  3.7298  2.239    4  0.000  0.525     0.00     0.00     0.00     0.00     0.00 -1    -1e-30      0.00 7.422e-01 2.573e-01 8.499e-05 2.500e-05 2.160e-04 -1.000 4.941e-04 -0.076 1.155 0.343 -0.121 -0.274 -0.337 -0.355
0.00049103 -1.50000 10.08636 0.8067661524 2.4210679046    0.739  1.981  3.7242  2.175    4  0.000  0.525     0.00     0.00     0.00     0.00     0.00 -1    -1e-30      0.00 7.422e-01 2.573e-01 8.499e-05 2.500e-05 2.160e-04 -1.000 4.941e-04 -0.182 1.107 0.262 -0.224 -0.387 -0.455 -0.476
0.00049103 -1.50000 10.08636 0.8067681789 2.4210685997    0.739  2.019  3.7198  2.119    4  0.000  0.525     0.00     0.00     0.00     0.00     0.00 -1    -1e-30      0.00 7.422e-01 2.573e-01 8.499e-05 2.500e-05 2.160e-04 -1.000 4.941e-04 -0.277 1.058 0.186 -0.318 -0.488 -0.561 -0.584
0.00049103 -1.50000 10.08636 0.8067689538 2.4210688655    0.739  2.041  3.7174  2.087    7  0.000  0.525     0.00     0.00     0.00     0.00     0.00 -1    -1e-30      0.00 7.422e-01 2.573e-01 8.499e-05 2.500e-05 2.160e-04 -1.000 4.941e-04 -0.333 1.030 0.142 -0.372 -0.546 -0.622 -0.646
0.00049103 -1.50000 10.08636 0.8067700267 2.4210692335    0.739  2.082  3.7137  2.031    7  0.000  0.525     0.00     0.00     0.00     0.00     0.00 -1    -1e-30      0.00 7.422e-01 2.573e-01 8.499e-05 2.500e-05 2.160e-04 -1.000 4.941e-04 -0.435 0.970 0.058 -0.471 -0.652 -0.732 -0.758
0.00049103 -1.50000 10.08636 0.8067710400 2.4210695811    0.739  2.118  3.7106  1.983    7  0.000  0.525     0.00     0.00     0.00     0.00     0.00 -1    -1e-30      0.00 7.422e-01 2.573e-01 8.499e-05 2.500e-05 2.160e-04 -1.000 4.941e-04 -0.526 0.917 -0.017 -0.560 -0.746 -0.830 -0.857
0.00049103 -1.50000 10.08636 0.8067719340 2.4210698877    0.739  2.141  3.7087  1.953    7  0.000  0.525     0.00     0.00     0.00     0.00     0.00 -1    -1e-30      0.00 7.422e-01 2.573e-01 8.499e-05 2.500e-05 2.160e-04 -1.000 4.941e-04 -0.582 0.885 -0.064 -0.614 -0.804 -0.890 -0.919
0.00049103 -1.50000 10.08636 0.8067728877 2.4210702148    0.739  2.159  3.7074  1.929    7  0.000  0.525     0.00     0.00     0.00     0.00     0.00 -1    -1e-30      0.00 7.422e-01 2.573e-01 8.499e-05 2.500e-05 2.160e-04 -1.000 4.941e-04 -0.627 0.859 -0.101 -0.658 -0.850 -0.938 -0.967
0.00049103 -1.50000 10.08636 0.8067743182 2.4210707055    0.739  2.162  3.7071  1.926    7  0.000  0.525     0.00     0.00     0.00     0.00     0.00 -1    -1e-30      0.00 7.422e-01 2.573e-01 8.499e-05 2.500e-05 2.160e-04 -1.000 4.941e-04 -0.634 0.855 -0.107 -0.665 -0.857 -0.946 -0.975
0.00049103 -1.50000 10.08636 0.8067769408 2.4210716051    0.739  2.157  3.7075  1.931    7  0.000  0.525     0.00     0.00     0.00     0.00     0.00 -1    -1e-30      0.00 7.422e-01 2.573e-01 8.499e-05 2.500e-05 2.160e-04 -1.000 4.941e-04 -0.624 0.861 -0.098 -0.655 -0.846 -0.934 -0.963
0.00049103 -1.50000 10.08636 0.8067813516 2.4210731180    0.739  2.150  3.7081  1.941    7  0.000  0.525     0.00     0.00     0.00     0.00     0.00 -1    -1e-30      0.00 7.422e-01 2.573e-01 8.499e-05 2.500e-05 2.160e-04 -1.000 4.941e-04 -0.606 0.870 -0.084 -0.638 -0.828 -0.915 -0.944
0.00049103 -1.50000 10.08636 0.8068079948 2.4210822562    0.739  2.160  3.7071  1.927    7  0.000  0.525     0.00     0.00     0.00     0.00     0.00 -1    -1e-30      0.00 7.422e-01 2.573e-01 8.499e-05 2.500e-05 2.160e-04 -1.000 4.941e-04 -0.631 0.859 -0.103 -0.662 -0.854 -0.943 -0.972
0.00049103 -1.50000 10.08636 0.8068241477 2.4210877960    0.739  2.174  3.7058  1.908    7  0.000  0.525     0.00     0.00     0.00     0.00     0.00 -1    -1e-30      0.00 7.422e-01 2.573e-01 8.499e-05 2.500e-05 2.160e-04 -1.000 4.941e-04 -0.664 0.843 -0.129 -0.693 -0.888 -0.978 -1.008
0.00049103 -1.50000 10.08636 0.8068437576 2.4210945212    0.739  2.215  3.7024  1.854    7  0.000  0.525     0.00     0.00     0.00     0.00     0.00 -1    -1e-30      0.00 7.422e-01 2.573e-01 8.499e-05 2.500e-05 2.160e-04 -1.000 4.941e-04 -0.767 0.789 -0.213 -0.793 -0.993 -1.088 -1.120
0.00049103 -1.50000 10.08636 0.8068637848 2.4211013891    0.739  2.257  3.6991  1.798    7  0.000  0.525     0.00     0.00     0.00     0.00     0.00 -1    -1e-30      0.00 7.422e-01 2.573e-01 8.499e-05 2.500e-05 2.160e-04 -1.000 4.941e-04 -0.872 0.731 -0.299 -0.895 -1.102 -1.200 -1.234
0.00049103 -1.50000 10.08636 0.8068817258 2.4211075412    0.739  2.299  3.6958  1.743    7  0.000  0.525     0.00     0.00     0.00     0.00     0.00 -1    -1e-30      0.00 7.422e-01 2.573e-01 8.499e-05 2.500e-05 2.160e-04 -1.000 4.941e-04 -0.978 0.675 -0.385 -0.996 -1.209 -1.312 -1.347
0.00049103 -1.50000 10.08636 0.8068976998 2.4211130185    0.739  2.341  3.6926  1.688    7  0.000  0.525     0.00     0.00     0.00     0.00     0.00 -1    -1e-30      0.00 7.422e-01 2.573e-01 8.498e-05 2.500e-05 2.160e-04 -1.000 4.937e-04 -1.083 0.619 -0.471 -1.097 -1.316 -1.423 -1.460
0.00049103 -1.50000 10.08636 0.8069117665 2.4211178417    0.739  2.383  3.6895  1.633    7  0.000  0.525     0.00     0.00     0.00     0.00     0.00 -1    -1e-30      0.00 7.422e-01 2.573e-01 8.498e-05 2.500e-05 2.160e-04 -1.000 4.936e-04 -1.188 0.564 -0.555 -1.197 -1.422 -1.533 -1.572
0.00049103 -1.50000 10.08636 0.8069241047 2.4211220720    0.739  2.425  3.6864  1.579    7  0.000  0.524     0.00     0.00     0.00     0.00     0.00 -1    -1e-30      0.00 7.422e-01 2.573e-01 8.494e-05 2.501e-05 2.160e-04 -1.000 4.936e-04 -1.292 0.512 -0.638 -1.295 -1.526 -1.641 -1.683
0.00049103 -1.50000 10.08636 0.8069350719 2.4211258322    0.739  2.467  3.6833  1.525    7  0.000  0.523     0.00     0.00     0.00     0.00     0.00 -1    -1e-30      0.00 7.422e-01 2.573e-01 8.477e-05 2.507e-05 2.160e-04 -1.000 4.936e-04 -1.397 0.476 -0.719 -1.396 -1.632 -1.752 -1.795
0.00049103 -1.50000 10.08636 0.8069450259 2.4211292448    0.739  2.509  3.6801  1.470    7  0.000  0.520     6.95     5.52     3.91     3.03     2.45  3    -1e-30      0.00 7.422e-01 2.573e-01 8.422e-05 2.544e-05 2.160e-04 -1.000 4.941e-04 -1.502 0.448 -0.800 -1.499 -1.741 -1.865 -1.910
0.00049103 -1.50000 10.08636 0.8069540858 2.4211323508    0.739  2.551  3.6770  1.415    7  0.000  0.512     7.81     6.10     4.30     3.34     2.70  3    -1e-30      0.00 7.422e-01 2.573e-01 8.296e-05 2.664e-05 2.160e-04 -1.000 4.942e-04 -1.608 0.429 -0.876 -1.601 -1.850 -1.977 -2.024
0.00049103 -1.50000 10.08636 0.8069626093 2.4211352729    0.739  2.594  3.6737  1.359    7  0.000  0.500     8.80     6.75     4.74     3.68     2.98  3    -1e-30      0.00 7.422e-01 2.573e-01 8.103e-05 2.885e-05 2.160e-04 -1.000 4.941e-04 -1.716 0.417 -0.952 -1.705 -1.960 -2.092 -2.141
0.00049103 -1.50000 10.08636 0.8069705367 2.4211379905    0.739  2.638  3.6704  1.303    7  0.000  0.488     9.93     7.48     5.23     4.07     3.29  3    -1e-30      0.00 7.422e-01 2.573e-01 7.900e-05 3.132e-05 2.160e-04 -1.000 4.931e-04 -1.824 0.414 -1.025 -1.809 -2.072 -2.208 -2.259
0.00049103 -1.50000 10.08636 0.8069781065 2.4211405855    0.739  2.682  3.6670  1.245    7  0.000  0.476    11.22     8.29     5.77     4.50     3.64  2    -1e-30      0.00 7.421e-01 2.574e-01 7.718e-05 3.355e-05 2.159e-04 -1.000 4.940e-04 -1.934 0.418 -1.095 -1.913 -2.183 -2.324 -2.378
0.00049103 -1.50000 10.08636 0.8069853187 2.4211430579    0.739  2.725  3.6636  1.188    7  0.000  0.467    12.67     9.20     6.37     4.97     4.03  2    -1e-30      0.00 7.421e-01 2.574e-01 7.562e-05 3.546e-05 2.159e-04 -1.000 4.941e-04 -2.043 0.431 -1.162 -2.015 -2.293 -2.439 -2.495
0.00049103 -1.50000 10.08636 0.8069922328 2.4211454280    0.739  2.768  3.6602  1.131    7  0.000  0.459    14.30    10.19     7.03     5.49     4.45  2    -1e-30      0.00 7.420e-01 2.575e-01 7.432e-05 3.706e-05 2.159e-04 -1.000 4.941e-04 -2.150 0.452 -1.225 -2.115 -2.403 -2.553 -2.612
0.00049103 -1.50000 10.08636 0.8069984317 2.4211475529    0.739  2.810  3.6568  1.076    7  0.000  0.452    16.10    11.27     7.74     6.06     4.91  2    -1e-30      0.00 7.420e-01 2.576e-01 7.318e-05 3.845e-05 2.159e-04 -1.000 4.940e-04 -2.256 0.471 -1.284 -2.210 -2.507 -2.662 -2.724
0.00049103 -1.50000 10.08636 0.8070036769 2.4211493509    0.739  2.849  3.6537  1.024    7  0.000  0.446    17.97    12.37     8.46     6.63     5.37  2    -1e-30      0.00 7.419e-01 2.576e-01 7.226e-05 3.957e-05 2.158e-04 -1.000 4.940e-04 -2.354 0.467 -1.342 -2.295 -2.600 -2.761 -2.825
0.00049103 -1.50000 10.08636 0.8070080876 2.4211508628    0.739  2.888  3.6505  0.973    7  0.000  0.442    20.04    13.58     9.24     7.26     5.88  2    -1e-30      0.00 7.417e-01 2.578e-01 7.147e-05 4.055e-05 2.157e-04 -1.000 4.941e-04 -2.450 0.469 -1.397 -2.379 -2.693 -2.859 -2.926
0.00049103 -1.50000 10.08636 0.8070117831 2.4211521295    0.739  2.928  3.6472  0.920    7  0.000  0.437    22.44    14.94    10.13     7.96     6.45  1    -1e-30      0.00 7.416e-01 2.579e-01 7.075e-05 4.144e-05 2.156e-04 -1.000 4.931e-04 -2.550 0.477 -1.449 -2.463 -2.787 -2.960 -3.029
0.00049103 -1.50000 10.08636 0.8070153594 2.4211533554    0.739  2.973  3.6435  0.859    7  0.000  0.433    25.52    16.67    11.24     8.85     7.18  1    -1e-30      0.00 7.415e-01 2.580e-01 7.007e-05 4.231e-05 2.155e-04 -1.000 4.941e-04 -2.663 0.488 -1.508 -2.558 -2.894 -3.074 -3.146
0.00049103 -1.50000 10.08636 0.8070188761 2.4211545608    0.739  3.022  3.6394  0.795    7  0.000  0.431    29.27    18.73    12.56     9.91     8.04  1    -1e-30      0.00 7.414e-01 2.581e-01 6.953e-05 4.301e-05 2.152e-04 -1.000 4.941e-04 -2.784 0.501 -1.569 -2.658 -3.007 -3.195 -3.271
0.00049103 -1.50000 10.08636 0.8070220351 2.4211556436    0.739  3.071  3.6352  0.729    7  0.000  0.428    33.70    21.11    14.08    11.13     9.03  1    -1e-30      0.00 7.413e-01 2.583e-01 6.911e-05 4.360e-05 2.150e-04 -1.000 4.941e-04 -2.908 0.518 -1.625 -2.757 -3.120 -3.316 -3.396
0.00049103 -1.50000 10.08636 0.8070231676 2.4211560317    0.739  3.102  3.6325  0.687    7  0.000  0.428    36.84    22.77    15.14    11.98     9.72  1    -1e-30      0.00 7.412e-01 2.583e-01 6.893e-05 4.388e-05 2.149e-04 -1.000 4.941e-04 -2.986 0.532 -1.658 -2.818 -3.191 -3.393 -3.475
0.00049103 -1.50000 10.08636 0.8070234060 2.4211561135    0.739  3.108  3.6320  0.678    7  0.000  0.427    37.50    23.11    15.36    12.16     9.86  1    -1e-30      0.00 7.412e-01 2.583e-01 6.889e-05 4.393e-05 2.149e-04 -1.000 4.941e-04 -3.001 0.535 -1.665 -2.830 -3.205 -3.408 -3.491
0.00049103 -1.50000 10.08636 0.8070237041 2.4211562156    0.739  3.119  3.6310  0.664    7  0.000  0.427    38.70    23.74    15.76    12.48    10.12  1    -1e-30      0.00 7.412e-01 2.583e-01 6.882e-05 4.405e-05 2.148e-04 -1.000 4.941e-04 -3.029 0.540 -1.676 -2.852 -3.230 -3.435 -3.518
0.00049103 -1.50000 10.08636 0.8070241213 2.4211563586    0.739  3.144  3.6289  0.631    7  0.000  0.425    41.51    25.19    16.68    13.22    10.73  1    -1e-30      0.00 7.411e-01 2.584e-01 6.846e-05 4.469e-05 2.145e-04 -1.000 4.941e-04 -3.089 0.550 -1.702 -2.900 -3.285 -3.494 -3.580
0.00049103 -1.50000 10.08636 0.8070244193 2.4211564608    0.739  3.410  3.6097  0.287    8  0.548  0.391    86.20    46.87    30.17    24.13    19.61  1 -1.28e-06      0.00 7.294e-01 2.702e-01 6.302e-05 5.854e-05 2.150e-04 -1.000 3.652e-04 -3.756 0.546 -1.971 -3.412 -3.884 -4.141 -4.245
0.00049103 -1.50000 10.08636 0.8070244789 2.4211564812    0.739  3.263  3.6192  0.473    8  0.548  0.391    58.08    33.51    21.90    17.43    14.16  1 -6.53e-07      0.00 7.294e-01 2.702e-01 6.302e-05 5.854e-05 2.150e-04 -1.000 3.652e-04 -3.387 0.582 -1.824 -3.129 -3.552 -3.783 -3.877
0.00049103 -1.50000 10.08636 0.8070245385 2.4211565016    0.739  3.118  3.6323  0.669    8  0.548  0.391    38.23    23.49    15.60    12.35    10.02  1 -3.31e-07      0.00 7.294e-01 2.702e-01 6.302e-05 5.854e-05 2.150e-04 -1.000 3.652e-04 -3.026 0.511 -1.690 -2.857 -3.231 -3.433 -3.516
0.00049103 -1.50000 10.08636 0.8070247173 2.4211565629    0.738  2.926  3.6497  0.931    8  0.549  0.391    21.90    14.63     9.93     7.81     6.33  2 -1.29e-07      0.00 7.294e-01 2.702e-01 6.302e-05 5.854e-05 2.150e-04 -1.000 3.652e-04 -2.545 0.421 -1.473 -2.469 -2.787 -2.956 -3.023
0.00049103 -1.50000 10.08636 0.8070248961 2.4211566242    0.737  2.932  3.6491  0.922    8  0.549  0.391    22.33    14.88    10.08     7.93     6.43  2 -1.34e-07      0.00 7.294e-01 2.702e-01 6.302e-05 5.854e-05 2.150e-04 -1.000 3.652e-04 -2.560 0.425 -1.480 -2.482 -2.802 -2.971 -3.040
0.00049103 -1.50000 10.08636 0.8070251942 2.4211567264    0.735  3.030  3.6402  0.787    8  0.549  0.391    29.72    18.96    12.71    10.04     8.14  1 -2.19e-07      0.00 7.294e-01 2.702e-01 6.302e-05 5.854e-05 2.150e-04 -1.000 3.652e-04 -2.805 0.469 -1.597 -2.683 -3.030 -3.217 -3.292
0.00049103 -1.50000 10.08636 0.8070254922 2.4211568285    0.733  3.181  3.6264  0.580    8  0.549  0.391    46.19    27.57    18.17    14.43    11.71  1 -4.57e-07      0.00 7.294e-01 2.702e-01 6.302e-05 5.854e-05 2.150e-04 -1.000 3.652e-04 -3.183 0.549 -1.749 -2.977 -3.372 -3.586 -3.674
0.00049103 -1.50000 10.08636 0.8070258498 2.4211569511    0.731  3.311  3.6146  0.401    8  0.550  0.391    67.49    38.03    24.71    19.71    16.01  1 -8.46e-07      0.00 7.294e-01 2.702e-01 6.302e-05 5.854e-05 2.150e-04 -1.000 3.652e-04 -3.508 0.609 -1.848 -3.211 -3.655 -3.897 -3.996
0.00049103 -1.50000 10.08636 0.8070263267 2.4211571145    0.729  3.396  3.6068  0.283    8  0.550  0.391    86.74    47.03    30.26    24.22    19.68  1 -1.27e-06      0.00 7.294e-01 2.702e-01 6.302e-05 5.854e-05 2.150e-04 -1.000 3.652e-04 -3.721 0.638 -1.891 -3.354 -3.836 -4.099 -4.206
0.00049103 -1.50000 10.08636 0.8070268035 2.4211572780    0.726  3.443  3.6025  0.217    8  0.551  0.391    99.75    52.93    33.88    27.16    22.08  1 -1.59e-06      0.00 7.294e-01 2.702e-01 6.302e-05 5.854e-05 2.150e-04 -1.000 3.652e-04 -3.838 0.652 -1.910 -3.430 -3.934 -4.209 -4.320
0.00049103 -1.50000 10.08636 0.8070273399 2.4211574618    0.723  3.468  3.6002  0.182    8  0.551  0.391   107.48    56.36    35.96    28.87    23.47  1 -1.79e-06      0.00 7.294e-01 2.702e-01 6.302e-05 5.854e-05 2.150e-04 -1.000 3.652e-04 -3.899 0.660 -1.917 -3.468 -3.984 -4.265 -4.379
0.00049103 -1.50000 10.08636 0.8070279360 2.4211576661    0.720  3.483  3.5987  0.158    8  0.552  0.391   112.96    58.75    37.42    30.06    24.44  1 -1.95e-06      0.00 7.294e-01 2.702e-01 6.302e-05 5.854e-05 2.150e-04 -1.000 3.652e-04 -3.938 0.665 -1.920 -3.491 -4.016 -4.301 -4.416
0.00049103 -1.50000 10.08636 0.8070302606 2.4211584629    0.553 -9.999  4.0000  1.708    9  0.554  0.000     0.00     0.00     0.00     0.00     0.00 -1    -1e-30      0.00 7.294e-01 2.702e-01 6.302e-05 5.854e-05 2.150e-04 -1.000 3.652e-04 29.767 30.100 29.963 30.240 30.469 30.550 30.639
