# Zini     MH   logAge Mini        int_IMF         Mass   logL    logTe  logg  label   McoreTP C_O  period0  period1  period2  period3  period4  pmode  Mloss  tau1m   X   Y   Xc  Xn  Xo  Cexcess  Z 	 mbolmag  umag    gmag    rmag    imag    zmag    Ymag
0.00049103 -1.50000 10.11394 0.0900000036 1.0816895926    0.090 -3.182  3.4752  5.427    1  0.000  0.545     0.00     0.00     0.00     0.00     0.00 -1 -5.33e-17      0.00 7.478e-01 2.517e-01 8.884e-05 2.397e-05 2.174e-04 -1.000 4.941e-04 12.725 17.876 16.191 14.277 12.614 12.070 11.962
0.00049103 -1.50000 10.11394 0.0944781527 1.1232515899    0.094 -3.049  3.4942  5.391    1  0.000  0.545     0.00     0.00     0.00     0.00     0.00 -1 -7.38e-17      0.00 7.469e-01 2.526e-01 8.884e-05 2.397e-05 2.174e-04 -1.000 4.941e-04 12.392 17.464 15.469 13.615 12.247 11.777 11.667
0.00049103 -1.50000 10.11394 0.1000000015 1.1711064122    0.100 -2.893  3.5164  5.348    1  0.000  0.545     0.00     0.00     0.00     0.00     0.00 -1 -1.08e-16      0.00 7.458e-01 2.537e-01 8.884e-05 2.397e-05 2.174e-04 -1.000 4.941e-04 12.002 16.866 14.666 12.909 11.829 11.426 11.316
0.00049103 -1.50000 10.11394 0.1199999973 1.3193154249    0.120 -2.607  3.5475  5.266    1  0.000  0.545     0.00     0.00     0.00     0.00     0.00 -1 -2.09e-16      0.00 7.430e-01 2.565e-01 8.884e-05 2.397e-05 2.174e-04 -1.000 4.941e-04 11.288 15.664 13.439 11.850 11.082 10.753 10.650
0.00049103 -1.50000 10.11394 0.1400000006 1.4384526719    0.140 -2.425  3.5629  5.212    1  0.000  0.545     0.00     0.00     0.00     0.00     0.00 -1 -3.13e-16      0.00 7.409e-01 2.586e-01 8.884e-05 2.397e-05 2.174e-04 -1.000 4.941e-04 10.832 14.910 12.760 11.262 10.615 10.316 10.218
0.00049103 -1.50000 10.11394 0.1599999964 1.5372931554    0.160 -2.282  3.5730  5.168    1  0.000  0.545     0.00     0.00     0.00     0.00     0.00 -1 -4.28e-16      0.00 7.395e-01 2.600e-01 8.884e-05 2.397e-05 2.174e-04 -1.000 4.940e-04 10.475 14.345 12.264 10.832 10.251 9.971 9.876
0.00049103 -1.50000 10.11394 0.2000000179 1.6938791367    0.200 -2.060  3.5862  5.096    1  0.000  0.545     0.00     0.00     0.00     0.00     0.00 -1 -6.93e-16      0.00 7.383e-01 2.612e-01 8.884e-05 2.397e-05 2.174e-04 -1.000 4.942e-04 9.920 13.519 11.541 10.202 9.689 9.430 9.341
0.00049103 -1.50000 10.11394 0.2500000000 1.8403257998    0.250 -1.857  3.5973  5.034    1  0.000  0.545     0.00     0.00     0.00     0.00     0.00 -1 -3.38e-17      0.00 7.383e-01 2.612e-01 8.883e-05 2.397e-05 2.174e-04 -1.000 4.941e-04 9.412 12.792 10.901 9.643 9.174 8.933 8.849
0.00049103 -1.50000 10.11394 0.3000000417 1.9529140366    0.300 -1.702  3.6059  4.993    1  0.000  0.545     0.00     0.00     0.00     0.00     0.00 -1 -1.03e-16      0.00 7.385e-01 2.610e-01 8.882e-05 2.397e-05 2.174e-04 -1.000 4.941e-04 9.025 12.248 10.419 9.223 8.782 8.554 8.474
0.00049103 -1.50000 10.11394 0.3225898743 1.9960593991    0.323 -1.643  3.6094  4.979    1  0.000  0.545     0.00     0.00     0.00     0.00     0.00 -1 -1.63e-15      0.00 7.385e-01 2.610e-01 8.880e-05 2.397e-05 2.174e-04 -1.000 4.940e-04 8.878 12.040 10.234 9.062 8.632 8.409 8.332
0.00049103 -1.50000 10.11394 0.3499999940 2.0434174644    0.350 -1.577  3.6132  4.964    1  0.000  0.545     0.00     0.00     0.00     0.00     0.00 -1 -1.86e-15      0.00 7.385e-01 2.610e-01 8.878e-05 2.397e-05 2.174e-04 -1.000 4.941e-04 8.713 11.809 10.028 8.883 8.465 8.247 8.172
0.00049103 -1.50000 10.11394 0.3935093284 2.1094641641    0.393 -1.450  3.6233  4.928    1  0.000  0.545     0.00     0.00     0.00     0.00     0.00 -1 -2.44e-15      0.00 7.488e-01 2.507e-01 8.884e-05 2.397e-05 2.174e-04 -1.000 4.941e-04 8.396 11.328 9.609 8.532 8.143 7.941 7.870
0.00049103 -1.50000 10.11394 0.4000000060 2.1185024399    0.400 -1.432  3.6247  4.923    1  0.000  0.545     0.00     0.00     0.00     0.00     0.00 -1 -2.54e-15      0.00 7.503e-01 2.492e-01 8.884e-05 2.397e-05 2.174e-04 -1.000 4.941e-04 8.351 11.260 9.550 8.483 8.097 7.898 7.828
0.00049103 -1.50000 10.11394 0.4500000179 2.1822809362    0.450 -1.257  3.6437  4.874    1  0.000  0.545     0.00     0.00     0.00     0.00     0.00 -1 -3.79e-15      0.00 7.504e-01 2.491e-01 8.884e-05 2.397e-05 2.174e-04 -1.000 4.941e-04 7.911 10.524 8.929 7.985 7.652 7.480 7.420
0.00049103 -1.50000 10.11394 0.5000000000 2.2374541529    0.500 -1.058  3.6701  4.828    1  0.000  0.545     0.00     0.00     0.00     0.00     0.00 -1 -5.99e-15      0.00 7.504e-01 2.491e-01 8.884e-05 2.397e-05 2.174e-04 -1.000 4.941e-04 7.416 9.612 8.205 7.421 7.152 7.019 6.972
0.00049103 -1.50000 10.11394 0.5500000715 2.2836583126    0.550 -0.839  3.6953  4.751    1  0.000  0.544     0.00     0.00     0.00     0.00     0.00 -1 -1.03e-14      0.00 7.877e-01 2.119e-01 7.644e-05 2.064e-05 1.873e-04 -1.000 4.295e-04 6.868 8.662 7.482 6.828 6.609 6.510 6.477
0.00049103 -1.50000 10.11394 0.6000000238 2.3211213258    0.600 -0.624  3.7239  4.687    1  0.000  0.543     0.00     0.00     0.00     0.00     0.00 -1 -1.75e-14      0.00 7.993e-01 2.003e-01 7.276e-05 1.965e-05 1.785e-04 -1.000 3.955e-04 6.330 7.742 6.800 6.265 6.094 6.027 6.009
0.00049103 -1.50000 10.11394 0.6079121828 2.3264037823    0.608 -0.588  3.7290  4.677    1  0.000  0.543     0.00     0.00     0.00     0.00     0.00 -1  -1.9e-14      0.00 8.014e-01 1.982e-01 7.209e-05 1.947e-05 1.769e-04 -1.000 3.959e-04 6.240 7.594 6.689 6.174 6.011 5.950 5.935
0.00049103 -1.50000 10.11394 0.6184853911 2.3332207994    0.618 -0.540  3.7356  4.664    1  0.000  0.543     0.00     0.00     0.00     0.00     0.00 -1 -2.14e-14      0.00 8.044e-01 1.952e-01 7.115e-05 1.923e-05 1.746e-04 -1.000 3.960e-04 6.120 7.403 6.544 6.053 5.900 5.847 5.834
0.00049103 -1.50000 10.11394 0.6283132434 2.3393212221    0.628 -0.495  3.7417  4.650    1  0.000  0.543     0.00     0.00     0.00     0.00     0.00 -1 -3.26e-21      0.00 8.073e-01 1.923e-01 7.026e-05 1.899e-05 1.725e-04 -1.000 3.958e-04 6.008 7.228 6.410 5.941 5.797 5.750 5.740
0.00049103 -1.50000 10.11394 0.6374489069 2.3447984092    0.637 -0.453  3.7472  4.636    1  0.000  0.543     0.00     0.00     0.00     0.00     0.00 -1 -2.84e-18      0.00 8.100e-01 1.896e-01 6.938e-05 1.876e-05 1.704e-04 -1.000 3.948e-04 5.902 7.070 6.286 5.838 5.702 5.661 5.654
0.00049103 -1.50000 10.11394 0.6463515759 2.3499649638    0.646 -0.411  3.7525  4.622    1  0.000  0.543     0.00     0.00     0.00     0.00     0.00 -1  -2.1e-15      0.00 8.128e-01 1.868e-01 6.850e-05 1.852e-05 1.683e-04 -1.000 3.950e-04 5.799 6.917 6.165 5.737 5.610 5.574 5.569
0.00049103 -1.50000 10.11394 0.6499999762 2.3520353107    0.650 -0.394  3.7546  4.615    1  0.000  0.542     0.00     0.00     0.00     0.00     0.00 -1 -3.09e-14      0.00 8.140e-01 1.856e-01 6.814e-05 1.843e-05 1.675e-04 -1.000 3.959e-04 5.756 6.855 6.115 5.695 5.572 5.538 5.534
0.00049103 -1.50000 10.11394 0.6560530066 2.3554118635    0.656 -0.366  3.7579  4.604    1  0.000  0.542     0.00     0.00     0.00     0.00     0.00 -1 -3.33e-14      0.00 8.164e-01 1.832e-01 6.738e-05 1.822e-05 1.657e-04 -1.000 3.955e-04 5.684 6.753 6.033 5.626 5.508 5.478 5.475
0.00049103 -1.50000 10.11394 0.6669042706 2.3612889301    0.667 -0.313  3.7637  4.582    1  0.000  0.542     0.00     0.00     0.00     0.00     0.00 -1 -3.78e-14      0.00 8.209e-01 1.788e-01 6.596e-05 1.785e-05 1.622e-04 -1.000 3.884e-04 5.552 6.574 5.886 5.500 5.391 5.367 5.366
0.00049103 -1.50000 10.11394 0.6772500873 2.3666910349    0.677 -0.261  3.7692  4.559    1  0.000  0.542     0.00     0.00     0.00     0.00     0.00 -1 -4.06e-14      0.00 8.255e-01 1.742e-01 6.453e-05 1.746e-05 1.588e-04 -1.000 3.410e-04 5.423 6.403 5.742 5.376 5.276 5.257 5.259
0.00049103 -1.50000 10.11394 0.6868886352 2.3715558138    0.687 -0.212  3.7741  4.535    1  0.000  0.541     0.00     0.00     0.00     0.00     0.00 -1 -2.96e-18      0.00 8.300e-01 1.697e-01 6.311e-05 1.709e-05 1.554e-04 -1.000 3.224e-04 5.299 6.244 5.606 5.258 5.165 5.151 5.155
0.00049103 -1.50000 10.11394 0.6958475709 2.3759388769    0.696 -0.164  3.7786  4.510    1  0.000  0.541     0.00     0.00     0.00     0.00     0.00 -1 -2.65e-15      0.00 8.344e-01 1.653e-01 6.173e-05 1.672e-05 1.522e-04 -1.000 3.057e-04 5.179 6.092 5.474 5.143 5.057 5.048 5.053
0.00049103 -1.50000 10.11394 0.6999999881 2.3779266974    0.700 -0.141  3.7807  4.498    1  0.000  0.541     0.00     0.00     0.00     0.00     0.00 -1 -6.09e-14      0.00 8.365e-01 1.632e-01 6.107e-05 1.655e-05 1.506e-04 -1.000 2.980e-04 5.121 6.021 5.412 5.088 5.006 4.998 5.004
0.00049103 -1.50000 10.11394 0.7057317495 2.3806264273    0.705 -0.108  3.7834  4.480    1  0.000  0.540     0.00     0.00     0.00     0.00     0.00 -1 -6.68e-14      0.00 8.400e-01 1.598e-01 5.991e-05 1.626e-05 1.480e-04 -1.000 2.978e-04 5.040 5.924 5.324 5.010 4.932 4.927 4.934
0.00049103 -1.50000 10.11394 0.7139061093 2.3843905369    0.713 -0.059  3.7872  4.451    1  0.000  0.538     0.00     0.00     0.00     0.00     0.00 -1 -7.69e-14      0.00 8.448e-01 1.549e-01 5.831e-05 1.587e-05 1.445e-04 -1.000 3.569e-04 4.917 5.779 5.192 4.892 4.819 4.818 4.826
0.00049103 -1.50000 10.11394 0.7209263444 2.3875449661    0.720 -0.014  3.7904  4.423    1  0.000  0.536     0.00     0.00     0.00     0.00     0.00 -1 -8.75e-14      0.00 8.488e-01 1.508e-01 5.701e-05 1.555e-05 1.417e-04 -1.000 3.523e-04 4.806 5.650 5.073 4.784 4.717 4.719 4.728
0.00049103 -1.50000 10.11394 0.7277269959 2.3905340840    0.727  0.031  3.7933  4.394    1  0.000  0.535     0.00     0.00     0.00     0.00     0.00 -1 -6.57e-18      0.00 8.526e-01 1.471e-01 5.583e-05 1.526e-05 1.392e-04 -1.000 3.156e-04 4.692 5.522 4.952 4.674 4.611 4.616 4.626
0.00049103 -1.50000 10.11394 0.7345278859 2.3934597400    0.734  0.079  3.7960  4.361    1  0.000  0.533     0.00     0.00     0.00     0.00     0.00 -1 -8.57e-19      0.00 8.562e-01 1.435e-01 5.473e-05 1.499e-05 1.368e-04 -1.000 3.119e-04 4.572 5.387 4.824 4.557 4.499 4.506 4.517
0.00049103 -1.50000 10.11394 0.7423855662 2.3967633747    0.742  0.139  3.7989  4.317    1  0.000  0.532     0.00     0.00     0.00     0.00     0.00 -1 -4.17e-16      0.00 8.599e-01 1.398e-01 5.361e-05 1.472e-05 1.345e-04 -1.000 3.024e-04 4.423 5.223 4.667 4.411 4.358 4.368 4.380
0.00049103 -1.50000 10.11394 0.7497295141 2.3997791311    0.749  0.199  3.8012  4.270    1  0.000  0.530     0.00     0.00     0.00     0.00     0.00 -1 -1.36e-13      0.00 8.632e-01 1.365e-01 5.267e-05 1.450e-05 1.325e-04 -1.000 2.961e-04 4.272 5.061 4.510 4.262 4.213 4.225 4.238
0.00049103 -1.50000 10.11394 0.7500000000 2.3998889087    0.749  0.201  3.8013  4.268    1  0.000  0.530     0.00     0.00     0.00     0.00     0.00 -1 -1.68e-13      0.00 8.633e-01 1.364e-01 5.263e-05 1.449e-05 1.325e-04 -1.000 2.961e-04 4.266 5.055 4.504 4.256 4.207 4.219 4.232
0.00049103 -1.50000 10.11394 0.7513554096 2.4004376374    0.751  0.213  3.8017  4.259    1  0.000  0.530     0.00     0.00     0.00     0.00     0.00 -1 -1.74e-13      0.00 8.636e-01 1.361e-01 5.259e-05 1.448e-05 1.324e-04 -1.000 2.975e-04 4.238 5.024 4.474 4.228 4.179 4.192 4.205
0.00049103 -1.50000 10.11394 0.7568167448 2.4026257397    0.756  0.262  3.8030  4.218    1  0.000  0.529     0.00     0.00     0.00     0.00     0.00 -1 -2.04e-13      0.00 8.634e-01 1.362e-01 5.281e-05 1.454e-05 1.330e-04 -1.000 3.079e-04 4.115 4.894 4.346 4.105 4.059 4.073 4.087
0.00049103 -1.50000 10.11394 0.7605583072 2.4041039672    0.760  0.298  3.8036  4.187    1  0.000  0.529     0.00     0.00     0.00     0.00     0.00 -1  -2.3e-13      0.00 8.630e-01 1.367e-01 5.306e-05 1.461e-05 1.336e-04 -1.000 3.174e-04 4.026 4.802 4.254 4.017 3.972 3.986 4.000
0.00049103 -1.50000 10.11394 0.7619310021 2.4046421111    0.761  0.312  3.8036  4.173    1  0.000  0.529     0.00     0.00     0.00     0.00     0.00 -1 -2.41e-13      0.00 8.628e-01 1.369e-01 5.315e-05 1.464e-05 1.339e-04 -1.000 3.200e-04 3.989 4.765 4.217 3.980 3.935 3.950 3.963
0.00049103 -1.50000 10.11394 0.7672766447 2.4067167021    0.766  0.372  3.8023  4.111    1  0.000  0.529     0.00     0.00     0.00     0.00     0.00 -1 -2.95e-13      0.00 8.621e-01 1.376e-01 5.353e-05 1.474e-05 1.348e-04 -1.000 3.306e-04 3.839 4.618 4.067 3.828 3.781 3.795 3.808
0.00049103 -1.50000 10.11394 0.7713508606 2.4082756786    0.770  0.425  3.7995  4.050    1  0.000  0.529     0.00     0.00     0.00     0.00     0.00 -1 -3.56e-13      0.00 8.616e-01 1.381e-01 5.381e-05 1.482e-05 1.355e-04 -1.000 3.387e-04 3.708 4.498 3.941 3.694 3.644 3.655 3.666
0.00049103 -1.50000 10.11394 0.7720462084 2.4085398600    0.771  0.434  3.7988  4.038    1  0.000  0.529     0.00     0.00     0.00     0.00     0.00 -1 -3.71e-13      0.00 8.615e-01 1.382e-01 5.386e-05 1.483e-05 1.357e-04 -1.000 3.400e-04 3.684 4.477 3.918 3.669 3.618 3.628 3.639
0.00049103 -1.50000 10.11394 0.7727345824 2.4088008534    0.772  0.445  3.7978  4.023    2  0.000  0.529     0.00     0.00     0.00     0.00     0.00 -1 -3.87e-13      0.00 8.614e-01 1.383e-01 5.390e-05 1.485e-05 1.358e-04 -1.000 3.414e-04 3.657 4.455 3.894 3.641 3.589 3.598 3.609
0.00049103 -1.50000 10.11394 0.7750415802 2.4096716533    0.774  0.483  3.7931  3.968    2  0.000  0.529     0.00     0.00     0.00     0.00     0.00 -1 -4.47e-13      0.00 8.611e-01 1.386e-01 5.406e-05 1.489e-05 1.362e-04 -1.000 3.459e-04 3.562 4.379 3.808 3.541 3.482 3.487 3.496
0.00049103 -1.50000 10.11394 0.7767989039 2.4103309834    0.775  0.516  3.7878  3.914    2  0.000  0.529     0.00     0.00     0.00     0.00     0.00 -1 -5.12e-13      0.00 8.596e-01 1.401e-01 5.465e-05 1.505e-05 1.377e-04 -1.000 3.493e-04 3.479 4.322 3.738 3.453 3.386 3.386 3.393
0.00049103 -1.50000 10.11394 0.7781705856 2.4108432454    0.777  0.546  3.7814  3.860    2  0.000  0.530     0.00     0.00     0.00     0.00     0.00 -1 -5.84e-13      0.00 8.549e-01 1.448e-01 5.632e-05 1.551e-05 1.418e-04 -1.000 3.525e-04 3.405 4.280 3.679 3.374 3.297 3.290 3.295
0.00049103 -1.50000 10.11394 0.7792735100 2.4112536347    0.778  0.572  3.7750  3.809    2  0.000  0.531     0.00     0.00     0.00     0.00     0.00 -1 -6.57e-13      0.00 8.378e-01 1.618e-01 6.193e-05 1.703e-05 1.556e-04 -1.000 3.564e-04 3.340 4.252 3.630 3.303 3.217 3.203 3.206
0.00049103 -1.50000 10.11394 0.7801967263 2.4115961304    0.779  0.596  3.7682  3.758    2  0.000  0.532     0.00     0.00     0.00     0.00     0.00 -1 -7.37e-13      0.00 8.163e-01 1.833e-01 6.844e-05 1.879e-05 1.714e-04 -1.000 3.887e-04 3.279 4.234 3.588 3.238 3.141 3.121 3.121
0.00049103 -1.50000 10.11394 0.7810096741 2.4118969477    0.779  0.621  3.7614  3.706    2  0.000  0.534     0.00     0.00     0.00     0.00     0.00 -1 -7.27e-17      0.00 7.990e-01 2.005e-01 7.347e-05 2.014e-05 1.834e-04 -1.000 4.193e-04 3.217 4.216 3.545 3.172 3.064 3.037 3.034
0.00049103 -1.50000 10.11394 0.7817296982 2.4121627794    0.780  0.649  3.7552  3.654    2  0.000  0.535     0.00     0.00     0.00     0.00     0.00 -1 -4.83e-19      0.00 7.868e-01 2.128e-01 7.697e-05 2.107e-05 1.917e-04 -1.000 4.269e-04 3.148 4.193 3.495 3.100 2.983 2.950 2.945
0.00049103 -1.50000 10.11394 0.7824415565 2.4124250432    0.781  0.684  3.7493  3.595    2  0.000  0.536     0.00     0.00     0.00     0.00     0.00 -1 -9.37e-19      0.00 7.785e-01 2.211e-01 7.934e-05 2.171e-05 1.974e-04 -1.000 4.282e-04 3.059 4.148 3.425 3.010 2.884 2.844 2.837
0.00049103 -1.50000 10.11394 0.7830027342 2.4126314067    0.781  0.720  3.7453  3.544    2  0.000  0.536     0.00     0.00     0.00     0.00     0.00 -1 -1.61e-18      0.00 7.739e-01 2.256e-01 8.061e-05 2.205e-05 2.004e-04 -1.000 4.384e-04 2.969 4.089 3.349 2.920 2.787 2.744 2.734
0.00049103 -1.50000 10.11394 0.7833859324 2.4127721258    0.782  0.748  3.7429  3.506    2  0.000  0.536     0.00     0.00     0.00     0.00     0.00 -1 -2.37e-18      0.00 7.715e-01 2.281e-01 8.130e-05 2.223e-05 2.021e-04 -1.000 3.960e-04 2.900 4.038 3.288 2.851 2.714 2.668 2.658
0.00049103 -1.50000 10.11394 0.7835600972 2.4128360308    0.782  0.763  3.7420  3.488    2  0.000  0.536     0.00     0.00     0.00     0.00     0.00 -1 -2.82e-18      0.00 7.705e-01 2.290e-01 8.153e-05 2.229e-05 2.026e-04 -1.000 4.278e-04 2.863 4.008 3.254 2.814 2.676 2.629 2.618
0.00049103 -1.50000 10.11394 0.7840277553 2.4130074636    0.782  0.804  3.7397  3.439    3  0.000  0.537     0.00     0.00     0.00     0.00     0.00 -1 -4.57e-18      0.00 7.681e-01 2.314e-01 8.211e-05 2.244e-05 2.040e-04 -1.000 4.842e-04 2.761 3.924 3.160 2.713 2.571 2.521 2.510
0.00049103 -1.50000 10.11394 0.7845396399 2.4131948394    0.783  0.852  3.7375  3.382    3  0.000  0.537     0.00     0.00     0.00     0.00     0.00 -1 -7.83e-18      0.00 7.658e-01 2.338e-01 8.263e-05 2.258e-05 2.053e-04 -1.000 4.469e-04 2.640 3.822 3.047 2.593 2.448 2.395 2.383
0.00049103 -1.50000 10.11394 0.7849745750 2.4133538270    0.783  0.896  3.7358  3.331    3  0.000  0.537     0.00     0.00     0.00     0.00     0.00 -1 -1.25e-17      0.00 7.639e-01 2.357e-01 8.301e-05 2.269e-05 2.062e-04 -1.000 4.421e-04 2.530 3.726 2.943 2.483 2.335 2.281 2.267
0.00049103 -1.50000 10.11394 0.7853904963 2.4135056747    0.784  0.942  3.7341  3.279    3  0.000  0.537     0.00     0.00     0.00     0.00     0.00 -1 -1.98e-17      0.00 7.622e-01 2.374e-01 8.330e-05 2.277e-05 2.069e-04 -1.000 4.885e-04 2.416 3.626 2.835 2.371 2.220 2.164 2.149
0.00049103 -1.50000 10.11394 0.7858132124 2.4136598139    0.784  0.991  3.7326  3.223    3  0.000  0.537     0.00     0.00     0.00     0.00     0.00 -1 -3.19e-17      0.00 7.604e-01 2.391e-01 8.356e-05 2.285e-05 2.076e-04 -1.000 4.884e-04 2.292 3.515 2.717 2.247 2.095 2.037 2.021
0.00049103 -1.50000 10.11394 0.7862019539 2.4138013962    0.784  1.040  3.7311  3.168    3  0.000  0.537     0.00     0.00     0.00     0.00     0.00 -1    -5e-17      0.00 7.588e-01 2.407e-01 8.375e-05 2.291e-05 2.081e-04 -1.000 4.702e-04 2.169 3.404 2.599 2.125 1.970 1.910 1.894
0.00049103 -1.50000 10.11394 0.7865511775 2.4139284487    0.785  1.088  3.7296  3.115    3  0.000  0.536     0.00     0.00     0.00     0.00     0.00 -1 -7.59e-17      0.00 7.574e-01 2.422e-01 8.384e-05 2.297e-05 2.085e-04 -1.000 4.430e-04 2.049 3.296 2.484 2.006 1.849 1.787 1.770
0.00049103 -1.50000 10.11394 0.7868566513 2.4140394780    0.785  1.134  3.7283  3.064    3  0.000  0.535     0.00     0.00     0.00     0.00     0.00 -1  -1.1e-16      0.00 7.561e-01 2.435e-01 8.387e-05 2.303e-05 2.089e-04 -1.000 4.380e-04 1.936 3.195 2.376 1.894 1.735 1.672 1.654
0.00049103 -1.50000 10.11394 0.7871543765 2.4141475956    0.785  1.182  3.7268  3.010    3  0.000  0.534     0.00     0.00     0.00     0.00     0.00 -1 -1.61e-16      0.00 7.548e-01 2.447e-01 8.382e-05 2.312e-05 2.091e-04 -1.000 4.919e-04 1.815 3.086 2.261 1.774 1.613 1.548 1.530
0.00049103 -1.50000 10.11394 0.7874400616 2.4142512525    0.785  1.233  3.7252  2.953    3  0.000  0.533     0.00     0.00     0.00     0.00     0.00 -1 -2.35e-16      0.00 7.538e-01 2.457e-01 8.370e-05 2.324e-05 2.094e-04 -1.000 4.637e-04 1.688 2.974 2.141 1.649 1.485 1.418 1.399
0.00049103 -1.50000 10.11394 0.7876797915 2.4143381685    0.785  1.279  3.7238  2.901    3  0.000  0.532     0.00     0.00     0.00     0.00     0.00 -1 -3.27e-16      0.00 7.530e-01 2.466e-01 8.354e-05 2.337e-05 2.095e-04 -1.000 4.323e-04 1.572 2.872 2.030 1.534 1.368 1.299 1.279
0.00049103 -1.50000 10.11394 0.7878984213 2.4144173814    0.785  1.325  3.7223  2.849    3  0.000  0.530     0.00     0.00     0.00     0.00     0.00 -1 -4.47e-16      0.00 7.523e-01 2.472e-01 8.338e-05 2.353e-05 2.096e-04 -1.000 4.812e-04 1.457 2.770 1.921 1.419 1.251 1.181 1.160
0.00049103 -1.50000 10.11394 0.7881041765 2.4144918836    0.786  1.372  3.7208  2.796    3  0.000  0.529     0.00     0.00     0.00     0.00     0.00 -1 -6.05e-16      0.00 7.518e-01 2.477e-01 8.320e-05 2.369e-05 2.098e-04 -1.000 4.941e-04 1.339 2.666 1.809 1.302 1.132 1.060 1.038
0.00049103 -1.50000 10.11394 0.7882860899 2.4145577155    0.786  1.418  3.7192  2.744    3  0.000  0.528     0.00     0.00     0.00     0.00     0.00 -1 -8.02e-16      0.00 7.514e-01 2.481e-01 8.306e-05 2.383e-05 2.098e-04 -1.000 4.940e-04 1.225 2.568 1.702 1.190 1.017 0.943 0.920
0.00049103 -1.50000 10.11394 0.7884591818 2.4146203227    0.786  1.465  3.7175  2.690    3  0.000  0.527     0.00     0.00     0.00     0.00     0.00 -1 -1.06e-15      0.00 7.511e-01 2.484e-01 8.295e-05 2.395e-05 2.099e-04 -1.000 4.940e-04 1.107 2.466 1.591 1.073 0.897 0.821 0.797
0.00049103 -1.50000 10.11394 0.7886117697 2.4146754873    0.786  1.511  3.7158  2.637    3  0.000  0.526     0.00     0.00     0.00     0.00     0.00 -1 -1.38e-15      0.00 7.509e-01 2.486e-01 8.288e-05 2.401e-05 2.099e-04 -1.000 4.931e-04 0.992 2.368 1.484 0.960 0.782 0.703 0.679
0.00049103 -1.50000 10.11394 0.7887476087 2.4147245762    0.786  1.556  3.7141  2.586    3  0.000  0.526     0.00     0.00     0.00     0.00     0.00 -1 -1.76e-15      0.00 7.508e-01 2.487e-01 8.285e-05 2.405e-05 2.099e-04 -1.000 4.852e-04 0.881 2.274 1.380 0.851 0.670 0.589 0.564
0.00049103 -1.50000 10.11394 0.7888770700 2.4147713421    0.786  1.602  3.7125  2.533    3  0.000  0.526     0.00     0.00     0.00     0.00     0.00 -1 -2.24e-15      0.00 7.508e-01 2.487e-01 8.283e-05 2.407e-05 2.099e-04 -1.000 4.727e-04 0.765 2.175 1.272 0.737 0.553 0.470 0.444
0.00049103 -1.50000 10.11394 0.7889942527 2.4148136575    0.786  1.647  3.7106  2.480    3  0.000  0.526     0.00     0.00     0.00     0.00     0.00 -1 -2.82e-15      0.00 7.508e-01 2.487e-01 8.283e-05 2.408e-05 2.099e-04 -1.000 4.731e-04 0.652 2.081 1.167 0.625 0.438 0.353 0.326
0.00049103 -1.50000 10.11394 0.7890974879 2.4148509243    0.785  1.691  3.7089  2.430    3  0.000  0.526     0.00     0.00     0.00     0.00     0.00 -1  -3.5e-15      0.00 7.508e-01 2.487e-01 8.283e-05 2.408e-05 2.100e-04 -1.000 4.732e-04 0.542 1.993 1.066 0.517 0.327 0.240 0.212
0.00049103 -1.50000 10.11394 0.7891923189 2.4148851474    0.785  1.735  3.7071  2.379    3  0.000  0.526     0.00     0.00     0.00     0.00     0.00 -1 -3.78e-15      0.00 7.508e-01 2.487e-01 8.283e-05 2.408e-05 2.100e-04 -1.000 4.734e-04 0.434 1.906 0.966 0.409 0.216 0.128 0.098
0.00049103 -1.50000 10.11394 0.7892840505 2.4149182430    0.785  1.780  3.7052  2.325    3  0.000  0.526     0.00     0.00     0.00     0.00     0.00 -1 -4.41e-15      0.00 7.508e-01 2.487e-01 8.283e-05 2.408e-05 2.100e-04 -1.000 4.735e-04 0.320 1.817 0.861 0.297 0.101 0.010 -0.021
0.00049103 -1.50000 10.11394 0.7893644571 2.4149472454    0.785  1.823  3.7033  2.275    3  0.000  0.526     0.00     0.00     0.00     0.00     0.00 -1 -5.37e-15      0.00 7.508e-01 2.487e-01 8.283e-05 2.409e-05 2.100e-04 -1.000 4.737e-04 0.211 1.732 0.762 0.190 -0.009 -0.103 -0.134
0.00049103 -1.50000 10.11394 0.7894383669 2.4149738984    0.785  1.866  3.7014  2.224    3  0.000  0.526     0.00     0.00     0.00     0.00     0.00 -1 -6.49e-15      0.00 7.508e-01 2.487e-01 8.283e-05 2.409e-05 2.100e-04 -1.000 4.739e-04 0.104 1.649 0.665 0.085 -0.118 -0.214 -0.246
0.00049103 -1.50000 10.11394 0.7895083427 2.4149991275    0.785  1.910  3.6995  2.173    3  0.000  0.526     0.00     0.00     0.00     0.00     0.00 -1 -7.83e-15      0.00 7.508e-01 2.487e-01 8.283e-05 2.409e-05 2.100e-04 -1.000 4.741e-04 -0.004 1.566 0.567 -0.022 -0.228 -0.326 -0.359
0.00049103 -1.50000 10.11394 0.7895699739 2.4150213438    0.784  1.950  3.6976  2.125    3  0.000  0.526     0.00     0.00     0.00     0.00     0.00 -1 -9.31e-15      0.00 7.508e-01 2.488e-01 8.282e-05 2.409e-05 2.100e-04 -1.000 4.742e-04 -0.106 1.490 0.476 -0.121 -0.331 -0.431 -0.465
0.00049103 -1.50000 10.11394 0.7896292806 2.4150427183    0.784  1.989  3.6958  2.078    3  0.000  0.526     0.00     0.00     0.00     0.00     0.00 -1  -1.1e-14      0.00 7.508e-01 2.488e-01 8.282e-05 2.409e-05 2.100e-04 -1.000 4.743e-04 -0.203 1.418 0.389 -0.216 -0.429 -0.532 -0.567
0.00049103 -1.50000 10.11394 0.7896909118 2.4150649268    0.784  2.025  3.6941  2.036    3  0.000  0.526     0.00     0.00     0.00     0.00     0.00 -1 -1.29e-14      0.00 7.508e-01 2.488e-01 8.282e-05 2.409e-05 2.100e-04 -1.000 4.745e-04 -0.292 1.352 0.310 -0.303 -0.518 -0.623 -0.659
0.00049103 -1.50000 10.11394 0.7897459865 2.4150847692    0.784  2.050  3.6930  2.006    3  0.000  0.526     0.00     0.00     0.00     0.00     0.00 -1 -1.46e-14      0.00 7.508e-01 2.488e-01 8.282e-05 2.409e-05 2.100e-04 -1.000 4.745e-04 -0.356 1.304 0.252 -0.365 -0.583 -0.689 -0.726
0.00049103 -1.50000 10.11394 0.7897918224 2.4151012807    0.783  2.037  3.6940  2.023    3  0.000  0.526     0.00     0.00     0.00     0.00     0.00 -1 -1.47e-14      0.00 7.508e-01 2.488e-01 8.282e-05 2.410e-05 2.100e-04 -1.000 4.745e-04 -0.322 1.325 0.281 -0.332 -0.548 -0.653 -0.690
0.00049103 -1.50000 10.11394 0.7898008227 2.4151045226    0.783  2.045  3.6936  2.014    3  0.000  0.526     0.00     0.00     0.00     0.00     0.00 -1 -1.52e-14      0.00 7.508e-01 2.488e-01 8.282e-05 2.410e-05 2.100e-04 -1.000 4.745e-04 -0.341 1.310 0.263 -0.351 -0.568 -0.674 -0.710
0.00049103 -1.50000 10.11394 0.7898466587 2.4151210315    0.783  2.087  3.6915  1.963    3  0.000  0.526     0.00     0.00     0.00     0.00     0.00 -1 -1.78e-14      0.00 7.507e-01 2.488e-01 8.282e-05 2.410e-05 2.100e-04 -1.000 4.747e-04 -0.448 1.236 0.169 -0.455 -0.676 -0.784 -0.822
0.00049103 -1.50000 10.11394 0.7898890972 2.4151363147    0.783  2.129  3.6894  1.912    3  0.000  0.526     0.00     0.00     0.00     0.00     0.00 -1  -2.1e-14      0.00 7.507e-01 2.488e-01 8.282e-05 2.410e-05 2.100e-04 -1.000 4.748e-04 -0.553 1.166 0.078 -0.557 -0.782 -0.893 -0.932
0.00049103 -1.50000 10.11394 0.7899299264 2.4151510166    0.782  2.173  3.6872  1.859    3  0.000  0.526     0.00     0.00     0.00     0.00     0.00 -1 -2.48e-14      0.00 7.507e-01 2.488e-01 8.282e-05 2.410e-05 2.100e-04 -1.000 4.748e-04 -0.662 1.095 -0.017 -0.663 -0.891 -1.005 -1.046
0.00049103 -1.50000 10.11394 0.7899643183 2.4151633991    0.782  2.213  3.6850  1.811    3  0.000  0.526     0.00     0.00     0.00     0.00     0.00 -1 -2.88e-14      0.00 7.507e-01 2.488e-01 8.282e-05 2.410e-05 2.100e-04 -1.000 4.749e-04 -0.762 1.036 -0.102 -0.759 -0.992 -1.108 -1.150
0.00049103 -1.50000 10.11394 0.7899974585 2.4151753298    0.781  2.254  3.6828  1.760    3  0.000  0.526     0.00     0.00     0.00     0.00     0.00 -1 -3.37e-14      0.00 7.507e-01 2.488e-01 8.282e-05 2.410e-05 2.100e-04 -1.000 4.749e-04 -0.865 0.981 -0.189 -0.861 -1.097 -1.217 -1.260
0.00049103 -1.50000 10.11394 0.7900270224 2.4151859721    0.781  2.294  3.6806  1.711    3  0.000  0.526     0.00     0.00     0.00     0.00     0.00 -1 -3.89e-14      0.00 7.507e-01 2.488e-01 8.282e-05 2.410e-05 2.100e-04 -1.000 4.750e-04 -0.964 0.934 -0.272 -0.959 -1.199 -1.321 -1.365
0.00049103 -1.50000 10.11394 0.7900546193 2.4151959055    0.780  2.333  3.6784  1.663    3  0.000  0.526     0.00     0.00     0.00     0.00     0.00 -1  -4.5e-14      0.00 7.507e-01 2.488e-01 8.282e-05 2.410e-05 2.100e-04 -1.000 4.750e-04 -1.064 0.890 -0.353 -1.056 -1.300 -1.425 -1.471
0.00049103 -1.50000 10.11394 0.7900804281 2.4152051945    0.780  2.373  3.6762  1.613    3  0.000  0.526     0.00     0.00     0.00     0.00     0.00 -1  -5.2e-14      0.00 7.507e-01 2.488e-01 8.282e-05 2.410e-05 2.100e-04 -1.000 4.751e-04 -1.163 0.849 -0.433 -1.153 -1.401 -1.529 -1.576
0.00049103 -1.50000 10.11394 0.7901090384 2.4152154910    0.779  2.421  3.6734  1.554    3  0.000  0.526     0.00     0.00     0.00     0.00     0.00 -1 -6.16e-14      0.00 7.507e-01 2.488e-01 8.282e-05 2.410e-05 2.100e-04 -1.000 4.752e-04 -1.282 0.806 -0.527 -1.269 -1.522 -1.653 -1.702
0.00049103 -1.50000 10.11394 0.7901306152 2.4152232557    0.779  2.460  3.6710  1.506    3  0.000  0.526     0.00     0.00     0.00     0.00     0.00 -1 -7.06e-14      0.00 7.507e-01 2.488e-01 8.282e-05 2.410e-05 2.100e-04 -1.000 4.752e-04 -1.379 0.775 -0.601 -1.362 -1.620 -1.755 -1.805
0.00049103 -1.50000 10.11394 0.7901544571 2.4152318349    0.778  2.505  3.6683  1.448    3  0.000  0.526     7.40     5.82     4.12     3.19     2.58  3  -8.3e-14      0.00 7.507e-01 2.488e-01 8.282e-05 2.410e-05 2.100e-04 -1.000 4.753e-04 -1.494 0.748 -0.686 -1.473 -1.737 -1.875 -1.928
0.00049103 -1.50000 10.11394 0.7901765704 2.4152397916    0.777  2.552  3.6654  1.390    3  0.000  0.526     8.37     6.46     4.55     3.53     2.86  3 -9.75e-14      0.00 7.507e-01 2.488e-01 8.282e-05 2.411e-05 2.100e-04 -1.000 4.753e-04 -1.609 0.729 -0.768 -1.583 -1.853 -1.996 -2.050
0.00049103 -1.50000 10.11394 0.7901977301 2.4152474046    0.776  2.599  3.6625  1.331    3  0.000  0.526     9.50     7.20     5.05     3.92     3.17  3 -1.15e-13      0.00 7.507e-01 2.488e-01 8.282e-05 2.411e-05 2.100e-04 -1.000 4.754e-04 -1.728 0.714 -0.852 -1.696 -1.974 -2.120 -2.177
0.00049103 -1.50000 10.11394 0.7902152538 2.4152537092    0.775  2.642  3.6597  1.276    3  0.000  0.526    10.66     7.94     5.54     4.31     3.49  3 -1.33e-13      0.00 7.507e-01 2.488e-01 8.282e-05 2.411e-05 2.100e-04 -1.000 4.753e-04 -1.835 0.713 -0.922 -1.797 -2.081 -2.232 -2.291
0.00049103 -1.50000 10.11394 0.7902327776 2.4152600134    0.773  2.688  3.6567  1.217    3  0.000  0.526    12.07     8.83     6.13     4.78     3.87  3 -1.56e-13      0.00 7.507e-01 2.488e-01 8.282e-05 2.411e-05 2.100e-04 -1.000 4.754e-04 -1.950 0.706 -0.996 -1.902 -2.194 -2.350 -2.411
0.00049103 -1.50000 10.11394 0.7902480960 2.4152655240    0.772  2.731  3.6538  1.162    3  0.000  0.526    13.58     9.76     6.75     5.26     4.26  2 -1.81e-13      0.00 7.507e-01 2.488e-01 8.282e-05 2.411e-05 2.100e-04 -1.000 4.755e-04 -2.059 0.685 -1.069 -2.000 -2.300 -2.460 -2.524
0.00049103 -1.50000 10.11394 0.7902624011 2.4152706698    0.771  2.775  3.6509  1.105    3  0.000  0.526    15.29    10.79     7.43     5.81     4.70  2  -2.1e-13      0.00 7.507e-01 2.488e-01 8.282e-05 2.411e-05 2.100e-04 -1.000 4.754e-04 -2.167 0.667 -1.140 -2.097 -2.405 -2.570 -2.637
0.00049103 -1.50000 10.11394 0.7902756929 2.4152754509    0.769  2.819  3.6479  1.049    3  0.000  0.526    17.22    11.94     8.18     6.41     5.19  2 -2.43e-13      0.00 7.507e-01 2.488e-01 8.282e-05 2.411e-05 2.100e-04 -1.000 4.755e-04 -2.276 0.650 -1.211 -2.193 -2.510 -2.680 -2.749
0.00049103 -1.50000 10.11394 0.7902874947 2.4152796959    0.768  2.860  3.6451  0.996    3  0.000  0.526    19.29    13.15     8.97     7.03     5.70  2 -2.79e-13      0.00 7.507e-01 2.488e-01 8.282e-05 2.411e-05 2.100e-04 -1.000 4.755e-04 -2.380 0.638 -1.275 -2.283 -2.608 -2.783 -2.854
0.00049103 -1.50000 10.11394 0.7902989984 2.4152838336    0.766  2.903  3.6420  0.939    3  0.000  0.526    21.72    14.55     9.88     7.76     6.29  2 -3.22e-13      0.00 7.507e-01 2.488e-01 8.282e-05 2.411e-05 2.100e-04 -1.000 4.755e-04 -2.487 0.636 -1.337 -2.376 -2.711 -2.892 -2.965
0.00049103 -1.50000 10.11394 0.7903090715 2.4152874566    0.764  2.944  3.6392  0.886    3  0.000  0.526    24.29    16.00    10.82     8.51     6.90  2 -3.69e-13      0.00 7.507e-01 2.488e-01 8.281e-05 2.411e-05 2.100e-04 -1.000 4.756e-04 -2.589 0.634 -1.394 -2.462 -2.807 -2.994 -3.070
0.00049103 -1.50000 10.11394 0.7903184891 2.4152908437    0.762  2.984  3.6363  0.833    3  0.000  0.526    27.16    17.60    11.85     9.33     7.57  1 -4.22e-13      0.00 7.507e-01 2.488e-01 8.281e-05 2.411e-05 2.100e-04 -1.000 4.756e-04 -2.690 0.635 -1.447 -2.546 -2.901 -3.094 -3.172
0.00049103 -1.50000 10.11394 0.7903278470 2.4152942093    0.759  3.026  3.6332  0.777    3  0.000  0.526    30.60    19.47    13.05    10.29     8.35  1 -4.87e-13      0.00 7.507e-01 2.488e-01 8.281e-05 2.411e-05 2.100e-04 -1.000 4.756e-04 -2.796 0.639 -1.501 -2.634 -3.000 -3.199 -3.280
0.00049103 -1.50000 10.11394 0.7903356552 2.4152970174    0.757  3.064  3.6305  0.727    3  0.000  0.526    34.02    21.31    14.22    11.23     9.11  1 -5.52e-13      0.00 7.507e-01 2.488e-01 8.281e-05 2.411e-05 2.100e-04 -1.000 4.756e-04 -2.891 0.643 -1.549 -2.712 -3.088 -3.293 -3.377
0.00049103 -1.50000 10.11394 0.7903437614 2.4152999327    0.754  3.106  3.6275  0.671    3  0.000  0.526    38.23    23.52    15.63    12.36    10.03  1 -6.34e-13      0.00 7.507e-01 2.488e-01 8.281e-05 2.411e-05 2.100e-04 -1.000 4.755e-04 -2.995 0.645 -1.600 -2.797 -3.183 -3.395 -3.481
0.00049103 -1.50000 10.11394 0.7903510332 2.4153025478    0.751  3.145  3.6245  0.618    3  0.000  0.526    42.77    25.87    17.11    13.56    11.01  1 -7.24e-13      0.00 7.507e-01 2.488e-01 8.281e-05 2.411e-05 2.100e-04 -1.000 4.756e-04 -3.094 0.650 -1.647 -2.876 -3.274 -3.492 -3.581
0.00049103 -1.50000 10.11394 0.7903578281 2.4153049913    0.748  3.185  3.6217  0.566    3  0.000  0.526    47.79    28.42    18.72    14.86    12.06  1 -8.25e-13      0.00 7.507e-01 2.488e-01 8.281e-05 2.411e-05 2.100e-04 -1.000 4.756e-04 -3.193 0.650 -1.695 -2.956 -3.365 -3.589 -3.680
0.00049103 -1.50000 10.11394 0.7903644443 2.4153073706    0.744  3.225  3.6187  0.511    3  0.000  0.526    53.58    31.31    20.53    16.32    13.25  1 -9.43e-13      0.00 7.507e-01 2.488e-01 8.281e-05 2.411e-05 2.100e-04 -1.000 4.756e-04 -3.293 0.654 -1.740 -3.035 -3.455 -3.686 -3.780
0.00049103 -1.50000 10.11394 0.7903704643 2.4153095354    0.740  3.264  3.6159  0.459    3  0.000  0.526    59.84    34.38    22.44    17.87    14.51  1 -1.07e-12      0.00 7.507e-01 2.488e-01 8.281e-05 2.411e-05 2.100e-04 -1.000 4.756e-04 -3.390 0.656 -1.776 -3.108 -3.542 -3.780 -3.877
0.00049103 -1.50000 10.11394 0.7903771400 2.4153119359    0.735  3.305  3.6129  0.403    3  0.000  0.526    67.34    37.97    24.67    19.68    15.98  1 -1.23e-12      0.00 7.507e-01 2.488e-01 8.281e-05 2.411e-05 2.100e-04 -1.000 4.756e-04 -3.493 0.654 -1.812 -3.185 -3.634 -3.880 -3.980
0.00049103 -1.50000 10.11394 0.7903771400 2.4153119359    0.721  1.709  3.7858  2.682    4  0.000  0.525     0.00     0.00     0.00     0.00     0.00 -1    -1e-30      0.00 7.422e-01 2.573e-01 8.499e-05 2.500e-05 2.160e-04 -1.000 4.941e-04 0.498 1.309 0.705 0.446 0.389 0.383 0.389
0.00049103 -1.50000 10.11394 0.7903801203 2.4153130076    0.721  1.728  3.7804  2.641    4  0.000  0.525     0.00     0.00     0.00     0.00     0.00 -1    -1e-30      0.00 7.422e-01 2.573e-01 8.499e-05 2.500e-05 2.160e-04 -1.000 4.941e-04 0.449 1.290 0.674 0.396 0.330 0.319 0.323
0.00049103 -1.50000 10.11394 0.7904307246 2.4153312031    0.721  1.726  3.7818  2.649    4  0.000  0.525     0.00     0.00     0.00     0.00     0.00 -1    -1e-30      0.00 7.422e-01 2.573e-01 8.499e-05 2.500e-05 2.160e-04 -1.000 4.941e-04 0.454 1.287 0.674 0.402 0.338 0.328 0.332
0.00049103 -1.50000 10.11394 0.7904818654 2.4153495887    0.721  1.727  3.7825  2.651    4  0.000  0.525     0.00     0.00     0.00     0.00     0.00 -1    -1e-30      0.00 7.422e-01 2.573e-01 8.499e-05 2.500e-05 2.160e-04 -1.000 4.941e-04 0.452 1.280 0.669 0.399 0.337 0.328 0.332
0.00049103 -1.50000 10.11394 0.7905340791 2.4153683572    0.721  1.728  3.7838  2.656    4  0.000  0.525     0.00     0.00     0.00     0.00     0.00 -1    -1e-30      0.00 7.422e-01 2.573e-01 8.499e-05 2.500e-05 2.160e-04 -1.000 4.941e-04 0.451 1.272 0.663 0.398 0.338 0.330 0.335
0.00049103 -1.50000 10.11394 0.7905858755 2.4153869729    0.721  1.727  3.7859  2.664    4  0.000  0.525     0.00     0.00     0.00     0.00     0.00 -1    -1e-30      0.00 7.422e-01 2.573e-01 8.499e-05 2.500e-05 2.160e-04 -1.000 4.941e-04 0.452 1.261 0.657 0.399 0.342 0.336 0.342
0.00049103 -1.50000 10.11394 0.7906345725 2.4154044721    0.721  1.727  3.7883  2.674    4  0.000  0.525     0.00     0.00     0.00     0.00     0.00 -1    -1e-30      0.00 7.422e-01 2.573e-01 8.499e-05 2.500e-05 2.160e-04 -1.000 4.941e-04 0.453 1.249 0.650 0.401 0.348 0.344 0.350
0.00049103 -1.50000 10.11394 0.7906824350 2.4154216690    0.721  1.726  3.7911  2.686    4  0.000  0.525     0.00     0.00     0.00     0.00     0.00 -1    -1e-30      0.00 7.422e-01 2.573e-01 8.499e-05 2.500e-05 2.160e-04 -1.000 4.941e-04 0.455 1.236 0.642 0.403 0.356 0.354 0.361
0.00049103 -1.50000 10.11394 0.7907308340 2.4154390562    0.721  1.725  3.7943  2.701    4  0.000  0.525     0.00     0.00     0.00     0.00     0.00 -1    -1e-30      0.00 7.422e-01 2.573e-01 8.499e-05 2.500e-05 2.160e-04 -1.000 4.941e-04 0.458 1.221 0.633 0.407 0.365 0.366 0.374
0.00049103 -1.50000 10.11394 0.7907814980 2.4154572545    0.721  1.724  3.7981  2.717    4  0.000  0.525     0.00     0.00     0.00     0.00     0.00 -1    -1e-30      0.00 7.422e-01 2.573e-01 8.499e-05 2.500e-05 2.160e-04 -1.000 4.941e-04 0.461 1.204 0.623 0.411 0.376 0.380 0.389
0.00049103 -1.50000 10.11394 0.7908314466 2.4154751933    0.721  1.723  3.8017  2.732    4  0.000  0.525     0.00     0.00     0.00     0.00     0.00 -1    -1e-30      0.00 7.422e-01 2.573e-01 8.499e-05 2.500e-05 2.160e-04 -1.000 4.941e-04 0.463 1.188 0.614 0.414 0.385 0.392 0.403
0.00049103 -1.50000 10.11394 0.7908828259 2.4154936431    0.721  1.722  3.8050  2.747    4  0.000  0.525     0.00     0.00     0.00     0.00     0.00 -1    -1e-30      0.00 7.422e-01 2.573e-01 8.499e-05 2.500e-05 2.160e-04 -1.000 4.941e-04 0.466 1.174 0.605 0.418 0.394 0.404 0.416
0.00049103 -1.50000 10.11394 0.7909338474 2.4155119617    0.722  1.721  3.8079  2.759    4  0.000  0.525     0.00     0.00     0.00     0.00     0.00 -1    -1e-30      0.00 7.422e-01 2.573e-01 8.499e-05 2.500e-05 2.160e-04 -1.000 4.941e-04 0.467 1.162 0.597 0.420 0.402 0.414 0.427
0.00049103 -1.50000 10.11394 0.7909842134 2.4155300423    0.722  1.721  3.8101  2.768    4  0.000  0.525     0.00     0.00     0.00     0.00     0.00 -1    -1e-30      0.00 7.422e-01 2.573e-01 8.499e-05 2.500e-05 2.160e-04 -1.000 4.941e-04 0.469 1.153 0.591 0.422 0.408 0.421 0.435
0.00049103 -1.50000 10.11394 0.7910329700 2.4155475427    0.722  1.721  3.8111  2.772    4  0.000  0.525     0.00     0.00     0.00     0.00     0.00 -1    -1e-30      0.00 7.422e-01 2.573e-01 8.499e-05 2.500e-05 2.160e-04 -1.000 4.941e-04 0.469 1.148 0.588 0.423 0.411 0.425 0.439
0.00049103 -1.50000 10.11394 0.7910543084 2.4155552009    0.722  1.720  3.8119  2.775    4  0.000  0.525     0.00     0.00     0.00     0.00     0.00 -1    -1e-30      0.00 7.422e-01 2.573e-01 8.499e-05 2.500e-05 2.160e-04 -1.000 4.941e-04 0.469 1.145 0.586 0.424 0.413 0.427 0.442
0.00049103 -1.50000 10.11394 0.7910655141 2.4155592224    0.722  1.720  3.8119  2.775    4  0.000  0.525     0.00     0.00     0.00     0.00     0.00 -1    -1e-30      0.00 7.422e-01 2.573e-01 8.499e-05 2.500e-05 2.160e-04 -1.000 4.941e-04 0.469 1.144 0.586 0.423 0.413 0.427 0.441
0.00049103 -1.50000 10.11394 0.7911145687 2.4155768256    0.722  1.721  3.8119  2.775    4  0.000  0.525     0.00     0.00     0.00     0.00     0.00 -1    -1e-30      0.00 7.422e-01 2.573e-01 8.499e-05 2.500e-05 2.160e-04 -1.000 4.941e-04 0.467 1.143 0.584 0.422 0.411 0.426 0.440
0.00049103 -1.50000 10.11394 0.7911642790 2.4155946614    0.722  1.722  3.8111  2.771    4  0.000  0.525     0.00     0.00     0.00     0.00     0.00 -1    -1e-30      0.00 7.422e-01 2.573e-01 8.499e-05 2.500e-05 2.160e-04 -1.000 4.941e-04 0.465 1.144 0.584 0.419 0.407 0.421 0.435
0.00049103 -1.50000 10.11394 0.7912130952 2.4156121740    0.722  1.723  3.8095  2.763    4  0.000  0.525     0.00     0.00     0.00     0.00     0.00 -1    -1e-30      0.00 7.422e-01 2.573e-01 8.499e-05 2.500e-05 2.160e-04 -1.000 4.941e-04 0.462 1.149 0.586 0.415 0.400 0.413 0.426
0.00049103 -1.50000 10.11394 0.7912611961 2.4156294275    0.722  1.725  3.8071  2.752    4  0.000  0.525     0.00     0.00     0.00     0.00     0.00 -1    -1e-30      0.00 7.422e-01 2.573e-01 8.499e-05 2.500e-05 2.160e-04 -1.000 4.941e-04 0.457 1.156 0.590 0.410 0.391 0.402 0.414
0.00049103 -1.50000 10.11394 0.7913091183 2.4156466145    0.722  1.727  3.8039  2.737    4  0.000  0.525     0.00     0.00     0.00     0.00     0.00 -1    -1e-30      0.00 7.422e-01 2.573e-01 8.499e-05 2.500e-05 2.160e-04 -1.000 4.941e-04 0.452 1.166 0.595 0.403 0.378 0.387 0.398
0.00049103 -1.50000 10.11394 0.7913566828 2.4156636709    0.722  1.730  3.8000  2.719    4  0.000  0.525     0.00     0.00     0.00     0.00     0.00 -1    -1e-30      0.00 7.422e-01 2.573e-01 8.499e-05 2.500e-05 2.160e-04 -1.000 4.941e-04 0.445 1.178 0.601 0.395 0.364 0.369 0.380
0.00049103 -1.50000 10.11394 0.7914043665 2.4156807676    0.722  1.733  3.7957  2.698    4  0.000  0.525     0.00     0.00     0.00     0.00     0.00 -1    -1e-30      0.00 7.422e-01 2.573e-01 8.499e-05 2.500e-05 2.160e-04 -1.000 4.941e-04 0.438 1.193 0.608 0.387 0.347 0.349 0.358
0.00049103 -1.50000 10.11394 0.7914088368 2.4156823703    0.722  1.733  3.7952  2.696    4  0.000  0.525     0.00     0.00     0.00     0.00     0.00 -1    -1e-30      0.00 7.422e-01 2.573e-01 8.499e-05 2.500e-05 2.160e-04 -1.000 4.941e-04 0.437 1.195 0.609 0.386 0.346 0.347 0.356
0.00049103 -1.50000 10.11394 0.7914166451 2.4156851696    0.722  1.734  3.7945  2.693    4  0.000  0.525     0.00     0.00     0.00     0.00     0.00 -1    -1e-30      0.00 7.422e-01 2.573e-01 8.499e-05 2.500e-05 2.160e-04 -1.000 4.941e-04 0.435 1.197 0.610 0.384 0.343 0.344 0.352
0.00049103 -1.50000 10.11394 0.7914625406 2.4157016224    0.722  1.737  3.7903  2.672    4  0.000  0.525     0.00     0.00     0.00     0.00     0.00 -1    -1e-30      0.00 7.422e-01 2.573e-01 8.499e-05 2.500e-05 2.160e-04 -1.000 4.941e-04 0.427 1.211 0.616 0.374 0.325 0.323 0.330
0.00049103 -1.50000 10.11394 0.7915072441 2.4157176458    0.722  1.741  3.7860  2.652    4  0.000  0.525     0.00     0.00     0.00     0.00     0.00 -1    -1e-30      0.00 7.422e-01 2.573e-01 8.499e-05 2.500e-05 2.160e-04 -1.000 4.941e-04 0.417 1.225 0.621 0.364 0.308 0.302 0.307
0.00049103 -1.50000 10.11394 0.7915550470 2.4157347778    0.722  1.746  3.7818  2.630    4  0.000  0.525     0.00     0.00     0.00     0.00     0.00 -1    -1e-30      0.00 7.422e-01 2.573e-01 8.499e-05 2.500e-05 2.160e-04 -1.000 4.941e-04 0.406 1.238 0.625 0.353 0.289 0.279 0.283
0.00049103 -1.50000 10.11394 0.7916005850 2.4157510958    0.722  1.750  3.7780  2.610    4  0.000  0.525     0.00     0.00     0.00     0.00     0.00 -1    -1e-30      0.00 7.422e-01 2.573e-01 8.499e-05 2.500e-05 2.160e-04 -1.000 4.941e-04 0.394 1.250 0.627 0.341 0.270 0.257 0.260
0.00049103 -1.50000 10.11394 0.7916441560 2.4157667070    0.722  1.755  3.7744  2.591    4  0.000  0.525     0.00     0.00     0.00     0.00     0.00 -1    -1e-30      0.00 7.422e-01 2.573e-01 8.499e-05 2.500e-05 2.160e-04 -1.000 4.941e-04 0.382 1.261 0.628 0.329 0.252 0.235 0.236
0.00049103 -1.50000 10.11394 0.7916891575 2.4157828286    0.722  1.761  3.7710  2.572    4  0.000  0.525     0.00     0.00     0.00     0.00     0.00 -1    -1e-30      0.00 7.422e-01 2.573e-01 8.499e-05 2.500e-05 2.160e-04 -1.000 4.941e-04 0.368 1.270 0.626 0.315 0.232 0.212 0.212
0.00049103 -1.50000 10.11394 0.7917332649 2.4157986279    0.722  1.767  3.7680  2.554    4  0.000  0.525     0.00     0.00     0.00     0.00     0.00 -1    -1e-30      0.00 7.422e-01 2.573e-01 8.499e-05 2.500e-05 2.160e-04 -1.000 4.942e-04 0.354 1.276 0.623 0.300 0.212 0.189 0.188
0.00049103 -1.50000 10.11394 0.7917778492 2.4158145960    0.722  1.772  3.7656  2.539    4  0.000  0.525     0.00     0.00     0.00     0.00     0.00 -1    -1e-30      0.00 7.422e-01 2.573e-01 8.499e-05 2.500e-05 2.160e-04 -1.000 4.941e-04 0.339 1.278 0.618 0.286 0.194 0.169 0.166
0.00049103 -1.50000 10.11394 0.7918224335 2.4158305620    0.722  1.778  3.7632  2.523    4  0.000  0.525     0.00     0.00     0.00     0.00     0.00 -1    -1e-30      0.00 7.422e-01 2.573e-01 8.499e-05 2.500e-05 2.160e-04 -1.000 4.941e-04 0.324 1.278 0.611 0.271 0.175 0.147 0.144
0.00049103 -1.50000 10.11394 0.7918673754 2.4158466539    0.723  1.786  3.7607  2.506    4  0.000  0.525     0.00     0.00     0.00     0.00     0.00 -1    -1e-30      0.00 7.422e-01 2.573e-01 8.499e-05 2.500e-05 2.160e-04 -1.000 4.941e-04 0.304 1.276 0.601 0.252 0.151 0.121 0.117
0.00049103 -1.50000 10.11394 0.7918763161 2.4158498550    0.723  1.788  3.7602  2.502    4  0.000  0.525     0.00     0.00     0.00     0.00     0.00 -1    -1e-30      0.00 7.422e-01 2.573e-01 8.499e-05 2.500e-05 2.160e-04 -1.000 4.941e-04 0.301 1.275 0.599 0.248 0.147 0.116 0.111
0.00049103 -1.50000 10.11394 0.7919223905 2.4158663498    0.723  1.797  3.7572  2.480    4  0.000  0.525     0.00     0.00     0.00     0.00     0.00 -1    -1e-30      0.00 7.422e-01 2.573e-01 8.499e-05 2.500e-05 2.160e-04 -1.000 4.941e-04 0.276 1.274 0.586 0.224 0.118 0.084 0.078
0.00049103 -1.50000 10.11394 0.7919676900 2.4158825651    0.723  1.811  3.7538  2.453    4  0.000  0.525     0.00     0.00     0.00     0.00     0.00 -1    -1e-30      0.00 7.422e-01 2.573e-01 8.499e-05 2.500e-05 2.160e-04 -1.000 4.941e-04 0.244 1.268 0.567 0.192 0.079 0.042 0.035
0.00049103 -1.50000 10.11394 0.7920058966 2.4158962398    0.723  1.842  3.7467  2.394    4  0.000  0.525     0.00     0.00     0.00     0.00     0.00 -1    -1e-30      0.00 7.422e-01 2.573e-01 8.499e-05 2.500e-05 2.160e-04 -1.000 4.942e-04 0.164 1.244 0.515 0.114 -0.011 -0.055 -0.066
0.00049103 -1.50000 10.11394 0.7920265794 2.4159036418    0.723  1.884  3.7389  2.320    4  0.000  0.525     0.00     0.00     0.00     0.00     0.00 -1    -1e-30      0.00 7.422e-01 2.573e-01 8.499e-05 2.500e-05 2.160e-04 -1.000 4.941e-04 0.060 1.205 0.441 0.012 -0.126 -0.179 -0.193
0.00049103 -1.50000 10.11394 0.7920358777 2.4159069694    0.723  1.928  3.7318  2.248    4  0.000  0.525     0.00     0.00     0.00     0.00     0.00 -1    -1e-30      0.00 7.422e-01 2.573e-01 8.499e-05 2.500e-05 2.160e-04 -1.000 4.941e-04 -0.049 1.163 0.361 -0.096 -0.245 -0.306 -0.323
0.00049103 -1.50000 10.11394 0.7920401096 2.4159084838    0.723  1.971  3.7258  2.182    4  0.000  0.525     0.00     0.00     0.00     0.00     0.00 -1    -1e-30      0.00 7.422e-01 2.573e-01 8.499e-05 2.500e-05 2.160e-04 -1.000 4.941e-04 -0.156 1.116 0.280 -0.200 -0.360 -0.427 -0.447
0.00049103 -1.50000 10.11394 0.7920420170 2.4159091664    0.723  2.011  3.7209  2.122    4  0.000  0.525     0.00     0.00     0.00     0.00     0.00 -1    -1e-30      0.00 7.422e-01 2.573e-01 8.499e-05 2.500e-05 2.160e-04 -1.000 4.941e-04 -0.257 1.066 0.201 -0.299 -0.467 -0.539 -0.561
0.00049103 -1.50000 10.11394 0.7920427918 2.4159094437    0.723  2.035  3.7183  2.087    4  0.000  0.525     0.00     0.00     0.00     0.00     0.00 -1    -1e-30      0.00 7.422e-01 2.573e-01 8.499e-05 2.500e-05 2.160e-04 -1.000 4.941e-04 -0.317 1.035 0.153 -0.357 -0.529 -0.604 -0.628
0.00049103 -1.50000 10.11394 0.7920428514 2.4159094650    0.723  2.035  3.7183  2.087    7  0.000  0.525     0.00     0.00     0.00     0.00     0.00 -1    -1e-30      0.00 7.422e-01 2.573e-01 8.499e-05 2.500e-05 2.160e-04 -1.000 4.941e-04 -0.318 1.034 0.152 -0.358 -0.530 -0.606 -0.629
0.00049103 -1.50000 10.11394 0.7920438051 2.4159098063    0.723  2.076  3.7145  2.030    7  0.000  0.525     0.00     0.00     0.00     0.00     0.00 -1    -1e-30      0.00 7.422e-01 2.573e-01 8.499e-05 2.500e-05 2.160e-04 -1.000 4.941e-04 -0.421 0.976 0.068 -0.458 -0.637 -0.717 -0.742
0.00049103 -1.50000 10.11394 0.7920447588 2.4159101476    0.723  2.112  3.7113  1.982    7  0.000  0.525     0.00     0.00     0.00     0.00     0.00 -1    -1e-30      0.00 7.422e-01 2.573e-01 8.499e-05 2.500e-05 2.160e-04 -1.000 4.941e-04 -0.510 0.924 -0.006 -0.545 -0.729 -0.813 -0.840
0.00049103 -1.50000 10.11394 0.7920456529 2.4159104675    0.723  2.132  3.7097  1.956    7  0.000  0.525     0.00     0.00     0.00     0.00     0.00 -1    -1e-30      0.00 7.422e-01 2.573e-01 8.499e-05 2.500e-05 2.160e-04 -1.000 4.942e-04 -0.560 0.895 -0.047 -0.594 -0.781 -0.867 -0.895
0.00049103 -1.50000 10.11394 0.7920465469 2.4159107874    0.723  2.147  3.7085  1.936    7  0.000  0.525     0.00     0.00     0.00     0.00     0.00 -1    -1e-30      0.00 7.422e-01 2.573e-01 8.499e-05 2.500e-05 2.160e-04 -1.000 4.941e-04 -0.597 0.875 -0.077 -0.629 -0.819 -0.906 -0.935
0.00049103 -1.50000 10.11394 0.7920478582 2.4159112567    0.723  2.151  3.7081  1.931    7  0.000  0.525     0.00     0.00     0.00     0.00     0.00 -1    -1e-30      0.00 7.422e-01 2.573e-01 8.499e-05 2.500e-05 2.160e-04 -1.000 4.941e-04 -0.608 0.869 -0.086 -0.640 -0.830 -0.917 -0.946
0.00049103 -1.50000 10.11394 0.7920503020 2.4159121312    0.723  2.149  3.7084  1.934    7  0.000  0.525     0.00     0.00     0.00     0.00     0.00 -1    -1e-30      0.00 7.422e-01 2.573e-01 8.499e-05 2.500e-05 2.160e-04 -1.000 4.941e-04 -0.602 0.872 -0.081 -0.634 -0.824 -0.911 -0.940
0.00049103 -1.50000 10.11394 0.7920544744 2.4159136243    0.723  2.145  3.7087  1.939    7  0.000  0.525     0.00     0.00     0.00     0.00     0.00 -1    -1e-30      0.00 7.422e-01 2.573e-01 8.499e-05 2.500e-05 2.160e-04 -1.000 4.941e-04 -0.592 0.877 -0.074 -0.625 -0.814 -0.901 -0.929
0.00049103 -1.50000 10.11394 0.7920794487 2.4159225608    0.723  2.155  3.7077  1.924    7  0.000  0.525     0.00     0.00     0.00     0.00     0.00 -1    -1e-30      0.00 7.422e-01 2.573e-01 8.499e-05 2.500e-05 2.160e-04 -1.000 4.941e-04 -0.618 0.865 -0.094 -0.649 -0.841 -0.929 -0.958
0.00049103 -1.50000 10.11394 0.7920946479 2.4159279993    0.723  2.169  3.7063  1.906    7  0.000  0.525     0.00     0.00     0.00     0.00     0.00 -1    -1e-30      0.00 7.422e-01 2.573e-01 8.499e-05 2.500e-05 2.160e-04 -1.000 4.941e-04 -0.652 0.849 -0.120 -0.682 -0.876 -0.965 -0.995
0.00049103 -1.50000 10.11394 0.7921130657 2.4159345890    0.723  2.210  3.7028  1.850    7  0.000  0.525     0.00     0.00     0.00     0.00     0.00 -1    -1e-30      0.00 7.422e-01 2.573e-01 8.499e-05 2.500e-05 2.160e-04 -1.000 4.941e-04 -0.755 0.795 -0.204 -0.782 -0.982 -1.076 -1.107
0.00049103 -1.50000 10.11394 0.7921318412 2.4159413064    0.723  2.252  3.6995  1.796    7  0.000  0.525     0.00     0.00     0.00     0.00     0.00 -1    -1e-30      0.00 7.422e-01 2.573e-01 8.499e-05 2.500e-05 2.160e-04 -1.000 4.941e-04 -0.859 0.739 -0.289 -0.882 -1.088 -1.186 -1.220
0.00049103 -1.50000 10.11394 0.7921487689 2.4159473623    0.723  2.294  3.6962  1.740    7  0.000  0.525     0.00     0.00     0.00     0.00     0.00 -1    -1e-30      0.00 7.422e-01 2.573e-01 8.499e-05 2.500e-05 2.160e-04 -1.000 4.942e-04 -0.964 0.684 -0.373 -0.982 -1.195 -1.297 -1.333
0.00049103 -1.50000 10.11394 0.7921637297 2.4159527144    0.723  2.336  3.6930  1.686    7  0.000  0.525     0.00     0.00     0.00     0.00     0.00 -1    -1e-30      0.00 7.422e-01 2.573e-01 8.499e-05 2.500e-05 2.160e-04 -1.000 4.940e-04 -1.069 0.628 -0.458 -1.083 -1.301 -1.408 -1.445
0.00049103 -1.50000 10.11394 0.7921769023 2.4159574265    0.723  2.377  3.6899  1.631    7  0.000  0.525     0.00     0.00     0.00     0.00     0.00 -1    -1e-30      0.00 7.422e-01 2.573e-01 8.498e-05 2.500e-05 2.160e-04 -1.000 4.941e-04 -1.173 0.574 -0.543 -1.183 -1.407 -1.518 -1.557
0.00049103 -1.50000 10.11394 0.7921885252 2.4159615841    0.723  2.419  3.6868  1.577    7  0.000  0.524     0.00     0.00     0.00     0.00     0.00 -1    -1e-30      0.00 7.422e-01 2.573e-01 8.494e-05 2.501e-05 2.160e-04 -1.000 4.940e-04 -1.277 0.522 -0.625 -1.281 -1.511 -1.626 -1.667
0.00049103 -1.50000 10.11394 0.7921988368 2.4159652726    0.723  2.460  3.6837  1.523    7  0.000  0.523     0.00     0.00     0.00     0.00     0.00 -1    -1e-30      0.00 7.422e-01 2.573e-01 8.477e-05 2.507e-05 2.160e-04 -1.000 4.940e-04 -1.381 0.484 -0.706 -1.381 -1.617 -1.736 -1.779
0.00049103 -1.50000 10.11394 0.7922081947 2.4159686198    0.723  2.503  3.6805  1.468    7  0.000  0.520     6.93     5.51     3.90     3.03     2.45  3    -1e-30      0.00 7.422e-01 2.573e-01 8.422e-05 2.542e-05 2.160e-04 -1.000 4.941e-04 -1.487 0.457 -0.787 -1.484 -1.726 -1.849 -1.894
0.00049103 -1.50000 10.11394 0.7922167182 2.4159716685    0.723  2.545  3.6773  1.413    7  0.000  0.512     7.79     6.09     4.29     3.34     2.70  3    -1e-30      0.00 7.422e-01 2.573e-01 8.295e-05 2.661e-05 2.160e-04 -1.000 4.942e-04 -1.593 0.438 -0.863 -1.587 -1.835 -1.962 -2.009
0.00049103 -1.50000 10.11394 0.7922247052 2.4159745252    0.723  2.588  3.6740  1.357    7  0.000  0.500     8.78     6.74     4.73     3.68     2.98  3    -1e-30      0.00 7.422e-01 2.573e-01 8.094e-05 2.890e-05 2.160e-04 -1.000 4.941e-04 -1.700 0.426 -0.939 -1.690 -1.945 -2.076 -2.125
0.00049103 -1.50000 10.11394 0.7922321558 2.4159771900    0.723  2.631  3.6707  1.301    7  0.000  0.486     9.91     7.46     5.22     4.06     3.29  3    -1e-30      0.00 7.422e-01 2.573e-01 7.880e-05 3.150e-05 2.159e-04 -1.000 4.923e-04 -1.808 0.423 -1.011 -1.794 -2.056 -2.191 -2.243
0.00049103 -1.50000 10.11394 0.7922392488 2.4159797268    0.723  2.675  3.6673  1.243    7  0.000  0.475    11.20     8.28     5.76     4.49     3.64  2    -1e-30      0.00 7.421e-01 2.574e-01 7.687e-05 3.387e-05 2.159e-04 -1.000 4.940e-04 -1.917 0.428 -1.081 -1.897 -2.167 -2.307 -2.361
0.00049103 -1.50000 10.11394 0.7922459841 2.4159821357    0.723  2.718  3.6639  1.186    7  0.000  0.465    12.63     9.17     6.35     4.96     4.02  2    -1e-30      0.00 7.421e-01 2.574e-01 7.524e-05 3.587e-05 2.159e-04 -1.000 4.941e-04 -2.025 0.440 -1.148 -1.998 -2.276 -2.422 -2.478
0.00049103 -1.50000 10.11394 0.7922524810 2.4159844593    0.723  2.761  3.6605  1.130    7  0.000  0.456    14.26    10.16     7.00     5.48     4.44  2    -1e-30      0.00 7.420e-01 2.575e-01 7.386e-05 3.756e-05 2.159e-04 -1.000 4.941e-04 -2.133 0.461 -1.211 -2.099 -2.386 -2.536 -2.594
0.00049103 -1.50000 10.11394 0.7922583818 2.4159865696    0.723  2.803  3.6571  1.074    7  0.000  0.449    16.05    11.24     7.71     6.04     4.89  2    -1e-30      0.00 7.419e-01 2.576e-01 7.267e-05 3.902e-05 2.158e-04 -1.000 4.941e-04 -2.239 0.483 -1.269 -2.194 -2.490 -2.645 -2.707
0.00049103 -1.50000 10.11394 0.7922632098 2.4159882962    0.723  2.843  3.6539  1.022    7  0.000  0.443    17.94    12.35     8.44     6.62     5.36  2    -1e-30      0.00 7.419e-01 2.577e-01 7.170e-05 4.021e-05 2.158e-04 -1.000 4.941e-04 -2.337 0.479 -1.328 -2.280 -2.584 -2.745 -2.809
0.00049103 -1.50000 10.11394 0.7922673821 2.4159897884    0.723  2.882  3.6507  0.969    7  0.000  0.438    20.07    13.58     9.24     7.26     5.88  2    -1e-30      0.00 7.418e-01 2.578e-01 7.084e-05 4.125e-05 2.157e-04 -1.000 4.941e-04 -2.436 0.482 -1.384 -2.365 -2.679 -2.846 -2.912
0.00049103 -1.50000 10.11394 0.7922708392 2.4159910247    0.723  2.923  3.6473  0.915    7  0.000  0.433    22.52    14.97    10.14     7.98     6.47  1    -1e-30      0.00 7.416e-01 2.579e-01 7.008e-05 4.219e-05 2.156e-04 -1.000 4.925e-04 -2.538 0.491 -1.437 -2.451 -2.775 -2.948 -3.017
0.00049103 -1.50000 10.11394 0.7922742367 2.4159922397    0.723  2.969  3.6435  0.854    7  0.000  0.429    25.67    16.73    11.28     8.89     7.21  1    -1e-30      0.00 7.415e-01 2.580e-01 6.936e-05 4.310e-05 2.155e-04 -1.000 4.941e-04 -2.653 0.502 -1.496 -2.547 -2.883 -3.063 -3.136
0.00049103 -1.50000 10.11394 0.7922775745 2.4159934333    0.723  3.019  3.6394  0.788    7  0.000  0.426    29.54    18.85    12.64     9.98     8.09  1    -1e-30      0.00 7.414e-01 2.581e-01 6.879e-05 4.383e-05 2.153e-04 -1.000 4.940e-04 -2.776 0.515 -1.558 -2.650 -2.999 -3.187 -3.263
0.00049103 -1.50000 10.11394 0.7922805548 2.4159944991    0.723  3.063  3.6356  0.729    7  0.000  0.424    33.50    20.97    13.99    11.07     8.97  1    -1e-30      0.00 7.413e-01 2.582e-01 6.837e-05 4.441e-05 2.150e-04 -1.000 4.941e-04 -2.886 0.531 -1.608 -2.738 -3.100 -3.295 -3.375
0.00049103 -1.50000 10.11394 0.7922815681 2.4159948615    0.723  3.093  3.6329  0.688    7  0.000  0.423    36.58    22.59    15.02    11.90     9.65  1    -1e-30      0.00 7.412e-01 2.583e-01 6.812e-05 4.478e-05 2.149e-04 -1.000 4.941e-04 -2.963 0.545 -1.641 -2.798 -3.169 -3.370 -3.452
0.00049103 -1.50000 10.11394 0.7922817469 2.4159949254    0.723  3.100  3.6323  0.678    7  0.000  0.422    37.35    23.00    15.28    12.10     9.82  1    -1e-30      0.00 7.412e-01 2.583e-01 6.806e-05 4.486e-05 2.149e-04 -1.000 4.941e-04 -2.981 0.548 -1.649 -2.813 -3.186 -3.388 -3.471
0.00049103 -1.50000 10.11394 0.7922820449 2.4159950320    0.723  3.111  3.6314  0.663    7  0.000  0.422    38.55    23.62    15.68    12.42    10.08  1    -1e-30      0.00 7.412e-01 2.583e-01 6.797e-05 4.500e-05 2.148e-04 -1.000 4.942e-04 -3.009 0.553 -1.660 -2.834 -3.211 -3.415 -3.499
0.00049103 -1.50000 10.11394 0.7922824621 2.4159951812    0.723  3.135  3.6293  0.631    7  0.000  0.420    41.25    25.02    16.56    13.13    10.66  1    -1e-30      0.00 7.411e-01 2.584e-01 6.767e-05 4.552e-05 2.145e-04 -1.000 4.941e-04 -3.067 0.563 -1.685 -2.880 -3.264 -3.473 -3.558
0.00049103 -1.50000 10.11394 0.7922827005 2.4159952665    0.723  3.154  3.6276  0.605    7  0.548  0.419    43.64    26.24    17.33    13.76    11.16  1    -1e-30      0.00 7.410e-01 2.585e-01 6.735e-05 4.606e-05 2.142e-04 -1.000 4.940e-04 -3.116 0.572 -1.704 -2.917 -3.308 -3.520 -3.607
0.00049103 -1.50000 10.11394 0.7922827601 2.4159952878    0.723  3.410  3.6097  0.278    8  0.548  0.391    87.57    47.37    30.47    24.39    19.82  1 -1.37e-06      0.00 7.294e-01 2.702e-01 6.301e-05 5.855e-05 2.150e-04 -1.000 3.656e-04 -3.755 0.554 -1.965 -3.410 -3.883 -4.140 -4.245
0.00049103 -1.50000 10.11394 0.7922828197 2.4159953091    0.723  3.262  3.6189  0.463    8  0.548  0.391    59.11    33.94    22.16    17.65    14.34  1 -6.98e-07      0.00 7.294e-01 2.702e-01 6.301e-05 5.855e-05 2.150e-04 -1.000 3.656e-04 -3.385 0.598 -1.813 -3.125 -3.549 -3.781 -3.876
0.00049103 -1.50000 10.11394 0.7922828794 2.4159953304    0.723  3.116  3.6321  0.661    8  0.548  0.391    38.69    23.69    15.72    12.46    10.11  1 -3.51e-07      0.00 7.294e-01 2.702e-01 6.301e-05 5.855e-05 2.150e-04 -1.000 3.656e-04 -3.020 0.525 -1.681 -2.850 -3.225 -3.428 -3.511
0.00049103 -1.50000 10.11394 0.7922829986 2.4159953730    0.723  2.925  3.6494  0.921    8  0.549  0.391    22.23    14.81    10.04     7.90     6.40  2 -1.38e-07      0.00 7.294e-01 2.702e-01 6.301e-05 5.855e-05 2.150e-04 -1.000 3.656e-04 -2.543 0.436 -1.466 -2.467 -2.785 -2.955 -3.023
0.00049103 -1.50000 10.11394 0.7922832370 2.4159954583    0.722  2.932  3.6488  0.912    8  0.549  0.391    22.66    15.05    10.19     8.02     6.50  1 -1.42e-07      0.00 7.294e-01 2.702e-01 6.301e-05 5.855e-05 2.150e-04 -1.000 3.656e-04 -2.559 0.439 -1.474 -2.480 -2.800 -2.971 -3.039
0.00049103 -1.50000 10.11394 0.7922834754 2.4159955435    0.722  3.031  3.6399  0.777    8  0.549  0.391    30.20    19.20    12.86    10.16     8.24  1 -2.32e-07      0.00 7.294e-01 2.702e-01 6.301e-05 5.855e-05 2.150e-04 -1.000 3.656e-04 -2.806 0.482 -1.592 -2.682 -3.031 -3.218 -3.294
0.00049103 -1.50000 10.11394 0.7922837734 2.4159956501    0.722  3.182  3.6261  0.571    8  0.549  0.391    46.89    27.89    18.37    14.59    11.84  1 -4.82e-07      0.00 7.294e-01 2.702e-01 6.301e-05 5.855e-05 2.150e-04 -1.000 3.656e-04 -3.184 0.560 -1.744 -2.976 -3.372 -3.587 -3.676
0.00049103 -1.50000 10.11394 0.7922840714 2.4159957567    0.721  3.311  3.6144  0.394    8  0.550  0.391    68.33    38.37    24.91    19.89    16.15  1 -8.84e-07      0.00 7.294e-01 2.702e-01 6.301e-05 5.855e-05 2.150e-04 -1.000 3.656e-04 -3.508 0.619 -1.841 -3.209 -3.654 -3.897 -3.997
0.00049103 -1.50000 10.11394 0.7922844887 2.4159959059    0.720  3.396  3.6066  0.278    8  0.550  0.391    87.55    47.35    30.45    24.38    19.81  1 -1.31e-06      0.00 7.294e-01 2.702e-01 6.301e-05 5.855e-05 2.150e-04 -1.000 3.656e-04 -3.720 0.646 -1.885 -3.351 -3.835 -4.099 -4.205
0.00049103 -1.50000 10.11394 0.7922849655 2.4159960764    0.720  3.443  3.6024  0.214    8  0.551  0.391   100.38    53.16    34.01    27.28    22.17  1 -1.62e-06      0.00 7.294e-01 2.702e-01 6.301e-05 5.855e-05 2.150e-04 -1.000 3.656e-04 -3.837 0.657 -1.905 -3.427 -3.932 -4.208 -4.319
0.00049103 -1.50000 10.11394 0.7922854424 2.4159962469    0.719  3.467  3.6001  0.180    8  0.551  0.391   107.82    56.47    36.03    28.93    23.52  1 -1.82e-06      0.00 7.294e-01 2.702e-01 6.301e-05 5.855e-05 2.150e-04 -1.000 3.656e-04 -3.898 0.663 -1.915 -3.466 -3.983 -4.264 -4.377
0.00049103 -1.50000 10.11394 0.7922859788 2.4159964388    0.718  3.483  3.5987  0.158    8  0.552  0.391   112.94    58.73    37.40    30.05    24.43  1 -1.96e-06      0.00 7.294e-01 2.702e-01 6.301e-05 5.855e-05 2.150e-04 -1.000 3.656e-04 -3.937 0.666 -1.919 -3.490 -4.014 -4.300 -4.415
0.00049103 -1.50000 10.11394 0.7922881246 2.4159972061    0.553 -9.999  4.0000  1.709    9  0.553  0.000     0.00     0.00     0.00     0.00     0.00 -1    -1e-30      0.00 7.294e-01 2.702e-01 6.301e-05 5.855e-05 2.150e-04 -1.000 3.656e-04 29.767 30.100 29.963 30.240 30.469 30.550 30.639
