# Zini     MH   logAge Mini        int_IMF         Mass   logL    logTe  logg  label   McoreTP C_O  period0  period1  period2  period3  period4  pmode  Mloss  tau1m   X   Y   Xc  Xn  Xo  Cexcess  Z 	 mbolmag  umag    gmag    rmag    imag    zmag    Ymag
0.00015547 -2.00000 10.04922 0.0936335474 1.1156111859    0.094 -3.049  3.5134  5.464    1  0.000  0.545     0.00     0.00     0.00     0.00     0.00 -1 -6.81e-17      0.00 7.476e-01 2.522e-01 2.943e-05 7.939e-06 7.201e-05 -1.000 1.636e-04 12.393 17.313 15.025 13.211 12.122 11.736 11.633
0.00015547 -2.00000 10.04922 0.0961725712 1.1383151114    0.096 -2.970  3.5245  5.440    1  0.000  0.545     0.00     0.00     0.00     0.00     0.00 -1 -8.29e-17      0.00 7.470e-01 2.528e-01 2.943e-05 7.939e-06 7.201e-05 -1.000 1.637e-04 12.195 16.997 14.657 12.899 11.930 11.568 11.464
0.00015547 -2.00000 10.04922 0.1035686582 1.2002434792    0.103 -2.751  3.5550  5.375    1  0.000  0.545     0.00     0.00     0.00     0.00     0.00 -1 -1.43e-16      0.00 7.453e-01 2.545e-01 2.943e-05 7.939e-06 7.201e-05 -1.000 1.636e-04 11.647 15.915 13.649 12.077 11.394 11.089 10.989
0.00015547 -2.00000 10.04922 0.1234388798 1.3415665689    0.123 -2.475  3.5828  5.287    1  0.000  0.545     0.00     0.00     0.00     0.00     0.00 -1 -2.72e-16      0.00 7.423e-01 2.575e-01 2.943e-05 7.939e-06 7.201e-05 -1.000 1.637e-04 10.958 14.605 12.582 11.220 10.708 10.447 10.357
0.00015547 -2.00000 10.04922 0.1433091164 1.4560319688    0.143 -2.299  3.5963  5.230    1  0.000  0.545     0.00     0.00     0.00     0.00     0.00 -1 -4.05e-16      0.00 7.403e-01 2.595e-01 2.943e-05 7.940e-06 7.201e-05 -1.000 1.637e-04 10.518 13.864 11.978 10.728 10.266 10.025 9.941
0.00015547 -2.00000 10.04922 0.1631793380 1.5515256229    0.163 -2.162  3.6050  5.184    1  0.000  0.545     0.00     0.00     0.00     0.00     0.00 -1 -5.49e-16      0.00 7.392e-01 2.607e-01 2.943e-05 7.940e-06 7.201e-05 -1.000 1.637e-04 10.175 13.339 11.537 10.356 9.920 9.692 9.613
0.00015547 -2.00000 10.04922 0.1848670095 1.6398590939    0.185 -2.039  3.6117  5.142    1  0.000  0.545     0.00     0.00     0.00     0.00     0.00 -1 -7.17e-16      0.00 7.387e-01 2.611e-01 2.943e-05 7.940e-06 7.201e-05 -1.000 1.636e-04 9.868 12.898 11.158 10.028 9.611 9.393 9.317
0.00015547 -2.00000 10.04922 0.2029198259 1.7036916472    0.203 -1.948  3.6168  5.111    1  0.000  0.545     0.00     0.00     0.00     0.00     0.00 -1 -8.76e-16      0.00 7.384e-01 2.614e-01 2.943e-05 7.940e-06 7.201e-05 -1.000 1.636e-04 9.639 12.573 10.877 9.784 9.380 9.170 9.097
0.00015547 -2.00000 10.04922 0.2525953948 1.8468695073    0.252 -1.750  3.6274  5.052    1  0.000  0.545     0.00     0.00     0.00     0.00     0.00 -1 -1.32e-15      0.00 7.386e-01 2.612e-01 2.943e-05 7.940e-06 7.201e-05 -1.000 1.637e-04 9.146 11.885 10.278 9.259 8.883 8.689 8.621
0.00015547 -2.00000 10.04922 0.3022710085 1.9574397077    0.302 -1.599  3.6362  5.014    1  0.000  0.545     0.00     0.00     0.00     0.00     0.00 -1 -1.79e-15      0.00 7.387e-01 2.611e-01 2.942e-05 7.941e-06 7.201e-05 -1.000 1.637e-04 8.767 11.352 9.816 8.855 8.501 8.319 8.256
0.00015547 -2.00000 10.04922 0.3519465327 2.0465963009    0.352 -1.473  3.6444  4.987    1  0.000  0.544     0.00     0.00     0.00     0.00     0.00 -1 -2.29e-15      0.00 7.389e-01 2.609e-01 2.940e-05 7.942e-06 7.201e-05 -1.000 1.636e-04 8.453 10.905 9.432 8.519 8.184 8.013 7.955
0.00015547 -2.00000 10.04922 0.4016221166 2.1207314881    0.401 -1.349  3.6532  4.956    1  0.000  0.545     0.00     0.00     0.00     0.00     0.00 -1 -2.95e-15      0.00 7.502e-01 2.496e-01 2.943e-05 7.939e-06 7.201e-05 -1.000 1.636e-04 8.143 10.454 9.049 8.187 7.872 7.714 7.660
0.00015547 -2.00000 10.04922 0.4512977004 2.1838121607    0.451 -1.197  3.6677  4.912    1  0.000  0.545     0.00     0.00     0.00     0.00     0.00 -1 -4.15e-15      0.00 7.507e-01 2.491e-01 2.943e-05 7.939e-06 7.201e-05 -1.000 1.636e-04 7.763 9.845 8.559 7.776 7.492 7.353 7.307
0.00015547 -2.00000 10.04922 0.5009732842 2.2384552293    0.501 -1.028  3.6847  4.857    1  0.000  0.545     0.00     0.00     0.00     0.00     0.00 -1 -6.21e-15      0.00 7.513e-01 2.485e-01 2.939e-05 7.928e-06 7.191e-05 -1.000 1.636e-04 7.340 9.167 8.022 7.323 7.073 6.957 6.920
0.00015547 -2.00000 10.04922 0.5506489277 2.2841947944    0.550 -0.828  3.7045  4.776    1  0.000  0.544     0.00     0.00     0.00     0.00     0.00 -1 -1.03e-14      0.00 7.826e-01 2.173e-01 2.591e-05 6.994e-06 6.346e-05 -1.000 9.999e-05 6.839 8.395 7.410 6.800 6.586 6.494 6.468
0.00015547 -2.00000 10.04922 0.6003244519 2.3213410765    0.600 -0.624  3.7291  4.709    1  0.000  0.544     0.00     0.00     0.00     0.00     0.00 -1  -1.7e-14      0.00 7.944e-01 2.055e-01 2.466e-05 6.660e-06 6.046e-05 -1.000 1.434e-04 6.330 7.602 6.790 6.279 6.108 6.044 6.030
0.00015547 -2.00000 10.04922 0.6069869399 2.3257942282    0.607 -0.595  3.7330  4.700    1  0.000  0.544     0.00     0.00     0.00     0.00     0.00 -1 -1.83e-14      0.00 7.963e-01 2.036e-01 2.445e-05 6.606e-06 5.997e-05 -1.000 1.304e-04 6.258 7.492 6.704 6.207 6.043 5.983 5.970
0.00015547 -2.00000 10.04922 0.6196815372 2.3339751813    0.619 -0.540  3.7403  4.683    1  0.000  0.543     0.00     0.00     0.00     0.00     0.00 -1 -2.09e-14      0.00 8.002e-01 1.997e-01 2.405e-05 6.497e-06 5.899e-05 -1.000 1.176e-04 6.120 7.285 6.540 6.070 5.918 5.866 5.856
0.00015547 -2.00000 10.04922 0.6310124993 2.3409585200    0.631 -0.491  3.7469  4.668    1  0.000  0.543     0.00     0.00     0.00     0.00     0.00 -1 -2.36e-14      0.00 8.039e-01 1.960e-01 2.366e-05 6.395e-06 5.807e-05 -1.000 1.454e-04 5.997 7.106 6.395 5.950 5.808 5.763 5.757
0.00015547 -2.00000 10.04922 0.6411072016 2.3469414300    0.641 -0.446  3.7526  4.654    1  0.000  0.543     0.00     0.00     0.00     0.00     0.00 -1 -2.64e-14      0.00 8.073e-01 1.926e-01 2.330e-05 6.299e-06 5.722e-05 -1.000 1.323e-04 5.886 6.947 6.266 5.842 5.711 5.672 5.668
0.00015547 -2.00000 10.04922 0.6499999762 2.3520353107    0.650 -0.407  3.7576  4.640    1  0.000  0.543     0.00     0.00     0.00     0.00     0.00 -1 -2.92e-14      0.00 8.105e-01 1.894e-01 2.298e-05 6.211e-06 5.643e-05 -1.000 1.267e-04 5.787 6.809 6.152 5.748 5.625 5.591 5.589
0.00015547 -2.00000 10.04922 0.6613274217 2.3582962007    0.661 -0.356  3.7637  4.621    1  0.000  0.543     0.00     0.00     0.00     0.00     0.00 -1 -3.32e-14      0.00 8.156e-01 1.842e-01 2.244e-05 6.069e-06 5.515e-05 -1.000 1.535e-04 5.660 6.637 6.008 5.626 5.513 5.485 5.486
0.00015547 -2.00000 10.04922 0.6719322801 2.3639382180    0.672 -0.307  3.7693  4.602    1  0.000  0.542     0.00     0.00     0.00     0.00     0.00 -1 -3.77e-14      0.00 8.208e-01 1.791e-01 2.191e-05 5.927e-06 5.387e-05 -1.000 1.637e-04 5.538 6.478 5.873 5.511 5.406 5.385 5.387
0.00015547 -2.00000 10.04922 0.6823430061 2.3692812306    0.682 -0.259  3.7747  4.582    1  0.000  0.542     0.00     0.00     0.00     0.00     0.00 -1 -4.28e-14      0.00 8.262e-01 1.737e-01 2.135e-05 5.778e-06 5.254e-05 -1.000 1.566e-04 5.417 6.325 5.739 5.396 5.300 5.283 5.287
0.00015547 -2.00000 10.04922 0.6922463775 2.3741927111    0.692 -0.212  3.7797  4.561    1  0.000  0.541     0.00     0.00     0.00     0.00     0.00 -1 -4.33e-14      0.00 8.316e-01 1.682e-01 2.078e-05 5.627e-06 5.118e-05 -1.000 1.482e-04 5.300 6.178 5.610 5.285 5.196 5.184 5.190
0.00015547 -2.00000 10.04922 0.6999999881 2.3779266974    0.700 -0.174  3.7836  4.543    1  0.000  0.541     0.00     0.00     0.00     0.00     0.00 -1 -5.36e-14      0.00 8.362e-01 1.637e-01 2.031e-05 5.502e-06 5.006e-05 -1.000 1.144e-04 5.205 6.063 5.506 5.195 5.113 5.105 5.112
0.00015547 -2.00000 10.04922 0.7025974989 2.3791564336    0.702 -0.161  3.7849  4.537    1  0.000  0.540     0.00     0.00     0.00     0.00     0.00 -1 -5.55e-14      0.00 8.377e-01 1.622e-01 2.015e-05 5.462e-06 4.971e-05 -1.000 9.808e-05 5.173 6.025 5.471 5.165 5.084 5.077 5.085
0.00015547 -2.00000 10.04922 0.7130382657 2.3839956214    0.713 -0.108  3.7898  4.510    1  0.000  0.538     0.00     0.00     0.00     0.00     0.00 -1 -6.44e-14      0.00 8.436e-01 1.563e-01 1.953e-05 5.311e-06 4.838e-05 -1.000 1.187e-04 5.039 5.866 5.326 5.037 4.965 4.963 4.972
0.00015547 -2.00000 10.04922 0.7228799462 2.3884102631    0.722 -0.055  3.7944  4.481    1  0.000  0.536     0.00     0.00     0.00     0.00     0.00 -1 -7.46e-14      0.00 8.488e-01 1.511e-01 1.900e-05 5.185e-06 4.727e-05 -1.000 1.030e-04 4.907 5.713 5.184 4.911 4.845 4.848 4.859
0.00015547 -2.00000 10.04922 0.7315174937 2.3921724243    0.731 -0.006  3.7983  4.453    1  0.000  0.534     0.00     0.00     0.00     0.00     0.00 -1 -8.56e-14      0.00 8.529e-01 1.470e-01 1.860e-05 5.089e-06 4.644e-05 -1.000 9.988e-05 4.785 5.574 5.053 4.793 4.734 4.741 4.753
0.00015547 -2.00000 10.04922 0.7400453091 2.3957878855    0.740  0.045  3.8021  4.423    1  0.000  0.532     0.00     0.00     0.00     0.00     0.00 -1  -9.9e-14      0.00 8.565e-01 1.434e-01 1.826e-05 5.011e-06 4.576e-05 -1.000 6.919e-05 4.658 5.431 4.916 4.671 4.618 4.628 4.642
0.00015547 -2.00000 10.04922 0.7473689914 2.3988172257    0.747  0.091  3.8053  4.393    1  0.000  0.531     0.00     0.00     0.00     0.00     0.00 -1 -1.13e-13      0.00 8.592e-01 1.407e-01 1.802e-05 4.956e-06 4.528e-05 -1.000 8.737e-05 4.543 5.303 4.793 4.558 4.511 4.524 4.538
0.00015547 -2.00000 10.04922 0.7500000000 2.3998889087    0.749  0.108  3.8064  4.382    1  0.000  0.530     0.00     0.00     0.00     0.00     0.00 -1 -1.19e-13      0.00 8.602e-01 1.397e-01 1.794e-05 4.937e-06 4.513e-05 -1.000 1.012e-04 4.500 5.257 4.748 4.517 4.471 4.486 4.500
0.00015547 -2.00000 10.04922 0.7572055459 2.4027801307    0.757  0.157  3.8097  4.350    1  0.000  0.530     0.00     0.00     0.00     0.00     0.00 -1 -1.38e-13      0.00 8.607e-01 1.392e-01 1.797e-05 4.948e-06 4.525e-05 -1.000 1.428e-04 4.377 5.120 4.615 4.396 4.356 4.374 4.390
0.00015547 -2.00000 10.04922 0.7661239505 2.4062721679    0.765  0.224  3.8136  4.305    1  0.000  0.529     0.00     0.00     0.00     0.00     0.00 -1 -1.68e-13      0.00 8.612e-01 1.386e-01 1.802e-05 4.964e-06 4.541e-05 -1.000 1.427e-04 4.211 4.941 4.439 4.234 4.200 4.222 4.239
0.00015547 -2.00000 10.04922 0.7743571997 2.4094139493    0.773  0.292  3.8170  4.255    1  0.000  0.529     0.00     0.00     0.00     0.00     0.00 -1 -2.07e-13      0.00 8.617e-01 1.383e-01 1.807e-05 4.981e-06 4.558e-05 -1.000 6.694e-05 4.041 4.759 4.258 4.064 4.037 4.061 4.079
0.00015547 -2.00000 10.04922 0.7798198462 2.4114564277    0.779  0.340  3.8189  4.217    1  0.000  0.529     0.00     0.00     0.00     0.00     0.00 -1 -2.41e-13      0.00 8.618e-01 1.381e-01 1.812e-05 4.994e-06 4.571e-05 -1.000 9.318e-05 3.919 4.629 4.129 3.943 3.918 3.945 3.963
0.00015547 -2.00000 10.04922 0.7849985361 2.4133625799    0.784  0.390  3.8203  4.176    1  0.000  0.528     0.00     0.00     0.00     0.00     0.00 -1 -2.82e-13      0.00 8.609e-01 1.390e-01 1.826e-05 5.035e-06 4.608e-05 -1.000 9.999e-05 3.796 4.501 4.001 3.820 3.798 3.826 3.845
0.00015547 -2.00000 10.04922 0.7892320156 2.4148994706    0.788  0.432  3.8209  4.138    1  0.000  0.528     0.00     0.00     0.00     0.00     0.00 -1 -3.26e-13      0.00 8.598e-01 1.401e-01 1.842e-05 5.077e-06 4.647e-05 -1.000 9.994e-05 3.690 4.392 3.891 3.713 3.692 3.721 3.740
0.00015547 -2.00000 10.04922 0.7908771634 2.4154916099    0.790  0.451  3.8205  4.118    1  0.000  0.528     0.00     0.00     0.00     0.00     0.00 -1 -3.48e-13      0.00 8.593e-01 1.406e-01 1.848e-05 5.093e-06 4.662e-05 -1.000 9.996e-05 3.642 4.344 3.843 3.664 3.643 3.672 3.690
0.00015547 -2.00000 10.04922 0.7953457832 2.4170857950    0.794  0.506  3.8186  4.058    1  0.000  0.528     0.00     0.00     0.00     0.00     0.00 -1  -4.2e-13      0.00 8.582e-01 1.417e-01 1.864e-05 5.138e-06 4.703e-05 -1.000 1.000e-04 3.504 4.211 3.706 3.523 3.501 3.527 3.545
0.00015547 -2.00000 10.04922 0.7984715104 2.4181887131    0.797  0.549  3.8158  4.005    1  0.000  0.528     0.00     0.00     0.00     0.00     0.00 -1 -4.92e-13      0.00 8.573e-01 1.426e-01 1.875e-05 5.169e-06 4.731e-05 -1.000 1.000e-04 3.396 4.110 3.603 3.413 3.386 3.410 3.426
0.00015547 -2.00000 10.04922 0.7991378903 2.4184225636    0.798  0.559  3.8150  3.992    1  0.000  0.528     0.00     0.00     0.00     0.00     0.00 -1 -5.11e-13      0.00 8.572e-01 1.427e-01 1.877e-05 5.176e-06 4.737e-05 -1.000 9.993e-05 3.372 4.088 3.579 3.387 3.359 3.382 3.399
0.00015547 -2.00000 10.04922 0.7997710109 2.4186443274    0.798  0.570  3.8138  3.977    2  0.000  0.528     0.00     0.00     0.00     0.00     0.00 -1 -5.34e-13      0.00 8.570e-01 1.429e-01 1.880e-05 5.182e-06 4.743e-05 -1.000 1.000e-04 3.345 4.064 3.555 3.359 3.330 3.351 3.368
0.00015547 -2.00000 10.04922 0.8000000119 2.4187244405    0.799  0.574  3.8132  3.971    2  0.000  0.528     0.00     0.00     0.00     0.00     0.00 -1 -5.43e-13      0.00 8.569e-01 1.430e-01 1.880e-05 5.184e-06 4.745e-05 -1.000 9.996e-05 3.335 4.056 3.545 3.349 3.318 3.339 3.355
0.00015547 -2.00000 10.04922 0.8018884063 2.4193830651    0.800  0.608  3.8083  3.918    2  0.000  0.528     0.00     0.00     0.00     0.00     0.00 -1 -6.21e-13      0.00 8.563e-01 1.436e-01 1.887e-05 5.202e-06 4.761e-05 -1.000 1.025e-04 3.249 3.985 3.469 3.258 3.220 3.237 3.251
0.00015547 -2.00000 10.04922 0.8035034537 2.4199435296    0.802  0.643  3.8016  3.858    2  0.000  0.528     0.00     0.00     0.00     0.00     0.00 -1 -7.19e-13      0.00 8.558e-01 1.441e-01 1.892e-05 5.217e-06 4.774e-05 -1.000 1.046e-04 3.164 3.923 3.398 3.166 3.118 3.128 3.140
0.00015547 -2.00000 10.04922 0.8047628999 2.4203787962    0.803  0.673  3.7938  3.797    2  0.000  0.528     0.00     0.00     0.00     0.00     0.00 -1 -8.28e-13      0.00 8.554e-01 1.445e-01 1.897e-05 5.228e-06 4.785e-05 -1.000 1.062e-04 3.087 3.877 3.340 3.083 3.023 3.025 3.034
0.00015547 -2.00000 10.04922 0.8057754636 2.4207276053    0.804  0.701  3.7849  3.734    2  0.000  0.528     0.00     0.00     0.00     0.00     0.00 -1 -9.49e-13      0.00 8.551e-01 1.448e-01 1.900e-05 5.239e-06 4.794e-05 -1.000 9.546e-05 3.017 3.847 3.293 3.007 2.933 2.926 2.933
0.00015547 -2.00000 10.04922 0.8066183925 2.4210172104    0.805  0.726  3.7760  3.673    2  0.000  0.529     0.00     0.00     0.00     0.00     0.00 -1 -1.08e-12      0.00 8.450e-01 1.549e-01 2.000e-05 5.509e-06 5.038e-05 -1.000 7.865e-05 2.954 3.827 3.252 2.937 2.849 2.834 2.837
0.00015547 -2.00000 10.04922 0.8073524237 2.4212688351    0.806  0.751  3.7680  3.617    2  0.000  0.532     0.00     0.00     0.00     0.00     0.00 -1 -1.22e-12      0.00 8.178e-01 1.821e-01 2.261e-05 6.209e-06 5.664e-05 -1.000 1.236e-04 2.892 3.809 3.212 2.870 2.770 2.747 2.747
0.00015547 -2.00000 10.04922 0.8080294132 2.4215004400    0.806  0.778  3.7603  3.560    2  0.000  0.534     0.00     0.00     0.00     0.00     0.00 -1 -1.38e-12      0.00 7.957e-01 2.042e-01 2.469e-05 6.765e-06 6.160e-05 -1.000 1.134e-04 2.824 3.785 3.166 2.799 2.686 2.656 2.653
0.00015547 -2.00000 10.04922 0.8087086678 2.4217323717    0.807  0.814  3.7533  3.496    2  0.000  0.536     0.00     0.00     0.00     0.00     0.00 -1 -1.61e-12      0.00 7.818e-01 2.180e-01 2.599e-05 7.113e-06 6.471e-05 -1.000 1.515e-04 2.734 3.742 3.098 2.706 2.583 2.545 2.539
0.00015547 -2.00000 10.04922 0.8092398047 2.4219134167    0.807  0.850  3.7487  3.442    2  0.000  0.536     0.00     0.00     0.00     0.00     0.00 -1 -1.87e-12      0.00 7.755e-01 2.244e-01 2.660e-05 7.275e-06 6.615e-05 -1.000 1.636e-04 2.644 3.683 3.023 2.615 2.484 2.441 2.433
0.00015547 -2.00000 10.04922 0.8097653389 2.4220922831    0.808  0.893  3.7449  3.384    2  0.000  0.536     0.00     0.00     0.00     0.00     0.00 -1  -2.2e-12      0.00 7.713e-01 2.285e-01 2.699e-05 7.379e-06 6.708e-05 -1.000 1.636e-04 2.538 3.605 2.929 2.508 2.371 2.324 2.314
0.00015547 -2.00000 10.04922 0.8098438978 2.4221189979    0.808  0.900  3.7444  3.375    2  0.000  0.536     0.00     0.00     0.00     0.00     0.00 -1 -2.26e-12      0.00 7.709e-01 2.290e-01 2.703e-05 7.390e-06 6.718e-05 -1.000 1.321e-04 2.520 3.590 2.913 2.490 2.352 2.304 2.295
0.00015547 -2.00000 10.04922 0.8102757931 2.4222657616    0.808  0.941  3.7421  3.325    3  0.000  0.537     0.00     0.00     0.00     0.00     0.00 -1 -2.63e-12      0.00 7.685e-01 2.314e-01 2.723e-05 7.444e-06 6.767e-05 -1.000 1.526e-04 2.417 3.503 2.817 2.387 2.245 2.195 2.185
0.00015547 -2.00000 10.04922 0.8107529879 2.4224277097    0.809  0.990  3.7398  3.267    3  0.000  0.537     0.00     0.00     0.00     0.00     0.00 -1 -3.14e-12      0.00 7.662e-01 2.337e-01 2.741e-05 7.492e-06 6.810e-05 -1.000 1.365e-04 2.295 3.398 2.703 2.265 2.120 2.067 2.055
0.00015547 -2.00000 10.04922 0.8111557364 2.4225642221    0.809  1.034  3.7380  3.216    3  0.000  0.537     0.00     0.00     0.00     0.00     0.00 -1 -3.68e-12      0.00 7.644e-01 2.354e-01 2.753e-05 7.525e-06 6.839e-05 -1.000 1.616e-04 2.186 3.303 2.600 2.156 2.008 1.953 1.941
0.00015547 -2.00000 10.04922 0.8115435839 2.4226955364    0.809  1.079  3.7364  3.165    3  0.000  0.537     0.00     0.00     0.00     0.00     0.00 -1 -4.33e-12      0.00 7.628e-01 2.370e-01 2.763e-05 7.552e-06 6.863e-05 -1.000 1.637e-04 2.074 3.203 2.493 2.045 1.894 1.837 1.824
0.00015547 -2.00000 10.04922 0.8119046688 2.4228176600    0.810  1.123  3.7349  3.115    3  0.000  0.537     0.00     0.00     0.00     0.00     0.00 -1 -5.08e-12      0.00 7.614e-01 2.385e-01 2.771e-05 7.575e-06 6.883e-05 -1.000 1.637e-04 1.962 3.103 2.388 1.934 1.781 1.723 1.708
0.00015547 -2.00000 10.04922 0.8122448325 2.4229325936    0.810  1.168  3.7334  3.064    3  0.000  0.537     0.00     0.00     0.00     0.00     0.00 -1 -5.97e-12      0.00 7.600e-01 2.398e-01 2.777e-05 7.595e-06 6.900e-05 -1.000 1.618e-04 1.851 3.002 2.281 1.823 1.668 1.607 1.593
0.00015547 -2.00000 10.04922 0.8125852346 2.4230474970    0.810  1.216  3.7320  3.010    3  0.000  0.536     0.00     0.00     0.00     0.00     0.00 -1  -7.1e-12      0.00 7.587e-01 2.411e-01 2.781e-05 7.614e-06 6.914e-05 -1.000 1.323e-04 1.730 2.893 2.165 1.703 1.545 1.484 1.468
0.00015547 -2.00000 10.04922 0.8128793836 2.4231466983    0.810  1.261  3.7305  2.960    3  0.000  0.536     0.00     0.00     0.00     0.00     0.00 -1 -8.35e-12      0.00 7.576e-01 2.423e-01 2.783e-05 7.634e-06 6.925e-05 -1.000 1.508e-04 1.617 2.791 2.057 1.591 1.431 1.368 1.351
0.00015547 -2.00000 10.04922 0.8131687045 2.4232441910    0.810  1.309  3.7290  2.906    3  0.000  0.535     0.00     0.00     0.00     0.00     0.00 -1 -9.92e-12      0.00 7.564e-01 2.434e-01 2.782e-05 7.661e-06 6.935e-05 -1.000 1.637e-04 1.497 2.682 1.942 1.471 1.309 1.244 1.227
0.00015547 -2.00000 10.04922 0.8134312630 2.4233325964    0.811  1.357  3.7276  2.853    3  0.000  0.534     0.00     0.00     0.00     0.00     0.00 -1 -1.18e-11      0.00 7.555e-01 2.444e-01 2.779e-05 7.698e-06 6.942e-05 -1.000 1.637e-04 1.379 2.576 1.829 1.353 1.189 1.122 1.104
0.00015547 -2.00000 10.04922 0.8136687875 2.4234125162    0.811  1.403  3.7261  2.800    3  0.000  0.532     0.00     0.00     0.00     0.00     0.00 -1 -1.39e-11      0.00 7.547e-01 2.452e-01 2.773e-05 7.746e-06 6.948e-05 -1.000 1.637e-04 1.262 2.471 1.718 1.238 1.071 1.003 0.984
0.00015547 -2.00000 10.04922 0.8138853908 2.4234853499    0.811  1.449  3.7246  2.748    3  0.000  0.531     0.00     0.00     0.00     0.00     0.00 -1 -1.64e-11      0.00 7.539e-01 2.459e-01 2.767e-05 7.803e-06 6.953e-05 -1.000 1.637e-04 1.147 2.369 1.608 1.123 0.955 0.884 0.865
0.00015547 -2.00000 10.04922 0.8140899539 2.4235540941    0.811  1.497  3.7231  2.695    3  0.000  0.530     0.00     0.00     0.00     0.00     0.00 -1 -1.95e-11      0.00 7.534e-01 2.465e-01 2.761e-05 7.865e-06 6.957e-05 -1.000 1.637e-04 1.028 2.262 1.495 1.005 0.834 0.762 0.742
0.00015547 -2.00000 10.04922 0.8142728209 2.4236155136    0.811  1.543  3.7216  2.642    3  0.000  0.528     0.00     0.00     0.00     0.00     0.00 -1  -2.3e-11      0.00 7.529e-01 2.469e-01 2.755e-05 7.928e-06 6.960e-05 -1.000 1.637e-04 0.912 2.158 1.384 0.890 0.716 0.643 0.622
0.00015547 -2.00000 10.04922 0.8144366741 2.4236705200    0.811  1.589  3.7200  2.590    3  0.000  0.527     0.00     0.00     0.00     0.00     0.00 -1 -2.71e-11      0.00 7.526e-01 2.473e-01 2.749e-05 7.979e-06 6.962e-05 -1.000 1.637e-04 0.798 2.057 1.277 0.777 0.601 0.526 0.504
0.00015547 -2.00000 10.04922 0.8145902753 2.4237220617    0.811  1.635  3.7184  2.538    3  0.000  0.526     0.00     0.00     0.00     0.00     0.00 -1 -3.21e-11      0.00 7.523e-01 2.475e-01 2.746e-05 8.017e-06 6.963e-05 -1.000 1.636e-04 0.682 1.955 1.167 0.663 0.484 0.407 0.384
0.00015547 -2.00000 10.04922 0.8147266507 2.4237678044    0.811  1.680  3.7169  2.486    3  0.000  0.526     0.00     0.00     0.00     0.00     0.00 -1 -3.78e-11      0.00 7.522e-01 2.476e-01 2.743e-05 8.040e-06 6.964e-05 -1.000 1.637e-04 0.570 1.857 1.061 0.551 0.370 0.291 0.268
0.00015547 -2.00000 10.04922 0.8148539662 2.4238104924    0.810  1.726  3.7152  2.434    3  0.000  0.525     0.00     0.00     0.00     0.00     0.00 -1 -4.46e-11      0.00 7.521e-01 2.477e-01 2.742e-05 8.053e-06 6.965e-05 -1.000 1.636e-04 0.456 1.761 0.954 0.438 0.254 0.173 0.149
0.00015547 -2.00000 10.04922 0.8149724007 2.4238501888    0.810  1.772  3.7136  2.381    3  0.000  0.525     0.00     0.00     0.00     0.00     0.00 -1 -5.27e-11      0.00 7.521e-01 2.477e-01 2.742e-05 8.059e-06 6.965e-05 -1.000 1.638e-04 0.340 1.663 0.846 0.323 0.136 0.053 0.028
0.00015547 -2.00000 10.04922 0.8150810003 2.4238865772    0.810  1.818  3.7119  2.328    3  0.000  0.525     0.00     0.00     0.00     0.00     0.00 -1 -6.23e-11      0.00 7.521e-01 2.477e-01 2.741e-05 8.061e-06 6.965e-05 -1.000 1.637e-04 0.225 1.565 0.737 0.208 0.019 -0.066 -0.092
0.00015547 -2.00000 10.04922 0.8151797056 2.4239196406    0.810  1.864  3.7102  2.275    3  0.000  0.525     0.00     0.00     0.00     0.00     0.00 -1 -7.36e-11      0.00 7.521e-01 2.477e-01 2.741e-05 8.062e-06 6.965e-05 -1.000 1.637e-04 0.111 1.469 0.631 0.095 -0.098 -0.185 -0.211
0.00015547 -2.00000 10.04922 0.8152720928 2.4239505794    0.810  1.910  3.7084  2.222    3  0.000  0.525     0.00     0.00     0.00     0.00     0.00 -1 -8.71e-11      0.00 7.521e-01 2.477e-01 2.741e-05 8.064e-06 6.965e-05 -1.000 1.636e-04 -0.005 1.374 0.523 -0.020 -0.215 -0.304 -0.332
0.00015547 -2.00000 10.04922 0.8153563142 2.4239787765    0.809  1.956  3.7067  2.169    3  0.000  0.525     0.00     0.00     0.00     0.00     0.00 -1 -1.03e-10      0.00 7.521e-01 2.477e-01 2.741e-05 8.065e-06 6.966e-05 -1.000 1.636e-04 -0.120 1.279 0.416 -0.134 -0.332 -0.423 -0.452
0.00015547 -2.00000 10.04922 0.8154310584 2.4240037950    0.809  2.000  3.7049  2.117    3  0.000  0.525     0.00     0.00     0.00     0.00     0.00 -1 -1.21e-10      0.00 7.521e-01 2.478e-01 2.741e-05 8.066e-06 6.966e-05 -1.000 1.636e-04 -0.231 1.190 0.315 -0.243 -0.444 -0.538 -0.567
0.00015547 -2.00000 10.04922 0.8154999018 2.4240268338    0.809  2.045  3.7032  2.066    3  0.000  0.525     0.00     0.00     0.00     0.00     0.00 -1 -1.42e-10      0.00 7.521e-01 2.478e-01 2.741e-05 8.067e-06 6.966e-05 -1.000 1.636e-04 -0.342 1.100 0.213 -0.352 -0.556 -0.652 -0.683
0.00015547 -2.00000 10.04922 0.8155645132 2.4240484522    0.808  2.089  3.7015  2.014    3  0.000  0.525     0.00     0.00     0.00     0.00     0.00 -1 -1.67e-10      0.00 7.521e-01 2.478e-01 2.741e-05 8.068e-06 6.966e-05 -1.000 1.636e-04 -0.454 1.009 0.110 -0.463 -0.670 -0.768 -0.799
0.00015547 -2.00000 10.04922 0.8156225085 2.4240678536    0.808  2.133  3.6996  1.963    3  0.000  0.525     0.00     0.00     0.00     0.00     0.00 -1 -1.96e-10      0.00 7.521e-01 2.478e-01 2.741e-05 8.069e-06 6.966e-05 -1.000 1.637e-04 -0.561 0.926 0.012 -0.569 -0.780 -0.880 -0.912
0.00015547 -2.00000 10.04922 0.8156806827 2.4240873117    0.807  2.178  3.6978  1.910    3  0.000  0.525     0.00     0.00     0.00     0.00     0.00 -1 -2.31e-10      0.00 7.521e-01 2.478e-01 2.741e-05 8.070e-06 6.966e-05 -1.000 1.637e-04 -0.675 0.840 -0.091 -0.680 -0.894 -0.997 -1.030
0.00015547 -2.00000 10.04922 0.8157417178 2.4241077232    0.807  2.218  3.6962  1.863    3  0.000  0.525     0.00     0.00     0.00     0.00     0.00 -1 -2.69e-10      0.00 7.521e-01 2.478e-01 2.741e-05 8.071e-06 6.966e-05 -1.000 1.636e-04 -0.776 0.762 -0.183 -0.780 -0.997 -1.102 -1.136
0.00015547 -2.00000 10.04922 0.8157736063 2.4241183861    0.806  2.233  3.6956  1.846    3  0.000  0.525     0.00     0.00     0.00     0.00     0.00 -1 -2.85e-10      0.00 7.521e-01 2.478e-01 2.741e-05 8.072e-06 6.966e-05 -1.000 1.636e-04 -0.812 0.735 -0.216 -0.816 -1.034 -1.139 -1.174
0.00015547 -2.00000 10.04922 0.8158064485 2.4241293668    0.806  2.223  3.6963  1.859    3  0.000  0.525     0.00     0.00     0.00     0.00     0.00 -1 -2.76e-10      0.00 7.521e-01 2.478e-01 2.741e-05 8.072e-06 6.966e-05 -1.000 1.636e-04 -0.787 0.750 -0.195 -0.791 -1.008 -1.112 -1.147
0.00015547 -2.00000 10.04922 0.8158133626 2.4241316784    0.806  2.230  3.6960  1.850    3  0.000  0.525     0.00     0.00     0.00     0.00     0.00 -1 -2.82e-10      0.00 7.521e-01 2.478e-01 2.741e-05 8.072e-06 6.966e-05 -1.000 1.636e-04 -0.804 0.737 -0.210 -0.808 -1.026 -1.131 -1.165
0.00015547 -2.00000 10.04922 0.8158515096 2.4241444312    0.805  2.271  3.6941  1.802    3  0.000  0.525     0.00     0.00     0.00     0.00     0.00 -1 -3.26e-10      0.00 7.520e-01 2.478e-01 2.741e-05 8.073e-06 6.966e-05 -1.000 1.636e-04 -0.907 0.661 -0.302 -0.909 -1.130 -1.237 -1.273
0.00015547 -2.00000 10.04922 0.8158900142 2.4241573023    0.805  2.315  3.6923  1.750    3  0.000  0.525     0.00     0.00     0.00     0.00     0.00 -1 -3.82e-10      0.00 7.520e-01 2.478e-01 2.740e-05 8.074e-06 6.966e-05 -1.000 1.637e-04 -1.016 0.579 -0.401 -1.017 -1.241 -1.350 -1.387
0.00015547 -2.00000 10.04922 0.8159227371 2.4241682396    0.804  2.354  3.6905  1.703    3  0.000  0.525     0.00     0.00     0.00     0.00     0.00 -1 -4.42e-10      0.00 7.520e-01 2.478e-01 2.740e-05 8.074e-06 6.966e-05 -1.000 1.637e-04 -1.115 0.507 -0.489 -1.113 -1.341 -1.453 -1.491
0.00015547 -2.00000 10.04922 0.8159549832 2.4241790165    0.803  2.396  3.6886  1.654    3  0.000  0.525     0.00     0.00     0.00     0.00     0.00 -1 -5.14e-10      0.00 7.520e-01 2.478e-01 2.740e-05 8.075e-06 6.966e-05 -1.000 1.636e-04 -1.219 0.434 -0.580 -1.214 -1.446 -1.560 -1.599
0.00015547 -2.00000 10.04922 0.8159849644 2.4241890355    0.803  2.437  3.6868  1.605    3  0.000  0.525     0.00     0.00     0.00     0.00     0.00 -1 -5.99e-10      0.00 7.520e-01 2.478e-01 2.740e-05 8.075e-06 6.966e-05 -1.000 1.637e-04 -1.323 0.360 -0.672 -1.315 -1.551 -1.667 -1.707
0.00015547 -2.00000 10.04922 0.8160113096 2.4241978389    0.802  2.476  3.6849  1.558    3  0.000  0.525     0.00     0.00     0.00     0.00     0.00 -1 -6.93e-10      0.00 7.520e-01 2.478e-01 2.740e-05 8.075e-06 6.966e-05 -1.000 1.636e-04 -1.420 0.301 -0.755 -1.411 -1.650 -1.769 -1.809
0.00015547 -2.00000 10.04922 0.8160373569 2.4242065420    0.801  2.517  3.6830  1.508    3  0.000  0.525     6.59     5.26     3.74     2.89     2.34  3 -8.06e-10      0.00 7.520e-01 2.478e-01 2.740e-05 8.076e-06 6.966e-05 -1.000 1.636e-04 -1.523 0.245 -0.844 -1.513 -1.756 -1.877 -1.919
0.00015547 -2.00000 10.04922 0.8160604835 2.4242142687    0.800  2.557  3.6812  1.461    3  0.000  0.525     7.28     5.73     4.06     3.14     2.54  3 -9.33e-10      0.00 7.520e-01 2.478e-01 2.740e-05 8.076e-06 6.966e-05 -1.000 1.637e-04 -1.622 0.198 -0.926 -1.611 -1.857 -1.981 -2.024
0.00015547 -2.00000 10.04922 0.8160820007 2.4242214572    0.799  2.596  3.6792  1.414    3  0.000  0.525     8.04     6.24     4.41     3.41     2.76  3 -1.08e-09      0.00 7.520e-01 2.478e-01 2.740e-05 8.077e-06 6.966e-05 -1.000 1.636e-04 -1.719 0.158 -1.006 -1.707 -1.958 -2.084 -2.128
0.00015547 -2.00000 10.04922 0.8161025643 2.4242283268    0.798  2.636  3.6773  1.366    3  0.000  0.525     8.90     6.80     4.78     3.71     3.00  3 -1.25e-09      0.00 7.520e-01 2.478e-01 2.740e-05 8.077e-06 6.966e-05 -1.000 1.636e-04 -1.819 0.120 -1.085 -1.805 -2.060 -2.189 -2.234
0.00015547 -2.00000 10.04922 0.8161246777 2.4242357136    0.796  2.682  3.6750  1.309    3  0.000  0.525    10.02     7.53     5.27     4.09     3.31  3 -1.48e-09      0.00 7.520e-01 2.478e-01 2.740e-05 8.077e-06 6.966e-05 -1.000 1.637e-04 -1.934 0.086 -1.174 -1.917 -2.179 -2.311 -2.357
0.00015547 -2.00000 10.04922 0.8161424398 2.4242416466    0.795  2.722  3.6730  1.261    3  0.000  0.525    11.09     8.21     5.73     4.45     3.61  3 -1.72e-09      0.00 7.520e-01 2.478e-01 2.740e-05 8.077e-06 6.966e-05 -1.000 1.637e-04 -2.034 0.058 -1.250 -2.015 -2.281 -2.416 -2.464
0.00015547 -2.00000 10.04922 0.8161607981 2.4242477784    0.793  2.766  3.6707  1.206    3  0.000  0.525    12.45     9.06     6.29     4.90     3.97  3 -2.03e-09      0.00 7.520e-01 2.478e-01 2.740e-05 8.078e-06 6.966e-05 -1.000 1.636e-04 -2.144 0.041 -1.330 -2.122 -2.395 -2.534 -2.583
0.00015547 -2.00000 10.04922 0.8161759377 2.4242528349    0.792  2.805  3.6688  1.159    3  0.000  0.525    13.76     9.87     6.83     5.32     4.31  2 -2.35e-09      0.00 7.520e-01 2.478e-01 2.740e-05 8.078e-06 6.966e-05 -1.000 1.636e-04 -2.242 0.023 -1.401 -2.217 -2.496 -2.637 -2.688
0.00015547 -2.00000 10.04922 0.8161913157 2.4242579708    0.790  2.848  3.6663  1.105    3  0.000  0.525    15.40    10.86     7.48     5.84     4.73  2 -2.76e-09      0.00 7.520e-01 2.478e-01 2.740e-05 8.078e-06 6.966e-05 -1.000 1.637e-04 -2.349 0.024 -1.471 -2.318 -2.605 -2.750 -2.802
0.00015547 -2.00000 10.04922 0.8162041306 2.4242622506    0.788  2.885  3.6644  1.059    3  0.000  0.525    16.98    11.81     8.10     6.33     5.13  2 -3.18e-09      0.00 7.520e-01 2.478e-01 2.740e-05 8.078e-06 6.966e-05 -1.000 1.636e-04 -2.443 0.019 -1.535 -2.409 -2.702 -2.850 -2.904
0.00015547 -2.00000 10.04922 0.8162176013 2.4242667491    0.786  2.928  3.6620  1.006    3  0.000  0.525    19.00    12.99     8.87     6.95     5.63  2 -3.73e-09      0.00 7.520e-01 2.478e-01 2.740e-05 8.079e-06 6.966e-05 -1.000 1.636e-04 -2.549 0.032 -1.600 -2.509 -2.811 -2.963 -3.018
0.00015547 -2.00000 10.04922 0.8162311912 2.4242712873    0.784  2.974  3.6595  0.948    3  0.000  0.525    21.43    14.40     9.79     7.68     6.22  2 -4.44e-09      0.00 7.520e-01 2.478e-01 2.740e-05 8.079e-06 6.966e-05 -1.000 1.636e-04 -2.665 0.055 -1.665 -2.617 -2.929 -3.086 -3.143
0.00015547 -2.00000 10.04922 0.8162422776 2.4242749894    0.781  3.014  3.6571  0.897    3  0.000  0.525    23.88    15.79    10.69     8.39     6.81  2 -5.18e-09      0.00 7.520e-01 2.478e-01 2.740e-05 8.079e-06 6.966e-05 -1.000 1.636e-04 -2.765 0.078 -1.716 -2.708 -3.030 -3.192 -3.251
0.00015547 -2.00000 10.04922 0.8162517548 2.4242781540    0.779  3.051  3.6551  0.851    3  0.000  0.525    26.29    17.14    11.56     9.09     7.37  1 -5.95e-09      0.00 7.520e-01 2.478e-01 2.740e-05 8.079e-06 6.966e-05 -1.000 1.637e-04 -2.856 0.067 -1.772 -2.790 -3.120 -3.286 -3.347
0.00015547 -2.00000 10.04922 0.8162615299 2.4242814180    0.776  3.090  3.6527  0.800    3  0.000  0.525    29.27    18.77    12.61     9.93     8.06  1 -6.92e-09      0.00 7.520e-01 2.478e-01 2.740e-05 8.079e-06 6.966e-05 -1.000 1.637e-04 -2.956 0.061 -1.829 -2.878 -3.218 -3.389 -3.451
0.00015547 -2.00000 10.04922 0.8162716031 2.4242847814    0.772  3.134  3.6502  0.745    3  0.000  0.525    32.90    20.73    13.86    10.93     8.87  1 -8.17e-09      0.00 7.520e-01 2.478e-01 2.740e-05 8.080e-06 6.967e-05 -1.000 1.637e-04 -3.065 0.053 -1.893 -2.975 -3.325 -3.501 -3.566
0.00015547 -2.00000 10.04922 0.8162800074 2.4242875876    0.768  3.173  3.6478  0.694    3  0.000  0.525    36.56    22.68    15.10    11.93     9.68  1 -9.49e-09      0.00 7.520e-01 2.478e-01 2.740e-05 8.080e-06 6.967e-05 -1.000 1.637e-04 -3.161 0.049 -1.948 -3.060 -3.419 -3.600 -3.667
0.00015547 -2.00000 10.04922 0.8162884712 2.4242904135    0.764  3.214  3.6454  0.641    3  0.000  0.525    40.86    24.92    16.52    13.07    10.61  1 -1.11e-08      0.00 7.520e-01 2.478e-01 2.740e-05 8.080e-06 6.967e-05 -1.000 1.637e-04 -3.264 0.043 -2.005 -3.149 -3.518 -3.704 -3.773
0.00015547 -2.00000 10.04922 0.8162963390 2.4242930404    0.760  3.252  3.6431  0.591    3  0.000  0.525    45.39    27.24    17.98    14.25    11.57  1 -1.29e-08      0.00 7.520e-01 2.478e-01 2.740e-05 8.080e-06 6.967e-05 -1.000 1.637e-04 -3.359 0.040 -2.056 -3.232 -3.611 -3.802 -3.873
0.00015547 -2.00000 10.04922 0.8162985444 2.4242937767    0.758  3.261  3.6426  0.579    3  0.000  0.525    46.59    27.85    18.36    14.56    11.82  1 -1.35e-08      0.00 7.520e-01 2.478e-01 2.740e-05 8.080e-06 6.967e-05 -1.000 1.637e-04 -3.383 0.039 -2.069 -3.252 -3.634 -3.826 -3.898
0.00015547 -2.00000 10.04922 0.8162985444 2.4242937767    0.758  1.689  3.8745  3.079    4  0.000  0.532     0.00     0.00     0.00     0.00     0.00 -1    -1e-30      0.00 7.549e-01 2.450e-01 2.759e-05 7.739e-06 6.924e-05 -1.000 1.637e-04 0.546 1.011 0.517 0.572 0.672 0.719 0.749
0.00015547 -2.00000 10.04922 0.8162994385 2.4242940752    0.758  1.701  3.8673  3.038    4  0.000  0.532     0.00     0.00     0.00     0.00     0.00 -1    -1e-30      0.00 7.549e-01 2.450e-01 2.759e-05 7.739e-06 6.924e-05 -1.000 1.637e-04 0.518 1.000 0.502 0.532 0.620 0.663 0.692
0.00015547 -2.00000 10.04922 0.8163573742 2.4243134165    0.759  1.715  3.8616  3.002    4  0.000  0.532     0.00     0.00     0.00     0.00     0.00 -1    -1e-30      0.00 7.549e-01 2.450e-01 2.759e-05 7.739e-06 6.924e-05 -1.000 1.637e-04 0.483 0.980 0.479 0.490 0.567 0.609 0.636
0.00015547 -2.00000 10.04922 0.8164138198 2.4243322574    0.759  1.715  3.8624  3.004    4  0.000  0.532     0.00     0.00     0.00     0.00     0.00 -1    -1e-30      0.00 7.549e-01 2.450e-01 2.759e-05 7.739e-06 6.924e-05 -1.000 1.637e-04 0.482 0.977 0.476 0.490 0.569 0.610 0.638
0.00015547 -2.00000 10.04922 0.8164702654 2.4243510952    0.759  1.715  3.8634  3.008    4  0.000  0.532     0.00     0.00     0.00     0.00     0.00 -1    -1e-30      0.00 7.549e-01 2.450e-01 2.759e-05 7.739e-06 6.924e-05 -1.000 1.636e-04 0.482 0.974 0.474 0.490 0.571 0.613 0.641
0.00015547 -2.00000 10.04922 0.8165274262 2.4243701687    0.759  1.715  3.8644  3.013    4  0.000  0.532     0.00     0.00     0.00     0.00     0.00 -1    -1e-30      0.00 7.549e-01 2.450e-01 2.759e-05 7.739e-06 6.924e-05 -1.000 1.637e-04 0.482 0.970 0.471 0.492 0.575 0.617 0.645
0.00015547 -2.00000 10.04922 0.8165860772 2.4243897363    0.759  1.715  3.8655  3.017    4  0.000  0.532     0.00     0.00     0.00     0.00     0.00 -1    -1e-30      0.00 7.549e-01 2.450e-01 2.759e-05 7.739e-06 6.924e-05 -1.000 1.637e-04 0.482 0.967 0.469 0.493 0.578 0.621 0.649
0.00015547 -2.00000 10.04922 0.8166443110 2.4244091614    0.759  1.715  3.8666  3.021    4  0.000  0.532     0.00     0.00     0.00     0.00     0.00 -1    -1e-30      0.00 7.549e-01 2.450e-01 2.759e-05 7.739e-06 6.924e-05 -1.000 1.637e-04 0.482 0.965 0.467 0.495 0.581 0.625 0.653
0.00015547 -2.00000 10.04922 0.8166987300 2.4244273112    0.759  1.715  3.8674  3.025    4  0.000  0.532     0.00     0.00     0.00     0.00     0.00 -1    -1e-30      0.00 7.549e-01 2.450e-01 2.759e-05 7.739e-06 6.924e-05 -1.000 1.637e-04 0.482 0.963 0.465 0.496 0.584 0.628 0.656
0.00015547 -2.00000 10.04922 0.8167575002 2.4244469091    0.759  1.715  3.8681  3.027    4  0.000  0.532     0.00     0.00     0.00     0.00     0.00 -1    -1e-30      0.00 7.549e-01 2.450e-01 2.759e-05 7.739e-06 6.924e-05 -1.000 1.637e-04 0.482 0.961 0.463 0.497 0.586 0.630 0.659
0.00015547 -2.00000 10.04922 0.8168116212 2.4244649537    0.759  1.715  3.8683  3.028    4  0.000  0.532     0.00     0.00     0.00     0.00     0.00 -1    -1e-30      0.00 7.549e-01 2.450e-01 2.759e-05 7.739e-06 6.924e-05 -1.000 1.637e-04 0.481 0.960 0.462 0.496 0.587 0.630 0.659
0.00015547 -2.00000 10.04922 0.8168664575 2.4244832340    0.759  1.716  3.8683  3.028    4  0.000  0.532     0.00     0.00     0.00     0.00     0.00 -1    -1e-30      0.00 7.549e-01 2.450e-01 2.759e-05 7.739e-06 6.924e-05 -1.000 1.636e-04 0.480 0.959 0.461 0.495 0.585 0.629 0.658
0.00015547 -2.00000 10.04922 0.8169240952 2.4245024452    0.759  1.717  3.8677  3.024    4  0.000  0.532     0.00     0.00     0.00     0.00     0.00 -1    -1e-30      0.00 7.549e-01 2.450e-01 2.759e-05 7.739e-06 6.924e-05 -1.000 1.637e-04 0.479 0.958 0.461 0.493 0.581 0.625 0.653
0.00015547 -2.00000 10.04922 0.8169839978 2.4245224080    0.759  1.718  3.8665  3.019    4  0.000  0.532     0.00     0.00     0.00     0.00     0.00 -1    -1e-30      0.00 7.549e-01 2.450e-01 2.759e-05 7.739e-06 6.924e-05 -1.000 1.637e-04 0.476 0.959 0.461 0.489 0.575 0.618 0.647
0.00015547 -2.00000 10.04922 0.8170398474 2.4245410170    0.759  1.719  3.8649  3.011    4  0.000  0.532     0.00     0.00     0.00     0.00     0.00 -1    -1e-30      0.00 7.549e-01 2.450e-01 2.759e-05 7.739e-06 6.924e-05 -1.000 1.637e-04 0.473 0.960 0.461 0.483 0.567 0.610 0.638
0.00015547 -2.00000 10.04922 0.8170942068 2.4245591268    0.759  1.720  3.8627  3.001    4  0.000  0.532     0.00     0.00     0.00     0.00     0.00 -1    -1e-30      0.00 7.549e-01 2.450e-01 2.759e-05 7.739e-06 6.924e-05 -1.000 1.637e-04 0.469 0.962 0.462 0.476 0.556 0.598 0.625
0.00015547 -2.00000 10.04922 0.8171513081 2.4245781469    0.759  1.722  3.8597  2.987    4  0.000  0.532     0.00     0.00     0.00     0.00     0.00 -1    -1e-30      0.00 7.549e-01 2.450e-01 2.759e-05 7.739e-06 6.924e-05 -1.000 1.637e-04 0.464 0.965 0.463 0.468 0.542 0.582 0.609
0.00015547 -2.00000 10.04922 0.8172051907 2.4245960922    0.759  1.725  3.8563  2.971    4  0.000  0.532     0.00     0.00     0.00     0.00     0.00 -1    -1e-30      0.00 7.549e-01 2.450e-01 2.759e-05 7.739e-06 6.924e-05 -1.000 1.637e-04 0.458 0.969 0.466 0.459 0.527 0.565 0.592
0.00015547 -2.00000 10.04922 0.8172594309 2.4246141538    0.760  1.727  3.8521  2.951    4  0.000  0.532     0.00     0.00     0.00     0.00     0.00 -1    -1e-30      0.00 7.549e-01 2.450e-01 2.759e-05 7.739e-06 6.924e-05 -1.000 1.636e-04 0.452 0.974 0.469 0.448 0.508 0.545 0.570
0.00015547 -2.00000 10.04922 0.8173152208 2.4246327286    0.760  1.730  3.8471  2.929    4  0.000  0.532     0.00     0.00     0.00     0.00     0.00 -1    -1e-30      0.00 7.549e-01 2.450e-01 2.759e-05 7.739e-06 6.924e-05 -1.000 1.636e-04 0.444 0.981 0.474 0.436 0.487 0.521 0.545
0.00015547 -2.00000 10.04922 0.8173723817 2.4246517568    0.760  1.734  3.8412  2.901    4  0.000  0.532     0.00     0.00     0.00     0.00     0.00 -1    -1e-30      0.00 7.549e-01 2.450e-01 2.759e-05 7.739e-06 6.924e-05 -1.000 1.637e-04 0.435 0.990 0.480 0.422 0.462 0.493 0.516
0.00015547 -2.00000 10.04922 0.8174257278 2.4246695123    0.760  1.738  3.8350  2.873    4  0.000  0.532     0.00     0.00     0.00     0.00     0.00 -1    -1e-30      0.00 7.549e-01 2.450e-01 2.759e-05 7.739e-06 6.924e-05 -1.000 1.635e-04 0.425 1.000 0.487 0.408 0.436 0.464 0.485
0.00015547 -2.00000 10.04922 0.8174307346 2.4246711786    0.760  1.738  3.8345  2.870    4  0.000  0.532     0.00     0.00     0.00     0.00     0.00 -1    -1e-30      0.00 7.549e-01 2.450e-01 2.759e-05 7.739e-06 6.924e-05 -1.000 1.637e-04 0.424 1.001 0.487 0.406 0.434 0.461 0.482
0.00015547 -2.00000 10.04922 0.8174402118 2.4246743327    0.760  1.739  3.8333  2.865    4  0.000  0.532     0.00     0.00     0.00     0.00     0.00 -1    -1e-30      0.00 7.549e-01 2.450e-01 2.759e-05 7.739e-06 6.924e-05 -1.000 1.637e-04 0.422 1.003 0.488 0.404 0.429 0.456 0.476
0.00015547 -2.00000 10.04922 0.8174959421 2.4246928782    0.760  1.743  3.8265  2.833    4  0.000  0.532     0.00     0.00     0.00     0.00     0.00 -1    -1e-30      0.00 7.549e-01 2.450e-01 2.759e-05 7.739e-06 6.924e-05 -1.000 1.637e-04 0.411 1.016 0.496 0.388 0.401 0.424 0.443
0.00015547 -2.00000 10.04922 0.8175503612 2.4247109845    0.760  1.748  3.8197  2.802    4  0.000  0.532     0.00     0.00     0.00     0.00     0.00 -1    -1e-30      0.00 7.549e-01 2.450e-01 2.759e-05 7.739e-06 6.924e-05 -1.000 1.637e-04 0.400 1.030 0.505 0.374 0.374 0.393 0.409
0.00015547 -2.00000 10.04922 0.8176084757 2.4247303173    0.760  1.753  3.8120  2.766    4  0.000  0.532     0.00     0.00     0.00     0.00     0.00 -1    -1e-30      0.00 7.549e-01 2.450e-01 2.759e-05 7.739e-06 6.924e-05 -1.000 1.637e-04 0.387 1.047 0.515 0.357 0.344 0.356 0.371
0.00015547 -2.00000 10.04922 0.8176637888 2.4247487153    0.760  1.759  3.8044  2.730    4  0.000  0.532     0.00     0.00     0.00     0.00     0.00 -1    -1e-30      0.00 7.549e-01 2.450e-01 2.759e-05 7.739e-06 6.924e-05 -1.000 1.637e-04 0.373 1.067 0.526 0.340 0.314 0.320 0.333
0.00015547 -2.00000 10.04922 0.8177168369 2.4247663572    0.760  1.764  3.7976  2.697    4  0.000  0.532     0.00     0.00     0.00     0.00     0.00 -1    -1e-30      0.00 7.549e-01 2.450e-01 2.759e-05 7.739e-06 6.924e-05 -1.000 1.637e-04 0.359 1.085 0.534 0.325 0.286 0.287 0.297
0.00015547 -2.00000 10.04922 0.8177715540 2.4247845514    0.760  1.771  3.7909  2.664    4  0.000  0.532     0.00     0.00     0.00     0.00     0.00 -1    -1e-30      0.00 7.549e-01 2.450e-01 2.759e-05 7.739e-06 6.924e-05 -1.000 1.636e-04 0.344 1.102 0.542 0.308 0.257 0.253 0.260
0.00015547 -2.00000 10.04922 0.8178253174 2.4248024257    0.760  1.776  3.7855  2.636    4  0.000  0.532     0.00     0.00     0.00     0.00     0.00 -1    -1e-30      0.00 7.549e-01 2.450e-01 2.759e-05 7.739e-06 6.924e-05 -1.000 1.636e-04 0.329 1.116 0.547 0.293 0.232 0.223 0.229
0.00015547 -2.00000 10.04922 0.8178796172 2.4248204756    0.760  1.783  3.7802  2.609    4  0.000  0.532     0.00     0.00     0.00     0.00     0.00 -1    -1e-30      0.00 7.549e-01 2.450e-01 2.759e-05 7.739e-06 6.924e-05 -1.000 1.636e-04 0.313 1.127 0.549 0.276 0.206 0.193 0.196
0.00015547 -2.00000 10.04922 0.8179339767 2.4248385426    0.760  1.790  3.7755  2.583    4  0.000  0.532     0.00     0.00     0.00     0.00     0.00 -1    -1e-30      0.00 7.549e-01 2.450e-01 2.759e-05 7.739e-06 6.924e-05 -1.000 1.637e-04 0.295 1.137 0.548 0.259 0.181 0.163 0.164
0.00015547 -2.00000 10.04922 0.8179886937 2.4248567257    0.760  1.799  3.7703  2.553    4  0.000  0.532     0.00     0.00     0.00     0.00     0.00 -1    -1e-30      0.00 7.549e-01 2.450e-01 2.759e-05 7.739e-06 6.924e-05 -1.000 1.636e-04 0.272 1.144 0.543 0.235 0.148 0.125 0.125
0.00015547 -2.00000 10.04922 0.8179996014 2.4248603501    0.760  1.788  3.7744  2.580    4  0.000  0.532     0.00     0.00     0.00     0.00     0.00 -1    -1e-30      0.00 7.549e-01 2.450e-01 2.759e-05 7.739e-06 6.924e-05 -1.000 1.637e-04 0.299 1.148 0.556 0.263 0.183 0.164 0.165
0.00015547 -2.00000 10.04922 0.8180558085 2.4248790249    0.760  1.804  3.7670  2.535    4  0.000  0.532     0.00     0.00     0.00     0.00     0.00 -1    -1e-30      0.00 7.549e-01 2.450e-01 2.759e-05 7.739e-06 6.924e-05 -1.000 1.637e-04 0.261 1.154 0.544 0.225 0.132 0.106 0.104
0.00015547 -2.00000 10.04922 0.8181111217 2.4248973997    0.760  1.822  3.7603  2.490    4  0.000  0.532     0.00     0.00     0.00     0.00     0.00 -1    -1e-30      0.00 7.549e-01 2.450e-01 2.759e-05 7.739e-06 6.924e-05 -1.000 1.637e-04 0.214 1.148 0.522 0.179 0.074 0.041 0.037
0.00015547 -2.00000 10.04922 0.8181576133 2.4249128418    0.761  1.851  3.7525  2.430    4  0.000  0.532     0.00     0.00     0.00     0.00     0.00 -1    -1e-30      0.00 7.549e-01 2.450e-01 2.759e-05 7.739e-06 6.924e-05 -1.000 1.636e-04 0.143 1.130 0.481 0.109 -0.010 -0.050 -0.058
0.00015547 -2.00000 10.04922 0.8181828856 2.4249212352    0.761  1.883  3.7448  2.367    4  0.000  0.532     0.00     0.00     0.00     0.00     0.00 -1    -1e-30      0.00 7.549e-01 2.450e-01 2.759e-05 7.739e-06 6.924e-05 -1.000 1.637e-04 0.062 1.104 0.429 0.030 -0.101 -0.150 -0.161
0.00015547 -2.00000 10.04922 0.8181942701 2.4249250160    0.761  1.917  3.7380  2.306    4  0.000  0.532     0.00     0.00     0.00     0.00     0.00 -1    -1e-30      0.00 7.549e-01 2.450e-01 2.759e-05 7.739e-06 6.924e-05 -1.000 1.637e-04 -0.023 1.072 0.371 -0.054 -0.196 -0.252 -0.266
0.00015547 -2.00000 10.04922 0.8181993961 2.4249267183    0.761  1.952  3.7321  2.247    4  0.000  0.532     0.00     0.00     0.00     0.00     0.00 -1    -1e-30      0.00 7.549e-01 2.450e-01 2.759e-05 7.739e-06 6.924e-05 -1.000 1.636e-04 -0.110 1.035 0.307 -0.140 -0.292 -0.355 -0.371
0.00015547 -2.00000 10.04922 0.8182017803 2.4249275100    0.761  1.987  3.7272  2.193    4  0.000  0.532     0.00     0.00     0.00     0.00     0.00 -1    -1e-30      0.00 7.549e-01 2.450e-01 2.759e-05 7.739e-06 6.924e-05 -1.000 1.637e-04 -0.197 0.992 0.240 -0.225 -0.386 -0.453 -0.472
0.00015547 -2.00000 10.04922 0.8182027340 2.4249278267    0.761  2.010  3.7245  2.159    7  0.000  0.532     0.00     0.00     0.00     0.00     0.00 -1    -1e-30      0.00 7.549e-01 2.450e-01 2.759e-05 7.739e-06 6.924e-05 -1.000 1.637e-04 -0.256 0.959 0.193 -0.282 -0.448 -0.519 -0.539
0.00015547 -2.00000 10.04922 0.8182029724 2.4249279059    0.761  2.020  3.7235  2.145    7  0.000  0.532     0.00     0.00     0.00     0.00     0.00 -1    -1e-30      0.00 7.549e-01 2.450e-01 2.759e-05 7.739e-06 6.924e-05 -1.000 1.637e-04 -0.279 0.944 0.174 -0.306 -0.473 -0.545 -0.565
0.00015547 -2.00000 10.04922 0.8182040453 2.4249282622    0.761  2.058  3.7201  2.094    7  0.000  0.532     0.00     0.00     0.00     0.00     0.00 -1    -1e-30      0.00 7.549e-01 2.450e-01 2.759e-05 7.739e-06 6.924e-05 -1.000 1.637e-04 -0.375 0.881 0.092 -0.400 -0.573 -0.648 -0.671
0.00015547 -2.00000 10.04922 0.8182049394 2.4249285591    0.761  2.095  3.7171  2.044    7  0.000  0.532     0.00     0.00     0.00     0.00     0.00 -1    -1e-30      0.00 7.549e-01 2.450e-01 2.759e-05 7.739e-06 6.924e-05 -1.000 1.637e-04 -0.468 0.820 0.014 -0.491 -0.669 -0.748 -0.772
0.00015547 -2.00000 10.04922 0.8182058930 2.4249288758    0.761  2.123  3.7150  2.008    7  0.000  0.532     0.00     0.00     0.00     0.00     0.00 -1    -1e-30      0.00 7.549e-01 2.450e-01 2.759e-05 7.739e-06 6.924e-05 -1.000 1.637e-04 -0.538 0.772 -0.047 -0.560 -0.742 -0.823 -0.848
0.00015547 -2.00000 10.04922 0.8182068467 2.4249291925    0.761  2.144  3.7136  1.982    7  0.000  0.532     0.00     0.00     0.00     0.00     0.00 -1    -1e-30      0.00 7.549e-01 2.450e-01 2.759e-05 7.739e-06 6.924e-05 -1.000 1.637e-04 -0.590 0.736 -0.092 -0.611 -0.796 -0.879 -0.904
0.00015547 -2.00000 10.04922 0.8182083964 2.4249297071    0.761  2.155  3.7129  1.967    7  0.000  0.532     0.00     0.00     0.00     0.00     0.00 -1    -1e-30      0.00 7.549e-01 2.450e-01 2.759e-05 7.739e-06 6.924e-05 -1.000 1.637e-04 -0.619 0.715 -0.117 -0.639 -0.825 -0.909 -0.935
0.00015547 -2.00000 10.04922 0.8182111979 2.4249306374    0.761  2.144  3.7138  1.983    7  0.000  0.532     0.00     0.00     0.00     0.00     0.00 -1    -1e-30      0.00 7.549e-01 2.450e-01 2.759e-05 7.739e-06 6.924e-05 -1.000 1.636e-04 -0.589 0.734 -0.092 -0.611 -0.795 -0.878 -0.903
0.00015547 -2.00000 10.04922 0.8182291985 2.4249366148    0.761  2.138  3.7140  1.989    7  0.000  0.532     0.00     0.00     0.00     0.00     0.00 -1    -1e-30      0.00 7.549e-01 2.450e-01 2.759e-05 7.739e-06 6.924e-05 -1.000 1.637e-04 -0.574 0.748 -0.078 -0.595 -0.779 -0.862 -0.887
0.00015547 -2.00000 10.04922 0.8182460666 2.4249422159    0.761  2.163  3.7120  1.957    7  0.000  0.532     0.00     0.00     0.00     0.00     0.00 -1    -1e-30      0.00 7.549e-01 2.450e-01 2.759e-05 7.739e-06 6.924e-05 -1.000 1.636e-04 -0.637 0.708 -0.131 -0.657 -0.844 -0.929 -0.956
0.00015547 -2.00000 10.04922 0.8182665110 2.4249490042    0.761  2.207  3.7089  1.900    7  0.000  0.532     0.00     0.00     0.00     0.00     0.00 -1    -1e-30      0.00 7.549e-01 2.450e-01 2.759e-05 7.739e-06 6.924e-05 -1.000 1.637e-04 -0.748 0.634 -0.226 -0.766 -0.959 -1.048 -1.076
0.00015547 -2.00000 10.04922 0.8182860613 2.4249554952    0.761  2.259  3.7054  1.834    7  0.000  0.532     0.00     0.00     0.00     0.00     0.00 -1    -1e-30      0.00 7.549e-01 2.450e-01 2.759e-05 7.739e-06 6.924e-05 -1.000 1.636e-04 -0.878 0.548 -0.338 -0.894 -1.094 -1.186 -1.216
0.00015547 -2.00000 10.04922 0.8183041215 2.4249614912    0.761  2.310  3.7022  1.769    7  0.000  0.532     0.00     0.00     0.00     0.00     0.00 -1    -1e-30      0.00 7.549e-01 2.450e-01 2.759e-05 7.739e-06 6.924e-05 -1.000 1.637e-04 -1.006 0.463 -0.449 -1.019 -1.225 -1.322 -1.353
0.00015547 -2.00000 10.04922 0.8183203340 2.4249668735    0.761  2.356  3.6994  1.713    7  0.000  0.532     0.00     0.00     0.00     0.00     0.00 -1    -1e-30      0.00 7.549e-01 2.450e-01 2.759e-05 7.740e-06 6.924e-05 -1.000 1.610e-04 -1.119 0.387 -0.547 -1.130 -1.341 -1.441 -1.474
0.00015547 -2.00000 10.04922 0.8183346987 2.4249716421    0.761  2.399  3.6969  1.660    7  0.000  0.531     0.00     0.00     0.00     0.00     0.00 -1    -1e-30      0.00 7.549e-01 2.450e-01 2.757e-05 7.743e-06 6.924e-05 -1.000 1.190e-04 -1.227 0.315 -0.640 -1.235 -1.451 -1.555 -1.589
0.00015547 -2.00000 10.04922 0.8183473349 2.4249758368    0.761  2.441  3.6944  1.608    7  0.000  0.530     0.00     0.00     0.00     0.00     0.00 -1    -1e-30      0.00 7.549e-01 2.449e-01 2.750e-05 7.771e-06 6.924e-05 -1.000 1.429e-04 -1.333 0.245 -0.730 -1.338 -1.558 -1.665 -1.701
0.00015547 -2.00000 10.04922 0.8183584809 2.4249795367    0.761  2.482  3.6921  1.557    7  0.000  0.525     0.00     0.00     0.00     0.00     0.00 -1    -1e-30      0.00 7.549e-01 2.450e-01 2.726e-05 7.939e-06 6.924e-05 -1.000 1.135e-04 -1.435 0.177 -0.819 -1.438 -1.662 -1.772 -1.809
0.00015547 -2.00000 10.04922 0.8183685541 2.4249828803    0.761  2.523  3.6897  1.507    7  0.000  0.513     6.49     5.20     3.70     2.86     2.31  3    -1e-30      0.00 7.547e-01 2.451e-01 2.672e-05 8.486e-06 6.925e-05 -1.000 1.539e-04 -1.537 0.110 -0.906 -1.537 -1.766 -1.879 -1.917
0.00015547 -2.00000 10.04922 0.8183777332 2.4249859271    0.761  2.564  3.6874  1.457    7  0.000  0.499     7.21     5.70     4.03     3.12     2.53  3    -1e-30      0.00 7.546e-01 2.452e-01 2.599e-05 9.352e-06 6.927e-05 -1.000 1.636e-04 -1.639 0.047 -0.992 -1.635 -1.869 -1.985 -2.025
0.00015547 -2.00000 10.04922 0.8183861971 2.4249887364    0.761  2.605  3.6851  1.407    7  0.000  0.484     8.03     6.24     4.40     3.41     2.76  3    -1e-30      0.00 7.545e-01 2.454e-01 2.527e-05 1.024e-05 6.928e-05 -1.000 1.636e-04 -1.741 -0.009 -1.077 -1.734 -1.973 -2.092 -2.133
0.00015547 -2.00000 10.04922 0.8183940649 2.4249913478    0.761  2.645  3.6827  1.357    7  0.000  0.472     8.94     6.83     4.80     3.73     3.02  3    -1e-30      0.00 7.543e-01 2.456e-01 2.463e-05 1.103e-05 6.930e-05 -1.000 1.629e-04 -1.844 -0.046 -1.158 -1.835 -2.079 -2.201 -2.244
0.00015547 -2.00000 10.04922 0.8184015155 2.4249938207    0.761  2.686  3.6803  1.307    7  0.000  0.461     9.94     7.48     5.23     4.07     3.29  3    -1e-30      0.00 7.541e-01 2.458e-01 2.409e-05 1.170e-05 6.931e-05 -1.000 1.625e-04 -1.945 -0.078 -1.238 -1.935 -2.185 -2.310 -2.353
0.00015547 -2.00000 10.04922 0.8184085488 2.4249961550    0.761  2.726  3.6780  1.257    7  0.000  0.452    11.04     8.18     5.70     4.44     3.59  3    -1e-30      0.00 7.538e-01 2.460e-01 2.361e-05 1.229e-05 6.931e-05 -1.000 1.636e-04 -2.045 -0.102 -1.313 -2.033 -2.288 -2.416 -2.461
0.00015547 -2.00000 10.04922 0.8184153438 2.4249984102    0.761  2.766  3.6756  1.208    7  0.000  0.444    12.25     8.94     6.20     4.84     3.92  2    -1e-30      0.00 7.536e-01 2.462e-01 2.321e-05 1.279e-05 6.931e-05 -1.000 1.637e-04 -2.144 -0.119 -1.385 -2.129 -2.391 -2.522 -2.569
0.00015547 -2.00000 10.04922 0.8184217811 2.4250005466    0.761  2.807  3.6732  1.158    7  0.000  0.438    13.63     9.79     6.77     5.28     4.28  2    -1e-30      0.00 7.534e-01 2.464e-01 2.285e-05 1.323e-05 6.928e-05 -1.000 1.636e-04 -2.246 -0.131 -1.458 -2.228 -2.496 -2.631 -2.679
0.00015547 -2.00000 10.04922 0.8184273839 2.4250024061    0.761  2.848  3.6707  1.107    7  0.000  0.432    15.20    10.74     7.39     5.78     4.68  2    -1e-30      0.00 7.532e-01 2.466e-01 2.254e-05 1.362e-05 6.924e-05 -1.000 1.637e-04 -2.349 -0.134 -1.527 -2.328 -2.603 -2.742 -2.791
0.00015547 -2.00000 10.04922 0.8184320927 2.4250039688    0.761  2.888  3.6683  1.056    7  0.000  0.428    16.90    11.75     8.06     6.31     5.11  2    -1e-30      0.00 7.530e-01 2.468e-01 2.229e-05 1.394e-05 6.916e-05 -1.000 1.637e-04 -2.450 -0.131 -1.593 -2.424 -2.706 -2.849 -2.900
0.00015547 -2.00000 10.04922 0.8184361458 2.4250053139    0.761  2.929  3.6657  1.005    7  0.000  0.424    18.85    12.90     8.81     6.90     5.59  2    -1e-30      0.00 7.528e-01 2.470e-01 2.206e-05 1.427e-05 6.904e-05 -1.000 1.632e-04 -2.553 -0.117 -1.656 -2.521 -2.812 -2.959 -3.012
0.00015547 -2.00000 10.04922 0.8184397817 2.4250065205    0.761  2.969  3.6632  0.955    7  0.000  0.421    20.98    14.13     9.60     7.54     6.11  2    -1e-30      0.00 7.526e-01 2.473e-01 2.187e-05 1.458e-05 6.889e-05 -1.000 1.621e-04 -2.653 -0.089 -1.710 -2.616 -2.916 -3.067 -3.121
0.00015547 -2.00000 10.04922 0.8184435368 2.4250077667    0.761  3.011  3.6605  0.902    7  0.000  0.419    23.49    15.55    10.53     8.28     6.71  1    -1e-30      0.00 7.524e-01 2.475e-01 2.171e-05 1.489e-05 6.872e-05 -1.000 1.637e-04 -2.759 -0.046 -1.762 -2.713 -3.025 -3.181 -3.237
0.00015547 -2.00000 10.04922 0.8184469342 2.4250088942    0.761  3.056  3.6576  0.846    7  0.000  0.418    26.43    17.19    11.59     9.12     7.40  1    -1e-30      0.00 7.522e-01 2.477e-01 2.159e-05 1.517e-05 6.854e-05 -1.000 1.637e-04 -2.869 -0.001 -1.813 -2.813 -3.137 -3.299 -3.358
0.00015547 -2.00000 10.04922 0.8184484839 2.4250094085    0.761  3.080  3.6560  0.815    7  0.000  0.417    28.21    18.18    12.22     9.63     7.81  1    -1e-30      0.00 7.520e-01 2.479e-01 2.150e-05 1.542e-05 6.837e-05 -1.000 1.636e-04 -2.930 -0.002 -1.846 -2.866 -3.196 -3.361 -3.421
0.00015547 -2.00000 10.04922 0.8184489608 2.4250095667    0.761  3.064  3.6569  0.835    7  0.000  0.417    27.09    17.56    11.82     9.31     7.55  1    -1e-30      0.00 7.519e-01 2.480e-01 2.145e-05 1.556e-05 6.827e-05 -1.000 1.637e-04 -2.891 0.001 -1.824 -2.832 -3.158 -3.321 -3.381
0.00015547 -2.00000 10.04922 0.8184490204 2.4250095865    0.761  3.065  3.6569  0.834    7  0.000  0.417    27.10    17.56    11.83     9.31     7.55  1    -1e-30      0.00 7.519e-01 2.480e-01 2.144e-05 1.558e-05 6.826e-05 -1.000 1.637e-04 -2.892 0.001 -1.824 -2.832 -3.158 -3.322 -3.381
0.00015547 -2.00000 10.04922 0.8184491396 2.4250096260    0.761  3.066  3.6568  0.833    7  0.000  0.417    27.17    17.60    11.85     9.33     7.57  1    -1e-30      0.00 7.519e-01 2.480e-01 2.144e-05 1.559e-05 6.825e-05 -1.000 1.636e-04 -2.894 0.001 -1.825 -2.834 -3.161 -3.324 -3.384
0.00015547 -2.00000 10.04922 0.8184492588 2.4250096656    0.761  3.076  3.6562  0.821    7  0.000  0.417    27.90    18.00    12.11     9.54     7.74  1    -1e-30      0.00 7.518e-01 2.480e-01 2.143e-05 1.561e-05 6.824e-05 -1.000 1.636e-04 -2.919 0.000 -1.839 -2.857 -3.185 -3.350 -3.410
0.00015547 -2.00000 10.04922 0.8184493780 2.4250097052    0.761  3.081  3.6559  0.814    7  0.000  0.417    28.32    18.24    12.26     9.66     7.83  1    -1e-30      0.00 7.518e-01 2.480e-01 2.142e-05 1.562e-05 6.823e-05 -1.000 1.636e-04 -2.933 -0.001 -1.848 -2.869 -3.199 -3.365 -3.425
0.00015547 -2.00000 10.04922 0.8184495568 2.4250097645    0.761  3.094  3.6551  0.798    7  0.000  0.417    29.30    18.77    12.60     9.93     8.06  1    -1e-30      0.00 7.518e-01 2.480e-01 2.141e-05 1.565e-05 6.821e-05 -1.000 1.636e-04 -2.965 -0.002 -1.866 -2.897 -3.231 -3.398 -3.459
0.00015547 -2.00000 10.04922 0.8184497356 2.4250098238    0.761  3.117  3.6535  0.768    7  0.000  0.417    31.21    19.80    13.26    10.46     8.49  1    -1e-30      0.00 7.518e-01 2.480e-01 2.139e-05 1.572e-05 6.816e-05 -1.000 1.637e-04 -3.023 -0.002 -1.898 -2.949 -3.288 -3.458 -3.520
0.00015547 -2.00000 10.04922 0.8184501529 2.4250099623    0.761  3.163  3.6503  0.710    7  0.000  0.416    35.32    22.00    14.66    11.59     9.40  1    -1e-30      0.00 7.515e-01 2.483e-01 2.125e-05 1.614e-05 6.786e-05 -1.000 1.637e-04 -3.137 0.003 -1.958 -3.048 -3.399 -3.576 -3.641
0.00015547 -2.00000 10.04922 0.8184508085 2.4250101799    0.761  3.225  3.6459  0.630    7  0.523  0.415    41.82    25.41    16.82    13.32    10.81  1    -1e-30      0.00 7.511e-01 2.488e-01 2.103e-05 1.693e-05 6.729e-05 -1.000 1.637e-04 -3.292 0.012 -2.036 -3.179 -3.548 -3.733 -3.802
0.00015547 -2.00000 10.04922 0.8184511065 2.4250102788    0.761  3.241  3.6416  0.596    8  0.523  0.430    44.92    27.00    17.83    14.13    11.47  1  -3.9e-07      0.00 7.509e-01 2.489e-01 2.192e-05 1.721e-05 6.778e-05 -1.000 1.422e-04 -3.333 0.100 -2.011 -3.197 -3.581 -3.775 -3.847
0.00015547 -2.00000 10.04922 0.8184511662 2.4250102986    0.759  3.026  3.6565  0.870    8  0.523  0.431    25.09    16.45    11.11     8.74     7.08  1 -1.67e-07      0.00 7.509e-01 2.489e-01 2.192e-05 1.721e-05 6.778e-05 -1.000 1.422e-04 -2.795 0.083 -1.731 -2.734 -3.059 -3.223 -3.282
0.00015547 -2.00000 10.04922 0.8184512854 2.4250103381    0.756  2.873  3.6670  1.064    8  0.523  0.431    16.62    11.58     7.95     6.22     5.04  2 -9.73e-08      0.00 7.509e-01 2.489e-01 2.192e-05 1.721e-05 6.778e-05 -1.000 1.422e-04 -2.412 -0.048 -1.539 -2.384 -2.670 -2.814 -2.866
0.00015547 -2.00000 10.04922 0.8184515238 2.4250104172    0.751  2.659  3.6817  1.333    8  0.523  0.431     9.35     7.10     4.98     3.87     3.13  3 -4.93e-08      0.00 7.509e-01 2.489e-01 2.192e-05 1.721e-05 6.778e-05 -1.000 1.422e-04 -1.877 -0.049 -1.182 -1.868 -2.115 -2.238 -2.281
0.00015547 -2.00000 10.04922 0.8184518814 2.4250105359    0.744  2.665  3.6811  1.321    8  0.523  0.431     9.57     7.24     5.07     3.95     3.19  3 -5.07e-08      0.00 7.509e-01 2.489e-01 2.192e-05 1.721e-05 6.778e-05 -1.000 1.422e-04 -1.892 -0.046 -1.191 -1.882 -2.130 -2.254 -2.298
0.00015547 -2.00000 10.04922 0.8184522986 2.4250106744    0.735  2.747  3.6751  1.210    8  0.523  0.431    12.07     8.82     6.12     4.78     3.87  2 -6.62e-08      0.00 7.509e-01 2.489e-01 2.192e-05 1.721e-05 6.778e-05 -1.000 1.422e-04 -2.096 -0.056 -1.332 -2.081 -2.343 -2.475 -2.522
0.00015547 -2.00000 10.04922 0.8184527755 2.4250108326    0.724  2.932  3.6620  0.966    8  0.523  0.431    20.22    13.67     9.29     7.31     5.92  2 -1.26e-07      0.00 7.509e-01 2.489e-01 2.192e-05 1.721e-05 6.778e-05 -1.000 1.422e-04 -2.559 0.046 -1.602 -2.519 -2.822 -2.975 -3.030
0.00015547 -2.00000 10.04922 0.8184533715 2.4250110304    0.711  3.100  3.6501  0.743    8  0.524  0.431    32.42    20.37    13.60    10.76     8.73  1 -2.41e-07      0.00 7.509e-01 2.489e-01 2.192e-05 1.721e-05 6.778e-05 -1.000 1.422e-04 -2.979 0.145 -1.805 -2.889 -3.239 -3.415 -3.480
0.00015547 -2.00000 10.04922 0.8184540272 2.4250112480    0.697  3.212  3.6419  0.588    8  0.524  0.431    44.86    26.78    17.66    14.04    11.39  1 -3.91e-07      0.00 7.509e-01 2.489e-01 2.192e-05 1.721e-05 6.778e-05 -1.000 1.422e-04 -3.260 0.172 -1.940 -3.126 -3.509 -3.703 -3.775
0.00015547 -2.00000 10.04922 0.8184548020 2.4250115051    0.681  3.275  3.6371  0.497    8  0.525  0.431    54.31    31.41    20.55    16.39    13.30  1 -5.28e-07      0.00 7.509e-01 2.489e-01 2.192e-05 1.721e-05 6.778e-05 -1.000 1.422e-04 -3.417 0.200 -2.000 -3.252 -3.656 -3.861 -3.937
0.00015547 -2.00000 10.04922 0.8184556365 2.4250117821    0.664  3.306  3.6344  0.444    8  0.525  0.431    60.60    34.37    22.38    17.89    14.52  1  -6.3e-07      0.00 7.509e-01 2.489e-01 2.192e-05 1.721e-05 6.778e-05 -1.000 1.422e-04 -3.496 0.224 -2.018 -3.312 -3.729 -3.941 -4.020
0.00015547 -2.00000 10.04922 0.8184565902 2.4250120985    0.646  3.325  3.6326  0.405    8  0.526  0.431    65.49    36.58    23.74    19.01    15.43  1 -7.15e-07      0.00 7.509e-01 2.489e-01 2.192e-05 1.721e-05 6.778e-05 -1.000 1.422e-04 -3.544 0.248 -2.023 -3.345 -3.773 -3.989 -4.070
0.00015547 -2.00000 10.04922 0.8184611797 2.4250136216    0.528 -9.999  4.0000  1.870    9  0.528  0.000     0.00     0.00     0.00     0.00     0.00 -1    -1e-30      0.00 7.509e-01 2.489e-01 2.192e-05 1.721e-05 6.778e-05 -1.000 1.422e-04 29.767 30.110 29.972 30.250 30.478 30.557 30.646
