# Zini     MH   logAge Mini        int_IMF         Mass   logL    logTe  logg  label   McoreTP C_O  period0  period1  period2  period3  period4  pmode  Mloss  tau1m   X   Y   Xc  Xn  Xo  Cexcess  Z 	 mbolmag  umag    gmag    rmag    imag    zmag    Ymag
0.00069308 -1.35000 10.07918 0.0900000036 1.0816895926    0.090 -3.196  3.4663  5.406    1  0.000  0.545     0.00     0.00     0.00     0.00     0.00 -1 -5.29e-17      0.00 7.474e-01 2.519e-01 1.323e-04 3.568e-05 3.236e-04 -1.000 7.356e-04 12.760 17.943 16.445 14.549 12.724 12.123 12.007
0.00069308 -1.35000 10.07918 0.0979158282 1.1534569344    0.098 -2.978  3.4974  5.349    1  0.000  0.545     0.00     0.00     0.00     0.00     0.00 -1 -8.94e-17      0.00 7.461e-01 2.532e-01 1.323e-04 3.568e-05 3.236e-04 -1.000 7.356e-04 12.216 17.260 15.249 13.436 12.099 11.626 11.511
0.00069308 -1.35000 10.07918 0.1000000015 1.1711064122    0.100 -2.924  3.5051  5.335    1  0.000  0.545     0.00     0.00     0.00     0.00     0.00 -1 -1.02e-16      0.00 7.458e-01 2.535e-01 1.323e-04 3.568e-05 3.236e-04 -1.000 7.355e-04 12.080 17.054 14.963 13.181 11.948 11.501 11.387
0.00069308 -1.35000 10.07918 0.1200000048 1.3193154741    0.120 -2.639  3.5370  5.257    1  0.000  0.545     0.00     0.00     0.00     0.00     0.00 -1 -1.96e-16      0.00 7.433e-01 2.560e-01 1.323e-04 3.568e-05 3.236e-04 -1.000 7.356e-04 11.368 15.907 13.686 12.056 11.186 10.829 10.722
0.00069308 -1.35000 10.07918 0.1327954680 1.3982396007    0.133 -2.520  3.5474  5.223    1  0.000  0.545     0.00     0.00     0.00     0.00     0.00 -1 -2.55e-16      0.00 7.421e-01 2.572e-01 1.323e-04 3.568e-05 3.236e-04 -1.000 7.356e-04 11.070 15.427 13.226 11.651 10.874 10.542 10.437
0.00069308 -1.35000 10.07918 0.1400000006 1.4384526719    0.140 -2.458  3.5528  5.205    1  0.000  0.545     0.00     0.00     0.00     0.00     0.00 -1 -2.93e-16      0.00 7.415e-01 2.578e-01 1.323e-04 3.568e-05 3.236e-04 -1.000 7.356e-04 10.914 15.172 12.989 11.444 10.713 10.392 10.289
0.00069308 -1.35000 10.07918 0.1599999964 1.5372931554    0.160 -2.317  3.5631  5.163    1  0.000  0.545     0.00     0.00     0.00     0.00     0.00 -1 -3.97e-16      0.00 7.401e-01 2.591e-01 1.323e-04 3.568e-05 3.236e-04 -1.000 7.355e-04 10.561 14.621 12.489 11.003 10.350 10.050 9.951
0.00069308 -1.35000 10.07918 0.2000000179 1.6938791367    0.200 -2.095  3.5768  5.093    1  0.000  0.545     0.00     0.00     0.00     0.00     0.00 -1 -4.87e-16      0.00 7.388e-01 2.604e-01 1.323e-04 3.568e-05 3.236e-04 -1.000 7.356e-04 10.008 13.800 11.754 10.352 9.786 9.510 9.417
0.00069308 -1.35000 10.07918 0.2500000000 1.8403257998    0.250 -1.891  3.5879  5.031    1  0.000  0.545     0.00     0.00     0.00     0.00     0.00 -1 -1.68e-16      0.00 7.387e-01 2.606e-01 1.323e-04 3.568e-05 3.236e-04 -1.000 7.356e-04 9.497 13.070 11.106 9.779 9.268 9.011 8.922
0.00069308 -1.35000 10.07918 0.3000000417 1.9529140366    0.300 -1.735  3.5964  4.988    1  0.000  0.545     0.00     0.00     0.00     0.00     0.00 -1 -8.72e-17      0.00 7.389e-01 2.603e-01 1.322e-04 3.569e-05 3.236e-04 -1.000 7.356e-04 9.107 12.523 10.618 9.350 8.873 8.629 8.545
0.00069308 -1.35000 10.07918 0.3499999940 2.0434174644    0.350 -1.608  3.6037  4.957    1  0.000  0.545     0.00     0.00     0.00     0.00     0.00 -1 -1.74e-15      0.00 7.433e-01 2.560e-01 1.322e-04 3.568e-05 3.236e-04 -1.000 7.355e-04 8.791 12.080 10.222 9.003 8.551 8.318 8.238
0.00069308 -1.35000 10.07918 0.4000000060 2.1185024399    0.400 -1.461  3.6149  4.913    1  0.000  0.545     0.00     0.00     0.00     0.00     0.00 -1  -2.4e-15      0.00 7.496e-01 2.496e-01 1.323e-04 3.568e-05 3.236e-04 -1.000 7.356e-04 8.424 11.529 9.737 8.593 8.177 7.962 7.886
0.00069308 -1.35000 10.07918 0.4500000179 2.1822809362    0.450 -1.285  3.6332  4.861    1  0.000  0.545     0.00     0.00     0.00     0.00     0.00 -1 -3.61e-15      0.00 7.497e-01 2.496e-01 1.323e-04 3.568e-05 3.236e-04 -1.000 7.355e-04 7.983 10.805 9.113 8.092 7.729 7.542 7.475
0.00069308 -1.35000 10.07918 0.5000000000 2.2374541529    0.500 -1.085  3.6607  4.816    1  0.000  0.545     0.00     0.00     0.00     0.00     0.00 -1 -5.72e-15      0.00 7.497e-01 2.496e-01 1.323e-04 3.568e-05 3.236e-04 -1.000 7.355e-04 7.481 9.888 8.359 7.510 7.221 7.074 7.022
0.00069308 -1.35000 10.07918 0.5500000715 2.2836583126    0.550 -0.866  3.6886  4.750    1  0.000  0.544     0.00     0.00     0.00     0.00     0.00 -1 -9.74e-15      0.00 7.842e-01 2.152e-01 1.153e-04 3.113e-05 2.824e-04 -1.000 6.045e-04 6.934 8.876 7.591 6.902 6.674 6.566 6.529
0.00069308 -1.35000 10.07918 0.6000000238 2.3211213258    0.600 -0.656  3.7169  4.692    1  0.000  0.544     0.00     0.00     0.00     0.00     0.00 -1 -1.61e-14      0.00 7.942e-01 2.052e-01 1.107e-04 2.991e-05 2.715e-04 -1.000 6.124e-04 6.411 7.942 6.910 6.346 6.166 6.093 6.071
0.00069308 -1.35000 10.07918 0.6119958162 2.3290687953    0.612 -0.604  3.7245  4.679    1  0.000  0.543     0.00     0.00     0.00     0.00     0.00 -1 -1.82e-14      0.00 7.969e-01 2.025e-01 1.095e-04 2.957e-05 2.685e-04 -1.000 6.237e-04 6.281 7.717 6.745 6.212 6.044 5.979 5.961
0.00069308 -1.35000 10.07918 0.6239531040 2.3366420334    0.624 -0.552  3.7320  4.665    1  0.000  0.543     0.00     0.00     0.00     0.00     0.00 -1 -2.03e-14      0.00 7.997e-01 1.997e-01 1.082e-04 2.923e-05 2.654e-04 -1.000 6.306e-04 6.151 7.499 6.584 6.079 5.923 5.866 5.852
0.00069308 -1.35000 10.07918 0.6355362535 2.3436666800    0.635 -0.501  3.7391  4.651    1  0.000  0.543     0.00     0.00     0.00     0.00     0.00 -1 -1.16e-14      0.00 8.026e-01 1.968e-01 1.069e-04 2.888e-05 2.623e-04 -1.000 5.884e-04 6.024 7.296 6.431 5.951 5.805 5.756 5.745
0.00069308 -1.35000 10.07918 0.6463142633 2.3499436513    0.646 -0.454  3.7457  4.637    1  0.000  0.543     0.00     0.00     0.00     0.00     0.00 -1 -1.93e-15      0.00 8.053e-01 1.941e-01 1.056e-04 2.855e-05 2.593e-04 -1.000 5.884e-04 5.905 7.112 6.290 5.833 5.698 5.656 5.648
0.00069308 -1.35000 10.07918 0.6499999762 2.3520353107    0.650 -0.437  3.7479  4.632    1  0.000  0.543     0.00     0.00     0.00     0.00     0.00 -1 -2.74e-14      0.00 8.063e-01 1.931e-01 1.052e-04 2.843e-05 2.582e-04 -1.000 5.884e-04 5.864 7.049 6.241 5.793 5.661 5.621 5.614
0.00069308 -1.35000 10.07918 0.6623199582 2.3588330708    0.662 -0.382  3.7546  4.612    1  0.000  0.543     0.00     0.00     0.00     0.00     0.00 -1 -3.16e-14      0.00 8.103e-01 1.892e-01 1.034e-04 2.796e-05 2.540e-04 -1.000 5.885e-04 5.726 6.847 6.081 5.659 5.537 5.505 5.501
0.00069308 -1.35000 10.07918 0.6744347215 2.3652398510    0.674 -0.327  3.7610  4.590    1  0.000  0.542     0.00     0.00     0.00     0.00     0.00 -1 -3.65e-14      0.00 8.144e-01 1.850e-01 1.015e-04 2.746e-05 2.496e-04 -1.000 5.848e-04 5.588 6.649 5.923 5.525 5.414 5.388 5.387
0.00069308 -1.35000 10.07918 0.6855639219 2.3708965227    0.685 -0.275  3.7667  4.568    1  0.000  0.542     0.00     0.00     0.00     0.00     0.00 -1 -2.72e-14      0.00 8.185e-01 1.810e-01 9.970e-05 2.698e-05 2.453e-04 -1.000 5.664e-04 5.458 6.474 5.778 5.401 5.299 5.279 5.279
0.00069308 -1.35000 10.07918 0.6961750388 2.3760966312    0.696 -0.224  3.7720  4.545    1  0.000  0.542     0.00     0.00     0.00     0.00     0.00 -1 -1.27e-14      0.00 8.226e-01 1.769e-01 9.790e-05 2.650e-05 2.410e-04 -1.000 5.280e-04 5.331 6.305 5.637 5.280 5.185 5.170 5.173
0.00069308 -1.35000 10.07918 0.6999999881 2.3779266974    0.700 -0.206  3.7739  4.536    1  0.000  0.542     0.00     0.00     0.00     0.00     0.00 -1 -5.03e-14      0.00 8.241e-01 1.753e-01 9.723e-05 2.632e-05 2.393e-04 -1.000 5.174e-04 5.284 6.245 5.585 5.235 5.144 5.131 5.134
0.00069308 -1.35000 10.07918 0.7043765187 2.3799926571    0.704 -0.184  3.7760  4.526    1  0.000  0.541     0.00     0.00     0.00     0.00     0.00 -1 -5.33e-14      0.00 8.263e-01 1.732e-01 9.616e-05 2.606e-05 2.370e-04 -1.000 5.049e-04 5.230 6.175 5.526 5.183 5.095 5.084 5.088
0.00069308 -1.35000 10.07918 0.7152070999 2.3849804935    0.715 -0.128  3.7810  4.496    1  0.000  0.539     0.00     0.00     0.00     0.00     0.00 -1 -6.22e-14      0.00 8.319e-01 1.676e-01 9.340e-05 2.540e-05 2.312e-04 -1.000 4.884e-04 5.091 6.001 5.374 5.050 4.970 4.964 4.970
0.00069308 -1.35000 10.07918 0.7254519463 2.3895412949    0.725 -0.073  3.7855  4.465    1  0.000  0.537     0.00     0.00     0.00     0.00     0.00 -1 -7.27e-14      0.00 8.373e-01 1.623e-01 9.077e-05 2.476e-05 2.255e-04 -1.000 4.884e-04 4.952 5.836 5.225 4.917 4.843 4.842 4.849
0.00069308 -1.35000 10.07918 0.7343981862 2.3934045275    0.734 -0.022  3.7893  4.435    1  0.000  0.535     0.00     0.00     0.00     0.00     0.00 -1 -8.41e-14      0.00 8.420e-01 1.575e-01 8.845e-05 2.419e-05 2.205e-04 -1.000 5.046e-04 4.824 5.686 5.088 4.794 4.726 4.728 4.737
0.00069308 -1.35000 10.07918 0.7428391576 2.3969516275    0.742  0.029  3.7927  4.403    1  0.000  0.533     0.00     0.00     0.00     0.00     0.00 -1 -1.98e-14      0.00 8.465e-01 1.531e-01 8.624e-05 2.364e-05 2.157e-04 -1.000 4.958e-04 4.698 5.540 4.952 4.671 4.609 4.614 4.624
0.00069308 -1.35000 10.07918 0.7500000000 2.3998889087    0.749  0.074  3.7955  4.372    1  0.000  0.531     0.00     0.00     0.00     0.00     0.00 -1 -1.11e-13      0.00 8.502e-01 1.493e-01 8.440e-05 2.319e-05 2.116e-04 -1.000 4.885e-04 4.584 5.412 4.832 4.560 4.503 4.511 4.522
0.00069308 -1.35000 10.07918 0.7583156228 2.4032199350    0.758  0.131  3.7985  4.333    1  0.000  0.531     0.00     0.00     0.00     0.00     0.00 -1 -1.32e-13      0.00 8.532e-01 1.463e-01 8.323e-05 2.288e-05 2.089e-04 -1.000 4.884e-04 4.443 5.254 4.683 4.422 4.370 4.381 4.392
0.00069308 -1.35000 10.07918 0.7661886811 2.4062971719    0.765  0.188  3.8010  4.290    1  0.000  0.530     0.00     0.00     0.00     0.00     0.00 -1 -1.57e-13      0.00 8.557e-01 1.438e-01 8.232e-05 2.264e-05 2.068e-04 -1.000 4.796e-04 4.301 5.099 4.533 4.282 4.234 4.247 4.260
0.00069308 -1.35000 10.07918 0.7732259035 2.4089868084    0.772  0.242  3.8028  4.247    1  0.000  0.530     0.00     0.00     0.00     0.00     0.00 -1 -1.86e-13      0.00 8.574e-01 1.421e-01 8.175e-05 2.249e-05 2.056e-04 -1.000 4.815e-04 4.164 4.953 4.390 4.147 4.102 4.117 4.130
0.00069308 -1.35000 10.07918 0.7793931365 2.4112980665    0.778  0.294  3.8039  4.203    1  0.000  0.530     0.00     0.00     0.00     0.00     0.00 -1  -2.2e-13      0.00 8.573e-01 1.422e-01 8.193e-05 2.255e-05 2.061e-04 -1.000 4.993e-04 4.035 4.818 4.257 4.019 3.976 3.992 4.005
0.00069308 -1.35000 10.07918 0.7812628150 2.4119904711    0.780  0.310  3.8042  4.189    1  0.000  0.530     0.00     0.00     0.00     0.00     0.00 -1 -2.33e-13      0.00 8.572e-01 1.422e-01 8.202e-05 2.257e-05 2.064e-04 -1.000 5.046e-04 3.995 4.776 4.215 3.978 3.936 3.952 3.965
0.00069308 -1.35000 10.07918 0.7828212380 2.4125647018    0.782  0.325  3.8041  4.174    1  0.000  0.530     0.00     0.00     0.00     0.00     0.00 -1 -2.45e-13      0.00 8.572e-01 1.423e-01 8.211e-05 2.260e-05 2.066e-04 -1.000 5.077e-04 3.958 4.739 4.178 3.941 3.898 3.914 3.927
0.00069308 -1.35000 10.07918 0.7888519168 2.4147622573    0.788  0.386  3.8028  4.112    1  0.000  0.530     0.00     0.00     0.00     0.00     0.00 -1 -1.33e-13      0.00 8.568e-01 1.427e-01 8.244e-05 2.269e-05 2.075e-04 -1.000 5.215e-04 3.806 4.591 4.027 3.787 3.743 3.758 3.771
0.00069308 -1.35000 10.07918 0.7934089303 2.4163973561    0.792  0.438  3.7999  4.051    1  0.000  0.530     0.00     0.00     0.00     0.00     0.00 -1 -4.88e-14      0.00 8.565e-01 1.430e-01 8.269e-05 2.277e-05 2.082e-04 -1.000 5.335e-04 3.676 4.471 3.902 3.654 3.606 3.618 3.630
0.00069308 -1.35000 10.07918 0.7941833735 2.4166730891    0.793  0.447  3.7992  4.039    1  0.000  0.529     0.00     0.00     0.00     0.00     0.00 -1 -4.43e-14      0.00 8.564e-01 1.430e-01 8.274e-05 2.278e-05 2.083e-04 -1.000 5.353e-04 3.652 4.450 3.879 3.629 3.580 3.591 3.603
0.00069308 -1.35000 10.07918 0.7956210971 2.4171833403    0.794  0.467  3.7972  4.012    2  0.000  0.529     0.00     0.00     0.00     0.00     0.00 -1 -8.09e-14      0.00 8.563e-01 1.432e-01 8.287e-05 2.282e-05 2.086e-04 -1.000 5.351e-04 3.603 4.411 3.834 3.578 3.526 3.536 3.546
0.00069308 -1.35000 10.07918 0.7984594107 2.4181844629    0.797  0.510  3.7913  3.947    2  0.000  0.529     0.00     0.00     0.00     0.00     0.00 -1 -2.71e-13      0.00 8.561e-01 1.434e-01 8.304e-05 2.287e-05 2.091e-04 -1.000 5.390e-04 3.496 4.331 3.740 3.465 3.405 3.409 3.417
0.00069308 -1.35000 10.07918 0.8000000119 2.4187244405    0.799  0.536  3.7859  3.900    2  0.000  0.529     0.00     0.00     0.00     0.00     0.00 -1 -5.38e-13      0.00 8.544e-01 1.451e-01 8.426e-05 2.320e-05 2.121e-04 -1.000 5.079e-04 3.429 4.292 3.686 3.394 3.325 3.324 3.330
0.00069308 -1.35000 10.07918 0.8005182147 2.4189055324    0.799  0.545  3.7841  3.884    2  0.000  0.529     0.00     0.00     0.00     0.00     0.00 -1 -5.59e-13      0.00 8.537e-01 1.458e-01 8.475e-05 2.333e-05 2.133e-04 -1.000 4.971e-04 3.407 4.279 3.668 3.369 3.298 3.295 3.301
0.00069308 -1.35000 10.07918 0.8020388484 2.4194353822    0.801  0.575  3.7765  3.825    2  0.000  0.531     0.00     0.00     0.00     0.00     0.00 -1  -6.4e-13      0.00 8.344e-01 1.650e-01 9.483e-05 2.607e-05 2.381e-04 -1.000 5.310e-04 3.333 4.250 3.614 3.290 3.207 3.197 3.200
0.00069308 -1.35000 10.07918 0.8034527302 2.4199259666    0.802  0.604  3.7672  3.759    2  0.000  0.533     0.00     0.00     0.00     0.00     0.00 -1 -7.38e-13      0.00 8.068e-01 1.926e-01 1.069e-04 2.932e-05 2.672e-04 -1.000 6.151e-04 3.261 4.238 3.568 3.212 3.114 3.094 3.094
0.00069308 -1.35000 10.07918 0.8044586778 2.4202738001    0.803  0.629  3.7590  3.702    2  0.000  0.535     0.00     0.00     0.00     0.00     0.00 -1 -8.34e-13      0.00 7.889e-01 2.105e-01 1.140e-04 3.121e-05 2.841e-04 -1.000 6.383e-04 3.199 4.234 3.530 3.145 3.035 3.007 3.003
0.00069308 -1.35000 10.07918 0.8053770661 2.4205904852    0.804  0.660  3.7513  3.640    2  0.000  0.536     0.00     0.00     0.00     0.00     0.00 -1 -9.62e-13      0.00 7.782e-01 2.212e-01 1.183e-04 3.235e-05 2.943e-04 -1.000 6.570e-04 3.119 4.213 3.475 3.064 2.942 2.905 2.899
0.00069308 -1.35000 10.07918 0.8060910702 2.4208361198    0.804  0.695  3.7459  3.584    2  0.000  0.536     0.00     0.00     0.00     0.00     0.00 -1 -1.11e-12      0.00 7.726e-01 2.267e-01 1.205e-04 3.296e-05 2.997e-04 -1.000 6.756e-04 3.032 4.169 3.406 2.976 2.846 2.804 2.795
0.00069308 -1.35000 10.07918 0.8067762852 2.4210713802    0.805  0.738  3.7415  3.524    2  0.000  0.536     0.00     0.00     0.00     0.00     0.00 -1 -1.32e-12      0.00 7.686e-01 2.307e-01 1.221e-04 3.338e-05 3.034e-04 -1.000 6.826e-04 2.925 4.097 3.315 2.871 2.733 2.687 2.675
0.00069308 -1.35000 10.07918 0.8068873286 2.4211094624    0.805  0.746  3.7410  3.514    2  0.000  0.537     0.00     0.00     0.00     0.00     0.00 -1 -1.36e-12      0.00 7.681e-01 2.312e-01 1.223e-04 3.343e-05 3.039e-04 -1.000 6.929e-04 2.905 4.080 3.296 2.850 2.712 2.665 2.653
0.00069308 -1.35000 10.07918 0.8074721694 2.4213098338    0.806  0.791  3.7382  3.457    3  0.000  0.537     0.00     0.00     0.00     0.00     0.00 -1  -1.6e-12      0.00 7.654e-01 2.339e-01 1.232e-04 3.367e-05 3.061e-04 -1.000 7.286e-04 2.791 3.991 3.193 2.738 2.595 2.545 2.532
0.00069308 -1.35000 10.07918 0.8079649806 2.4214784162    0.806  0.833  3.7361  3.407    3  0.000  0.537     0.00     0.00     0.00     0.00     0.00 -1 -1.87e-12      0.00 7.633e-01 2.360e-01 1.238e-04 3.384e-05 3.076e-04 -1.000 6.729e-04 2.687 3.904 3.096 2.634 2.489 2.436 2.422
0.00069308 -1.35000 10.07918 0.8085117936 2.4216651951    0.807  0.884  3.7341  3.349    3  0.000  0.537     0.00     0.00     0.00     0.00     0.00 -1 -2.24e-12      0.00 7.611e-01 2.382e-01 1.244e-04 3.400e-05 3.090e-04 -1.000 7.089e-04 2.561 3.796 2.977 2.509 2.361 2.305 2.290
0.00069308 -1.35000 10.07918 0.8090171814 2.4218375659    0.807  0.934  3.7322  3.292    3  0.000  0.537     0.00     0.00     0.00     0.00     0.00 -1 -2.69e-12      0.00 7.592e-01 2.401e-01 1.248e-04 3.413e-05 3.101e-04 -1.000 6.896e-04 2.435 3.685 2.858 2.384 2.233 2.175 2.159
0.00069308 -1.35000 10.07918 0.8095243573 2.4220102978    0.807  0.989  3.7305  3.230    3  0.000  0.537     0.00     0.00     0.00     0.00     0.00 -1 -3.27e-12      0.00 7.571e-01 2.422e-01 1.252e-04 3.426e-05 3.111e-04 -1.000 7.238e-04 2.297 3.563 2.727 2.248 2.094 2.034 2.018
0.00069308 -1.35000 10.07918 0.8099735379 2.4221630702    0.808  1.042  3.7288  3.171    3  0.000  0.536     0.00     0.00     0.00     0.00     0.00 -1 -3.96e-12      0.00 7.553e-01 2.440e-01 1.253e-04 3.439e-05 3.118e-04 -1.000 6.845e-04 2.165 3.445 2.601 2.117 1.960 1.899 1.881
0.00069308 -1.35000 10.07918 0.8103545904 2.4222925186    0.808  1.091  3.7273  3.116    3  0.000  0.534     0.00     0.00     0.00     0.00     0.00 -1 -4.72e-12      0.00 7.537e-01 2.456e-01 1.252e-04 3.458e-05 3.124e-04 -1.000 7.049e-04 2.043 3.336 2.485 1.996 1.837 1.774 1.755
0.00069308 -1.35000 10.07918 0.8106529117 2.4223937645    0.808  1.132  3.7260  3.069    3  0.000  0.533     0.00     0.00     0.00     0.00     0.00 -1 -5.48e-12      0.00 7.525e-01 2.468e-01 1.249e-04 3.481e-05 3.128e-04 -1.000 6.755e-04 1.939 3.244 2.386 1.894 1.733 1.668 1.649
0.00069308 -1.35000 10.07918 0.8109831810 2.4225057532    0.809  1.182  3.7245  3.014    3  0.000  0.531     0.00     0.00     0.00     0.00     0.00 -1 -6.55e-12      0.00 7.512e-01 2.481e-01 1.245e-04 3.521e-05 3.131e-04 -1.000 7.238e-04 1.815 3.133 2.268 1.770 1.608 1.541 1.521
0.00069308 -1.35000 10.07918 0.8112989664 2.4226127326    0.809  1.234  3.7228  2.955    3  0.000  0.528     0.00     0.00     0.00     0.00     0.00 -1  -7.9e-12      0.00 7.500e-01 2.493e-01 1.239e-04 3.579e-05 3.134e-04 -1.000 7.036e-04 1.684 3.018 2.144 1.641 1.476 1.407 1.386
0.00069308 -1.35000 10.07918 0.8115850091 2.4227095533    0.809  1.286  3.7211  2.896    3  0.000  0.525     0.00     0.00     0.00     0.00     0.00 -1 -9.52e-12      0.00 7.491e-01 2.502e-01 1.233e-04 3.642e-05 3.136e-04 -1.000 7.205e-04 1.554 2.904 2.021 1.513 1.344 1.273 1.251
0.00069308 -1.35000 10.07918 0.8118346930 2.4227940031    0.809  1.336  3.7194  2.840    3  0.000  0.522     0.00     0.00     0.00     0.00     0.00 -1 -1.14e-11      0.00 7.484e-01 2.509e-01 1.227e-04 3.703e-05 3.138e-04 -1.000 6.939e-04 1.430 2.797 1.903 1.390 1.219 1.146 1.123
0.00069308 -1.35000 10.07918 0.8120604753 2.4228703173    0.809  1.385  3.7177  2.784    3  0.000  0.520     0.00     0.00     0.00     0.00     0.00 -1 -1.36e-11      0.00 7.478e-01 2.514e-01 1.222e-04 3.753e-05 3.139e-04 -1.000 7.245e-04 1.307 2.692 1.789 1.269 1.095 1.020 0.996
0.00069308 -1.35000 10.07918 0.8122634888 2.4229388939    0.809  1.434  3.7159  2.728    3  0.000  0.518     0.00     0.00     0.00     0.00     0.00 -1 -1.62e-11      0.00 7.475e-01 2.518e-01 1.219e-04 3.791e-05 3.140e-04 -1.000 6.942e-04 1.186 2.590 1.676 1.150 0.973 0.895 0.871
0.00069308 -1.35000 10.07918 0.8124520779 2.4230025628    0.809  1.483  3.7141  2.671    3  0.000  0.517     0.00     0.00     0.00     0.00     0.00 -1 -1.94e-11      0.00 7.473e-01 2.520e-01 1.217e-04 3.815e-05 3.141e-04 -1.000 7.004e-04 1.063 2.485 1.561 1.028 0.848 0.769 0.743
0.00069308 -1.35000 10.07918 0.8126189709 2.4230588787    0.809  1.531  3.7122  2.616    3  0.000  0.517     0.00     0.00     0.00     0.00     0.00 -1 -2.31e-11      0.00 7.471e-01 2.522e-01 1.216e-04 3.828e-05 3.141e-04 -1.000 7.007e-04 0.943 2.385 1.449 0.910 0.727 0.645 0.618
0.00069308 -1.35000 10.07918 0.8127745986 2.4231113692    0.809  1.580  3.7102  2.559    3  0.000  0.517     0.00     0.00     0.00     0.00     0.00 -1 -2.76e-11      0.00 7.471e-01 2.522e-01 1.216e-04 3.831e-05 3.141e-04 -1.000 7.008e-04 0.820 2.282 1.336 0.790 0.604 0.519 0.491
0.00069308 -1.35000 10.07918 0.8129122257 2.4231577692    0.809  1.627  3.7083  2.504    3  0.000  0.517     0.00     0.00     0.00     0.00     0.00 -1 -3.28e-11      0.00 7.471e-01 2.522e-01 1.216e-04 3.833e-05 3.141e-04 -1.000 7.009e-04 0.702 2.186 1.227 0.674 0.484 0.397 0.368
0.00069308 -1.35000 10.07918 0.8130348325 2.4231990900    0.809  1.673  3.7063  2.450    3  0.000  0.517     0.00     0.00     0.00     0.00     0.00 -1 -3.88e-11      0.00 7.471e-01 2.522e-01 1.216e-04 3.834e-05 3.141e-04 -1.000 7.010e-04 0.586 2.096 1.122 0.560 0.368 0.278 0.248
0.00069308 -1.35000 10.07918 0.8131485581 2.4232374048    0.809  1.720  3.7044  2.395    3  0.000  0.517     0.00     0.00     0.00     0.00     0.00 -1  -4.6e-11      0.00 7.471e-01 2.522e-01 1.216e-04 3.835e-05 3.141e-04 -1.000 7.011e-04 0.470 2.005 1.015 0.446 0.250 0.158 0.127
0.00069308 -1.35000 10.07918 0.8132495284 2.4232714120    0.809  1.765  3.7023  2.342    3  0.000  0.517     0.00     0.00     0.00     0.00     0.00 -1 -5.43e-11      0.00 7.471e-01 2.522e-01 1.216e-04 3.836e-05 3.141e-04 -1.000 7.012e-04 0.358 1.920 0.914 0.335 0.136 0.042 0.009
0.00069308 -1.35000 10.07918 0.8133446574 2.4233034429    0.808  1.811  3.7002  2.288    3  0.000  0.517     0.00     0.00     0.00     0.00     0.00 -1 -6.42e-11      0.00 7.471e-01 2.522e-01 1.216e-04 3.837e-05 3.141e-04 -1.000 7.012e-04 0.244 1.832 0.810 0.223 0.020 -0.077 -0.110
0.00069308 -1.35000 10.07918 0.8134304285 2.4233323156    0.808  1.855  3.6982  2.235    3  0.000  0.517     0.00     0.00     0.00     0.00     0.00 -1 -7.56e-11      0.00 7.471e-01 2.522e-01 1.215e-04 3.838e-05 3.141e-04 -1.000 7.014e-04 0.132 1.750 0.711 0.114 -0.093 -0.192 -0.226
0.00069308 -1.35000 10.07918 0.8135105968 2.4233592958    0.808  1.899  3.6960  2.182    3  0.000  0.517     0.00     0.00     0.00     0.00     0.00 -1 -8.91e-11      0.00 7.470e-01 2.523e-01 1.215e-04 3.839e-05 3.141e-04 -1.000 7.014e-04 0.021 1.669 0.612 0.006 -0.205 -0.307 -0.342
0.00069308 -1.35000 10.07918 0.8135873675 2.4233851269    0.808  1.944  3.6939  2.129    3  0.000  0.517     0.00     0.00     0.00     0.00     0.00 -1 -1.05e-10      0.00 7.470e-01 2.523e-01 1.215e-04 3.840e-05 3.141e-04 -1.000 7.015e-04 -0.090 1.589 0.513 -0.102 -0.316 -0.421 -0.458
0.00069308 -1.35000 10.07918 0.8136661053 2.4234116140    0.807  1.985  3.6918  2.079    3  0.000  0.517     0.00     0.00     0.00     0.00     0.00 -1 -1.22e-10      0.00 7.470e-01 2.523e-01 1.215e-04 3.841e-05 3.141e-04 -1.000 7.016e-04 -0.193 1.515 0.422 -0.202 -0.420 -0.528 -0.566
0.00069308 -1.35000 10.07918 0.8137376904 2.4234356899    0.807  2.011  3.6907  2.048    3  0.000  0.517     0.00     0.00     0.00     0.00     0.00 -1 -1.35e-10      0.00 7.470e-01 2.523e-01 1.215e-04 3.842e-05 3.141e-04 -1.000 7.016e-04 -0.258 1.466 0.363 -0.266 -0.487 -0.595 -0.634
0.00069308 -1.35000 10.07918 0.8137834668 2.4234510831    0.807  1.997  3.6917  2.067    3  0.000  0.517     0.00     0.00     0.00     0.00     0.00 -1 -1.29e-10      0.00 7.470e-01 2.523e-01 1.215e-04 3.842e-05 3.141e-04 -1.000 7.018e-04 -0.222 1.488 0.394 -0.231 -0.450 -0.557 -0.595
0.00069308 -1.35000 10.07918 0.8137995601 2.4234564943    0.806  1.991  3.6921  2.073    3  0.000  0.516     0.00     0.00     0.00     0.00     0.00 -1 -1.26e-10      0.00 7.470e-01 2.523e-01 1.215e-04 3.842e-05 3.142e-04 -1.000 7.017e-04 -0.209 1.496 0.405 -0.219 -0.437 -0.544 -0.581
0.00069308 -1.35000 10.07918 0.8138514161 2.4234739287    0.806  2.032  3.6900  2.025    3  0.000  0.516     0.00     0.00     0.00     0.00     0.00 -1 -1.45e-10      0.00 7.470e-01 2.523e-01 1.215e-04 3.843e-05 3.142e-04 -1.000 7.018e-04 -0.310 1.424 0.316 -0.317 -0.538 -0.648 -0.687
0.00069308 -1.35000 10.07918 0.8139005303 2.4234904390    0.806  2.072  3.6879  1.976    3  0.000  0.516     0.00     0.00     0.00     0.00     0.00 -1 -1.68e-10      0.00 7.470e-01 2.523e-01 1.215e-04 3.843e-05 3.142e-04 -1.000 7.018e-04 -0.411 1.358 0.229 -0.413 -0.639 -0.751 -0.792
0.00069308 -1.35000 10.07918 0.8139484525 2.4235065463    0.805  2.114  3.6856  1.925    3  0.000  0.516     0.00     0.00     0.00     0.00     0.00 -1 -1.97e-10      0.00 7.470e-01 2.523e-01 1.215e-04 3.844e-05 3.142e-04 -1.000 7.018e-04 -0.515 1.293 0.140 -0.514 -0.744 -0.859 -0.901
0.00069308 -1.35000 10.07918 0.8139929175 2.4235214896    0.805  2.156  3.6834  1.874    3  0.000  0.516     0.00     0.00     0.00     0.00     0.00 -1  -2.3e-10      0.00 7.470e-01 2.523e-01 1.215e-04 3.844e-05 3.142e-04 -1.000 7.019e-04 -0.619 1.239 0.051 -0.617 -0.850 -0.968 -1.011
0.00069308 -1.35000 10.07918 0.8140325546 2.4235348089    0.805  2.196  3.6811  1.824    3  0.000  0.516     0.00     0.00     0.00     0.00     0.00 -1 -2.67e-10      0.00 7.470e-01 2.523e-01 1.215e-04 3.845e-05 3.142e-04 -1.000 7.019e-04 -0.720 1.190 -0.033 -0.715 -0.952 -1.073 -1.118
0.00069308 -1.35000 10.07918 0.8140694499 2.4235472054    0.804  2.236  3.6788  1.775    3  0.000  0.516     0.00     0.00     0.00     0.00     0.00 -1  -3.1e-10      0.00 7.470e-01 2.523e-01 1.215e-04 3.845e-05 3.142e-04 -1.000 7.020e-04 -0.820 1.143 -0.115 -0.814 -1.054 -1.178 -1.224
0.00069308 -1.35000 10.07918 0.8141035438 2.4235586596    0.803  2.276  3.6765  1.725    3  0.000  0.516     0.00     0.00     0.00     0.00     0.00 -1  -3.6e-10      0.00 7.470e-01 2.523e-01 1.215e-04 3.846e-05 3.142e-04 -1.000 7.020e-04 -0.919 1.103 -0.195 -0.910 -1.155 -1.282 -1.329
0.00069308 -1.35000 10.07918 0.8141352534 2.4235693118    0.803  2.315  3.6742  1.676    3  0.000  0.516     0.00     0.00     0.00     0.00     0.00 -1 -4.17e-10      0.00 7.470e-01 2.523e-01 1.215e-04 3.846e-05 3.142e-04 -1.000 7.020e-04 -1.018 1.062 -0.274 -1.007 -1.256 -1.385 -1.434
0.00069308 -1.35000 10.07918 0.8141636252 2.4235788419    0.802  2.353  3.6718  1.628    3  0.000  0.516     0.00     0.00     0.00     0.00     0.00 -1 -4.81e-10      0.00 7.470e-01 2.523e-01 1.215e-04 3.846e-05 3.142e-04 -1.000 7.021e-04 -1.114 1.029 -0.349 -1.099 -1.352 -1.485 -1.536
0.00069308 -1.35000 10.07918 0.8141901493 2.4235877506    0.802  2.392  3.6695  1.580    3  0.000  0.516     0.00     0.00     0.00     0.00     0.00 -1 -5.55e-10      0.00 7.470e-01 2.523e-01 1.215e-04 3.847e-05 3.142e-04 -1.000 7.022e-04 -1.209 0.998 -0.422 -1.192 -1.449 -1.584 -1.637
0.00069308 -1.35000 10.07918 0.8142202497 2.4235978598    0.801  2.438  3.6665  1.521    3  0.000  0.516     0.00     0.00     0.00     0.00     0.00 -1 -6.61e-10      0.00 7.470e-01 2.523e-01 1.215e-04 3.847e-05 3.142e-04 -1.000 7.021e-04 -1.326 0.968 -0.509 -1.303 -1.566 -1.705 -1.760
0.00069308 -1.35000 10.07918 0.8142472506 2.4236069272    0.800  2.484  3.6637  1.464    3  0.000  0.516     0.00     0.00     0.00     0.00     0.00 -1 -7.86e-10      0.00 7.470e-01 2.523e-01 1.215e-04 3.847e-05 3.142e-04 -1.000 7.022e-04 -1.440 0.945 -0.591 -1.412 -1.680 -1.824 -1.880
0.00069308 -1.35000 10.07918 0.8142724037 2.4236153735    0.799  2.530  3.6607  1.406    3  0.000  0.516     8.18     6.33     4.47     3.46     2.80  3 -9.34e-10      0.00 7.470e-01 2.523e-01 1.215e-04 3.848e-05 3.142e-04 -1.000 7.022e-04 -1.554 0.932 -0.671 -1.520 -1.796 -1.943 -2.002
0.00069308 -1.35000 10.07918 0.8142948151 2.4236228987    0.798  2.574  3.6578  1.349    3  0.000  0.516     9.21     7.01     4.92     3.82     3.09  3  -1.1e-09      0.00 7.470e-01 2.523e-01 1.215e-04 3.848e-05 3.142e-04 -1.000 7.021e-04 -1.664 0.926 -0.744 -1.623 -1.905 -2.056 -2.118
0.00069308 -1.35000 10.07918 0.8143153787 2.4236298029    0.796  2.617  3.6548  1.293    3  0.000  0.516    10.37     7.75     5.42     4.21     3.41  3  -1.3e-09      0.00 7.470e-01 2.523e-01 1.215e-04 3.848e-05 3.142e-04 -1.000 7.023e-04 -1.773 0.905 -0.817 -1.720 -2.010 -2.166 -2.230
0.00069308 -1.35000 10.07918 0.8143351078 2.4236364267    0.795  2.662  3.6518  1.235    3  0.000  0.516    11.72     8.60     5.99     4.66     3.77  3 -1.55e-09      0.00 7.470e-01 2.523e-01 1.215e-04 3.848e-05 3.142e-04 -1.000 7.022e-04 -1.886 0.883 -0.893 -1.821 -2.119 -2.280 -2.347
0.00069308 -1.35000 10.07918 0.8143522143 2.4236421696    0.793  2.704  3.6489  1.181    3  0.000  0.516    13.15     9.49     6.58     5.12     4.15  3 -1.81e-09      0.00 7.470e-01 2.523e-01 1.215e-04 3.848e-05 3.142e-04 -1.000 7.023e-04 -1.991 0.866 -0.962 -1.914 -2.219 -2.386 -2.455
0.00069308 -1.35000 10.07918 0.8143683076 2.4236475721    0.792  2.747  3.6459  1.125    3  0.000  0.516    14.77    10.48     7.23     5.64     4.57  2 -2.13e-09      0.00 7.470e-01 2.523e-01 1.215e-04 3.849e-05 3.142e-04 -1.000 7.022e-04 -2.097 0.850 -1.030 -2.006 -2.320 -2.492 -2.563
0.00069308 -1.35000 10.07918 0.8143835068 2.4236526743    0.790  2.790  3.6429  1.069    3  0.000  0.516    16.62    11.59     7.96     6.22     5.04  2 -2.52e-09      0.00 7.470e-01 2.523e-01 1.215e-04 3.849e-05 3.142e-04 -1.000 7.023e-04 -2.205 0.835 -1.099 -2.101 -2.423 -2.600 -2.673
0.00069308 -1.35000 10.07918 0.8143966794 2.4236570959    0.788  2.830  3.6400  1.017    3  0.000  0.516    18.56    12.74     8.71     6.82     5.53  2 -2.94e-09      0.00 7.470e-01 2.523e-01 1.215e-04 3.849e-05 3.142e-04 -1.000 7.023e-04 -2.304 0.825 -1.160 -2.186 -2.517 -2.699 -2.775
0.00069308 -1.35000 10.07918 0.8144093752 2.4236613574    0.786  2.871  3.6370  0.963    3  0.000  0.516    20.81    14.04     9.56     7.49     6.07  2 -3.44e-09      0.00 7.470e-01 2.523e-01 1.215e-04 3.849e-05 3.142e-04 -1.000 7.023e-04 -2.407 0.823 -1.219 -2.273 -2.613 -2.801 -2.879
0.00069308 -1.35000 10.07918 0.8144213557 2.4236653786    0.784  2.912  3.6341  0.908    3  0.000  0.516    23.34    15.48    10.49     8.24     6.68  2 -4.03e-09      0.00 7.470e-01 2.523e-01 1.215e-04 3.849e-05 3.142e-04 -1.000 7.024e-04 -2.511 0.822 -1.275 -2.359 -2.709 -2.903 -2.984
0.00069308 -1.35000 10.07918 0.8144316673 2.4236688396    0.782  2.950  3.6312  0.858    3  0.000  0.516    25.97    16.96    11.44     9.00     7.30  2 -4.67e-09      0.00 7.470e-01 2.523e-01 1.215e-04 3.849e-05 3.142e-04 -1.000 7.023e-04 -2.605 0.826 -1.324 -2.438 -2.797 -2.997 -3.081
0.00069308 -1.35000 10.07918 0.8144415617 2.4236721604    0.779  2.989  3.6282  0.805    3  0.000  0.516    29.00    18.63    12.51     9.85     7.99  1 -5.44e-09      0.00 7.470e-01 2.523e-01 1.215e-04 3.849e-05 3.142e-04 -1.000 7.024e-04 -2.703 0.831 -1.372 -2.516 -2.886 -3.093 -3.179
0.00069308 -1.35000 10.07918 0.8144511580 2.4236753811    0.776  3.029  3.6253  0.752    3  0.000  0.516    32.44    20.49    13.71    10.81     8.77  1 -6.35e-09      0.00 7.470e-01 2.523e-01 1.215e-04 3.849e-05 3.142e-04 -1.000 7.023e-04 -2.803 0.833 -1.422 -2.597 -2.978 -3.191 -3.279
0.00069308 -1.35000 10.07918 0.8144596219 2.4236782217    0.773  3.066  3.6224  0.702    3  0.000  0.516    36.06    22.42    14.93    11.80     9.57  1 -7.35e-09      0.00 7.470e-01 2.523e-01 1.215e-04 3.850e-05 3.142e-04 -1.000 7.023e-04 -2.896 0.838 -1.467 -2.671 -3.062 -3.281 -3.372
0.00069308 -1.35000 10.07918 0.8144679070 2.4236810022    0.770  3.105  3.6195  0.649    3  0.000  0.516    40.27    24.62    16.33    12.92    10.49  1 -8.55e-09      0.00 7.470e-01 2.523e-01 1.215e-04 3.850e-05 3.142e-04 -1.000 7.024e-04 -2.993 0.842 -1.513 -2.749 -3.151 -3.376 -3.470
0.00069308 -1.35000 10.07918 0.8144755960 2.4236835826    0.766  3.143  3.6166  0.597    3  0.000  0.516    44.89    27.00    17.83    14.13    11.47  1 -9.94e-09      0.00 7.470e-01 2.523e-01 1.215e-04 3.850e-05 3.142e-04 -1.000 7.023e-04 -3.088 0.846 -1.556 -2.823 -3.236 -3.468 -3.564
0.00069308 -1.35000 10.07918 0.8144826889 2.4236859629    0.762  3.180  3.6138  0.547    3  0.000  0.516    49.90    29.53    19.43    15.41    12.52  1 -1.15e-08      0.00 7.470e-01 2.523e-01 1.215e-04 3.850e-05 3.142e-04 -1.000 7.024e-04 -3.181 0.848 -1.597 -2.895 -3.319 -3.557 -3.656
0.00069308 -1.35000 10.07918 0.8144894838 2.4236882431    0.758  3.218  3.6109  0.496    3  0.000  0.516    55.60    32.36    21.20    16.85    13.68  1 -1.33e-08      0.00 7.470e-01 2.523e-01 1.215e-04 3.850e-05 3.142e-04 -1.000 7.024e-04 -3.274 0.850 -1.636 -2.966 -3.402 -3.647 -3.748
0.00069308 -1.35000 10.07918 0.8144958615 2.4236903833    0.753  3.254  3.6081  0.445    3  0.000  0.516    61.86    35.42    23.10    18.39    14.94  1 -1.54e-08      0.00 7.470e-01 2.523e-01 1.215e-04 3.850e-05 3.142e-04 -1.000 7.024e-04 -3.366 0.849 -1.666 -3.033 -3.483 -3.735 -3.839
0.00069308 -1.35000 10.07918 0.8145018816 2.4236924035    0.748  3.289  3.6054  0.396    3  0.000  0.516    68.51    38.61    25.08    19.99    16.24  1 -1.78e-08      0.00 7.470e-01 2.523e-01 1.215e-04 3.850e-05 3.142e-04 -1.000 7.024e-04 -3.454 0.845 -1.693 -3.096 -3.560 -3.819 -3.925
0.00069308 -1.35000 10.07918 0.8145063519 2.4236939035    0.744  3.315  3.6035  0.361    3  0.000  0.516    73.83    41.11    26.63    21.25    17.27  1 -1.97e-08      0.00 7.470e-01 2.523e-01 1.215e-04 3.850e-05 3.142e-04 -1.000 7.024e-04 -3.517 0.843 -1.712 -3.141 -3.615 -3.879 -3.988
0.00069308 -1.35000 10.07918 0.8145063519 2.4236939035    0.744  1.728  3.7561  2.557    4  0.000  0.521     0.00     0.00     0.00     0.00     0.00 -1    -1e-30      0.00 7.413e-01 2.580e-01 1.250e-04 3.816e-05 3.202e-04 -1.000 7.356e-04 0.449 1.475 0.762 0.392 0.284 0.250 0.244
0.00069308 -1.35000 10.07918 0.8145542741 2.4237099833    0.744  1.745  3.7544  2.534    4  0.000  0.521     0.00     0.00     0.00     0.00     0.00 -1    -1e-30      0.00 7.413e-01 2.580e-01 1.250e-04 3.816e-05 3.202e-04 -1.000 7.356e-04 0.407 1.446 0.727 0.350 0.239 0.204 0.197
0.00069308 -1.35000 10.07918 0.8146033287 2.4237264408    0.744  1.748  3.7543  2.531    4  0.000  0.521     0.00     0.00     0.00     0.00     0.00 -1    -1e-30      0.00 7.413e-01 2.580e-01 1.250e-04 3.816e-05 3.202e-04 -1.000 7.356e-04 0.400 1.439 0.720 0.343 0.233 0.197 0.190
0.00069308 -1.35000 10.07918 0.8146532178 2.4237431759    0.744  1.749  3.7546  2.531    4  0.000  0.521     0.00     0.00     0.00     0.00     0.00 -1    -1e-30      0.00 7.413e-01 2.580e-01 1.250e-04 3.816e-05 3.202e-04 -1.000 7.356e-04 0.397 1.434 0.716 0.340 0.230 0.195 0.188
0.00069308 -1.35000 10.07918 0.8147047162 2.4237604484    0.744  1.750  3.7552  2.533    4  0.000  0.521     0.00     0.00     0.00     0.00     0.00 -1    -1e-30      0.00 7.413e-01 2.580e-01 1.250e-04 3.816e-05 3.202e-04 -1.000 7.356e-04 0.396 1.429 0.712 0.339 0.230 0.195 0.188
0.00069308 -1.35000 10.07918 0.8147549033 2.4237772786    0.744  1.749  3.7559  2.536    4  0.000  0.521     0.00     0.00     0.00     0.00     0.00 -1    -1e-30      0.00 7.413e-01 2.580e-01 1.250e-04 3.816e-05 3.202e-04 -1.000 7.356e-04 0.396 1.423 0.710 0.339 0.231 0.197 0.191
0.00069308 -1.35000 10.07918 0.8148054481 2.4237942264    0.744  1.749  3.7569  2.541    4  0.000  0.521     0.00     0.00     0.00     0.00     0.00 -1    -1e-30      0.00 7.413e-01 2.580e-01 1.250e-04 3.816e-05 3.202e-04 -1.000 7.356e-04 0.398 1.416 0.707 0.340 0.234 0.201 0.195
0.00069308 -1.35000 10.07918 0.8148570657 2.4238115314    0.744  1.748  3.7581  2.546    4  0.000  0.521     0.00     0.00     0.00     0.00     0.00 -1    -1e-30      0.00 7.413e-01 2.580e-01 1.250e-04 3.816e-05 3.202e-04 -1.000 7.356e-04 0.400 1.409 0.705 0.343 0.238 0.207 0.201
0.00069308 -1.35000 10.07918 0.8149080276 2.4238286141    0.744  1.747  3.7594  2.553    4  0.000  0.521     0.00     0.00     0.00     0.00     0.00 -1    -1e-30      0.00 7.413e-01 2.580e-01 1.250e-04 3.816e-05 3.202e-04 -1.000 7.356e-04 0.404 1.402 0.703 0.345 0.243 0.213 0.208
0.00069308 -1.35000 10.07918 0.8149598241 2.4238459741    0.744  1.745  3.7608  2.559    4  0.000  0.521     0.00     0.00     0.00     0.00     0.00 -1    -1e-30      0.00 7.413e-01 2.580e-01 1.250e-04 3.816e-05 3.202e-04 -1.000 7.356e-04 0.407 1.395 0.700 0.348 0.248 0.219 0.215
0.00069308 -1.35000 10.07918 0.8150088191 2.4238623928    0.744  1.744  3.7620  2.565    4  0.000  0.521     0.00     0.00     0.00     0.00     0.00 -1    -1e-30      0.00 7.413e-01 2.580e-01 1.250e-04 3.816e-05 3.202e-04 -1.000 7.356e-04 0.409 1.389 0.698 0.350 0.253 0.225 0.221
0.00069308 -1.35000 10.07918 0.8150610924 2.4238799075    0.744  1.743  3.7632  2.571    4  0.000  0.521     0.00     0.00     0.00     0.00     0.00 -1    -1e-30      0.00 7.413e-01 2.580e-01 1.250e-04 3.816e-05 3.202e-04 -1.000 7.356e-04 0.412 1.383 0.696 0.353 0.257 0.231 0.227
0.00069308 -1.35000 10.07918 0.8151123524 2.4238970802    0.744  1.742  3.7643  2.577    4  0.000  0.521     0.00     0.00     0.00     0.00     0.00 -1    -1e-30      0.00 7.413e-01 2.580e-01 1.250e-04 3.816e-05 3.202e-04 -1.000 7.356e-04 0.414 1.378 0.694 0.355 0.261 0.236 0.233
0.00069308 -1.35000 10.07918 0.8151603937 2.4239131724    0.744  1.742  3.7652  2.581    4  0.000  0.521     0.00     0.00     0.00     0.00     0.00 -1    -1e-30      0.00 7.413e-01 2.580e-01 1.250e-04 3.816e-05 3.202e-04 -1.000 7.356e-04 0.416 1.373 0.693 0.356 0.264 0.240 0.237
0.00069308 -1.35000 10.07918 0.8152109981 2.4239301208    0.744  1.741  3.7660  2.585    4  0.000  0.521     0.00     0.00     0.00     0.00     0.00 -1    -1e-30      0.00 7.413e-01 2.580e-01 1.250e-04 3.816e-05 3.202e-04 -1.000 7.356e-04 0.417 1.369 0.691 0.357 0.267 0.243 0.240
0.00069308 -1.35000 10.07918 0.8152228594 2.4239340930    0.745  1.741  3.7662  2.585    4  0.000  0.521     0.00     0.00     0.00     0.00     0.00 -1    -1e-30      0.00 7.413e-01 2.580e-01 1.250e-04 3.816e-05 3.202e-04 -1.000 7.356e-04 0.417 1.368 0.690 0.358 0.267 0.244 0.241
0.00069308 -1.35000 10.07918 0.8152287602 2.4239360691    0.745  1.741  3.7663  2.586    4  0.000  0.521     0.00     0.00     0.00     0.00     0.00 -1    -1e-30      0.00 7.413e-01 2.580e-01 1.250e-04 3.816e-05 3.202e-04 -1.000 7.356e-04 0.417 1.367 0.690 0.358 0.267 0.244 0.241
0.00069308 -1.35000 10.07918 0.8152804971 2.4239533934    0.745  1.741  3.7667  2.587    4  0.000  0.521     0.00     0.00     0.00     0.00     0.00 -1    -1e-30      0.00 7.413e-01 2.580e-01 1.250e-04 3.816e-05 3.202e-04 -1.000 7.356e-04 0.417 1.364 0.688 0.357 0.268 0.245 0.242
0.00069308 -1.35000 10.07918 0.8153342009 2.4239713736    0.745  1.742  3.7668  2.587    4  0.000  0.521     0.00     0.00     0.00     0.00     0.00 -1    -1e-30      0.00 7.413e-01 2.580e-01 1.250e-04 3.816e-05 3.202e-04 -1.000 7.356e-04 0.416 1.362 0.687 0.356 0.267 0.244 0.242
0.00069308 -1.35000 10.07918 0.8153849244 2.4239883536    0.745  1.742  3.7667  2.586    4  0.000  0.521     0.00     0.00     0.00     0.00     0.00 -1    -1e-30      0.00 7.413e-01 2.580e-01 1.250e-04 3.816e-05 3.202e-04 -1.000 7.356e-04 0.414 1.362 0.686 0.355 0.265 0.242 0.240
0.00069308 -1.35000 10.07918 0.8154359460 2.4240054308    0.745  1.744  3.7662  2.583    4  0.000  0.521     0.00     0.00     0.00     0.00     0.00 -1    -1e-30      0.00 7.413e-01 2.580e-01 1.250e-04 3.816e-05 3.202e-04 -1.000 7.356e-04 0.411 1.362 0.684 0.352 0.261 0.238 0.236
0.00069308 -1.35000 10.07918 0.8154868484 2.4240224657    0.745  1.745  3.7655  2.579    4  0.000  0.521     0.00     0.00     0.00     0.00     0.00 -1    -1e-30      0.00 7.413e-01 2.580e-01 1.250e-04 3.816e-05 3.202e-04 -1.000 7.356e-04 0.407 1.363 0.683 0.348 0.256 0.232 0.229
0.00069308 -1.35000 10.07918 0.8155369163 2.4240392190    0.745  1.747  3.7645  2.573    4  0.000  0.521     0.00     0.00     0.00     0.00     0.00 -1    -1e-30      0.00 7.413e-01 2.580e-01 1.250e-04 3.816e-05 3.202e-04 -1.000 7.356e-04 0.402 1.365 0.682 0.343 0.249 0.224 0.221
0.00069308 -1.35000 10.07918 0.8155878186 2.4240562491    0.745  1.750  3.7633  2.566    4  0.000  0.521     0.00     0.00     0.00     0.00     0.00 -1    -1e-30      0.00 7.413e-01 2.580e-01 1.250e-04 3.816e-05 3.202e-04 -1.000 7.356e-04 0.396 1.367 0.680 0.337 0.242 0.215 0.212
0.00069308 -1.35000 10.07918 0.8155971766 2.4240593796    0.745  1.750  3.7631  2.564    4  0.000  0.521     0.00     0.00     0.00     0.00     0.00 -1    -1e-30      0.00 7.413e-01 2.580e-01 1.250e-04 3.816e-05 3.202e-04 -1.000 7.356e-04 0.395 1.367 0.679 0.336 0.240 0.213 0.210
0.00069308 -1.35000 10.07918 0.8156063557 2.4240624503    0.745  1.751  3.7628  2.563    4  0.000  0.521     0.00     0.00     0.00     0.00     0.00 -1    -1e-30      0.00 7.413e-01 2.580e-01 1.250e-04 3.816e-05 3.202e-04 -1.000 7.356e-04 0.393 1.367 0.679 0.334 0.238 0.211 0.208
0.00069308 -1.35000 10.07918 0.8156526089 2.4240779220    0.745  1.754  3.7614  2.554    4  0.000  0.521     0.00     0.00     0.00     0.00     0.00 -1    -1e-30      0.00 7.413e-01 2.580e-01 1.250e-04 3.816e-05 3.202e-04 -1.000 7.356e-04 0.385 1.370 0.677 0.327 0.228 0.200 0.196
0.00069308 -1.35000 10.07918 0.8156979084 2.4240930727    0.745  1.757  3.7599  2.545    4  0.000  0.521     0.00     0.00     0.00     0.00     0.00 -1    -1e-30      0.00 7.413e-01 2.580e-01 1.250e-04 3.816e-05 3.202e-04 -1.000 7.356e-04 0.377 1.371 0.674 0.318 0.217 0.188 0.183
0.00069308 -1.35000 10.07918 0.8157448769 2.4241087796    0.745  1.761  3.7583  2.534    4  0.000  0.521     0.00     0.00     0.00     0.00     0.00 -1    -1e-30      0.00 7.413e-01 2.580e-01 1.250e-04 3.816e-05 3.202e-04 -1.000 7.356e-04 0.367 1.374 0.670 0.309 0.205 0.173 0.168
0.00069308 -1.35000 10.07918 0.8157927990 2.4241248032    0.745  1.766  3.7566  2.523    4  0.000  0.521     0.00     0.00     0.00     0.00     0.00 -1    -1e-30      0.00 7.413e-01 2.580e-01 1.250e-04 3.816e-05 3.202e-04 -1.000 7.356e-04 0.355 1.376 0.666 0.298 0.191 0.158 0.152
0.00069308 -1.35000 10.07918 0.8158379793 2.4241399081    0.745  1.771  3.7550  2.512    4  0.000  0.521     0.00     0.00     0.00     0.00     0.00 -1    -1e-30      0.00 7.413e-01 2.580e-01 1.250e-04 3.816e-05 3.202e-04 -1.000 7.356e-04 0.343 1.377 0.660 0.286 0.176 0.141 0.134
0.00069308 -1.35000 10.07918 0.8158848882 2.4241555889    0.745  1.776  3.7533  2.499    4  0.000  0.521     0.00     0.00     0.00     0.00     0.00 -1    -1e-30      0.00 7.413e-01 2.580e-01 1.250e-04 3.816e-05 3.202e-04 -1.000 7.356e-04 0.329 1.376 0.653 0.273 0.160 0.123 0.116
0.00069308 -1.35000 10.07918 0.8159306049 2.4241708691    0.745  1.781  3.7519  2.488    4  0.000  0.521     0.00     0.00     0.00     0.00     0.00 -1    -1e-30      0.00 7.413e-01 2.580e-01 1.250e-04 3.816e-05 3.202e-04 -1.000 7.356e-04 0.316 1.374 0.645 0.260 0.145 0.107 0.098
0.00069308 -1.35000 10.07918 0.8159763217 2.4241861474    0.745  1.786  3.7507  2.479    4  0.000  0.521     0.00     0.00     0.00     0.00     0.00 -1    -1e-30      0.00 7.413e-01 2.580e-01 1.250e-04 3.816e-05 3.202e-04 -1.000 7.356e-04 0.304 1.372 0.638 0.248 0.131 0.091 0.082
0.00069308 -1.35000 10.07918 0.8160225153 2.4242015831    0.745  1.796  3.7485  2.461    4  0.000  0.521     0.00     0.00     0.00     0.00     0.00 -1    -1e-30      0.00 7.413e-01 2.580e-01 1.250e-04 3.816e-05 3.202e-04 -1.000 7.356e-04 0.281 1.366 0.623 0.225 0.104 0.063 0.053
0.00069308 -1.35000 10.07918 0.8160708547 2.4242177336    0.745  1.808  3.7459  2.439    4  0.000  0.521     0.00     0.00     0.00     0.00     0.00 -1    -1e-30      0.00 7.413e-01 2.580e-01 1.250e-04 3.816e-05 3.202e-04 -1.000 7.355e-04 0.251 1.358 0.603 0.196 0.071 0.026 0.015
0.00069308 -1.35000 10.07918 0.8161183596 2.4242336031    0.746  1.823  3.7430  2.412    4  0.000  0.521     0.00     0.00     0.00     0.00     0.00 -1    -1e-30      0.00 7.413e-01 2.580e-01 1.250e-04 3.816e-05 3.202e-04 -1.000 7.356e-04 0.213 1.344 0.576 0.158 0.028 -0.019 -0.031
0.00069308 -1.35000 10.07918 0.8161644340 2.4242489928    0.746  1.855  3.7375  2.358    4  0.000  0.521     0.00     0.00     0.00     0.00     0.00 -1    -1e-30      0.00 7.413e-01 2.580e-01 1.250e-04 3.816e-05 3.202e-04 -1.000 7.356e-04 0.133 1.314 0.519 0.080 -0.059 -0.112 -0.127
0.00069308 -1.35000 10.07918 0.8161850572 2.4242558807    0.746  1.886  3.7326  2.307    4  0.000  0.521     0.00     0.00     0.00     0.00     0.00 -1    -1e-30      0.00 7.413e-01 2.580e-01 1.250e-04 3.816e-05 3.202e-04 -1.000 7.356e-04 0.054 1.283 0.460 0.003 -0.144 -0.203 -0.220
0.00069308 -1.35000 10.07918 0.8161960840 2.4242595633    0.746  1.919  3.7278  2.254    4  0.000  0.521     0.00     0.00     0.00     0.00     0.00 -1    -1e-30      0.00 7.413e-01 2.580e-01 1.250e-04 3.816e-05 3.202e-04 -1.000 7.356e-04 -0.029 1.249 0.398 -0.078 -0.233 -0.297 -0.316
0.00069308 -1.35000 10.07918 0.8162014484 2.4242613548    0.746  1.952  3.7235  2.205    4  0.000  0.521     0.00     0.00     0.00     0.00     0.00 -1    -1e-30      0.00 7.413e-01 2.580e-01 1.250e-04 3.816e-05 3.202e-04 -1.000 7.356e-04 -0.109 1.214 0.337 -0.156 -0.319 -0.387 -0.409
0.00069308 -1.35000 10.07918 0.8162045479 2.4242623899    0.746  1.987  3.7191  2.151    4  0.000  0.521     0.00     0.00     0.00     0.00     0.00 -1    -1e-30      0.00 7.413e-01 2.580e-01 1.250e-04 3.816e-05 3.202e-04 -1.000 7.356e-04 -0.199 1.173 0.267 -0.243 -0.413 -0.487 -0.510
0.00069308 -1.35000 10.07918 0.8162061572 2.4242629274    0.746  2.021  3.7153  2.103    4  0.000  0.521     0.00     0.00     0.00     0.00     0.00 -1    -1e-30      0.00 7.413e-01 2.580e-01 1.250e-04 3.816e-05 3.202e-04 -1.000 7.356e-04 -0.282 1.134 0.202 -0.324 -0.500 -0.578 -0.604
0.00069308 -1.35000 10.07918 0.8162069321 2.4242631861    0.746  2.045  3.7128  2.069    7  0.000  0.521     0.00     0.00     0.00     0.00     0.00 -1 -9.43e-10      0.00 7.413e-01 2.564e-01 1.250e-04 3.816e-05 3.202e-04 -1.000 2.336e-03 -0.343 1.104 0.155 -0.382 -0.563 -0.644 -0.671
0.00069308 -1.35000 10.07918 0.8162078857 2.4242635046    0.746  2.084  3.7091  2.015    7  0.000  0.521     0.00     0.00     0.00     0.00     0.00 -1 -1.21e-09      0.00 7.413e-01 2.564e-01 1.250e-04 3.816e-05 3.202e-04 -1.000 2.336e-03 -0.441 1.050 0.075 -0.477 -0.664 -0.750 -0.778
0.00069308 -1.35000 10.07918 0.8162087798 2.4242638032    0.745  2.122  3.7057  1.963    7  0.000  0.521     0.00     0.00     0.00     0.00     0.00 -1 -1.51e-09      0.00 7.413e-01 2.564e-01 1.250e-04 3.816e-05 3.202e-04 -1.000 2.336e-03 -0.536 1.002 -0.001 -0.569 -0.762 -0.852 -0.882
0.00069308 -1.35000 10.07918 0.8162096739 2.4242641018    0.745  2.156  3.7028  1.918    7  0.000  0.521     0.00     0.00     0.00     0.00     0.00 -1 -1.84e-09      0.00 7.413e-01 2.564e-01 1.250e-04 3.816e-05 3.202e-04 -1.000 2.336e-03 -0.619 0.960 -0.068 -0.649 -0.847 -0.941 -0.973
0.00069308 -1.35000 10.07918 0.8162105083 2.4242643805    0.745  2.178  3.7009  1.888    7  0.000  0.521     0.00     0.00     0.00     0.00     0.00 -1  -2.1e-09      0.00 7.413e-01 2.564e-01 1.250e-04 3.816e-05 3.202e-04 -1.000 2.336e-03 -0.675 0.931 -0.114 -0.703 -0.905 -1.001 -1.034
0.00069308 -1.35000 10.07918 0.8162119389 2.4242648582    0.745  2.192  3.6997  1.869    7  0.000  0.521     0.00     0.00     0.00     0.00     0.00 -1 -2.27e-09      0.00 7.413e-01 2.564e-01 1.250e-04 3.816e-05 3.202e-04 -1.000 2.336e-03 -0.710 0.914 -0.141 -0.736 -0.940 -1.038 -1.072
0.00069308 -1.35000 10.07918 0.8162143826 2.4242656743    0.745  2.167  3.7019  1.903    7  0.000  0.521     0.00     0.00     0.00     0.00     0.00 -1 -1.96e-09      0.00 7.413e-01 2.564e-01 1.250e-04 3.816e-05 3.202e-04 -1.000 2.336e-03 -0.647 0.944 -0.091 -0.676 -0.875 -0.970 -1.003
0.00069308 -1.35000 10.07918 0.8162183762 2.4242670079    0.745  2.148  3.7035  1.928    7  0.000  0.521     0.00     0.00     0.00     0.00     0.00 -1 -1.76e-09      0.00 7.413e-01 2.564e-01 1.250e-04 3.816e-05 3.202e-04 -1.000 2.336e-03 -0.601 0.968 -0.054 -0.631 -0.828 -0.921 -0.952
0.00069308 -1.35000 10.07918 0.8162431717 2.4242752880    0.743  2.156  3.7028  1.916    7  0.000  0.521     0.00     0.00     0.00     0.00     0.00 -1 -1.86e-09      0.00 7.413e-01 2.564e-01 1.250e-04 3.816e-05 3.202e-04 -1.000 2.336e-03 -0.620 0.959 -0.069 -0.650 -0.849 -0.942 -0.974
0.00069308 -1.35000 10.07918 0.8162611127 2.4242812787    0.741  2.187  3.7000  1.873    7  0.000  0.521     0.00     0.00     0.00     0.00     0.00 -1 -2.25e-09      0.00 7.413e-01 2.564e-01 1.250e-04 3.816e-05 3.202e-04 -1.000 2.336e-03 -0.696 0.922 -0.130 -0.723 -0.927 -1.024 -1.057
0.00069308 -1.35000 10.07918 0.8162801266 2.4242876274    0.739  2.232  3.6961  1.811    7  0.000  0.521     0.00     0.00     0.00     0.00     0.00 -1 -2.98e-09      0.00 7.413e-01 2.564e-01 1.250e-04 3.816e-05 3.202e-04 -1.000 2.336e-03 -0.811 0.869 -0.220 -0.832 -1.042 -1.144 -1.180
0.00069308 -1.35000 10.07918 0.8162985444 2.4242937767    0.735  2.278  3.6923  1.748    7  0.000  0.521     0.00     0.00     0.00     0.00     0.00 -1 -3.91e-09      0.00 7.413e-01 2.564e-01 1.250e-04 3.816e-05 3.202e-04 -1.000 2.336e-03 -0.924 0.815 -0.309 -0.939 -1.157 -1.264 -1.302
0.00069308 -1.35000 10.07918 0.8163147569 2.4242991894    0.732  2.320  3.6889  1.690    7  0.000  0.521     0.00     0.00     0.00     0.00     0.00 -1 -5.09e-09      0.00 7.413e-01 2.564e-01 1.250e-04 3.816e-05 3.202e-04 -1.000 2.336e-03 -1.030 0.765 -0.393 -1.040 -1.264 -1.376 -1.416
0.00069308 -1.35000 10.07918 0.8163290620 2.4243039651    0.728  2.362  3.6856  1.633    7  0.000  0.521     0.00     0.00     0.00     0.00     0.00 -1 -6.57e-09      0.00 7.413e-01 2.564e-01 1.250e-04 3.816e-05 3.202e-04 -1.000 2.327e-03 -1.134 0.719 -0.474 -1.137 -1.368 -1.484 -1.526
0.00069308 -1.35000 10.07918 0.8163415790 2.4243081437    0.724  2.403  3.6823  1.576    7  0.000  0.521     0.00     0.00     0.00     0.00     0.00 -1 -8.46e-09      0.00 7.413e-01 2.564e-01 1.249e-04 3.816e-05 3.202e-04 -1.000 2.267e-03 -1.237 0.692 -0.552 -1.237 -1.474 -1.594 -1.638
0.00069308 -1.35000 10.07918 0.8163526058 2.4243118248    0.719  2.443  3.6790  1.520    7  0.000  0.521     0.00     0.00     0.00     0.00     0.00 -1 -1.09e-08      0.00 7.413e-01 2.565e-01 1.249e-04 3.817e-05 3.202e-04 -1.000 2.227e-03 -1.338 0.669 -0.627 -1.336 -1.578 -1.702 -1.748
0.00069308 -1.35000 10.07918 0.8163624406 2.4243151077    0.713  2.483  3.6758  1.463    7  0.000  0.520     0.00     0.00     0.00     0.00     0.00 -1 -1.39e-08      0.00 7.413e-01 2.565e-01 1.247e-04 3.826e-05 3.202e-04 -1.000 2.207e-03 -1.439 0.653 -0.699 -1.433 -1.681 -1.809 -1.857
0.00069308 -1.35000 10.07918 0.8163713813 2.4243180922    0.706  2.524  3.6726  1.406    7  0.000  0.517     7.86     6.13     4.32     3.36     2.72  3  -1.8e-08      0.00 7.413e-01 2.566e-01 1.240e-04 3.870e-05 3.202e-04 -1.000 2.140e-03 -1.540 0.644 -0.769 -1.530 -1.784 -1.916 -1.967
0.00069308 -1.35000 10.07918 0.8163795471 2.4243208179    0.698  2.564  3.6682  1.343    7  0.000  0.511     8.96     6.86     4.81     3.74     3.03  2 -2.34e-08      0.00 7.413e-01 2.566e-01 1.226e-04 4.004e-05 3.202e-04 -1.000 2.107e-03 -1.641 0.676 -0.824 -1.624 -1.887 -2.025 -2.079
0.00069308 -1.35000 10.07918 0.8163853288 2.4243227478    0.691  2.595  3.6636  1.289    7  0.000  0.504    10.01     7.53     5.25     4.10     3.32  2 -2.87e-08      0.00 7.413e-01 2.566e-01 1.210e-04 4.174e-05 3.202e-04 -1.000 2.085e-03 -1.717 0.742 -0.850 -1.691 -1.963 -2.107 -2.165
0.00069308 -1.35000 10.07918 0.8163924217 2.4243251153    0.680  2.635  3.6572  1.216    7  0.000  0.493    11.64     8.55     5.93     4.64     3.75  2  -3.8e-08      0.00 7.413e-01 2.567e-01 1.186e-04 4.466e-05 3.202e-04 -1.000 2.024e-03 -1.817 0.851 -0.874 -1.775 -2.062 -2.215 -2.277
0.00069308 -1.35000 10.07918 0.8163992167 2.4243273833    0.666  2.675  3.6540  1.154    7  0.000  0.483    13.23     9.52     6.57     5.15     4.17  2 -5.01e-08      0.00 7.412e-01 2.568e-01 1.162e-04 4.753e-05 3.202e-04 -1.000 2.023e-03 -1.918 0.848 -0.936 -1.863 -2.159 -2.317 -2.382
0.00069308 -1.35000 10.07918 0.8164057732 2.4243295717    0.648  2.716  3.6509  1.089    7  0.000  0.474    15.11    10.64     7.30     5.74     4.64  2 -6.76e-08      0.00 7.411e-01 2.568e-01 1.141e-04 5.005e-05 3.202e-04 -1.000 2.007e-03 -2.020 0.844 -0.998 -1.953 -2.257 -2.420 -2.488
0.00069308 -1.35000 10.07918 0.8164121509 2.4243317003    0.623  2.757  3.6482  1.020    7  0.000  0.467    17.33    11.92     8.13     6.41     5.19  1  -9.4e-08      0.00 7.411e-01 2.569e-01 1.123e-04 5.226e-05 3.202e-04 -1.000 1.996e-03 -2.123 0.833 -1.064 -2.044 -2.355 -2.524 -2.593
0.00069308 -1.35000 10.07918 0.8164179921 2.4243336499    0.592  2.797  3.6470  0.953    7  0.000  0.460    19.80    13.30     9.01     7.14     5.77  1 -1.36e-07      0.00 7.410e-01 2.570e-01 1.109e-04 5.410e-05 3.202e-04 -1.000 1.939e-03 -2.223 0.802 -1.139 -2.139 -2.455 -2.627 -2.698
0.00069308 -1.35000 10.07918 0.8164232969 2.4243354204    0.550  2.838  3.6514  0.899    7  0.000  0.455    21.89    14.39     9.70     7.71     6.23  1 -2.03e-07      0.00 7.410e-01 2.571e-01 1.095e-04 5.576e-05 3.201e-04 -1.000 1.936e-03 -2.324 0.647 -1.272 -2.259 -2.568 -2.733 -2.801
0.00069308 -1.35000 10.07918 0.8164258003 2.4243362559    0.511  2.858  3.6620  0.889    7  0.000  0.451    22.02    14.38     9.68     7.71     6.23  1  -2.5e-07      0.00 7.409e-01 2.572e-01 1.086e-04 5.691e-05 3.201e-04 -1.000 1.921e-03 -2.375 0.327 -1.439 -2.349 -2.635 -2.784 -2.844
0.00069308 -1.35000 10.07918 1.1150141954 2.4941653365    0.550 -9.999  3.5727  7.964    9  0.550  0.000     0.00     0.00     0.00     0.00     0.00 -1    -1e-30      0.00 7.284e-01 2.710e-01 9.721e-05 8.145e-05 3.220e-04 -1.000 6.408e-04 29.767 33.856 31.663 30.175 29.506 29.224 29.134
