# Zini     MH   logAge Mini        int_IMF         Mass   logL    logTe  logg  label   McoreTP C_O  period0  period1  period2  period3  period4  pmode  Mloss  tau1m   X   Y   Xc  Xn  Xo  Cexcess  Z 	 mbolmag  umag    gmag    rmag    imag    zmag    Ymag
0.0010968 -1.15000 10.01703 0.0900000036 1.0816895926    0.090 -3.218  3.4540  5.378    1  0.000  0.545     0.00     0.00     0.00     0.00     0.00 -1 -5.19e-17      0.00 7.466e-01 2.523e-01 2.038e-04 5.498e-05 4.986e-04 -1.000 1.133e-03 12.815 18.040 16.838 14.990 12.908 12.209 12.072
0.0010968 -1.15000 10.01703 0.0937704667 1.1168558467    0.094 -3.120  3.4679  5.354    1  0.000  0.545     0.00     0.00     0.00     0.00     0.00 -1 -6.55e-17      0.00 7.462e-01 2.527e-01 2.038e-04 5.498e-05 4.986e-04 -1.000 1.133e-03 12.571 17.763 16.266 14.429 12.600 11.974 11.843
0.0010968 -1.15000 10.01703 0.1000000015 1.1711064122    0.100 -2.967  3.4898  5.316    1  0.000  0.545     0.00     0.00     0.00     0.00     0.00 -1 -9.44e-17      0.00 7.454e-01 2.535e-01 2.038e-04 5.498e-05 4.986e-04 -1.000 1.133e-03 12.187 17.274 15.391 13.600 12.133 11.609 11.485
0.0010968 -1.15000 10.01703 0.1199999899 1.3193153758    0.120 -2.683  3.5227  5.243    1  0.000  0.545     0.00     0.00     0.00     0.00     0.00 -1  -1.8e-16      0.00 7.435e-01 2.554e-01 2.038e-04 5.498e-05 4.987e-04 -1.000 1.133e-03 11.479 16.201 14.038 12.369 11.339 10.935 10.820
0.0010968 -1.15000 10.01703 0.1400000006 1.4384526719    0.140 -2.501  3.5393  5.194    1  0.000  0.545     0.00     0.00     0.00     0.00     0.00 -1 -2.68e-16      0.00 7.420e-01 2.568e-01 2.038e-04 5.498e-05 4.987e-04 -1.000 1.133e-03 11.024 15.485 13.305 11.715 10.853 10.494 10.385
0.0010968 -1.15000 10.01703 0.1599999964 1.5372931554    0.160 -2.362  3.5498  5.156    1  0.000  0.545     0.00     0.00     0.00     0.00     0.00 -1 -3.61e-16      0.00 7.409e-01 2.580e-01 2.038e-04 5.498e-05 4.987e-04 -1.000 1.133e-03 10.675 14.955 12.795 11.257 10.488 10.154 10.049
0.0010968 -1.15000 10.01703 0.2000000179 1.6938791367    0.200 -2.143  3.5641  5.090    1  0.000  0.545     0.00     0.00     0.00     0.00     0.00 -1 -5.77e-16      0.00 7.395e-01 2.594e-01 2.038e-04 5.498e-05 4.987e-04 -1.000 1.133e-03 10.126 14.145 12.045 10.580 9.922 9.619 9.520
0.0010968 -1.15000 10.01703 0.2500000000 1.8403257998    0.250 -1.938  3.5754  5.027    1  0.000  0.545     0.00     0.00     0.00     0.00     0.00 -1  -5.4e-16      0.00 7.391e-01 2.597e-01 2.038e-04 5.498e-05 4.987e-04 -1.000 1.133e-03 9.614 13.426 11.386 9.983 9.399 9.118 9.023
0.0010968 -1.15000 10.01703 0.3000000417 1.9529140366    0.300 -1.779  3.5839  4.982    1  0.000  0.545     0.00     0.00     0.00     0.00     0.00 -1 -9.45e-16      0.00 7.393e-01 2.596e-01 2.038e-04 5.498e-05 4.987e-04 -1.000 1.133e-03 9.218 12.878 10.887 9.535 8.996 8.730 8.639
0.0010968 -1.15000 10.01703 0.3499999940 2.0434174644    0.350 -1.650  3.5911  4.949    1  0.000  0.545     0.00     0.00     0.00     0.00     0.00 -1 -1.59e-15      0.00 7.478e-01 2.510e-01 2.038e-04 5.498e-05 4.986e-04 -1.000 1.133e-03 8.896 12.429 10.482 9.174 8.669 8.415 8.327
0.0010968 -1.15000 10.01703 0.4000000060 2.1185024399    0.400 -1.500  3.6022  4.901    1  0.000  0.545     0.00     0.00     0.00     0.00     0.00 -1 -2.23e-15      0.00 7.485e-01 2.504e-01 2.038e-04 5.498e-05 4.986e-04 -1.000 1.133e-03 8.521 11.874 9.986 8.748 8.285 8.049 7.967
0.0010968 -1.15000 10.01703 0.4440001249 2.1751258790    0.444 -1.345  3.6173  4.851    1  0.000  0.545     0.00     0.00     0.00     0.00     0.00 -1  -3.2e-15      0.00 7.485e-01 2.504e-01 2.038e-04 5.498e-05 4.986e-04 -1.000 1.133e-03 8.131 11.253 9.440 8.300 7.887 7.674 7.599
0.0010968 -1.15000 10.01703 0.4500000179 2.1822809362    0.450 -1.324  3.6192  4.844    1  0.000  0.545     0.00     0.00     0.00     0.00     0.00 -1 -3.36e-15      0.00 7.485e-01 2.504e-01 2.038e-04 5.498e-05 4.986e-04 -1.000 1.133e-03 8.081 11.174 9.370 8.242 7.835 7.626 7.552
0.0010968 -1.15000 10.01703 0.4774785340 2.2135335974    0.477 -1.211  3.6348  4.819    1  0.000  0.545     0.00     0.00     0.00     0.00     0.00 -1 -4.35e-15      0.00 7.485e-01 2.504e-01 2.038e-04 5.498e-05 4.986e-04 -1.000 1.133e-03 7.798 10.666 8.933 7.907 7.548 7.362 7.296
0.0010968 -1.15000 10.01703 0.5000000000 2.2374541529    0.500 -1.123  3.6470  4.800    1  0.000  0.545     0.00     0.00     0.00     0.00     0.00 -1 -5.33e-15      0.00 7.485e-01 2.504e-01 2.038e-04 5.498e-05 4.986e-04 -1.000 1.133e-03 7.578 10.270 8.595 7.648 7.324 7.157 7.096
0.0010968 -1.15000 10.01703 0.5401780605 2.2753559912    0.540 -0.947  3.6722  4.758    1  0.000  0.545     0.00     0.00     0.00     0.00     0.00 -1 -8.07e-15      0.00 7.728e-01 2.262e-01 1.855e-04 5.007e-05 4.543e-04 -1.000 1.041e-03 7.137 9.420 7.924 7.137 6.879 6.750 6.702
0.0010968 -1.15000 10.01703 0.5500000715 2.2836583126    0.550 -0.905  3.6781  4.748    1  0.000  0.544     0.00     0.00     0.00     0.00     0.00 -1  -8.9e-15      0.00 7.785e-01 2.205e-01 1.812e-04 4.892e-05 4.438e-04 -1.000 1.020e-03 7.034 9.217 7.773 7.020 6.775 6.655 6.610
0.0010968 -1.15000 10.01703 0.6000000238 2.3211213258    0.600 -0.705  3.7063  4.698    1  0.000  0.544     0.00     0.00     0.00     0.00     0.00 -1 -1.43e-14      0.00 7.863e-01 2.128e-01 1.758e-04 4.746e-05 4.308e-04 -1.000 9.656e-04 6.532 8.258 7.082 6.471 6.278 6.193 6.164
0.0010968 -1.15000 10.01703 0.6038523316 2.3237131580    0.604 -0.689  3.7087  4.694    1  0.000  0.544     0.00     0.00     0.00     0.00     0.00 -1 -1.49e-14      0.00 7.869e-01 2.121e-01 1.753e-04 4.734e-05 4.297e-04 -1.000 9.730e-04 6.492 8.182 7.029 6.428 6.239 6.157 6.130
0.0010968 -1.15000 10.01703 0.6207985878 2.3346766615    0.621 -0.619  3.7194  4.679    1  0.000  0.544     0.00     0.00     0.00     0.00     0.00 -1 -1.75e-14      0.00 7.898e-01 2.092e-01 1.732e-04 4.678e-05 4.247e-04 -1.000 9.791e-04 6.318 7.862 6.801 6.245 6.073 6.003 5.982
0.0010968 -1.15000 10.01703 0.6367866993 2.3444074616    0.637 -0.553  3.7293  4.664    1  0.000  0.543     0.00     0.00     0.00     0.00     0.00 -1 -2.05e-14      0.00 7.927e-01 2.063e-01 1.711e-04 4.624e-05 4.198e-04 -1.000 9.736e-04 6.154 7.574 6.593 6.075 5.919 5.861 5.844
0.0010968 -1.15000 10.01703 0.6499999762 2.3520353107    0.650 -0.499  3.7373  4.651    1  0.000  0.543     0.00     0.00     0.00     0.00     0.00 -1 -2.33e-14      0.00 7.952e-01 2.038e-01 1.694e-04 4.577e-05 4.156e-04 -1.000 9.935e-04 6.018 7.349 6.427 5.938 5.792 5.743 5.730
0.0010968 -1.15000 10.01703 0.6638558507 2.3596602084    0.664 -0.442  3.7449  4.634    1  0.000  0.543     0.00     0.00     0.00     0.00     0.00 -1 -2.68e-14      0.00 7.984e-01 2.007e-01 1.671e-04 4.518e-05 4.103e-04 -1.000 9.279e-04 5.875 7.125 6.257 5.795 5.661 5.620 5.611
0.0010968 -1.15000 10.01703 0.6790579557 2.3676156103    0.679 -0.379  3.7530  4.613    1  0.000  0.543     0.00     0.00     0.00     0.00     0.00 -1 -3.14e-14      0.00 8.021e-01 1.970e-01 1.646e-04 4.450e-05 4.042e-04 -1.000 9.145e-04 5.718 6.886 6.072 5.641 5.519 5.487 5.481
0.0010968 -1.15000 10.01703 0.6930425167 2.3745805444    0.693 -0.320  3.7602  4.592    1  0.000  0.543     0.00     0.00     0.00     0.00     0.00 -1 -3.65e-14      0.00 8.057e-01 1.934e-01 1.621e-04 4.384e-05 3.983e-04 -1.000 9.071e-04 5.571 6.669 5.902 5.498 5.388 5.363 5.361
0.0010968 -1.15000 10.01703 0.6999999881 2.3779266974    0.700 -0.291  3.7637  4.581    1  0.000  0.543     0.00     0.00     0.00     0.00     0.00 -1 -3.93e-14      0.00 8.076e-01 1.915e-01 1.608e-04 4.349e-05 3.952e-04 -1.000 9.069e-04 5.497 6.565 5.818 5.427 5.323 5.301 5.300
0.0010968 -1.15000 10.01703 0.7036658525 2.3796591936    0.703 -0.275  3.7655  4.574    1  0.000  0.542     0.00     0.00     0.00     0.00     0.00 -1  -4.1e-14      0.00 8.088e-01 1.903e-01 1.598e-04 4.326e-05 3.932e-04 -1.000 9.067e-04 5.458 6.511 5.774 5.390 5.288 5.268 5.268
0.0010968 -1.15000 10.01703 0.7138998508 2.3843876929    0.714 -0.230  3.7703  4.555    1  0.000  0.540     0.00     0.00     0.00     0.00     0.00 -1 -4.61e-14      0.00 8.123e-01 1.868e-01 1.569e-04 4.261e-05 3.874e-04 -1.000 8.901e-04 5.346 6.358 5.649 5.282 5.188 5.173 5.175
0.0010968 -1.15000 10.01703 0.7235684395 2.3887139330    0.723 -0.188  3.7748  4.536    1  0.000  0.538     0.00     0.00     0.00     0.00     0.00 -1 -5.16e-14      0.00 8.158e-01 1.833e-01 1.541e-04 4.195e-05 3.817e-04 -1.000 8.742e-04 5.239 6.216 5.530 5.180 5.092 5.081 5.085
0.0010968 -1.15000 10.01703 0.7327707410 2.3927098208    0.732 -0.146  3.7788  4.516    1  0.000  0.537     0.00     0.00     0.00     0.00     0.00 -1 -5.78e-14      0.00 8.194e-01 1.798e-01 1.513e-04 4.129e-05 3.759e-04 -1.000 8.361e-04 5.134 6.079 5.415 5.080 4.998 4.992 4.997
0.0010968 -1.15000 10.01703 0.7417032123 2.3964796802    0.741 -0.104  3.7827  4.495    1  0.000  0.535     0.00     0.00     0.00     0.00     0.00 -1 -6.47e-14      0.00 8.230e-01 1.762e-01 1.485e-04 4.062e-05 3.699e-04 -1.000 8.067e-04 5.031 5.950 5.302 4.980 4.905 4.902 4.909
0.0010968 -1.15000 10.01703 0.7500000000 2.3998889087    0.750 -0.064  3.7861  4.474    1  0.000  0.534     0.00     0.00     0.00     0.00     0.00 -1 -7.23e-14      0.00 8.265e-01 1.726e-01 1.457e-04 3.996e-05 3.641e-04 -1.000 8.170e-04 4.931 5.829 5.194 4.884 4.814 4.815 4.822
0.0010968 -1.15000 10.01703 0.7522617579 2.4008032980    0.752 -0.054  3.7869  4.467    1  0.000  0.533     0.00     0.00     0.00     0.00     0.00 -1 -7.46e-14      0.00 8.277e-01 1.715e-01 1.450e-04 3.975e-05 3.623e-04 -1.000 8.193e-04 4.904 5.797 5.164 4.858 4.789 4.791 4.798
0.0010968 -1.15000 10.01703 0.7620533705 2.4046899755    0.762 -0.005  3.7903  4.438    1  0.000  0.533     0.00     0.00     0.00     0.00     0.00 -1 -8.57e-14      0.00 8.327e-01 1.665e-01 1.418e-04 3.889e-05 3.546e-04 -1.000 8.059e-04 4.782 5.654 5.034 4.740 4.676 4.681 4.690
0.0010968 -1.15000 10.01703 0.7708948851 2.4081021436    0.770  0.041  3.7934  4.409    1  0.000  0.532     0.00     0.00     0.00     0.00     0.00 -1  -9.8e-14      0.00 8.371e-01 1.621e-01 1.390e-04 3.815e-05 3.480e-04 -1.000 8.025e-04 4.666 5.521 4.911 4.628 4.569 4.577 4.587
0.0010968 -1.15000 10.01703 0.7791895866 2.4112224545    0.779  0.087  3.7961  4.379    1  0.000  0.532     0.00     0.00     0.00     0.00     0.00 -1 -1.12e-13      0.00 8.409e-01 1.583e-01 1.366e-04 3.751e-05 3.423e-04 -1.000 7.990e-04 4.553 5.391 4.790 4.517 4.463 4.473 4.484
0.0010968 -1.15000 10.01703 0.7872878313 2.4141960286    0.787  0.134  3.7987  4.347    1  0.000  0.531     0.00     0.00     0.00     0.00     0.00 -1 -1.29e-13      0.00 8.444e-01 1.548e-01 1.344e-04 3.693e-05 3.371e-04 -1.000 7.965e-04 4.436 5.259 4.665 4.403 4.353 4.365 4.377
0.0010968 -1.15000 10.01703 0.7979965210 2.4180217525    0.797  0.199  3.8017  4.299    1  0.000  0.531     0.00     0.00     0.00     0.00     0.00 -1 -1.57e-13      0.00 8.485e-01 1.507e-01 1.319e-04 3.627e-05 3.313e-04 -1.000 7.836e-04 4.272 5.079 4.493 4.242 4.196 4.212 4.225
0.0010968 -1.15000 10.01703 0.8000000119 2.4187244405    0.799  0.212  3.8023  4.290    1  0.000  0.531     0.00     0.00     0.00     0.00     0.00 -1 -1.63e-13      0.00 8.493e-01 1.500e-01 1.315e-04 3.615e-05 3.303e-04 -1.000 7.819e-04 4.240 5.045 4.460 4.211 4.166 4.182 4.195
0.0010968 -1.15000 10.01703 0.8022260666 2.4195004568    0.801  0.226  3.8029  4.279    1  0.000  0.530     0.00     0.00     0.00     0.00     0.00 -1  -1.7e-13      0.00 8.496e-01 1.497e-01 1.314e-04 3.613e-05 3.301e-04 -1.000 7.810e-04 4.205 5.007 4.423 4.176 4.133 4.149 4.163
0.0010968 -1.15000 10.01703 0.8113204837 2.4226200185    0.810  0.287  3.8048  4.231    1  0.000  0.530     0.00     0.00     0.00     0.00     0.00 -1 -2.05e-13      0.00 8.500e-01 1.493e-01 1.316e-04 3.620e-05 3.308e-04 -1.000 7.891e-04 4.053 4.844 4.264 4.025 3.985 4.004 4.017
0.0010968 -1.15000 10.01703 0.8184462190 2.4250086568    0.817  0.339  3.8058  4.187    1  0.000  0.530     0.00     0.00     0.00     0.00     0.00 -1 -2.44e-13      0.00 8.488e-01 1.504e-01 1.327e-04 3.651e-05 3.337e-04 -1.000 7.934e-04 3.923 4.708 4.130 3.896 3.858 3.877 3.891
0.0010968 -1.15000 10.01703 0.8186644316 2.4250810502    0.817  0.340  3.8058  4.185    1  0.000  0.530     0.00     0.00     0.00     0.00     0.00 -1 -2.45e-13      0.00 8.487e-01 1.505e-01 1.327e-04 3.652e-05 3.338e-04 -1.000 7.934e-04 3.919 4.704 4.126 3.892 3.854 3.873 3.887
0.0010968 -1.15000 10.01703 0.8216934204 2.4260813714    0.820  0.365  3.8057  4.162    1  0.000  0.530     0.00     0.00     0.00     0.00     0.00 -1 -2.66e-13      0.00 8.482e-01 1.510e-01 1.333e-04 3.667e-05 3.352e-04 -1.000 7.933e-04 3.858 4.643 4.064 3.830 3.792 3.811 3.825
0.0010968 -1.15000 10.01703 0.8278681040 2.4280945093    0.826  0.418  3.8044  4.107    1  0.000  0.530     0.00     0.00     0.00     0.00     0.00 -1 -3.17e-13      0.00 8.470e-01 1.522e-01 1.344e-04 3.698e-05 3.380e-04 -1.000 7.883e-04 3.725 4.514 3.932 3.695 3.656 3.674 3.687
0.0010968 -1.15000 10.01703 0.8330952525 2.4297719257    0.832  0.468  3.8016  4.048    1  0.000  0.530     0.00     0.00     0.00     0.00     0.00 -1  -3.8e-13      0.00 8.460e-01 1.532e-01 1.354e-04 3.726e-05 3.406e-04 -1.000 7.926e-04 3.600 4.400 3.812 3.567 3.524 3.539 3.551
0.0010968 -1.15000 10.01703 0.8341043591 2.4300929697    0.833  0.478  3.8009  4.036    1  0.000  0.530     0.00     0.00     0.00     0.00     0.00 -1 -3.95e-13      0.00 8.458e-01 1.534e-01 1.356e-04 3.731e-05 3.410e-04 -1.000 7.934e-04 3.574 4.377 3.788 3.541 3.497 3.511 3.523
0.0010968 -1.15000 10.01703 0.8373286128 2.4311127939    0.836  0.516  3.7963  3.981    2  0.000  0.530     0.00     0.00     0.00     0.00     0.00 -1 -4.58e-13      0.00 8.449e-01 1.544e-01 1.366e-04 3.761e-05 3.437e-04 -1.000 7.963e-04 3.480 4.304 3.703 3.442 3.391 3.401 3.411
0.0010968 -1.15000 10.01703 0.8407452106 2.4321836458    0.839  0.560  3.7884  3.907    2  0.000  0.530     0.00     0.00     0.00     0.00     0.00 -1  -5.5e-13      0.00 8.422e-01 1.570e-01 1.397e-04 3.843e-05 3.512e-04 -1.000 7.986e-04 3.369 4.234 3.611 3.324 3.261 3.264 3.271
0.0010968 -1.15000 10.01703 0.8430801630 2.4329097427    0.841  0.593  3.7793  3.839    2  0.000  0.531     0.00     0.00     0.00     0.00     0.00 -1 -6.42e-13      0.00 8.318e-01 1.674e-01 1.480e-04 4.068e-05 3.716e-04 -1.000 8.205e-04 3.287 4.203 3.552 3.234 3.158 3.151 3.155
0.0010968 -1.15000 10.01703 0.8447910547 2.4334388471    0.843  0.617  3.7695  3.776    2  0.000  0.533     0.00     0.00     0.00     0.00     0.00 -1 -7.28e-13      0.00 8.047e-01 1.944e-01 1.653e-04 4.535e-05 4.134e-04 -1.000 9.131e-04 3.226 4.210 3.519 3.168 3.076 3.060 3.060
0.0010968 -1.15000 10.01703 0.8461892605 2.4338694248    0.844  0.640  3.7594  3.714    2  0.000  0.535     0.00     0.00     0.00     0.00     0.00 -1 -8.23e-13      0.00 7.838e-01 2.152e-01 1.783e-04 4.882e-05 4.444e-04 -1.000 9.995e-04 3.171 4.229 3.494 3.107 3.000 2.974 2.970
0.0010968 -1.15000 10.01703 0.8472740650 2.4342023649    0.845  0.665  3.7509  3.655    2  0.000  0.536     0.00     0.00     0.00     0.00     0.00 -1 -9.34e-13      0.00 7.735e-01 2.255e-01 1.847e-04 5.051e-05 4.594e-04 -1.000 1.039e-03 3.106 4.233 3.458 3.042 2.921 2.886 2.879
0.0010968 -1.15000 10.01703 0.8481508493 2.4344707454    0.846  0.698  3.7446  3.598    2  0.000  0.536     0.00     0.00     0.00     0.00     0.00 -1 -1.07e-12      0.00 7.680e-01 2.310e-01 1.880e-04 5.141e-05 4.674e-04 -1.000 1.079e-03 3.026 4.206 3.400 2.962 2.832 2.790 2.780
0.0010968 -1.15000 10.01703 0.8488441706 2.4346825171    0.847  0.731  3.7402  3.548    2  0.000  0.537     0.00     0.00     0.00     0.00     0.00 -1 -1.23e-12      0.00 7.647e-01 2.342e-01 1.900e-04 5.193e-05 4.720e-04 -1.000 1.119e-03 2.942 4.157 3.332 2.879 2.742 2.695 2.683
0.0010968 -1.15000 10.01703 0.8491875529 2.4347872544    0.847  0.750  3.7383  3.521    2  0.000  0.537     0.00     0.00     0.00     0.00     0.00 -1 -1.32e-12      0.00 7.632e-01 2.356e-01 1.908e-04 5.214e-05 4.739e-04 -1.000 1.120e-03 2.895 4.127 3.291 2.833 2.693 2.644 2.631
0.0010968 -1.15000 10.01703 0.8493117690 2.4348251184    0.847  0.758  3.7378  3.511    2  0.000  0.537     0.00     0.00     0.00     0.00     0.00 -1 -1.36e-12      0.00 7.628e-01 2.361e-01 1.910e-04 5.220e-05 4.744e-04 -1.000 1.120e-03 2.875 4.111 3.273 2.813 2.672 2.622 2.609
0.0010968 -1.15000 10.01703 0.8499653935 2.4350241488    0.848  0.803  3.7351  3.456    3  0.000  0.537     0.00     0.00     0.00     0.00     0.00 -1  -1.6e-12      0.00 7.604e-01 2.385e-01 1.921e-04 5.250e-05 4.771e-04 -1.000 1.097e-03 2.763 4.025 3.172 2.703 2.558 2.505 2.491
0.0010968 -1.15000 10.01703 0.8499999642 2.4350346659    0.848  0.805  3.7349  3.453    3  0.000  0.537     0.00     0.00     0.00     0.00     0.00 -1 -1.62e-12      0.00 7.602e-01 2.387e-01 1.921e-04 5.252e-05 4.773e-04 -1.000 1.096e-03 2.758 4.020 3.167 2.697 2.552 2.499 2.484
0.0010968 -1.15000 10.01703 0.8500074744 2.4350369505    0.848  0.806  3.7349  3.452    3  0.000  0.537     0.00     0.00     0.00     0.00     0.00 -1 -1.62e-12      0.00 7.602e-01 2.387e-01 1.922e-04 5.252e-05 4.773e-04 -1.000 1.096e-03 2.756 4.019 3.165 2.696 2.551 2.498 2.483
0.0010968 -1.15000 10.01703 0.8505824804 2.4352117306    0.848  0.849  3.7327  3.401    3  0.000  0.537     0.00     0.00     0.00     0.00     0.00 -1  -1.9e-12      0.00 7.582e-01 2.407e-01 1.930e-04 5.274e-05 4.793e-04 -1.000 1.053e-03 2.648 3.931 3.066 2.589 2.441 2.385 2.370
0.0010968 -1.15000 10.01703 0.8511376381 2.4353802200    0.849  0.894  3.7309  3.349    3  0.000  0.537     0.00     0.00     0.00     0.00     0.00 -1 -2.24e-12      0.00 7.562e-01 2.427e-01 1.936e-04 5.292e-05 4.808e-04 -1.000 1.112e-03 2.535 3.834 2.959 2.477 2.326 2.269 2.252
0.0010968 -1.15000 10.01703 0.8517129421 2.4355545572    0.850  0.945  3.7290  3.291    3  0.000  0.537     0.00     0.00     0.00     0.00     0.00 -1 -2.69e-12      0.00 7.541e-01 2.448e-01 1.940e-04 5.312e-05 4.822e-04 -1.000 1.043e-03 2.408 3.724 2.840 2.352 2.198 2.138 2.120
0.0010968 -1.15000 10.01703 0.8521935344 2.4356999859    0.850  0.990  3.7275  3.239    3  0.000  0.535     0.00     0.00     0.00     0.00     0.00 -1 -3.17e-12      0.00 7.522e-01 2.467e-01 1.940e-04 5.334e-05 4.833e-04 -1.000 1.055e-03 2.294 3.624 2.732 2.239 2.083 2.021 2.002
0.0010968 -1.15000 10.01703 0.8526805043 2.4358471523    0.850  1.041  3.7259  3.182    3  0.000  0.533     0.00     0.00     0.00     0.00     0.00 -1  -3.8e-12      0.00 7.502e-01 2.487e-01 1.935e-04 5.381e-05 4.842e-04 -1.000 1.088e-03 2.168 3.513 2.612 2.115 1.956 1.892 1.873
0.0010968 -1.15000 10.01703 0.8531202674 2.4359798864    0.851  1.090  3.7243  3.127    3  0.000  0.529     0.00     0.00     0.00     0.00     0.00 -1 -4.53e-12      0.00 7.485e-01 2.505e-01 1.923e-04 5.478e-05 4.849e-04 -1.000 1.078e-03 2.045 3.404 2.496 1.993 1.832 1.767 1.746
0.0010968 -1.15000 10.01703 0.8535448313 2.4361078837    0.851  1.142  3.7227  3.069    3  0.000  0.524     0.00     0.00     0.00     0.00     0.00 -1 -5.45e-12      0.00 7.468e-01 2.521e-01 1.906e-04 5.639e-05 4.855e-04 -1.000 1.101e-03 1.916 3.290 2.373 1.866 1.702 1.635 1.613
0.0010968 -1.15000 10.01703 0.8539055586 2.4362165205    0.851  1.190  3.7211  3.015    3  0.000  0.519     0.00     0.00     0.00     0.00     0.00 -1 -6.48e-12      0.00 7.456e-01 2.534e-01 1.888e-04 5.831e-05 4.859e-04 -1.000 1.054e-03 1.796 3.184 2.259 1.747 1.581 1.512 1.490
0.0010968 -1.15000 10.01703 0.8542368412 2.4363161968    0.852  1.238  3.7194  2.960    3  0.000  0.513     0.00     0.00     0.00     0.00     0.00 -1 -7.71e-12      0.00 7.444e-01 2.545e-01 1.869e-04 6.054e-05 4.863e-04 -1.000 1.083e-03 1.675 3.080 2.146 1.628 1.460 1.388 1.365
0.0010968 -1.15000 10.01703 0.8545400500 2.4364073484    0.852  1.286  3.7177  2.905    3  0.000  0.508     0.00     0.00     0.00     0.00     0.00 -1 -9.17e-12      0.00 7.434e-01 2.555e-01 1.851e-04 6.267e-05 4.865e-04 -1.000 1.130e-03 1.555 2.979 2.034 1.510 1.338 1.265 1.241
0.0010968 -1.15000 10.01703 0.8548250794 2.4364929670    0.852  1.335  3.7160  2.849    3  0.000  0.504     0.00     0.00     0.00     0.00     0.00 -1  -1.1e-11      0.00 7.427e-01 2.563e-01 1.838e-04 6.438e-05 4.868e-04 -1.000 1.094e-03 1.432 2.875 1.919 1.388 1.214 1.138 1.113
0.0010968 -1.15000 10.01703 0.8550652862 2.4365650706    0.852  1.380  3.7142  2.797    3  0.000  0.501     0.00     0.00     0.00     0.00     0.00 -1 -1.29e-11      0.00 7.422e-01 2.567e-01 1.829e-04 6.548e-05 4.869e-04 -1.000 1.065e-03 1.319 2.781 1.814 1.277 1.100 1.022 0.996
0.0010968 -1.15000 10.01703 0.8552966118 2.4366344643    0.852  1.428  3.7124  2.742    3  0.000  0.499     0.00     0.00     0.00     0.00     0.00 -1 -1.53e-11      0.00 7.418e-01 2.571e-01 1.821e-04 6.650e-05 4.870e-04 -1.000 1.126e-03 1.201 2.683 1.704 1.161 0.981 0.900 0.873
0.0010968 -1.15000 10.01703 0.8555114269 2.4366988665    0.852  1.476  3.7105  2.686    3  0.000  0.498     0.00     0.00     0.00     0.00     0.00 -1 -1.83e-11      0.00 7.415e-01 2.573e-01 1.817e-04 6.701e-05 4.870e-04 -1.000 1.119e-03 1.080 2.584 1.593 1.043 0.859 0.776 0.748
0.0010968 -1.15000 10.01703 0.8557041883 2.4367566253    0.852  1.523  3.7084  2.631    3  0.000  0.497     0.00     0.00     0.00     0.00     0.00 -1 -2.17e-11      0.00 7.414e-01 2.574e-01 1.816e-04 6.719e-05 4.870e-04 -1.000 1.132e-03 0.962 2.489 1.485 0.928 0.741 0.655 0.626
0.0010968 -1.15000 10.01703 0.8558813334 2.4368096784    0.852  1.570  3.7064  2.576    3  0.000  0.497     0.00     0.00     0.00     0.00     0.00 -1 -2.58e-11      0.00 7.414e-01 2.574e-01 1.815e-04 6.723e-05 4.870e-04 -1.000 1.132e-03 0.844 2.395 1.378 0.813 0.622 0.534 0.503
0.0010968 -1.15000 10.01703 0.8560338020 2.4368553210    0.852  1.614  3.7045  2.524    3  0.000  0.497     0.00     0.00     0.00     0.00     0.00 -1 -3.03e-11      0.00 7.414e-01 2.575e-01 1.815e-04 6.726e-05 4.870e-04 -1.000 1.132e-03 0.734 2.307 1.278 0.705 0.511 0.421 0.389
0.0010968 -1.15000 10.01703 0.8561825156 2.4368998215    0.852  1.661  3.7024  2.469    3  0.000  0.497     0.00     0.00     0.00     0.00     0.00 -1  -3.6e-11      0.00 7.414e-01 2.575e-01 1.815e-04 6.728e-05 4.870e-04 -1.000 1.132e-03 0.617 2.217 1.171 0.591 0.393 0.300 0.267
0.0010968 -1.15000 10.01703 0.8563143015 2.4369392417    0.852  1.707  3.7003  2.415    3  0.000  0.497     0.00     0.00     0.00     0.00     0.00 -1 -4.25e-11      0.00 7.414e-01 2.575e-01 1.815e-04 6.731e-05 4.870e-04 -1.000 1.132e-03 0.504 2.133 1.069 0.480 0.279 0.182 0.149
0.0010968 -1.15000 10.01703 0.8564384580 2.4369763670    0.852  1.753  3.6980  2.360    3  0.000  0.497     0.00     0.00     0.00     0.00     0.00 -1 -5.04e-11      0.00 7.414e-01 2.575e-01 1.815e-04 6.733e-05 4.871e-04 -1.000 1.132e-03 0.388 2.050 0.967 0.367 0.162 0.063 0.028
0.0010968 -1.15000 10.01703 0.8565526009 2.4370104872    0.852  1.799  3.6957  2.304    3  0.000  0.497     0.00     0.00     0.00     0.00     0.00 -1 -5.97e-11      0.00 7.414e-01 2.575e-01 1.815e-04 6.736e-05 4.871e-04 -1.000 1.132e-03 0.273 1.968 0.865 0.255 0.046 -0.056 -0.092
0.0010968 -1.15000 10.01703 0.8566552997 2.4370411774    0.852  1.843  3.6935  2.251    3  0.000  0.497     0.00     0.00     0.00     0.00     0.00 -1 -7.03e-11      0.00 7.414e-01 2.575e-01 1.814e-04 6.738e-05 4.871e-04 -1.000 1.131e-03 0.162 1.890 0.767 0.148 -0.065 -0.170 -0.208
0.0010968 -1.15000 10.01703 0.8567560911 2.4370712895    0.851  1.889  3.6911  2.196    3  0.000  0.497     0.00     0.00     0.00     0.00     0.00 -1 -8.33e-11      0.00 7.414e-01 2.575e-01 1.814e-04 6.739e-05 4.871e-04 -1.000 1.131e-03 0.048 1.810 0.667 0.037 -0.181 -0.288 -0.327
0.0010968 -1.15000 10.01703 0.8568515182 2.4370997914    0.851  1.931  3.6889  2.144    3  0.000  0.497     0.00     0.00     0.00     0.00     0.00 -1 -9.74e-11      0.00 7.414e-01 2.575e-01 1.814e-04 6.741e-05 4.871e-04 -1.000 1.131e-03 -0.058 1.739 0.575 -0.065 -0.286 -0.397 -0.437
0.0010968 -1.15000 10.01703 0.8569731712 2.4371361159    0.851  1.968  3.6871  2.100    3  0.000  0.497     0.00     0.00     0.00     0.00     0.00 -1 -1.12e-10      0.00 7.414e-01 2.575e-01 1.814e-04 6.744e-05 4.871e-04 -1.000 1.131e-03 -0.151 1.675 0.494 -0.154 -0.379 -0.492 -0.534
0.0010968 -1.15000 10.01703 0.8570359349 2.4371548519    0.850  1.949  3.6885  2.125    3  0.000  0.497     0.00     0.00     0.00     0.00     0.00 -1 -1.05e-10      0.00 7.414e-01 2.575e-01 1.814e-04 6.745e-05 4.871e-04 -1.000 1.131e-03 -0.102 1.702 0.534 -0.108 -0.331 -0.442 -0.482
0.0010968 -1.15000 10.01703 0.8570660353 2.4371638362    0.850  1.938  3.6893  2.139    3  0.000  0.497     0.00     0.00     0.00     0.00     0.00 -1 -1.01e-10      0.00 7.413e-01 2.575e-01 1.814e-04 6.745e-05 4.871e-04 -1.000 1.131e-03 -0.075 1.717 0.556 -0.083 -0.304 -0.414 -0.454
0.0010968 -1.15000 10.01703 0.8571246266 2.4371813225    0.850  1.974  3.6873  2.094    3  0.000  0.497     0.00     0.00     0.00     0.00     0.00 -1 -1.15e-10      0.00 7.413e-01 2.575e-01 1.814e-04 6.747e-05 4.871e-04 -1.000 1.132e-03 -0.166 1.657 0.478 -0.170 -0.395 -0.507 -0.549
0.0010968 -1.15000 10.01703 0.8571892977 2.4372006199    0.850  2.015  3.6850  2.044    3  0.000  0.497     0.00     0.00     0.00     0.00     0.00 -1 -1.33e-10      0.00 7.413e-01 2.575e-01 1.814e-04 6.748e-05 4.871e-04 -1.000 1.131e-03 -0.268 1.591 0.390 -0.268 -0.496 -0.612 -0.655
0.0010968 -1.15000 10.01703 0.8572517633 2.4372192562    0.849  2.057  3.6826  1.993    3  0.000  0.497     0.00     0.00     0.00     0.00     0.00 -1 -1.55e-10      0.00 7.413e-01 2.575e-01 1.814e-04 6.749e-05 4.871e-04 -1.000 1.131e-03 -0.372 1.527 0.302 -0.367 -0.600 -0.719 -0.763
0.0010968 -1.15000 10.01703 0.8573088646 2.4372362892    0.849  2.097  3.6803  1.943    3  0.000  0.497     0.00     0.00     0.00     0.00     0.00 -1 -1.81e-10      0.00 7.413e-01 2.575e-01 1.814e-04 6.750e-05 4.871e-04 -1.000 1.131e-03 -0.473 1.478 0.217 -0.467 -0.703 -0.825 -0.871
0.0010968 -1.15000 10.01703 0.8573628664 2.4372523954    0.849  2.139  3.6779  1.892    3  0.000  0.497     0.00     0.00     0.00     0.00     0.00 -1 -2.11e-10      0.00 7.413e-01 2.575e-01 1.813e-04 6.751e-05 4.871e-04 -1.000 1.131e-03 -0.577 1.433 0.133 -0.569 -0.808 -0.933 -0.980
0.0010968 -1.15000 10.01703 0.8574116230 2.4372669351    0.848  2.179  3.6755  1.842    3  0.000  0.497     0.00     0.00     0.00     0.00     0.00 -1 -2.45e-10      0.00 7.413e-01 2.575e-01 1.813e-04 6.752e-05 4.871e-04 -1.000 1.131e-03 -0.677 1.392 0.053 -0.667 -0.910 -1.037 -1.086
0.0010968 -1.15000 10.01703 0.8574569225 2.4372804422    0.848  2.219  3.6730  1.791    3  0.000  0.497     0.00     0.00     0.00     0.00     0.00 -1 -2.85e-10      0.00 7.413e-01 2.575e-01 1.813e-04 6.753e-05 4.871e-04 -1.000 1.131e-03 -0.777 1.353 -0.027 -0.765 -1.012 -1.142 -1.193
0.0010968 -1.15000 10.01703 0.8574984074 2.4372928104    0.847  2.259  3.6705  1.742    3  0.000  0.496     0.00     0.00     0.00     0.00     0.00 -1  -3.3e-10      0.00 7.413e-01 2.575e-01 1.813e-04 6.754e-05 4.871e-04 -1.000 1.131e-03 -0.877 1.317 -0.105 -0.861 -1.113 -1.246 -1.298
0.0010968 -1.15000 10.01703 0.8575369120 2.4373042888    0.847  2.298  3.6680  1.692    3  0.000  0.496     0.00     0.00     0.00     0.00     0.00 -1 -3.83e-10      0.00 7.413e-01 2.575e-01 1.813e-04 6.754e-05 4.871e-04 -1.000 1.131e-03 -0.976 1.287 -0.180 -0.957 -1.212 -1.348 -1.403
0.0010968 -1.15000 10.01703 0.8575717807 2.4373146824    0.846  2.337  3.6655  1.643    3  0.000  0.496     0.00     0.00     0.00     0.00     0.00 -1 -4.43e-10      0.00 7.413e-01 2.576e-01 1.813e-04 6.755e-05 4.871e-04 -1.000 1.131e-03 -1.072 1.261 -0.252 -1.049 -1.308 -1.448 -1.504
0.0010968 -1.15000 10.01703 0.8576048017 2.4373245242    0.846  2.376  3.6630  1.593    3  0.000  0.496     0.00     0.00     0.00     0.00     0.00 -1 -5.13e-10      0.00 7.413e-01 2.576e-01 1.813e-04 6.756e-05 4.871e-04 -1.000 1.131e-03 -1.169 1.238 -0.323 -1.141 -1.405 -1.548 -1.606
0.0010968 -1.15000 10.01703 0.8576349020 2.4373334949    0.845  2.414  3.6604  1.545    3  0.000  0.496     0.00     0.00     0.00     0.00     0.00 -1 -5.92e-10      0.00 7.413e-01 2.576e-01 1.813e-04 6.756e-05 4.871e-04 -1.000 1.131e-03 -1.265 1.218 -0.393 -1.232 -1.500 -1.646 -1.706
0.0010968 -1.15000 10.01703 0.8576627970 2.4373418076    0.844  2.452  3.6579  1.496    3  0.000  0.496     0.00     0.00     0.00     0.00     0.00 -1 -6.84e-10      0.00 7.413e-01 2.576e-01 1.813e-04 6.757e-05 4.871e-04 -1.000 1.131e-03 -1.360 1.201 -0.460 -1.320 -1.593 -1.742 -1.805
0.0010968 -1.15000 10.01703 0.8576883674 2.4373494271    0.843  2.489  3.6553  1.449    3  0.000  0.496     0.00     0.00     0.00     0.00     0.00 -1 -7.87e-10      0.00 7.413e-01 2.576e-01 1.813e-04 6.757e-05 4.871e-04 -1.000 1.131e-03 -1.452 1.180 -0.523 -1.403 -1.682 -1.836 -1.900
0.0010968 -1.15000 10.01703 0.8577175736 2.4373581293    0.842  2.534  3.6522  1.390    3  0.000  0.496     8.60     6.60     4.65     3.60     2.91  3 -9.34e-10      0.00 7.413e-01 2.576e-01 1.813e-04 6.758e-05 4.871e-04 -1.000 1.131e-03 -1.565 1.157 -0.600 -1.503 -1.791 -1.949 -2.017
0.0010968 -1.15000 10.01703 0.8577395082 2.4373646644    0.842  2.570  3.6497  1.343    3  0.000  0.496     9.49     7.18     5.04     3.91     3.16  3 -1.07e-09      0.00 7.413e-01 2.576e-01 1.813e-04 6.758e-05 4.871e-04 -1.000 1.131e-03 -1.656 1.140 -0.662 -1.584 -1.878 -2.041 -2.110
0.0010968 -1.15000 10.01703 0.8577637076 2.4373718739    0.840  2.613  3.6466  1.288    3  0.000  0.496    10.67     7.93     5.55     4.30     3.49  3 -1.26e-09      0.00 7.413e-01 2.576e-01 1.813e-04 6.759e-05 4.871e-04 -1.000 1.131e-03 -1.763 1.122 -0.732 -1.677 -1.979 -2.147 -2.219
0.0010968 -1.15000 10.01703 0.8577864766 2.4373786568    0.839  2.657  3.6435  1.231    3  0.000  0.496    12.02     8.79     6.12     4.75     3.85  3 -1.49e-09      0.00 7.413e-01 2.576e-01 1.813e-04 6.759e-05 4.871e-04 -1.000 1.131e-03 -1.871 1.106 -0.802 -1.772 -2.082 -2.256 -2.330
0.0010968 -1.15000 10.01703 0.8578037620 2.4373838058    0.838  2.692  3.6409  1.185    3  0.000  0.496    13.25     9.55     6.62     5.15     4.18  3 -1.71e-09      0.00 7.413e-01 2.576e-01 1.813e-04 6.760e-05 4.871e-04 -1.000 1.131e-03 -1.960 1.094 -0.859 -1.849 -2.166 -2.344 -2.420
0.0010968 -1.15000 10.01703 0.8578226566 2.4373894340    0.837  2.733  3.6379  1.131    3  0.000  0.496    14.84    10.53     7.27     5.66     4.59  3    -2e-09      0.00 7.413e-01 2.576e-01 1.813e-04 6.760e-05 4.871e-04 -1.000 1.131e-03 -2.063 1.081 -0.923 -1.937 -2.262 -2.446 -2.524
0.0010968 -1.15000 10.01703 0.8578405976 2.4373947778    0.835  2.775  3.6348  1.076    3  0.000  0.496    16.66    11.62     7.99     6.23     5.05  2 -2.35e-09      0.00 7.413e-01 2.576e-01 1.813e-04 6.760e-05 4.871e-04 -1.000 1.131e-03 -2.168 1.072 -0.987 -2.025 -2.359 -2.549 -2.630
0.0010968 -1.15000 10.01703 0.8578575850 2.4373998373    0.833  2.817  3.6316  1.020    3  0.000  0.496    18.74    12.86     8.80     6.87     5.57  2 -2.77e-09      0.00 7.413e-01 2.576e-01 1.813e-04 6.761e-05 4.871e-04 -1.000 1.131e-03 -2.273 1.065 -1.050 -2.114 -2.457 -2.653 -2.736
0.0010968 -1.15000 10.01703 0.8578721285 2.4374041688    0.831  2.856  3.6286  0.968    3  0.000  0.496    20.88    14.10     9.61     7.52     6.10  2 -3.21e-09      0.00 7.413e-01 2.576e-01 1.813e-04 6.761e-05 4.871e-04 -1.000 1.131e-03 -2.370 1.064 -1.102 -2.194 -2.546 -2.747 -2.833
0.0010968 -1.15000 10.01703 0.8578861356 2.4374083403    0.829  2.895  3.6257  0.916    3  0.000  0.496    23.31    15.49    10.51     8.24     6.68  2 -3.74e-09      0.00 7.413e-01 2.576e-01 1.813e-04 6.761e-05 4.871e-04 -1.000 1.131e-03 -2.469 1.065 -1.153 -2.273 -2.636 -2.844 -2.932
0.0010968 -1.15000 10.01703 0.8578993082 2.4374122632    0.827  2.935  3.6225  0.862    3  0.000  0.496    26.10    17.07    11.53     9.05     7.34  2 -4.37e-09      0.00 7.413e-01 2.576e-01 1.813e-04 6.761e-05 4.871e-04 -1.000 1.131e-03 -2.569 1.071 -1.202 -2.353 -2.727 -2.941 -3.032
0.0010968 -1.15000 10.01703 0.8579111695 2.4374157955    0.825  2.974  3.6195  0.810    3  0.000  0.496    29.09    18.72    12.59     9.90     8.03  2 -5.07e-09      0.00 7.413e-01 2.576e-01 1.813e-04 6.762e-05 4.871e-04 -1.000 1.131e-03 -2.665 1.074 -1.250 -2.430 -2.814 -3.035 -3.128
0.0010968 -1.15000 10.01703 0.8579221368 2.4374190614    0.822  3.011  3.6166  0.760    3  0.000  0.496    32.34    20.50    13.73    10.81     8.77  1 -5.87e-09      0.00 7.413e-01 2.576e-01 1.813e-04 6.762e-05 4.871e-04 -1.000 1.131e-03 -2.759 1.077 -1.294 -2.503 -2.898 -3.125 -3.222
0.0010968 -1.15000 10.01703 0.8579325080 2.4374221497    0.819  3.049  3.6136  0.709    3  0.000  0.496    35.95    22.44    14.97    11.80     9.58  1 -6.79e-09      0.00 7.413e-01 2.576e-01 1.813e-04 6.762e-05 4.871e-04 -1.000 1.131e-03 -2.852 1.081 -1.337 -2.576 -2.982 -3.215 -3.314
0.0010968 -1.15000 10.01703 0.8579424620 2.4374251137    0.816  3.087  3.6106  0.658    3  0.000  0.496    40.05    24.60    16.34    12.90    10.48  1 -7.88e-09      0.00 7.413e-01 2.576e-01 1.813e-04 6.762e-05 4.871e-04 -1.000 1.131e-03 -2.946 1.085 -1.380 -2.649 -3.066 -3.306 -3.408
0.0010968 -1.15000 10.01703 0.8579511046 2.4374276872    0.813  3.121  3.6079  0.610    3  0.000  0.496    44.25    26.78    17.72    14.01    11.38  1 -9.03e-09      0.00 7.413e-01 2.576e-01 1.813e-04 6.762e-05 4.871e-04 -1.000 1.131e-03 -3.034 1.086 -1.417 -2.715 -3.143 -3.390 -3.493
0.0010968 -1.15000 10.01703 0.8579595089 2.4374301896    0.810  3.157  3.6050  0.561    3  0.000  0.496    49.05    29.24    19.27    15.25    12.39  1 -1.04e-08      0.00 7.413e-01 2.576e-01 1.813e-04 6.763e-05 4.871e-04 -1.000 1.131e-03 -3.123 1.085 -1.455 -2.782 -3.222 -3.475 -3.581
0.0010968 -1.15000 10.01703 0.8579675555 2.4374325855    0.806  3.193  3.6022  0.512    3  0.000  0.496    54.35    31.91    20.94    16.60    13.49  1  -1.2e-08      0.00 7.413e-01 2.576e-01 1.813e-04 6.763e-05 4.871e-04 -1.000 1.131e-03 -3.212 1.083 -1.490 -2.848 -3.300 -3.559 -3.668
0.0010968 -1.15000 10.01703 0.8579748273 2.4374347506    0.802  3.227  3.5995  0.465    3  0.000  0.496    60.00    34.70    22.69    18.01    14.64  1 -1.37e-08      0.00 7.413e-01 2.576e-01 1.813e-04 6.763e-05 4.871e-04 -1.000 1.131e-03 -3.298 1.079 -1.518 -2.909 -3.374 -3.640 -3.752
0.0010968 -1.15000 10.01703 0.8579815030 2.4374367382    0.798  3.260  3.5969  0.420    3  0.000  0.496    66.00    37.63    24.51    19.48    15.84  1 -1.56e-08      0.00 7.413e-01 2.576e-01 1.813e-04 6.763e-05 4.871e-04 -1.000 1.131e-03 -3.380 1.073 -1.542 -2.965 -3.445 -3.718 -3.832
0.0010968 -1.15000 10.01703 0.8579878211 2.4374386193    0.794  3.291  3.5943  0.376    3  0.000  0.496    72.29    40.65    26.38    21.00    17.07  1 -1.77e-08      0.00 7.413e-01 2.576e-01 1.813e-04 6.763e-05 4.871e-04 -1.000 1.131e-03 -3.457 1.069 -1.564 -3.019 -3.512 -3.792 -3.908
0.0010968 -1.15000 10.01703 0.8579939604 2.4374404472    0.789  3.321  3.5919  0.334    3  0.000  0.496    79.03    43.83    28.34    22.59    18.37  1    -2e-08      0.00 7.413e-01 2.576e-01 1.813e-04 6.763e-05 4.871e-04 -1.000 1.131e-03 -3.533 1.064 -1.585 -3.071 -3.577 -3.863 -3.981
0.0010968 -1.15000 10.01703 0.8579953909 2.4374408731    0.788  3.327  3.5914  0.324    3  0.000  0.496    80.56    44.55    28.78    22.95    18.66  1 -2.06e-08      0.00 7.413e-01 2.576e-01 1.813e-04 6.763e-05 4.871e-04 -1.000 1.131e-03 -3.549 1.063 -1.589 -3.081 -3.590 -3.878 -3.997
0.0010968 -1.15000 10.01703 0.8579953909 2.4374408731    0.788  1.750  3.7365  2.483    4  0.000  0.517     0.00     0.00     0.00     0.00     0.00 -1    -1e-30      0.00 7.401e-01 2.587e-01 1.901e-04 6.032e-05 4.914e-04 -1.000 1.120e-03 0.395 1.617 0.785 0.338 0.198 0.144 0.129
0.0010968 -1.15000 10.01703 0.8580600619 2.4374601255    0.788  1.767  3.7354  2.461    4  0.000  0.517     0.00     0.00     0.00     0.00     0.00 -1    -1e-30      0.00 7.401e-01 2.587e-01 1.901e-04 6.032e-05 4.914e-04 -1.000 1.120e-03 0.354 1.588 0.748 0.296 0.155 0.100 0.084
0.0010968 -1.15000 10.01703 0.8581225872 2.4374787360    0.788  1.770  3.7352  2.457    4  0.000  0.517     0.00     0.00     0.00     0.00     0.00 -1    -1e-30      0.00 7.401e-01 2.587e-01 1.901e-04 6.032e-05 4.914e-04 -1.000 1.120e-03 0.345 1.581 0.741 0.288 0.146 0.091 0.075
0.0010968 -1.15000 10.01703 0.8581863642 2.4374977159    0.788  1.772  3.7353  2.456    4  0.000  0.517     0.00     0.00     0.00     0.00     0.00 -1    -1e-30      0.00 7.401e-01 2.587e-01 1.901e-04 6.033e-05 4.914e-04 -1.000 1.120e-03 0.341 1.576 0.736 0.284 0.142 0.087 0.071
0.0010968 -1.15000 10.01703 0.8582503796 2.4375167635    0.788  1.772  3.7356  2.456    4  0.000  0.517     0.00     0.00     0.00     0.00     0.00 -1    -1e-30      0.00 7.401e-01 2.587e-01 1.901e-04 6.033e-05 4.914e-04 -1.000 1.120e-03 0.339 1.572 0.733 0.282 0.140 0.086 0.070
0.0010968 -1.15000 10.01703 0.8583149910 2.4375359851    0.788  1.772  3.7360  2.458    4  0.000  0.517     0.00     0.00     0.00     0.00     0.00 -1    -1e-30      0.00 7.401e-01 2.587e-01 1.901e-04 6.033e-05 4.914e-04 -1.000 1.120e-03 0.339 1.567 0.731 0.281 0.141 0.087 0.071
0.0010968 -1.15000 10.01703 0.8583805561 2.4375554870    0.788  1.772  3.7366  2.461    4  0.000  0.517     0.00     0.00     0.00     0.00     0.00 -1    -1e-30      0.00 7.401e-01 2.587e-01 1.901e-04 6.033e-05 4.914e-04 -1.000 1.120e-03 0.340 1.563 0.730 0.283 0.143 0.089 0.074
0.0010968 -1.15000 10.01703 0.8584449291 2.4375746309    0.788  1.771  3.7373  2.465    4  0.000  0.517     0.00     0.00     0.00     0.00     0.00 -1    -1e-30      0.00 7.401e-01 2.588e-01 1.901e-04 6.033e-05 4.914e-04 -1.000 1.120e-03 0.343 1.558 0.729 0.285 0.146 0.093 0.078
0.0010968 -1.15000 10.01703 0.8585111499 2.4375943210    0.788  1.770  3.7380  2.469    4  0.000  0.517     0.00     0.00     0.00     0.00     0.00 -1    -1e-30      0.00 7.401e-01 2.588e-01 1.901e-04 6.033e-05 4.914e-04 -1.000 1.120e-03 0.345 1.554 0.729 0.287 0.150 0.098 0.083
0.0010968 -1.15000 10.01703 0.8585734963 2.4376128559    0.788  1.769  3.7387  2.473    4  0.000  0.517     0.00     0.00     0.00     0.00     0.00 -1    -1e-30      0.00 7.401e-01 2.588e-01 1.901e-04 6.033e-05 4.914e-04 -1.000 1.120e-03 0.348 1.549 0.728 0.289 0.153 0.102 0.087
0.0010968 -1.15000 10.01703 0.8586412072 2.4376329820    0.788  1.768  3.7394  2.476    4  0.000  0.517     0.00     0.00     0.00     0.00     0.00 -1    -1e-30      0.00 7.401e-01 2.588e-01 1.901e-04 6.033e-05 4.914e-04 -1.000 1.120e-03 0.350 1.545 0.727 0.291 0.156 0.106 0.092
0.0010968 -1.15000 10.01703 0.8587010503 2.4376507665    0.788  1.767  3.7400  2.479    4  0.000  0.517     0.00     0.00     0.00     0.00     0.00 -1    -1e-30      0.00 7.401e-01 2.588e-01 1.901e-04 6.033e-05 4.914e-04 -1.000 1.120e-03 0.352 1.541 0.727 0.293 0.159 0.109 0.095
0.0010968 -1.15000 10.01703 0.8587670326 2.4376703722    0.789  1.766  3.7406  2.483    4  0.000  0.517     0.00     0.00     0.00     0.00     0.00 -1    -1e-30      0.00 7.401e-01 2.588e-01 1.901e-04 6.033e-05 4.914e-04 -1.000 1.120e-03 0.354 1.537 0.726 0.294 0.161 0.112 0.099
0.0010968 -1.15000 10.01703 0.8588311076 2.4376894079    0.789  1.766  3.7411  2.485    4  0.000  0.517     0.00     0.00     0.00     0.00     0.00 -1    -1e-30      0.00 7.401e-01 2.588e-01 1.901e-04 6.033e-05 4.914e-04 -1.000 1.120e-03 0.355 1.534 0.726 0.295 0.163 0.115 0.102
0.0010968 -1.15000 10.01703 0.8588946462 2.4377082809    0.789  1.765  3.7416  2.488    4  0.000  0.517     0.00     0.00     0.00     0.00     0.00 -1    -1e-30      0.00 7.401e-01 2.588e-01 1.901e-04 6.033e-05 4.914e-04 -1.000 1.120e-03 0.356 1.531 0.725 0.296 0.165 0.117 0.104
0.0010968 -1.15000 10.01703 0.8589091301 2.4377125827    0.789  1.765  3.7417  2.488    4  0.000  0.517     0.00     0.00     0.00     0.00     0.00 -1    -1e-30      0.00 7.401e-01 2.588e-01 1.901e-04 6.033e-05 4.914e-04 -1.000 1.120e-03 0.356 1.531 0.724 0.296 0.165 0.117 0.104
0.0010968 -1.15000 10.01703 0.8589702249 2.4377307261    0.789  1.765  3.7420  2.490    4  0.000  0.517     0.00     0.00     0.00     0.00     0.00 -1    -1e-30      0.00 7.401e-01 2.588e-01 1.901e-04 6.033e-05 4.914e-04 -1.000 1.120e-03 0.357 1.528 0.723 0.296 0.166 0.118 0.105
0.0010968 -1.15000 10.01703 0.8590370417 2.4377505654    0.789  1.765  3.7423  2.491    4  0.000  0.517     0.00     0.00     0.00     0.00     0.00 -1    -1e-30      0.00 7.401e-01 2.588e-01 1.901e-04 6.033e-05 4.914e-04 -1.000 1.120e-03 0.356 1.525 0.722 0.296 0.166 0.118 0.106
0.0010968 -1.15000 10.01703 0.8590973616 2.4377684726    0.789  1.766  3.7425  2.491    4  0.000  0.517     0.00     0.00     0.00     0.00     0.00 -1    -1e-30      0.00 7.401e-01 2.588e-01 1.901e-04 6.034e-05 4.914e-04 -1.000 1.120e-03 0.355 1.523 0.720 0.295 0.165 0.118 0.105
0.0010968 -1.15000 10.01703 0.8591609001 2.4377873323    0.789  1.767  3.7425  2.491    4  0.000  0.517     0.00     0.00     0.00     0.00     0.00 -1    -1e-30      0.00 7.401e-01 2.588e-01 1.901e-04 6.034e-05 4.914e-04 -1.000 1.120e-03 0.354 1.520 0.718 0.293 0.163 0.116 0.104
0.0010968 -1.15000 10.01703 0.8592247367 2.4378062771    0.789  1.768  3.7425  2.490    4  0.000  0.517     0.00     0.00     0.00     0.00     0.00 -1    -1e-30      0.00 7.401e-01 2.588e-01 1.901e-04 6.034e-05 4.914e-04 -1.000 1.120e-03 0.351 1.518 0.715 0.290 0.161 0.114 0.101
0.0010968 -1.15000 10.01703 0.8592897654 2.4378255724    0.789  1.769  3.7424  2.488    4  0.000  0.517     0.00     0.00     0.00     0.00     0.00 -1    -1e-30      0.00 7.401e-01 2.588e-01 1.901e-04 6.034e-05 4.914e-04 -1.000 1.120e-03 0.347 1.516 0.712 0.287 0.157 0.110 0.097
0.0010968 -1.15000 10.01703 0.8593555093 2.4378450765    0.789  1.771  3.7421  2.485    4  0.000  0.517     0.00     0.00     0.00     0.00     0.00 -1    -1e-30      0.00 7.401e-01 2.588e-01 1.901e-04 6.034e-05 4.914e-04 -1.000 1.120e-03 0.343 1.513 0.709 0.282 0.152 0.104 0.092
0.0010968 -1.15000 10.01703 0.8593670130 2.4378484889    0.789  1.771  3.7420  2.484    4  0.000  0.517     0.00     0.00     0.00     0.00     0.00 -1    -1e-30      0.00 7.401e-01 2.588e-01 1.901e-04 6.034e-05 4.914e-04 -1.000 1.120e-03 0.342 1.513 0.708 0.281 0.151 0.103 0.091
0.0010968 -1.15000 10.01703 0.8593821526 2.4378529797    0.789  1.772  3.7419  2.483    4  0.000  0.517     0.00     0.00     0.00     0.00     0.00 -1    -1e-30      0.00 7.401e-01 2.588e-01 1.901e-04 6.034e-05 4.914e-04 -1.000 1.120e-03 0.340 1.512 0.707 0.280 0.149 0.102 0.089
0.0010968 -1.15000 10.01703 0.8594453931 2.4378717366    0.789  1.774  3.7415  2.479    4  0.000  0.517     0.00     0.00     0.00     0.00     0.00 -1    -1e-30      0.00 7.401e-01 2.588e-01 1.901e-04 6.034e-05 4.914e-04 -1.000 1.120e-03 0.334 1.510 0.703 0.274 0.143 0.095 0.082
0.0010968 -1.15000 10.01703 0.8595071435 2.4378900484    0.789  1.777  3.7410  2.474    4  0.000  0.517     0.00     0.00     0.00     0.00     0.00 -1    -1e-30      0.00 7.401e-01 2.588e-01 1.901e-04 6.034e-05 4.914e-04 -1.000 1.120e-03 0.327 1.508 0.698 0.267 0.135 0.086 0.073
0.0010968 -1.15000 10.01703 0.8595706224 2.4379088696    0.789  1.780  3.7404  2.468    4  0.000  0.517     0.00     0.00     0.00     0.00     0.00 -1    -1e-30      0.00 7.401e-01 2.588e-01 1.901e-04 6.034e-05 4.914e-04 -1.000 1.120e-03 0.319 1.505 0.692 0.259 0.126 0.076 0.063
0.0010968 -1.15000 10.01703 0.8596319556 2.4379270517    0.789  1.784  3.7397  2.462    4  0.000  0.517     0.00     0.00     0.00     0.00     0.00 -1    -1e-30      0.00 7.401e-01 2.588e-01 1.901e-04 6.034e-05 4.914e-04 -1.000 1.120e-03 0.310 1.502 0.685 0.250 0.116 0.066 0.052
0.0010968 -1.15000 10.01703 0.8596948981 2.4379457076    0.790  1.789  3.7388  2.454    4  0.000  0.517     0.00     0.00     0.00     0.00     0.00 -1    -1e-30      0.00 7.401e-01 2.588e-01 1.901e-04 6.034e-05 4.914e-04 -1.000 1.120e-03 0.298 1.499 0.677 0.239 0.103 0.052 0.038
0.0010968 -1.15000 10.01703 0.8597558737 2.4379637776    0.790  1.794  3.7379  2.445    4  0.000  0.517     0.00     0.00     0.00     0.00     0.00 -1    -1e-30      0.00 7.401e-01 2.588e-01 1.901e-04 6.034e-05 4.914e-04 -1.000 1.120e-03 0.285 1.495 0.668 0.226 0.089 0.036 0.022
0.0010968 -1.15000 10.01703 0.8598172665 2.4379819683    0.790  1.800  3.7369  2.435    4  0.000  0.517     0.00     0.00     0.00     0.00     0.00 -1    -1e-30      0.00 7.401e-01 2.588e-01 1.901e-04 6.034e-05 4.914e-04 -1.000 1.120e-03 0.270 1.491 0.658 0.212 0.073 0.019 0.004
0.0010968 -1.15000 10.01703 0.8598785996 2.4380001383    0.790  1.807  3.7358  2.424    4  0.000  0.517     0.00     0.00     0.00     0.00     0.00 -1    -1e-30      0.00 7.401e-01 2.588e-01 1.901e-04 6.034e-05 4.914e-04 -1.000 1.120e-03 0.254 1.485 0.646 0.195 0.055 0.000 -0.015
0.0010968 -1.15000 10.01703 0.8599398136 2.4380182701    0.790  1.813  3.7348  2.414    4  0.000  0.517     0.00     0.00     0.00     0.00     0.00 -1    -1e-30      0.00 7.401e-01 2.588e-01 1.901e-04 6.034e-05 4.914e-04 -1.000 1.120e-03 0.238 1.479 0.634 0.180 0.038 -0.017 -0.034
0.0010968 -1.15000 10.01703 0.8600004911 2.4380362400    0.790  1.815  3.7345  2.410    4  0.000  0.517     0.00     0.00     0.00     0.00     0.00 -1    -1e-30      0.00 7.401e-01 2.588e-01 1.901e-04 6.035e-05 4.914e-04 -1.000 1.120e-03 0.232 1.476 0.629 0.174 0.031 -0.024 -0.041
0.0010968 -1.15000 10.01703 0.8600633144 2.4380548423    0.790  1.831  3.7320  2.385    4  0.000  0.517     0.00     0.00     0.00     0.00     0.00 -1    -1e-30      0.00 7.401e-01 2.588e-01 1.901e-04 6.035e-05 4.914e-04 -1.000 1.120e-03 0.193 1.462 0.600 0.135 -0.011 -0.070 -0.087
0.0010968 -1.15000 10.01703 0.8601248264 2.4380730533    0.790  1.858  3.7282  2.343    4  0.000  0.517     0.00     0.00     0.00     0.00     0.00 -1    -1e-30      0.00 7.401e-01 2.588e-01 1.901e-04 6.035e-05 4.914e-04 -1.000 1.120e-03 0.126 1.435 0.550 0.070 -0.083 -0.146 -0.165
0.0010968 -1.15000 10.01703 0.8601673841 2.4380856510    0.790  1.892  3.7236  2.290    4  0.000  0.517     0.00     0.00     0.00     0.00     0.00 -1    -1e-30      0.00 7.401e-01 2.588e-01 1.901e-04 6.035e-05 4.914e-04 -1.000 1.120e-03 0.039 1.400 0.484 -0.014 -0.174 -0.243 -0.264
0.0010968 -1.15000 10.01703 0.8601876497 2.4380916494    0.790  1.928  3.7192  2.237    4  0.000  0.517     0.00     0.00     0.00     0.00     0.00 -1    -1e-30      0.00 7.401e-01 2.588e-01 1.901e-04 6.035e-05 4.914e-04 -1.000 1.120e-03 -0.049 1.362 0.416 -0.099 -0.267 -0.340 -0.364
0.0010968 -1.15000 10.01703 0.8601967096 2.4380943309    0.790  1.962  3.7151  2.186    4  0.000  0.517     0.00     0.00     0.00     0.00     0.00 -1    -1e-30      0.00 7.401e-01 2.588e-01 1.901e-04 6.035e-05 4.914e-04 -1.000 1.120e-03 -0.134 1.327 0.351 -0.181 -0.356 -0.434 -0.460
0.0010968 -1.15000 10.01703 0.8602010012 2.4380956011    0.790  1.995  3.7113  2.138    4  0.000  0.517     0.00     0.00     0.00     0.00     0.00 -1    -1e-30      0.00 7.401e-01 2.588e-01 1.901e-04 6.035e-05 4.914e-04 -1.000 1.120e-03 -0.218 1.290 0.286 -0.262 -0.443 -0.526 -0.554
0.0010968 -1.15000 10.01703 0.8602033854 2.4380963068    0.790  2.031  3.7075  2.087    4  0.000  0.517     0.00     0.00     0.00     0.00     0.00 -1    -1e-30      0.00 7.401e-01 2.588e-01 1.901e-04 6.035e-05 4.914e-04 -1.000 1.120e-03 -0.307 1.250 0.218 -0.346 -0.534 -0.621 -0.651
0.0010968 -1.15000 10.01703 0.8602047563 2.4380967125    0.790  2.063  3.7043  2.042    4  0.000  0.517     0.00     0.00     0.00     0.00     0.00 -1    -1e-30      0.00 7.401e-01 2.588e-01 1.901e-04 6.035e-05 4.914e-04 -1.000 1.120e-03 -0.386 1.213 0.156 -0.422 -0.616 -0.707 -0.738
0.0010968 -1.15000 10.01703 0.8602048755 2.4380967478    0.790  2.066  3.7039  2.037    7  0.000  0.517     0.00     0.00     0.00     0.00     0.00 -1 -9.38e-10      0.00 7.401e-01 2.572e-01 1.901e-04 6.035e-05 4.914e-04 -1.000 2.732e-03 -0.396 1.208 0.148 -0.431 -0.625 -0.717 -0.748
0.0010968 -1.15000 10.01703 0.8602057695 2.4380970124    0.790  2.096  3.7012  1.996    7  0.000  0.517     0.00     0.00     0.00     0.00     0.00 -1 -1.12e-09      0.00 7.401e-01 2.572e-01 1.901e-04 6.035e-05 4.914e-04 -1.000 2.732e-03 -0.471 1.171 0.089 -0.503 -0.702 -0.797 -0.830
0.0010968 -1.15000 10.01703 0.8602067828 2.4380973123    0.790  2.130  3.6981  1.950    7  0.000  0.517     0.00     0.00     0.00     0.00     0.00 -1 -1.37e-09      0.00 7.401e-01 2.572e-01 1.901e-04 6.035e-05 4.914e-04 -1.000 2.732e-03 -0.554 1.133 0.023 -0.582 -0.787 -0.886 -0.921
0.0010968 -1.15000 10.01703 0.8602078557 2.4380976298    0.790  2.161  3.6954  1.908    7  0.000  0.517     0.00     0.00     0.00     0.00     0.00 -1 -1.63e-09      0.00 7.401e-01 2.572e-01 1.901e-04 6.035e-05 4.914e-04 -1.000 2.732e-03 -0.633 1.098 -0.038 -0.656 -0.866 -0.968 -1.005
0.0010968 -1.15000 10.01703 0.8602106571 2.4380984590    0.790  2.177  3.6940  1.887    7  0.000  0.517     0.00     0.00     0.00     0.00     0.00 -1 -1.79e-09      0.00 7.401e-01 2.572e-01 1.901e-04 6.035e-05 4.914e-04 -1.000 2.732e-03 -0.672 1.081 -0.069 -0.694 -0.906 -1.010 -1.048
0.0010968 -1.15000 10.01703 0.8602133989 2.4380992704    0.789  2.172  3.6945  1.894    7  0.000  0.517     0.00     0.00     0.00     0.00     0.00 -1 -1.73e-09      0.00 7.401e-01 2.572e-01 1.901e-04 6.035e-05 4.914e-04 -1.000 2.732e-03 -0.659 1.086 -0.059 -0.681 -0.893 -0.996 -1.033
0.0010968 -1.15000 10.01703 0.8602452278 2.4381086902    0.788  2.165  3.6949  1.901    7  0.000  0.517     0.00     0.00     0.00     0.00     0.00 -1 -1.69e-09      0.00 7.401e-01 2.572e-01 1.901e-04 6.035e-05 4.914e-04 -1.000 2.732e-03 -0.644 1.095 -0.046 -0.666 -0.877 -0.980 -1.017
0.0010968 -1.15000 10.01703 0.8602725267 2.4381167686    0.786  2.203  3.6915  1.848    7  0.000  0.517     0.00     0.00     0.00     0.00     0.00 -1 -2.12e-09      0.00 7.401e-01 2.572e-01 1.901e-04 6.035e-05 4.914e-04 -1.000 2.732e-03 -0.738 1.055 -0.119 -0.755 -0.972 -1.080 -1.119
0.0010968 -1.15000 10.01703 0.8602910042 2.4381222362    0.784  2.239  3.6883  1.799    7  0.000  0.517     0.00     0.00     0.00     0.00     0.00 -1 -2.62e-09      0.00 7.401e-01 2.572e-01 1.901e-04 6.035e-05 4.914e-04 -1.000 2.732e-03 -0.828 1.018 -0.187 -0.839 -1.063 -1.174 -1.215
0.0010968 -1.15000 10.01703 0.8603066206 2.4381268570    0.782  2.274  3.6852  1.750    7  0.000  0.517     0.00     0.00     0.00     0.00     0.00 -1 -3.21e-09      0.00 7.401e-01 2.572e-01 1.901e-04 6.035e-05 4.914e-04 -1.000 2.732e-03 -0.916 0.986 -0.254 -0.921 -1.150 -1.266 -1.309
0.0010968 -1.15000 10.01703 0.8603244424 2.4381321302    0.780  2.321  3.6812  1.685    7  0.000  0.517     0.00     0.00     0.00     0.00     0.00 -1 -4.26e-09      0.00 7.401e-01 2.572e-01 1.901e-04 6.035e-05 4.914e-04 -1.000 2.732e-03 -1.034 0.959 -0.341 -1.036 -1.271 -1.392 -1.437
0.0010968 -1.15000 10.01703 0.8603407741 2.4381369622    0.777  2.364  3.6776  1.627    7  0.000  0.517     0.00     0.00     0.00     0.00     0.00 -1 -5.49e-09      0.00 7.401e-01 2.572e-01 1.901e-04 6.035e-05 4.914e-04 -1.000 2.732e-03 -1.140 0.937 -0.419 -1.138 -1.379 -1.504 -1.552
0.0010968 -1.15000 10.01703 0.8603554368 2.4381413002    0.773  2.405  3.6741  1.570    7  0.000  0.517     0.00     0.00     0.00     0.00     0.00 -1 -6.92e-09      0.00 7.401e-01 2.572e-01 1.901e-04 6.035e-05 4.914e-04 -1.000 2.726e-03 -1.242 0.921 -0.491 -1.236 -1.483 -1.612 -1.662
0.0010968 -1.15000 10.01703 0.8603686690 2.4381452149    0.769  2.445  3.6707  1.514    7  0.000  0.516     0.00     0.00     0.00     0.00     0.00 -1 -8.84e-09      0.00 7.401e-01 2.572e-01 1.900e-04 6.036e-05 4.914e-04 -1.000 2.652e-03 -1.343 0.908 -0.562 -1.333 -1.585 -1.719 -1.771
0.0010968 -1.15000 10.01703 0.8603805304 2.4381487239    0.765  2.485  3.6673  1.458    7  0.000  0.516     0.00     0.00     0.00     0.00     0.00 -1 -1.11e-08      0.00 7.401e-01 2.573e-01 1.899e-04 6.039e-05 4.914e-04 -1.000 2.633e-03 -1.442 0.905 -0.628 -1.426 -1.685 -1.822 -1.878
0.0010968 -1.15000 10.01703 0.8603912592 2.4381518977    0.760  2.524  3.6640  1.402    7  0.000  0.515     8.11     6.29     4.43     3.44     2.78  3 -1.41e-08      0.00 7.401e-01 2.573e-01 1.895e-04 6.059e-05 4.914e-04 -1.000 2.625e-03 -1.541 0.910 -0.691 -1.519 -1.784 -1.925 -1.983
0.0010968 -1.15000 10.01703 0.8604009151 2.4381547541    0.754  2.563  3.6602  1.345    7  0.000  0.512     9.13     6.96     4.89     3.80     3.07  3 -1.79e-08      0.00 7.401e-01 2.573e-01 1.884e-04 6.136e-05 4.914e-04 -1.000 2.568e-03 -1.638 0.932 -0.746 -1.608 -1.880 -2.027 -2.088
0.0010968 -1.15000 10.01703 0.8604098558 2.4381573989    0.747  2.602  3.6526  1.272    7  0.000  0.506    10.64     7.93     5.53     4.31     3.49  3  -2.3e-08      0.00 7.401e-01 2.574e-01 1.865e-04 6.335e-05 4.914e-04 -1.000 2.532e-03 -1.735 1.037 -0.761 -1.677 -1.966 -2.124 -2.192
0.0010968 -1.15000 10.01703 0.8604139686 2.4381586155    0.743  2.622  3.6498  1.238    7  0.000  0.502    11.40     8.41     5.85     4.56     3.69  2  -2.6e-08      0.00 7.401e-01 2.574e-01 1.851e-04 6.498e-05 4.914e-04 -1.000 2.532e-03 -1.785 1.061 -0.779 -1.715 -2.010 -2.174 -2.243
0.0010968 -1.15000 10.01703 0.8604218960 2.4381609604    0.734  2.660  3.6458  1.179    7  0.000  0.495    12.90     9.34     6.46     5.05     4.09  2 -3.31e-08      0.00 7.401e-01 2.574e-01 1.823e-04 6.833e-05 4.915e-04 -1.000 2.512e-03 -1.881 1.076 -0.828 -1.793 -2.099 -2.269 -2.341
0.0010968 -1.15000 10.01703 0.8604295254 2.4381632171    0.723  2.699  3.6425  1.120    7  0.000  0.487    14.55    10.34     7.12     5.57     4.51  2 -4.23e-08      0.00 7.400e-01 2.575e-01 1.796e-04 7.157e-05 4.915e-04 -1.000 2.485e-03 -1.977 1.078 -0.884 -1.874 -2.189 -2.365 -2.440
0.0010968 -1.15000 10.01703 0.8604369164 2.4381654033    0.709  2.737  3.6391  1.060    7  0.000  0.481    16.45    11.47     7.86     6.17     4.99  2 -5.47e-08      0.00 7.399e-01 2.576e-01 1.773e-04 7.448e-05 4.915e-04 -1.000 2.462e-03 -2.073 1.083 -0.937 -1.955 -2.278 -2.460 -2.538
0.0010968 -1.15000 10.01703 0.8604439497 2.4381674836    0.692  2.776  3.6358  0.998    7  0.000  0.475    18.69    12.76     8.70     6.84     5.54  2 -7.19e-08      0.00 7.399e-01 2.577e-01 1.752e-04 7.703e-05 4.915e-04 -1.000 2.452e-03 -2.169 1.092 -0.988 -2.033 -2.366 -2.555 -2.635
0.0010968 -1.15000 10.01703 0.8604504466 2.4381694052    0.672  2.813  3.6325  0.934    7  0.000  0.470    21.24    14.20     9.63     7.59     6.15  1 -9.51e-08      0.00 7.398e-01 2.578e-01 1.735e-04 7.925e-05 4.916e-04 -1.000 2.437e-03 -2.263 1.112 -1.031 -2.108 -2.452 -2.647 -2.730
0.0010968 -1.15000 10.01703 0.8604566455 2.4381712387    0.646  2.851  3.6297  0.868    7  0.000  0.466    24.26    15.85    10.68     8.45     6.84  1  -1.3e-07      0.00 7.397e-01 2.579e-01 1.718e-04 8.122e-05 4.916e-04 -1.000 2.405e-03 -2.358 1.124 -1.079 -2.186 -2.540 -2.741 -2.827
0.0010968 -1.15000 10.01703 0.8604616523 2.4381727195    0.617  2.886  3.6280  0.806    7  0.000  0.462    27.41    17.51    11.74     9.31     7.54  1 -1.78e-07      0.00 7.396e-01 2.580e-01 1.706e-04 8.277e-05 4.916e-04 -1.000 2.389e-03 -2.445 1.117 -1.131 -2.262 -2.623 -2.828 -2.915
0.0010968 -1.15000 10.01703 0.8604652286 2.4381737773    0.588  2.916  3.6287  0.758    7  0.000  0.460    30.08    18.86    12.59    10.02     8.11  1 -2.37e-07      0.00 7.396e-01 2.581e-01 1.696e-04 8.397e-05 4.915e-04 -1.000 2.362e-03 -2.520 1.060 -1.204 -2.341 -2.702 -2.906 -2.994
0.0010968 -1.15000 10.01703 0.8604683280 2.4381746940    0.557  2.946  3.6332  0.724    7  0.000  0.457    32.08    19.81    13.17    10.51     8.51  1 -3.16e-07      0.00 7.395e-01 2.581e-01 1.687e-04 8.507e-05 4.915e-04 -1.000 2.351e-03 -2.594 0.913 -1.323 -2.441 -2.792 -2.988 -3.072
0.0010968 -1.15000 10.01703 0.8604705930 2.4381753639    0.517  2.970  3.6463  0.718    7  0.000  0.455    31.98    19.61    13.03    10.42     8.43  1 -4.01e-07      0.00 7.394e-01 2.582e-01 1.678e-04 8.623e-05 4.914e-04 -1.000 2.431e-03 -2.655 0.575 -1.527 -2.572 -2.891 -3.064 -3.138
0.0010968 -1.15000 10.01703 1.0941306353 2.4906872793    0.546 -9.999  3.6440  7.955    9  0.546  0.000     0.00     0.00     0.00     0.00     0.00 -1    -1e-30      0.00 7.272e-01 2.718e-01 1.538e-04 1.188e-04 4.981e-04 -1.000 1.081e-03 29.767 32.506 30.814 29.822 29.484 29.316 29.258
