# Zini     MH   logAge Mini        int_IMF         Mass   logL    logTe  logg  label   McoreTP C_O  period0  period1  period2  period3  period4  pmode  Mloss  tau1m   X   Y   Xc  Xn  Xo  Cexcess  Z 	 mbolmag  umag    gmag    rmag    imag    zmag    Ymag
0.00077741 -1.30000 10.10721 0.0900000036 1.0816895926    0.090 -3.200  3.4635  5.399    1  0.000  0.545     0.00     0.00     0.00     0.00     0.00 -1 -5.28e-17      0.00 7.470e-01 2.522e-01 1.471e-04 3.970e-05 3.601e-04 -1.000 8.184e-04 12.771 17.965 16.533 14.645 12.764 12.141 12.022
0.00077741 -1.30000 10.10721 0.1000000089 1.1711064744    0.100 -2.934  3.5015  5.330    1  0.000  0.545     0.00     0.00     0.00     0.00     0.00 -1    -1e-16      0.00 7.453e-01 2.538e-01 1.471e-04 3.970e-05 3.601e-04 -1.000 8.183e-04 12.104 17.110 15.061 13.274 11.989 11.526 11.410
0.00077741 -1.30000 10.10721 0.1200000048 1.3193154741    0.120 -2.649  3.5337  5.253    1  0.000  0.545     0.00     0.00     0.00     0.00     0.00 -1 -1.92e-16      0.00 7.428e-01 2.564e-01 1.471e-04 3.970e-05 3.601e-04 -1.000 8.184e-04 11.393 15.980 13.767 12.125 11.220 10.853 10.744
0.00077741 -1.30000 10.10721 0.1400000006 1.4384526719    0.140 -2.467  3.5496  5.202    1  0.000  0.545     0.00     0.00     0.00     0.00     0.00 -1 -2.87e-16      0.00 7.409e-01 2.583e-01 1.471e-04 3.970e-05 3.601e-04 -1.000 8.184e-04 10.938 15.249 13.062 11.503 10.743 10.414 10.310
0.00077741 -1.30000 10.10721 0.1599999964 1.5372931554    0.160 -2.326  3.5599  5.160    1  0.000  0.545     0.00     0.00     0.00     0.00     0.00 -1 -3.43e-16      0.00 7.395e-01 2.597e-01 1.471e-04 3.970e-05 3.601e-04 -1.000 8.184e-04 10.585 14.702 12.558 11.057 10.379 10.071 9.971
0.00077741 -1.30000 10.10721 0.2000000179 1.6938791367    0.200 -2.104  3.5737  5.090    1  0.000  0.545     0.00     0.00     0.00     0.00     0.00 -1 -1.32e-16      0.00 7.382e-01 2.610e-01 1.471e-04 3.970e-05 3.601e-04 -1.000 8.184e-04 10.030 13.879 11.818 10.398 9.813 9.531 9.436
0.00077741 -1.30000 10.10721 0.2500000000 1.8403257998    0.250 -1.900  3.5849  5.027    1  0.000  0.545     0.00     0.00     0.00     0.00     0.00 -1 -3.39e-17      0.00 7.380e-01 2.612e-01 1.471e-04 3.970e-05 3.601e-04 -1.000 8.184e-04 9.519 13.155 11.169 9.820 9.294 9.031 8.941
0.00077741 -1.30000 10.10721 0.3000000417 1.9529140366    0.300 -1.744  3.5934  4.985    1  0.000  0.545     0.00     0.00     0.00     0.00     0.00 -1 -6.02e-18      0.00 7.383e-01 2.609e-01 1.471e-04 3.971e-05 3.601e-04 -1.000 8.183e-04 9.131 12.607 10.680 9.389 8.899 8.650 8.564
0.00077741 -1.30000 10.10721 0.3499999940 2.0434174644    0.350 -1.617  3.6006  4.954    1  0.000  0.545     0.00     0.00     0.00     0.00     0.00 -1 -1.71e-15      0.00 7.445e-01 2.547e-01 1.471e-04 3.970e-05 3.601e-04 -1.000 8.184e-04 8.813 12.164 10.282 9.039 8.577 8.339 8.257
0.00077741 -1.30000 10.10721 0.4000000358 2.1185024810    0.400 -1.469  3.6119  4.908    1  0.000  0.545     0.00     0.00     0.00     0.00     0.00 -1 -2.38e-15      0.00 7.494e-01 2.498e-01 1.471e-04 3.970e-05 3.601e-04 -1.000 8.185e-04 8.442 11.606 9.790 8.624 8.197 7.977 7.900
0.00077741 -1.30000 10.10721 0.4500000477 2.1822809714    0.450 -1.291  3.6302  4.854    1  0.000  0.545     0.00     0.00     0.00     0.00     0.00 -1 -3.59e-15      0.00 7.494e-01 2.497e-01 1.471e-04 3.970e-05 3.601e-04 -1.000 8.183e-04 7.996 10.880 9.161 8.116 7.745 7.552 7.484
0.00077741 -1.30000 10.10721 0.5000000000 2.2374541529    0.500 -1.087  3.6584  4.809    1  0.000  0.545     0.00     0.00     0.00     0.00     0.00 -1 -5.73e-15      0.00 7.494e-01 2.497e-01 1.471e-04 3.970e-05 3.601e-04 -1.000 8.184e-04 7.487 9.947 8.387 7.522 7.228 7.078 7.024
0.00077741 -1.30000 10.10721 0.5500000715 2.2836583126    0.550 -0.863  3.6875  4.743    1  0.000  0.544     0.00     0.00     0.00     0.00     0.00 -1 -9.87e-15      0.00 7.861e-01 2.132e-01 1.271e-04 3.432e-05 3.114e-04 -1.000 6.735e-04 6.927 8.901 7.593 6.897 6.668 6.559 6.520
0.00077741 -1.30000 10.10721 0.5807262063 2.3075578913    0.580 -0.730  3.7058  4.707    1  0.000  0.544     0.00     0.00     0.00     0.00     0.00 -1 -1.36e-14      0.00 7.926e-01 2.067e-01 1.238e-04 3.344e-05 3.036e-04 -1.000 7.012e-04 6.595 8.289 7.149 6.538 6.341 6.255 6.227
0.00077741 -1.30000 10.10721 0.6000000238 2.3211213258    0.600 -0.650  3.7168  4.685    1  0.000  0.544     0.00     0.00     0.00     0.00     0.00 -1 -1.65e-14      0.00 7.964e-01 2.028e-01 1.218e-04 3.291e-05 2.988e-04 -1.000 7.177e-04 6.395 7.938 6.893 6.329 6.149 6.076 6.054
0.00077741 -1.30000 10.10721 0.6117525101 2.3289111576    0.611 -0.598  3.7244  4.671    1  0.000  0.544     0.00     0.00     0.00     0.00     0.00 -1  -1.8e-14      0.00 7.992e-01 2.001e-01 1.205e-04 3.254e-05 2.955e-04 -1.000 7.092e-04 6.264 7.712 6.728 6.194 6.027 5.962 5.944
0.00077741 -1.30000 10.10721 0.6233912706 2.3362936658    0.623 -0.546  3.7318  4.657    1  0.000  0.543     0.00     0.00     0.00     0.00     0.00 -1 -3.63e-15      0.00 8.020e-01 1.974e-01 1.190e-04 3.216e-05 2.921e-04 -1.000 6.547e-04 6.134 7.495 6.567 6.061 5.905 5.849 5.834
0.00077741 -1.30000 10.10721 0.6342250109 2.3428862722    0.634 -0.497  3.7386  4.643    1  0.000  0.543     0.00     0.00     0.00     0.00     0.00 -1 -3.22e-19      0.00 8.047e-01 1.947e-01 1.176e-04 3.180e-05 2.888e-04 -1.000 6.547e-04 6.013 7.300 6.421 5.938 5.792 5.743 5.732
0.00077741 -1.30000 10.10721 0.6443089843 2.3487940797    0.644 -0.451  3.7448  4.629    1  0.000  0.543     0.00     0.00     0.00     0.00     0.00 -1 -4.35e-16      0.00 8.073e-01 1.921e-01 1.163e-04 3.144e-05 2.857e-04 -1.000 6.472e-04 5.898 7.122 6.285 5.825 5.689 5.646 5.637
0.00077741 -1.30000 10.10721 0.6499999762 2.3520353107    0.650 -0.425  3.7482  4.621    1  0.000  0.543     0.00     0.00     0.00     0.00     0.00 -1 -2.86e-14      0.00 8.088e-01 1.906e-01 1.155e-04 3.124e-05 2.838e-04 -1.000 6.547e-04 5.833 7.023 6.208 5.761 5.630 5.591 5.584
0.00077741 -1.30000 10.10721 0.6514289379 2.3528389348    0.651 -0.419  3.7490  4.619    1  0.000  0.543     0.00     0.00     0.00     0.00     0.00 -1  -2.9e-14      0.00 8.092e-01 1.901e-01 1.153e-04 3.118e-05 2.833e-04 -1.000 6.547e-04 5.817 6.998 6.189 5.745 5.615 5.577 5.570
0.00077741 -1.30000 10.10721 0.6633343697 2.3593798645    0.663 -0.364  3.7556  4.597    1  0.000  0.542     0.00     0.00     0.00     0.00     0.00 -1 -3.35e-14      0.00 8.132e-01 1.862e-01 1.133e-04 3.065e-05 2.785e-04 -1.000 6.475e-04 5.679 6.798 6.030 5.611 5.492 5.461 5.457
0.00077741 -1.30000 10.10721 0.6742714643 2.3651552724    0.674 -0.312  3.7614  4.576    1  0.000  0.542     0.00     0.00     0.00     0.00     0.00 -1 -1.36e-14      0.00 8.170e-01 1.824e-01 1.114e-04 3.015e-05 2.740e-04 -1.000 6.184e-04 5.549 6.614 5.882 5.485 5.376 5.351 5.349
0.00077741 -1.30000 10.10721 0.6846995950 2.3704647775    0.684 -0.261  3.7668  4.554    1  0.000  0.542     0.00     0.00     0.00     0.00     0.00 -1 -3.19e-17      0.00 8.209e-01 1.785e-01 1.095e-04 2.964e-05 2.695e-04 -1.000 6.032e-04 5.422 6.443 5.740 5.364 5.262 5.242 5.243
0.00077741 -1.30000 10.10721 0.6944152117 2.3752468414    0.694 -0.212  3.7717  4.531    1  0.000  0.542     0.00     0.00     0.00     0.00     0.00 -1 -8.09e-16      0.00 8.246e-01 1.748e-01 1.077e-04 2.915e-05 2.650e-04 -1.000 5.842e-04 5.301 6.283 5.606 5.247 5.153 5.138 5.140
0.00077741 -1.30000 10.10721 0.6999999881 2.3779266974    0.700 -0.183  3.7745  4.516    1  0.000  0.541     0.00     0.00     0.00     0.00     0.00 -1 -5.42e-14      0.00 8.269e-01 1.725e-01 1.065e-04 2.885e-05 2.624e-04 -1.000 5.633e-04 5.229 6.190 5.526 5.178 5.088 5.076 5.079
0.00077741 -1.30000 10.10721 0.7037255764 2.3796872474    0.703 -0.164  3.7762  4.506    1  0.000  0.541     0.00     0.00     0.00     0.00     0.00 -1 -5.72e-14      0.00 8.288e-01 1.707e-01 1.055e-04 2.860e-05 2.602e-04 -1.000 5.547e-04 5.180 6.128 5.473 5.131 5.044 5.034 5.038
0.00077741 -1.30000 10.10721 0.7138015032 2.3843429940    0.713 -0.108  3.7808  4.475    1  0.000  0.539     0.00     0.00     0.00     0.00     0.00 -1 -6.67e-14      0.00 8.339e-01 1.655e-01 1.027e-04 2.791e-05 2.540e-04 -1.000 5.546e-04 5.041 5.956 5.322 4.998 4.918 4.912 4.918
0.00077741 -1.30000 10.10721 0.7226002216 2.3882866964    0.722 -0.057  3.7847  4.445    1  0.000  0.537     0.00     0.00     0.00     0.00     0.00 -1 -7.72e-14      0.00 8.385e-01 1.609e-01 1.001e-04 2.728e-05 2.485e-04 -1.000 5.743e-04 4.913 5.805 5.185 4.874 4.800 4.798 4.806
0.00077741 -1.30000 10.10721 0.7309019566 2.3919077038    0.730 -0.006  3.7883  4.413    1  0.000  0.535     0.00     0.00     0.00     0.00     0.00 -1 -2.75e-16      0.00 8.430e-01 1.564e-01 9.762e-05 2.668e-05 2.432e-04 -1.000 5.683e-04 4.786 5.656 5.049 4.751 4.683 4.684 4.693
0.00077741 -1.30000 10.10721 0.7386705279 2.3952115202    0.738  0.044  3.7914  4.380    1  0.000  0.534     0.00     0.00     0.00     0.00     0.00 -1 -1.92e-17      0.00 8.472e-01 1.522e-01 9.530e-05 2.610e-05 2.380e-04 -1.000 5.547e-04 4.659 5.512 4.914 4.628 4.565 4.569 4.579
0.00077741 -1.30000 10.10721 0.7459861040 2.3982504504    0.745  0.095  3.7941  4.344    1  0.000  0.532     0.00     0.00     0.00     0.00     0.00 -1 -5.78e-15      0.00 8.511e-01 1.483e-01 9.317e-05 2.557e-05 2.333e-04 -1.000 5.552e-04 4.533 5.370 4.781 4.505 4.446 4.453 4.463
0.00077741 -1.30000 10.10721 0.7500000000 2.3998889087    0.749  0.124  3.7954  4.322    1  0.000  0.531     0.00     0.00     0.00     0.00     0.00 -1 -1.32e-13      0.00 8.531e-01 1.463e-01 9.207e-05 2.530e-05 2.309e-04 -1.000 5.441e-04 4.459 5.289 4.703 4.432 4.375 4.384 4.394
0.00077741 -1.30000 10.10721 0.7537460923 2.4013999600    0.753  0.152  3.7966  4.301    1  0.000  0.531     0.00     0.00     0.00     0.00     0.00 -1 -1.44e-13      0.00 8.545e-01 1.449e-01 9.147e-05 2.514e-05 2.296e-04 -1.000 5.358e-04 4.390 5.213 4.630 4.364 4.310 4.319 4.330
0.00077741 -1.30000 10.10721 0.7606583834 2.4041432760    0.760  0.206  3.7985  4.258    1  0.000  0.530     0.00     0.00     0.00     0.00     0.00 -1 -1.71e-13      0.00 8.567e-01 1.428e-01 9.066e-05 2.493e-05 2.278e-04 -1.000 5.106e-04 4.254 5.066 4.488 4.229 4.178 4.189 4.201
0.00077741 -1.30000 10.10721 0.7667159438 2.4065006609    0.766  0.258  3.7997  4.215    1  0.000  0.530     0.00     0.00     0.00     0.00     0.00 -1 -2.02e-13      0.00 8.567e-01 1.427e-01 9.076e-05 2.496e-05 2.281e-04 -1.000 5.245e-04 4.125 4.930 4.355 4.102 4.052 4.065 4.077
0.00077741 -1.30000 10.10721 0.7685523629 2.4072068930    0.768  0.274  3.7999  4.200    1  0.000  0.530     0.00     0.00     0.00     0.00     0.00 -1 -2.14e-13      0.00 8.567e-01 1.428e-01 9.085e-05 2.499e-05 2.283e-04 -1.000 5.288e-04 4.084 4.887 4.313 4.061 4.012 4.024 4.036
0.00077741 -1.30000 10.10721 0.7700880766 2.4077945096    0.769  0.289  3.7998  4.186    1  0.000  0.530     0.00     0.00     0.00     0.00     0.00 -1 -2.24e-13      0.00 8.566e-01 1.428e-01 9.092e-05 2.501e-05 2.285e-04 -1.000 5.319e-04 4.047 4.850 4.275 4.023 3.974 3.986 3.998
0.00077741 -1.30000 10.10721 0.7760198712 2.4100391219    0.775  0.350  3.7986  4.123    1  0.000  0.530     0.00     0.00     0.00     0.00     0.00 -1 -2.53e-14      0.00 8.564e-01 1.431e-01 9.124e-05 2.510e-05 2.294e-04 -1.000 5.498e-04 3.894 4.701 4.123 3.868 3.818 3.829 3.841
0.00077741 -1.30000 10.10721 0.7804909348 2.4117050804    0.779  0.402  3.7960  4.064    1  0.000  0.530     0.00     0.00     0.00     0.00     0.00 -1 -1.02e-16      0.00 8.561e-01 1.433e-01 9.152e-05 2.518e-05 2.302e-04 -1.000 5.729e-04 3.765 4.584 3.999 3.737 3.683 3.692 3.702
0.00077741 -1.30000 10.10721 0.7812498808 2.4119856942    0.780  0.411  3.7954  4.052    1  0.000  0.530     0.00     0.00     0.00     0.00     0.00 -1 -2.84e-17      0.00 8.561e-01 1.433e-01 9.157e-05 2.520e-05 2.303e-04 -1.000 5.776e-04 3.741 4.563 3.977 3.712 3.658 3.666 3.676
0.00077741 -1.30000 10.10721 0.7826740742 2.4125105889    0.781  0.431  3.7935  4.026    2  0.000  0.530     0.00     0.00     0.00     0.00     0.00 -1 -6.21e-17      0.00 8.556e-01 1.438e-01 9.196e-05 2.531e-05 2.313e-04 -1.000 5.691e-04 3.692 4.522 3.932 3.662 3.604 3.611 3.620
0.00077741 -1.30000 10.10721 0.7854900956 2.4135420098    0.784  0.474  3.7880  3.963    2  0.000  0.530     0.00     0.00     0.00     0.00     0.00 -1 -2.97e-16      0.00 8.543e-01 1.451e-01 9.301e-05 2.560e-05 2.339e-04 -1.000 5.710e-04 3.586 4.443 3.837 3.550 3.484 3.485 3.493
0.00077741 -1.30000 10.10721 0.7875500321 2.4142911308    0.786  0.510  3.7812  3.900    2  0.000  0.530     0.00     0.00     0.00     0.00     0.00 -1 -9.61e-16      0.00 8.493e-01 1.502e-01 9.639e-05 2.652e-05 2.423e-04 -1.000 5.364e-04 3.495 4.388 3.763 3.453 3.378 3.372 3.377
0.00077741 -1.30000 10.10721 0.7891240716 2.4148605189    0.788  0.541  3.7736  3.840    2  0.000  0.531     0.00     0.00     0.00     0.00     0.00 -1 -2.41e-15      0.00 8.277e-01 1.717e-01 1.084e-04 2.978e-05 2.718e-04 -1.000 5.842e-04 3.418 4.358 3.705 3.370 3.283 3.270 3.272
0.00077741 -1.30000 10.10721 0.7904011011 2.4153205519    0.789  0.568  3.7656  3.781    2  0.000  0.533     0.00     0.00     0.00     0.00     0.00 -1 -5.18e-15      0.00 8.043e-01 1.950e-01 1.197e-04 3.282e-05 2.991e-04 -1.000 6.901e-04 3.350 4.345 3.660 3.297 3.198 3.176 3.175
0.00077741 -1.30000 10.10721 0.7915190458 2.4157218756    0.790  0.598  3.7568  3.717    2  0.000  0.535     0.00     0.00     0.00     0.00     0.00 -1 -8.77e-16      0.00 7.871e-01 2.121e-01 1.274e-04 3.487e-05 3.173e-04 -1.000 7.249e-04 3.276 4.336 3.613 3.220 3.106 3.076 3.071
0.00077741 -1.30000 10.10721 0.7923938036 2.4160349912    0.791  0.630  3.7497  3.657    2  0.000  0.536     0.00     0.00     0.00     0.00     0.00 -1 -1.99e-15      0.00 7.779e-01 2.213e-01 1.315e-04 3.597e-05 3.272e-04 -1.000 7.307e-04 3.195 4.310 3.555 3.137 3.013 2.975 2.968
0.00077741 -1.30000 10.10721 0.7930753231 2.4162783876    0.791  0.665  3.7447  3.603    2  0.000  0.536     0.00     0.00     0.00     0.00     0.00 -1 -3.89e-15      0.00 7.728e-01 2.264e-01 1.338e-04 3.659e-05 3.327e-04 -1.000 7.405e-04 3.108 4.264 3.486 3.051 2.919 2.876 2.866
0.00077741 -1.30000 10.10721 0.7936471105 2.4164822237    0.792  0.701  3.7411  3.552    2  0.000  0.536     0.00     0.00     0.00     0.00     0.00 -1 -7.01e-15      0.00 7.696e-01 2.297e-01 1.352e-04 3.697e-05 3.362e-04 -1.000 7.737e-04 3.018 4.202 3.408 2.961 2.823 2.776 2.765
0.00077741 -1.30000 10.10721 0.7937469482 2.4165177802    0.792  0.707  3.7405  3.544    2  0.000  0.536     0.00     0.00     0.00     0.00     0.00 -1 -7.77e-15      0.00 7.690e-01 2.302e-01 1.355e-04 3.704e-05 3.368e-04 -1.000 7.743e-04 3.002 4.190 3.394 2.945 2.807 2.759 2.747
0.00077741 -1.30000 10.10721 0.7938560247 2.4165566152    0.792  0.715  3.7399  3.533    3  0.000  0.537     0.00     0.00     0.00     0.00     0.00 -1 -8.75e-15      0.00 7.685e-01 2.307e-01 1.357e-04 3.710e-05 3.372e-04 -1.000 7.830e-04 2.982 4.174 3.376 2.925 2.786 2.737 2.726
0.00077741 -1.30000 10.10721 0.7944301963 2.4167608381    0.793  0.760  3.7372  3.478    3  0.000  0.537     0.00     0.00     0.00     0.00     0.00 -1 -1.61e-14      0.00 7.658e-01 2.334e-01 1.367e-04 3.737e-05 3.397e-04 -1.000 8.139e-04 2.870 4.086 3.274 2.814 2.671 2.619 2.606
0.00077741 -1.30000 10.10721 0.7949142456 2.4169327424    0.793  0.802  3.7352  3.428    3  0.000  0.537     0.00     0.00     0.00     0.00     0.00 -1 -2.73e-14      0.00 7.637e-01 2.355e-01 1.375e-04 3.756e-05 3.414e-04 -1.000 7.395e-04 2.766 4.000 3.177 2.711 2.565 2.511 2.497
0.00077741 -1.30000 10.10721 0.7954518795 2.4171233947    0.794  0.852  3.7332  3.371    3  0.000  0.537     0.00     0.00     0.00     0.00     0.00 -1 -4.99e-14      0.00 7.615e-01 2.377e-01 1.381e-04 3.775e-05 3.430e-04 -1.000 7.930e-04 2.641 3.892 3.059 2.587 2.438 2.382 2.367
0.00077741 -1.30000 10.10721 0.7959491014 2.4172994528    0.794  0.902  3.7314  3.314    3  0.000  0.537     0.00     0.00     0.00     0.00     0.00 -1 -8.86e-14      0.00 7.596e-01 2.397e-01 1.386e-04 3.789e-05 3.443e-04 -1.000 7.543e-04 2.516 3.783 2.941 2.464 2.312 2.253 2.237
0.00077741 -1.30000 10.10721 0.7964484096 2.4174759952    0.794  0.956  3.7297  3.253    3  0.000  0.537     0.00     0.00     0.00     0.00     0.00 -1  -1.6e-13      0.00 7.574e-01 2.417e-01 1.390e-04 3.802e-05 3.454e-04 -1.000 8.133e-04 2.380 3.661 2.811 2.329 2.174 2.114 2.096
0.00077741 -1.30000 10.10721 0.7968907952 2.4176321987    0.795  1.009  3.7281  3.194    3  0.000  0.536     0.00     0.00     0.00     0.00     0.00 -1 -2.75e-13      0.00 7.557e-01 2.435e-01 1.392e-04 3.814e-05 3.462e-04 -1.000 7.502e-04 2.248 3.544 2.686 2.198 2.041 1.979 1.961
0.00077741 -1.30000 10.10721 0.7972663641 2.4177646532    0.795  1.057  3.7266  3.139    3  0.000  0.535     0.00     0.00     0.00     0.00     0.00 -1 -4.44e-13      0.00 7.541e-01 2.451e-01 1.392e-04 3.827e-05 3.469e-04 -1.000 7.965e-04 2.126 3.436 2.570 2.078 1.919 1.855 1.836
0.00077741 -1.30000 10.10721 0.7975605130 2.4178682926    0.795  1.099  3.7253  3.093    3  0.000  0.534     0.00     0.00     0.00     0.00     0.00 -1 -6.53e-13      0.00 7.529e-01 2.463e-01 1.391e-04 3.842e-05 3.473e-04 -1.000 7.416e-04 2.023 3.344 2.472 1.976 1.815 1.750 1.730
0.00077741 -1.30000 10.10721 0.7978863120 2.4179829809    0.796  1.148  3.7239  3.038    3  0.000  0.533     0.00     0.00     0.00     0.00     0.00 -1 -1.01e-12      0.00 7.516e-01 2.475e-01 1.388e-04 3.867e-05 3.477e-04 -1.000 8.152e-04 1.899 3.233 2.354 1.854 1.691 1.623 1.603
0.00077741 -1.30000 10.10721 0.7981978655 2.4180925538    0.796  1.200  3.7222  2.980    3  0.000  0.530     0.00     0.00     0.00     0.00     0.00 -1 -1.58e-12      0.00 7.505e-01 2.487e-01 1.383e-04 3.909e-05 3.481e-04 -1.000 7.939e-04 1.770 3.118 2.231 1.726 1.560 1.491 1.469
0.00077741 -1.30000 10.10721 0.7984802723 2.4181917908    0.796  1.252  3.7205  2.921    3  0.000  0.528     0.00     0.00     0.00     0.00     0.00 -1 -2.39e-12      0.00 7.496e-01 2.496e-01 1.378e-04 3.955e-05 3.483e-04 -1.000 8.041e-04 1.640 3.005 2.109 1.597 1.429 1.357 1.335
0.00077741 -1.30000 10.10721 0.7987267971 2.4182783531    0.796  1.301  3.7189  2.865    3  0.000  0.526     0.00     0.00     0.00     0.00     0.00 -1 -3.51e-12      0.00 7.489e-01 2.504e-01 1.373e-04 4.006e-05 3.486e-04 -1.000 7.545e-04 1.516 2.898 1.992 1.475 1.304 1.230 1.207
0.00077741 -1.30000 10.10721 0.7989498377 2.4183566164    0.796  1.351  3.7171  2.809    3  0.000  0.524     0.00     0.00     0.00     0.00     0.00 -1 -5.04e-12      0.00 7.483e-01 2.509e-01 1.369e-04 4.050e-05 3.487e-04 -1.000 8.171e-04 1.394 2.794 1.877 1.354 1.180 1.105 1.080
0.00077741 -1.30000 10.10721 0.7991504669 2.4184269728    0.796  1.399  3.7154  2.754    3  0.000  0.523     0.00     0.00     0.00     0.00     0.00 -1  -7.1e-12      0.00 7.480e-01 2.513e-01 1.366e-04 4.084e-05 3.488e-04 -1.000 7.553e-04 1.273 2.692 1.765 1.235 1.058 0.981 0.955
0.00077741 -1.30000 10.10721 0.7993367910 2.4184922763    0.796  1.448  3.7136  2.697    3  0.000  0.522     0.00     0.00     0.00     0.00     0.00 -1 -9.93e-12      0.00 7.477e-01 2.515e-01 1.364e-04 4.107e-05 3.489e-04 -1.000 7.555e-04 1.150 2.587 1.649 1.114 0.934 0.854 0.828
0.00077741 -1.30000 10.10721 0.7995017767 2.4185500719    0.796  1.496  3.7116  2.641    3  0.000  0.522     0.00     0.00     0.00     0.00     0.00 -1 -1.36e-11      0.00 7.476e-01 2.516e-01 1.363e-04 4.118e-05 3.489e-04 -1.000 7.552e-04 1.030 2.488 1.538 0.996 0.813 0.730 0.703
0.00077741 -1.30000 10.10721 0.7996556759 2.4186039590    0.796  1.545  3.7097  2.584    3  0.000  0.521     0.00     0.00     0.00     0.00     0.00 -1 -1.85e-11      0.00 7.476e-01 2.516e-01 1.363e-04 4.120e-05 3.489e-04 -1.000 7.549e-04 0.907 2.385 1.425 0.876 0.689 0.604 0.576
0.00077741 -1.30000 10.10721 0.7997916937 2.4186515652    0.796  1.593  3.7077  2.529    3  0.000  0.521     0.00     0.00     0.00     0.00     0.00 -1 -2.48e-11      0.00 7.476e-01 2.517e-01 1.363e-04 4.120e-05 3.489e-04 -1.000 7.548e-04 0.788 2.289 1.316 0.760 0.570 0.482 0.453
0.00077741 -1.30000 10.10721 0.7999130487 2.4186940237    0.796  1.639  3.7058  2.475    3  0.000  0.521     0.00     0.00     0.00     0.00     0.00 -1 -3.26e-11      0.00 7.476e-01 2.517e-01 1.363e-04 4.121e-05 3.489e-04 -1.000 7.548e-04 0.672 2.197 1.210 0.646 0.453 0.363 0.333
0.00077741 -1.30000 10.10721 0.8000000715 2.4187244613    0.796  1.675  3.7043  2.433    3  0.000  0.521     0.00     0.00     0.00     0.00     0.00 -1 -4.01e-11      0.00 7.476e-01 2.517e-01 1.363e-04 4.121e-05 3.489e-04 -1.000 7.547e-04 0.582 2.127 1.128 0.557 0.361 0.270 0.238
0.00077741 -1.30000 10.10721 0.8000255227 2.4187333618    0.796  1.686  3.7038  2.420    3  0.000  0.521     0.00     0.00     0.00     0.00     0.00 -1 -4.17e-11      0.00 7.476e-01 2.517e-01 1.363e-04 4.122e-05 3.489e-04 -1.000 7.547e-04 0.556 2.106 1.103 0.531 0.335 0.242 0.211
0.00077741 -1.30000 10.10721 0.8001252413 2.4187682280    0.796  1.731  3.7017  2.367    3  0.000  0.521     0.00     0.00     0.00     0.00     0.00 -1 -4.92e-11      0.00 7.476e-01 2.517e-01 1.363e-04 4.123e-05 3.489e-04 -1.000 7.549e-04 0.443 2.021 1.002 0.420 0.220 0.125 0.093
0.00077741 -1.30000 10.10721 0.8002192974 2.4188011052    0.795  1.777  3.6996  2.312    3  0.000  0.521     0.00     0.00     0.00     0.00     0.00 -1 -5.83e-11      0.00 7.476e-01 2.517e-01 1.363e-04 4.124e-05 3.489e-04 -1.000 7.550e-04 0.328 1.934 0.897 0.307 0.103 0.006 -0.028
0.00077741 -1.30000 10.10721 0.8003039956 2.4188307038    0.795  1.822  3.6975  2.259    3  0.000  0.521     0.00     0.00     0.00     0.00     0.00 -1 -6.87e-11      0.00 7.475e-01 2.517e-01 1.363e-04 4.125e-05 3.489e-04 -1.000 7.551e-04 0.215 1.852 0.797 0.198 -0.010 -0.110 -0.145
0.00077741 -1.30000 10.10721 0.8003832102 2.4188583795    0.795  1.867  3.6953  2.205    3  0.000  0.521     0.00     0.00     0.00     0.00     0.00 -1 -8.11e-11      0.00 7.475e-01 2.517e-01 1.363e-04 4.126e-05 3.489e-04 -1.000 7.553e-04 0.103 1.770 0.697 0.088 -0.123 -0.226 -0.262
0.00077741 -1.30000 10.10721 0.8004590869 2.4188848831    0.795  1.912  3.6932  2.151    3  0.000  0.521     0.00     0.00     0.00     0.00     0.00 -1 -9.58e-11      0.00 7.475e-01 2.517e-01 1.362e-04 4.127e-05 3.489e-04 -1.000 7.553e-04 -0.009 1.689 0.597 -0.021 -0.237 -0.342 -0.380
0.00077741 -1.30000 10.10721 0.8005368710 2.4189120470    0.794  1.955  3.6910  2.099    3  0.000  0.521     0.00     0.00     0.00     0.00     0.00 -1 -1.12e-10      0.00 7.475e-01 2.517e-01 1.362e-04 4.128e-05 3.489e-04 -1.000 7.555e-04 -0.117 1.613 0.503 -0.125 -0.345 -0.453 -0.492
0.00077741 -1.30000 10.10721 0.8006076217 2.4189367494    0.794  1.980  3.6899  2.070    3  0.000  0.521     0.00     0.00     0.00     0.00     0.00 -1 -1.23e-10      0.00 7.475e-01 2.517e-01 1.362e-04 4.129e-05 3.489e-04 -1.000 7.555e-04 -0.179 1.566 0.447 -0.186 -0.407 -0.517 -0.556
0.00077741 -1.30000 10.10721 0.8006519079 2.4189522093    0.794  1.966  3.6909  2.087    3  0.000  0.521     0.00     0.00     0.00     0.00     0.00 -1 -1.18e-10      0.00 7.475e-01 2.517e-01 1.362e-04 4.130e-05 3.489e-04 -1.000 7.555e-04 -0.145 1.586 0.475 -0.154 -0.373 -0.482 -0.520
0.00077741 -1.30000 10.10721 0.8006674051 2.4189576187    0.794  1.961  3.6912  2.093    3  0.000  0.521     0.00     0.00     0.00     0.00     0.00 -1 -1.16e-10      0.00 7.475e-01 2.517e-01 1.362e-04 4.130e-05 3.489e-04 -1.000 7.556e-04 -0.133 1.593 0.485 -0.142 -0.361 -0.469 -0.507
0.00077741 -1.30000 10.10721 0.8007181883 2.4189753434    0.793  2.001  3.6892  2.045    3  0.000  0.521     0.00     0.00     0.00     0.00     0.00 -1 -1.33e-10      0.00 7.475e-01 2.517e-01 1.362e-04 4.130e-05 3.489e-04 -1.000 7.556e-04 -0.233 1.523 0.397 -0.239 -0.462 -0.572 -0.612
0.00077741 -1.30000 10.10721 0.8007662296 2.4189921087    0.793  2.042  3.6870  1.995    3  0.000  0.521     0.00     0.00     0.00     0.00     0.00 -1 -1.55e-10      0.00 7.475e-01 2.517e-01 1.362e-04 4.131e-05 3.489e-04 -1.000 7.557e-04 -0.335 1.456 0.310 -0.336 -0.563 -0.676 -0.717
0.00077741 -1.30000 10.10721 0.8008130193 2.4190084350    0.793  2.084  3.6848  1.944    3  0.000  0.521     0.00     0.00     0.00     0.00     0.00 -1 -1.81e-10      0.00 7.475e-01 2.517e-01 1.362e-04 4.132e-05 3.489e-04 -1.000 7.558e-04 -0.439 1.395 0.221 -0.438 -0.668 -0.785 -0.827
0.00077741 -1.30000 10.10721 0.8008565307 2.4190236154    0.792  2.125  3.6825  1.893    3  0.000  0.521     0.00     0.00     0.00     0.00     0.00 -1 -2.11e-10      0.00 7.475e-01 2.517e-01 1.362e-04 4.132e-05 3.490e-04 -1.000 7.559e-04 -0.544 1.341 0.133 -0.541 -0.774 -0.894 -0.938
0.00077741 -1.30000 10.10721 0.8008953333 2.4190371514    0.792  2.166  3.6802  1.843    3  0.000  0.521     0.00     0.00     0.00     0.00     0.00 -1 -2.45e-10      0.00 7.475e-01 2.517e-01 1.362e-04 4.133e-05 3.490e-04 -1.000 7.560e-04 -0.644 1.293 0.049 -0.640 -0.877 -0.999 -1.045
0.00077741 -1.30000 10.10721 0.8009313941 2.4190497296    0.791  2.206  3.6779  1.794    3  0.000  0.521     0.00     0.00     0.00     0.00     0.00 -1 -2.85e-10      0.00 7.475e-01 2.517e-01 1.362e-04 4.133e-05 3.490e-04 -1.000 7.559e-04 -0.745 1.247 -0.033 -0.738 -0.979 -1.104 -1.151
0.00077741 -1.30000 10.10721 0.8009647131 2.4190613503    0.791  2.246  3.6755  1.744    3  0.000  0.521     0.00     0.00     0.00     0.00     0.00 -1 -3.31e-10      0.00 7.475e-01 2.518e-01 1.362e-04 4.133e-05 3.490e-04 -1.000 7.560e-04 -0.845 1.207 -0.113 -0.835 -1.080 -1.208 -1.257
0.00077741 -1.30000 10.10721 0.8009957671 2.4190721800    0.790  2.286  3.6732  1.695    3  0.000  0.521     0.00     0.00     0.00     0.00     0.00 -1 -3.85e-10      0.00 7.475e-01 2.518e-01 1.362e-04 4.134e-05 3.490e-04 -1.000 7.561e-04 -0.944 1.167 -0.193 -0.932 -1.181 -1.312 -1.362
0.00077741 -1.30000 10.10721 0.8010234833 2.4190818449    0.789  2.324  3.6708  1.646    3  0.000  0.521     0.00     0.00     0.00     0.00     0.00 -1 -4.44e-10      0.00 7.475e-01 2.518e-01 1.362e-04 4.134e-05 3.490e-04 -1.000 7.560e-04 -1.040 1.134 -0.267 -1.025 -1.279 -1.412 -1.464
0.00077741 -1.30000 10.10721 0.8010494113 2.4190908855    0.789  2.363  3.6684  1.598    3  0.000  0.521     0.00     0.00     0.00     0.00     0.00 -1 -5.13e-10      0.00 7.475e-01 2.518e-01 1.362e-04 4.135e-05 3.490e-04 -1.000 7.561e-04 -1.137 1.104 -0.341 -1.118 -1.376 -1.513 -1.566
0.00077741 -1.30000 10.10721 0.8010788560 2.4191011515    0.788  2.410  3.6654  1.538    3  0.000  0.521     0.00     0.00     0.00     0.00     0.00 -1 -6.13e-10      0.00 7.475e-01 2.518e-01 1.362e-04 4.135e-05 3.490e-04 -1.000 7.561e-04 -1.255 1.074 -0.428 -1.231 -1.495 -1.635 -1.691
0.00077741 -1.30000 10.10721 0.8011052608 2.4191103570    0.787  2.456  3.6624  1.479    3  0.000  0.521     0.00     0.00     0.00     0.00     0.00 -1  -7.3e-10      0.00 7.475e-01 2.518e-01 1.362e-04 4.135e-05 3.490e-04 -1.000 7.561e-04 -1.371 1.051 -0.512 -1.340 -1.610 -1.754 -1.812
0.00077741 -1.30000 10.10721 0.8011298776 2.4191189384    0.786  2.503  3.6594  1.420    3  0.000  0.521     7.89     6.14     4.34     3.36     2.72  3  -8.7e-10      0.00 7.475e-01 2.518e-01 1.362e-04 4.136e-05 3.490e-04 -1.000 7.562e-04 -1.487 1.038 -0.592 -1.451 -1.726 -1.875 -1.936
0.00077741 -1.30000 10.10721 0.8011518121 2.4191265842    0.785  2.548  3.6564  1.363    3  0.000  0.521     8.91     6.81     4.79     3.72     3.01  3 -1.03e-09      0.00 7.475e-01 2.518e-01 1.362e-04 4.136e-05 3.490e-04 -1.000 7.562e-04 -1.599 1.023 -0.668 -1.553 -1.836 -1.989 -2.052
0.00077741 -1.30000 10.10721 0.8011718988 2.4191335856    0.784  2.592  3.6533  1.305    3  0.000  0.521    10.06     7.56     5.29     4.11     3.33  3 -1.22e-09      0.00 7.475e-01 2.518e-01 1.362e-04 4.136e-05 3.490e-04 -1.000 7.562e-04 -1.711 1.003 -0.742 -1.652 -1.943 -2.102 -2.167
0.00077741 -1.30000 10.10721 0.8011912107 2.4191403165    0.782  2.638  3.6502  1.246    3  0.000  0.521    11.40     8.40     5.85     4.55     3.69  3 -1.46e-09      0.00 7.475e-01 2.518e-01 1.362e-04 4.136e-05 3.490e-04 -1.000 7.563e-04 -1.826 0.979 -0.821 -1.755 -2.054 -2.218 -2.286
0.00077741 -1.30000 10.10721 0.8012079000 2.4191461331    0.781  2.681  3.6472  1.190    3  0.000  0.521    12.83     9.30     6.44     5.02     4.07  3 -1.72e-09      0.00 7.475e-01 2.518e-01 1.362e-04 4.136e-05 3.490e-04 -1.000 7.563e-04 -1.933 0.963 -0.890 -1.849 -2.157 -2.326 -2.396
0.00077741 -1.30000 10.10721 0.8012236953 2.4191516377    0.779  2.725  3.6441  1.133    3  0.000  0.521    14.47    10.30     7.10     5.55     4.49  2 -2.03e-09      0.00 7.475e-01 2.518e-01 1.362e-04 4.137e-05 3.490e-04 -1.000 7.564e-04 -2.042 0.948 -0.960 -1.944 -2.260 -2.434 -2.507
0.00077741 -1.30000 10.10721 0.8012385368 2.4191568098    0.777  2.769  3.6410  1.075    3  0.000  0.521    16.34    11.42     7.84     6.13     4.97  2  -2.4e-09      0.00 7.475e-01 2.518e-01 1.362e-04 4.137e-05 3.490e-04 -1.000 7.563e-04 -2.153 0.931 -1.031 -2.041 -2.365 -2.545 -2.620
0.00077741 -1.30000 10.10721 0.8012514114 2.4191612963    0.775  2.810  3.6379  1.021    3  0.000  0.521    18.32    12.59     8.61     6.74     5.46  2 -2.82e-09      0.00 7.475e-01 2.518e-01 1.362e-04 4.137e-05 3.490e-04 -1.000 7.563e-04 -2.256 0.923 -1.093 -2.128 -2.461 -2.647 -2.724
0.00077741 -1.30000 10.10721 0.8012638092 2.4191656164    0.773  2.853  3.6348  0.965    3  0.000  0.521    20.62    13.93     9.48     7.44     6.03  2 -3.32e-09      0.00 7.475e-01 2.518e-01 1.362e-04 4.137e-05 3.490e-04 -1.000 7.563e-04 -2.362 0.920 -1.153 -2.217 -2.560 -2.752 -2.832
0.00077741 -1.30000 10.10721 0.8012755513 2.4191697079    0.771  2.896  3.6318  0.909    3  0.000  0.521    23.22    15.41    10.44     8.20     6.65  2 -3.91e-09      0.00 7.475e-01 2.518e-01 1.362e-04 4.137e-05 3.490e-04 -1.000 7.564e-04 -2.469 0.920 -1.211 -2.306 -2.660 -2.858 -2.941
0.00077741 -1.30000 10.10721 0.8012856245 2.4191732178    0.769  2.935  3.6287  0.856    3  0.000  0.521    25.96    16.94    11.43     8.99     7.29  2 -4.56e-09      0.00 7.475e-01 2.518e-01 1.362e-04 4.137e-05 3.490e-04 -1.000 7.564e-04 -2.568 0.925 -1.261 -2.387 -2.750 -2.954 -3.040
0.00077741 -1.30000 10.10721 0.8012953401 2.4191766030    0.766  2.976  3.6256  0.801    3  0.000  0.521    29.13    18.68    12.55     9.89     8.02  1 -5.35e-09      0.00 7.475e-01 2.518e-01 1.362e-04 4.138e-05 3.490e-04 -1.000 7.564e-04 -2.669 0.930 -1.310 -2.468 -2.843 -3.053 -3.142
0.00077741 -1.30000 10.10721 0.8013046980 2.4191798635    0.763  3.017  3.6225  0.745    3  0.000  0.521    32.76    20.64    13.80    10.89     8.84  1 -6.28e-09      0.00 7.475e-01 2.518e-01 1.362e-04 4.138e-05 3.490e-04 -1.000 7.564e-04 -2.774 0.931 -1.363 -2.552 -2.938 -3.156 -3.247
0.00077741 -1.30000 10.10721 0.8013129234 2.4191827293    0.760  3.056  3.6195  0.692    3  0.000  0.521    36.62    22.69    15.10    11.94     9.69  1 -7.32e-09      0.00 7.475e-01 2.518e-01 1.362e-04 4.138e-05 3.490e-04 -1.000 7.564e-04 -2.871 0.937 -1.409 -2.629 -3.026 -3.250 -3.344
0.00077741 -1.30000 10.10721 0.8013210893 2.4191855743    0.756  3.097  3.6164  0.637    3  0.000  0.521    41.12    25.03    16.59    13.13    10.66  1 -8.58e-09      0.00 7.475e-01 2.518e-01 1.362e-04 4.138e-05 3.490e-04 -1.000 7.564e-04 -2.973 0.940 -1.456 -2.709 -3.118 -3.349 -3.445
0.00077741 -1.30000 10.10721 0.8013285995 2.4191881908    0.753  3.137  3.6134  0.583    3  0.000  0.521    46.13    27.59    18.20    14.43    11.72  1 -1.01e-08      0.00 7.475e-01 2.518e-01 1.362e-04 4.138e-05 3.490e-04 -1.000 7.564e-04 -3.073 0.943 -1.501 -2.787 -3.208 -3.445 -3.544
0.00077741 -1.30000 10.10721 0.8013355732 2.4191906203    0.748  3.176  3.6104  0.529    3  0.000  0.521    51.62    30.35    19.93    15.83    12.85  1 -1.17e-08      0.00 7.475e-01 2.518e-01 1.362e-04 4.138e-05 3.490e-04 -1.000 7.565e-04 -3.171 0.944 -1.544 -2.862 -3.295 -3.539 -3.641
0.00077741 -1.30000 10.10721 0.8013421893 2.4191929252    0.744  3.216  3.6073  0.475    3  0.000  0.521    57.91    33.45    21.86    17.40    14.13  1 -1.37e-08      0.00 7.475e-01 2.518e-01 1.362e-04 4.138e-05 3.490e-04 -1.000 7.565e-04 -3.269 0.943 -1.580 -2.935 -3.382 -3.633 -3.738
0.00077741 -1.30000 10.10721 0.8013484478 2.4191951055    0.738  3.255  3.6043  0.421    3  0.000  0.521    64.91    36.83    23.96    19.10    15.51  1  -1.6e-08      0.00 7.475e-01 2.518e-01 1.362e-04 4.138e-05 3.490e-04 -1.000 7.565e-04 -3.367 0.939 -1.610 -3.005 -3.467 -3.727 -3.835
0.00077741 -1.30000 10.10721 0.8013542891 2.4191971404    0.733  3.293  3.6014  0.368    3  0.000  0.521    72.51    40.42    26.19    20.91    16.99  1 -1.87e-08      0.00 7.475e-01 2.518e-01 1.362e-04 4.138e-05 3.490e-04 -1.000 7.565e-04 -3.462 0.935 -1.640 -3.073 -3.550 -3.817 -3.928
0.00077741 -1.30000 10.10721 0.8013586998 2.4191986770    0.728  3.320  3.5993  0.330    3  0.000  0.521    78.56    43.24    27.93    22.32    18.14  1 -2.09e-08      0.00 7.475e-01 2.518e-01 1.362e-04 4.138e-05 3.490e-04 -1.000 7.565e-04 -3.529 0.933 -1.660 -3.121 -3.608 -3.881 -3.994
0.00077741 -1.30000 10.10721 0.8013586998 2.4191986770    0.728  1.718  3.7569  2.562    4  0.000  0.520     0.00     0.00     0.00     0.00     0.00 -1    -1e-30      0.00 7.410e-01 2.581e-01 1.387e-04 4.267e-05 3.559e-04 -1.000 8.184e-04 0.475 1.500 0.783 0.415 0.309 0.277 0.270
0.00077741 -1.30000 10.10721 0.8014127612 2.4192175083    0.728  1.734  3.7553  2.539    4  0.000  0.520     0.00     0.00     0.00     0.00     0.00 -1    -1e-30      0.00 7.410e-01 2.581e-01 1.387e-04 4.267e-05 3.559e-04 -1.000 8.184e-04 0.434 1.472 0.749 0.375 0.266 0.232 0.225
0.00077741 -1.30000 10.10721 0.8014631271 2.4192350498    0.728  1.737  3.7553  2.536    4  0.000  0.520     0.00     0.00     0.00     0.00     0.00 -1    -1e-30      0.00 7.410e-01 2.581e-01 1.387e-04 4.267e-05 3.559e-04 -1.000 8.184e-04 0.427 1.465 0.742 0.368 0.259 0.225 0.218
0.00077741 -1.30000 10.10721 0.8015140891 2.4192527962    0.728  1.738  3.7556  2.536    4  0.000  0.520     0.00     0.00     0.00     0.00     0.00 -1    -1e-30      0.00 7.410e-01 2.581e-01 1.387e-04 4.267e-05 3.559e-04 -1.000 8.184e-04 0.424 1.460 0.738 0.365 0.257 0.223 0.216
0.00077741 -1.30000 10.10721 0.8015658855 2.4192708306    0.728  1.739  3.7562  2.538    4  0.000  0.520     0.00     0.00     0.00     0.00     0.00 -1    -1e-30      0.00 7.410e-01 2.581e-01 1.387e-04 4.267e-05 3.559e-04 -1.000 8.184e-04 0.424 1.454 0.735 0.364 0.257 0.223 0.217
0.00077741 -1.30000 10.10721 0.8015936613 2.4192805005    0.728  1.738  3.7566  2.540    4  0.000  0.520     0.00     0.00     0.00     0.00     0.00 -1    -1e-30      0.00 7.410e-01 2.581e-01 1.387e-04 4.267e-05 3.559e-04 -1.000 8.184e-04 0.424 1.451 0.733 0.364 0.258 0.225 0.219
0.00077741 -1.30000 10.10721 0.8016127348 2.4192871402    0.728  1.738  3.7570  2.542    4  0.000  0.520     0.00     0.00     0.00     0.00     0.00 -1    -1e-30      0.00 7.410e-01 2.581e-01 1.387e-04 4.267e-05 3.559e-04 -1.000 8.184e-04 0.424 1.449 0.732 0.364 0.259 0.226 0.220
0.00077741 -1.30000 10.10721 0.8016601801 2.4193036551    0.728  1.737  3.7580  2.547    4  0.000  0.520     0.00     0.00     0.00     0.00     0.00 -1    -1e-30      0.00 7.410e-01 2.581e-01 1.387e-04 4.267e-05 3.559e-04 -1.000 8.184e-04 0.426 1.442 0.730 0.366 0.262 0.231 0.225
0.00077741 -1.30000 10.10721 0.8017086387 2.4193205203    0.728  1.736  3.7593  2.553    4  0.000  0.520     0.00     0.00     0.00     0.00     0.00 -1    -1e-30      0.00 7.410e-01 2.581e-01 1.387e-04 4.267e-05 3.559e-04 -1.000 8.184e-04 0.429 1.435 0.728 0.369 0.267 0.237 0.232
0.00077741 -1.30000 10.10721 0.8017564416 2.4193371551    0.728  1.735  3.7607  2.560    4  0.000  0.520     0.00     0.00     0.00     0.00     0.00 -1    -1e-30      0.00 7.410e-01 2.581e-01 1.387e-04 4.267e-05 3.559e-04 -1.000 8.183e-04 0.433 1.428 0.726 0.372 0.273 0.244 0.239
0.00077741 -1.30000 10.10721 0.8018050194 2.4193540571    0.728  1.734  3.7621  2.567    4  0.000  0.520     0.00     0.00     0.00     0.00     0.00 -1    -1e-30      0.00 7.410e-01 2.581e-01 1.387e-04 4.267e-05 3.559e-04 -1.000 8.184e-04 0.436 1.421 0.724 0.375 0.278 0.251 0.247
0.00077741 -1.30000 10.10721 0.8018509746 2.4193700445    0.728  1.732  3.7634  2.574    4  0.000  0.520     0.00     0.00     0.00     0.00     0.00 -1    -1e-30      0.00 7.410e-01 2.581e-01 1.387e-04 4.267e-05 3.559e-04 -1.000 8.184e-04 0.439 1.415 0.722 0.378 0.283 0.257 0.254
0.00077741 -1.30000 10.10721 0.8019000292 2.4193871078    0.728  1.731  3.7647  2.580    4  0.000  0.520     0.00     0.00     0.00     0.00     0.00 -1    -1e-30      0.00 7.410e-01 2.581e-01 1.387e-04 4.267e-05 3.559e-04 -1.000 8.184e-04 0.442 1.409 0.720 0.381 0.288 0.263 0.260
0.00077741 -1.30000 10.10721 0.8019481301 2.4194038371    0.728  1.730  3.7659  2.586    4  0.000  0.520     0.00     0.00     0.00     0.00     0.00 -1    -1e-30      0.00 7.410e-01 2.581e-01 1.387e-04 4.267e-05 3.559e-04 -1.000 8.184e-04 0.445 1.403 0.718 0.383 0.292 0.269 0.266
0.00077741 -1.30000 10.10721 0.8019931912 2.4194195070    0.728  1.729  3.7668  2.590    4  0.000  0.520     0.00     0.00     0.00     0.00     0.00 -1    -1e-30      0.00 7.410e-01 2.581e-01 1.387e-04 4.267e-05 3.559e-04 -1.000 8.184e-04 0.446 1.398 0.716 0.385 0.296 0.273 0.271
0.00077741 -1.30000 10.10721 0.8020406961 2.4194360246    0.728  1.729  3.7676  2.594    4  0.000  0.520     0.00     0.00     0.00     0.00     0.00 -1    -1e-30      0.00 7.410e-01 2.581e-01 1.387e-04 4.267e-05 3.559e-04 -1.000 8.184e-04 0.448 1.394 0.714 0.386 0.298 0.276 0.275
0.00077741 -1.30000 10.10721 0.8020517826 2.4194398791    0.729  1.729  3.7678  2.595    4  0.000  0.520     0.00     0.00     0.00     0.00     0.00 -1    -1e-30      0.00 7.410e-01 2.581e-01 1.387e-04 4.267e-05 3.559e-04 -1.000 8.184e-04 0.448 1.393 0.714 0.386 0.299 0.277 0.276
0.00077741 -1.30000 10.10721 0.8020574450 2.4194418477    0.729  1.729  3.7679  2.595    4  0.000  0.520     0.00     0.00     0.00     0.00     0.00 -1    -1e-30      0.00 7.410e-01 2.581e-01 1.387e-04 4.267e-05 3.559e-04 -1.000 8.183e-04 0.448 1.392 0.714 0.386 0.299 0.277 0.276
0.00077741 -1.30000 10.10721 0.8021070361 2.4194590874    0.729  1.729  3.7683  2.597    4  0.000  0.520     0.00     0.00     0.00     0.00     0.00 -1    -1e-30      0.00 7.410e-01 2.581e-01 1.387e-04 4.267e-05 3.559e-04 -1.000 8.183e-04 0.448 1.389 0.712 0.386 0.300 0.278 0.277
0.00077741 -1.30000 10.10721 0.8021584749 2.4194769668    0.729  1.729  3.7684  2.597    4  0.000  0.520     0.00     0.00     0.00     0.00     0.00 -1    -1e-30      0.00 7.410e-01 2.581e-01 1.387e-04 4.267e-05 3.559e-04 -1.000 8.183e-04 0.447 1.388 0.711 0.385 0.299 0.278 0.276
0.00077741 -1.30000 10.10721 0.8022071123 2.4194938701    0.729  1.730  3.7682  2.596    4  0.000  0.520     0.00     0.00     0.00     0.00     0.00 -1    -1e-30      0.00 7.410e-01 2.581e-01 1.387e-04 4.267e-05 3.559e-04 -1.000 8.184e-04 0.445 1.387 0.710 0.383 0.297 0.275 0.274
0.00077741 -1.30000 10.10721 0.8022559285 2.4195108332    0.729  1.731  3.7678  2.593    4  0.000  0.520     0.00     0.00     0.00     0.00     0.00 -1    -1e-30      0.00 7.410e-01 2.581e-01 1.387e-04 4.267e-05 3.559e-04 -1.000 8.184e-04 0.442 1.388 0.708 0.380 0.293 0.271 0.270
0.00077741 -1.30000 10.10721 0.8023047447 2.4195277939    0.729  1.733  3.7669  2.587    4  0.000  0.520     0.00     0.00     0.00     0.00     0.00 -1    -1e-30      0.00 7.410e-01 2.581e-01 1.387e-04 4.267e-05 3.559e-04 -1.000 8.184e-04 0.438 1.389 0.707 0.376 0.287 0.265 0.263
0.00077741 -1.30000 10.10721 0.8023527265 2.4195444623    0.729  1.735  3.7657  2.580    4  0.000  0.520     0.00     0.00     0.00     0.00     0.00 -1    -1e-30      0.00 7.410e-01 2.581e-01 1.387e-04 4.267e-05 3.559e-04 -1.000 8.184e-04 0.432 1.392 0.706 0.370 0.280 0.256 0.253
0.00077741 -1.30000 10.10721 0.8024014831 2.4195613976    0.729  1.738  3.7645  2.573    4  0.000  0.520     0.00     0.00     0.00     0.00     0.00 -1    -1e-30      0.00 7.410e-01 2.581e-01 1.387e-04 4.267e-05 3.559e-04 -1.000 8.184e-04 0.426 1.394 0.704 0.364 0.272 0.247 0.244
0.00077741 -1.30000 10.10721 0.8024104238 2.4195645029    0.729  1.738  3.7643  2.572    4  0.000  0.520     0.00     0.00     0.00     0.00     0.00 -1    -1e-30      0.00 7.410e-01 2.581e-01 1.387e-04 4.267e-05 3.559e-04 -1.000 8.183e-04 0.425 1.395 0.704 0.363 0.270 0.245 0.242
0.00077741 -1.30000 10.10721 0.8024190664 2.4195675045    0.729  1.739  3.7640  2.570    4  0.000  0.520     0.00     0.00     0.00     0.00     0.00 -1    -1e-30      0.00 7.410e-01 2.581e-01 1.387e-04 4.267e-05 3.559e-04 -1.000 8.184e-04 0.423 1.395 0.703 0.362 0.268 0.242 0.239
0.00077741 -1.30000 10.10721 0.8024624586 2.4195825738    0.729  1.742  3.7624  2.560    4  0.000  0.520     0.00     0.00     0.00     0.00     0.00 -1    -1e-30      0.00 7.410e-01 2.581e-01 1.387e-04 4.267e-05 3.559e-04 -1.000 8.184e-04 0.415 1.398 0.701 0.354 0.257 0.230 0.226
0.00077741 -1.30000 10.10721 0.8025050759 2.4195973721    0.729  1.746  3.7608  2.550    4  0.000  0.520     0.00     0.00     0.00     0.00     0.00 -1    -1e-30      0.00 7.410e-01 2.581e-01 1.387e-04 4.267e-05 3.559e-04 -1.000 8.184e-04 0.406 1.400 0.698 0.345 0.246 0.217 0.212
0.00077741 -1.30000 10.10721 0.8025491834 2.4196126859    0.729  1.750  3.7590  2.539    4  0.000  0.520     0.00     0.00     0.00     0.00     0.00 -1    -1e-30      0.00 7.410e-01 2.581e-01 1.387e-04 4.267e-05 3.559e-04 -1.000 8.184e-04 0.395 1.403 0.694 0.334 0.232 0.202 0.196
0.00077741 -1.30000 10.10721 0.8025941849 2.4196283082    0.729  1.755  3.7572  2.527    4  0.000  0.520     0.00     0.00     0.00     0.00     0.00 -1    -1e-30      0.00 7.410e-01 2.581e-01 1.387e-04 4.267e-05 3.559e-04 -1.000 8.184e-04 0.383 1.405 0.689 0.323 0.218 0.185 0.179
0.00077741 -1.30000 10.10721 0.8026366234 2.4196430389    0.729  1.760  3.7556  2.515    4  0.000  0.520     0.00     0.00     0.00     0.00     0.00 -1    -1e-30      0.00 7.410e-01 2.581e-01 1.387e-04 4.267e-05 3.559e-04 -1.000 8.184e-04 0.371 1.406 0.684 0.311 0.203 0.169 0.162
0.00077741 -1.30000 10.10721 0.8026806712 2.4196583262    0.729  1.765  3.7539  2.503    4  0.000  0.520     0.00     0.00     0.00     0.00     0.00 -1    -1e-30      0.00 7.410e-01 2.581e-01 1.387e-04 4.267e-05 3.559e-04 -1.000 8.184e-04 0.357 1.406 0.677 0.298 0.187 0.151 0.143
0.00077741 -1.30000 10.10721 0.8027236462 2.4196732394    0.729  1.770  3.7526  2.493    4  0.000  0.520     0.00     0.00     0.00     0.00     0.00 -1    -1e-30      0.00 7.410e-01 2.581e-01 1.387e-04 4.267e-05 3.559e-04 -1.000 8.184e-04 0.345 1.405 0.671 0.287 0.173 0.136 0.128
0.00077741 -1.30000 10.10721 0.8027666211 2.4196881507    0.729  1.773  3.7516  2.486    4  0.000  0.520     0.00     0.00     0.00     0.00     0.00 -1    -1e-30      0.00 7.410e-01 2.581e-01 1.387e-04 4.267e-05 3.559e-04 -1.000 8.184e-04 0.336 1.403 0.665 0.278 0.163 0.124 0.116
0.00077741 -1.30000 10.10721 0.8028100133 2.4197032050    0.729  1.784  3.7492  2.466    4  0.000  0.520     0.00     0.00     0.00     0.00     0.00 -1    -1e-30      0.00 7.410e-01 2.581e-01 1.387e-04 4.267e-05 3.559e-04 -1.000 8.184e-04 0.311 1.397 0.649 0.253 0.134 0.093 0.084
0.00077741 -1.30000 10.10721 0.8028554320 2.4197189603    0.729  1.797  3.7465  2.442    4  0.000  0.520     0.00     0.00     0.00     0.00     0.00 -1    -1e-30      0.00 7.410e-01 2.581e-01 1.387e-04 4.267e-05 3.559e-04 -1.000 8.184e-04 0.279 1.388 0.628 0.221 0.097 0.054 0.043
0.00077741 -1.30000 10.10721 0.8029000163 2.4197344242    0.729  1.813  3.7434  2.414    4  0.000  0.520     0.00     0.00     0.00     0.00     0.00 -1    -1e-30      0.00 7.410e-01 2.581e-01 1.387e-04 4.267e-05 3.559e-04 -1.000 8.184e-04 0.238 1.374 0.599 0.182 0.053 0.006 -0.006
0.00077741 -1.30000 10.10721 0.8029432893 2.4197494313    0.730  1.845  3.7379  2.360    4  0.000  0.520     0.00     0.00     0.00     0.00     0.00 -1    -1e-30      0.00 7.410e-01 2.581e-01 1.387e-04 4.267e-05 3.559e-04 -1.000 8.184e-04 0.157 1.343 0.541 0.103 -0.035 -0.088 -0.103
0.00077741 -1.30000 10.10721 0.8029627204 2.4197561694    0.730  1.877  3.7328  2.308    4  0.000  0.520     0.00     0.00     0.00     0.00     0.00 -1    -1e-30      0.00 7.410e-01 2.581e-01 1.387e-04 4.267e-05 3.559e-04 -1.000 8.183e-04 0.078 1.313 0.483 0.025 -0.121 -0.180 -0.196
0.00077741 -1.30000 10.10721 0.8029730320 2.4197597451    0.730  1.911  3.7278  2.254    4  0.000  0.520     0.00     0.00     0.00     0.00     0.00 -1    -1e-30      0.00 7.410e-01 2.581e-01 1.387e-04 4.267e-05 3.559e-04 -1.000 8.184e-04 -0.006 1.279 0.419 -0.058 -0.212 -0.276 -0.295
0.00077741 -1.30000 10.10721 0.8029780984 2.4197615018    0.730  1.944  3.7234  2.203    4  0.000  0.520     0.00     0.00     0.00     0.00     0.00 -1    -1e-30      0.00 7.410e-01 2.581e-01 1.387e-04 4.267e-05 3.559e-04 -1.000 8.183e-04 -0.089 1.245 0.357 -0.138 -0.300 -0.369 -0.390
0.00077741 -1.30000 10.10721 0.8029809594 2.4197624939    0.730  1.980  3.7188  2.148    4  0.000  0.520     0.00     0.00     0.00     0.00     0.00 -1    -1e-30      0.00 7.410e-01 2.581e-01 1.387e-04 4.267e-05 3.559e-04 -1.000 8.184e-04 -0.180 1.205 0.287 -0.226 -0.396 -0.470 -0.494
0.00077741 -1.30000 10.10721 0.8029825091 2.4197630312    0.730  2.015  3.7148  2.097    4  0.000  0.520     0.00     0.00     0.00     0.00     0.00 -1    -1e-30      0.00 7.410e-01 2.581e-01 1.387e-04 4.267e-05 3.559e-04 -1.000 8.183e-04 -0.267 1.165 0.220 -0.310 -0.486 -0.565 -0.591
0.00077741 -1.30000 10.10721 0.8029832244 2.4197632792    0.730  2.040  3.7121  2.062    7  0.000  0.520     0.00     0.00     0.00     0.00     0.00 -1  -9.9e-10      0.00 7.410e-01 2.565e-01 1.387e-04 4.267e-05 3.559e-04 -1.000 2.418e-03 -0.330 1.135 0.170 -0.370 -0.552 -0.633 -0.661
0.00077741 -1.30000 10.10721 0.8029832840 2.4197632999    0.730  2.041  3.7120  2.060    7  0.000  0.520     0.00     0.00     0.00     0.00     0.00 -1 -9.95e-10      0.00 7.410e-01 2.565e-01 1.387e-04 4.267e-05 3.559e-04 -1.000 2.418e-03 -0.332 1.134 0.169 -0.372 -0.554 -0.636 -0.663
0.00077741 -1.30000 10.10721 0.8029841781 2.4197636099    0.729  2.080  3.7082  2.006    7  0.000  0.520     0.00     0.00     0.00     0.00     0.00 -1 -1.27e-09      0.00 7.410e-01 2.565e-01 1.387e-04 4.267e-05 3.559e-04 -1.000 2.418e-03 -0.430 1.083 0.091 -0.466 -0.655 -0.741 -0.770
0.00077741 -1.30000 10.10721 0.8029850125 2.4197638992    0.729  2.117  3.7048  1.955    7  0.000  0.520     0.00     0.00     0.00     0.00     0.00 -1 -1.59e-09      0.00 7.410e-01 2.565e-01 1.387e-04 4.267e-05 3.559e-04 -1.000 2.418e-03 -0.523 1.038 0.017 -0.556 -0.750 -0.841 -0.872
0.00077741 -1.30000 10.10721 0.8029857874 2.4197641679    0.729  2.148  3.7020  1.913    7  0.000  0.520     0.00     0.00     0.00     0.00     0.00 -1  -1.9e-09      0.00 7.410e-01 2.565e-01 1.387e-04 4.267e-05 3.559e-04 -1.000 2.418e-03 -0.599 1.001 -0.044 -0.629 -0.829 -0.923 -0.955
0.00077741 -1.30000 10.10721 0.8029866219 2.4197644573    0.729  2.161  3.7009  1.895    7  0.000  0.520     0.00     0.00     0.00     0.00     0.00 -1 -2.06e-09      0.00 7.410e-01 2.565e-01 1.387e-04 4.267e-05 3.559e-04 -1.000 2.418e-03 -0.633 0.984 -0.071 -0.662 -0.863 -0.959 -0.992
0.00077741 -1.30000 10.10721 0.8029879332 2.4197649119    0.729  2.168  3.7003  1.886    7  0.000  0.520     0.00     0.00     0.00     0.00     0.00 -1 -2.12e-09      0.00 7.410e-01 2.565e-01 1.387e-04 4.267e-05 3.559e-04 -1.000 2.418e-03 -0.649 0.976 -0.084 -0.677 -0.880 -0.976 -1.010
0.00077741 -1.30000 10.10721 0.8029901981 2.4197656973    0.729  2.142  3.7027  1.922    7  0.000  0.520     0.00     0.00     0.00     0.00     0.00 -1 -1.84e-09      0.00 7.410e-01 2.565e-01 1.387e-04 4.267e-05 3.559e-04 -1.000 2.418e-03 -0.585 1.007 -0.033 -0.616 -0.814 -0.907 -0.939
0.00077741 -1.30000 10.10721 0.8029939532 2.4197669993    0.729  2.135  3.7033  1.930    7  0.000  0.520     0.00     0.00     0.00     0.00     0.00 -1 -1.77e-09      0.00 7.410e-01 2.565e-01 1.387e-04 4.267e-05 3.559e-04 -1.000 2.418e-03 -0.568 1.015 -0.020 -0.600 -0.797 -0.890 -0.921
0.00077741 -1.30000 10.10721 0.8030171394 2.4197750384    0.726  2.144  3.7024  1.917    7  0.000  0.520     0.00     0.00     0.00     0.00     0.00 -1 -1.87e-09      0.00 7.410e-01 2.565e-01 1.387e-04 4.267e-05 3.559e-04 -1.000 2.418e-03 -0.590 1.005 -0.037 -0.620 -0.819 -0.913 -0.945
0.00077741 -1.30000 10.10721 0.8030338287 2.4197808245    0.725  2.172  3.6999  1.878    7  0.000  0.520     0.00     0.00     0.00     0.00     0.00 -1 -2.23e-09      0.00 7.410e-01 2.565e-01 1.387e-04 4.267e-05 3.559e-04 -1.000 2.418e-03 -0.659 0.973 -0.092 -0.687 -0.890 -0.987 -1.021
0.00077741 -1.30000 10.10721 0.8030515909 2.4197869824    0.722  2.218  3.6957  1.813    7  0.000  0.520     0.00     0.00     0.00     0.00     0.00 -1 -2.97e-09      0.00 7.410e-01 2.565e-01 1.387e-04 4.267e-05 3.559e-04 -1.000 2.418e-03 -0.775 0.922 -0.182 -0.797 -1.008 -1.110 -1.147
0.00077741 -1.30000 10.10721 0.8030688167 2.4197929539    0.719  2.267  3.6914  1.746    7  0.000  0.520     0.00     0.00     0.00     0.00     0.00 -1 -3.96e-09      0.00 7.410e-01 2.565e-01 1.387e-04 4.267e-05 3.559e-04 -1.000 2.418e-03 -0.896 0.868 -0.276 -0.911 -1.130 -1.238 -1.277
0.00077741 -1.30000 10.10721 0.8030839562 2.4197982020    0.716  2.309  3.6879  1.688    7  0.000  0.520     0.00     0.00     0.00     0.00     0.00 -1 -5.14e-09      0.00 7.410e-01 2.565e-01 1.387e-04 4.267e-05 3.559e-04 -1.000 2.418e-03 -1.002 0.822 -0.358 -1.011 -1.236 -1.349 -1.390
0.00077741 -1.30000 10.10721 0.8030973077 2.4198028301    0.712  2.350  3.6845  1.630    7  0.000  0.520     0.00     0.00     0.00     0.00     0.00 -1 -6.62e-09      0.00 7.410e-01 2.565e-01 1.387e-04 4.267e-05 3.559e-04 -1.000 2.418e-03 -1.105 0.784 -0.436 -1.108 -1.340 -1.457 -1.500
0.00077741 -1.30000 10.10721 0.8031089902 2.4198068795    0.707  2.390  3.6812  1.575    7  0.000  0.520     0.00     0.00     0.00     0.00     0.00 -1 -8.47e-09      0.00 7.410e-01 2.566e-01 1.386e-04 4.267e-05 3.559e-04 -1.000 2.362e-03 -1.205 0.760 -0.511 -1.205 -1.443 -1.564 -1.609
0.00077741 -1.30000 10.10721 0.8031192422 2.4198104329    0.702  2.429  3.6780  1.519    7  0.000  0.520     0.00     0.00     0.00     0.00     0.00 -1 -1.08e-08      0.00 7.410e-01 2.566e-01 1.386e-04 4.268e-05 3.559e-04 -1.000 2.320e-03 -1.302 0.742 -0.583 -1.300 -1.543 -1.668 -1.715
0.00077741 -1.30000 10.10721 0.8031284809 2.4198136351    0.697  2.468  3.6748  1.464    7  0.000  0.519     0.00     0.00     0.00     0.00     0.00 -1 -1.37e-08      0.00 7.410e-01 2.566e-01 1.384e-04 4.274e-05 3.559e-04 -1.000 2.308e-03 -1.400 0.730 -0.651 -1.393 -1.642 -1.771 -1.821
0.00077741 -1.30000 10.10721 0.8031368256 2.4198165273    0.690  2.507  3.6716  1.409    7  0.000  0.517     7.75     6.06     4.27     3.33     2.69  3 -1.76e-08      0.00 7.410e-01 2.567e-01 1.379e-04 4.301e-05 3.559e-04 -1.000 2.253e-03 -1.497 0.724 -0.717 -1.486 -1.741 -1.874 -1.926
0.00077741 -1.30000 10.10721 0.8031444550 2.4198191715    0.682  2.545  3.6684  1.352    7  0.000  0.512     8.72     6.70     4.70     3.66     2.96  2 -2.26e-08      0.00 7.410e-01 2.567e-01 1.367e-04 4.404e-05 3.559e-04 -1.000 2.208e-03 -1.594 0.728 -0.780 -1.578 -1.840 -1.977 -2.031
0.00077741 -1.30000 10.10721 0.8031498790 2.4198210514    0.676  2.575  3.6651  1.305    7  0.000  0.507     9.61     7.27     5.08     3.97     3.21  2 -2.74e-08      0.00 7.410e-01 2.568e-01 1.352e-04 4.555e-05 3.559e-04 -1.000 2.183e-03 -1.667 0.758 -0.817 -1.645 -1.913 -2.055 -2.112
0.00077741 -1.30000 10.10721 0.8031564951 2.4198233443    0.665  2.613  3.6563  1.225    7  0.000  0.496    11.37     8.38     5.81     4.55     3.68  2 -3.62e-08      0.00 7.410e-01 2.569e-01 1.325e-04 4.866e-05 3.559e-04 -1.000 2.105e-03 -1.764 0.929 -0.814 -1.719 -2.005 -2.159 -2.223
0.00077741 -1.30000 10.10721 0.8031628132 2.4198255340    0.651  2.653  3.6531  1.163    7  0.000  0.486    12.89     9.31     6.43     5.04     4.08  2 -4.75e-08      0.00 7.410e-01 2.569e-01 1.298e-04 5.195e-05 3.559e-04 -1.000 2.104e-03 -1.862 0.926 -0.874 -1.804 -2.099 -2.259 -2.325
0.00077741 -1.30000 10.10721 0.8031689525 2.4198276616    0.634  2.692  3.6502  1.101    7  0.000  0.477    14.64    10.35     7.11     5.59     4.52  2 -6.34e-08      0.00 7.410e-01 2.570e-01 1.274e-04 5.487e-05 3.559e-04 -1.000 2.092e-03 -1.961 0.919 -0.936 -1.892 -2.194 -2.359 -2.427
0.00077741 -1.30000 10.10721 0.8031749129 2.4198297272    0.611  2.732  3.6479  1.036    7  0.000  0.469    16.67    11.53     7.87     6.21     5.02  1  -8.7e-08      0.00 7.409e-01 2.570e-01 1.253e-04 5.745e-05 3.559e-04 -1.000 2.083e-03 -2.059 0.902 -1.003 -1.980 -2.290 -2.458 -2.529
0.00077741 -1.30000 10.10721 0.8031803966 2.4198316275    0.582  2.770  3.6472  0.974    7  0.000  0.462    18.82    12.73     8.65     6.84     5.53  1 -1.24e-07      0.00 7.409e-01 2.571e-01 1.236e-04 5.956e-05 3.559e-04 -1.000 2.032e-03 -2.154 0.858 -1.080 -2.072 -2.385 -2.555 -2.626
0.00077741 -1.30000 10.10721 0.8031853437 2.4198333420    0.545  2.807  3.6521  0.928    7  0.000  0.456    20.50    13.62     9.20     7.31     5.91  1 -1.78e-07      0.00 7.408e-01 2.571e-01 1.221e-04 6.141e-05 3.559e-04 -1.000 2.041e-03 -2.248 0.696 -1.212 -2.187 -2.492 -2.655 -2.722
0.00077741 -1.30000 10.10721 0.8031876683 2.4198341475    0.511  2.826  3.6613  0.918    7  0.000  0.453    20.66    13.64     9.20     7.33     5.92  1 -2.14e-07      0.00 7.408e-01 2.572e-01 1.210e-04 6.275e-05 3.558e-04 -1.000 2.009e-03 -2.294 0.422 -1.357 -2.268 -2.553 -2.702 -2.762
0.00077741 -1.30000 10.10721 1.1082708836 2.4930587429    0.549 -9.999  3.5513  7.963    9  0.549  0.000     0.00     0.00     0.00     0.00     0.00 -1    -1e-30      0.00 7.282e-01 2.711e-01 1.090e-04 8.923e-05 3.587e-04 -1.000 7.365e-04 29.767 34.275 32.002 30.394 29.527 29.197 29.102
