# Zini     MH   logAge Mini        int_IMF         Mass   logL    logTe  logg  label   McoreTP C_O  period0  period1  period2  period3  period4  pmode  Mloss  tau1m   X   Y   Xc  Xn  Xo  Cexcess  Z 	 mbolmag  umag    gmag    rmag    imag    zmag    Ymag
0.00097797 -1.20000 10.05690 0.0900000036 1.0816895926    0.090 -3.211  3.4574  5.385    1  0.000  0.545     0.00     0.00     0.00     0.00     0.00 -1 -5.24e-17      0.00 7.468e-01 2.522e-01 1.769e-04 4.773e-05 4.329e-04 -1.000 9.839e-04 12.797 18.015 16.733 14.865 12.855 12.184 12.057
0.00097797 -1.20000 10.05690 0.0936540291 1.1157975241    0.094 -3.114  3.4712  5.361    1  0.000  0.545     0.00     0.00     0.00     0.00     0.00 -1  -6.6e-17      0.00 7.463e-01 2.527e-01 1.769e-04 4.773e-05 4.329e-04 -1.000 9.840e-04 12.556 17.740 16.175 14.324 12.556 11.955 11.831
0.00097797 -1.20000 10.05690 0.1000000015 1.1711064122    0.100 -2.955  3.4939  5.321    1  0.000  0.545     0.00     0.00     0.00     0.00     0.00 -1 -9.64e-17      0.00 7.455e-01 2.536e-01 1.769e-04 4.773e-05 4.329e-04 -1.000 9.838e-04 12.157 17.221 15.276 13.483 12.082 11.581 11.461
0.00097797 -1.20000 10.05690 0.1199999973 1.3193154249    0.120 -2.671  3.5266  5.247    1  0.000  0.545     0.00     0.00     0.00     0.00     0.00 -1 -1.84e-16      0.00 7.433e-01 2.557e-01 1.769e-04 4.773e-05 4.329e-04 -1.000 9.840e-04 11.448 16.129 13.941 12.278 11.296 10.907 10.795
0.00097797 -1.20000 10.05690 0.1400000006 1.4384526719    0.140 -2.490  3.5429  5.197    1  0.000  0.545     0.00     0.00     0.00     0.00     0.00 -1 -2.74e-16      0.00 7.416e-01 2.574e-01 1.769e-04 4.773e-05 4.329e-04 -1.000 9.840e-04 10.994 15.408 13.221 11.639 10.815 10.467 10.360
0.00097797 -1.20000 10.05690 0.1599999964 1.5372931554    0.160 -2.350  3.5533  5.157    1  0.000  0.545     0.00     0.00     0.00     0.00     0.00 -1 -3.71e-16      0.00 7.404e-01 2.586e-01 1.769e-04 4.773e-05 4.329e-04 -1.000 9.840e-04 10.645 14.874 12.716 11.187 10.451 10.127 10.024
0.00097797 -1.20000 10.05690 0.2000000179 1.6938791367    0.200 -2.129  3.5674  5.090    1  0.000  0.545     0.00     0.00     0.00     0.00     0.00 -1 -5.95e-16      0.00 7.391e-01 2.600e-01 1.769e-04 4.773e-05 4.329e-04 -1.000 9.840e-04 10.093 14.057 11.967 10.513 9.884 9.590 9.492
0.00097797 -1.20000 10.05690 0.2500000000 1.8403257998    0.250 -1.924  3.5786  5.027    1  0.000  0.545     0.00     0.00     0.00     0.00     0.00 -1 -6.65e-17      0.00 7.387e-01 2.603e-01 1.769e-04 4.773e-05 4.329e-04 -1.000 9.840e-04 9.581 13.339 11.312 9.924 9.362 9.088 8.995
0.00097797 -1.20000 10.05690 0.3000000417 1.9529140366    0.300 -1.767  3.5871  4.983    1  0.000  0.545     0.00     0.00     0.00     0.00     0.00 -1 -3.05e-17      0.00 7.390e-01 2.601e-01 1.769e-04 4.774e-05 4.329e-04 -1.000 9.839e-04 9.189 12.789 10.818 9.483 8.964 8.703 8.614
0.00097797 -1.20000 10.05690 0.3499999940 2.0434174644    0.350 -1.639  3.5942  4.950    1  0.000  0.545     0.00     0.00     0.00     0.00     0.00 -1 -1.63e-15      0.00 7.478e-01 2.512e-01 1.769e-04 4.773e-05 4.329e-04 -1.000 9.839e-04 8.868 12.343 10.416 9.128 8.638 8.390 8.304
0.00097797 -1.20000 10.05690 0.4000000060 2.1185024399    0.400 -1.489  3.6053  4.903    1  0.000  0.545     0.00     0.00     0.00     0.00     0.00 -1 -2.28e-15      0.00 7.489e-01 2.501e-01 1.769e-04 4.773e-05 4.329e-04 -1.000 9.840e-04 8.494 11.786 9.921 8.705 8.255 8.024 7.944
0.00097797 -1.20000 10.05690 0.4223063886 2.1481673756    0.422 -1.408  3.6134  4.877    1  0.000  0.545     0.00     0.00     0.00     0.00     0.00 -1 -2.76e-15      0.00 7.489e-01 2.501e-01 1.769e-04 4.773e-05 4.329e-04 -1.000 9.840e-04 8.290 11.456 9.633 8.470 8.046 7.828 7.751
0.00097797 -1.20000 10.05690 0.4500000179 2.1822809362    0.450 -1.312  3.6228  4.847    1  0.000  0.545     0.00     0.00     0.00     0.00     0.00 -1 -3.44e-15      0.00 7.489e-01 2.501e-01 1.769e-04 4.773e-05 4.329e-04 -1.000 9.840e-04 8.051 11.075 9.298 8.197 7.803 7.599 7.527
0.00097797 -1.20000 10.05690 0.5000000000 2.2374541529    0.500 -1.109  3.6514  4.803    1  0.000  0.545     0.00     0.00     0.00     0.00     0.00 -1 -5.49e-15      0.00 7.489e-01 2.501e-01 1.769e-04 4.773e-05 4.329e-04 -1.000 9.840e-04 7.541 10.149 8.513 7.597 7.286 7.125 7.067
0.00097797 -1.20000 10.05690 0.5500000715 2.2836583126    0.550 -0.888  3.6821  4.746    1  0.000  0.544     0.00     0.00     0.00     0.00     0.00 -1 -9.29e-15      0.00 7.817e-01 2.174e-01 1.554e-04 4.195e-05 3.807e-04 -1.000 8.465e-04 6.989 9.085 7.695 6.968 6.730 6.615 6.573
0.00097797 -1.20000 10.05690 0.6000000238 2.3211213258    0.600 -0.682  3.7106  4.693    1  0.000  0.544     0.00     0.00     0.00     0.00     0.00 -1 -1.52e-14      0.00 7.906e-01 2.086e-01 1.499e-04 4.048e-05 3.675e-04 -1.000 8.323e-04 6.475 8.124 7.002 6.411 6.224 6.145 6.119
0.00097797 -1.20000 10.05690 0.6083397269 2.3266847301    0.608 -0.647  3.7160  4.685    1  0.000  0.544     0.00     0.00     0.00     0.00     0.00 -1 -1.65e-14      0.00 7.922e-01 2.070e-01 1.489e-04 4.022e-05 3.651e-04 -1.000 8.391e-04 6.387 7.964 6.887 6.319 6.140 6.067 6.043
0.00097797 -1.20000 10.05690 0.6236019135 2.3364243605    0.623 -0.582  3.7257  4.669    1  0.000  0.543     0.00     0.00     0.00     0.00     0.00 -1 -1.93e-14      0.00 7.952e-01 2.040e-01 1.470e-04 3.972e-05 3.607e-04 -1.000 8.375e-04 6.225 7.678 6.681 6.151 5.987 5.925 5.907
0.00097797 -1.20000 10.05690 0.6367011666 2.3443568974    0.636 -0.526  3.7338  4.655    1  0.000  0.543     0.00     0.00     0.00     0.00     0.00 -1 -2.16e-14      0.00 7.979e-01 2.013e-01 1.453e-04 3.928e-05 3.567e-04 -1.000 8.773e-04 6.085 7.443 6.509 6.008 5.857 5.803 5.789
0.00097797 -1.20000 10.05690 0.6494073272 2.3517008215    0.649 -0.472  3.7416  4.640    1  0.000  0.543     0.00     0.00     0.00     0.00     0.00 -1 -2.37e-14      0.00 8.006e-01 1.986e-01 1.437e-04 3.883e-05 3.527e-04 -1.000 7.872e-04 5.949 7.224 6.345 5.871 5.731 5.686 5.675
0.00097797 -1.20000 10.05690 0.6499999762 2.3520353107    0.650 -0.469  3.7419  4.640    1  0.000  0.543     0.00     0.00     0.00     0.00     0.00 -1 -2.53e-14      0.00 8.008e-01 1.984e-01 1.436e-04 3.881e-05 3.524e-04 -1.000 7.872e-04 5.943 7.213 6.337 5.865 5.725 5.680 5.670
0.00097797 -1.20000 10.05690 0.6620520949 2.3586883641    0.662 -0.417  3.7486  4.622    1  0.000  0.543     0.00     0.00     0.00     0.00     0.00 -1 -2.88e-14      0.00 8.039e-01 1.953e-01 1.416e-04 3.829e-05 3.478e-04 -1.000 7.872e-04 5.813 7.015 6.184 5.737 5.608 5.570 5.563
0.00097797 -1.20000 10.05690 0.6753637791 2.3657202732    0.675 -0.359  3.7557  4.602    1  0.000  0.543     0.00     0.00     0.00     0.00     0.00 -1 -3.34e-14      0.00 8.077e-01 1.916e-01 1.393e-04 3.768e-05 3.423e-04 -1.000 7.871e-04 5.668 6.800 6.015 5.595 5.478 5.447 5.443
0.00097797 -1.20000 10.05690 0.6876879930 2.3719522302    0.687 -0.305  3.7621  4.580    1  0.000  0.542     0.00     0.00     0.00     0.00     0.00 -1 -3.84e-14      0.00 8.113e-01 1.879e-01 1.371e-04 3.707e-05 3.369e-04 -1.000 7.835e-04 5.532 6.605 5.859 5.463 5.356 5.332 5.331
0.00097797 -1.20000 10.05690 0.6990101337 2.3774553053    0.699 -0.254  3.7678  4.559    1  0.000  0.542     0.00     0.00     0.00     0.00     0.00 -1 -4.14e-14      0.00 8.148e-01 1.844e-01 1.349e-04 3.650e-05 3.318e-04 -1.000 7.845e-04 5.404 6.429 5.715 5.341 5.242 5.224 5.224
0.00097797 -1.20000 10.05690 0.6999999881 2.3779266974    0.700 -0.249  3.7683  4.557    1  0.000  0.542     0.00     0.00     0.00     0.00     0.00 -1 -4.45e-14      0.00 8.151e-01 1.841e-01 1.347e-04 3.645e-05 3.313e-04 -1.000 7.861e-04 5.392 6.414 5.703 5.330 5.231 5.214 5.215
0.00097797 -1.20000 10.05690 0.7058539987 2.3806834592    0.706 -0.222  3.7711  4.545    1  0.000  0.541     0.00     0.00     0.00     0.00     0.00 -1 -4.78e-14      0.00 8.174e-01 1.818e-01 1.330e-04 3.606e-05 3.279e-04 -1.000 7.723e-04 5.325 6.324 5.627 5.264 5.170 5.156 5.158
0.00097797 -1.20000 10.05690 0.7177873254 2.3861432688    0.717 -0.165  3.7766  4.517    1  0.000  0.539     0.00     0.00     0.00     0.00     0.00 -1 -5.58e-14      0.00 8.224e-01 1.769e-01 1.296e-04 3.523e-05 3.206e-04 -1.000 7.106e-04 5.182 6.138 5.471 5.128 5.043 5.034 5.038
0.00097797 -1.20000 10.05690 0.7288132310 2.3910055834    0.728 -0.110  3.7814  4.488    1  0.000  0.537     0.00     0.00     0.00     0.00     0.00 -1 -6.49e-14      0.00 8.273e-01 1.720e-01 1.261e-04 3.441e-05 3.133e-04 -1.000 6.872e-04 5.046 5.967 5.322 4.997 4.919 4.915 4.921
0.00097797 -1.20000 10.05690 0.7392426133 2.3954516616    0.739 -0.056  3.7858  4.458    1  0.000  0.535     0.00     0.00     0.00     0.00     0.00 -1 -7.56e-14      0.00 8.323e-01 1.670e-01 1.227e-04 3.357e-05 3.059e-04 -1.000 6.872e-04 4.910 5.805 5.175 4.866 4.795 4.795 4.802
0.00097797 -1.20000 10.05690 0.7483498454 2.3992177680    0.748 -0.006  3.7894  4.428    1  0.000  0.533     0.00     0.00     0.00     0.00     0.00 -1 -8.72e-14      0.00 8.369e-01 1.624e-01 1.195e-04 3.280e-05 2.991e-04 -1.000 6.873e-04 4.786 5.658 5.042 4.746 4.681 4.684 4.693
0.00097797 -1.20000 10.05690 0.7500000000 2.3998889087    0.750  0.003  3.7901  4.422    1  0.000  0.533     0.00     0.00     0.00     0.00     0.00 -1 -8.95e-14      0.00 8.378e-01 1.615e-01 1.189e-04 3.265e-05 2.978e-04 -1.000 6.872e-04 4.763 5.631 5.017 4.724 4.659 4.663 4.672
0.00097797 -1.20000 10.05690 0.7548483014 2.4018412726    0.754  0.030  3.7918  4.404    1  0.000  0.532     0.00     0.00     0.00     0.00     0.00 -1 -9.69e-14      0.00 8.403e-01 1.590e-01 1.175e-04 3.227e-05 2.944e-04 -1.000 6.871e-04 4.694 5.553 4.945 4.658 4.596 4.601 4.611
0.00097797 -1.20000 10.05690 0.7641705275 2.4055153116    0.764  0.086  3.7950  4.367    1  0.000  0.532     0.00     0.00     0.00     0.00     0.00 -1 -1.14e-13      0.00 8.449e-01 1.544e-01 1.151e-04 3.161e-05 2.885e-04 -1.000 6.871e-04 4.554 5.394 4.796 4.521 4.464 4.473 4.483
0.00097797 -1.20000 10.05690 0.7727590799 2.4088101316    0.772  0.141  3.7978  4.327    1  0.000  0.531     0.00     0.00     0.00     0.00     0.00 -1 -1.35e-13      0.00 8.487e-01 1.506e-01 1.132e-04 3.111e-05 2.841e-04 -1.000 6.871e-04 4.417 5.241 4.651 4.386 4.334 4.345 4.357
0.00097797 -1.20000 10.05690 0.7807476521 2.4118000696    0.780  0.195  3.8000  4.287    1  0.000  0.531     0.00     0.00     0.00     0.00     0.00 -1 -1.59e-13      0.00 8.517e-01 1.476e-01 1.117e-04 3.073e-05 2.807e-04 -1.000 6.754e-04 4.282 5.094 4.509 4.253 4.205 4.219 4.231
0.00097797 -1.20000 10.05690 0.7878876328 2.4144134738    0.787  0.246  3.8016  4.246    1  0.000  0.530     0.00     0.00     0.00     0.00     0.00 -1 -1.87e-13      0.00 8.538e-01 1.455e-01 1.109e-04 3.049e-05 2.787e-04 -1.000 6.661e-04 4.154 4.957 4.376 4.127 4.081 4.096 4.109
0.00097797 -1.20000 10.05690 0.7941446304 2.4166593097    0.793  0.294  3.8025  4.205    1  0.000  0.530     0.00     0.00     0.00     0.00     0.00 -1 -2.19e-13      0.00 8.542e-01 1.452e-01 1.109e-04 3.051e-05 2.789e-04 -1.000 6.789e-04 4.034 4.831 4.252 4.007 3.963 3.979 3.992
0.00097797 -1.20000 10.05690 0.7960414886 2.4173321377    0.795  0.309  3.8027  4.192    1  0.000  0.530     0.00     0.00     0.00     0.00     0.00 -1  -2.3e-13      0.00 8.542e-01 1.451e-01 1.109e-04 3.054e-05 2.791e-04 -1.000 6.827e-04 3.996 4.793 4.214 3.969 3.926 3.942 3.955
0.00097797 -1.20000 10.05690 0.7977230549 2.4179255243    0.797  0.324  3.8026  4.177    1  0.000  0.530     0.00     0.00     0.00     0.00     0.00 -1 -2.41e-13      0.00 8.542e-01 1.451e-01 1.110e-04 3.055e-05 2.793e-04 -1.000 6.859e-04 3.959 4.756 4.176 3.932 3.889 3.905 3.917
0.00097797 -1.20000 10.05690 0.8000000119 2.4187244405    0.799  0.345  3.8022  4.156    1  0.000  0.530     0.00     0.00     0.00     0.00     0.00 -1 -2.59e-13      0.00 8.542e-01 1.451e-01 1.111e-04 3.058e-05 2.795e-04 -1.000 6.903e-04 3.907 4.705 4.124 3.879 3.836 3.851 3.864
0.00097797 -1.20000 10.05690 0.8041334152 2.4201614413    0.803  0.383  3.8014  4.117    1  0.000  0.530     0.00     0.00     0.00     0.00     0.00 -1 -2.93e-13      0.00 8.533e-01 1.460e-01 1.119e-04 3.080e-05 2.816e-04 -1.000 6.904e-04 3.812 4.612 4.030 3.783 3.739 3.753 3.766
0.00097797 -1.20000 10.05690 0.8091657162 2.4218881791    0.808  0.435  3.7989  4.058    1  0.000  0.530     0.00     0.00     0.00     0.00     0.00 -1 -3.53e-13      0.00 8.522e-01 1.471e-01 1.129e-04 3.107e-05 2.840e-04 -1.000 6.904e-04 3.683 4.493 3.905 3.651 3.603 3.615 3.627
0.00097797 -1.20000 10.05690 0.8100216985 2.4221794387    0.809  0.444  3.7983  4.047    1  0.000  0.530     0.00     0.00     0.00     0.00     0.00 -1 -3.66e-13      0.00 8.520e-01 1.473e-01 1.130e-04 3.112e-05 2.845e-04 -1.000 6.904e-04 3.659 4.472 3.882 3.627 3.578 3.590 3.601
0.00097797 -1.20000 10.05690 0.8116528392 2.4227325012    0.810  0.464  3.7963  4.020    2  0.000  0.530     0.00     0.00     0.00     0.00     0.00 -1 -3.95e-13      0.00 8.516e-01 1.477e-01 1.133e-04 3.120e-05 2.853e-04 -1.000 6.903e-04 3.610 4.432 3.837 3.576 3.524 3.534 3.544
0.00097797 -1.20000 10.05690 0.8148388267 2.4238054170    0.813  0.507  3.7906  3.956    2  0.000  0.530     0.00     0.00     0.00     0.00     0.00 -1 -4.66e-13      0.00 8.509e-01 1.484e-01 1.140e-04 3.137e-05 2.868e-04 -1.000 6.903e-04 3.504 4.353 3.743 3.464 3.404 3.408 3.416
0.00097797 -1.20000 10.05690 0.8171198368 2.4245676644    0.816  0.541  3.7837  3.895    2  0.000  0.530     0.00     0.00     0.00     0.00     0.00 -1 -5.41e-13      0.00 8.467e-01 1.527e-01 1.170e-04 3.220e-05 2.943e-04 -1.000 6.306e-04 3.417 4.304 3.674 3.371 3.301 3.298 3.304
0.00097797 -1.20000 10.05690 0.8188163638 2.4251314285    0.817  0.569  3.7760  3.838    2  0.000  0.531     0.00     0.00     0.00     0.00     0.00 -1 -6.16e-13      0.00 8.264e-01 1.729e-01 1.300e-04 3.573e-05 3.262e-04 -1.000 6.842e-04 3.348 4.282 3.624 3.296 3.214 3.204 3.207
0.00097797 -1.20000 10.05690 0.8203914165 2.4256524266    0.819  0.595  3.7665  3.774    2  0.000  0.534     0.00     0.00     0.00     0.00     0.00 -1 -7.05e-13      0.00 7.999e-01 1.993e-01 1.456e-04 3.992e-05 3.637e-04 -1.000 8.268e-04 3.282 4.281 3.586 3.224 3.128 3.108 3.107
0.00097797 -1.20000 10.05690 0.8215105534 2.4260212203    0.820  0.618  3.7579  3.717    2  0.000  0.535     0.00     0.00     0.00     0.00     0.00 -1 -7.93e-13      0.00 7.843e-01 2.148e-01 1.543e-04 4.223e-05 3.844e-04 -1.000 8.753e-04 3.224 4.287 3.555 3.163 3.053 3.024 3.020
0.00097797 -1.20000 10.05690 0.8225314617 2.4263566380    0.821  0.649  3.7498  3.654    2  0.000  0.536     0.00     0.00     0.00     0.00     0.00 -1 -9.12e-13      0.00 7.747e-01 2.244e-01 1.596e-04 4.365e-05 3.970e-04 -1.000 8.973e-04 3.147 4.274 3.504 3.085 2.962 2.925 2.918
0.00097797 -1.20000 10.05690 0.8233244419 2.4266165103    0.821  0.684  3.7442  3.597    2  0.000  0.536     0.00     0.00     0.00     0.00     0.00 -1 -1.05e-12      0.00 7.696e-01 2.295e-01 1.624e-04 4.440e-05 4.037e-04 -1.000 9.182e-04 3.060 4.234 3.437 2.999 2.867 2.824 2.814
0.00097797 -1.20000 10.05690 0.8240848780 2.4268651773    0.822  0.726  3.7395  3.537    2  0.000  0.537     0.00     0.00     0.00     0.00     0.00 -1 -1.25e-12      0.00 7.658e-01 2.332e-01 1.644e-04 4.493e-05 4.084e-04 -1.000 9.807e-04 2.954 4.166 3.347 2.894 2.755 2.707 2.695
0.00097797 -1.20000 10.05690 0.8242029548 2.4269037417    0.822  0.734  3.7389  3.526    3  0.000  0.537     0.00     0.00     0.00     0.00     0.00 -1 -1.29e-12      0.00 7.653e-01 2.337e-01 1.646e-04 4.499e-05 4.089e-04 -1.000 9.800e-04 2.934 4.151 3.329 2.874 2.734 2.685 2.673
0.00097797 -1.20000 10.05690 0.8248244524 2.4271065166    0.823  0.779  3.7361  3.471    3  0.000  0.537     0.00     0.00     0.00     0.00     0.00 -1 -1.52e-12      0.00 7.628e-01 2.363e-01 1.657e-04 4.529e-05 4.116e-04 -1.000 9.688e-04 2.822 4.063 3.227 2.763 2.619 2.567 2.553
0.00097797 -1.20000 10.05690 0.8253480196 2.4272770674    0.823  0.821  3.7340  3.421    3  0.000  0.537     0.00     0.00     0.00     0.00     0.00 -1 -1.77e-12      0.00 7.608e-01 2.383e-01 1.665e-04 4.550e-05 4.135e-04 -1.000 9.084e-04 2.719 3.979 3.132 2.661 2.514 2.460 2.445
0.00097797 -1.20000 10.05690 0.8259290457 2.4274660442    0.824  0.870  3.7320  3.364    3  0.000  0.537     0.00     0.00     0.00     0.00     0.00 -1 -2.11e-12      0.00 7.586e-01 2.405e-01 1.672e-04 4.569e-05 4.152e-04 -1.000 9.642e-04 2.594 3.872 3.015 2.538 2.388 2.331 2.315
0.00097797 -1.20000 10.05690 0.8264659047 2.4276403843    0.824  0.920  3.7302  3.307    3  0.000  0.537     0.00     0.00     0.00     0.00     0.00 -1 -2.53e-12      0.00 7.566e-01 2.425e-01 1.677e-04 4.586e-05 4.166e-04 -1.000 8.942e-04 2.469 3.763 2.897 2.414 2.262 2.203 2.186
0.00097797 -1.20000 10.05690 0.8270046115 2.4278150627    0.825  0.975  3.7284  3.245    3  0.000  0.536     0.00     0.00     0.00     0.00     0.00 -1 -3.08e-12      0.00 7.543e-01 2.447e-01 1.680e-04 4.604e-05 4.178e-04 -1.000 9.440e-04 2.334 3.644 2.768 2.280 2.125 2.064 2.046
0.00097797 -1.20000 10.05690 0.8274816275 2.4279695193    0.825  1.027  3.7268  3.186    3  0.000  0.534     0.00     0.00     0.00     0.00     0.00 -1 -3.72e-12      0.00 7.525e-01 2.466e-01 1.678e-04 4.632e-05 4.186e-04 -1.000 9.169e-04 2.202 3.526 2.643 2.150 1.992 1.929 1.910
0.00097797 -1.20000 10.05690 0.8278863430 2.4281004047    0.826  1.076  3.7252  3.132    3  0.000  0.532     0.00     0.00     0.00     0.00     0.00 -1 -4.43e-12      0.00 7.507e-01 2.483e-01 1.673e-04 4.678e-05 4.193e-04 -1.000 9.515e-04 2.080 3.419 2.528 2.030 1.870 1.805 1.785
0.00097797 -1.20000 10.05690 0.8282030821 2.4282027358    0.826  1.117  3.7239  3.086    3  0.000  0.529     0.00     0.00     0.00     0.00     0.00 -1 -5.13e-12      0.00 7.495e-01 2.496e-01 1.666e-04 4.739e-05 4.198e-04 -1.000 9.172e-04 1.978 3.328 2.430 1.928 1.766 1.700 1.679
0.00097797 -1.20000 10.05690 0.8285537958 2.4283159384    0.826  1.166  3.7224  3.030    3  0.000  0.526     0.00     0.00     0.00     0.00     0.00 -1 -6.13e-12      0.00 7.482e-01 2.509e-01 1.656e-04 4.839e-05 4.202e-04 -1.000 9.335e-04 1.854 3.218 2.313 1.806 1.642 1.574 1.552
0.00097797 -1.20000 10.05690 0.8288890123 2.4284240358    0.826  1.218  3.7206  2.971    3  0.000  0.521     0.00     0.00     0.00     0.00     0.00 -1 -7.38e-12      0.00 7.470e-01 2.521e-01 1.643e-04 4.974e-05 4.206e-04 -1.000 9.501e-04 1.725 3.105 2.191 1.678 1.511 1.441 1.418
0.00097797 -1.20000 10.05690 0.8291926980 2.4285218787    0.826  1.270  3.7189  2.913    3  0.000  0.517     0.00     0.00     0.00     0.00     0.00 -1 -8.89e-12      0.00 7.460e-01 2.530e-01 1.631e-04 5.110e-05 4.209e-04 -1.000 9.750e-04 1.596 2.995 2.070 1.551 1.381 1.309 1.285
0.00097797 -1.20000 10.05690 0.8294577599 2.4286072103    0.827  1.319  3.7172  2.857    3  0.000  0.514     0.00     0.00     0.00     0.00     0.00 -1 -1.06e-11      0.00 7.453e-01 2.538e-01 1.622e-04 5.224e-05 4.211e-04 -1.000 9.226e-04 1.473 2.891 1.955 1.430 1.257 1.183 1.158
0.00097797 -1.20000 10.05690 0.8296974301 2.4286843136    0.827  1.367  3.7153  2.801    3  0.000  0.511     0.00     0.00     0.00     0.00     0.00 -1 -1.27e-11      0.00 7.447e-01 2.543e-01 1.614e-04 5.312e-05 4.212e-04 -1.000 9.573e-04 1.352 2.789 1.842 1.311 1.135 1.058 1.033
0.00097797 -1.20000 10.05690 0.8299129605 2.4287536072    0.827  1.415  3.7135  2.747    3  0.000  0.509     0.00     0.00     0.00     0.00     0.00 -1  -1.5e-11      0.00 7.444e-01 2.547e-01 1.609e-04 5.378e-05 4.213e-04 -1.000 9.388e-04 1.233 2.690 1.731 1.194 1.015 0.936 0.909
0.00097797 -1.20000 10.05690 0.8301131129 2.4288179197    0.827  1.463  3.7117  2.691    3  0.000  0.508     0.00     0.00     0.00     0.00     0.00 -1 -1.79e-11      0.00 7.441e-01 2.549e-01 1.606e-04 5.417e-05 4.214e-04 -1.000 9.461e-04 1.111 2.589 1.619 1.075 0.893 0.811 0.783
0.00097797 -1.20000 10.05690 0.8302901983 2.4288747906    0.827  1.510  3.7097  2.636    3  0.000  0.508     0.00     0.00     0.00     0.00     0.00 -1 -2.13e-11      0.00 7.440e-01 2.550e-01 1.605e-04 5.433e-05 4.214e-04 -1.000 9.464e-04 0.994 2.493 1.511 0.960 0.775 0.690 0.662
0.00097797 -1.20000 10.05690 0.8304554224 2.4289278271    0.827  1.558  3.7077  2.580    3  0.000  0.508     0.00     0.00     0.00     0.00     0.00 -1 -2.54e-11      0.00 7.440e-01 2.550e-01 1.604e-04 5.436e-05 4.214e-04 -1.000 9.468e-04 0.875 2.396 1.402 0.843 0.655 0.568 0.538
0.00097797 -1.20000 10.05690 0.8306015134 2.4289747017    0.827  1.604  3.7057  2.526    3  0.000  0.508     0.00     0.00     0.00     0.00     0.00 -1    -3e-11      0.00 7.440e-01 2.551e-01 1.604e-04 5.439e-05 4.214e-04 -1.000 9.471e-04 0.759 2.304 1.297 0.731 0.539 0.449 0.418
0.00097797 -1.20000 10.05690 0.8307316303 2.4290164349    0.827  1.649  3.7037  2.473    3  0.000  0.508     0.00     0.00     0.00     0.00     0.00 -1 -3.53e-11      0.00 7.440e-01 2.551e-01 1.604e-04 5.441e-05 4.214e-04 -1.000 9.474e-04 0.648 2.217 1.195 0.622 0.426 0.334 0.302
0.00097797 -1.20000 10.05690 0.8308523297 2.4290551342    0.827  1.694  3.7017  2.420    3  0.000  0.508     0.00     0.00     0.00     0.00     0.00 -1 -4.17e-11      0.00 7.440e-01 2.551e-01 1.604e-04 5.442e-05 4.214e-04 -1.000 9.476e-04 0.535 2.131 1.093 0.511 0.312 0.218 0.185
0.00097797 -1.20000 10.05690 0.8309594393 2.4290894654    0.826  1.737  3.6996  2.369    3  0.000  0.508     0.00     0.00     0.00     0.00     0.00 -1 -4.89e-11      0.00 7.440e-01 2.551e-01 1.604e-04 5.444e-05 4.214e-04 -1.000 9.478e-04 0.427 2.051 0.996 0.405 0.202 0.105 0.071
0.00097797 -1.20000 10.05690 0.8310604692 2.4291218385    0.826  1.781  3.6975  2.316    3  0.000  0.507     0.00     0.00     0.00     0.00     0.00 -1 -5.74e-11      0.00 7.440e-01 2.551e-01 1.604e-04 5.445e-05 4.214e-04 -1.000 9.480e-04 0.317 1.972 0.898 0.298 0.092 -0.008 -0.043
0.00097797 -1.20000 10.05690 0.8311514258 2.4291509762    0.826  1.824  3.6954  2.265    3  0.000  0.507     0.00     0.00     0.00     0.00     0.00 -1 -6.72e-11      0.00 7.440e-01 2.551e-01 1.604e-04 5.447e-05 4.214e-04 -1.000 9.482e-04 0.211 1.896 0.804 0.195 -0.015 -0.118 -0.154
0.00097797 -1.20000 10.05690 0.8312364817 2.4291782169    0.826  1.865  3.6933  2.215    3  0.000  0.507     0.00     0.00     0.00     0.00     0.00 -1 -7.84e-11      0.00 7.439e-01 2.551e-01 1.604e-04 5.448e-05 4.214e-04 -1.000 9.483e-04 0.106 1.822 0.712 0.093 -0.121 -0.226 -0.263
0.00097797 -1.20000 10.05690 0.8313179612 2.4292043062    0.826  1.906  3.6912  2.165    3  0.000  0.507     0.00     0.00     0.00     0.00     0.00 -1 -9.13e-11      0.00 7.439e-01 2.551e-01 1.603e-04 5.449e-05 4.214e-04 -1.000 9.485e-04 0.004 1.750 0.622 -0.007 -0.224 -0.332 -0.371
0.00097797 -1.20000 10.05690 0.8314015269 2.4292310574    0.825  1.944  3.6893  2.119    3  0.000  0.507     0.00     0.00     0.00     0.00     0.00 -1 -1.05e-10      0.00 7.439e-01 2.551e-01 1.603e-04 5.450e-05 4.214e-04 -1.000 9.487e-04 -0.091 1.684 0.539 -0.098 -0.320 -0.430 -0.470
0.00097797 -1.20000 10.05690 0.8314774632 2.4292553609    0.825  1.968  3.6882  2.091    3  0.000  0.507     0.00     0.00     0.00     0.00     0.00 -1 -1.15e-10      0.00 7.439e-01 2.551e-01 1.603e-04 5.451e-05 4.215e-04 -1.000 9.488e-04 -0.151 1.642 0.486 -0.156 -0.379 -0.491 -0.531
0.00097797 -1.20000 10.05690 0.8315348029 2.4292737091    0.825  1.950  3.6895  2.114    3  0.000  0.507     0.00     0.00     0.00     0.00     0.00 -1 -1.08e-10      0.00 7.439e-01 2.551e-01 1.603e-04 5.452e-05 4.215e-04 -1.000 9.489e-04 -0.105 1.667 0.523 -0.113 -0.334 -0.444 -0.483
0.00097797 -1.20000 10.05690 0.8315548897 2.4292801361    0.825  1.943  3.6900  2.123    3  0.000  0.507     0.00     0.00     0.00     0.00     0.00 -1 -1.06e-10      0.00 7.439e-01 2.551e-01 1.603e-04 5.453e-05 4.215e-04 -1.000 9.489e-04 -0.087 1.677 0.538 -0.096 -0.316 -0.425 -0.465
0.00097797 -1.20000 10.05690 0.8316150308 2.4292993765    0.824  1.985  3.6878  2.072    3  0.000  0.507     0.00     0.00     0.00     0.00     0.00 -1 -1.22e-10      0.00 7.439e-01 2.551e-01 1.603e-04 5.453e-05 4.215e-04 -1.000 9.490e-04 -0.192 1.607 0.448 -0.196 -0.420 -0.532 -0.573
0.00097797 -1.20000 10.05690 0.8316719532 2.4293175843    0.824  2.026  3.6855  2.022    3  0.000  0.507     0.00     0.00     0.00     0.00     0.00 -1 -1.42e-10      0.00 7.439e-01 2.551e-01 1.603e-04 5.454e-05 4.215e-04 -1.000 9.491e-04 -0.294 1.541 0.360 -0.294 -0.522 -0.637 -0.680
0.00097797 -1.20000 10.05690 0.8317274451 2.4293353318    0.824  2.068  3.6831  1.971    3  0.000  0.507     0.00     0.00     0.00     0.00     0.00 -1 -1.66e-10      0.00 7.439e-01 2.551e-01 1.603e-04 5.455e-05 4.215e-04 -1.000 9.493e-04 -0.400 1.481 0.271 -0.397 -0.628 -0.747 -0.790
0.00097797 -1.20000 10.05690 0.8317790031 2.4293518187    0.823  2.110  3.6808  1.919    3  0.000  0.507     0.00     0.00     0.00     0.00     0.00 -1 -1.94e-10      0.00 7.439e-01 2.551e-01 1.603e-04 5.456e-05 4.215e-04 -1.000 9.494e-04 -0.504 1.432 0.183 -0.500 -0.735 -0.856 -0.902
0.00097797 -1.20000 10.05690 0.8318249583 2.4293665120    0.823  2.150  3.6784  1.869    3  0.000  0.507     0.00     0.00     0.00     0.00     0.00 -1 -2.25e-10      0.00 7.439e-01 2.552e-01 1.603e-04 5.456e-05 4.215e-04 -1.000 9.495e-04 -0.605 1.388 0.101 -0.599 -0.838 -0.962 -1.009
0.00097797 -1.20000 10.05690 0.8318677545 2.4293801935    0.823  2.190  3.6760  1.819    3  0.000  0.507     0.00     0.00     0.00     0.00     0.00 -1 -2.62e-10      0.00 7.439e-01 2.552e-01 1.603e-04 5.457e-05 4.215e-04 -1.000 9.495e-04 -0.706 1.346 0.020 -0.698 -0.940 -1.067 -1.115
0.00097797 -1.20000 10.05690 0.8319072127 2.4293928065    0.822  2.231  3.6736  1.769    3  0.000  0.507     0.00     0.00     0.00     0.00     0.00 -1 -3.05e-10      0.00 7.439e-01 2.552e-01 1.603e-04 5.458e-05 4.215e-04 -1.000 9.496e-04 -0.806 1.306 -0.060 -0.795 -1.042 -1.171 -1.222
0.00097797 -1.20000 10.05690 0.8319439888 2.4294045609    0.821  2.271  3.6711  1.718    3  0.000  0.507     0.00     0.00     0.00     0.00     0.00 -1 -3.55e-10      0.00 7.439e-01 2.552e-01 1.603e-04 5.458e-05 4.215e-04 -1.000 9.497e-04 -0.907 1.269 -0.139 -0.893 -1.144 -1.276 -1.329
0.00097797 -1.20000 10.05690 0.8319768310 2.4294150570    0.821  2.310  3.6686  1.669    3  0.000  0.507     0.00     0.00     0.00     0.00     0.00 -1  -4.1e-10      0.00 7.439e-01 2.552e-01 1.603e-04 5.459e-05 4.215e-04 -1.000 9.498e-04 -1.004 1.238 -0.213 -0.986 -1.241 -1.377 -1.431
0.00097797 -1.20000 10.05690 0.8320075870 2.4294248854    0.820  2.349  3.6661  1.620    3  0.000  0.507     0.00     0.00     0.00     0.00     0.00 -1 -4.75e-10      0.00 7.439e-01 2.552e-01 1.603e-04 5.459e-05 4.215e-04 -1.000 9.499e-04 -1.102 1.211 -0.287 -1.080 -1.339 -1.478 -1.534
0.00097797 -1.20000 10.05690 0.8320424557 2.4294360271    0.819  2.397  3.6630  1.559    3  0.000  0.507     0.00     0.00     0.00     0.00     0.00 -1 -5.68e-10      0.00 7.439e-01 2.552e-01 1.603e-04 5.460e-05 4.215e-04 -1.000 9.499e-04 -1.221 1.183 -0.374 -1.193 -1.458 -1.601 -1.659
0.00097797 -1.20000 10.05690 0.8320738077 2.4294460442    0.819  2.443  3.6599  1.499    3  0.000  0.507     0.00     0.00     0.00     0.00     0.00 -1 -6.79e-10      0.00 7.439e-01 2.552e-01 1.603e-04 5.460e-05 4.215e-04 -1.000 9.500e-04 -1.339 1.160 -0.458 -1.304 -1.575 -1.722 -1.783
0.00097797 -1.20000 10.05690 0.8321029544 2.4294553559    0.818  2.491  3.6567  1.439    3  0.000  0.507     0.00     0.00     0.00     0.00     0.00 -1 -8.11e-10      0.00 7.439e-01 2.552e-01 1.603e-04 5.461e-05 4.215e-04 -1.000 9.500e-04 -1.457 1.142 -0.539 -1.412 -1.690 -1.842 -1.905
0.00097797 -1.20000 10.05690 0.8321290016 2.4294636768    0.816  2.536  3.6535  1.380    3  0.000  0.507     8.70     6.67     4.70     3.64     2.94  3 -9.65e-10      0.00 7.439e-01 2.552e-01 1.603e-04 5.461e-05 4.215e-04 -1.000 9.500e-04 -1.570 1.120 -0.616 -1.514 -1.800 -1.957 -2.023
0.00097797 -1.20000 10.05690 0.8321527839 2.4294712736    0.815  2.581  3.6504  1.322    3  0.000  0.507     9.83     7.41     5.19     4.03     3.26  3 -1.15e-09      0.00 7.439e-01 2.552e-01 1.603e-04 5.461e-05 4.215e-04 -1.000 9.501e-04 -1.683 1.099 -0.692 -1.614 -1.908 -2.070 -2.138
0.00097797 -1.20000 10.05690 0.8321756124 2.4294785653    0.814  2.628  3.6472  1.262    3  0.000  0.507    11.16     8.25     5.76     4.47     3.62  3 -1.37e-09      0.00 7.439e-01 2.552e-01 1.603e-04 5.462e-05 4.215e-04 -1.000 9.501e-04 -1.800 1.077 -0.769 -1.716 -2.019 -2.187 -2.258
0.00097797 -1.20000 10.05690 0.8321954608 2.4294849047    0.813  2.671  3.6440  1.205    3  0.000  0.507    12.59     9.15     6.35     4.94     4.00  3 -1.62e-09      0.00 7.439e-01 2.552e-01 1.603e-04 5.462e-05 4.215e-04 -1.000 9.501e-04 -1.908 1.063 -0.839 -1.811 -2.122 -2.295 -2.369
0.00097797 -1.20000 10.05690 0.8322141171 2.4294908630    0.811  2.716  3.6408  1.147    3  0.000  0.507    14.22    10.15     7.01     5.47     4.43  3 -1.92e-09      0.00 7.439e-01 2.552e-01 1.603e-04 5.462e-05 4.215e-04 -1.000 9.503e-04 -2.019 1.048 -0.910 -1.907 -2.226 -2.406 -2.481
0.00097797 -1.20000 10.05690 0.8322317600 2.4294964974    0.809  2.761  3.6376  1.088    3  0.000  0.507    16.09    11.28     7.76     6.06     4.91  2 -2.28e-09      0.00 7.439e-01 2.552e-01 1.602e-04 5.462e-05 4.215e-04 -1.000 9.502e-04 -2.132 1.033 -0.981 -2.004 -2.332 -2.517 -2.596
0.00097797 -1.20000 10.05690 0.8322470188 2.4295013702    0.808  2.802  3.6344  1.032    3  0.000  0.507    18.09    12.47     8.53     6.67     5.41  2 -2.68e-09      0.00 7.439e-01 2.552e-01 1.602e-04 5.463e-05 4.215e-04 -1.000 9.503e-04 -2.236 1.027 -1.042 -2.091 -2.429 -2.620 -2.701
0.00097797 -1.20000 10.05690 0.8322616816 2.4295060525    0.806  2.846  3.6312  0.975    3  0.000  0.507    20.41    13.82     9.42     7.37     5.98  2 -3.16e-09      0.00 7.439e-01 2.552e-01 1.602e-04 5.463e-05 4.215e-04 -1.000 9.503e-04 -2.344 1.023 -1.104 -2.182 -2.529 -2.726 -2.810
0.00097797 -1.20000 10.05690 0.8322755694 2.4295104872    0.803  2.890  3.6280  0.917    3  0.000  0.507    23.05    15.33    10.40     8.16     6.61  2 -3.74e-09      0.00 7.439e-01 2.552e-01 1.602e-04 5.463e-05 4.215e-04 -1.000 9.503e-04 -2.454 1.023 -1.162 -2.272 -2.630 -2.834 -2.920
0.00097797 -1.20000 10.05690 0.8322875500 2.4295143126    0.801  2.930  3.6247  0.863    3  0.000  0.507    25.86    16.91    11.42     8.97     7.28  2 -4.38e-09      0.00 7.439e-01 2.552e-01 1.602e-04 5.463e-05 4.215e-04 -1.000 9.503e-04 -2.555 1.030 -1.211 -2.352 -2.722 -2.932 -3.022
0.00097797 -1.20000 10.05690 0.8322990537 2.4295179857    0.798  2.972  3.6215  0.807    3  0.000  0.507    29.08    18.69    12.56     9.89     8.02  2 -5.15e-09      0.00 7.439e-01 2.552e-01 1.602e-04 5.463e-05 4.215e-04 -1.000 9.504e-04 -2.659 1.034 -1.262 -2.435 -2.816 -3.033 -3.126
0.00097797 -1.20000 10.05690 0.8323101401 2.4295215255    0.795  3.014  3.6183  0.749    3  0.000  0.507    32.80    20.71    13.86    10.92     8.86  1 -6.08e-09      0.00 7.439e-01 2.552e-01 1.602e-04 5.464e-05 4.215e-04 -1.000 9.504e-04 -2.766 1.036 -1.315 -2.520 -2.913 -3.137 -3.232
0.00097797 -1.20000 10.05690 0.8323199153 2.4295246465    0.792  3.054  3.6151  0.695    3  0.000  0.507    36.76    22.83    15.20    12.00     9.74  1 -7.11e-09      0.00 7.439e-01 2.552e-01 1.602e-04 5.464e-05 4.215e-04 -1.000 9.504e-04 -2.865 1.043 -1.360 -2.597 -3.002 -3.233 -3.331
0.00097797 -1.20000 10.05690 0.8323295712 2.4295277293    0.789  3.096  3.6118  0.638    3  0.000  0.507    41.43    25.27    16.75    13.24    10.75  1 -8.38e-09      0.00 7.439e-01 2.552e-01 1.602e-04 5.464e-05 4.215e-04 -1.000 9.504e-04 -2.970 1.046 -1.408 -2.679 -3.096 -3.334 -3.435
0.00097797 -1.20000 10.05690 0.8323385119 2.4295305837    0.785  3.137  3.6086  0.582    3  0.000  0.507    46.60    27.92    18.42    14.59    11.85  1 -9.85e-09      0.00 7.439e-01 2.552e-01 1.602e-04 5.464e-05 4.215e-04 -1.000 9.505e-04 -3.073 1.047 -1.453 -2.757 -3.187 -3.433 -3.536
0.00097797 -1.20000 10.05690 0.8323467374 2.4295332097    0.781  3.177  3.6055  0.527    3  0.000  0.507    52.32    30.81    20.23    16.05    13.04  1 -1.15e-08      0.00 7.439e-01 2.552e-01 1.602e-04 5.464e-05 4.215e-04 -1.000 9.505e-04 -3.173 1.046 -1.493 -2.832 -3.275 -3.528 -3.634
0.00097797 -1.20000 10.05690 0.8323545456 2.4295357024    0.776  3.218  3.6023  0.471    3  0.000  0.507    58.87    34.05    22.26    17.69    14.37  1 -1.36e-08      0.00 7.439e-01 2.552e-01 1.602e-04 5.464e-05 4.215e-04 -1.000 9.505e-04 -3.275 1.043 -1.529 -2.906 -3.364 -3.625 -3.734
0.00097797 -1.20000 10.05690 0.8323619366 2.4295380619    0.771  3.258  3.5991  0.415    3  0.000  0.507    66.20    37.60    24.47    19.48    15.83  1 -1.59e-08      0.00 7.439e-01 2.552e-01 1.602e-04 5.464e-05 4.215e-04 -1.000 9.505e-04 -3.376 1.037 -1.560 -2.977 -3.452 -3.721 -3.833
0.00097797 -1.20000 10.05690 0.8323688507 2.4295402692    0.765  3.297  3.5961  0.361    3  0.000  0.507    74.12    41.37    26.80    21.37    17.37  1 -1.86e-08      0.00 7.439e-01 2.552e-01 1.602e-04 5.464e-05 4.215e-04 -1.000 9.505e-04 -3.472 1.031 -1.588 -3.044 -3.535 -3.812 -3.927
0.00097797 -1.20000 10.05690 0.8323741555 2.4295419626    0.760  3.325  3.5938  0.321    3  0.000  0.507    80.62    44.41    28.68    22.90    18.61  1 -2.09e-08      0.00 7.439e-01 2.552e-01 1.602e-04 5.464e-05 4.215e-04 -1.000 9.506e-04 -3.543 1.027 -1.607 -3.093 -3.596 -3.879 -3.997
0.00097797 -1.20000 10.05690 0.8323741555 2.4295419626    0.760  1.738  3.7423  2.502    4  0.000  0.518     0.00     0.00     0.00     0.00     0.00 -1    -1e-30      0.00 7.405e-01 2.585e-01 1.660e-04 5.170e-05 4.274e-04 -1.000 9.840e-04 0.425 1.583 0.792 0.367 0.237 0.189 0.176
0.00097797 -1.20000 10.05690 0.8324242234 2.4295579444    0.760  1.756  3.7411  2.480    4  0.000  0.518     0.00     0.00     0.00     0.00     0.00 -1    -1e-30      0.00 7.405e-01 2.585e-01 1.660e-04 5.170e-05 4.274e-04 -1.000 9.840e-04 0.381 1.550 0.752 0.324 0.191 0.142 0.129
0.00097797 -1.20000 10.05690 0.8324758410 2.4295744186    0.760  1.758  3.7409  2.477    4  0.000  0.518     0.00     0.00     0.00     0.00     0.00 -1    -1e-30      0.00 7.405e-01 2.585e-01 1.660e-04 5.170e-05 4.274e-04 -1.000 9.840e-04 0.375 1.545 0.747 0.318 0.185 0.136 0.122
0.00097797 -1.20000 10.05690 0.8325268626 2.4295907002    0.760  1.760  3.7410  2.476    4  0.000  0.518     0.00     0.00     0.00     0.00     0.00 -1    -1e-30      0.00 7.405e-01 2.585e-01 1.660e-04 5.170e-05 4.274e-04 -1.000 9.840e-04 0.371 1.541 0.743 0.314 0.181 0.132 0.119
0.00097797 -1.20000 10.05690 0.8325797319 2.4296075691    0.760  1.760  3.7414  2.476    4  0.000  0.518     0.00     0.00     0.00     0.00     0.00 -1    -1e-30      0.00 7.405e-01 2.585e-01 1.660e-04 5.170e-05 4.274e-04 -1.000 9.840e-04 0.369 1.536 0.739 0.312 0.180 0.131 0.118
0.00097797 -1.20000 10.05690 0.8326319456 2.4296242264    0.761  1.760  3.7419  2.479    4  0.000  0.518     0.00     0.00     0.00     0.00     0.00 -1    -1e-30      0.00 7.405e-01 2.585e-01 1.660e-04 5.170e-05 4.274e-04 -1.000 9.840e-04 0.370 1.532 0.738 0.312 0.181 0.132 0.120
0.00097797 -1.20000 10.05690 0.8326854706 2.4296412994    0.761  1.759  3.7426  2.482    4  0.000  0.518     0.00     0.00     0.00     0.00     0.00 -1    -1e-30      0.00 7.405e-01 2.585e-01 1.660e-04 5.170e-05 4.274e-04 -1.000 9.840e-04 0.371 1.528 0.736 0.313 0.183 0.136 0.123
0.00097797 -1.20000 10.05690 0.8327381611 2.4296581039    0.761  1.758  3.7433  2.486    4  0.000  0.518     0.00     0.00     0.00     0.00     0.00 -1    -1e-30      0.00 7.405e-01 2.585e-01 1.660e-04 5.170e-05 4.274e-04 -1.000 9.840e-04 0.374 1.524 0.736 0.315 0.186 0.140 0.128
0.00097797 -1.20000 10.05690 0.8327912688 2.4296750389    0.761  1.757  3.7441  2.491    4  0.000  0.518     0.00     0.00     0.00     0.00     0.00 -1    -1e-30      0.00 7.405e-01 2.585e-01 1.660e-04 5.170e-05 4.274e-04 -1.000 9.840e-04 0.377 1.520 0.736 0.318 0.191 0.145 0.133
0.00097797 -1.20000 10.05690 0.8328422904 2.4296913064    0.761  1.756  3.7449  2.495    4  0.000  0.518     0.00     0.00     0.00     0.00     0.00 -1    -1e-30      0.00 7.405e-01 2.585e-01 1.660e-04 5.170e-05 4.274e-04 -1.000 9.840e-04 0.380 1.516 0.735 0.321 0.195 0.150 0.138
0.00097797 -1.20000 10.05690 0.8328767419 2.4297022894    0.761  1.755  3.7454  2.498    4  0.000  0.518     0.00     0.00     0.00     0.00     0.00 -1    -1e-30      0.00 7.405e-01 2.585e-01 1.660e-04 5.170e-05 4.274e-04 -1.000 9.840e-04 0.382 1.514 0.735 0.322 0.197 0.153 0.142
0.00097797 -1.20000 10.05690 0.8328922391 2.4297072296    0.761  1.755  3.7457  2.499    4  0.000  0.518     0.00     0.00     0.00     0.00     0.00 -1    -1e-30      0.00 7.405e-01 2.585e-01 1.660e-04 5.170e-05 4.274e-04 -1.000 9.840e-04 0.383 1.512 0.735 0.323 0.198 0.154 0.143
0.00097797 -1.20000 10.05690 0.8329436779 2.4297236255    0.761  1.754  3.7465  2.503    4  0.000  0.518     0.00     0.00     0.00     0.00     0.00 -1    -1e-30      0.00 7.405e-01 2.585e-01 1.660e-04 5.170e-05 4.274e-04 -1.000 9.840e-04 0.385 1.508 0.734 0.325 0.202 0.159 0.148
0.00097797 -1.20000 10.05690 0.8329957724 2.4297402280    0.761  1.753  3.7472  2.507    4  0.000  0.518     0.00     0.00     0.00     0.00     0.00 -1    -1e-30      0.00 7.405e-01 2.585e-01 1.660e-04 5.170e-05 4.274e-04 -1.000 9.840e-04 0.387 1.505 0.734 0.327 0.205 0.162 0.152
0.00097797 -1.20000 10.05690 0.8330465555 2.4297564103    0.761  1.752  3.7478  2.510    4  0.000  0.518     0.00     0.00     0.00     0.00     0.00 -1    -1e-30      0.00 7.405e-01 2.585e-01 1.660e-04 5.170e-05 4.274e-04 -1.000 9.840e-04 0.389 1.501 0.733 0.329 0.207 0.166 0.156
0.00097797 -1.20000 10.05690 0.8330966830 2.4297723815    0.761  1.752  3.7483  2.513    4  0.000  0.518     0.00     0.00     0.00     0.00     0.00 -1    -1e-30      0.00 7.405e-01 2.585e-01 1.660e-04 5.170e-05 4.274e-04 -1.000 9.840e-04 0.391 1.498 0.732 0.329 0.209 0.168 0.158
0.00097797 -1.20000 10.05690 0.8331088424 2.4297762552    0.761  1.752  3.7484  2.513    4  0.000  0.518     0.00     0.00     0.00     0.00     0.00 -1    -1e-30      0.00 7.405e-01 2.585e-01 1.660e-04 5.170e-05 4.274e-04 -1.000 9.840e-04 0.391 1.497 0.732 0.330 0.210 0.169 0.159
0.00097797 -1.20000 10.05690 0.8331195712 2.4297796731    0.761  1.752  3.7485  2.514    4  0.000  0.518     0.00     0.00     0.00     0.00     0.00 -1    -1e-30      0.00 7.405e-01 2.585e-01 1.660e-04 5.170e-05 4.274e-04 -1.000 9.839e-04 0.391 1.497 0.731 0.330 0.210 0.169 0.159
0.00097797 -1.20000 10.05690 0.8331702352 2.4297958119    0.761  1.751  3.7489  2.516    4  0.000  0.518     0.00     0.00     0.00     0.00     0.00 -1    -1e-30      0.00 7.405e-01 2.585e-01 1.660e-04 5.170e-05 4.274e-04 -1.000 9.840e-04 0.391 1.494 0.730 0.330 0.211 0.170 0.161
0.00097797 -1.20000 10.05690 0.8332220316 2.4298123092    0.761  1.752  3.7491  2.516    4  0.000  0.518     0.00     0.00     0.00     0.00     0.00 -1    -1e-30      0.00 7.405e-01 2.585e-01 1.660e-04 5.170e-05 4.274e-04 -1.000 9.840e-04 0.391 1.492 0.729 0.329 0.211 0.170 0.161
0.00097797 -1.20000 10.05690 0.8332729936 2.4298285383    0.761  1.752  3.7492  2.516    4  0.000  0.518     0.00     0.00     0.00     0.00     0.00 -1    -1e-30      0.00 7.405e-01 2.585e-01 1.660e-04 5.170e-05 4.274e-04 -1.000 9.840e-04 0.390 1.489 0.727 0.328 0.209 0.169 0.160
0.00097797 -1.20000 10.05690 0.8333240151 2.4298447842    0.761  1.753  3.7492  2.515    4  0.000  0.518     0.00     0.00     0.00     0.00     0.00 -1    -1e-30      0.00 7.405e-01 2.585e-01 1.660e-04 5.170e-05 4.274e-04 -1.000 9.840e-04 0.387 1.487 0.725 0.326 0.207 0.167 0.157
0.00097797 -1.20000 10.05690 0.8333790302 2.4298622990    0.761  1.755  3.7490  2.513    4  0.000  0.518     0.00     0.00     0.00     0.00     0.00 -1    -1e-30      0.00 7.405e-01 2.585e-01 1.660e-04 5.170e-05 4.274e-04 -1.000 9.841e-04 0.384 1.485 0.722 0.322 0.203 0.163 0.153
0.00097797 -1.20000 10.05690 0.8334310055 2.4298788437    0.761  1.756  3.7487  2.510    4  0.000  0.518     0.00     0.00     0.00     0.00     0.00 -1    -1e-30      0.00 7.405e-01 2.585e-01 1.660e-04 5.170e-05 4.274e-04 -1.000 9.840e-04 0.379 1.484 0.719 0.318 0.198 0.157 0.147
0.00097797 -1.20000 10.05690 0.8334698677 2.4298912126    0.761  1.758  3.7483  2.507    4  0.000  0.518     0.00     0.00     0.00     0.00     0.00 -1    -1e-30      0.00 7.405e-01 2.585e-01 1.660e-04 5.170e-05 4.274e-04 -1.000 9.839e-04 0.375 1.482 0.716 0.313 0.193 0.152 0.142
0.00097797 -1.20000 10.05690 0.8334828019 2.4298953290    0.761  1.759  3.7482  2.506    4  0.000  0.518     0.00     0.00     0.00     0.00     0.00 -1    -1e-30      0.00 7.405e-01 2.585e-01 1.660e-04 5.170e-05 4.274e-04 -1.000 9.840e-04 0.373 1.482 0.715 0.312 0.192 0.150 0.140
0.00097797 -1.20000 10.05690 0.8335264921 2.4299092326    0.762  1.761  3.7477  2.501    4  0.000  0.518     0.00     0.00     0.00     0.00     0.00 -1    -1e-30      0.00 7.405e-01 2.585e-01 1.660e-04 5.170e-05 4.274e-04 -1.000 9.840e-04 0.367 1.480 0.711 0.306 0.185 0.143 0.133
0.00097797 -1.20000 10.05690 0.8335725069 2.4299238740    0.762  1.764  3.7470  2.496    4  0.000  0.518     0.00     0.00     0.00     0.00     0.00 -1    -1e-30      0.00 7.405e-01 2.585e-01 1.660e-04 5.170e-05 4.274e-04 -1.000 9.840e-04 0.360 1.478 0.706 0.299 0.177 0.134 0.124
0.00097797 -1.20000 10.05690 0.8336161375 2.4299377552    0.762  1.767  3.7464  2.490    4  0.000  0.518     0.00     0.00     0.00     0.00     0.00 -1    -1e-30      0.00 7.405e-01 2.585e-01 1.660e-04 5.170e-05 4.274e-04 -1.000 9.839e-04 0.352 1.476 0.701 0.292 0.168 0.125 0.114
0.00097797 -1.20000 10.05690 0.8336605430 2.4299518811    0.762  1.771  3.7456  2.483    4  0.000  0.518     0.00     0.00     0.00     0.00     0.00 -1    -1e-30      0.00 7.405e-01 2.585e-01 1.660e-04 5.170e-05 4.274e-04 -1.000 9.840e-04 0.343 1.474 0.695 0.283 0.158 0.114 0.103
0.00097797 -1.20000 10.05690 0.8337033987 2.4299655124    0.762  1.774  3.7449  2.477    4  0.000  0.518     0.00     0.00     0.00     0.00     0.00 -1    -1e-30      0.00 7.405e-01 2.585e-01 1.660e-04 5.170e-05 4.274e-04 -1.000 9.840e-04 0.335 1.472 0.690 0.275 0.149 0.104 0.093
0.00097797 -1.20000 10.05690 0.8337466717 2.4299792748    0.762  1.778  3.7440  2.470    4  0.000  0.518     0.00     0.00     0.00     0.00     0.00 -1    -1e-30      0.00 7.405e-01 2.585e-01 1.660e-04 5.170e-05 4.274e-04 -1.000 9.840e-04 0.325 1.469 0.683 0.265 0.138 0.092 0.080
0.00097797 -1.20000 10.05690 0.8337906003 2.4299932440    0.762  1.779  3.7444  2.471    4  0.000  0.518     0.00     0.00     0.00     0.00     0.00 -1    -1e-30      0.00 7.405e-01 2.585e-01 1.660e-04 5.171e-05 4.274e-04 -1.000 9.840e-04 0.323 1.464 0.680 0.264 0.137 0.092 0.080
0.00097797 -1.20000 10.05690 0.8338344693 2.4300071926    0.762  1.783  3.7434  2.462    4  0.000  0.518     0.00     0.00     0.00     0.00     0.00 -1    -1e-30      0.00 7.405e-01 2.585e-01 1.660e-04 5.171e-05 4.274e-04 -1.000 9.840e-04 0.313 1.463 0.674 0.253 0.125 0.078 0.066
0.00097797 -1.20000 10.05690 0.8338820338 2.4300223143    0.762  1.792  3.7414  2.445    4  0.000  0.518     0.00     0.00     0.00     0.00     0.00 -1    -1e-30      0.00 7.405e-01 2.585e-01 1.660e-04 5.171e-05 4.274e-04 -1.000 9.840e-04 0.290 1.457 0.659 0.231 0.099 0.051 0.038
0.00097797 -1.20000 10.05690 0.8339259624 2.4300362784    0.762  1.803  3.7394  2.427    4  0.000  0.518     0.00     0.00     0.00     0.00     0.00 -1    -1e-30      0.00 7.405e-01 2.585e-01 1.660e-04 5.171e-05 4.274e-04 -1.000 9.840e-04 0.263 1.448 0.640 0.206 0.070 0.020 0.006
0.00097797 -1.20000 10.05690 0.8339695334 2.4300501270    0.762  1.817  3.7371  2.404    4  0.000  0.518     0.00     0.00     0.00     0.00     0.00 -1    -1e-30      0.00 7.405e-01 2.585e-01 1.660e-04 5.171e-05 4.274e-04 -1.000 9.840e-04 0.229 1.437 0.615 0.172 0.033 -0.021 -0.036
0.00097797 -1.20000 10.05690 0.8340147138 2.4300644854    0.762  1.838  3.7338  2.370    4  0.000  0.518     0.00     0.00     0.00     0.00     0.00 -1    -1e-30      0.00 7.405e-01 2.585e-01 1.660e-04 5.171e-05 4.274e-04 -1.000 9.840e-04 0.176 1.416 0.576 0.120 -0.024 -0.081 -0.098
0.00097797 -1.20000 10.05690 0.8340559006 2.4300775731    0.762  1.873  3.7288  2.315    4  0.000  0.518     0.00     0.00     0.00     0.00     0.00 -1    -1e-30      0.00 7.405e-01 2.585e-01 1.660e-04 5.171e-05 4.274e-04 -1.000 9.840e-04 0.089 1.380 0.510 0.034 -0.118 -0.180 -0.199
0.00097797 -1.20000 10.05690 0.8340758681 2.4300839176    0.762  1.910  3.7239  2.258    4  0.000  0.518     0.00     0.00     0.00     0.00     0.00 -1    -1e-30      0.00 7.405e-01 2.585e-01 1.660e-04 5.171e-05 4.274e-04 -1.000 9.840e-04 -0.004 1.342 0.439 -0.056 -0.216 -0.284 -0.305
0.00097797 -1.20000 10.05690 0.8340846896 2.4300867204    0.762  1.948  3.7192  2.201    4  0.000  0.518     0.00     0.00     0.00     0.00     0.00 -1    -1e-30      0.00 7.405e-01 2.585e-01 1.660e-04 5.171e-05 4.274e-04 -1.000 9.840e-04 -0.099 1.300 0.366 -0.148 -0.316 -0.389 -0.413
0.00097797 -1.20000 10.05690 0.8340885639 2.4300879513    0.762  1.986  3.7147  2.145    4  0.000  0.518     0.00     0.00     0.00     0.00     0.00 -1    -1e-30      0.00 7.405e-01 2.585e-01 1.660e-04 5.171e-05 4.274e-04 -1.000 9.840e-04 -0.194 1.259 0.293 -0.239 -0.415 -0.493 -0.519
0.00097797 -1.20000 10.05690 0.8340904117 2.4300885384    0.762  2.019  3.7110  2.097    4  0.000  0.518     0.00     0.00     0.00     0.00     0.00 -1    -1e-30      0.00 7.405e-01 2.585e-01 1.660e-04 5.171e-05 4.274e-04 -1.000 9.840e-04 -0.277 1.221 0.229 -0.319 -0.501 -0.584 -0.612
0.00097797 -1.20000 10.05690 0.8340914249 2.4300888603    0.762  2.051  3.7076  2.052    4  0.000  0.518     0.00     0.00     0.00     0.00     0.00 -1    -1e-30      0.00 7.405e-01 2.585e-01 1.660e-04 5.171e-05 4.274e-04 -1.000 9.840e-04 -0.356 1.185 0.167 -0.395 -0.583 -0.670 -0.699
0.00097797 -1.20000 10.05690 0.8340915442 2.4300888982    0.762  2.054  3.7073  2.047    7  0.000  0.518     0.00     0.00     0.00     0.00     0.00 -1 -9.71e-10      0.00 7.405e-01 2.569e-01 1.660e-04 5.171e-05 4.274e-04 -1.000 2.584e-03 -0.366 1.180 0.160 -0.404 -0.593 -0.680 -0.710
0.00097797 -1.20000 10.05690 0.8340923190 2.4300891444    0.762  2.085  3.7044  2.005    7  0.000  0.518     0.00     0.00     0.00     0.00     0.00 -1 -1.16e-09      0.00 7.405e-01 2.569e-01 1.660e-04 5.171e-05 4.274e-04 -1.000 2.584e-03 -0.443 1.141 0.099 -0.477 -0.671 -0.762 -0.793
0.00097797 -1.20000 10.05690 0.8340931535 2.4300894095    0.762  2.124  3.7008  1.952    7  0.000  0.518     0.00     0.00     0.00     0.00     0.00 -1 -1.46e-09      0.00 7.405e-01 2.569e-01 1.660e-04 5.171e-05 4.274e-04 -1.000 2.584e-03 -0.539 1.096 0.022 -0.569 -0.770 -0.865 -0.899
0.00097797 -1.20000 10.05690 0.8340939879 2.4300896746    0.762  2.161  3.6975  1.901    7  0.000  0.518     0.00     0.00     0.00     0.00     0.00 -1 -1.81e-09      0.00 7.405e-01 2.569e-01 1.660e-04 5.171e-05 4.274e-04 -1.000 2.584e-03 -0.632 1.054 -0.050 -0.658 -0.864 -0.964 -0.999
0.00097797 -1.20000 10.05690 0.8340948820 2.4300899587    0.762  2.185  3.6953  1.868    7  0.000  0.518     0.00     0.00     0.00     0.00     0.00 -1 -2.08e-09      0.00 7.405e-01 2.569e-01 1.660e-04 5.171e-05 4.274e-04 -1.000 2.584e-03 -0.693 1.027 -0.098 -0.715 -0.926 -1.028 -1.065
0.00097797 -1.20000 10.05690 0.8340961933 2.4300903753    0.762  2.185  3.6954  1.869    7  0.000  0.518     0.00     0.00     0.00     0.00     0.00 -1 -2.08e-09      0.00 7.405e-01 2.569e-01 1.660e-04 5.171e-05 4.274e-04 -1.000 2.584e-03 -0.692 1.026 -0.098 -0.715 -0.925 -1.027 -1.064
0.00097797 -1.20000 10.05690 0.8340984583 2.4300910949    0.762  2.154  3.6982  1.910    7  0.000  0.518     0.00     0.00     0.00     0.00     0.00 -1 -1.74e-09      0.00 7.405e-01 2.569e-01 1.660e-04 5.171e-05 4.274e-04 -1.000 2.584e-03 -0.616 1.059 -0.039 -0.643 -0.848 -0.947 -0.982
0.00097797 -1.20000 10.05690 0.8341021538 2.4300922690    0.761  2.129  3.7004  1.944    7  0.000  0.518     0.00     0.00     0.00     0.00     0.00 -1 -1.51e-09      0.00 7.405e-01 2.569e-01 1.660e-04 5.171e-05 4.274e-04 -1.000 2.584e-03 -0.553 1.088 0.011 -0.582 -0.784 -0.880 -0.913
0.00097797 -1.20000 10.05690 0.8341262341 2.4300999192    0.759  2.153  3.6981  1.909    7  0.000  0.518     0.00     0.00     0.00     0.00     0.00 -1 -1.74e-09      0.00 7.405e-01 2.569e-01 1.660e-04 5.171e-05 4.274e-04 -1.000 2.584e-03 -0.614 1.063 -0.036 -0.640 -0.846 -0.944 -0.979
0.00097797 -1.20000 10.05690 0.8341430426 2.4301052589    0.758  2.186  3.6952  1.865    7  0.000  0.518     0.00     0.00     0.00     0.00     0.00 -1 -2.12e-09      0.00 7.405e-01 2.569e-01 1.660e-04 5.171e-05 4.274e-04 -1.000 2.584e-03 -0.694 1.028 -0.098 -0.716 -0.927 -1.030 -1.066
0.00097797 -1.20000 10.05690 0.8341621757 2.4301113367    0.756  2.240  3.6903  1.789    7  0.000  0.518     0.00     0.00     0.00     0.00     0.00 -1 -2.93e-09      0.00 7.405e-01 2.569e-01 1.660e-04 5.171e-05 4.274e-04 -1.000 2.584e-03 -0.830 0.970 -0.203 -0.845 -1.065 -1.174 -1.214
0.00097797 -1.20000 10.05690 0.8341786861 2.4301165812    0.753  2.287  3.6862  1.725    7  0.000  0.518     0.00     0.00     0.00     0.00     0.00 -1 -3.94e-09      0.00 7.405e-01 2.569e-01 1.660e-04 5.171e-05 4.274e-04 -1.000 2.584e-03 -0.947 0.923 -0.292 -0.953 -1.181 -1.296 -1.338
0.00097797 -1.20000 10.05690 0.8341932893 2.4301212197    0.750  2.329  3.6826  1.666    7  0.000  0.518     0.00     0.00     0.00     0.00     0.00 -1 -5.01e-09      0.00 7.405e-01 2.569e-01 1.660e-04 5.171e-05 4.274e-04 -1.000 2.584e-03 -1.053 0.896 -0.371 -1.055 -1.289 -1.408 -1.452
0.00097797 -1.20000 10.05690 0.8342063427 2.4301253657    0.746  2.370  3.6792  1.609    7  0.000  0.518     0.00     0.00     0.00     0.00     0.00 -1 -6.44e-09      0.00 7.405e-01 2.569e-01 1.660e-04 5.171e-05 4.274e-04 -1.000 2.583e-03 -1.155 0.873 -0.447 -1.155 -1.394 -1.517 -1.564
0.00097797 -1.20000 10.05690 0.8342178464 2.4301290194    0.742  2.410  3.6758  1.553    7  0.000  0.518     0.00     0.00     0.00     0.00     0.00 -1 -8.24e-09      0.00 7.405e-01 2.569e-01 1.660e-04 5.171e-05 4.274e-04 -1.000 2.577e-03 -1.256 0.858 -0.519 -1.251 -1.496 -1.623 -1.673
0.00097797 -1.20000 10.05690 0.8342280388 2.4301322565    0.738  2.450  3.6724  1.498    7  0.000  0.518     0.00     0.00     0.00     0.00     0.00 -1 -1.05e-08      0.00 7.405e-01 2.570e-01 1.659e-04 5.172e-05 4.274e-04 -1.000 2.492e-03 -1.354 0.846 -0.587 -1.346 -1.596 -1.728 -1.779
0.00097797 -1.20000 10.05690 0.8342372775 2.4301351906    0.732  2.489  3.6692  1.443    7  0.000  0.517     0.00     0.00     0.00     0.00     0.00 -1 -1.31e-08      0.00 7.405e-01 2.570e-01 1.658e-04 5.178e-05 4.274e-04 -1.000 2.480e-03 -1.452 0.842 -0.653 -1.439 -1.695 -1.831 -1.885
0.00097797 -1.20000 10.05690 0.8342455626 2.4301378218    0.726  2.528  3.6659  1.387    7  0.000  0.515     8.25     6.39     4.50     3.50     2.83  3 -1.66e-08      0.00 7.405e-01 2.571e-01 1.651e-04 5.210e-05 4.274e-04 -1.000 2.405e-03 -1.549 0.846 -0.715 -1.530 -1.793 -1.933 -1.989
0.00097797 -1.20000 10.05690 0.8342531919 2.4301402448    0.719  2.567  3.6622  1.329    7  0.000  0.511     9.31     7.08     4.96     3.86     3.12  3 -2.12e-08      0.00 7.405e-01 2.571e-01 1.637e-04 5.336e-05 4.274e-04 -1.000 2.381e-03 -1.647 0.867 -0.772 -1.620 -1.891 -2.035 -2.095
0.00097797 -1.20000 10.05690 0.8342601061 2.4301424405    0.711  2.605  3.6531  1.250    7  0.000  0.503    10.98     8.14     5.67     4.42     3.58  2 -2.77e-08      0.00 7.405e-01 2.571e-01 1.614e-04 5.586e-05 4.274e-04 -1.000 2.381e-03 -1.742 1.021 -0.768 -1.685 -1.975 -2.133 -2.200
0.00097797 -1.20000 10.05690 0.8342667222 2.4301445415    0.701  2.644  3.6492  1.189    7  0.000  0.494    12.45     9.06     6.27     4.91     3.97  2 -3.55e-08      0.00 7.405e-01 2.572e-01 1.585e-04 5.935e-05 4.274e-04 -1.000 2.296e-03 -1.839 1.033 -0.820 -1.767 -2.066 -2.231 -2.301
0.00097797 -1.20000 10.05690 0.8342728615 2.4301464911    0.689  2.682  3.6460  1.130    7  0.000  0.486    14.07    10.04     6.91     5.42     4.39  2 -4.61e-08      0.00 7.405e-01 2.572e-01 1.559e-04 6.253e-05 4.274e-04 -1.000 2.288e-03 -1.936 1.033 -0.877 -1.849 -2.157 -2.327 -2.399
0.00097797 -1.20000 10.05690 0.8342788815 2.4301484028    0.673  2.721  3.6429  1.069    7  0.000  0.479    15.93    11.14     7.64     6.00     4.86  2 -6.02e-08      0.00 7.405e-01 2.573e-01 1.536e-04 6.533e-05 4.274e-04 -1.000 2.286e-03 -2.033 1.033 -0.934 -1.931 -2.248 -2.424 -2.498
0.00097797 -1.20000 10.05690 0.8342847824 2.4301502766    0.653  2.760  3.6397  1.004    7  0.000  0.473    18.14    12.42     8.46     6.67     5.40  1 -7.99e-08      0.00 7.404e-01 2.573e-01 1.515e-04 6.789e-05 4.274e-04 -1.000 2.283e-03 -2.129 1.036 -0.989 -2.013 -2.338 -2.520 -2.597
0.00097797 -1.20000 10.05690 0.8342899680 2.4301519233    0.629  2.797  3.6372  0.941    7  0.000  0.467    20.62    13.81     9.36     7.39     5.98  1  -1.1e-07      0.00 7.404e-01 2.574e-01 1.498e-04 7.004e-05 4.274e-04 -1.000 2.220e-03 -2.222 1.041 -1.041 -2.092 -2.426 -2.613 -2.693
0.00097797 -1.20000 10.05690 0.8342949748 2.4301535131    0.598  2.835  3.6359  0.875    7  0.000  0.462    23.46    15.33    10.33     8.19     6.63  1 -1.55e-07      0.00 7.404e-01 2.574e-01 1.482e-04 7.197e-05 4.273e-04 -1.000 2.237e-03 -2.318 1.018 -1.108 -2.180 -2.520 -2.710 -2.791
0.00097797 -1.20000 10.05690 0.8342993259 2.4301548948    0.558  2.873  3.6413  0.829    7  0.000  0.458    25.51    16.37    10.98     8.73     7.07  1 -2.23e-07      0.00 7.403e-01 2.575e-01 1.468e-04 7.363e-05 4.273e-04 -1.000 2.230e-03 -2.412 0.841 -1.251 -2.303 -2.631 -2.812 -2.889
0.00097797 -1.20000 10.05690 0.8343018889 2.4301557086    0.528  2.897  3.6519  0.823    7  0.000  0.455    25.57    16.32    10.94     8.72     7.05  1 -2.84e-07      0.00 7.403e-01 2.575e-01 1.460e-04 7.470e-05 4.273e-04 -1.000 2.202e-03 -2.473 0.561 -1.420 -2.414 -2.719 -2.882 -2.952
0.00097797 -1.20000 10.05690 0.8343026638 2.4301559546    0.506  2.906  3.6692  0.866    7  0.000  0.454    23.11    14.95    10.05     8.01     6.48  1 -2.96e-07      0.00 7.402e-01 2.575e-01 1.454e-04 7.535e-05 4.272e-04 -1.000 2.281e-03 -2.494 0.009 -1.649 -2.490 -2.756 -2.894 -2.949
0.00097797 -1.20000 10.05690 1.0947911739 2.4907996279    0.546 -9.999  3.6059  7.957    9  0.546  0.000     0.00     0.00     0.00     0.00     0.00 -1    -1e-30      0.00 7.277e-01 2.713e-01 1.325e-04 1.048e-04 4.320e-04 -1.000 9.274e-04 29.767 33.167 31.225 29.964 29.495 29.269 29.192
