# Zini     MH   logAge Mini        int_IMF         Mass   logL    logTe  logg  label   McoreTP C_O  period0  period1  period2  period3  period4  pmode  Mloss  tau1m   X   Y   Xc  Xn  Xo  Cexcess  Z 	 mbolmag  umag    gmag    rmag    imag    zmag    Ymag
0.0015467 -1.00000 10.00860 0.0900000036 1.0816895926    0.090 -3.240  3.4437  5.359    1  0.000  0.545     0.00     0.00     0.00     0.00     0.00 -1 -5.05e-17      0.00 7.453e-01 2.531e-01 2.929e-04 7.903e-05 7.168e-04 -1.000 1.629e-03 12.869 18.123 17.151 15.358 13.081 12.293 12.125
0.0015467 -1.00000 10.00860 0.0952375159 1.1300454652    0.095 -3.111  3.4618  5.327    1  0.000  0.545     0.00     0.00     0.00     0.00     0.00 -1 -6.84e-17      0.00 7.447e-01 2.537e-01 2.929e-04 7.903e-05 7.168e-04 -1.000 1.629e-03 12.549 17.758 16.394 14.607 12.656 11.972 11.819
0.0015467 -1.00000 10.00860 0.1000000089 1.1711064744    0.100 -3.001  3.4774  5.300    1  0.000  0.545     0.00     0.00     0.00     0.00     0.00 -1 -8.88e-17      0.00 7.442e-01 2.542e-01 2.929e-04 7.903e-05 7.168e-04 -1.000 1.629e-03 12.272 17.413 15.754 13.992 12.303 11.699 11.556
0.0015467 -1.00000 10.00860 0.1200000048 1.3193154741    0.120 -2.720  3.5107  5.232    1  0.000  0.545     0.00     0.00     0.00     0.00     0.00 -1 -1.68e-16      0.00 7.425e-01 2.559e-01 2.929e-04 7.903e-05 7.168e-04 -1.000 1.629e-03 11.569 16.405 14.342 12.669 11.476 11.017 10.891
0.0015467 -1.00000 10.00860 0.1400000006 1.4384526719    0.140 -2.535  3.5285  5.185    1  0.000  0.545     0.00     0.00     0.00     0.00     0.00 -1  -2.5e-16      0.00 7.411e-01 2.572e-01 2.929e-04 7.903e-05 7.168e-04 -1.000 1.629e-03 11.108 15.693 13.558 11.953 10.969 10.570 10.452
0.0015467 -1.00000 10.00860 0.1599999964 1.5372931554    0.160 -2.395  3.5398  5.148    1  0.000  0.545     0.00     0.00     0.00     0.00     0.00 -1 -3.38e-16      0.00 7.400e-01 2.583e-01 2.929e-04 7.903e-05 7.168e-04 -1.000 1.629e-03 10.757 15.164 13.025 11.469 10.594 10.227 10.115
0.0015467 -1.00000 10.00860 0.2000000179 1.6938791367    0.200 -2.176  3.5545  5.085    1  0.000  0.545     0.00     0.00     0.00     0.00     0.00 -1 -5.38e-16      0.00 7.386e-01 2.597e-01 2.929e-04 7.904e-05 7.168e-04 -1.000 1.629e-03 10.210 14.370 12.261 10.770 10.023 9.692 9.587
0.0015467 -1.00000 10.00860 0.2500000000 1.8403257998    0.250 -1.971  3.5660  5.023    1  0.000  0.545     0.00     0.00     0.00     0.00     0.00 -1 -4.22e-16      0.00 7.382e-01 2.602e-01 2.929e-04 7.904e-05 7.168e-04 -1.000 1.629e-03 9.697 13.657 11.590 10.152 9.495 9.191 9.091
0.0015467 -1.00000 10.00860 0.3000000417 1.9529140366    0.300 -1.811  3.5748  4.977    1  0.000  0.545     0.00     0.00     0.00     0.00     0.00 -1 -3.69e-16      0.00 7.383e-01 2.601e-01 2.929e-04 7.904e-05 7.168e-04 -1.000 1.629e-03 9.297 13.113 11.082 9.686 9.087 8.800 8.704
0.0015467 -1.00000 10.00860 0.3499999940 2.0434174644    0.350 -1.679  3.5821  4.941    1  0.000  0.545     0.00     0.00     0.00     0.00     0.00 -1 -1.51e-15      0.00 7.466e-01 2.518e-01 2.929e-04 7.903e-05 7.168e-04 -1.000 1.629e-03 8.967 12.665 10.666 9.309 8.749 8.476 8.384
0.0015467 -1.00000 10.00860 0.4000000358 2.1185024810    0.400 -1.527  3.5933  4.892    1  0.000  0.545     0.00     0.00     0.00     0.00     0.00 -1 -2.12e-15      0.00 7.470e-01 2.514e-01 2.929e-04 7.903e-05 7.168e-04 -1.000 1.629e-03 8.587 12.105 10.161 8.866 8.360 8.108 8.021
0.0015467 -1.00000 10.00860 0.4500000477 2.1822809714    0.450 -1.351  3.6098  4.833    1  0.000  0.545     0.00     0.00     0.00     0.00     0.00 -1  -3.2e-15      0.00 7.470e-01 2.514e-01 2.929e-04 7.903e-05 7.168e-04 -1.000 1.629e-03 8.148 11.419 9.549 8.353 7.909 7.683 7.605
0.0015467 -1.00000 10.00860 0.5000000000 2.2374541529    0.500 -1.153  3.6358  4.785    1  0.000  0.545     0.00     0.00     0.00     0.00     0.00 -1 -5.07e-15      0.00 7.470e-01 2.514e-01 2.929e-04 7.903e-05 7.168e-04 -1.000 1.629e-03 7.652 10.565 8.794 7.761 7.403 7.219 7.152
0.0015467 -1.00000 10.00860 0.5500000715 2.2836583126    0.550 -0.934  3.6683  4.738    1  0.000  0.544     0.00     0.00     0.00     0.00     0.00 -1 -8.42e-15      0.00 7.763e-01 2.222e-01 2.615e-04 7.060e-05 6.405e-04 -1.000 1.466e-03 7.106 9.512 7.934 7.114 6.849 6.715 6.665
0.0015467 -1.00000 10.00860 0.6000000238 2.3211213258    0.600 -0.735  3.6976  4.693    1  0.000  0.544     0.00     0.00     0.00     0.00     0.00 -1 -1.34e-14      0.00 7.830e-01 2.156e-01 2.550e-04 6.887e-05 6.251e-04 -1.000 1.407e-03 6.607 8.506 7.209 6.553 6.347 6.253 6.219
0.0015467 -1.00000 10.00860 0.6097035408 2.3275778921    0.609 -0.695  3.7039  4.686    1  0.000  0.544     0.00     0.00     0.00     0.00     0.00 -1 -1.47e-14      0.00 7.844e-01 2.142e-01 2.536e-04 6.849e-05 6.216e-04 -1.000 1.391e-03 6.508 8.312 7.073 6.445 6.250 6.164 6.133
0.0015467 -1.00000 10.00860 0.6302202940 2.3404796611    0.630 -0.612  3.7168  4.669    1  0.000  0.544     0.00     0.00     0.00     0.00     0.00 -1 -1.79e-14      0.00 7.874e-01 2.112e-01 2.504e-04 6.765e-05 6.141e-04 -1.000 1.395e-03 6.301 7.917 6.796 6.224 6.051 5.980 5.956
0.0015467 -1.00000 10.00860 0.6496603489 2.3518437120    0.649 -0.534  3.7289  4.652    1  0.000  0.543     0.00     0.00     0.00     0.00     0.00 -1 -2.15e-14      0.00 7.905e-01 2.081e-01 2.473e-04 6.683e-05 6.068e-04 -1.000 1.389e-03 6.105 7.565 6.544 6.021 5.866 5.809 5.792
0.0015467 -1.00000 10.00860 0.6499999762 2.3520353107    0.650 -0.533  3.7291  4.652    1  0.000  0.544     0.00     0.00     0.00     0.00     0.00 -1 -2.15e-14      0.00 7.905e-01 2.081e-01 2.473e-04 6.681e-05 6.067e-04 -1.000 1.403e-03 6.101 7.559 6.539 6.017 5.862 5.805 5.789
0.0015467 -1.00000 10.00860 0.6578770280 2.3564153546    0.658 -0.501  3.7335  4.643    1  0.000  0.543     0.00     0.00     0.00     0.00     0.00 -1 -2.33e-14      0.00 7.920e-01 2.066e-01 2.458e-04 6.642e-05 6.032e-04 -1.000 1.400e-03 6.022 7.428 6.443 5.937 5.788 5.736 5.722
0.0015467 -1.00000 10.00860 0.6744077802 2.3652258968    0.674 -0.434  3.7426  4.624    1  0.000  0.543     0.00     0.00     0.00     0.00     0.00 -1 -2.74e-14      0.00 7.953e-01 2.033e-01 2.426e-04 6.558e-05 5.956e-04 -1.000 1.369e-03 5.856 7.159 6.242 5.769 5.634 5.591 5.581
0.0015467 -1.00000 10.00860 0.6897664666 2.3729780398    0.690 -0.372  3.7508  4.604    1  0.000  0.543     0.00     0.00     0.00     0.00     0.00 -1  -3.2e-14      0.00 7.985e-01 2.002e-01 2.395e-04 6.475e-05 5.882e-04 -1.000 1.354e-03 5.700 6.917 6.057 5.615 5.492 5.459 5.452
0.0015467 -1.00000 10.00860 0.6999999881 2.3779266974    0.700 -0.330  3.7561  4.590    1  0.000  0.543     0.00     0.00     0.00     0.00     0.00 -1 -3.55e-14      0.00 8.007e-01 1.979e-01 2.374e-04 6.418e-05 5.831e-04 -1.000 1.325e-03 5.596 6.759 5.935 5.513 5.399 5.370 5.366
0.0015467 -1.00000 10.00860 0.7035385370 2.3795993719    0.703 -0.316  3.7579  4.584    1  0.000  0.542     0.00     0.00     0.00     0.00     0.00 -1 -3.69e-14      0.00 8.016e-01 1.970e-01 2.363e-04 6.395e-05 5.810e-04 -1.000 1.306e-03 5.559 6.705 5.892 5.477 5.366 5.339 5.336
0.0015467 -1.00000 10.00860 0.7143685222 2.3846005091    0.714 -0.270  3.7633  4.567    1  0.000  0.540     0.00     0.00     0.00     0.00     0.00 -1 -4.15e-14      0.00 8.045e-01 1.942e-01 2.328e-04 6.318e-05 5.744e-04 -1.000 1.303e-03 5.446 6.541 5.762 5.367 5.264 5.243 5.242
0.0015467 -1.00000 10.00860 0.7247208357 2.3892207296    0.724 -0.226  3.7682  4.549    1  0.000  0.539     0.00     0.00     0.00     0.00     0.00 -1 -4.65e-14      0.00 8.075e-01 1.913e-01 2.294e-04 6.242e-05 5.678e-04 -1.000 1.268e-03 5.335 6.387 5.638 5.261 5.165 5.150 5.150
0.0015467 -1.00000 10.00860 0.7345002890 2.3934479940    0.734 -0.184  3.7728  4.531    1  0.000  0.537     0.00     0.00     0.00     0.00     0.00 -1  -5.2e-14      0.00 8.104e-01 1.884e-01 2.260e-04 6.168e-05 5.612e-04 -1.000 1.269e-03 5.230 6.243 5.520 5.159 5.071 5.060 5.062
0.0015467 -1.00000 10.00860 0.7438073158 2.3973525566    0.743 -0.143  3.7769  4.512    1  0.000  0.535     0.00     0.00     0.00     0.00     0.00 -1  -5.8e-14      0.00 8.133e-01 1.855e-01 2.228e-04 6.093e-05 5.547e-04 -1.000 1.208e-03 5.127 6.106 5.406 5.061 4.979 4.972 4.976
0.0015467 -1.00000 10.00860 0.7500000000 2.3998889087    0.750 -0.115  3.7796  4.498    1  0.000  0.534     0.00     0.00     0.00     0.00     0.00 -1 -6.26e-14      0.00 8.153e-01 1.835e-01 2.205e-04 6.041e-05 5.502e-04 -1.000 1.203e-03 5.057 6.014 5.329 4.994 4.916 4.912 4.917
0.0015467 -1.00000 10.00860 0.7531479001 2.4011598284    0.753 -0.101  3.7807  4.490    1  0.000  0.534     0.00     0.00     0.00     0.00     0.00 -1 -6.51e-14      0.00 8.167e-01 1.821e-01 2.192e-04 6.006e-05 5.470e-04 -1.000 1.203e-03 5.022 5.971 5.291 4.960 4.883 4.880 4.886
0.0015467 -1.00000 10.00860 0.7635903358 2.4052896577    0.763 -0.052  3.7844  4.463    1  0.000  0.534     0.00     0.00     0.00     0.00     0.00 -1 -7.46e-14      0.00 8.213e-01 1.774e-01 2.147e-04 5.886e-05 5.363e-04 -1.000 1.248e-03 4.901 5.825 5.160 4.843 4.772 4.772 4.779
0.0015467 -1.00000 10.00860 0.7734953165 2.4090886604    0.773 -0.005  3.7878  4.434    1  0.000  0.533     0.00     0.00     0.00     0.00     0.00 -1 -8.54e-14      0.00 8.259e-01 1.729e-01 2.104e-04 5.770e-05 5.259e-04 -1.000 1.197e-03 4.782 5.683 5.032 4.727 4.662 4.665 4.673
0.0015467 -1.00000 10.00860 0.7824391127 2.4124241438    0.782  0.040  3.7907  4.406    1  0.000  0.533     0.00     0.00     0.00     0.00     0.00 -1 -9.73e-14      0.00 8.299e-01 1.689e-01 2.064e-04 5.663e-05 5.163e-04 -1.000 1.173e-03 4.670 5.552 4.913 4.619 4.557 4.564 4.573
0.0015467 -1.00000 10.00860 0.7908297181 2.4154745725    0.790  0.084  3.7933  4.377    1  0.000  0.532     0.00     0.00     0.00     0.00     0.00 -1 -1.11e-13      0.00 8.338e-01 1.650e-01 2.026e-04 5.561e-05 5.072e-04 -1.000 1.153e-03 4.559 5.426 4.795 4.511 4.454 4.463 4.473
0.0015467 -1.00000 10.00860 0.7990213633 2.4183817035    0.798  0.129  3.7958  4.346    1  0.000  0.532     0.00     0.00     0.00     0.00     0.00 -1 -1.27e-13      0.00 8.376e-01 1.613e-01 1.989e-04 5.460e-05 4.982e-04 -1.000 1.141e-03 4.447 5.298 4.676 4.401 4.348 4.359 4.370
0.0015467 -1.00000 10.00860 0.8000000715 2.4187244613    0.799  0.135  3.7960  4.342    1  0.000  0.532     0.00     0.00     0.00     0.00     0.00 -1 -1.29e-13      0.00 8.380e-01 1.609e-01 1.984e-04 5.448e-05 4.971e-04 -1.000 1.135e-03 4.432 5.282 4.661 4.387 4.334 4.346 4.357
0.0015467 -1.00000 10.00860 0.8067424297 2.4210597671    0.806  0.174  3.7979  4.314    1  0.000  0.532     0.00     0.00     0.00     0.00     0.00 -1 -1.45e-13      0.00 8.401e-01 1.588e-01 1.965e-04 5.398e-05 4.926e-04 -1.000 1.108e-03 4.335 5.173 4.559 4.292 4.242 4.255 4.267
0.0015467 -1.00000 10.00860 0.8139627576 2.4235113540    0.813  0.217  3.7996  4.282    1  0.000  0.531     0.00     0.00     0.00     0.00     0.00 -1 -1.65e-13      0.00 8.421e-01 1.568e-01 1.948e-04 5.352e-05 4.886e-04 -1.000 1.097e-03 4.228 5.055 4.446 4.186 4.140 4.154 4.166
0.0015467 -1.00000 10.00860 0.8231348395 2.4265544270    0.822  0.274  3.8013  4.236    1  0.000  0.531     0.00     0.00     0.00     0.00     0.00 -1 -1.97e-13      0.00 8.434e-01 1.555e-01 1.938e-04 5.328e-05 4.867e-04 -1.000 1.126e-03 4.084 4.901 4.296 4.043 4.000 4.016 4.028
0.0015467 -1.00000 10.00860 0.8303210735 2.4288847033    0.829  0.323  3.8022  4.195    1  0.000  0.531     0.00     0.00     0.00     0.00     0.00 -1 -2.31e-13      0.00 8.433e-01 1.556e-01 1.942e-04 5.341e-05 4.879e-04 -1.000 1.140e-03 3.963 4.775 4.172 3.923 3.881 3.898 3.911
0.0015467 -1.00000 10.00860 0.8305411339 2.4289553307    0.829  0.324  3.8022  4.193    1  0.000  0.531     0.00     0.00     0.00     0.00     0.00 -1 -2.33e-13      0.00 8.432e-01 1.556e-01 1.943e-04 5.342e-05 4.880e-04 -1.000 1.140e-03 3.959 4.771 4.168 3.919 3.877 3.894 3.907
0.0015467 -1.00000 10.00860 0.8338620067 2.4300159475    0.833  0.349  3.8021  4.170    1  0.000  0.531     0.00     0.00     0.00     0.00     0.00 -1 -2.52e-13      0.00 8.430e-01 1.559e-01 1.947e-04 5.353e-05 4.890e-04 -1.000 1.140e-03 3.898 4.709 4.106 3.858 3.816 3.833 3.845
0.0015467 -1.00000 10.00860 0.8405962586 2.4321371690    0.839  0.402  3.8009  4.116    1  0.000  0.530     0.00     0.00     0.00     0.00     0.00 -1    -3e-13      0.00 8.425e-01 1.564e-01 1.955e-04 5.376e-05 4.911e-04 -1.000 1.130e-03 3.766 4.581 3.975 3.723 3.680 3.696 3.708
0.0015467 -1.00000 10.00860 0.8462611437 2.4338915170    0.845  0.451  3.7983  4.058    1  0.000  0.530     0.00     0.00     0.00     0.00     0.00 -1 -3.59e-13      0.00 8.420e-01 1.568e-01 1.962e-04 5.397e-05 4.931e-04 -1.000 1.140e-03 3.641 4.469 3.855 3.596 3.549 3.563 3.574
0.0015467 -1.00000 10.00860 0.8473510146 2.4342259445    0.846  0.462  3.7975  4.046    1  0.000  0.530     0.00     0.00     0.00     0.00     0.00 -1 -3.74e-13      0.00 8.420e-01 1.569e-01 1.963e-04 5.400e-05 4.933e-04 -1.000 1.140e-03 3.616 4.447 3.831 3.570 3.522 3.535 3.546
0.0015467 -1.00000 10.00860 0.8500000238 2.4350346840    0.848  0.489  3.7942  4.006    2  0.000  0.530     0.00     0.00     0.00     0.00     0.00 -1 -4.16e-13      0.00 8.410e-01 1.579e-01 1.977e-04 5.437e-05 4.968e-04 -1.000 1.152e-03 3.547 4.395 3.770 3.498 3.445 3.454 3.464
0.0015467 -1.00000 10.00860 0.8523972631 2.4357615780    0.851  0.515  3.7908  3.968    2  0.000  0.530     0.00     0.00     0.00     0.00     0.00 -1 -4.59e-13      0.00 8.393e-01 1.596e-01 2.000e-04 5.500e-05 5.025e-04 -1.000 1.173e-03 3.482 4.348 3.713 3.430 3.373 3.379 3.387
0.0015467 -1.00000 10.00860 0.8552457094 2.4366191982    0.854  0.548  3.7842  3.910    2  0.000  0.531     0.00     0.00     0.00     0.00     0.00 -1 -5.28e-13      0.00 8.311e-01 1.677e-01 2.106e-04 5.790e-05 5.287e-04 -1.000 1.219e-03 3.400 4.304 3.647 3.342 3.274 3.274 3.280
0.0015467 -1.00000 10.00860 0.8573260903 2.4372414271    0.856  0.573  3.7768  3.856    2  0.000  0.532     0.00     0.00     0.00     0.00     0.00 -1 -5.95e-13      0.00 8.181e-01 1.806e-01 2.253e-04 6.186e-05 5.644e-04 -1.000 1.284e-03 3.338 4.290 3.605 3.275 3.196 3.188 3.191
0.0015467 -1.00000 10.00860 0.8589270115 2.4377178933    0.857  0.591  3.7687  3.807    2  0.000  0.533     0.00     0.00     0.00     0.00     0.00 -1 -6.57e-13      0.00 7.991e-01 1.995e-01 2.428e-04 6.657e-05 6.066e-04 -1.000 1.374e-03 3.292 4.303 3.582 3.224 3.133 3.117 3.117
0.0015467 -1.00000 10.00860 0.8602465987 2.4381090959    0.858  0.607  3.7602  3.758    2  0.000  0.535     0.00     0.00     0.00     0.00     0.00 -1  -7.2e-13      0.00 7.831e-01 2.155e-01 2.565e-04 7.023e-05 6.392e-04 -1.000 1.460e-03 3.254 4.330 3.570 3.182 3.078 3.053 3.049
0.0015467 -1.00000 10.00860 0.8614399433 2.4384616862    0.860  0.626  3.7513  3.704    2  0.000  0.536     0.00     0.00     0.00     0.00     0.00 -1    -8e-13      0.00 7.727e-01 2.258e-01 2.653e-04 7.257e-05 6.600e-04 -1.000 1.498e-03 3.205 4.357 3.551 3.132 3.015 2.981 2.973
0.0015467 -1.00000 10.00860 0.8625168204 2.4387789018    0.861  0.655  3.7434  3.644    2  0.000  0.536     0.00     0.00     0.00     0.00     0.00 -1 -9.14e-13      0.00 7.665e-01 2.320e-01 2.706e-04 7.399e-05 6.727e-04 -1.000 1.520e-03 3.133 4.353 3.507 3.061 2.931 2.889 2.878
0.0015467 -1.00000 10.00860 0.8635067940 2.4390697156    0.861  0.696  3.7374  3.579    2  0.000  0.537     0.00     0.00     0.00     0.00     0.00 -1 -1.08e-12      0.00 7.623e-01 2.361e-01 2.741e-04 7.491e-05 6.808e-04 -1.000 1.563e-03 3.031 4.305 3.428 2.961 2.822 2.773 2.759
0.0015467 -1.00000 10.00860 0.8640567660 2.4392309438    0.862  0.723  3.7345  3.540    2  0.000  0.537     0.00     0.00     0.00     0.00     0.00 -1  -1.2e-12      0.00 7.603e-01 2.382e-01 2.756e-04 7.532e-05 6.845e-04 -1.000 1.556e-03 2.962 4.264 3.370 2.895 2.751 2.698 2.683
0.0015467 -1.00000 10.00860 0.8642945290 2.4393005726    0.862  0.738  3.7335  3.522    2  0.000  0.537     0.00     0.00     0.00     0.00     0.00 -1 -1.27e-12      0.00 7.595e-01 2.390e-01 2.761e-04 7.546e-05 6.857e-04 -1.000 1.559e-03 2.926 4.236 3.338 2.859 2.714 2.660 2.645
0.0015467 -1.00000 10.00860 0.8649241924 2.4394847569    0.863  0.778  3.7311  3.473    3  0.000  0.537     0.00     0.00     0.00     0.00     0.00 -1 -1.47e-12      0.00 7.574e-01 2.411e-01 2.773e-04 7.579e-05 6.887e-04 -1.000 1.562e-03 2.826 4.158 3.247 2.760 2.611 2.555 2.538
0.0015467 -1.00000 10.00860 0.8655335903 2.4396627198    0.863  0.820  3.7290  3.422    3  0.000  0.537     0.00     0.00     0.00     0.00     0.00 -1 -1.72e-12      0.00 7.554e-01 2.431e-01 2.783e-04 7.608e-05 6.913e-04 -1.000 1.557e-03 2.720 4.072 3.149 2.655 2.503 2.444 2.427
0.0015467 -1.00000 10.00860 0.8661223054 2.4398343691    0.864  0.865  3.7272  3.371    3  0.000  0.537     0.00     0.00     0.00     0.00     0.00 -1 -2.02e-12      0.00 7.533e-01 2.451e-01 2.791e-04 7.634e-05 6.933e-04 -1.000 1.589e-03 2.608 3.979 3.045 2.546 2.391 2.330 2.311
0.0015467 -1.00000 10.00860 0.8667324781 2.4400119919    0.864  0.915  3.7254  3.314    3  0.000  0.536     0.00     0.00     0.00     0.00     0.00 -1 -2.42e-12      0.00 7.511e-01 2.473e-01 2.793e-04 7.668e-05 6.952e-04 -1.000 1.578e-03 2.484 3.872 2.928 2.423 2.265 2.202 2.182
0.0015467 -1.00000 10.00860 0.8672424555 2.4401602270    0.865  0.960  3.7239  3.263    3  0.000  0.534     0.00     0.00     0.00     0.00     0.00 -1 -2.85e-12      0.00 7.491e-01 2.493e-01 2.787e-04 7.728e-05 6.966e-04 -1.000 1.566e-03 2.371 3.773 2.821 2.311 2.151 2.086 2.066
0.0015467 -1.00000 10.00860 0.8677594066 2.4403102848    0.865  1.009  3.7223  3.207    3  0.000  0.530     0.00     0.00     0.00     0.00     0.00 -1  -3.4e-12      0.00 7.471e-01 2.513e-01 2.771e-04 7.867e-05 6.977e-04 -1.000 1.568e-03 2.247 3.663 2.704 2.189 2.026 1.959 1.938
0.0015467 -1.00000 10.00860 0.8682264090 2.4404456670    0.866  1.058  3.7208  3.153    3  0.000  0.524     0.00     0.00     0.00     0.00     0.00 -1 -4.05e-12      0.00 7.452e-01 2.532e-01 2.744e-04 8.120e-05 6.987e-04 -1.000 1.590e-03 2.125 3.556 2.589 2.069 1.904 1.835 1.813
0.0015467 -1.00000 10.00860 0.8686773181 2.4405762250    0.866  1.109  3.7191  3.095    3  0.000  0.517     0.00     0.00     0.00     0.00     0.00 -1 -4.86e-12      0.00 7.436e-01 2.548e-01 2.711e-04 8.471e-05 6.994e-04 -1.000 1.619e-03 1.998 3.445 2.468 1.943 1.776 1.705 1.682
0.0015467 -1.00000 10.00860 0.8690605760 2.4406870725    0.866  1.156  3.7175  3.042    3  0.000  0.511     0.00     0.00     0.00     0.00     0.00 -1 -5.76e-12      0.00 7.423e-01 2.561e-01 2.681e-04 8.833e-05 7.000e-04 -1.000 1.607e-03 1.880 3.343 2.357 1.827 1.657 1.584 1.560
0.0015467 -1.00000 10.00860 0.8694126606 2.4407888050    0.867  1.204  3.7159  2.988    3  0.000  0.505     0.00     0.00     0.00     0.00     0.00 -1 -6.84e-12      0.00 7.411e-01 2.573e-01 2.651e-04 9.194e-05 7.004e-04 -1.000 1.615e-03 1.761 3.242 2.246 1.711 1.538 1.463 1.438
0.0015467 -1.00000 10.00860 0.8697350025 2.4408818604    0.867  1.251  3.7142  2.934    3  0.000  0.500     0.00     0.00     0.00     0.00     0.00 -1 -8.11e-12      0.00 7.401e-01 2.583e-01 2.626e-04 9.509e-05 7.008e-04 -1.000 1.618e-03 1.643 3.144 2.136 1.594 1.419 1.342 1.316
0.0015467 -1.00000 10.00860 0.8700380325 2.4409692684    0.867  1.300  3.7124  2.878    3  0.000  0.496     0.00     0.00     0.00     0.00     0.00 -1 -9.68e-12      0.00 7.395e-01 2.590e-01 2.607e-04 9.743e-05 7.011e-04 -1.000 1.571e-03 1.521 3.043 2.024 1.475 1.296 1.217 1.190
0.0015467 -1.00000 10.00860 0.8702934384 2.4410428851    0.867  1.344  3.7107  2.827    3  0.000  0.494     0.00     0.00     0.00     0.00     0.00 -1 -1.14e-11      0.00 7.390e-01 2.595e-01 2.595e-04 9.899e-05 7.012e-04 -1.000 1.556e-03 1.410 2.952 1.921 1.366 1.184 1.103 1.074
0.0015467 -1.00000 10.00860 0.8705394864 2.4411137575    0.867  1.391  3.7088  2.773    3  0.000  0.492     0.00     0.00     0.00     0.00     0.00 -1 -1.35e-11      0.00 7.386e-01 2.598e-01 2.585e-04 1.003e-04 7.014e-04 -1.000 1.592e-03 1.294 2.858 1.814 1.252 1.067 0.983 0.954
0.0015467 -1.00000 10.00860 0.8707679510 2.4411795239    0.867  1.438  3.7068  2.718    3  0.000  0.491     0.00     0.00     0.00     0.00     0.00 -1  -1.6e-11      0.00 7.384e-01 2.600e-01 2.581e-04 1.009e-04 7.014e-04 -1.000 1.565e-03 1.176 2.763 1.706 1.137 0.949 0.862 0.832
0.0015467 -1.00000 10.00860 0.8709730506 2.4412385306    0.868  1.484  3.7049  2.664    3  0.000  0.490     0.00     0.00     0.00     0.00     0.00 -1 -1.89e-11      0.00 7.383e-01 2.601e-01 2.578e-04 1.012e-04 7.015e-04 -1.000 1.602e-03 1.060 2.672 1.601 1.025 0.833 0.744 0.712
0.0015467 -1.00000 10.00860 0.8711615801 2.4412927419    0.868  1.530  3.7028  2.609    3  0.000  0.490     0.00     0.00     0.00     0.00     0.00 -1 -2.24e-11      0.00 7.383e-01 2.601e-01 2.578e-04 1.013e-04 7.015e-04 -1.000 1.602e-03 0.945 2.582 1.497 0.913 0.717 0.625 0.593
0.0015467 -1.00000 10.00860 0.8713238239 2.4413393733    0.868  1.573  3.7009  2.559    3  0.000  0.490     0.00     0.00     0.00     0.00     0.00 -1 -2.63e-11      0.00 7.382e-01 2.602e-01 2.577e-04 1.014e-04 7.015e-04 -1.000 1.602e-03 0.837 2.498 1.400 0.808 0.609 0.514 0.481
0.0015467 -1.00000 10.00860 0.8714820743 2.4413848376    0.868  1.619  3.6988  2.505    3  0.000  0.490     0.00     0.00     0.00     0.00     0.00 -1  -3.1e-11      0.00 7.382e-01 2.602e-01 2.577e-04 1.014e-04 7.015e-04 -1.000 1.602e-03 0.723 2.411 1.298 0.698 0.495 0.398 0.363
0.0015467 -1.00000 10.00860 0.8716223240 2.4414251146    0.867  1.662  3.6967  2.452    3  0.000  0.490     0.00     0.00     0.00     0.00     0.00 -1 -3.65e-11      0.00 7.382e-01 2.602e-01 2.577e-04 1.014e-04 7.015e-04 -1.000 1.602e-03 0.614 2.333 1.201 0.592 0.385 0.285 0.249
0.0015467 -1.00000 10.00860 0.8717545271 2.4414630671    0.867  1.707  3.6945  2.399    3  0.000  0.490     0.00     0.00     0.00     0.00     0.00 -1  -4.3e-11      0.00 7.382e-01 2.602e-01 2.576e-04 1.015e-04 7.015e-04 -1.000 1.601e-03 0.502 2.255 1.102 0.484 0.273 0.170 0.133
0.0015467 -1.00000 10.00860 0.8718760014 2.4414979279    0.867  1.751  3.6922  2.346    3  0.000  0.490     0.00     0.00     0.00     0.00     0.00 -1 -5.06e-11      0.00 7.382e-01 2.602e-01 2.576e-04 1.015e-04 7.015e-04 -1.000 1.601e-03 0.392 2.179 1.006 0.376 0.162 0.056 0.018
0.0015467 -1.00000 10.00860 0.8719853163 2.4415292897    0.867  1.794  3.6900  2.295    3  0.000  0.490     0.00     0.00     0.00     0.00     0.00 -1 -5.91e-11      0.00 7.382e-01 2.602e-01 2.576e-04 1.015e-04 7.015e-04 -1.000 1.601e-03 0.286 2.106 0.913 0.274 0.056 -0.053 -0.093
0.0015467 -1.00000 10.00860 0.8720926642 2.4415600783    0.867  1.837  3.6877  2.242    3  0.000  0.490     0.00     0.00     0.00     0.00     0.00 -1 -6.94e-11      0.00 7.382e-01 2.602e-01 2.576e-04 1.016e-04 7.015e-04 -1.000 1.601e-03 0.178 2.036 0.820 0.170 -0.052 -0.164 -0.205
0.0015467 -1.00000 10.00860 0.8721942306 2.4415892007    0.867  1.875  3.6857  2.196    3  0.000  0.490     0.00     0.00     0.00     0.00     0.00 -1    -8e-11      0.00 7.382e-01 2.602e-01 2.576e-04 1.016e-04 7.015e-04 -1.000 1.601e-03 0.082 1.974 0.738 0.079 -0.147 -0.262 -0.304
0.0015467 -1.00000 10.00860 0.8723238111 2.4416263444    0.866  1.910  3.6840  2.153    3  0.000  0.490     0.00     0.00     0.00     0.00     0.00 -1 -9.16e-11      0.00 7.382e-01 2.602e-01 2.575e-04 1.016e-04 7.016e-04 -1.000 1.601e-03 -0.005 1.915 0.662 -0.005 -0.234 -0.351 -0.395
0.0015467 -1.00000 10.00860 0.8724009395 2.4416484469    0.866  1.888  3.6856  2.182    3  0.000  0.490     0.00     0.00     0.00     0.00     0.00 -1  -8.5e-11      0.00 7.382e-01 2.602e-01 2.575e-04 1.016e-04 7.016e-04 -1.000 1.601e-03 0.050 1.945 0.706 0.047 -0.180 -0.295 -0.337
0.0015467 -1.00000 10.00860 0.8724379539 2.4416590524    0.866  1.875  3.6865  2.199    3  0.000  0.490     0.00     0.00     0.00     0.00     0.00 -1 -8.08e-11      0.00 7.382e-01 2.602e-01 2.575e-04 1.017e-04 7.016e-04 -1.000 1.601e-03 0.083 1.963 0.733 0.078 -0.147 -0.260 -0.303
0.0015467 -1.00000 10.00860 0.8725057244 2.4416784677    0.866  1.912  3.6845  2.154    3  0.000  0.490     0.00     0.00     0.00     0.00     0.00 -1 -9.17e-11      0.00 7.382e-01 2.602e-01 2.575e-04 1.017e-04 7.016e-04 -1.000 1.600e-03 -0.009 1.904 0.655 -0.010 -0.239 -0.355 -0.398
0.0015467 -1.00000 10.00860 0.8725805879 2.4416999108    0.866  1.953  3.6821  2.103    3  0.000  0.490     0.00     0.00     0.00     0.00     0.00 -1 -1.07e-10      0.00 7.382e-01 2.602e-01 2.575e-04 1.017e-04 7.016e-04 -1.000 1.600e-03 -0.113 1.839 0.567 -0.109 -0.341 -0.461 -0.506
0.0015467 -1.00000 10.00860 0.8726528883 2.4417206159    0.865  1.996  3.6797  2.050    3  0.000  0.490     0.00     0.00     0.00     0.00     0.00 -1 -1.25e-10      0.00 7.382e-01 2.602e-01 2.575e-04 1.017e-04 7.016e-04 -1.000 1.600e-03 -0.219 1.774 0.478 -0.209 -0.446 -0.570 -0.616
0.0015467 -1.00000 10.00860 0.8727189302 2.4417395252    0.865  2.037  3.6772  1.999    3  0.000  0.489     0.00     0.00     0.00     0.00     0.00 -1 -1.46e-10      0.00 7.382e-01 2.602e-01 2.575e-04 1.017e-04 7.016e-04 -1.000 1.600e-03 -0.322 1.713 0.393 -0.307 -0.549 -0.675 -0.723
0.0015467 -1.00000 10.00860 0.8727814555 2.4417574246    0.865  2.079  3.6747  1.947    3  0.000  0.489     0.00     0.00     0.00     0.00     0.00 -1 -1.71e-10      0.00 7.382e-01 2.602e-01 2.574e-04 1.017e-04 7.016e-04 -1.000 1.600e-03 -0.427 1.666 0.308 -0.409 -0.655 -0.784 -0.834
0.0015467 -1.00000 10.00860 0.8728379011 2.4417735811    0.864  2.119  3.6722  1.896    3  0.000  0.489     0.00     0.00     0.00     0.00     0.00 -1 -1.99e-10      0.00 7.381e-01 2.603e-01 2.574e-04 1.018e-04 7.016e-04 -1.000 1.600e-03 -0.528 1.624 0.227 -0.508 -0.757 -0.890 -0.941
0.0015467 -1.00000 10.00860 0.8728902936 2.4417885752    0.864  2.160  3.6697  1.845    3  0.000  0.489     0.00     0.00     0.00     0.00     0.00 -1 -2.31e-10      0.00 7.381e-01 2.603e-01 2.574e-04 1.018e-04 7.016e-04 -1.000 1.600e-03 -0.630 1.583 0.146 -0.607 -0.860 -0.995 -1.049
0.0015467 -1.00000 10.00860 0.8729383349 2.4418023223    0.864  2.200  3.6671  1.794    3  0.000  0.489     0.00     0.00     0.00     0.00     0.00 -1 -2.69e-10      0.00 7.381e-01 2.603e-01 2.574e-04 1.018e-04 7.016e-04 -1.000 1.600e-03 -0.731 1.548 0.069 -0.704 -0.961 -1.099 -1.154
0.0015467 -1.00000 10.00860 0.8729829192 2.4418150785    0.863  2.240  3.6645  1.744    3  0.000  0.489     0.00     0.00     0.00     0.00     0.00 -1 -3.13e-10      0.00 7.381e-01 2.603e-01 2.574e-04 1.018e-04 7.016e-04 -1.000 1.600e-03 -0.831 1.515 -0.008 -0.799 -1.060 -1.202 -1.259
0.0015467 -1.00000 10.00860 0.8730233312 2.4418266397    0.863  2.279  3.6620  1.694    3  0.000  0.489     0.00     0.00     0.00     0.00     0.00 -1 -3.62e-10      0.00 7.381e-01 2.603e-01 2.574e-04 1.018e-04 7.016e-04 -1.000 1.600e-03 -0.928 1.486 -0.081 -0.892 -1.157 -1.301 -1.361
0.0015467 -1.00000 10.00860 0.8730615377 2.4418375689    0.862  2.319  3.6593  1.644    3  0.000  0.489     0.00     0.00     0.00     0.00     0.00 -1 -4.21e-10      0.00 7.381e-01 2.603e-01 2.574e-04 1.018e-04 7.016e-04 -1.000 1.600e-03 -1.027 1.459 -0.154 -0.985 -1.254 -1.402 -1.464
0.0015467 -1.00000 10.00860 0.8730963469 2.4418475252    0.861  2.357  3.6567  1.595    3  0.000  0.489     0.00     0.00     0.00     0.00     0.00 -1 -4.87e-10      0.00 7.381e-01 2.603e-01 2.574e-04 1.018e-04 7.016e-04 -1.000 1.600e-03 -1.123 1.437 -0.223 -1.075 -1.348 -1.500 -1.563
0.0015467 -1.00000 10.00860 0.8731285930 2.4418567477    0.861  2.396  3.6541  1.545    3  0.000  0.489     0.00     0.00     0.00     0.00     0.00 -1 -5.63e-10      0.00 7.381e-01 2.603e-01 2.574e-04 1.018e-04 7.016e-04 -1.000 1.600e-03 -1.220 1.417 -0.292 -1.164 -1.442 -1.597 -1.663
0.0015467 -1.00000 10.00860 0.8731582165 2.4418652193    0.860  2.434  3.6514  1.497    3  0.000  0.489     0.00     0.00     0.00     0.00     0.00 -1  -6.5e-10      0.00 7.381e-01 2.603e-01 2.574e-04 1.018e-04 7.016e-04 -1.000 1.600e-03 -1.314 1.401 -0.358 -1.251 -1.533 -1.692 -1.760
0.0015467 -1.00000 10.00860 0.8731920123 2.4418748834    0.859  2.480  3.6482  1.436    3  0.000  0.489     0.00     0.00     0.00     0.00     0.00 -1 -7.76e-10      0.00 7.381e-01 2.603e-01 2.574e-04 1.019e-04 7.016e-04 -1.000 1.600e-03 -1.431 1.378 -0.436 -1.354 -1.644 -1.809 -1.879
0.0015467 -1.00000 10.00860 0.8732174039 2.4418821437    0.858  2.518  3.6455  1.388    3  0.000  0.489     8.70     6.66     4.70     3.63     2.94  3 -8.95e-10      0.00 7.381e-01 2.603e-01 2.574e-04 1.019e-04 7.016e-04 -1.000 1.600e-03 -1.525 1.361 -0.499 -1.436 -1.733 -1.902 -1.975
0.0015467 -1.00000 10.00860 0.8732454181 2.4418901533    0.857  2.563  3.6423  1.330    3  0.000  0.489     9.83     7.40     5.19     4.02     3.26  3 -1.06e-09      0.00 7.381e-01 2.603e-01 2.574e-04 1.019e-04 7.016e-04 -1.000 1.600e-03 -1.636 1.345 -0.571 -1.532 -1.838 -2.013 -2.088
0.0015467 -1.00000 10.00860 0.8732717633 2.4418976851    0.856  2.608  3.6390  1.270    3  0.000  0.489    11.13     8.23     5.75     4.46     3.61  3 -1.26e-09      0.00 7.381e-01 2.603e-01 2.574e-04 1.019e-04 7.016e-04 -1.000 1.599e-03 -1.750 1.328 -0.645 -1.631 -1.945 -2.125 -2.204
0.0015467 -1.00000 10.00860 0.8732918501 2.4419034274    0.855  2.645  3.6363  1.222    3  0.000  0.489    12.32     8.98     6.24     4.85     3.93  3 -1.45e-09      0.00 7.381e-01 2.603e-01 2.574e-04 1.019e-04 7.016e-04 -1.000 1.599e-03 -1.842 1.316 -0.703 -1.709 -2.031 -2.216 -2.297
0.0015467 -1.00000 10.00860 0.8733136654 2.4419096635    0.854  2.688  3.6330  1.165    3  0.000  0.489    13.88     9.94     6.89     5.35     4.34  3 -1.71e-09      0.00 7.381e-01 2.603e-01 2.573e-04 1.019e-04 7.016e-04 -1.000 1.599e-03 -1.950 1.305 -0.768 -1.800 -2.131 -2.322 -2.405
0.0015467 -1.00000 10.00860 0.8733344078 2.4419155926    0.852  2.732  3.6297  1.107    3  0.000  0.489    15.68    11.04     7.61     5.93     4.80  3 -2.03e-09      0.00 7.381e-01 2.603e-01 2.573e-04 1.019e-04 7.016e-04 -1.000 1.599e-03 -2.060 1.294 -0.836 -1.893 -2.233 -2.430 -2.516
0.0015467 -1.00000 10.00860 0.8733540773 2.4419212146    0.850  2.777  3.6263  1.048    3  0.000  0.489    17.76    12.28     8.42     6.57     5.33  2 -2.41e-09      0.00 7.381e-01 2.603e-01 2.573e-04 1.019e-04 7.016e-04 -1.000 1.599e-03 -2.172 1.286 -0.901 -1.985 -2.336 -2.539 -2.628
0.0015467 -1.00000 10.00860 0.8733709455 2.4419260358    0.849  2.818  3.6231  0.993    3  0.000  0.489    19.94    13.56     9.26     7.23     5.87  2 -2.83e-09      0.00 7.381e-01 2.603e-01 2.573e-04 1.019e-04 7.016e-04 -1.000 1.599e-03 -2.275 1.283 -0.958 -2.068 -2.429 -2.639 -2.730
0.0015467 -1.00000 10.00860 0.8733870983 2.4419306523    0.847  2.860  3.6198  0.937    3  0.000  0.489    22.43    15.00    10.20     7.98     6.47  2 -3.33e-09      0.00 7.381e-01 2.603e-01 2.573e-04 1.019e-04 7.016e-04 -1.000 1.599e-03 -2.380 1.284 -1.012 -2.153 -2.525 -2.742 -2.835
0.0015467 -1.00000 10.00860 0.8734023571 2.4419350131    0.844  2.903  3.6164  0.879    3  0.000  0.489    25.31    16.63    11.25     8.82     7.16  2 -3.93e-09      0.00 7.381e-01 2.603e-01 2.573e-04 1.019e-04 7.016e-04 -1.000 1.599e-03 -2.488 1.286 -1.064 -2.237 -2.621 -2.845 -2.942
0.0015467 -1.00000 10.00860 0.8734161258 2.4419389478    0.842  2.944  3.6132  0.824    3  0.000  0.489    28.43    18.38    12.37     9.72     7.89  2 -4.62e-09      0.00 7.381e-01 2.603e-01 2.573e-04 1.019e-04 7.016e-04 -1.000 1.599e-03 -2.591 1.288 -1.114 -2.318 -2.714 -2.945 -3.044
0.0015467 -1.00000 10.00860 0.8734288216 2.4419425759    0.839  2.985  3.6099  0.769    3  0.000  0.489    31.91    20.28    13.60    10.69     8.68  2 -5.41e-09      0.00 7.381e-01 2.603e-01 2.573e-04 1.019e-04 7.016e-04 -1.000 1.599e-03 -2.693 1.292 -1.163 -2.397 -2.805 -3.043 -3.145
0.0015467 -1.00000 10.00860 0.8734408021 2.4419459994    0.837  3.026  3.6067  0.714    3  0.000  0.489    35.80    22.38    14.93    11.76     9.55  1 -6.34e-09      0.00 7.381e-01 2.603e-01 2.573e-04 1.019e-04 7.016e-04 -1.000 1.599e-03 -2.794 1.290 -1.208 -2.474 -2.895 -3.140 -3.245
0.0015467 -1.00000 10.00860 0.8734523058 2.4419492866    0.833  3.067  3.6034  0.657    3  0.000  0.489    40.29    24.76    16.45    12.97    10.54  1 -7.46e-09      0.00 7.381e-01 2.603e-01 2.573e-04 1.019e-04 7.016e-04 -1.000 1.599e-03 -2.898 1.289 -1.253 -2.552 -2.987 -3.239 -3.347
0.0015467 -1.00000 10.00860 0.8734623194 2.4419521479    0.830  3.106  3.6003  0.605    3  0.000  0.489    45.00    27.21    18.00    14.22    11.55  1 -8.68e-09      0.00 7.381e-01 2.603e-01 2.573e-04 1.019e-04 7.016e-04 -1.000 1.599e-03 -2.994 1.290 -1.293 -2.623 -3.071 -3.330 -3.440
0.0015467 -1.00000 10.00860 0.8734720945 2.4419549410    0.826  3.145  3.5971  0.550    3  0.000  0.489    50.45    29.99    19.75    15.63    12.70  1 -1.02e-08      0.00 7.381e-01 2.603e-01 2.573e-04 1.019e-04 7.016e-04 -1.000 1.599e-03 -3.094 1.282 -1.331 -2.695 -3.157 -3.424 -3.537
0.0015467 -1.00000 10.00860 0.8734813333 2.4419575808    0.822  3.185  3.5939  0.495    3  0.000  0.489    56.59    33.08    21.68    17.19    13.97  1 -1.19e-08      0.00 7.381e-01 2.603e-01 2.573e-04 1.019e-04 7.016e-04 -1.000 1.599e-03 -3.193 1.274 -1.368 -2.766 -3.243 -3.518 -3.634
0.0015467 -1.00000 10.00860 0.8734897971 2.4419599991    0.818  3.224  3.5907  0.442    3  0.000  0.489    63.30    36.39    23.75    18.85    15.33  1 -1.38e-08      0.00 7.381e-01 2.603e-01 2.573e-04 1.019e-04 7.016e-04 -1.000 1.599e-03 -3.289 1.268 -1.397 -2.832 -3.326 -3.609 -3.728
0.0015467 -1.00000 10.00860 0.8734975457 2.4419622130    0.813  3.261  3.5875  0.389    3  0.000  0.489    70.62    39.94    25.95    20.63    16.78  1 -1.61e-08      0.00 7.381e-01 2.603e-01 2.573e-04 1.019e-04 7.016e-04 -1.000 1.599e-03 -3.382 1.257 -1.420 -2.893 -3.404 -3.697 -3.818
0.0015467 -1.00000 10.00860 0.8735048175 2.4419642906    0.808  3.297  3.5844  0.338    3  0.000  0.489    78.54    43.71    28.28    22.52    18.32  1 -1.86e-08      0.00 7.381e-01 2.603e-01 2.573e-04 1.019e-04 7.016e-04 -1.000 1.599e-03 -3.472 1.244 -1.441 -2.950 -3.480 -3.781 -3.905
0.0015467 -1.00000 10.00860 0.8735119700 2.4419663341    0.802  3.332  3.5815  0.288    3  0.000  0.489    87.23    47.77    30.78    24.55    19.97  1 -2.14e-08      0.00 7.381e-01 2.603e-01 2.573e-04 1.019e-04 7.016e-04 -1.000 1.599e-03 -3.559 1.228 -1.462 -3.006 -3.554 -3.863 -3.990
0.0015467 -1.00000 10.00860 0.8735135794 2.4419667939    0.801  3.339  3.5808  0.278    3  0.000  0.489    89.11    48.64    31.31    24.99    20.32  1 -2.22e-08      0.00 7.381e-01 2.603e-01 2.573e-04 1.019e-04 7.016e-04 -1.000 1.599e-03 -3.577 1.225 -1.465 -3.017 -3.568 -3.879 -4.007
0.0015467 -1.00000 10.00860 0.8735135794 2.4419667939    0.801  1.748  3.7284  2.459    4  0.000  0.512     0.00     0.00     0.00     0.00     0.00 -1    -1e-30      0.00 7.389e-01 2.595e-01 2.698e-04 8.895e-05 7.036e-04 -1.000 1.567e-03 0.400 1.740 0.823 0.340 0.188 0.126 0.107
0.0015467 -1.00000 10.00860 0.8735758662 2.4419845877    0.801  1.764  3.7272  2.439    4  0.000  0.512     0.00     0.00     0.00     0.00     0.00 -1    -1e-30      0.00 7.389e-01 2.595e-01 2.698e-04 8.896e-05 7.036e-04 -1.000 1.567e-03 0.361 1.714 0.789 0.302 0.148 0.085 0.065
0.0015467 -1.00000 10.00860 0.8736373186 2.4420021403    0.801  1.767  3.7271  2.435    4  0.000  0.512     0.00     0.00     0.00     0.00     0.00 -1    -1e-30      0.00 7.389e-01 2.595e-01 2.698e-04 8.897e-05 7.036e-04 -1.000 1.567e-03 0.353 1.708 0.782 0.294 0.140 0.076 0.056
0.0015467 -1.00000 10.00860 0.8736996651 2.4420199454    0.801  1.769  3.7271  2.433    4  0.000  0.512     0.00     0.00     0.00     0.00     0.00 -1    -1e-30      0.00 7.389e-01 2.595e-01 2.698e-04 8.898e-05 7.036e-04 -1.000 1.567e-03 0.348 1.703 0.777 0.289 0.135 0.072 0.052
0.0015467 -1.00000 10.00860 0.8737636209 2.4420382071    0.801  1.769  3.7274  2.434    4  0.000  0.512     0.00     0.00     0.00     0.00     0.00 -1    -1e-30      0.00 7.389e-01 2.596e-01 2.698e-04 8.899e-05 7.036e-04 -1.000 1.567e-03 0.347 1.698 0.774 0.287 0.134 0.071 0.051
0.0015467 -1.00000 10.00860 0.8738278747 2.4420565507    0.801  1.769  3.7279  2.436    4  0.000  0.512     0.00     0.00     0.00     0.00     0.00 -1    -1e-30      0.00 7.389e-01 2.596e-01 2.698e-04 8.900e-05 7.036e-04 -1.000 1.567e-03 0.347 1.693 0.772 0.287 0.135 0.072 0.052
0.0015467 -1.00000 10.00860 0.8738924861 2.4420749934    0.801  1.768  3.7285  2.439    4  0.000  0.512     0.00     0.00     0.00     0.00     0.00 -1    -1e-30      0.00 7.389e-01 2.596e-01 2.698e-04 8.901e-05 7.036e-04 -1.000 1.567e-03 0.349 1.689 0.771 0.289 0.137 0.075 0.056
0.0015467 -1.00000 10.00860 0.8739569187 2.4420933818    0.801  1.767  3.7291  2.443    4  0.000  0.512     0.00     0.00     0.00     0.00     0.00 -1    -1e-30      0.00 7.389e-01 2.596e-01 2.698e-04 8.903e-05 7.036e-04 -1.000 1.567e-03 0.352 1.684 0.771 0.291 0.140 0.079 0.060
0.0015467 -1.00000 10.00860 0.8740201592 2.4421114270    0.801  1.766  3.7298  2.447    4  0.000  0.512     0.00     0.00     0.00     0.00     0.00 -1    -1e-30      0.00 7.389e-01 2.596e-01 2.698e-04 8.904e-05 7.036e-04 -1.000 1.567e-03 0.355 1.680 0.771 0.293 0.144 0.084 0.065
0.0015467 -1.00000 10.00860 0.8740825653 2.4421292312    0.801  1.765  3.7304  2.450    4  0.000  0.512     0.00     0.00     0.00     0.00     0.00 -1    -1e-30      0.00 7.389e-01 2.596e-01 2.698e-04 8.905e-05 7.036e-04 -1.000 1.567e-03 0.357 1.676 0.771 0.296 0.148 0.088 0.069
0.0015467 -1.00000 10.00860 0.8741488457 2.4421481375    0.801  1.764  3.7310  2.454    4  0.000  0.512     0.00     0.00     0.00     0.00     0.00 -1    -1e-30      0.00 7.388e-01 2.596e-01 2.698e-04 8.906e-05 7.036e-04 -1.000 1.567e-03 0.360 1.672 0.771 0.298 0.151 0.092 0.074
0.0015467 -1.00000 10.00860 0.8742159009 2.4421672614    0.801  1.763  3.7316  2.457    4  0.000  0.512     0.00     0.00     0.00     0.00     0.00 -1    -1e-30      0.00 7.388e-01 2.596e-01 2.698e-04 8.907e-05 7.037e-04 -1.000 1.568e-03 0.362 1.668 0.770 0.300 0.154 0.095 0.077
0.0015467 -1.00000 10.00860 0.8742813468 2.4421859231    0.802  1.762  3.7322  2.460    4  0.000  0.512     0.00     0.00     0.00     0.00     0.00 -1    -1e-30      0.00 7.388e-01 2.596e-01 2.698e-04 8.908e-05 7.037e-04 -1.000 1.568e-03 0.364 1.664 0.770 0.302 0.156 0.099 0.081
0.0015467 -1.00000 10.00860 0.8743454814 2.4422042078    0.802  1.762  3.7327  2.463    4  0.000  0.512     0.00     0.00     0.00     0.00     0.00 -1    -1e-30      0.00 7.388e-01 2.596e-01 2.697e-04 8.909e-05 7.037e-04 -1.000 1.568e-03 0.366 1.660 0.769 0.303 0.158 0.101 0.084
0.0015467 -1.00000 10.00860 0.8744079471 2.4422220138    0.802  1.761  3.7331  2.465    4  0.000  0.512     0.00     0.00     0.00     0.00     0.00 -1    -1e-30      0.00 7.388e-01 2.596e-01 2.697e-04 8.910e-05 7.037e-04 -1.000 1.568e-03 0.367 1.657 0.768 0.304 0.160 0.103 0.086
0.0015467 -1.00000 10.00860 0.8744148612 2.4422239845    0.802  1.761  3.7332  2.465    4  0.000  0.512     0.00     0.00     0.00     0.00     0.00 -1    -1e-30      0.00 7.388e-01 2.596e-01 2.697e-04 8.910e-05 7.037e-04 -1.000 1.568e-03 0.367 1.656 0.768 0.304 0.160 0.103 0.086
0.0015467 -1.00000 10.00860 0.8744697571 2.4422396299    0.802  1.761  3.7334  2.467    4  0.000  0.512     0.00     0.00     0.00     0.00     0.00 -1    -1e-30      0.00 7.388e-01 2.596e-01 2.697e-04 8.911e-05 7.037e-04 -1.000 1.568e-03 0.367 1.654 0.767 0.304 0.160 0.104 0.087
0.0015467 -1.00000 10.00860 0.8745355606 2.4422583811    0.802  1.761  3.7337  2.468    4  0.000  0.512     0.00     0.00     0.00     0.00     0.00 -1    -1e-30      0.00 7.388e-01 2.596e-01 2.697e-04 8.912e-05 7.037e-04 -1.000 1.568e-03 0.367 1.651 0.766 0.303 0.161 0.105 0.088
0.0015467 -1.00000 10.00860 0.8745989203 2.4422764328    0.802  1.762  3.7339  2.468    4  0.000  0.512     0.00     0.00     0.00     0.00     0.00 -1    -1e-30      0.00 7.388e-01 2.596e-01 2.697e-04 8.914e-05 7.037e-04 -1.000 1.568e-03 0.366 1.648 0.764 0.302 0.160 0.104 0.087
0.0015467 -1.00000 10.00860 0.8746616840 2.4422943117    0.802  1.762  3.7340  2.468    4  0.000  0.512     0.00     0.00     0.00     0.00     0.00 -1    -1e-30      0.00 7.388e-01 2.596e-01 2.697e-04 8.915e-05 7.037e-04 -1.000 1.568e-03 0.364 1.645 0.762 0.301 0.159 0.103 0.086
0.0015467 -1.00000 10.00860 0.8747286797 2.4423133929    0.802  1.763  3.7341  2.467    4  0.000  0.512     0.00     0.00     0.00     0.00     0.00 -1    -1e-30      0.00 7.388e-01 2.596e-01 2.697e-04 8.916e-05 7.037e-04 -1.000 1.568e-03 0.362 1.643 0.760 0.299 0.156 0.101 0.084
0.0015467 -1.00000 10.00860 0.8747944236 2.4423321144    0.802  1.765  3.7340  2.466    4  0.000  0.512     0.00     0.00     0.00     0.00     0.00 -1    -1e-30      0.00 7.388e-01 2.597e-01 2.697e-04 8.917e-05 7.037e-04 -1.000 1.568e-03 0.359 1.640 0.756 0.295 0.153 0.097 0.080
0.0015467 -1.00000 10.00860 0.8748627305 2.4423515622    0.802  1.766  3.7337  2.463    4  0.000  0.512     0.00     0.00     0.00     0.00     0.00 -1    -1e-30      0.00 7.388e-01 2.597e-01 2.697e-04 8.918e-05 7.038e-04 -1.000 1.569e-03 0.354 1.638 0.753 0.291 0.148 0.092 0.075
0.0015467 -1.00000 10.00860 0.8748692870 2.4423534288    0.802  1.767  3.7337  2.463    4  0.000  0.512     0.00     0.00     0.00     0.00     0.00 -1    -1e-30      0.00 7.388e-01 2.597e-01 2.697e-04 8.918e-05 7.038e-04 -1.000 1.568e-03 0.353 1.638 0.752 0.290 0.147 0.091 0.074
0.0015467 -1.00000 10.00860 0.8749226332 2.4423686144    0.802  1.768  3.7335  2.460    4  0.000  0.512     0.00     0.00     0.00     0.00     0.00 -1    -1e-30      0.00 7.388e-01 2.597e-01 2.697e-04 8.919e-05 7.038e-04 -1.000 1.568e-03 0.349 1.636 0.749 0.286 0.142 0.086 0.069
0.0015467 -1.00000 10.00860 0.8749836087 2.4423859692    0.802  1.771  3.7331  2.456    4  0.000  0.512     0.00     0.00     0.00     0.00     0.00 -1    -1e-30      0.00 7.388e-01 2.597e-01 2.697e-04 8.920e-05 7.038e-04 -1.000 1.569e-03 0.343 1.633 0.744 0.279 0.136 0.079 0.062
0.0015467 -1.00000 10.00860 0.8750415444 2.4424024563    0.802  1.774  3.7327  2.451    4  0.000  0.512     0.00     0.00     0.00     0.00     0.00 -1    -1e-30      0.00 7.388e-01 2.597e-01 2.697e-04 8.921e-05 7.038e-04 -1.000 1.569e-03 0.336 1.631 0.739 0.273 0.128 0.071 0.054
0.0015467 -1.00000 10.00860 0.8750991821 2.4424188561    0.802  1.776  3.7323  2.447    4  0.000  0.512     0.00     0.00     0.00     0.00     0.00 -1    -1e-30      0.00 7.387e-01 2.597e-01 2.697e-04 8.922e-05 7.038e-04 -1.000 1.569e-03 0.329 1.628 0.734 0.266 0.121 0.063 0.046
0.0015467 -1.00000 10.00860 0.8751576543 2.4424354907    0.802  1.781  3.7315  2.440    4  0.000  0.512     0.00     0.00     0.00     0.00     0.00 -1    -1e-30      0.00 7.387e-01 2.597e-01 2.697e-04 8.923e-05 7.038e-04 -1.000 1.569e-03 0.318 1.626 0.726 0.256 0.109 0.051 0.033
0.0015467 -1.00000 10.00860 0.8752153516 2.4424519024    0.803  1.785  3.7307  2.432    4  0.000  0.512     0.00     0.00     0.00     0.00     0.00 -1    -1e-30      0.00 7.387e-01 2.597e-01 2.697e-04 8.924e-05 7.038e-04 -1.000 1.569e-03 0.307 1.622 0.718 0.245 0.097 0.038 0.019
0.0015467 -1.00000 10.00860 0.8752727509 2.4424682269    0.803  1.790  3.7299  2.424    4  0.000  0.512     0.00     0.00     0.00     0.00     0.00 -1    -1e-30      0.00 7.387e-01 2.597e-01 2.697e-04 8.925e-05 7.038e-04 -1.000 1.569e-03 0.294 1.618 0.709 0.232 0.083 0.023 0.004
0.0015467 -1.00000 10.00860 0.8753309250 2.4424847692    0.803  1.793  3.7295  2.419    4  0.000  0.512     0.00     0.00     0.00     0.00     0.00 -1    -1e-30      0.00 7.387e-01 2.597e-01 2.697e-04 8.926e-05 7.038e-04 -1.000 1.569e-03 0.287 1.616 0.704 0.225 0.076 0.015 -0.004
0.0015467 -1.00000 10.00860 0.8753939867 2.4425026985    0.803  1.801  3.7283  2.407    4  0.000  0.512     0.00     0.00     0.00     0.00     0.00 -1    -1e-30      0.00 7.387e-01 2.597e-01 2.697e-04 8.927e-05 7.038e-04 -1.000 1.569e-03 0.267 1.610 0.690 0.206 0.055 -0.007 -0.027
0.0015467 -1.00000 10.00860 0.8754513264 2.4425189984    0.803  1.812  3.7267  2.389    4  0.000  0.512     0.00     0.00     0.00     0.00     0.00 -1    -1e-30      0.00 7.387e-01 2.597e-01 2.697e-04 8.928e-05 7.038e-04 -1.000 1.569e-03 0.240 1.601 0.670 0.180 0.026 -0.038 -0.059
0.0015467 -1.00000 10.00860 0.8755104542 2.4425358040    0.803  1.827  3.7245  2.365    4  0.000  0.512     0.00     0.00     0.00     0.00     0.00 -1    -1e-30      0.00 7.387e-01 2.597e-01 2.697e-04 8.929e-05 7.039e-04 -1.000 1.569e-03 0.201 1.588 0.641 0.143 -0.015 -0.082 -0.103
0.0015467 -1.00000 10.00860 0.8755683899 2.4425522682    0.803  1.855  3.7209  2.324    4  0.000  0.512     0.00     0.00     0.00     0.00     0.00 -1    -1e-30      0.00 7.387e-01 2.597e-01 2.697e-04 8.930e-05 7.039e-04 -1.000 1.569e-03 0.133 1.562 0.590 0.077 -0.087 -0.158 -0.181
0.0015467 -1.00000 10.00860 0.8756085038 2.4425636664    0.803  1.890  3.7164  2.271    4  0.000  0.512     0.00     0.00     0.00     0.00     0.00 -1    -1e-30      0.00 7.387e-01 2.597e-01 2.697e-04 8.931e-05 7.039e-04 -1.000 1.570e-03 0.046 1.529 0.524 -0.007 -0.179 -0.254 -0.280
0.0015467 -1.00000 10.00860 0.8756276369 2.4425691025    0.803  1.926  3.7121  2.217    4  0.000  0.512     0.00     0.00     0.00     0.00     0.00 -1    -1e-30      0.00 7.387e-01 2.597e-01 2.696e-04 8.931e-05 7.039e-04 -1.000 1.570e-03 -0.045 1.494 0.456 -0.093 -0.272 -0.353 -0.381
0.0015467 -1.00000 10.00860 0.8756366372 2.4425716596    0.803  1.964  3.7076  2.161    4  0.000  0.512     0.00     0.00     0.00     0.00     0.00 -1    -1e-30      0.00 7.387e-01 2.597e-01 2.696e-04 8.931e-05 7.039e-04 -1.000 1.570e-03 -0.141 1.458 0.384 -0.184 -0.371 -0.458 -0.488
0.0015467 -1.00000 10.00860 0.8756406307 2.4425727942    0.803  2.002  3.7034  2.106    4  0.000  0.512     0.00     0.00     0.00     0.00     0.00 -1    -1e-30      0.00 7.387e-01 2.597e-01 2.696e-04 8.931e-05 7.039e-04 -1.000 1.570e-03 -0.235 1.420 0.313 -0.274 -0.468 -0.560 -0.592
0.0015467 -1.00000 10.00860 0.8756426573 2.4425733700    0.803  2.038  3.6997  2.056    4  0.000  0.512     0.00     0.00     0.00     0.00     0.00 -1    -1e-30      0.00 7.387e-01 2.597e-01 2.696e-04 8.931e-05 7.039e-04 -1.000 1.570e-03 -0.324 1.382 0.245 -0.358 -0.559 -0.655 -0.690
0.0015467 -1.00000 10.00860 0.8756437302 2.4425736748    0.803  2.065  3.6969  2.017    7  0.000  0.512     0.00     0.00     0.00     0.00     0.00 -1 -9.14e-10      0.00 7.387e-01 2.581e-01 2.696e-04 8.931e-05 7.039e-04 -1.000 3.223e-03 -0.393 1.355 0.193 -0.422 -0.628 -0.728 -0.764
0.0015467 -1.00000 10.00860 0.8756439090 2.4425737256    0.803  2.071  3.6964  2.009    7  0.000  0.512     0.00     0.00     0.00     0.00     0.00 -1 -9.46e-10      0.00 7.387e-01 2.581e-01 2.696e-04 8.931e-05 7.039e-04 -1.000 3.223e-03 -0.408 1.348 0.181 -0.436 -0.643 -0.744 -0.780
0.0015467 -1.00000 10.00860 0.8756452203 2.4425740981    0.803  2.118  3.6920  1.945    7  0.000  0.512     0.00     0.00     0.00     0.00     0.00 -1 -1.24e-09      0.00 7.387e-01 2.581e-01 2.696e-04 8.931e-05 7.039e-04 -1.000 3.223e-03 -0.525 1.301 0.092 -0.546 -0.761 -0.867 -0.906
0.0015467 -1.00000 10.00860 0.8756463528 2.4425744199    0.803  2.159  3.6883  1.889    7  0.000  0.512     0.00     0.00     0.00     0.00     0.00 -1 -1.56e-09      0.00 7.387e-01 2.581e-01 2.696e-04 8.931e-05 7.039e-04 -1.000 3.223e-03 -0.627 1.262 0.015 -0.641 -0.863 -0.974 -1.016
0.0015467 -1.00000 10.00860 0.8756492138 2.4425752327    0.803  2.197  3.6849  1.837    7  0.000  0.512     0.00     0.00     0.00     0.00     0.00 -1 -1.94e-09      0.00 7.387e-01 2.581e-01 2.696e-04 8.931e-05 7.039e-04 -1.000 3.222e-03 -0.723 1.229 -0.057 -0.731 -0.959 -1.074 -1.118
0.0015467 -1.00000 10.00860 0.8756529689 2.4425762995    0.802  2.175  3.6869  1.867    7  0.000  0.512     0.00     0.00     0.00     0.00     0.00 -1 -1.73e-09      0.00 7.387e-01 2.581e-01 2.696e-04 8.931e-05 7.039e-04 -1.000 3.223e-03 -0.668 1.245 -0.017 -0.680 -0.904 -1.017 -1.060
0.0015467 -1.00000 10.00860 0.8756922483 2.4425874581    0.800  2.169  3.6873  1.873    7  0.000  0.512     0.00     0.00     0.00     0.00     0.00 -1 -1.68e-09      0.00 7.387e-01 2.581e-01 2.696e-04 8.932e-05 7.039e-04 -1.000 3.222e-03 -0.653 1.253 -0.004 -0.665 -0.889 -1.001 -1.043
0.0015467 -1.00000 10.00860 0.8757185340 2.4425949247    0.798  2.211  3.6834  1.815    7  0.000  0.512     0.00     0.00     0.00     0.00     0.00 -1 -2.15e-09      0.00 7.387e-01 2.581e-01 2.696e-04 8.933e-05 7.039e-04 -1.000 3.222e-03 -0.758 1.224 -0.081 -0.764 -0.994 -1.112 -1.156
0.0015467 -1.00000 10.00860 0.8757348061 2.4425995467    0.797  2.246  3.6803  1.767    7  0.000  0.512     0.00     0.00     0.00     0.00     0.00 -1 -2.62e-09      0.00 7.387e-01 2.581e-01 2.696e-04 8.933e-05 7.039e-04 -1.000 3.222e-03 -0.844 1.205 -0.145 -0.848 -1.083 -1.204 -1.250
0.0015467 -1.00000 10.00860 0.8757499456 2.4426038468    0.795  2.279  3.6772  1.720    7  0.000  0.512     0.00     0.00     0.00     0.00     0.00 -1 -3.16e-09      0.00 7.387e-01 2.581e-01 2.696e-04 8.933e-05 7.039e-04 -1.000 3.222e-03 -0.928 1.190 -0.204 -0.928 -1.167 -1.292 -1.341
0.0015467 -1.00000 10.00860 0.8757671118 2.4426087222    0.793  2.316  3.6740  1.669    7  0.000  0.512     0.00     0.00     0.00     0.00     0.00 -1 -3.96e-09      0.00 7.387e-01 2.581e-01 2.696e-04 8.933e-05 7.039e-04 -1.000 3.222e-03 -1.020 1.173 -0.270 -1.017 -1.261 -1.389 -1.440
0.0015467 -1.00000 10.00860 0.8757829666 2.4426132251    0.790  2.354  3.6707  1.616    7  0.000  0.512     0.00     0.00     0.00     0.00     0.00 -1 -4.94e-09      0.00 7.387e-01 2.581e-01 2.696e-04 8.934e-05 7.039e-04 -1.000 3.222e-03 -1.115 1.158 -0.336 -1.107 -1.356 -1.488 -1.542
0.0015467 -1.00000 10.00860 0.8757973909 2.4426173215    0.787  2.392  3.6674  1.563    7  0.000  0.512     0.00     0.00     0.00     0.00     0.00 -1 -6.12e-09      0.00 7.387e-01 2.581e-01 2.696e-04 8.934e-05 7.039e-04 -1.000 3.219e-03 -1.210 1.149 -0.401 -1.196 -1.451 -1.587 -1.643
0.0015467 -1.00000 10.00860 0.8758103848 2.4426210116    0.783  2.430  3.6641  1.510    7  0.000  0.512     0.00     0.00     0.00     0.00     0.00 -1 -7.69e-09      0.00 7.387e-01 2.582e-01 2.696e-04 8.935e-05 7.039e-04 -1.000 3.150e-03 -1.305 1.142 -0.464 -1.285 -1.544 -1.685 -1.744
0.0015467 -1.00000 10.00860 0.8758221865 2.4426243630    0.779  2.469  3.6607  1.456    7  0.000  0.512     0.00     0.00     0.00     0.00     0.00 -1  -9.6e-09      0.00 7.387e-01 2.582e-01 2.695e-04 8.936e-05 7.039e-04 -1.000 3.126e-03 -1.401 1.142 -0.526 -1.374 -1.639 -1.784 -1.845
0.0015467 -1.00000 10.00860 0.8758327961 2.4426273757    0.775  2.507  3.6574  1.402    7  0.000  0.511     8.16     6.32     4.46     3.45     2.80  3 -1.19e-08      0.00 7.387e-01 2.582e-01 2.693e-04 8.945e-05 7.039e-04 -1.000 3.125e-03 -1.496 1.149 -0.584 -1.459 -1.731 -1.880 -1.945
0.0015467 -1.00000 10.00860 0.8758423328 2.4426300838    0.770  2.544  3.6539  1.348    7  0.000  0.510     9.13     6.96     4.88     3.79     3.07  3 -1.48e-08      0.00 7.387e-01 2.582e-01 2.686e-04 8.984e-05 7.039e-04 -1.000 3.106e-03 -1.590 1.148 -0.640 -1.539 -1.819 -1.974 -2.041
0.0015467 -1.00000 10.00860 0.8758468628 2.4426313701    0.767  2.563  3.6518  1.319    7  0.000  0.508     9.70     7.32     5.13     3.99     3.23  3 -1.66e-08      0.00 7.387e-01 2.582e-01 2.681e-04 9.026e-05 7.039e-04 -1.000 3.094e-03 -1.636 1.159 -0.663 -1.577 -1.862 -2.020 -2.089
0.0015467 -1.00000 10.00860 0.8758552074 2.4426337395    0.761  2.599  3.6474  1.262    7  0.000  0.504    10.93     8.11     5.65     4.40     3.56  3 -2.08e-08      0.00 7.387e-01 2.583e-01 2.660e-04 9.219e-05 7.039e-04 -1.000 3.030e-03 -1.728 1.182 -0.706 -1.650 -1.945 -2.111 -2.183
0.0015467 -1.00000 10.00860 0.8758631945 2.4426360074    0.754  2.637  3.6394  1.188    7  0.000  0.498    12.75     9.25     6.41     5.00     4.05  2 -2.64e-08      0.00 7.386e-01 2.583e-01 2.629e-04 9.570e-05 7.039e-04 -1.000 3.024e-03 -1.822 1.289 -0.712 -1.706 -2.021 -2.201 -2.279
0.0015467 -1.00000 10.00860 0.8758708239 2.4426381737    0.745  2.675  3.6361  1.132    7  0.000  0.491    14.31    10.20     7.03     5.50     4.45  2 -3.32e-08      0.00 7.386e-01 2.584e-01 2.596e-04 9.977e-05 7.040e-04 -1.000 3.018e-03 -1.917 1.290 -0.765 -1.784 -2.108 -2.294 -2.375
0.0015467 -1.00000 10.00860 0.8758782148 2.4426402722    0.734  2.713  3.6327  1.074    7  0.000  0.485    16.13    11.29     7.75     6.07     4.91  2 -4.22e-08      0.00 7.385e-01 2.585e-01 2.564e-04 1.037e-04 7.041e-04 -1.000 2.984e-03 -2.012 1.295 -0.817 -1.862 -2.195 -2.387 -2.471
0.0015467 -1.00000 10.00860 0.8758851886 2.4426422522    0.721  2.750  3.6293  1.015    7  0.000  0.480    18.18    12.49     8.53     6.69     5.42  2 -5.35e-08      0.00 7.385e-01 2.586e-01 2.537e-04 1.070e-04 7.041e-04 -1.000 2.937e-03 -2.105 1.306 -0.864 -1.936 -2.279 -2.477 -2.564
0.0015467 -1.00000 10.00860 0.8758919239 2.4426441645    0.705  2.788  3.6258  0.954    7  0.000  0.475    20.60    13.87     9.42     7.41     6.01  2 -6.93e-08      0.00 7.384e-01 2.586e-01 2.513e-04 1.100e-04 7.042e-04 -1.000 2.986e-03 -2.199 1.326 -0.906 -2.008 -2.363 -2.568 -2.658
0.0015467 -1.00000 10.00860 0.8758983612 2.4426459922    0.685  2.826  3.6223  0.889    7  0.000  0.471    23.49    15.48    10.46     8.25     6.68  1 -9.22e-08      0.00 7.383e-01 2.587e-01 2.490e-04 1.128e-04 7.042e-04 -1.000 2.979e-03 -2.295 1.347 -0.947 -2.082 -2.449 -2.662 -2.754
0.0015467 -1.00000 10.00860 0.8759036660 2.4426474983    0.664  2.860  3.6195  0.830    7  0.000  0.467    26.50    17.10    11.49     9.09     7.37  1  -1.2e-07      0.00 7.383e-01 2.588e-01 2.473e-04 1.150e-04 7.042e-04 -1.000 2.931e-03 -2.381 1.362 -0.985 -2.150 -2.527 -2.745 -2.840
0.0015467 -1.00000 10.00860 0.8759074211 2.4426485644    0.644  2.889  3.6173  0.779    7  0.000  0.465    29.34    18.60    12.44     9.87     7.99  1 -1.51e-07      0.00 7.382e-01 2.588e-01 2.460e-04 1.165e-04 7.042e-04 -1.000 2.962e-03 -2.453 1.369 -1.019 -2.207 -2.592 -2.816 -2.912
0.0015467 -1.00000 10.00860 0.8759105206 2.4426494443    0.624  2.917  3.6157  0.731    7  0.000  0.463    32.32    20.13    13.41    10.66     8.63  1 -1.91e-07      0.00 7.382e-01 2.589e-01 2.450e-04 1.178e-04 7.042e-04 -1.000 2.955e-03 -2.522 1.368 -1.056 -2.264 -2.656 -2.884 -2.982
0.0015467 -1.00000 10.00860 0.8759135008 2.4426502904    0.598  2.949  3.6149  0.677    7  0.000  0.461    35.98    21.94    14.55    11.60     9.39  1 -2.55e-07      0.00 7.382e-01 2.589e-01 2.437e-04 1.194e-04 7.041e-04 -1.000 2.898e-03 -2.603 1.338 -1.116 -2.340 -2.736 -2.966 -3.065
0.0015467 -1.00000 10.00860 0.8759160042 2.4426510011    0.570  2.979  3.6167  0.634    7  0.000  0.459    39.15    23.44    15.48    12.37    10.02  1 -3.37e-07      0.00 7.381e-01 2.590e-01 2.427e-04 1.206e-04 7.041e-04 -1.000 2.892e-03 -2.678 1.257 -1.203 -2.426 -2.818 -3.044 -3.142
0.0015467 -1.00000 10.00860 0.8759179115 2.4426515426    0.540  3.002  3.6277  0.631    7  0.000  0.457    38.99    23.23    15.33    12.27     9.94  1 -4.28e-07      0.00 7.380e-01 2.590e-01 2.420e-04 1.215e-04 7.040e-04 -1.000 2.912e-03 -2.736 0.969 -1.397 -2.554 -2.915 -3.120 -3.210
0.0015467 -1.00000 10.00860 0.8759186864 2.4426517626    0.517  3.012  3.6342  0.628    7  0.000  0.457    38.93    23.10    15.23    12.21     9.88  1 -4.76e-07      0.00 7.380e-01 2.590e-01 2.416e-04 1.220e-04 7.040e-04 -1.000 2.922e-03 -2.761 0.808 -1.496 -2.617 -2.961 -3.155 -3.240
0.0015467 -1.00000 10.00860 1.0965409279 2.4910964848    0.544 -9.999  3.6538  7.953    9  0.545  0.000     0.00     0.00     0.00     0.00     0.00 -1    -1e-30      0.00 7.252e-01 2.732e-01 2.244e-04 1.654e-04 7.173e-04 -1.000 1.584e-03 29.767 32.424 30.739 29.793 29.481 29.328 29.274
