# Zini     MH   logAge Mini        int_IMF         Mass   logL    logTe  logg  label   McoreTP C_O  period0  period1  period2  period3  period4  pmode  Mloss  tau1m   X   Y   Xc  Xn  Xo  Cexcess  Z 	 mbolmag  umag    gmag    rmag    imag    zmag    Ymag
0.00055082 -1.45000 10.07918 0.0900000036 1.0816895926    0.090 -3.187  3.4723  5.420    1  0.000  0.545     0.00     0.00     0.00     0.00     0.00 -1 -5.32e-17      0.00 7.478e-01 2.516e-01 1.025e-04 2.765e-05 2.507e-04 -1.000 5.698e-04 12.736 17.898 16.272 14.363 12.648 12.086 11.976
0.00055082 -1.45000 10.07918 0.0979054794 1.1533680812    0.098 -2.960  3.5045  5.359    1  0.000  0.545     0.00     0.00     0.00     0.00     0.00 -1 -9.21e-17      0.00 7.464e-01 2.530e-01 1.025e-04 2.765e-05 2.507e-04 -1.000 5.699e-04 12.171 17.159 15.058 13.255 12.022 11.580 11.469
0.00055082 -1.45000 10.07918 0.1000000015 1.1711064122    0.100 -2.904  3.5126  5.344    1  0.000  0.545     0.00     0.00     0.00     0.00     0.00 -1 -1.06e-16      0.00 7.461e-01 2.534e-01 1.025e-04 2.765e-05 2.507e-04 -1.000 5.698e-04 12.029 16.933 14.765 12.998 11.868 11.451 11.340
0.00055082 -1.45000 10.07918 0.1199999973 1.3193154249    0.120 -2.618  3.5440  5.263    1  0.000  0.545     0.00     0.00     0.00     0.00     0.00 -1 -2.04e-16      0.00 7.435e-01 2.559e-01 1.025e-04 2.765e-05 2.507e-04 -1.000 5.698e-04 11.316 15.749 13.523 11.919 11.117 10.780 10.675
0.00055082 -1.45000 10.07918 0.1336560100 1.4031903338    0.134 -2.491  3.5548  5.226    1  0.000  0.545     0.00     0.00     0.00     0.00     0.00 -1  -2.7e-16      0.00 7.422e-01 2.573e-01 1.025e-04 2.765e-05 2.507e-04 -1.000 5.698e-04 10.998 15.231 13.043 11.501 10.790 10.475 10.373
0.00055082 -1.45000 10.07918 0.1400000006 1.4384526719    0.140 -2.437  3.5594  5.210    1  0.000  0.545     0.00     0.00     0.00     0.00     0.00 -1 -3.05e-16      0.00 7.416e-01 2.578e-01 1.025e-04 2.765e-05 2.507e-04 -1.000 5.699e-04 10.862 15.005 12.839 11.324 10.649 10.343 10.243
0.00055082 -1.45000 10.07918 0.1599999964 1.5372931554    0.160 -2.295  3.5696  5.168    1  0.000  0.545     0.00     0.00     0.00     0.00     0.00 -1 -4.16e-16      0.00 7.402e-01 2.592e-01 1.025e-04 2.765e-05 2.507e-04 -1.000 5.698e-04 10.507 14.442 12.342 10.890 10.288 10.001 9.904
0.00055082 -1.45000 10.07918 0.2000000179 1.6938791367    0.200 -2.073  3.5830  5.096    1  0.000  0.545     0.00     0.00     0.00     0.00     0.00 -1 -6.13e-16      0.00 7.390e-01 2.604e-01 1.025e-04 2.765e-05 2.507e-04 -1.000 5.699e-04 9.953 13.621 11.617 10.255 9.725 9.460 9.370
0.00055082 -1.45000 10.07918 0.2500000000 1.8403257998    0.250 -1.869  3.5941  5.034    1  0.000  0.545     0.00     0.00     0.00     0.00     0.00 -1 -6.16e-16      0.00 7.389e-01 2.605e-01 1.025e-04 2.765e-05 2.507e-04 -1.000 5.698e-04 9.443 12.889 10.973 9.691 9.209 8.962 8.876
0.00055082 -1.45000 10.07918 0.3000000417 1.9529140366    0.300 -1.714  3.6027  4.991    1  0.000  0.545     0.00     0.00     0.00     0.00     0.00 -1 -6.29e-16      0.00 7.391e-01 2.603e-01 1.024e-04 2.765e-05 2.507e-04 -1.000 5.698e-04 9.055 12.344 10.488 9.267 8.814 8.581 8.500
0.00055082 -1.45000 10.07918 0.3500000238 2.0434175133    0.350 -1.588  3.6100  4.962    1  0.000  0.545     0.00     0.00     0.00     0.00     0.00 -1 -1.81e-15      0.00 7.404e-01 2.590e-01 1.024e-04 2.765e-05 2.507e-04 -1.000 5.698e-04 8.740 11.902 10.095 8.924 8.495 8.272 8.195
0.00055082 -1.45000 10.07918 0.4000000060 2.1185024399    0.400 -1.444  3.6213  4.921    1  0.000  0.545     0.00     0.00     0.00     0.00     0.00 -1 -2.48e-15      0.00 7.501e-01 2.493e-01 1.025e-04 2.765e-05 2.507e-04 -1.000 5.699e-04 8.379 11.357 9.617 8.523 8.128 7.922 7.851
0.00055082 -1.45000 10.07918 0.4499999881 2.1822809009    0.450 -1.268  3.6400  4.871    1  0.000  0.545     0.00     0.00     0.00     0.00     0.00 -1  -3.7e-15      0.00 7.502e-01 2.492e-01 1.025e-04 2.765e-05 2.507e-04 -1.000 5.699e-04 7.941 10.628 8.997 8.027 7.683 7.506 7.444
0.00055082 -1.45000 10.07918 0.5000000000 2.2374541529    0.500 -1.071  3.6665  4.826    1  0.000  0.545     0.00     0.00     0.00     0.00     0.00 -1 -5.84e-15      0.00 7.502e-01 2.492e-01 1.025e-04 2.765e-05 2.507e-04 -1.000 5.698e-04 7.447 9.721 8.269 7.461 7.184 7.046 6.997
0.00055082 -1.45000 10.07918 0.5500000715 2.2836583126    0.550 -0.855  3.6924  4.754    1  0.000  0.544     0.00     0.00     0.00     0.00     0.00 -1 -9.93e-15      0.00 7.847e-01 2.149e-01 8.927e-05 2.410e-05 2.187e-04 -1.000 4.625e-04 6.907 8.760 7.539 6.870 6.647 6.544 6.509
0.00055082 -1.45000 10.07918 0.6000000238 2.3211213258    0.600 -0.645  3.7204  4.695    1  0.000  0.544     0.00     0.00     0.00     0.00     0.00 -1 -1.65e-14      0.00 7.952e-01 2.043e-01 8.548e-05 2.309e-05 2.096e-04 -1.000 4.630e-04 6.383 7.848 6.867 6.318 6.142 6.072 6.052
0.00055082 -1.45000 10.07918 0.6114428639 2.3287103297    0.611 -0.595  3.7275  4.682    1  0.000  0.543     0.00     0.00     0.00     0.00     0.00 -1 -1.86e-14      0.00 7.980e-01 2.015e-01 8.446e-05 2.282e-05 2.072e-04 -1.000 4.665e-04 6.258 7.638 6.712 6.191 6.026 5.964 5.948
0.00055082 -1.45000 10.07918 0.6228457093 2.3359546961    0.623 -0.545  3.7346  4.668    1  0.000  0.543     0.00     0.00     0.00     0.00     0.00 -1 -2.09e-14      0.00 8.009e-01 1.986e-01 8.343e-05 2.254e-05 2.047e-04 -1.000 4.683e-04 6.133 7.436 6.559 6.064 5.911 5.856 5.843
0.00055082 -1.45000 10.07918 0.6338830590 2.3426821434    0.634 -0.497  3.7413  4.654    1  0.000  0.543     0.00     0.00     0.00     0.00     0.00 -1 -1.88e-14      0.00 8.038e-01 1.957e-01 8.238e-05 2.226e-05 2.022e-04 -1.000 4.558e-04 6.011 7.244 6.413 5.943 5.799 5.751 5.742
0.00055082 -1.45000 10.07918 0.6441457272 2.3487001264    0.644 -0.451  3.7475  4.640    1  0.000  0.543     0.00     0.00     0.00     0.00     0.00 -1 -3.91e-16      0.00 8.067e-01 1.929e-01 8.136e-05 2.199e-05 1.998e-04 -1.000 4.558e-04 5.897 7.071 6.279 5.831 5.697 5.656 5.649
0.00055082 -1.45000 10.07918 0.6499999762 2.3520353107    0.650 -0.425  3.7509  4.631    1  0.000  0.543     0.00     0.00     0.00     0.00     0.00 -1 -2.83e-14      0.00 8.083e-01 1.912e-01 8.076e-05 2.184e-05 1.983e-04 -1.000 4.559e-04 5.832 6.972 6.202 5.767 5.638 5.601 5.595
0.00055082 -1.45000 10.07918 0.6600697041 2.3576132244    0.660 -0.379  3.7563  4.614    1  0.000  0.543     0.00     0.00     0.00     0.00     0.00 -1 -3.18e-14      0.00 8.118e-01 1.877e-01 7.950e-05 2.150e-05 1.954e-04 -1.000 4.559e-04 5.718 6.809 6.071 5.657 5.537 5.506 5.502
0.00055082 -1.45000 10.07918 0.6721634269 2.3640589152    0.672 -0.324  3.7627  4.592    1  0.000  0.542     0.00     0.00     0.00     0.00     0.00 -1 -3.67e-14      0.00 8.164e-01 1.832e-01 7.790e-05 2.107e-05 1.915e-04 -1.000 4.546e-04 5.579 6.614 5.913 5.523 5.414 5.389 5.388
0.00055082 -1.45000 10.07918 0.6832730174 2.3697494306    0.683 -0.271  3.7684  4.570    1  0.000  0.542     0.00     0.00     0.00     0.00     0.00 -1 -3.64e-14      0.00 8.208e-01 1.788e-01 7.633e-05 2.066e-05 1.878e-04 -1.000 4.380e-04 5.449 6.439 5.768 5.399 5.297 5.278 5.280
0.00055082 -1.45000 10.07918 0.6938651800 2.3749802237    0.694 -0.220  3.7737  4.546    1  0.000  0.542     0.00     0.00     0.00     0.00     0.00 -1 -2.57e-14      0.00 8.253e-01 1.743e-01 7.475e-05 2.024e-05 1.840e-04 -1.000 3.763e-04 5.320 6.272 5.626 5.276 5.183 5.169 5.173
0.00055082 -1.45000 10.07918 0.7000000477 2.3779267258    0.700 -0.190  3.7768  4.532    1  0.000  0.541     0.00     0.00     0.00     0.00     0.00 -1 -5.24e-14      0.00 8.280e-01 1.716e-01 7.380e-05 1.998e-05 1.817e-04 -1.000 3.628e-04 5.244 6.175 5.543 5.204 5.116 5.105 5.109
0.00055082 -1.45000 10.07918 0.7021141648 2.3789284016    0.702 -0.179  3.7778  4.526    1  0.000  0.541     0.00     0.00     0.00     0.00     0.00 -1 -5.39e-14      0.00 8.292e-01 1.704e-01 7.335e-05 1.987e-05 1.808e-04 -1.000 3.610e-04 5.218 6.141 5.514 5.179 5.092 5.082 5.087
0.00055082 -1.45000 10.07918 0.7129178047 2.3839407178    0.713 -0.123  3.7828  4.497    1  0.000  0.539     0.00     0.00     0.00     0.00     0.00 -1  -6.3e-14      0.00 8.353e-01 1.643e-01 7.102e-05 1.930e-05 1.757e-04 -1.000 3.559e-04 5.077 5.969 5.361 5.045 4.966 4.960 4.967
0.00055082 -1.45000 10.07918 0.7231372595 2.3885238327    0.723 -0.067  3.7873  4.465    1  0.000  0.537     0.00     0.00     0.00     0.00     0.00 -1 -7.38e-14      0.00 8.410e-01 1.586e-01 6.886e-05 1.878e-05 1.710e-04 -1.000 3.559e-04 4.937 5.802 5.210 4.910 4.838 4.837 4.846
0.00055082 -1.45000 10.07918 0.7320614457 2.3924059326    0.732 -0.015  3.7912  4.434    1  0.000  0.535     0.00     0.00     0.00     0.00     0.00 -1 -8.56e-14      0.00 8.459e-01 1.537e-01 6.704e-05 1.833e-05 1.671e-04 -1.000 3.860e-04 4.808 5.651 5.072 4.785 4.720 4.723 4.732
0.00055082 -1.45000 10.07918 0.7404816151 2.3959702887    0.740  0.036  3.7947  4.402    1  0.000  0.533     0.00     0.00     0.00     0.00     0.00 -1  -5.3e-14      0.00 8.504e-01 1.492e-01 6.539e-05 1.793e-05 1.635e-04 -1.000 3.718e-04 4.679 5.505 4.934 4.661 4.601 4.607 4.618
0.00055082 -1.45000 10.07918 0.7483611703 2.3992223856    0.748  0.088  3.7977  4.367    1  0.000  0.531     0.00     0.00     0.00     0.00     0.00 -1 -3.36e-14      0.00 8.544e-01 1.452e-01 6.395e-05 1.757e-05 1.604e-04 -1.000 3.559e-04 4.551 5.361 4.798 4.536 4.481 4.490 4.502
0.00055082 -1.45000 10.07918 0.7500000000 2.3998889087    0.749  0.099  3.7983  4.359    1  0.000  0.531     0.00     0.00     0.00     0.00     0.00 -1  -1.2e-13      0.00 8.552e-01 1.444e-01 6.367e-05 1.751e-05 1.598e-04 -1.000 3.558e-04 4.523 5.329 4.768 4.508 4.454 4.464 4.476
0.00055082 -1.45000 10.07918 0.7559108138 2.4022652903    0.755  0.140  3.8006  4.330    1  0.000  0.531     0.00     0.00     0.00     0.00     0.00 -1 -1.35e-13      0.00 8.568e-01 1.428e-01 6.327e-05 1.740e-05 1.589e-04 -1.000 3.558e-04 4.420 5.215 4.660 4.408 4.357 4.369 4.382
0.00055082 -1.45000 10.07918 0.7637824416 2.4053644171    0.763  0.199  3.8033  4.287    1  0.000  0.530     0.00     0.00     0.00     0.00     0.00 -1 -1.62e-13      0.00 8.588e-01 1.408e-01 6.282e-05 1.728e-05 1.580e-04 -1.000 3.546e-04 4.274 5.056 4.505 4.263 4.217 4.232 4.245
0.00055082 -1.45000 10.07918 0.7708187103 2.4080731300    0.770  0.255  3.8052  4.242    1  0.000  0.530     0.00     0.00     0.00     0.00     0.00 -1 -1.93e-13      0.00 8.602e-01 1.394e-01 6.254e-05 1.722e-05 1.574e-04 -1.000 3.739e-04 4.132 4.905 4.358 4.124 4.081 4.098 4.111
0.00055082 -1.45000 10.07918 0.7769851685 2.4104006669    0.776  0.308  3.8064  4.197    1  0.000  0.529     0.00     0.00     0.00     0.00     0.00 -1 -2.29e-13      0.00 8.598e-01 1.398e-01 6.284e-05 1.730e-05 1.582e-04 -1.000 3.944e-04 3.999 4.766 4.220 3.991 3.951 3.968 3.982
0.00055082 -1.45000 10.07918 0.7788547277 2.4110979666    0.778  0.325  3.8066  4.182    1  0.000  0.529     0.00     0.00     0.00     0.00     0.00 -1 -2.43e-13      0.00 8.596e-01 1.400e-01 6.295e-05 1.733e-05 1.585e-04 -1.000 4.004e-04 3.957 4.722 4.176 3.948 3.909 3.926 3.941
0.00055082 -1.45000 10.07918 0.7803487182 2.4116524271    0.779  0.340  3.8065  4.168    1  0.000  0.529     0.00     0.00     0.00     0.00     0.00 -1 -2.56e-13      0.00 8.595e-01 1.401e-01 6.305e-05 1.736e-05 1.588e-04 -1.000 4.034e-04 3.920 4.685 4.139 3.911 3.871 3.889 3.903
0.00055082 -1.45000 10.07918 0.7861541510 2.4137839947    0.785  0.401  3.8052  4.105    1  0.000  0.529     0.00     0.00     0.00     0.00     0.00 -1 -2.32e-13      0.00 8.588e-01 1.408e-01 6.343e-05 1.747e-05 1.597e-04 -1.000 4.156e-04 3.768 4.537 3.988 3.757 3.716 3.732 3.746
0.00055082 -1.45000 10.07918 0.7905660272 2.4153798397    0.789  0.454  3.8021  4.042    1  0.000  0.529     0.00     0.00     0.00     0.00     0.00 -1 -1.62e-13      0.00 8.584e-01 1.412e-01 6.371e-05 1.755e-05 1.605e-04 -1.000 4.256e-04 3.635 4.415 3.860 3.621 3.575 3.589 3.601
0.00055082 -1.45000 10.07918 0.7913179398 2.4156497780    0.790  0.464  3.8013  4.029    1  0.000  0.529     0.00     0.00     0.00     0.00     0.00 -1 -1.54e-13      0.00 8.583e-01 1.413e-01 6.376e-05 1.756e-05 1.606e-04 -1.000 4.273e-04 3.610 4.393 3.836 3.595 3.548 3.561 3.573
0.00055082 -1.45000 10.07918 0.7926837802 2.4161386117    0.791  0.484  3.7991  4.001    2  0.000  0.529     0.00     0.00     0.00     0.00     0.00 -1 -1.92e-13      0.00 8.581e-01 1.415e-01 6.388e-05 1.759e-05 1.609e-04 -1.000 4.288e-04 3.560 4.352 3.791 3.543 3.493 3.504 3.515
0.00055082 -1.45000 10.07918 0.7953725457 2.4170952805    0.794  0.527  3.7928  3.934    2  0.000  0.529     0.00     0.00     0.00     0.00     0.00 -1 -3.06e-13      0.00 8.577e-01 1.418e-01 6.410e-05 1.765e-05 1.615e-04 -1.000 4.334e-04 3.452 4.272 3.696 3.428 3.369 3.374 3.383
0.00055082 -1.45000 10.07918 0.7973299623 2.4177870686    0.796  0.564  3.7852  3.867    2  0.000  0.529     0.00     0.00     0.00     0.00     0.00 -1 -4.44e-13      0.00 8.564e-01 1.432e-01 6.488e-05 1.787e-05 1.634e-04 -1.000 4.249e-04 3.360 4.218 3.622 3.329 3.259 3.256 3.262
0.00055082 -1.45000 10.07918 0.7988201976 2.4183111327    0.797  0.595  3.7768  3.803    2  0.000  0.530     0.00     0.00     0.00     0.00     0.00 -1 -6.05e-13      0.00 8.388e-01 1.607e-01 7.168e-05 1.971e-05 1.801e-04 -1.000 4.384e-04 3.282 4.186 3.565 3.244 3.161 3.150 3.153
0.00055082 -1.45000 10.07918 0.8000000119 2.4187244405    0.798  0.622  3.7684  3.744    2  0.000  0.533     0.00     0.00     0.00     0.00     0.00 -1 -7.85e-13      0.00 8.126e-01 1.869e-01 8.064e-05 2.213e-05 2.018e-04 -1.000 4.637e-04 3.215 4.172 3.521 3.172 3.075 3.055 3.056
0.00055082 -1.45000 10.07918 0.8000696301 2.4187487850    0.798  0.624  3.7679  3.740    2  0.000  0.533     0.00     0.00     0.00     0.00     0.00 -1 -7.91e-13      0.00 8.110e-01 1.885e-01 8.117e-05 2.227e-05 2.031e-04 -1.000 4.650e-04 3.211 4.171 3.519 3.167 3.070 3.050 3.050
0.00055082 -1.45000 10.07918 0.8010125160 2.4190780206    0.799  0.649  3.7599  3.683    2  0.000  0.535     0.00     0.00     0.00     0.00     0.00 -1 -8.96e-13      0.00 7.913e-01 2.082e-01 8.748e-05 2.396e-05 2.181e-04 -1.000 4.719e-04 3.146 4.161 3.478 3.099 2.989 2.961 2.958
0.00055082 -1.45000 10.07918 0.8018739223 2.4193780270    0.800  0.681  3.7524  3.621    2  0.000  0.536     0.00     0.00     0.00     0.00     0.00 -1 -1.03e-12      0.00 7.798e-01 2.197e-01 9.115e-05 2.494e-05 2.268e-04 -1.000 5.027e-04 3.066 4.138 3.421 3.016 2.895 2.859 2.853
0.00055082 -1.45000 10.07918 0.8025439978 2.4196108856    0.801  0.716  3.7472  3.566    2  0.000  0.536     0.00     0.00     0.00     0.00     0.00 -1 -1.19e-12      0.00 7.739e-01 2.256e-01 9.303e-05 2.544e-05 2.314e-04 -1.000 5.295e-04 2.979 4.091 3.352 2.929 2.799 2.758 2.749
0.00055082 -1.45000 10.07918 0.8031873703 2.4198340442    0.801  0.758  3.7430  3.508    2  0.000  0.536     0.00     0.00     0.00     0.00     0.00 -1 -1.41e-12      0.00 7.699e-01 2.296e-01 9.429e-05 2.578e-05 2.344e-04 -1.000 4.838e-04 2.874 4.019 3.261 2.824 2.688 2.642 2.632
0.00055082 -1.45000 10.07918 0.8032952547 2.4198714245    0.802  0.767  3.7424  3.497    2  0.000  0.537     0.00     0.00     0.00     0.00     0.00 -1 -1.46e-12      0.00 7.694e-01 2.301e-01 9.445e-05 2.582e-05 2.347e-04 -1.000 5.006e-04 2.853 4.002 3.242 2.803 2.666 2.620 2.609
0.00055082 -1.45000 10.07918 0.8038631678 2.4200680074    0.802  0.812  3.7396  3.440    3  0.000  0.537     0.00     0.00     0.00     0.00     0.00 -1 -1.72e-12      0.00 7.666e-01 2.329e-01 9.520e-05 2.602e-05 2.366e-04 -1.000 5.621e-04 2.739 3.909 3.137 2.689 2.548 2.498 2.486
0.00055082 -1.45000 10.07918 0.8043417335 2.4202334149    0.802  0.855  3.7375  3.390    3  0.000  0.537     0.00     0.00     0.00     0.00     0.00 -1 -2.01e-12      0.00 7.645e-01 2.350e-01 9.573e-05 2.616e-05 2.378e-04 -1.000 5.229e-04 2.633 3.822 3.039 2.584 2.440 2.388 2.375
0.00055082 -1.45000 10.07918 0.8048728108 2.4204167073    0.803  0.905  3.7355  3.331    3  0.000  0.537     0.00     0.00     0.00     0.00     0.00 -1 -2.41e-12      0.00 7.623e-01 2.372e-01 9.620e-05 2.629e-05 2.390e-04 -1.000 5.275e-04 2.507 3.713 2.920 2.458 2.311 2.256 2.242
0.00055082 -1.45000 10.07918 0.8053637147 2.4205858872    0.803  0.956  3.7336  3.273    3  0.000  0.537     0.00     0.00     0.00     0.00     0.00 -1  -2.9e-12      0.00 7.603e-01 2.391e-01 9.656e-05 2.639e-05 2.398e-04 -1.000 5.561e-04 2.380 3.602 2.800 2.333 2.182 2.126 2.111
0.00055082 -1.45000 10.07918 0.8058563471 2.4207554247    0.804  1.011  3.7319  3.211    3  0.000  0.537     0.00     0.00     0.00     0.00     0.00 -1 -3.53e-12      0.00 7.583e-01 2.411e-01 9.685e-05 2.649e-05 2.406e-04 -1.000 5.637e-04 2.242 3.478 2.668 2.196 2.043 1.984 1.968
0.00055082 -1.45000 10.07918 0.8062927127 2.4209053991    0.804  1.065  3.7302  3.152    3  0.000  0.536     0.00     0.00     0.00     0.00     0.00 -1 -4.27e-12      0.00 7.566e-01 2.429e-01 9.698e-05 2.658e-05 2.412e-04 -1.000 5.436e-04 2.109 3.359 2.541 2.064 1.908 1.847 1.830
0.00055082 -1.45000 10.07918 0.8066629171 2.4210324884    0.804  1.114  3.7287  3.096    3  0.000  0.535     0.00     0.00     0.00     0.00     0.00 -1  -5.1e-12      0.00 7.550e-01 2.444e-01 9.697e-05 2.669e-05 2.417e-04 -1.000 5.244e-04 1.986 3.249 2.424 1.942 1.784 1.722 1.704
0.00055082 -1.45000 10.07918 0.8069527745 2.4211319013    0.805  1.155  3.7274  3.050    3  0.000  0.534     0.00     0.00     0.00     0.00     0.00 -1 -5.91e-12      0.00 7.538e-01 2.457e-01 9.686e-05 2.682e-05 2.420e-04 -1.000 5.236e-04 1.882 3.156 2.325 1.839 1.680 1.616 1.597
0.00055082 -1.45000 10.07918 0.8072736263 2.4212418487    0.805  1.205  3.7259  2.994    3  0.000  0.532     0.00     0.00     0.00     0.00     0.00 -1 -7.08e-12      0.00 7.525e-01 2.469e-01 9.662e-05 2.704e-05 2.422e-04 -1.000 5.639e-04 1.757 3.045 2.206 1.715 1.553 1.487 1.468
0.00055082 -1.45000 10.07918 0.8075804710 2.4213469023    0.805  1.258  3.7242  2.935    3  0.000  0.530     0.00     0.00     0.00     0.00     0.00 -1 -8.55e-12      0.00 7.514e-01 2.480e-01 9.625e-05 2.737e-05 2.425e-04 -1.000 5.229e-04 1.626 2.929 2.081 1.585 1.421 1.353 1.333
0.00055082 -1.45000 10.07918 0.8078584075 2.4214419794    0.805  1.310  3.7225  2.876    3  0.000  0.527     0.00     0.00     0.00     0.00     0.00 -1 -1.03e-11      0.00 7.505e-01 2.489e-01 9.585e-05 2.776e-05 2.427e-04 -1.000 5.455e-04 1.495 2.814 1.957 1.456 1.288 1.219 1.197
0.00055082 -1.45000 10.07918 0.8081010580 2.4215249243    0.805  1.360  3.7209  2.819    3  0.000  0.525     0.00     0.00     0.00     0.00     0.00 -1 -1.24e-11      0.00 7.498e-01 2.496e-01 9.548e-05 2.814e-05 2.428e-04 -1.000 5.556e-04 1.370 2.705 1.839 1.332 1.162 1.090 1.068
0.00055082 -1.45000 10.07918 0.8083204031 2.4215998535    0.805  1.409  3.7191  2.763    3  0.000  0.523     0.00     0.00     0.00     0.00     0.00 -1 -1.48e-11      0.00 7.493e-01 2.501e-01 9.516e-05 2.847e-05 2.429e-04 -1.000 5.621e-04 1.247 2.598 1.723 1.210 1.037 0.963 0.940
0.00055082 -1.45000 10.07918 0.8085177541 2.4216672295    0.805  1.458  3.7174  2.707    3  0.000  0.521     0.00     0.00     0.00     0.00     0.00 -1 -1.76e-11      0.00 7.490e-01 2.505e-01 9.493e-05 2.872e-05 2.430e-04 -1.000 5.526e-04 1.124 2.494 1.608 1.090 0.914 0.838 0.814
0.00055082 -1.45000 10.07918 0.8087009788 2.4217297488    0.805  1.508  3.7156  2.650    3  0.000  0.520     0.00     0.00     0.00     0.00     0.00 -1 -2.11e-11      0.00 7.487e-01 2.507e-01 9.478e-05 2.890e-05 2.430e-04 -1.000 5.583e-04 1.000 2.388 1.492 0.967 0.788 0.710 0.685
0.00055082 -1.45000 10.07918 0.8088631630 2.4217850617    0.805  1.557  3.7137  2.594    3  0.000  0.520     0.00     0.00     0.00     0.00     0.00 -1 -2.52e-11      0.00 7.486e-01 2.509e-01 9.471e-05 2.899e-05 2.431e-04 -1.000 5.584e-04 0.878 2.285 1.379 0.847 0.666 0.585 0.559
0.00055082 -1.45000 10.07918 0.8090144396 2.4218366315    0.805  1.606  3.7118  2.537    3  0.000  0.520     0.00     0.00     0.00     0.00     0.00 -1 -3.02e-11      0.00 7.486e-01 2.509e-01 9.468e-05 2.903e-05 2.431e-04 -1.000 5.584e-04 0.754 2.180 1.264 0.725 0.541 0.458 0.431
0.00055082 -1.45000 10.07918 0.8091481924 2.4218822090    0.805  1.654  3.7099  2.481    3  0.000  0.520     0.00     0.00     0.00     0.00     0.00 -1 -3.59e-11      0.00 7.485e-01 2.509e-01 9.467e-05 2.904e-05 2.431e-04 -1.000 5.584e-04 0.635 2.081 1.153 0.607 0.419 0.334 0.306
0.00055082 -1.45000 10.07918 0.8092673421 2.4219227958    0.805  1.701  3.7079  2.427    3  0.000  0.520     0.00     0.00     0.00     0.00     0.00 -1 -4.26e-11      0.00 7.485e-01 2.509e-01 9.466e-05 2.905e-05 2.431e-04 -1.000 5.586e-04 0.518 1.989 1.045 0.492 0.301 0.213 0.184
0.00055082 -1.45000 10.07918 0.8093779087 2.4219604465    0.805  1.748  3.7060  2.371    3  0.000  0.520     0.00     0.00     0.00     0.00     0.00 -1 -5.06e-11      0.00 7.485e-01 2.509e-01 9.465e-05 2.906e-05 2.431e-04 -1.000 5.586e-04 0.400 1.896 0.937 0.375 0.181 0.091 0.061
0.00055082 -1.45000 10.07918 0.8094760180 2.4219938453    0.805  1.794  3.7040  2.318    3  0.000  0.520     0.00     0.00     0.00     0.00     0.00 -1 -5.98e-11      0.00 7.485e-01 2.509e-01 9.465e-05 2.907e-05 2.431e-04 -1.000 5.586e-04 0.285 1.808 0.833 0.263 0.065 -0.027 -0.058
0.00055082 -1.45000 10.07918 0.8095684648 2.4220253080    0.804  1.840  3.7019  2.263    3  0.000  0.520     0.00     0.00     0.00     0.00     0.00 -1  -7.1e-11      0.00 7.485e-01 2.509e-01 9.464e-05 2.908e-05 2.431e-04 -1.000 5.586e-04 0.169 1.717 0.727 0.148 -0.053 -0.148 -0.180
0.00055082 -1.45000 10.07918 0.8096518517 2.4220536802    0.804  1.886  3.6999  2.209    3  0.000  0.520     0.00     0.00     0.00     0.00     0.00 -1 -8.39e-11      0.00 7.485e-01 2.509e-01 9.464e-05 2.908e-05 2.431e-04 -1.000 5.586e-04 0.055 1.631 0.624 0.037 -0.168 -0.266 -0.299
0.00055082 -1.45000 10.07918 0.8097297549 2.4220801805    0.804  1.931  3.6977  2.155    3  0.000  0.520     0.00     0.00     0.00     0.00     0.00 -1 -9.91e-11      0.00 7.485e-01 2.509e-01 9.463e-05 2.909e-05 2.431e-04 -1.000 5.587e-04 -0.058 1.546 0.522 -0.075 -0.283 -0.383 -0.418
0.00055082 -1.45000 10.07918 0.8098043799 2.4221055602    0.804  1.977  3.6956  2.100    3  0.000  0.520     0.00     0.00     0.00     0.00     0.00 -1 -1.17e-10      0.00 7.485e-01 2.509e-01 9.463e-05 2.910e-05 2.431e-04 -1.000 5.587e-04 -0.173 1.461 0.420 -0.186 -0.399 -0.502 -0.537
0.00055082 -1.45000 10.07918 0.8098809123 2.4221315829    0.803  2.019  3.6936  2.050    3  0.000  0.519     0.00     0.00     0.00     0.00     0.00 -1 -1.37e-10      0.00 7.485e-01 2.510e-01 9.462e-05 2.910e-05 2.431e-04 -1.000 5.587e-04 -0.277 1.386 0.328 -0.288 -0.504 -0.610 -0.646
0.00055082 -1.45000 10.07918 0.8099504709 2.4221552296    0.803  2.048  3.6923  2.016    3  0.000  0.519     0.00     0.00     0.00     0.00     0.00 -1 -1.53e-10      0.00 7.485e-01 2.510e-01 9.462e-05 2.911e-05 2.431e-04 -1.000 5.587e-04 -0.349 1.331 0.263 -0.358 -0.577 -0.684 -0.721
0.00055082 -1.45000 10.07918 0.8099911213 2.4221690466    0.802  2.035  3.6932  2.032    3  0.000  0.519     0.00     0.00     0.00     0.00     0.00 -1 -1.47e-10      0.00 7.485e-01 2.510e-01 9.462e-05 2.911e-05 2.431e-04 -1.000 5.586e-04 -0.317 1.351 0.290 -0.327 -0.544 -0.650 -0.687
0.00055082 -1.45000 10.07918 0.8100053668 2.4221738882    0.802  2.030  3.6935  2.038    3  0.000  0.519     0.00     0.00     0.00     0.00     0.00 -1 -1.45e-10      0.00 7.485e-01 2.510e-01 9.462e-05 2.911e-05 2.431e-04 -1.000 5.587e-04 -0.306 1.359 0.300 -0.316 -0.532 -0.638 -0.675
0.00055082 -1.45000 10.07918 0.8100534081 2.4221902147    0.802  2.070  3.6915  1.990    3  0.000  0.519     0.00     0.00     0.00     0.00     0.00 -1 -1.66e-10      0.00 7.485e-01 2.510e-01 9.461e-05 2.912e-05 2.431e-04 -1.000 5.587e-04 -0.405 1.287 0.212 -0.413 -0.633 -0.741 -0.779
0.00055082 -1.45000 10.07918 0.8100989461 2.4222056884    0.802  2.110  3.6895  1.942    3  0.000  0.519     0.00     0.00     0.00     0.00     0.00 -1 -1.91e-10      0.00 7.485e-01 2.510e-01 9.461e-05 2.912e-05 2.431e-04 -1.000 5.587e-04 -0.505 1.222 0.125 -0.510 -0.733 -0.844 -0.883
0.00055082 -1.45000 10.07918 0.8101432920 2.4222207551    0.801  2.151  3.6873  1.892    3  0.000  0.519     0.00     0.00     0.00     0.00     0.00 -1 -2.23e-10      0.00 7.485e-01 2.510e-01 9.461e-05 2.912e-05 2.431e-04 -1.000 5.587e-04 -0.608 1.155 0.036 -0.609 -0.837 -0.951 -0.992
0.00055082 -1.45000 10.07918 0.8101844788 2.4222347468    0.801  2.193  3.6851  1.841    3  0.000  0.519     0.00     0.00     0.00     0.00     0.00 -1 -2.61e-10      0.00 7.485e-01 2.510e-01 9.461e-05 2.913e-05 2.431e-04 -1.000 5.587e-04 -0.712 1.092 -0.053 -0.710 -0.942 -1.059 -1.100
0.00055082 -1.45000 10.07918 0.8102211952 2.4222472185    0.800  2.233  3.6829  1.792    3  0.000  0.519     0.00     0.00     0.00     0.00     0.00 -1 -3.03e-10      0.00 7.485e-01 2.510e-01 9.460e-05 2.913e-05 2.431e-04 -1.000 5.589e-04 -0.812 1.041 -0.137 -0.809 -1.044 -1.163 -1.207
0.00055082 -1.45000 10.07918 0.8102554083 2.4222588387    0.800  2.273  3.6807  1.743    3  0.000  0.519     0.00     0.00     0.00     0.00     0.00 -1 -3.51e-10      0.00 7.485e-01 2.510e-01 9.460e-05 2.913e-05 2.431e-04 -1.000 5.588e-04 -0.912 0.992 -0.221 -0.907 -1.146 -1.268 -1.312
0.00055082 -1.45000 10.07918 0.8102869391 2.4222695468    0.799  2.312  3.6784  1.694    3  0.000  0.519     0.00     0.00     0.00     0.00     0.00 -1 -4.07e-10      0.00 7.485e-01 2.510e-01 9.460e-05 2.914e-05 2.431e-04 -1.000 5.588e-04 -1.011 0.949 -0.301 -1.003 -1.246 -1.371 -1.417
0.00055082 -1.45000 10.07918 0.8103163838 2.4222795457    0.798  2.352  3.6762  1.646    3  0.000  0.519     0.00     0.00     0.00     0.00     0.00 -1 -4.71e-10      0.00 7.485e-01 2.510e-01 9.460e-05 2.914e-05 2.431e-04 -1.000 5.588e-04 -1.109 0.907 -0.381 -1.099 -1.346 -1.474 -1.521
0.00055082 -1.45000 10.07918 0.8103426099 2.4222884508    0.798  2.389  3.6740  1.599    3  0.000  0.519     0.00     0.00     0.00     0.00     0.00 -1 -5.42e-10      0.00 7.484e-01 2.510e-01 9.460e-05 2.914e-05 2.431e-04 -1.000 5.588e-04 -1.203 0.873 -0.455 -1.191 -1.442 -1.572 -1.621
0.00055082 -1.45000 10.07918 0.8103671670 2.4222967887    0.797  2.427  3.6717  1.552    3  0.000  0.519     0.00     0.00     0.00     0.00     0.00 -1 -6.24e-10      0.00 7.484e-01 2.510e-01 9.460e-05 2.914e-05 2.431e-04 -1.000 5.588e-04 -1.297 0.840 -0.528 -1.282 -1.538 -1.671 -1.721
0.00055082 -1.45000 10.07918 0.8103950620 2.4223062591    0.796  2.473  3.6689  1.494    3  0.000  0.519     0.00     0.00     0.00     0.00     0.00 -1 -7.41e-10      0.00 7.484e-01 2.510e-01 9.459e-05 2.914e-05 2.431e-04 -1.000 5.589e-04 -1.412 0.808 -0.615 -1.393 -1.654 -1.791 -1.843
0.00055082 -1.45000 10.07918 0.8104200959 2.4223147576    0.795  2.517  3.6662  1.438    3  0.000  0.519     7.63     5.96     4.22     3.27     2.64  3 -8.77e-10      0.00 7.484e-01 2.510e-01 9.459e-05 2.915e-05 2.431e-04 -1.000 5.588e-04 -1.523 0.784 -0.696 -1.499 -1.766 -1.907 -1.961
0.00055082 -1.45000 10.07918 0.8104433417 2.4223226485    0.794  2.562  3.6633  1.381    3  0.000  0.519     8.60     6.61     4.65     3.61     2.92  3 -1.04e-09      0.00 7.484e-01 2.510e-01 9.459e-05 2.915e-05 2.431e-04 -1.000 5.588e-04 -1.635 0.771 -0.774 -1.606 -1.879 -2.024 -2.080
0.00055082 -1.45000 10.07918 0.8104641438 2.4223297094    0.793  2.605  3.6607  1.327    3  0.000  0.519     9.64     7.29     5.11     3.97     3.21  3 -1.22e-09      0.00 7.484e-01 2.510e-01 9.459e-05 2.915e-05 2.431e-04 -1.000 5.588e-04 -1.743 0.760 -0.848 -1.708 -1.987 -2.136 -2.194
0.00055082 -1.45000 10.07918 0.8104832172 2.4223361832    0.792  2.647  3.6578  1.272    3  0.000  0.519    10.82     8.04     5.61     4.36     3.53  3 -1.43e-09      0.00 7.484e-01 2.510e-01 9.459e-05 2.915e-05 2.431e-04 -1.000 5.588e-04 -1.849 0.762 -0.915 -1.806 -2.093 -2.246 -2.307
0.00055082 -1.45000 10.07918 0.8105015159 2.4223423937    0.790  2.691  3.6549  1.216    3  0.000  0.519    12.18     8.90     6.18     4.81     3.90  3 -1.69e-09      0.00 7.484e-01 2.510e-01 9.459e-05 2.915e-05 2.431e-04 -1.000 5.588e-04 -1.958 0.740 -0.989 -1.904 -2.199 -2.357 -2.420
0.00055082 -1.45000 10.07918 0.8105173111 2.4223477543    0.789  2.732  3.6522  1.163    3  0.000  0.519    13.61     9.78     6.76     5.27     4.27  2 -1.98e-09      0.00 7.484e-01 2.510e-01 9.459e-05 2.915e-05 2.431e-04 -1.000 5.588e-04 -2.060 0.721 -1.057 -1.995 -2.298 -2.460 -2.525
0.00055082 -1.45000 10.07918 0.8105322123 2.4223528112    0.787  2.773  3.6493  1.110    3  0.000  0.519    15.23    10.76     7.41     5.79     4.69  2 -2.32e-09      0.00 7.484e-01 2.510e-01 9.459e-05 2.916e-05 2.431e-04 -1.000 5.589e-04 -2.163 0.705 -1.124 -2.086 -2.396 -2.564 -2.631
0.00055082 -1.45000 10.07918 0.8105463386 2.4223576050    0.785  2.815  3.6465  1.056    3  0.000  0.519    17.06    11.85     8.13     6.36     5.15  2 -2.72e-09      0.00 7.484e-01 2.510e-01 9.459e-05 2.916e-05 2.431e-04 -1.000 5.589e-04 -2.267 0.689 -1.191 -2.177 -2.495 -2.668 -2.738
0.00055082 -1.45000 10.07918 0.8105584979 2.4223617311    0.783  2.853  3.6438  1.006    3  0.000  0.519    18.95    12.97     8.86     6.94     5.62  2 -3.14e-09      0.00 7.484e-01 2.510e-01 9.458e-05 2.916e-05 2.431e-04 -1.000 5.589e-04 -2.362 0.678 -1.250 -2.260 -2.586 -2.763 -2.835
0.00055082 -1.45000 10.07918 0.8105702400 2.4223657155    0.781  2.892  3.6409  0.954    3  0.000  0.519    21.15    14.23     9.68     7.59     6.15  2 -3.66e-09      0.00 7.484e-01 2.510e-01 9.458e-05 2.916e-05 2.431e-04 -1.000 5.588e-04 -2.461 0.676 -1.307 -2.345 -2.680 -2.862 -2.937
0.00055082 -1.45000 10.07918 0.8105813265 2.4223694773    0.779  2.932  3.6382  0.903    3  0.000  0.519    23.58    15.62    10.58     8.31     6.74  2 -4.26e-09      0.00 7.484e-01 2.510e-01 9.458e-05 2.916e-05 2.431e-04 -1.000 5.589e-04 -2.559 0.675 -1.362 -2.429 -2.773 -2.961 -3.038
0.00055082 -1.45000 10.07918 0.8105908632 2.4223727132    0.777  2.968  3.6356  0.855    3  0.000  0.519    26.06    17.01    11.47     9.02     7.32  1  -4.9e-09      0.00 7.484e-01 2.510e-01 9.458e-05 2.916e-05 2.431e-04 -1.000 5.589e-04 -2.649 0.675 -1.410 -2.504 -2.857 -3.050 -3.129
0.00055082 -1.45000 10.07918 0.8106001019 2.4223758479    0.774  3.005  3.6328  0.805    3  0.000  0.519    28.94    18.59    12.49     9.84     7.98  1 -5.66e-09      0.00 7.484e-01 2.510e-01 9.458e-05 2.916e-05 2.431e-04 -1.000 5.589e-04 -2.742 0.681 -1.456 -2.580 -2.942 -3.141 -3.223
0.00055082 -1.45000 10.07918 0.8106089830 2.4223788611    0.772  3.043  3.6301  0.755    3  0.000  0.519    32.17    20.34    13.61    10.74     8.71  1 -6.55e-09      0.00 7.484e-01 2.510e-01 9.458e-05 2.916e-05 2.431e-04 -1.000 5.589e-04 -2.836 0.684 -1.505 -2.658 -3.030 -3.235 -3.319
0.00055082 -1.45000 10.07918 0.8106167316 2.4223814901    0.769  3.077  3.6275  0.708    3  0.000  0.519    35.51    22.12    14.74    11.64     9.45  1  -7.5e-09      0.00 7.484e-01 2.510e-01 9.458e-05 2.916e-05 2.431e-04 -1.000 5.589e-04 -2.924 0.688 -1.547 -2.728 -3.110 -3.320 -3.407
0.00055082 -1.45000 10.07918 0.8106244802 2.4223841190    0.766  3.114  3.6247  0.659    3  0.000  0.519    39.37    24.14    16.03    12.68    10.29  1 -8.65e-09      0.00 7.484e-01 2.510e-01 9.458e-05 2.916e-05 2.431e-04 -1.000 5.589e-04 -3.015 0.692 -1.591 -2.801 -3.193 -3.409 -3.498
0.00055082 -1.45000 10.07918 0.8106316328 2.4223865456    0.762  3.149  3.6221  0.611    3  0.000  0.519    43.56    26.31    17.39    13.78    11.19  1 -9.95e-09      0.00 7.484e-01 2.510e-01 9.458e-05 2.916e-05 2.431e-04 -1.000 5.588e-04 -3.104 0.696 -1.633 -2.872 -3.274 -3.496 -3.587
0.00055082 -1.45000 10.07918 0.8106381893 2.4223887700    0.759  3.184  3.6196  0.565    3  0.000  0.519    48.02    28.57    18.82    14.93    12.12  1 -1.14e-08      0.00 7.484e-01 2.510e-01 9.458e-05 2.916e-05 2.431e-04 -1.000 5.589e-04 -3.189 0.697 -1.674 -2.941 -3.353 -3.580 -3.673
0.00055082 -1.45000 10.07918 0.8106444478 2.4223908932    0.755  3.218  3.6170  0.517    3  0.000  0.519    53.05    31.09    20.39    16.20    13.16  1  -1.3e-08      0.00 7.484e-01 2.510e-01 9.458e-05 2.917e-05 2.431e-04 -1.000 5.589e-04 -3.276 0.701 -1.711 -3.008 -3.430 -3.663 -3.759
0.00055082 -1.45000 10.07918 0.8106503487 2.4223928950    0.750  3.252  3.6144  0.471    3  0.000  0.519    58.50    33.76    22.07    17.56    14.26  1 -1.49e-08      0.00 7.484e-01 2.510e-01 9.458e-05 2.917e-05 2.431e-04 -1.000 5.589e-04 -3.361 0.703 -1.743 -3.072 -3.506 -3.745 -3.844
0.00055082 -1.45000 10.07918 0.8106558919 2.4223947755    0.746  3.284  3.6121  0.427    3  0.000  0.519    64.16    36.50    23.77    18.93    15.38  1  -1.7e-08      0.00 7.484e-01 2.510e-01 9.458e-05 2.917e-05 2.431e-04 -1.000 5.589e-04 -3.440 0.703 -1.770 -3.131 -3.576 -3.822 -3.923
0.00055082 -1.45000 10.07918 0.8106601238 2.4223962111    0.742  3.307  3.6104  0.395    3  0.000  0.519    68.66    38.65    25.10    20.01    16.26  1 -1.87e-08      0.00 7.484e-01 2.510e-01 9.458e-05 2.917e-05 2.431e-04 -1.000 5.589e-04 -3.499 0.702 -1.789 -3.174 -3.628 -3.878 -3.981
0.00055082 -1.45000 10.07918 0.8106601238 2.4223962111    0.742  1.727  3.7650  2.594    4  0.000  0.524     0.00     0.00     0.00     0.00     0.00 -1    -1e-30      0.00 7.418e-01 2.576e-01 9.757e-05 2.912e-05 2.487e-04 -1.000 5.698e-04 0.454 1.402 0.735 0.400 0.306 0.281 0.278
0.00055082 -1.45000 10.07918 0.8107063174 2.4224118806    0.742  1.743  3.7628  2.569    4  0.000  0.524     0.00     0.00     0.00     0.00     0.00 -1    -1e-30      0.00 7.418e-01 2.576e-01 9.757e-05 2.912e-05 2.487e-04 -1.000 5.698e-04 0.412 1.375 0.701 0.358 0.261 0.234 0.230
0.00055082 -1.45000 10.07918 0.8107535839 2.4224279119    0.742  1.746  3.7628  2.566    4  0.000  0.524     0.00     0.00     0.00     0.00     0.00 -1    -1e-30      0.00 7.418e-01 2.576e-01 9.757e-05 2.912e-05 2.487e-04 -1.000 5.698e-04 0.405 1.368 0.694 0.351 0.254 0.226 0.223
0.00055082 -1.45000 10.07918 0.8108016849 2.4224442239    0.742  1.747  3.7633  2.567    4  0.000  0.524     0.00     0.00     0.00     0.00     0.00 -1    -1e-30      0.00 7.418e-01 2.576e-01 9.757e-05 2.912e-05 2.487e-04 -1.000 5.698e-04 0.403 1.362 0.690 0.348 0.252 0.225 0.222
0.00055082 -1.45000 10.07918 0.8108513355 2.4224610592    0.742  1.747  3.7640  2.569    4  0.000  0.524     0.00     0.00     0.00     0.00     0.00 -1    -1e-30      0.00 7.418e-01 2.576e-01 9.757e-05 2.912e-05 2.487e-04 -1.000 5.698e-04 0.402 1.356 0.686 0.347 0.252 0.226 0.223
0.00055082 -1.45000 10.07918 0.8108996749 2.4224774476    0.742  1.747  3.7651  2.574    4  0.000  0.524     0.00     0.00     0.00     0.00     0.00 -1    -1e-30      0.00 7.418e-01 2.576e-01 9.757e-05 2.912e-05 2.487e-04 -1.000 5.698e-04 0.402 1.349 0.682 0.347 0.254 0.229 0.226
0.00055082 -1.45000 10.07918 0.8109483719 2.4224939550    0.742  1.747  3.7664  2.579    4  0.000  0.524     0.00     0.00     0.00     0.00     0.00 -1    -1e-30      0.00 7.418e-01 2.576e-01 9.757e-05 2.912e-05 2.487e-04 -1.000 5.698e-04 0.403 1.342 0.679 0.349 0.258 0.234 0.232
0.00055082 -1.45000 10.07918 0.8109982014 2.4225108438    0.742  1.746  3.7680  2.587    4  0.000  0.524     0.00     0.00     0.00     0.00     0.00 -1    -1e-30      0.00 7.418e-01 2.576e-01 9.757e-05 2.912e-05 2.487e-04 -1.000 5.698e-04 0.406 1.333 0.675 0.351 0.263 0.240 0.239
0.00055082 -1.45000 10.07918 0.8110473156 2.4225274880    0.742  1.745  3.7697  2.595    4  0.000  0.524     0.00     0.00     0.00     0.00     0.00 -1    -1e-30      0.00 7.418e-01 2.576e-01 9.757e-05 2.912e-05 2.487e-04 -1.000 5.698e-04 0.408 1.324 0.671 0.353 0.268 0.247 0.247
0.00055082 -1.45000 10.07918 0.8110972643 2.4225444125    0.742  1.744  3.7715  2.603    4  0.000  0.524     0.00     0.00     0.00     0.00     0.00 -1    -1e-30      0.00 7.418e-01 2.576e-01 9.757e-05 2.912e-05 2.487e-04 -1.000 5.698e-04 0.411 1.314 0.667 0.356 0.274 0.255 0.255
0.00055082 -1.45000 10.07918 0.8111444712 2.4225604058    0.743  1.743  3.7732  2.611    4  0.000  0.524     0.00     0.00     0.00     0.00     0.00 -1    -1e-30      0.00 7.418e-01 2.576e-01 9.757e-05 2.912e-05 2.487e-04 -1.000 5.698e-04 0.414 1.305 0.663 0.359 0.280 0.262 0.263
0.00055082 -1.45000 10.07918 0.8111948967 2.4225774872    0.743  1.742  3.7748  2.618    4  0.000  0.524     0.00     0.00     0.00     0.00     0.00 -1    -1e-30      0.00 7.418e-01 2.576e-01 9.757e-05 2.912e-05 2.487e-04 -1.000 5.698e-04 0.416 1.297 0.660 0.361 0.285 0.269 0.270
0.00055082 -1.45000 10.07918 0.8112443089 2.4225942230    0.743  1.741  3.7762  2.625    4  0.000  0.524     0.00     0.00     0.00     0.00     0.00 -1    -1e-30      0.00 7.418e-01 2.576e-01 9.757e-05 2.912e-05 2.487e-04 -1.000 5.698e-04 0.418 1.289 0.656 0.363 0.289 0.275 0.277
0.00055082 -1.45000 10.07918 0.8112905622 2.4226098867    0.743  1.740  3.7774  2.630    4  0.000  0.524     0.00     0.00     0.00     0.00     0.00 -1    -1e-30      0.00 7.418e-01 2.576e-01 9.757e-05 2.912e-05 2.487e-04 -1.000 5.698e-04 0.419 1.282 0.653 0.364 0.293 0.279 0.281
0.00055082 -1.45000 10.07918 0.8113393784 2.4226264161    0.743  1.740  3.7784  2.635    4  0.000  0.524     0.00     0.00     0.00     0.00     0.00 -1    -1e-30      0.00 7.418e-01 2.576e-01 9.757e-05 2.912e-05 2.487e-04 -1.000 5.698e-04 0.420 1.276 0.650 0.365 0.295 0.283 0.286
0.00055082 -1.45000 10.07918 0.8113508224 2.4226302908    0.743  1.740  3.7787  2.635    4  0.000  0.524     0.00     0.00     0.00     0.00     0.00 -1    -1e-30      0.00 7.418e-01 2.576e-01 9.757e-05 2.912e-05 2.487e-04 -1.000 5.698e-04 0.420 1.275 0.650 0.365 0.296 0.284 0.286
0.00055082 -1.45000 10.07918 0.8113564849 2.4226322079    0.743  1.740  3.7787  2.636    4  0.000  0.524     0.00     0.00     0.00     0.00     0.00 -1    -1e-30      0.00 7.418e-01 2.576e-01 9.757e-05 2.912e-05 2.487e-04 -1.000 5.698e-04 0.420 1.274 0.649 0.365 0.296 0.284 0.287
0.00055082 -1.45000 10.07918 0.8114062548 2.4226490571    0.743  1.740  3.7792  2.637    4  0.000  0.524     0.00     0.00     0.00     0.00     0.00 -1    -1e-30      0.00 7.418e-01 2.576e-01 9.757e-05 2.912e-05 2.487e-04 -1.000 5.699e-04 0.420 1.271 0.647 0.365 0.296 0.285 0.288
0.00055082 -1.45000 10.07918 0.8114579320 2.4226665495    0.743  1.741  3.7792  2.637    4  0.000  0.524     0.00     0.00     0.00     0.00     0.00 -1    -1e-30      0.00 7.418e-01 2.576e-01 9.757e-05 2.912e-05 2.487e-04 -1.000 5.698e-04 0.418 1.270 0.646 0.363 0.295 0.283 0.286
0.00055082 -1.45000 10.07918 0.8115066886 2.4226830509    0.743  1.742  3.7788  2.635    4  0.000  0.524     0.00     0.00     0.00     0.00     0.00 -1    -1e-30      0.00 7.418e-01 2.576e-01 9.757e-05 2.912e-05 2.487e-04 -1.000 5.698e-04 0.416 1.270 0.645 0.361 0.292 0.280 0.283
0.00055082 -1.45000 10.07918 0.8115557432 2.4226996509    0.743  1.743  3.7780  2.630    4  0.000  0.524     0.00     0.00     0.00     0.00     0.00 -1    -1e-30      0.00 7.418e-01 2.576e-01 9.757e-05 2.912e-05 2.487e-04 -1.000 5.698e-04 0.413 1.272 0.645 0.358 0.287 0.274 0.277
0.00055082 -1.45000 10.07918 0.8116047978 2.4227162486    0.743  1.745  3.7767  2.623    4  0.000  0.524     0.00     0.00     0.00     0.00     0.00 -1    -1e-30      0.00 7.418e-01 2.576e-01 9.757e-05 2.912e-05 2.487e-04 -1.000 5.698e-04 0.408 1.276 0.645 0.353 0.281 0.266 0.268
0.00055082 -1.45000 10.07918 0.8116529584 2.4227325415    0.743  1.747  3.7750  2.614    4  0.000  0.524     0.00     0.00     0.00     0.00     0.00 -1    -1e-30      0.00 7.418e-01 2.576e-01 9.757e-05 2.912e-05 2.487e-04 -1.000 5.698e-04 0.403 1.282 0.646 0.348 0.272 0.256 0.258
0.00055082 -1.45000 10.07918 0.8117018938 2.4227490943    0.743  1.750  3.7732  2.604    4  0.000  0.524     0.00     0.00     0.00     0.00     0.00 -1    -1e-30      0.00 7.418e-01 2.576e-01 9.757e-05 2.912e-05 2.487e-04 -1.000 5.698e-04 0.396 1.288 0.646 0.341 0.262 0.245 0.245
0.00055082 -1.45000 10.07918 0.8117108941 2.4227521385    0.743  1.750  3.7728  2.602    4  0.000  0.524     0.00     0.00     0.00     0.00     0.00 -1    -1e-30      0.00 7.418e-01 2.576e-01 9.757e-05 2.912e-05 2.487e-04 -1.000 5.698e-04 0.395 1.289 0.646 0.340 0.260 0.242 0.243
0.00055082 -1.45000 10.07918 0.8117199540 2.4227552027    0.743  1.751  3.7724  2.600    4  0.000  0.524     0.00     0.00     0.00     0.00     0.00 -1    -1e-30      0.00 7.418e-01 2.576e-01 9.757e-05 2.912e-05 2.487e-04 -1.000 5.698e-04 0.393 1.290 0.646 0.338 0.258 0.240 0.240
0.00055082 -1.45000 10.07918 0.8117656708 2.4227706639    0.743  1.754  3.7704  2.589    4  0.000  0.524     0.00     0.00     0.00     0.00     0.00 -1    -1e-30      0.00 7.418e-01 2.576e-01 9.757e-05 2.912e-05 2.487e-04 -1.000 5.698e-04 0.385 1.296 0.645 0.330 0.246 0.226 0.225
0.00055082 -1.45000 10.07918 0.8118104935 2.4227858208    0.743  1.758  3.7682  2.576    4  0.000  0.524     0.00     0.00     0.00     0.00     0.00 -1    -1e-30      0.00 7.418e-01 2.576e-01 9.757e-05 2.912e-05 2.487e-04 -1.000 5.698e-04 0.376 1.302 0.644 0.321 0.233 0.211 0.210
0.00055082 -1.45000 10.07918 0.8118569255 2.4228015198    0.743  1.762  3.7657  2.562    4  0.000  0.524     0.00     0.00     0.00     0.00     0.00 -1    -1e-30      0.00 7.418e-01 2.576e-01 9.757e-05 2.912e-05 2.487e-04 -1.000 5.698e-04 0.365 1.307 0.642 0.310 0.218 0.193 0.191
0.00055082 -1.45000 10.07918 0.8119043112 2.4228175391    0.743  1.767  3.7633  2.548    4  0.000  0.524     0.00     0.00     0.00     0.00     0.00 -1    -1e-30      0.00 7.418e-01 2.576e-01 9.757e-05 2.912e-05 2.487e-04 -1.000 5.698e-04 0.352 1.311 0.638 0.298 0.202 0.175 0.171
0.00055082 -1.45000 10.07918 0.8119489551 2.4228326296    0.743  1.772  3.7612  2.534    4  0.000  0.524     0.00     0.00     0.00     0.00     0.00 -1    -1e-30      0.00 7.418e-01 2.576e-01 9.757e-05 2.912e-05 2.487e-04 -1.000 5.698e-04 0.340 1.313 0.634 0.285 0.186 0.157 0.152
0.00055082 -1.45000 10.07918 0.8119952679 2.4228482822    0.743  1.778  3.7590  2.520    4  0.000  0.524     0.00     0.00     0.00     0.00     0.00 -1    -1e-30      0.00 7.418e-01 2.576e-01 9.757e-05 2.912e-05 2.487e-04 -1.000 5.698e-04 0.325 1.314 0.628 0.271 0.168 0.137 0.132
0.00055082 -1.45000 10.07918 0.8120405078 2.4228635702    0.744  1.784  3.7572  2.506    4  0.000  0.524     0.00     0.00     0.00     0.00     0.00 -1    -1e-30      0.00 7.418e-01 2.576e-01 9.757e-05 2.912e-05 2.487e-04 -1.000 5.698e-04 0.311 1.315 0.621 0.258 0.151 0.118 0.112
0.00055082 -1.45000 10.07918 0.8120856881 2.4228788361    0.744  1.789  3.7556  2.495    4  0.000  0.524     0.00     0.00     0.00     0.00     0.00 -1    -1e-30      0.00 7.418e-01 2.576e-01 9.757e-05 2.912e-05 2.487e-04 -1.000 5.699e-04 0.298 1.314 0.614 0.245 0.135 0.100 0.094
0.00055082 -1.45000 10.07918 0.8121313453 2.4228942612    0.744  1.797  3.7534  2.478    4  0.000  0.524     0.00     0.00     0.00     0.00     0.00 -1    -1e-30      0.00 7.418e-01 2.576e-01 9.757e-05 2.912e-05 2.487e-04 -1.000 5.698e-04 0.277 1.310 0.602 0.225 0.111 0.074 0.067
0.00055082 -1.45000 10.07918 0.8121791482 2.4229104090    0.744  1.808  3.7508  2.457    4  0.000  0.524     0.00     0.00     0.00     0.00     0.00 -1    -1e-30      0.00 7.418e-01 2.576e-01 9.757e-05 2.912e-05 2.487e-04 -1.000 5.698e-04 0.251 1.304 0.585 0.198 0.081 0.041 0.032
0.00055082 -1.45000 10.07918 0.8122260571 2.4229262527    0.744  1.821  3.7479  2.432    4  0.000  0.524     0.00     0.00     0.00     0.00     0.00 -1    -1e-30      0.00 7.418e-01 2.576e-01 9.757e-05 2.912e-05 2.487e-04 -1.000 5.698e-04 0.218 1.294 0.564 0.166 0.044 0.001 -0.009
0.00055082 -1.45000 10.07918 0.8122715950 2.4229416313    0.744  1.852  3.7420  2.378    4  0.000  0.524     0.00     0.00     0.00     0.00     0.00 -1    -1e-30      0.00 7.418e-01 2.576e-01 9.757e-05 2.912e-05 2.487e-04 -1.000 5.698e-04 0.140 1.266 0.510 0.090 -0.042 -0.092 -0.104
0.00055082 -1.45000 10.07918 0.8122920394 2.4229485350    0.744  1.883  3.7366  2.324    4  0.000  0.524     0.00     0.00     0.00     0.00     0.00 -1    -1e-30      0.00 7.418e-01 2.576e-01 9.757e-05 2.912e-05 2.487e-04 -1.000 5.698e-04 0.062 1.236 0.453 0.013 -0.129 -0.184 -0.199
0.00055082 -1.45000 10.07918 0.8123029470 2.4229522181    0.744  1.917  3.7313  2.269    4  0.000  0.524     0.00     0.00     0.00     0.00     0.00 -1    -1e-30      0.00 7.418e-01 2.576e-01 9.757e-05 2.912e-05 2.487e-04 -1.000 5.698e-04 -0.023 1.202 0.389 -0.071 -0.221 -0.282 -0.299
0.00055082 -1.45000 10.07918 0.8123081923 2.4229539892    0.744  1.950  3.7267  2.218    4  0.000  0.524     0.00     0.00     0.00     0.00     0.00 -1    -1e-30      0.00 7.418e-01 2.576e-01 9.757e-05 2.912e-05 2.487e-04 -1.000 5.698e-04 -0.105 1.167 0.327 -0.151 -0.308 -0.374 -0.394
0.00055082 -1.45000 10.07918 0.8123112321 2.4229550156    0.744  1.986  3.7222  2.164    4  0.000  0.524     0.00     0.00     0.00     0.00     0.00 -1    -1e-30      0.00 7.418e-01 2.576e-01 9.757e-05 2.912e-05 2.487e-04 -1.000 5.698e-04 -0.194 1.125 0.258 -0.238 -0.403 -0.474 -0.495
0.00055082 -1.45000 10.07918 0.8123128414 2.4229555590    0.744  2.019  3.7184  2.116    4  0.000  0.524     0.00     0.00     0.00     0.00     0.00 -1    -1e-30      0.00 7.418e-01 2.576e-01 9.757e-05 2.912e-05 2.487e-04 -1.000 5.698e-04 -0.278 1.083 0.192 -0.319 -0.491 -0.566 -0.589
0.00055082 -1.45000 10.07918 0.8123136163 2.4229558206    0.744  2.043  3.7159  2.082    4  0.000  0.524     0.00     0.00     0.00     0.00     0.00 -1    -1e-30      0.00 7.418e-01 2.576e-01 9.757e-05 2.912e-05 2.487e-04 -1.000 5.698e-04 -0.338 1.052 0.144 -0.377 -0.553 -0.631 -0.656
0.00055082 -1.45000 10.07918 0.8123136759 2.4229558407    0.744  2.044  3.7158  2.080    7  0.000  0.524     0.00     0.00     0.00     0.00     0.00 -1 -9.21e-10      0.00 7.418e-01 2.560e-01 9.757e-05 2.912e-05 2.487e-04 -1.000 2.170e-03 -0.341 1.050 0.142 -0.380 -0.557 -0.635 -0.660
0.00055082 -1.45000 10.07918 0.8123146296 2.4229561628    0.744  2.083  3.7122  2.027    7  0.000  0.524     0.00     0.00     0.00     0.00     0.00 -1 -1.18e-09      0.00 7.418e-01 2.560e-01 9.757e-05 2.912e-05 2.487e-04 -1.000 2.170e-03 -0.438 0.995 0.063 -0.474 -0.656 -0.739 -0.765
0.00055082 -1.45000 10.07918 0.8123155236 2.4229564646    0.744  2.120  3.7090  1.978    7  0.000  0.524     0.00     0.00     0.00     0.00     0.00 -1 -1.46e-09      0.00 7.418e-01 2.560e-01 9.757e-05 2.912e-05 2.487e-04 -1.000 2.170e-03 -0.530 0.943 -0.013 -0.563 -0.752 -0.838 -0.866
0.00055082 -1.45000 10.07918 0.8123163581 2.4229567464    0.744  2.147  3.7067  1.941    7  0.000  0.524     0.00     0.00     0.00     0.00     0.00 -1 -1.73e-09      0.00 7.418e-01 2.560e-01 9.757e-05 2.912e-05 2.487e-04 -1.000 2.170e-03 -0.598 0.907 -0.068 -0.629 -0.821 -0.910 -0.940
0.00055082 -1.45000 10.07918 0.8123172522 2.4229570483    0.744  2.167  3.7050  1.914    7  0.000  0.524     0.00     0.00     0.00     0.00     0.00 -1 -1.95e-09      0.00 7.418e-01 2.560e-01 9.757e-05 2.912e-05 2.487e-04 -1.000 2.170e-03 -0.648 0.880 -0.110 -0.678 -0.874 -0.965 -0.995
0.00055082 -1.45000 10.07918 0.8123185635 2.4229574910    0.743  2.169  3.7049  1.911    7  0.000  0.524     0.00     0.00     0.00     0.00     0.00 -1 -1.97e-09      0.00 7.418e-01 2.560e-01 9.757e-05 2.912e-05 2.487e-04 -1.000 2.170e-03 -0.653 0.877 -0.114 -0.683 -0.879 -0.970 -1.000
0.00055082 -1.45000 10.07918 0.8123210669 2.4229583363    0.743  2.157  3.7059  1.928    7  0.000  0.524     0.00     0.00     0.00     0.00     0.00 -1 -1.84e-09      0.00 7.418e-01 2.560e-01 9.757e-05 2.912e-05 2.487e-04 -1.000 2.170e-03 -0.623 0.892 -0.089 -0.654 -0.848 -0.938 -0.968
0.00055082 -1.45000 10.07918 0.8123250008 2.4229596645    0.743  2.147  3.7068  1.941    7  0.000  0.524     0.00     0.00     0.00     0.00     0.00 -1 -1.73e-09      0.00 7.418e-01 2.560e-01 9.757e-05 2.912e-05 2.487e-04 -1.000 2.170e-03 -0.597 0.906 -0.068 -0.629 -0.821 -0.910 -0.939
0.00055082 -1.45000 10.07918 0.8123497367 2.4229680160    0.741  2.160  3.7056  1.923    7  0.000  0.524     0.00     0.00     0.00     0.00     0.00 -1 -1.88e-09      0.00 7.418e-01 2.560e-01 9.757e-05 2.912e-05 2.487e-04 -1.000 2.170e-03 -0.629 0.891 -0.093 -0.659 -0.853 -0.944 -0.974
0.00055082 -1.45000 10.07918 0.8123676181 2.4229740529    0.739  2.181  3.7038  1.893    7  0.000  0.524     0.00     0.00     0.00     0.00     0.00 -1 -2.15e-09      0.00 7.418e-01 2.560e-01 9.757e-05 2.912e-05 2.487e-04 -1.000 2.170e-03 -0.681 0.864 -0.136 -0.710 -0.908 -1.000 -1.031
0.00055082 -1.45000 10.07918 0.8123865128 2.4229804315    0.737  2.226  3.7000  1.831    7  0.000  0.524     0.00     0.00     0.00     0.00     0.00 -1 -2.84e-09      0.00 7.418e-01 2.560e-01 9.757e-05 2.912e-05 2.487e-04 -1.000 2.170e-03 -0.796 0.805 -0.228 -0.820 -1.025 -1.122 -1.156
0.00055082 -1.45000 10.07918 0.8124048710 2.4229866287    0.734  2.270  3.6965  1.772    7  0.000  0.524     0.00     0.00     0.00     0.00     0.00 -1 -3.73e-09      0.00 7.418e-01 2.560e-01 9.757e-05 2.912e-05 2.487e-04 -1.000 2.170e-03 -0.905 0.749 -0.316 -0.924 -1.136 -1.237 -1.273
0.00055082 -1.45000 10.07918 0.8124209642 2.4229920610    0.731  2.312  3.6932  1.715    7  0.000  0.524     0.00     0.00     0.00     0.00     0.00 -1 -4.87e-09      0.00 7.418e-01 2.560e-01 9.757e-05 2.912e-05 2.487e-04 -1.000 2.170e-03 -1.009 0.695 -0.400 -1.025 -1.242 -1.348 -1.385
0.00055082 -1.45000 10.07918 0.8124352098 2.4229968694    0.727  2.353  3.6900  1.658    7  0.000  0.524     0.00     0.00     0.00     0.00     0.00 -1 -6.29e-09      0.00 7.418e-01 2.560e-01 9.757e-05 2.912e-05 2.487e-04 -1.000 2.165e-03 -1.113 0.642 -0.484 -1.124 -1.347 -1.457 -1.496
0.00055082 -1.45000 10.07918 0.8124476671 2.4230010741    0.722  2.394  3.6869  1.603    7  0.000  0.524     0.00     0.00     0.00     0.00     0.00 -1 -8.08e-09      0.00 7.418e-01 2.561e-01 9.755e-05 2.912e-05 2.487e-04 -1.000 2.127e-03 -1.215 0.594 -0.564 -1.219 -1.448 -1.563 -1.604
0.00055082 -1.45000 10.07918 0.8124586344 2.4230047758    0.718  2.434  3.6838  1.547    7  0.000  0.523     0.00     0.00     0.00     0.00     0.00 -1 -1.04e-08      0.00 7.418e-01 2.561e-01 9.751e-05 2.913e-05 2.487e-04 -1.000 2.069e-03 -1.315 0.557 -0.642 -1.316 -1.551 -1.669 -1.712
0.00055082 -1.45000 10.07918 0.8124684095 2.4230080749    0.712  2.474  3.6808  1.491    7  0.000  0.523     0.00     0.00     0.00     0.00     0.00 -1 -1.33e-08      0.00 7.418e-01 2.562e-01 9.736e-05 2.919e-05 2.487e-04 -1.000 2.039e-03 -1.416 0.530 -0.719 -1.414 -1.655 -1.777 -1.822
0.00055082 -1.45000 10.07918 0.8124773502 2.4230110924    0.705  2.515  3.6777  1.434    7  0.000  0.520     7.39     5.82     4.11     3.20     2.58  3 -1.71e-08      0.00 7.418e-01 2.562e-01 9.685e-05 2.951e-05 2.487e-04 -1.000 1.976e-03 -1.517 0.511 -0.793 -1.512 -1.759 -1.885 -1.932
0.00055082 -1.45000 10.07918 0.8124854565 2.4230138281    0.698  2.555  3.6739  1.374    7  0.000  0.513     8.38     6.48     4.55     3.54     2.86  3 -2.23e-08      0.00 7.418e-01 2.563e-01 9.571e-05 3.055e-05 2.487e-04 -1.000 1.939e-03 -1.619 0.517 -0.857 -1.609 -1.863 -1.994 -2.043
0.00055082 -1.45000 10.07918 0.8124911785 2.4230157592    0.691  2.586  3.6706  1.326    7  0.000  0.506     9.26     7.05     4.93     3.85     3.11  2 -2.74e-08      0.00 7.418e-01 2.563e-01 9.442e-05 3.193e-05 2.487e-04 -1.000 1.894e-03 -1.695 0.540 -0.900 -1.681 -1.942 -2.077 -2.129
0.00055082 -1.45000 10.07918 0.8124982715 2.4230181529    0.680  2.627  3.6631  1.248    7  0.000  0.495    10.88     8.08     5.62     4.39     3.55  2 -3.67e-08      0.00 7.418e-01 2.564e-01 9.234e-05 3.442e-05 2.487e-04 -1.000 1.839e-03 -1.797 0.674 -0.918 -1.768 -2.045 -2.191 -2.248
0.00055082 -1.45000 10.07918 0.8125050664 2.4230204460    0.666  2.668  3.6595  1.184    7  0.000  0.484    12.41     9.02     6.24     4.89     3.96  2 -4.87e-08      0.00 7.417e-01 2.564e-01 9.032e-05 3.687e-05 2.487e-04 -1.000 1.840e-03 -1.899 0.704 -0.975 -1.863 -2.149 -2.299 -2.359
0.00055082 -1.45000 10.07918 0.8125115633 2.4230226385    0.648  2.709  3.6564  1.118    7  0.000  0.474    14.18    10.09     6.94     5.45     4.41  2 -6.58e-08      0.00 7.417e-01 2.565e-01 8.855e-05 3.904e-05 2.487e-04 -1.000 1.811e-03 -2.003 0.714 -1.035 -1.956 -2.250 -2.406 -2.468
0.00055082 -1.45000 10.07918 0.8125178814 2.4230247705    0.623  2.750  3.6538  1.050    7  0.000  0.466    16.27    11.31     7.73     6.09     4.93  1 -9.23e-08      0.00 7.416e-01 2.566e-01 8.701e-05 4.094e-05 2.487e-04 -1.000 1.792e-03 -2.106 0.701 -1.104 -2.049 -2.351 -2.511 -2.576
0.00055082 -1.45000 10.07918 0.8125237226 2.4230267417    0.592  2.791  3.6526  0.982    7  0.000  0.459    18.60    12.62     8.57     6.78     5.48  1 -1.34e-07      0.00 7.415e-01 2.567e-01 8.574e-05 4.249e-05 2.486e-04 -1.000 1.764e-03 -2.207 0.665 -1.181 -2.145 -2.452 -2.615 -2.681
0.00055082 -1.45000 10.07918 0.8125290275 2.4230285318    0.550  2.831  3.6572  0.928    7  0.000  0.453    20.51    13.63     9.22     7.32     5.92  1    -2e-07      0.00 7.415e-01 2.568e-01 8.459e-05 4.389e-05 2.486e-04 -1.000 1.731e-03 -2.307 0.507 -1.314 -2.264 -2.563 -2.720 -2.782
0.00055082 -1.45000 10.07918 0.8125314713 2.4230293564    0.512  2.851  3.6659  0.912    7  0.000  0.449    20.94    13.79     9.30     7.41     5.99  1 -2.45e-07      0.00 7.414e-01 2.569e-01 8.381e-05 4.487e-05 2.486e-04 -1.000 1.747e-03 -2.357 0.180 -1.470 -2.338 -2.617 -2.761 -2.817
0.00055082 -1.45000 10.07918 1.1285066605 2.4963338925    0.553 -9.999  3.5657  7.969    9  0.553  0.000     0.00     0.00     0.00     0.00     0.00 -1    -1e-30      0.00 7.288e-01 2.707e-01 7.367e-05 6.587e-05 2.486e-04 -1.000 4.497e-04 29.767 33.995 31.757 30.225 29.506 29.211 29.119
