# Zini     MH   logAge Mini        int_IMF         Mass   logL    logTe  logg  label   McoreTP C_O  period0  period1  period2  period3  period4  pmode  Mloss  tau1m   X   Y   Xc  Xn  Xo  Cexcess  Z 	 mbolmag  umag    gmag    rmag    imag    zmag    Ymag
0.00021956 -1.85000 10.04922 0.0900000036 1.0816895926    0.090 -3.200  3.4863  5.490    1  0.000  0.545     0.00     0.00     0.00     0.00     0.00 -1 -4.75e-17      0.00 7.485e-01 2.513e-01 4.145e-05 1.118e-05 1.014e-04 -1.000 2.306e-04 12.771 17.858 15.903 13.975 12.534 12.070 11.971
0.00021956 -1.85000 10.04922 0.0950801298 1.1286431605    0.095 -3.005  3.5150  5.433    1  0.000  0.545     0.00     0.00     0.00     0.00     0.00 -1 -7.74e-17      0.00 7.473e-01 2.525e-01 4.145e-05 1.118e-05 1.014e-04 -1.000 2.306e-04 12.283 17.188 14.927 13.126 12.046 11.658 11.553
0.00021956 -1.85000 10.04922 0.1000000015 1.1711064122    0.100 -2.826  3.5413  5.381    1  0.000  0.545     0.00     0.00     0.00     0.00     0.00 -1 -1.21e-16      0.00 7.461e-01 2.537e-01 4.145e-05 1.118e-05 1.014e-04 -1.000 2.306e-04 11.836 16.365 14.061 12.406 11.599 11.266 11.163
0.00021956 -1.85000 10.04922 0.1199999973 1.3193154249    0.120 -2.532  3.5721  5.290    1  0.000  0.545     0.00     0.00     0.00     0.00     0.00 -1 -2.41e-16      0.00 7.431e-01 2.567e-01 4.145e-05 1.118e-05 1.014e-04 -1.000 2.306e-04 11.101 14.994 12.879 11.431 10.860 10.582 10.487
0.00021956 -1.85000 10.04922 0.1399999857 1.4384525915    0.140 -2.349  3.5869  5.232    1  0.000  0.545     0.00     0.00     0.00     0.00     0.00 -1 -3.64e-16      0.00 7.410e-01 2.588e-01 4.145e-05 1.119e-05 1.014e-04 -1.000 2.306e-04 10.642 14.209 12.229 10.898 10.398 10.142 10.054
0.00021956 -1.85000 10.04922 0.1599999964 1.5372931554    0.160 -2.205  3.5965  5.185    1  0.000  0.545     0.00     0.00     0.00     0.00     0.00 -1    -5e-16      0.00 7.396e-01 2.601e-01 4.145e-05 1.119e-05 1.014e-04 -1.000 2.305e-04 10.283 13.644 11.754 10.500 10.036 9.795 9.711
0.00021956 -1.85000 10.04922 0.2000000179 1.6938791367    0.200 -1.985  3.6088  5.111    1  0.000  0.545     0.00     0.00     0.00     0.00     0.00 -1 -8.09e-16      0.00 7.387e-01 2.611e-01 4.145e-05 1.119e-05 1.014e-04 -1.000 2.306e-04 9.732 12.844 11.065 9.906 9.480 9.257 9.180
0.00021956 -1.85000 10.04922 0.2500000000 1.8403257998    0.250 -1.783  3.6198  5.050    1  0.000  0.545     0.00     0.00     0.00     0.00     0.00 -1 -1.24e-15      0.00 7.389e-01 2.609e-01 4.145e-05 1.119e-05 1.014e-04 -1.000 2.306e-04 9.227 12.134 10.444 9.365 8.969 8.763 8.692
0.00021956 -1.85000 10.04922 0.3000000417 1.9529140366    0.300 -1.628  3.6288  5.010    1  0.000  0.545     0.00     0.00     0.00     0.00     0.00 -1 -1.69e-15      0.00 7.390e-01 2.608e-01 4.144e-05 1.119e-05 1.014e-04 -1.000 2.305e-04 8.839 11.585 9.966 8.950 8.578 8.385 8.318
0.00021956 -1.85000 10.04922 0.3499999940 2.0434174644    0.350 -1.500  3.6370  4.983    1  0.000  0.544     0.00     0.00     0.00     0.00     0.00 -1 -2.17e-15      0.00 7.388e-01 2.610e-01 4.142e-05 1.119e-05 1.014e-04 -1.000 2.306e-04 8.521 11.131 9.572 8.608 8.257 8.076 8.014
0.00021956 -1.85000 10.04922 0.4000000060 2.1185024399    0.400 -1.373  3.6464  4.950    1  0.000  0.545     0.00     0.00     0.00     0.00     0.00 -1 -2.82e-15      0.00 7.503e-01 2.495e-01 4.145e-05 1.118e-05 1.014e-04 -1.000 2.306e-04 8.202 10.662 9.170 8.264 7.935 7.768 7.710
0.00021956 -1.85000 10.04922 0.4500000179 2.1822809362    0.450 -1.215  3.6621  4.906    1  0.000  0.545     0.00     0.00     0.00     0.00     0.00 -1 -4.02e-15      0.00 7.507e-01 2.491e-01 4.145e-05 1.118e-05 1.014e-04 -1.000 2.305e-04 7.808 10.021 8.649 7.831 7.538 7.393 7.344
0.00021956 -1.85000 10.04922 0.5000000000 2.2374541529    0.500 -1.039  3.6812  4.853    1  0.000  0.545     0.00     0.00     0.00     0.00     0.00 -1 -6.08e-15      0.00 7.507e-01 2.491e-01 4.145e-05 1.118e-05 1.014e-04 -1.000 2.306e-04 7.368 9.283 8.071 7.355 7.102 6.982 6.943
0.00021956 -1.85000 10.04922 0.5500000715 2.2836583126    0.550 -0.836  3.7020  4.774    1  0.000  0.544     0.00     0.00     0.00     0.00     0.00 -1 -1.01e-14      0.00 7.825e-01 2.174e-01 3.649e-05 9.852e-06 8.939e-05 -1.000 1.309e-04 6.860 8.476 7.440 6.819 6.605 6.511 6.482
0.00021956 -1.85000 10.04922 0.6000000238 2.3211213258    0.600 -0.631  3.7273  4.708    1  0.000  0.544     0.00     0.00     0.00     0.00     0.00 -1 -1.68e-14      0.00 7.939e-01 2.059e-01 3.479e-05 9.399e-06 8.531e-05 -1.000 1.951e-04 6.347 7.660 6.811 6.292 6.120 6.055 6.040
0.00021956 -1.85000 10.04922 0.6077624559 2.3263052863    0.607 -0.597  3.7318  4.698    1  0.000  0.544     0.00     0.00     0.00     0.00     0.00 -1 -1.82e-14      0.00 7.961e-01 2.037e-01 3.447e-05 9.314e-06 8.455e-05 -1.000 1.740e-04 6.264 7.529 6.710 6.208 6.044 5.984 5.970
0.00021956 -1.85000 10.04922 0.6208517551 2.3347099769    0.621 -0.541  3.7394  4.681    1  0.000  0.543     0.00     0.00     0.00     0.00     0.00 -1 -2.09e-14      0.00 8.000e-01 1.998e-01 3.392e-05 9.164e-06 8.322e-05 -1.000 1.875e-04 6.122 7.312 6.541 6.067 5.915 5.863 5.853
0.00021956 -1.85000 10.04922 0.6320449114 2.3415805038    0.632 -0.492  3.7459  4.666    1  0.000  0.543     0.00     0.00     0.00     0.00     0.00 -1 -2.36e-14      0.00 8.034e-01 1.964e-01 3.341e-05 9.030e-06 8.201e-05 -1.000 1.943e-04 6.000 7.133 6.398 5.948 5.806 5.761 5.754
0.00021956 -1.85000 10.04922 0.6428670287 2.3479623465    0.643 -0.445  3.7521  4.651    1  0.000  0.543     0.00     0.00     0.00     0.00     0.00 -1 -2.66e-14      0.00 8.069e-01 1.928e-01 3.291e-05 8.894e-06 8.078e-05 -1.000 2.115e-04 5.882 6.962 6.260 5.833 5.702 5.663 5.659
0.00021956 -1.85000 10.04922 0.6499999762 2.3520353107    0.650 -0.413  3.7561  4.640    1  0.000  0.543     0.00     0.00     0.00     0.00     0.00 -1 -2.87e-14      0.00 8.094e-01 1.904e-01 3.256e-05 8.801e-06 7.995e-05 -1.000 1.851e-04 5.803 6.849 6.168 5.757 5.632 5.598 5.595
0.00021956 -1.85000 10.04922 0.6554799080 2.3550952452    0.655 -0.389  3.7591  4.631    1  0.000  0.543     0.00     0.00     0.00     0.00     0.00 -1 -3.06e-14      0.00 8.117e-01 1.881e-01 3.222e-05 8.712e-06 7.915e-05 -1.000 1.811e-04 5.742 6.764 6.098 5.698 5.579 5.548 5.546
0.00021956 -1.85000 10.04922 0.6687381864 2.3622605393    0.668 -0.329  3.7661  4.608    1  0.000  0.542     0.00     0.00     0.00     0.00     0.00 -1 -3.57e-14      0.00 8.176e-01 1.822e-01 3.137e-05 8.485e-06 7.712e-05 -1.000 2.203e-04 5.592 6.564 5.930 5.556 5.447 5.423 5.424
0.00021956 -1.85000 10.04922 0.6810140014 2.3686096105    0.681 -0.272  3.7724  4.585    1  0.000  0.542     0.00     0.00     0.00     0.00     0.00 -1 -4.13e-14      0.00 8.235e-01 1.763e-01 3.052e-05 8.259e-06 7.509e-05 -1.000 2.143e-04 5.451 6.381 5.774 5.422 5.323 5.305 5.309
0.00021956 -1.85000 10.04922 0.6922925115 2.3742152130    0.692 -0.219  3.7782  4.562    1  0.000  0.541     0.00     0.00     0.00     0.00     0.00 -1 -4.26e-14      0.00 8.293e-01 1.705e-01 2.968e-05 8.035e-06 7.308e-05 -1.000 1.996e-04 5.318 6.213 5.628 5.296 5.206 5.194 5.199
0.00021956 -1.85000 10.04922 0.6999999881 2.3779266974    0.700 -0.182  3.7820  4.545    1  0.000  0.541     0.00     0.00     0.00     0.00     0.00 -1 -5.26e-14      0.00 8.336e-01 1.662e-01 2.907e-05 7.873e-06 7.163e-05 -1.000 1.469e-04 5.225 6.098 5.525 5.208 5.124 5.115 5.122
0.00021956 -1.85000 10.04922 0.7030959129 2.3793912025    0.703 -0.167  3.7835  4.537    1  0.000  0.540     0.00     0.00     0.00     0.00     0.00 -1 -5.48e-14      0.00 8.354e-01 1.644e-01 2.880e-05 7.806e-06 7.103e-05 -1.000 1.203e-04 5.187 6.052 5.484 5.172 5.090 5.083 5.090
0.00021956 -1.85000 10.04922 0.7135205865 2.3842152397    0.713 -0.114  3.7883  4.510    1  0.000  0.538     0.00     0.00     0.00     0.00     0.00 -1 -6.34e-14      0.00 8.413e-01 1.585e-01 2.790e-05 7.587e-06 6.910e-05 -1.000 1.853e-04 5.054 5.895 5.341 5.046 4.972 4.969 4.978
0.00021956 -1.85000 10.04922 0.7233493924 2.3886173913    0.723 -0.062  3.7928  4.482    1  0.000  0.536     0.00     0.00     0.00     0.00     0.00 -1 -7.33e-14      0.00 8.467e-01 1.532e-01 2.711e-05 7.397e-06 6.743e-05 -1.000 1.675e-04 4.924 5.742 5.200 4.921 4.854 4.856 4.866
0.00021956 -1.85000 10.04922 0.7319774032 2.3923698808    0.732 -0.013  3.7967  4.454    1  0.000  0.534     0.00     0.00     0.00     0.00     0.00 -1  -8.4e-14      0.00 8.510e-01 1.488e-01 2.650e-05 7.249e-06 6.612e-05 -1.000 1.521e-04 4.803 5.604 5.070 4.805 4.744 4.750 4.762
0.00021956 -1.85000 10.04922 0.7404972315 2.3959768128    0.740  0.037  3.8004  4.424    1  0.000  0.532     0.00     0.00     0.00     0.00     0.00 -1  -9.7e-14      0.00 8.549e-01 1.450e-01 2.596e-05 7.122e-06 6.501e-05 -1.000 1.220e-04 4.678 5.462 4.936 4.684 4.629 4.639 4.651
0.00021956 -1.85000 10.04922 0.7478151917 2.3989995862    0.747  0.082  3.8035  4.396    1  0.000  0.531     0.00     0.00     0.00     0.00     0.00 -1 -1.11e-13      0.00 8.578e-01 1.421e-01 2.557e-05 7.029e-06 6.421e-05 -1.000 1.209e-04 4.565 5.336 4.814 4.573 4.524 4.536 4.550
0.00021956 -1.85000 10.04922 0.7500000000 2.3998889087    0.749  0.096  3.8045  4.387    1  0.000  0.530     0.00     0.00     0.00     0.00     0.00 -1 -1.15e-13      0.00 8.586e-01 1.412e-01 2.546e-05 7.004e-06 6.399e-05 -1.000 1.204e-04 4.530 5.298 4.777 4.539 4.491 4.505 4.519
0.00021956 -1.85000 10.04922 0.7518846989 2.4006512990    0.751  0.108  3.8053  4.379    1  0.000  0.530     0.00     0.00     0.00     0.00     0.00 -1 -1.19e-13      0.00 8.589e-01 1.410e-01 2.545e-05 7.004e-06 6.400e-05 -1.000 1.238e-04 4.500 5.264 4.745 4.510 4.464 4.478 4.492
0.00021956 -1.85000 10.04922 0.7598173022 2.4038125381    0.759  0.162  3.8088  4.343    1  0.000  0.530     0.00     0.00     0.00     0.00     0.00 -1  -1.4e-13      0.00 8.597e-01 1.401e-01 2.545e-05 7.006e-06 6.406e-05 -1.000 1.934e-04 4.365 5.115 4.600 4.378 4.337 4.355 4.370
0.00021956 -1.85000 10.04922 0.7671287656 2.4066597587    0.766  0.216  3.8119  4.306    1  0.000  0.529     0.00     0.00     0.00     0.00     0.00 -1 -1.65e-13      0.00 8.605e-01 1.394e-01 2.547e-05 7.013e-06 6.413e-05 -1.000 1.788e-04 4.230 4.968 4.457 4.245 4.210 4.231 4.247
0.00021956 -1.85000 10.04922 0.7738204002 2.4092114502    0.773  0.269  3.8145  4.267    1  0.000  0.529     0.00     0.00     0.00     0.00     0.00 -1 -1.94e-13      0.00 8.610e-01 1.388e-01 2.548e-05 7.021e-06 6.423e-05 -1.000 1.203e-04 4.097 4.825 4.315 4.113 4.083 4.106 4.123
0.00021956 -1.85000 10.04922 0.7799434066 2.4115022464    0.779  0.322  3.8166  4.226    1  0.000  0.529     0.00     0.00     0.00     0.00     0.00 -1 -2.28e-13      0.00 8.615e-01 1.384e-01 2.551e-05 7.031e-06 6.434e-05 -1.000 1.236e-04 3.965 4.686 4.177 3.982 3.955 3.980 3.998
0.00021956 -1.85000 10.04922 0.7856472135 2.4135993068    0.785  0.374  3.8180  4.183    1  0.000  0.529     0.00     0.00     0.00     0.00     0.00 -1 -2.69e-13      0.00 8.606e-01 1.393e-01 2.571e-05 7.086e-06 6.485e-05 -1.000 1.267e-04 3.835 4.550 4.041 3.852 3.827 3.854 3.872
0.00021956 -1.85000 10.04922 0.7895549536 2.4150159297    0.788  0.412  3.8186  4.149    1  0.000  0.529     0.00     0.00     0.00     0.00     0.00 -1 -3.07e-13      0.00 8.597e-01 1.402e-01 2.588e-05 7.134e-06 6.529e-05 -1.000 1.285e-04 3.740 4.452 3.943 3.757 3.734 3.761 3.779
0.00021956 -1.85000 10.04922 0.7908323407 2.4154755144    0.790  0.426  3.8184  4.135    1  0.000  0.529     0.00     0.00     0.00     0.00     0.00 -1 -3.22e-13      0.00 8.594e-01 1.405e-01 2.594e-05 7.150e-06 6.544e-05 -1.000 1.286e-04 3.705 4.417 3.908 3.721 3.698 3.725 3.743
0.00021956 -1.85000 10.04922 0.7957770824 2.4172385723    0.794  0.483  3.8168  4.074    1  0.000  0.528     0.00     0.00     0.00     0.00     0.00 -1  -3.9e-13      0.00 8.582e-01 1.416e-01 2.617e-05 7.212e-06 6.601e-05 -1.000 1.298e-04 3.563 4.278 3.766 3.576 3.551 3.576 3.594
0.00021956 -1.85000 10.04922 0.7995153666 2.4185548312    0.798  0.532  3.8137  4.014    1  0.000  0.528     0.00     0.00     0.00     0.00     0.00 -1 -4.67e-13      0.00 8.574e-01 1.425e-01 2.633e-05 7.259e-06 6.644e-05 -1.000 1.304e-04 3.439 4.163 3.646 3.449 3.420 3.442 3.458
0.00021956 -1.85000 10.04922 0.8000000119 2.4187244405    0.799  0.539  3.8131  4.005    1  0.000  0.528     0.00     0.00     0.00     0.00     0.00 -1 -4.81e-13      0.00 8.573e-01 1.426e-01 2.636e-05 7.265e-06 6.649e-05 -1.000 1.306e-04 3.422 4.147 3.630 3.431 3.401 3.423 3.439
0.00021956 -1.85000 10.04922 0.8001513481 2.4187773545    0.799  0.541  3.8129  4.003    1  0.000  0.528     0.00     0.00     0.00     0.00     0.00 -1 -4.85e-13      0.00 8.572e-01 1.426e-01 2.636e-05 7.267e-06 6.651e-05 -1.000 1.308e-04 3.416 4.142 3.625 3.426 3.395 3.417 3.433
0.00021956 -1.85000 10.04922 0.8008093834 2.4190071664    0.799  0.552  3.8119  3.989    2  0.000  0.528     0.00     0.00     0.00     0.00     0.00 -1 -5.06e-13      0.00 8.570e-01 1.429e-01 2.640e-05 7.276e-06 6.659e-05 -1.000 1.320e-04 3.391 4.120 3.601 3.399 3.367 3.387 3.403
0.00021956 -1.85000 10.04922 0.8030188084 2.4197756170    0.802  0.590  3.8068  3.932    2  0.000  0.529     0.00     0.00     0.00     0.00     0.00 -1 -5.85e-13      0.00 8.563e-01 1.436e-01 2.651e-05 7.306e-06 6.687e-05 -1.000 1.362e-04 3.296 4.042 3.516 3.299 3.259 3.275 3.289
0.00021956 -1.85000 10.04922 0.8047007918 2.4203573683    0.803  0.623  3.8005  3.873    2  0.000  0.529     0.00     0.00     0.00     0.00     0.00 -1 -6.76e-13      0.00 8.557e-01 1.441e-01 2.659e-05 7.329e-06 6.708e-05 -1.000 1.393e-04 3.212 3.980 3.446 3.208 3.159 3.169 3.181
0.00021956 -1.85000 10.04922 0.8060122132 2.4208090157    0.804  0.654  3.7929  3.814    2  0.000  0.529     0.00     0.00     0.00     0.00     0.00 -1 -7.76e-13      0.00 8.553e-01 1.446e-01 2.666e-05 7.347e-06 6.724e-05 -1.000 1.416e-04 3.136 3.935 3.388 3.126 3.066 3.068 3.077
0.00021956 -1.85000 10.04922 0.8070664406 2.4211708631    0.805  0.681  3.7845  3.753    2  0.000  0.529     0.00     0.00     0.00     0.00     0.00 -1 -8.84e-13      0.00 8.536e-01 1.462e-01 2.713e-05 7.476e-06 6.841e-05 -1.000 1.433e-04 3.069 3.906 3.342 3.053 2.979 2.973 2.979
0.00021956 -1.85000 10.04922 0.8079439402 2.4214712235    0.806  0.705  3.7759  3.695    2  0.000  0.530     0.00     0.00     0.00     0.00     0.00 -1    -1e-12      0.00 8.426e-01 1.573e-01 2.885e-05 7.940e-06 7.258e-05 -1.000 1.417e-04 3.007 3.889 3.303 2.986 2.898 2.884 2.887
0.00021956 -1.85000 10.04922 0.8087079525 2.4217321277    0.807  0.728  3.7680  3.641    2  0.000  0.532     0.00     0.00     0.00     0.00     0.00 -1 -1.12e-12      0.00 8.156e-01 1.842e-01 3.231e-05 8.867e-06 8.087e-05 -1.000 1.969e-04 2.949 3.875 3.266 2.922 2.823 2.800 2.800
0.00021956 -1.85000 10.04922 0.8094125390 2.4219722366    0.808  0.754  3.7604  3.585    2  0.000  0.534     0.00     0.00     0.00     0.00     0.00 -1 -1.27e-12      0.00 7.944e-01 2.055e-01 3.503e-05 9.596e-06 8.737e-05 -1.000 1.633e-04 2.885 3.856 3.224 2.854 2.743 2.713 2.710
0.00021956 -1.85000 10.04922 0.8101194501 2.4222126550    0.808  0.788  3.7534  3.523    2  0.000  0.536     0.00     0.00     0.00     0.00     0.00 -1 -1.47e-12      0.00 7.812e-01 2.186e-01 3.673e-05 1.005e-05 9.144e-05 -1.000 2.085e-04 2.799 3.818 3.160 2.766 2.644 2.606 2.601
0.00021956 -1.85000 10.04922 0.8106721044 2.4224002753    0.809  0.824  3.7487  3.469    2  0.000  0.536     0.00     0.00     0.00     0.00     0.00 -1  -1.7e-12      0.00 7.751e-01 2.247e-01 3.754e-05 1.027e-05 9.335e-05 -1.000 2.263e-04 2.711 3.763 3.087 2.677 2.547 2.505 2.497
0.00021956 -1.85000 10.04922 0.8112189174 2.4225856232    0.809  0.865  3.7448  3.412    2  0.000  0.536     0.00     0.00     0.00     0.00     0.00 -1    -2e-12      0.00 7.709e-01 2.289e-01 3.807e-05 1.041e-05 9.463e-05 -1.000 2.204e-04 2.607 3.688 2.996 2.572 2.436 2.390 2.380
0.00021956 -1.85000 10.04922 0.8113902807 2.4226436495    0.809  0.880  3.7439  3.394    3  0.000  0.536     0.00     0.00     0.00     0.00     0.00 -1 -2.12e-12      0.00 7.700e-01 2.299e-01 3.819e-05 1.044e-05 9.492e-05 -1.000 1.550e-04 2.570 3.657 2.962 2.535 2.397 2.350 2.340
0.00021956 -1.85000 10.04922 0.8118500113 2.4227991822    0.810  0.922  3.7415  3.342    3  0.000  0.537     0.00     0.00     0.00     0.00     0.00 -1 -2.47e-12      0.00 7.675e-01 2.322e-01 3.848e-05 1.052e-05 9.559e-05 -1.000 2.295e-04 2.464 3.568 2.863 2.429 2.287 2.237 2.226
0.00021956 -1.85000 10.04922 0.8123527169 2.4229690222    0.810  0.972  3.7391  3.283    3  0.000  0.537     0.00     0.00     0.00     0.00     0.00 -1 -2.96e-12      0.00 7.652e-01 2.346e-01 3.872e-05 1.058e-05 9.617e-05 -1.000 2.267e-04 2.339 3.461 2.747 2.304 2.159 2.106 2.094
0.00021956 -1.85000 10.04922 0.8127794266 2.4231129972    0.811  1.018  3.7374  3.230    3  0.000  0.537     0.00     0.00     0.00     0.00     0.00 -1 -3.49e-12      0.00 7.634e-01 2.364e-01 3.888e-05 1.063e-05 9.658e-05 -1.000 2.266e-04 2.225 3.362 2.639 2.191 2.043 1.988 1.975
0.00021956 -1.85000 10.04922 0.8131871819 2.4232504146    0.811  1.064  3.7357  3.178    3  0.000  0.537     0.00     0.00     0.00     0.00     0.00 -1 -4.13e-12      0.00 7.618e-01 2.379e-01 3.901e-05 1.066e-05 9.690e-05 -1.000 2.306e-04 2.109 3.259 2.529 2.076 1.925 1.868 1.855
0.00021956 -1.85000 10.04922 0.8136012554 2.4233897992    0.811  1.115  3.7340  3.121    3  0.000  0.537     0.00     0.00     0.00     0.00     0.00 -1 -4.95e-12      0.00 7.601e-01 2.397e-01 3.913e-05 1.070e-05 9.720e-05 -1.000 2.289e-04 1.983 3.146 2.409 1.950 1.797 1.738 1.724
0.00021956 -1.85000 10.04922 0.8139817119 2.4235177239    0.812  1.165  3.7325  3.064    3  0.000  0.536     0.00     0.00     0.00     0.00     0.00 -1 -5.92e-12      0.00 7.586e-01 2.412e-01 3.919e-05 1.073e-05 9.743e-05 -1.000 2.205e-04 1.858 3.032 2.289 1.826 1.670 1.610 1.594
0.00021956 -1.85000 10.04922 0.8143232465 2.4236324445    0.812  1.214  3.7310  3.010    3  0.000  0.536     0.00     0.00     0.00     0.00     0.00 -1 -7.06e-12      0.00 7.572e-01 2.425e-01 3.922e-05 1.076e-05 9.761e-05 -1.000 2.105e-04 1.736 2.922 2.172 1.704 1.546 1.484 1.468
0.00021956 -1.85000 10.04922 0.8146217465 2.4237326192    0.812  1.260  3.7295  2.958    3  0.000  0.535     0.00     0.00     0.00     0.00     0.00 -1 -8.34e-12      0.00 7.561e-01 2.437e-01 3.921e-05 1.080e-05 9.776e-05 -1.000 2.261e-04 1.620 2.817 2.061 1.589 1.429 1.365 1.348
0.00021956 -1.85000 10.04922 0.8149125576 2.4238301325    0.812  1.309  3.7280  2.903    3  0.000  0.534     0.00     0.00     0.00     0.00     0.00 -1 -9.94e-12      0.00 7.549e-01 2.449e-01 3.915e-05 1.087e-05 9.788e-05 -1.000 2.303e-04 1.497 2.708 1.944 1.467 1.305 1.239 1.221
0.00021956 -1.85000 10.04922 0.8151915073 2.4239235933    0.812  1.360  3.7265  2.845    3  0.000  0.532     0.00     0.00     0.00     0.00     0.00 -1  -1.2e-11      0.00 7.539e-01 2.458e-01 3.905e-05 1.096e-05 9.797e-05 -1.000 2.279e-04 1.369 2.592 1.821 1.340 1.175 1.107 1.089
0.00021956 -1.85000 10.04922 0.8154253960 2.4240018999    0.812  1.407  3.7249  2.792    3  0.000  0.530     0.00     0.00     0.00     0.00     0.00 -1 -1.42e-11      0.00 7.531e-01 2.467e-01 3.893e-05 1.107e-05 9.805e-05 -1.000 2.258e-04 1.252 2.488 1.710 1.223 1.056 0.987 0.968
0.00021956 -1.85000 10.04922 0.8156386614 2.4240732567    0.812  1.454  3.7234  2.739    3  0.000  0.528     0.00     0.00     0.00     0.00     0.00 -1 -1.68e-11      0.00 7.525e-01 2.473e-01 3.882e-05 1.118e-05 9.810e-05 -1.000 2.304e-04 1.135 2.384 1.599 1.108 0.938 0.867 0.847
0.00021956 -1.85000 10.04922 0.8158391714 2.4241403066    0.812  1.502  3.7219  2.685    3  0.000  0.526     0.00     0.00     0.00     0.00     0.00 -1 -1.99e-11      0.00 7.520e-01 2.478e-01 3.870e-05 1.130e-05 9.815e-05 -1.000 2.296e-04 1.015 2.277 1.485 0.989 0.817 0.744 0.723
0.00021956 -1.85000 10.04922 0.8160164952 2.4241995716    0.812  1.548  3.7202  2.633    3  0.000  0.525     0.00     0.00     0.00     0.00     0.00 -1 -2.35e-11      0.00 7.516e-01 2.482e-01 3.861e-05 1.139e-05 9.818e-05 -1.000 2.291e-04 0.900 2.175 1.376 0.874 0.700 0.625 0.603
0.00021956 -1.85000 10.04922 0.8161850572 2.4242558807    0.812  1.596  3.7186  2.578    3  0.000  0.524     0.00     0.00     0.00     0.00     0.00 -1  -2.8e-11      0.00 7.513e-01 2.485e-01 3.854e-05 1.147e-05 9.821e-05 -1.000 2.298e-04 0.779 2.070 1.262 0.755 0.578 0.501 0.479
0.00021956 -1.85000 10.04922 0.8163336515 2.4243054973    0.812  1.643  3.7170  2.525    3  0.000  0.523     0.00     0.00     0.00     0.00     0.00 -1 -3.31e-11      0.00 7.511e-01 2.486e-01 3.850e-05 1.151e-05 9.822e-05 -1.000 2.306e-04 0.663 1.969 1.153 0.640 0.461 0.382 0.359
0.00021956 -1.85000 10.04922 0.8164659142 2.4243496432    0.812  1.688  3.7153  2.473    3  0.000  0.523     0.00     0.00     0.00     0.00     0.00 -1  -3.9e-11      0.00 7.510e-01 2.487e-01 3.847e-05 1.154e-05 9.823e-05 -1.000 2.306e-04 0.551 1.873 1.047 0.529 0.347 0.266 0.242
0.00021956 -1.85000 10.04922 0.8165919185 2.4243916849    0.812  1.734  3.7136  2.420    3  0.000  0.523     0.00     0.00     0.00     0.00     0.00 -1 -4.62e-11      0.00 7.510e-01 2.488e-01 3.847e-05 1.155e-05 9.823e-05 -1.000 2.305e-04 0.434 1.775 0.938 0.413 0.228 0.146 0.120
0.00021956 -1.85000 10.04922 0.8167059422 2.4244297164    0.812  1.780  3.7120  2.367    3  0.000  0.523     0.00     0.00     0.00     0.00     0.00 -1 -5.45e-11      0.00 7.510e-01 2.488e-01 3.846e-05 1.155e-05 9.823e-05 -1.000 2.306e-04 0.319 1.677 0.830 0.299 0.111 0.026 0.000
0.00021956 -1.85000 10.04922 0.8168063760 2.4244632050    0.812  1.824  3.7103  2.316    3  0.000  0.523     0.00     0.00     0.00     0.00     0.00 -1  -6.4e-11      0.00 7.510e-01 2.488e-01 3.846e-05 1.156e-05 9.824e-05 -1.000 2.306e-04 0.209 1.586 0.727 0.189 -0.001 -0.088 -0.115
0.00021956 -1.85000 10.04922 0.8168986440 2.4244939625    0.812  1.868  3.7085  2.265    3  0.000  0.523     0.00     0.00     0.00     0.00     0.00 -1 -7.51e-11      0.00 7.510e-01 2.488e-01 3.846e-05 1.156e-05 9.824e-05 -1.000 2.305e-04 0.100 1.497 0.626 0.081 -0.112 -0.201 -0.228
0.00021956 -1.85000 10.04922 0.8169878721 2.4245236990    0.811  1.914  3.7068  2.213    3  0.000  0.523     0.00     0.00     0.00     0.00     0.00 -1 -8.87e-11      0.00 7.510e-01 2.488e-01 3.846e-05 1.156e-05 9.824e-05 -1.000 2.306e-04 -0.015 1.403 0.520 -0.032 -0.228 -0.319 -0.347
0.00021956 -1.85000 10.04922 0.8170660138 2.4245497347    0.811  1.957  3.7050  2.162    3  0.000  0.523     0.00     0.00     0.00     0.00     0.00 -1 -1.04e-10      0.00 7.510e-01 2.488e-01 3.846e-05 1.156e-05 9.824e-05 -1.000 2.305e-04 -0.123 1.316 0.421 -0.139 -0.339 -0.431 -0.461
0.00021956 -1.85000 10.04922 0.8171378374 2.4245736602    0.811  2.000  3.7033  2.112    3  0.000  0.523     0.00     0.00     0.00     0.00     0.00 -1 -1.22e-10      0.00 7.510e-01 2.488e-01 3.846e-05 1.156e-05 9.824e-05 -1.000 2.306e-04 -0.231 1.230 0.322 -0.245 -0.448 -0.543 -0.573
0.00021956 -1.85000 10.04922 0.8172059059 2.4245963304    0.810  2.044  3.7016  2.061    3  0.000  0.523     0.00     0.00     0.00     0.00     0.00 -1 -1.43e-10      0.00 7.510e-01 2.488e-01 3.846e-05 1.157e-05 9.824e-05 -1.000 2.306e-04 -0.341 1.141 0.220 -0.354 -0.560 -0.656 -0.688
0.00021956 -1.85000 10.04922 0.8172658086 2.4246162774    0.810  2.086  3.6997  2.012    3  0.000  0.523     0.00     0.00     0.00     0.00     0.00 -1 -1.66e-10      0.00 7.510e-01 2.488e-01 3.845e-05 1.157e-05 9.824e-05 -1.000 2.306e-04 -0.444 1.061 0.127 -0.455 -0.664 -0.763 -0.796
0.00021956 -1.85000 10.04922 0.8173234463 2.4246354669    0.810  2.127  3.6980  1.963    3  0.000  0.523     0.00     0.00     0.00     0.00     0.00 -1 -1.93e-10      0.00 7.510e-01 2.488e-01 3.845e-05 1.157e-05 9.824e-05 -1.000 2.306e-04 -0.548 0.983 0.034 -0.557 -0.769 -0.870 -0.904
0.00021956 -1.85000 10.04922 0.8173833489 2.4246554073    0.809  2.167  3.6963  1.916    3  0.000  0.523     0.00     0.00     0.00     0.00     0.00 -1 -2.24e-10      0.00 7.510e-01 2.488e-01 3.845e-05 1.157e-05 9.824e-05 -1.000 2.306e-04 -0.649 0.907 -0.058 -0.656 -0.871 -0.975 -1.009
0.00021956 -1.85000 10.04922 0.8174368143 2.4246732020    0.808  2.192  3.6953  1.887    3  0.000  0.523     0.00     0.00     0.00     0.00     0.00 -1 -2.46e-10      0.00 7.510e-01 2.488e-01 3.845e-05 1.157e-05 9.825e-05 -1.000 2.306e-04 -0.710 0.861 -0.113 -0.716 -0.933 -1.038 -1.073
0.00021956 -1.85000 10.04922 0.8174706101 2.4246844487    0.808  2.181  3.6961  1.901    3  0.000  0.523     0.00     0.00     0.00     0.00     0.00 -1 -2.38e-10      0.00 7.509e-01 2.488e-01 3.845e-05 1.157e-05 9.825e-05 -1.000 2.306e-04 -0.682 0.877 -0.090 -0.690 -0.906 -1.009 -1.044
0.00021956 -1.85000 10.04922 0.8174751401 2.4246859562    0.808  2.180  3.6962  1.903    3  0.000  0.523     0.00     0.00     0.00     0.00     0.00 -1 -2.37e-10      0.00 7.509e-01 2.488e-01 3.845e-05 1.157e-05 9.825e-05 -1.000 2.306e-04 -0.679 0.879 -0.087 -0.686 -0.902 -1.005 -1.040
0.00021956 -1.85000 10.04922 0.8175017238 2.4246948020    0.808  2.206  3.6949  1.871    3  0.000  0.523     0.00     0.00     0.00     0.00     0.00 -1 -2.59e-10      0.00 7.509e-01 2.488e-01 3.845e-05 1.157e-05 9.825e-05 -1.000 2.306e-04 -0.745 0.832 -0.146 -0.751 -0.969 -1.074 -1.109
0.00021956 -1.85000 10.04922 0.8175420165 2.4247082082    0.807  2.248  3.6931  1.822    3  0.000  0.523     0.00     0.00     0.00     0.00     0.00 -1 -3.01e-10      0.00 7.509e-01 2.488e-01 3.845e-05 1.157e-05 9.825e-05 -1.000 2.306e-04 -0.849 0.756 -0.239 -0.853 -1.074 -1.182 -1.218
0.00021956 -1.85000 10.04922 0.8175795674 2.4247207009    0.807  2.288  3.6912  1.773    3  0.000  0.523     0.00     0.00     0.00     0.00     0.00 -1  -3.5e-10      0.00 7.509e-01 2.488e-01 3.845e-05 1.158e-05 9.825e-05 -1.000 2.306e-04 -0.951 0.682 -0.330 -0.953 -1.178 -1.288 -1.325
0.00021956 -1.85000 10.04922 0.8176141977 2.4247322207    0.806  2.329  3.6893  1.725    3  0.000  0.523     0.00     0.00     0.00     0.00     0.00 -1 -4.06e-10      0.00 7.509e-01 2.488e-01 3.845e-05 1.158e-05 9.825e-05 -1.000 2.305e-04 -1.052 0.612 -0.418 -1.051 -1.280 -1.392 -1.431
0.00021956 -1.85000 10.04922 0.8176446557 2.4247423517    0.806  2.366  3.6875  1.680    3  0.000  0.523     0.00     0.00     0.00     0.00     0.00 -1 -4.66e-10      0.00 7.509e-01 2.488e-01 3.845e-05 1.158e-05 9.825e-05 -1.000 2.305e-04 -1.146 0.547 -0.501 -1.142 -1.374 -1.489 -1.529
0.00021956 -1.85000 10.04922 0.8176742792 2.4247522042    0.805  2.405  3.6857  1.633    3  0.000  0.523     0.00     0.00     0.00     0.00     0.00 -1 -5.38e-10      0.00 7.509e-01 2.488e-01 3.845e-05 1.158e-05 9.825e-05 -1.000 2.305e-04 -1.244 0.480 -0.586 -1.237 -1.473 -1.590 -1.631
0.00021956 -1.85000 10.04922 0.8177003860 2.4247608865    0.804  2.442  3.6838  1.588    3  0.000  0.523     0.00     0.00     0.00     0.00     0.00 -1 -6.18e-10      0.00 7.509e-01 2.488e-01 3.845e-05 1.158e-05 9.825e-05 -1.000 2.305e-04 -1.336 0.434 -0.664 -1.328 -1.567 -1.687 -1.729
0.00021956 -1.85000 10.04922 0.8177256584 2.4247692906    0.803  2.480  3.6821  1.543    3  0.000  0.523     0.00     0.00     0.00     0.00     0.00 -1 -7.11e-10      0.00 7.509e-01 2.488e-01 3.845e-05 1.158e-05 9.825e-05 -1.000 2.306e-04 -1.431 0.383 -0.745 -1.422 -1.665 -1.786 -1.829
0.00021956 -1.85000 10.04922 0.8177481294 2.4247767627    0.803  2.517  3.6802  1.499    3  0.000  0.523     6.73     5.36     3.81     2.94     2.38  3 -8.13e-10      0.00 7.509e-01 2.488e-01 3.845e-05 1.158e-05 9.825e-05 -1.000 2.305e-04 -1.521 0.342 -0.820 -1.512 -1.758 -1.882 -1.926
0.00021956 -1.85000 10.04922 0.8177742958 2.4247854630    0.802  2.561  3.6779  1.444    3  0.000  0.522     7.55     5.91     4.18     3.24     2.62  3  -9.6e-10      0.00 7.509e-01 2.488e-01 3.844e-05 1.158e-05 9.825e-05 -1.000 2.306e-04 -1.634 0.298 -0.910 -1.622 -1.873 -2.000 -2.045
0.00021956 -1.85000 10.04922 0.8177975416 2.4247931916    0.800  2.604  3.6758  1.392    3  0.000  0.522     8.43     6.49     4.58     3.55     2.87  3 -1.13e-09      0.00 7.509e-01 2.488e-01 3.844e-05 1.158e-05 9.825e-05 -1.000 2.306e-04 -1.741 0.260 -0.995 -1.727 -1.983 -2.113 -2.160
0.00021956 -1.85000 10.04922 0.8178157806 2.4247992553    0.799  2.641  3.6738  1.347    3  0.000  0.522     9.26     7.04     4.94     3.83     3.10  3 -1.29e-09      0.00 7.509e-01 2.488e-01 3.844e-05 1.158e-05 9.825e-05 -1.000 2.305e-04 -1.832 0.238 -1.064 -1.815 -2.076 -2.209 -2.257
0.00021956 -1.85000 10.04922 0.8178352118 2.4248057149    0.798  2.682  3.6717  1.297    3  0.000  0.522    10.29     7.70     5.39     4.18     3.39  3  -1.5e-09      0.00 7.509e-01 2.488e-01 3.844e-05 1.158e-05 9.825e-05 -1.000 2.306e-04 -1.934 0.211 -1.141 -1.915 -2.182 -2.318 -2.367
0.00021956 -1.85000 10.04922 0.8178507686 2.4248108863    0.797  2.717  3.6697  1.253    3  0.000  0.522    11.29     8.33     5.81     4.52     3.66  3 -1.72e-09      0.00 7.509e-01 2.488e-01 3.844e-05 1.158e-05 9.825e-05 -1.000 2.306e-04 -2.022 0.197 -1.205 -2.001 -2.272 -2.411 -2.462
0.00021956 -1.85000 10.04922 0.8178671002 2.4248163151    0.796  2.756  3.6675  1.205    3  0.000  0.522    12.51     9.10     6.31     4.92     3.98  3 -1.99e-09      0.00 7.509e-01 2.489e-01 3.844e-05 1.158e-05 9.825e-05 -1.000 2.306e-04 -2.121 0.186 -1.274 -2.095 -2.372 -2.514 -2.566
0.00021956 -1.85000 10.04922 0.8178828359 2.4248215455    0.794  2.797  3.6653  1.155    3  0.000  0.522    13.90     9.95     6.88     5.37     4.35  2 -2.31e-09      0.00 7.509e-01 2.489e-01 3.844e-05 1.158e-05 9.825e-05 -1.000 2.305e-04 -2.221 0.179 -1.343 -2.191 -2.475 -2.621 -2.674
0.00021956 -1.85000 10.04922 0.8178974390 2.4248263992    0.792  2.837  3.6629  1.104    3  0.000  0.522    15.46    10.90     7.50     5.86     4.75  2 -2.69e-09      0.00 7.509e-01 2.489e-01 3.844e-05 1.158e-05 9.825e-05 -1.000 2.305e-04 -2.322 0.184 -1.407 -2.286 -2.578 -2.727 -2.782
0.00021956 -1.85000 10.04922 0.8179101944 2.4248306387    0.791  2.874  3.6609  1.058    3  0.000  0.522    17.04    11.84     8.12     6.35     5.15  2  -3.1e-09      0.00 7.509e-01 2.489e-01 3.844e-05 1.158e-05 9.825e-05 -1.000 2.306e-04 -2.414 0.189 -1.466 -2.374 -2.673 -2.825 -2.882
0.00021956 -1.85000 10.04922 0.8179226518 2.4248347789    0.789  2.912  3.6586  1.009    3  0.000  0.522    18.89    12.93     8.83     6.92     5.61  2 -3.58e-09      0.00 7.509e-01 2.489e-01 3.844e-05 1.158e-05 9.825e-05 -1.000 2.306e-04 -2.511 0.209 -1.521 -2.464 -2.770 -2.927 -2.986
0.00021956 -1.85000 10.04922 0.8179334998 2.4248383842    0.787  2.948  3.6565  0.964    3  0.000  0.522    20.77    14.02     9.54     7.48     6.07  2  -4.1e-09      0.00 7.509e-01 2.489e-01 3.844e-05 1.158e-05 9.825e-05 -1.000 2.306e-04 -2.601 0.206 -1.576 -2.545 -2.859 -3.020 -3.080
0.00021956 -1.85000 10.04922 0.8179439306 2.4248418507    0.785  2.985  3.6543  0.917    3  0.000  0.522    22.92    15.25    10.34     8.11     6.58  2 -4.72e-09      0.00 7.509e-01 2.489e-01 3.844e-05 1.158e-05 9.825e-05 -1.000 2.306e-04 -2.692 0.199 -1.630 -2.627 -2.949 -3.114 -3.176
0.00021956 -1.85000 10.04922 0.8179537654 2.4248451190    0.782  3.021  3.6520  0.870    3  0.000  0.522    25.28    16.57    11.19     8.80     7.14  1 -5.42e-09      0.00 7.509e-01 2.489e-01 3.844e-05 1.158e-05 9.825e-05 -1.000 2.305e-04 -2.783 0.194 -1.683 -2.707 -3.038 -3.207 -3.271
0.00021956 -1.85000 10.04922 0.8179623485 2.4248479712    0.780  3.055  3.6500  0.828    3  0.000  0.522    27.66    17.89    12.04     9.48     7.69  1 -6.17e-09      0.00 7.509e-01 2.489e-01 3.844e-05 1.159e-05 9.825e-05 -1.000 2.305e-04 -2.867 0.188 -1.733 -2.782 -3.120 -3.294 -3.359
0.00021956 -1.85000 10.04922 0.8179706335 2.4248507244    0.777  3.089  3.6478  0.783    3  0.000  0.522    30.37    19.37    12.99    10.24     8.31  1 -7.03e-09      0.00 7.509e-01 2.489e-01 3.844e-05 1.159e-05 9.825e-05 -1.000 2.306e-04 -2.952 0.185 -1.780 -2.856 -3.202 -3.380 -3.448
0.00021956 -1.85000 10.04922 0.8179784417 2.4248533191    0.775  3.122  3.6457  0.740    3  0.000  0.522    33.28    20.94    13.99    11.04     8.96  1 -7.99e-09      0.00 7.509e-01 2.489e-01 3.844e-05 1.159e-05 9.825e-05 -1.000 2.305e-04 -3.036 0.180 -1.829 -2.930 -3.284 -3.466 -3.535
0.00021956 -1.85000 10.04922 0.8179855347 2.4248556760    0.772  3.154  3.6437  0.698    3  0.000  0.522    36.34    22.57    15.03    11.87     9.63  1 -9.05e-09      0.00 7.509e-01 2.489e-01 3.844e-05 1.159e-05 9.825e-05 -1.000 2.305e-04 -3.116 0.177 -1.874 -2.999 -3.361 -3.548 -3.619
0.00021956 -1.85000 10.04922 0.8179925680 2.4248580131    0.768  3.188  3.6415  0.654    3  0.000  0.522    39.87    24.41    16.20    12.81    10.40  1 -1.03e-08      0.00 7.509e-01 2.489e-01 3.844e-05 1.159e-05 9.825e-05 -1.000 2.306e-04 -3.200 0.177 -1.919 -3.071 -3.442 -3.633 -3.706
0.00021956 -1.85000 10.04922 0.8179988265 2.4248600926    0.765  3.219  3.6396  0.613    3  0.000  0.522    43.42    26.24    17.35    13.75    11.16  1 -1.16e-08      0.00 7.509e-01 2.489e-01 3.844e-05 1.159e-05 9.825e-05 -1.000 2.306e-04 -3.278 0.176 -1.959 -3.137 -3.516 -3.711 -3.786
0.00021956 -1.85000 10.04922 0.8180049658 2.4248621325    0.762  3.250  3.6376  0.572    3  0.000  0.522    47.30    28.21    18.59    14.75    11.97  1 -1.31e-08      0.00 7.509e-01 2.489e-01 3.844e-05 1.159e-05 9.825e-05 -1.000 2.306e-04 -3.354 0.176 -1.996 -3.201 -3.588 -3.788 -3.865
0.00021956 -1.85000 10.04922 0.8180100322 2.4248638159    0.758  3.274  3.6360  0.540    3  0.000  0.522    50.57    29.86    19.62    15.58    12.65  1 -1.45e-08      0.00 7.509e-01 2.489e-01 3.844e-05 1.159e-05 9.825e-05 -1.000 2.305e-04 -3.414 0.176 -2.026 -3.251 -3.645 -3.848 -3.926
0.00021956 -1.85000 10.04922 0.8180100322 2.4248638159    0.758  1.701  3.8368  2.916    4  0.000  0.530     0.00     0.00     0.00     0.00     0.00 -1    -1e-30      0.00 7.529e-01 2.469e-01 3.904e-05 1.109e-05 9.830e-05 -1.000 2.306e-04 0.516 1.091 0.573 0.498 0.529 0.559 0.581
0.00021956 -1.85000 10.04922 0.8180626035 2.4248812823    0.758  1.724  3.8261  2.850    4  0.000  0.530     0.00     0.00     0.00     0.00     0.00 -1    -1e-30      0.00 7.529e-01 2.469e-01 3.904e-05 1.109e-05 9.830e-05 -1.000 2.306e-04 0.460 1.071 0.545 0.434 0.446 0.470 0.488
0.00021956 -1.85000 10.04922 0.8181129098 2.4248979937    0.758  1.725  3.8265  2.851    4  0.000  0.530     0.00     0.00     0.00     0.00     0.00 -1    -1e-30      0.00 7.529e-01 2.469e-01 3.904e-05 1.109e-05 9.830e-05 -1.000 2.306e-04 0.457 1.065 0.540 0.430 0.444 0.467 0.486
0.00021956 -1.85000 10.04922 0.8181635141 2.4249148017    0.758  1.726  3.8275  2.854    4  0.000  0.530     0.00     0.00     0.00     0.00     0.00 -1    -1e-30      0.00 7.529e-01 2.469e-01 3.904e-05 1.109e-05 9.830e-05 -1.000 2.306e-04 0.456 1.060 0.536 0.430 0.445 0.469 0.488
0.00021956 -1.85000 10.04922 0.8182150722 2.4249319240    0.758  1.726  3.8288  2.859    4  0.000  0.530     0.00     0.00     0.00     0.00     0.00 -1    -1e-30      0.00 7.529e-01 2.469e-01 3.904e-05 1.109e-05 9.830e-05 -1.000 2.306e-04 0.455 1.055 0.532 0.430 0.447 0.472 0.492
0.00021956 -1.85000 10.04922 0.8182675838 2.4249493604    0.759  1.726  3.8302  2.865    4  0.000  0.530     0.00     0.00     0.00     0.00     0.00 -1    -1e-30      0.00 7.529e-01 2.469e-01 3.904e-05 1.109e-05 9.830e-05 -1.000 2.306e-04 0.455 1.050 0.528 0.431 0.451 0.477 0.496
0.00021956 -1.85000 10.04922 0.8183206916 2.4249669922    0.759  1.726  3.8317  2.871    4  0.000  0.530     0.00     0.00     0.00     0.00     0.00 -1    -1e-30      0.00 7.529e-01 2.469e-01 3.904e-05 1.109e-05 9.830e-05 -1.000 2.305e-04 0.456 1.045 0.524 0.432 0.455 0.482 0.502
0.00021956 -1.85000 10.04922 0.8183723688 2.4249841465    0.759  1.726  3.8332  2.877    4  0.000  0.530     0.00     0.00     0.00     0.00     0.00 -1    -1e-30      0.00 7.529e-01 2.469e-01 3.904e-05 1.109e-05 9.830e-05 -1.000 2.305e-04 0.456 1.041 0.521 0.434 0.460 0.487 0.508
0.00021956 -1.85000 10.04922 0.8184249401 2.4250015950    0.759  1.725  3.8346  2.883    4  0.000  0.530     0.00     0.00     0.00     0.00     0.00 -1    -1e-30      0.00 7.529e-01 2.469e-01 3.904e-05 1.109e-05 9.830e-05 -1.000 2.306e-04 0.457 1.037 0.518 0.436 0.464 0.492 0.513
0.00021956 -1.85000 10.04922 0.8184799552 2.4250198519    0.759  1.725  3.8359  2.889    4  0.000  0.530     0.00     0.00     0.00     0.00     0.00 -1    -1e-30      0.00 7.529e-01 2.469e-01 3.904e-05 1.109e-05 9.830e-05 -1.000 2.306e-04 0.458 1.033 0.515 0.438 0.468 0.497 0.519
0.00021956 -1.85000 10.04922 0.8185349107 2.4250380862    0.759  1.725  3.8369  2.893    4  0.000  0.530     0.00     0.00     0.00     0.00     0.00 -1    -1e-30      0.00 7.529e-01 2.469e-01 3.904e-05 1.109e-05 9.830e-05 -1.000 2.305e-04 0.458 1.030 0.513 0.439 0.471 0.500 0.522
0.00021956 -1.85000 10.04922 0.8185900450 2.4250563770    0.759  1.725  3.8375  2.895    4  0.000  0.530     0.00     0.00     0.00     0.00     0.00 -1    -1e-30      0.00 7.529e-01 2.469e-01 3.904e-05 1.109e-05 9.830e-05 -1.000 2.305e-04 0.458 1.028 0.511 0.439 0.472 0.502 0.524
0.00021956 -1.85000 10.04922 0.8186432123 2.4250740126    0.759  1.725  3.8376  2.895    4  0.000  0.530     0.00     0.00     0.00     0.00     0.00 -1    -1e-30      0.00 7.529e-01 2.469e-01 3.904e-05 1.109e-05 9.830e-05 -1.000 2.305e-04 0.457 1.027 0.510 0.438 0.472 0.502 0.523
0.00021956 -1.85000 10.04922 0.8186948895 2.4250911513    0.759  1.726  3.8374  2.894    4  0.000  0.530     0.00     0.00     0.00     0.00     0.00 -1    -1e-30      0.00 7.529e-01 2.469e-01 3.904e-05 1.109e-05 9.830e-05 -1.000 2.306e-04 0.456 1.026 0.509 0.437 0.470 0.500 0.521
0.00021956 -1.85000 10.04922 0.8187394738 2.4251059357    0.759  1.726  3.8368  2.891    4  0.000  0.530     0.00     0.00     0.00     0.00     0.00 -1    -1e-30      0.00 7.529e-01 2.469e-01 3.904e-05 1.109e-05 9.830e-05 -1.000 2.306e-04 0.454 1.027 0.509 0.435 0.467 0.496 0.518
0.00021956 -1.85000 10.04922 0.8187448382 2.4251077145    0.759  1.726  3.8367  2.891    4  0.000  0.530     0.00     0.00     0.00     0.00     0.00 -1    -1e-30      0.00 7.529e-01 2.469e-01 3.904e-05 1.109e-05 9.830e-05 -1.000 2.306e-04 0.454 1.027 0.509 0.434 0.466 0.496 0.517
0.00021956 -1.85000 10.04922 0.8187938333 2.4251239591    0.759  1.727  3.8354  2.885    4  0.000  0.530     0.00     0.00     0.00     0.00     0.00 -1    -1e-30      0.00 7.529e-01 2.469e-01 3.904e-05 1.109e-05 9.830e-05 -1.000 2.306e-04 0.451 1.028 0.510 0.431 0.461 0.489 0.511
0.00021956 -1.85000 10.04922 0.8188453913 2.4251410511    0.759  1.729  3.8335  2.876    4  0.000  0.530     0.00     0.00     0.00     0.00     0.00 -1    -1e-30      0.00 7.529e-01 2.469e-01 3.904e-05 1.109e-05 9.830e-05 -1.000 2.306e-04 0.448 1.031 0.511 0.426 0.452 0.480 0.500
0.00021956 -1.85000 10.04922 0.8188966513 2.4251580419    0.759  1.731  3.8310  2.864    4  0.000  0.530     0.00     0.00     0.00     0.00     0.00 -1    -1e-30      0.00 7.529e-01 2.469e-01 3.904e-05 1.109e-05 9.830e-05 -1.000 2.306e-04 0.444 1.035 0.514 0.420 0.441 0.468 0.488
0.00021956 -1.85000 10.04922 0.8189476132 2.4251749314    0.759  1.733  3.8279  2.849    4  0.000  0.530     0.00     0.00     0.00     0.00     0.00 -1    -1e-30      0.00 7.529e-01 2.469e-01 3.904e-05 1.109e-05 9.830e-05 -1.000 2.306e-04 0.439 1.041 0.517 0.413 0.429 0.453 0.472
0.00021956 -1.85000 10.04922 0.8189968467 2.4251912458    0.759  1.735  3.8243  2.833    4  0.000  0.530     0.00     0.00     0.00     0.00     0.00 -1    -1e-30      0.00 7.529e-01 2.469e-01 3.904e-05 1.109e-05 9.830e-05 -1.000 2.306e-04 0.433 1.049 0.522 0.405 0.414 0.436 0.454
0.00021956 -1.85000 10.04922 0.8190467954 2.4252077949    0.759  1.738  3.8199  2.813    4  0.000  0.530     0.00     0.00     0.00     0.00     0.00 -1    -1e-30      0.00 7.529e-01 2.469e-01 3.904e-05 1.109e-05 9.830e-05 -1.000 2.305e-04 0.426 1.058 0.527 0.395 0.397 0.416 0.433
0.00021956 -1.85000 10.04922 0.8190976381 2.4252246378    0.759  1.741  3.8149  2.789    4  0.000  0.530     0.00     0.00     0.00     0.00     0.00 -1    -1e-30      0.00 7.529e-01 2.469e-01 3.904e-05 1.109e-05 9.830e-05 -1.000 2.306e-04 0.418 1.070 0.533 0.385 0.377 0.393 0.408
0.00021956 -1.85000 10.04922 0.8191221952 2.4252327721    0.759  1.743  3.8124  2.778    4  0.000  0.530     0.00     0.00     0.00     0.00     0.00 -1    -1e-30      0.00 7.529e-01 2.469e-01 3.904e-05 1.109e-05 9.830e-05 -1.000 2.306e-04 0.414 1.076 0.537 0.380 0.368 0.381 0.396
0.00021956 -1.85000 10.04922 0.8191314936 2.4252358520    0.760  1.743  3.8114  2.773    4  0.000  0.530     0.00     0.00     0.00     0.00     0.00 -1    -1e-30      0.00 7.529e-01 2.469e-01 3.904e-05 1.109e-05 9.830e-05 -1.000 2.306e-04 0.412 1.079 0.538 0.377 0.363 0.376 0.391
0.00021956 -1.85000 10.04922 0.8191862106 2.4252539739    0.760  1.747  3.8051  2.743    4  0.000  0.530     0.00     0.00     0.00     0.00     0.00 -1    -1e-30      0.00 7.529e-01 2.469e-01 3.904e-05 1.109e-05 9.830e-05 -1.000 2.306e-04 0.401 1.097 0.549 0.365 0.340 0.348 0.360
0.00021956 -1.85000 10.04922 0.8192395568 2.4252716392    0.760  1.752  3.7991  2.715    4  0.000  0.530     0.00     0.00     0.00     0.00     0.00 -1    -1e-30      0.00 7.529e-01 2.469e-01 3.904e-05 1.109e-05 9.830e-05 -1.000 2.305e-04 0.391 1.115 0.559 0.353 0.317 0.320 0.330
0.00021956 -1.85000 10.04922 0.8192965984 2.4252905253    0.760  1.757  3.7923  2.683    4  0.000  0.530     0.00     0.00     0.00     0.00     0.00 -1    -1e-30      0.00 7.529e-01 2.469e-01 3.904e-05 1.109e-05 9.830e-05 -1.000 2.306e-04 0.378 1.136 0.569 0.339 0.291 0.289 0.297
0.00021956 -1.85000 10.04922 0.8193508983 2.4253085008    0.760  1.762  3.7859  2.652    4  0.000  0.530     0.00     0.00     0.00     0.00     0.00 -1    -1e-30      0.00 7.529e-01 2.469e-01 3.904e-05 1.109e-05 9.830e-05 -1.000 2.307e-04 0.365 1.155 0.578 0.324 0.265 0.257 0.263
0.00021956 -1.85000 10.04922 0.8194029331 2.4253257239    0.760  1.768  3.7807  2.626    4  0.000  0.530     0.00     0.00     0.00     0.00     0.00 -1    -1e-30      0.00 7.529e-01 2.469e-01 3.904e-05 1.109e-05 9.830e-05 -1.000 2.306e-04 0.351 1.169 0.582 0.310 0.242 0.230 0.233
0.00021956 -1.85000 10.04922 0.8194566369 2.4253434968    0.760  1.774  3.7758  2.600    4  0.000  0.530     0.00     0.00     0.00     0.00     0.00 -1    -1e-30      0.00 7.529e-01 2.469e-01 3.904e-05 1.109e-05 9.830e-05 -1.000 2.306e-04 0.336 1.183 0.585 0.295 0.218 0.201 0.203
0.00021956 -1.85000 10.04922 0.8195093274 2.4253609317    0.760  1.779  3.7723  2.580    4  0.000  0.530     0.00     0.00     0.00     0.00     0.00 -1    -1e-30      0.00 7.529e-01 2.469e-01 3.904e-05 1.109e-05 9.830e-05 -1.000 2.306e-04 0.321 1.191 0.583 0.281 0.198 0.177 0.178
0.00021956 -1.85000 10.04922 0.8195626140 2.4253785612    0.760  1.786  3.7688  2.560    4  0.000  0.530     0.00     0.00     0.00     0.00     0.00 -1    -1e-30      0.00 7.529e-01 2.469e-01 3.904e-05 1.109e-05 9.830e-05 -1.000 2.306e-04 0.305 1.196 0.580 0.265 0.176 0.152 0.151
0.00021956 -1.85000 10.04922 0.8196159005 2.4253961881    0.760  1.793  3.7656  2.540    4  0.000  0.530     0.00     0.00     0.00     0.00     0.00 -1    -1e-30      0.00 7.529e-01 2.469e-01 3.904e-05 1.109e-05 9.830e-05 -1.000 2.305e-04 0.287 1.198 0.574 0.247 0.153 0.126 0.123
0.00021956 -1.85000 10.04922 0.8196696639 2.4254139701    0.760  1.802  3.7623  2.518    4  0.000  0.530     0.00     0.00     0.00     0.00     0.00 -1    -1e-30      0.00 7.529e-01 2.469e-01 3.904e-05 1.109e-05 9.830e-05 -1.000 2.306e-04 0.266 1.197 0.565 0.226 0.126 0.096 0.092
0.00021956 -1.85000 10.04922 0.8196803331 2.4254174986    0.760  1.787  3.7682  2.557    4  0.000  0.530     0.00     0.00     0.00     0.00     0.00 -1    -1e-30      0.00 7.529e-01 2.469e-01 3.904e-05 1.109e-05 9.830e-05 -1.000 2.306e-04 0.303 1.197 0.579 0.262 0.172 0.148 0.147
0.00021956 -1.85000 10.04922 0.8197354674 2.4254357306    0.760  1.804  3.7612  2.511    4  0.000  0.530     0.00     0.00     0.00     0.00     0.00 -1    -1e-30      0.00 7.529e-01 2.469e-01 3.904e-05 1.109e-05 9.830e-05 -1.000 2.307e-04 0.260 1.198 0.563 0.220 0.118 0.086 0.082
0.00021956 -1.85000 10.04922 0.8197897077 2.4254536643    0.760  1.824  3.7553  2.468    4  0.000  0.530     0.00     0.00     0.00     0.00     0.00 -1    -1e-30      0.00 7.529e-01 2.469e-01 3.904e-05 1.109e-05 9.830e-05 -1.000 2.306e-04 0.211 1.190 0.536 0.172 0.060 0.022 0.016
0.00021956 -1.85000 10.04922 0.8198354244 2.4254687776    0.760  1.854  3.7482  2.410    4  0.000  0.530     0.00     0.00     0.00     0.00     0.00 -1    -1e-30      0.00 7.529e-01 2.469e-01 3.904e-05 1.109e-05 9.830e-05 -1.000 2.306e-04 0.136 1.165 0.488 0.099 -0.026 -0.070 -0.080
0.00021956 -1.85000 10.04922 0.8198601604 2.4254769542    0.760  1.888  3.7412  2.348    4  0.000  0.530     0.00     0.00     0.00     0.00     0.00 -1    -1e-30      0.00 7.529e-01 2.469e-01 3.904e-05 1.109e-05 9.830e-05 -1.000 2.306e-04 0.051 1.132 0.429 0.015 -0.122 -0.173 -0.186
0.00021956 -1.85000 10.04922 0.8198713660 2.4254806581    0.760  1.923  3.7350  2.288    4  0.000  0.530     0.00     0.00     0.00     0.00     0.00 -1    -1e-30      0.00 7.529e-01 2.469e-01 3.904e-05 1.109e-05 9.830e-05 -1.000 2.305e-04 -0.038 1.096 0.365 -0.073 -0.219 -0.278 -0.293
0.00021956 -1.85000 10.04922 0.8198763132 2.4254822933    0.760  1.960  3.7295  2.229    4  0.000  0.530     0.00     0.00     0.00     0.00     0.00 -1    -1e-30      0.00 7.529e-01 2.469e-01 3.904e-05 1.109e-05 9.830e-05 -1.000 2.306e-04 -0.129 1.054 0.296 -0.163 -0.319 -0.383 -0.401
0.00021956 -1.85000 10.04922 0.8198786974 2.4254830814    0.760  1.997  3.7248  2.173    4  0.000  0.530     0.00     0.00     0.00     0.00     0.00 -1    -1e-30      0.00 7.529e-01 2.469e-01 3.904e-05 1.109e-05 9.830e-05 -1.000 2.306e-04 -0.222 1.006 0.223 -0.254 -0.418 -0.487 -0.507
0.00021956 -1.85000 10.04922 0.8198795915 2.4254833769    0.760  2.022  3.7221  2.137    7  0.000  0.530     0.00     0.00     0.00     0.00     0.00 -1    -1e-30      0.00 7.529e-01 2.469e-01 3.904e-05 1.109e-05 9.830e-05 -1.000 2.306e-04 -0.285 0.970 0.172 -0.315 -0.484 -0.556 -0.578
0.00021956 -1.85000 10.04922 0.8198806643 2.4254837315    0.760  2.060  3.7187  2.086    7  0.000  0.530     0.00     0.00     0.00     0.00     0.00 -1    -1e-30      0.00 7.529e-01 2.469e-01 3.904e-05 1.109e-05 9.830e-05 -1.000 2.306e-04 -0.380 0.908 0.092 -0.409 -0.583 -0.659 -0.682
0.00021956 -1.85000 10.04922 0.8198815584 2.4254840270    0.760  2.096  3.7158  2.038    7  0.000  0.530     0.00     0.00     0.00     0.00     0.00 -1    -1e-30      0.00 7.529e-01 2.469e-01 3.904e-05 1.109e-05 9.830e-05 -1.000 2.306e-04 -0.470 0.850 0.016 -0.497 -0.677 -0.756 -0.781
0.00021956 -1.85000 10.04922 0.8198823929 2.4254843028    0.760  2.124  3.7138  2.002    7  0.000  0.530     0.00     0.00     0.00     0.00     0.00 -1    -1e-30      0.00 7.529e-01 2.469e-01 3.904e-05 1.109e-05 9.830e-05 -1.000 2.306e-04 -0.539 0.803 -0.044 -0.565 -0.748 -0.830 -0.855
0.00021956 -1.85000 10.04922 0.8198832870 2.4254845983    0.760  2.134  3.7131  1.990    7  0.000  0.530     0.00     0.00     0.00     0.00     0.00 -1    -1e-30      0.00 7.529e-01 2.469e-01 3.904e-05 1.109e-05 9.830e-05 -1.000 2.306e-04 -0.565 0.785 -0.066 -0.590 -0.774 -0.857 -0.883
0.00021956 -1.85000 10.04922 0.8198846579 2.4254850514    0.760  2.142  3.7127  1.980    7  0.000  0.530     0.00     0.00     0.00     0.00     0.00 -1    -1e-30      0.00 7.529e-01 2.469e-01 3.904e-05 1.109e-05 9.830e-05 -1.000 2.306e-04 -0.585 0.771 -0.084 -0.610 -0.795 -0.878 -0.904
0.00021956 -1.85000 10.04922 0.8198871017 2.4254858591    0.760  2.136  3.7132  1.988    7  0.000  0.530     0.00     0.00     0.00     0.00     0.00 -1    -1e-30      0.00 7.529e-01 2.469e-01 3.904e-05 1.109e-05 9.830e-05 -1.000 2.306e-04 -0.569 0.780 -0.071 -0.595 -0.779 -0.862 -0.887
0.00021956 -1.85000 10.04922 0.8198912740 2.4254872382    0.760  2.121  3.7142  2.007    7  0.000  0.530     0.00     0.00     0.00     0.00     0.00 -1    -1e-30      0.00 7.529e-01 2.469e-01 3.904e-05 1.109e-05 9.830e-05 -1.000 2.305e-04 -0.533 0.805 -0.039 -0.559 -0.741 -0.823 -0.848
0.00021956 -1.85000 10.04922 0.8199162483 2.4254954923    0.760  2.145  3.7122  1.975    7  0.000  0.530     0.00     0.00     0.00     0.00     0.00 -1    -1e-30      0.00 7.529e-01 2.469e-01 3.904e-05 1.109e-05 9.830e-05 -1.000 2.305e-04 -0.591 0.769 -0.088 -0.616 -0.802 -0.886 -0.912
0.00021956 -1.85000 10.04922 0.8199315071 2.4255005350    0.760  2.172  3.7101  1.939    7  0.000  0.530     0.00     0.00     0.00     0.00     0.00 -1    -1e-30      0.00 7.529e-01 2.469e-01 3.904e-05 1.109e-05 9.830e-05 -1.000 2.306e-04 -0.661 0.725 -0.147 -0.684 -0.874 -0.960 -0.988
0.00021956 -1.85000 10.04922 0.8199499249 2.4255066216    0.760  2.218  3.7068  1.881    7  0.000  0.530     0.00     0.00     0.00     0.00     0.00 -1    -1e-30      0.00 7.529e-01 2.469e-01 3.904e-05 1.109e-05 9.830e-05 -1.000 2.306e-04 -0.775 0.654 -0.244 -0.795 -0.991 -1.082 -1.111
0.00021956 -1.85000 10.04922 0.8199687600 2.4255128456    0.760  2.279  3.7027  1.803    7  0.000  0.530     0.00     0.00     0.00     0.00     0.00 -1    -1e-30      0.00 7.529e-01 2.469e-01 3.904e-05 1.109e-05 9.830e-05 -1.000 2.306e-04 -0.927 0.556 -0.374 -0.944 -1.148 -1.243 -1.274
0.00021956 -1.85000 10.04922 0.8199856877 2.4255184391    0.760  2.331  3.6994  1.738    7  0.000  0.530     0.00     0.00     0.00     0.00     0.00 -1    -1e-30      0.00 7.529e-01 2.469e-01 3.903e-05 1.109e-05 9.830e-05 -1.000 2.305e-04 -1.057 0.472 -0.485 -1.071 -1.281 -1.380 -1.413
0.00021956 -1.85000 10.04922 0.8200006485 2.4255233825    0.760  2.376  3.6966  1.681    7  0.000  0.530     0.00     0.00     0.00     0.00     0.00 -1    -1e-30      0.00 7.529e-01 2.469e-01 3.902e-05 1.110e-05 9.830e-05 -1.000 1.949e-04 -1.170 0.400 -0.581 -1.181 -1.396 -1.499 -1.534
0.00021956 -1.85000 10.04922 0.8200138807 2.4255277545    0.760  2.420  3.6939  1.627    7  0.000  0.530     0.00     0.00     0.00     0.00     0.00 -1    -1e-30      0.00 7.529e-01 2.469e-01 3.899e-05 1.110e-05 9.830e-05 -1.000 1.926e-04 -1.279 0.331 -0.674 -1.287 -1.507 -1.614 -1.650
0.00021956 -1.85000 10.04922 0.8200255036 2.4255315946    0.761  2.462  3.6913  1.574    7  0.000  0.527     0.00     0.00     0.00     0.00     0.00 -1    -1e-30      0.00 7.529e-01 2.469e-01 3.885e-05 1.117e-05 9.830e-05 -1.000 1.885e-04 -1.385 0.264 -0.764 -1.390 -1.615 -1.725 -1.762
0.00021956 -1.85000 10.04922 0.8200358152 2.4255350014    0.761  2.503  3.6888  1.523    7  0.000  0.521     6.27     5.05     3.60     2.78     2.25  3    -1e-30      0.00 7.529e-01 2.469e-01 3.846e-05 1.150e-05 9.830e-05 -1.000 1.927e-04 -1.488 0.201 -0.851 -1.489 -1.719 -1.832 -1.871
0.00021956 -1.85000 10.04922 0.8200451732 2.4255380931    0.761  2.545  3.6863  1.472    7  0.000  0.510     6.99     5.55     3.93     3.05     2.46  3    -1e-30      0.00 7.528e-01 2.470e-01 3.772e-05 1.228e-05 9.831e-05 -1.000 2.305e-04 -1.591 0.140 -0.937 -1.588 -1.823 -1.939 -1.980
0.00021956 -1.85000 10.04922 0.8200537562 2.4255409286    0.761  2.586  3.6838  1.420    7  0.000  0.497     7.80     6.09     4.30     3.33     2.70  3    -1e-30      0.00 7.527e-01 2.471e-01 3.680e-05 1.337e-05 9.833e-05 -1.000 2.295e-04 -1.695 0.096 -1.020 -1.689 -1.929 -2.049 -2.091
0.00021956 -1.85000 10.04922 0.8200617433 2.4255435672    0.761  2.628  3.6812  1.368    7  0.000  0.484     8.72     6.69     4.71     3.65     2.96  3    -1e-30      0.00 7.526e-01 2.472e-01 3.586e-05 1.451e-05 9.835e-05 -1.000 2.268e-04 -1.800 0.062 -1.103 -1.793 -2.038 -2.162 -2.205
0.00021956 -1.85000 10.04922 0.8200691938 2.4255460286    0.761  2.670  3.6786  1.316    7  0.000  0.472     9.74     7.35     5.15     4.00     3.24  3    -1e-30      0.00 7.524e-01 2.474e-01 3.502e-05 1.555e-05 9.836e-05 -1.000 2.253e-04 -1.904 0.037 -1.182 -1.895 -2.146 -2.273 -2.318
0.00021956 -1.85000 10.04922 0.8200762272 2.4255483520    0.761  2.711  3.6760  1.265    7  0.000  0.463    10.86     8.07     5.63     4.38     3.55  3    -1e-30      0.00 7.522e-01 2.476e-01 3.429e-05 1.644e-05 9.837e-05 -1.000 2.291e-04 -2.007 0.019 -1.256 -1.994 -2.252 -2.382 -2.428
0.00021956 -1.85000 10.04922 0.8200830221 2.4255505966    0.761  2.751  3.6735  1.214    7  0.000  0.454    12.10     8.84     6.14     4.79     3.87  2    -1e-30      0.00 7.520e-01 2.478e-01 3.368e-05 1.721e-05 9.837e-05 -1.000 2.270e-04 -2.108 0.008 -1.328 -2.092 -2.356 -2.490 -2.538
0.00021956 -1.85000 10.04922 0.8200895786 2.4255527625    0.761  2.793  3.6708  1.162    7  0.000  0.447    13.52     9.72     6.72     5.25     4.25  2    -1e-30      0.00 7.518e-01 2.479e-01 3.313e-05 1.788e-05 9.835e-05 -1.000 2.279e-04 -2.212 0.003 -1.399 -2.193 -2.464 -2.601 -2.651
0.00021956 -1.85000 10.04922 0.8200954199 2.4255546920    0.761  2.835  3.6681  1.109    7  0.000  0.441    15.13    10.69     7.36     5.76     4.66  2    -1e-30      0.00 7.517e-01 2.481e-01 3.266e-05 1.846e-05 9.831e-05 -1.000 2.306e-04 -2.317 0.007 -1.467 -2.293 -2.572 -2.713 -2.765
0.00021956 -1.85000 10.04922 0.8201003075 2.4255563065    0.761  2.875  3.6654  1.057    7  0.000  0.436    16.87    11.74     8.05     6.30     5.10  2    -1e-30      0.00 7.515e-01 2.482e-01 3.228e-05 1.894e-05 9.825e-05 -1.000 2.305e-04 -2.419 0.020 -1.530 -2.389 -2.676 -2.822 -2.875
0.00021956 -1.85000 10.04922 0.8201044202 2.4255576650    0.761  2.916  3.6627  1.006    7  0.000  0.432    18.80    12.87     8.78     6.89     5.58  2    -1e-30      0.00 7.513e-01 2.484e-01 3.195e-05 1.937e-05 9.815e-05 -1.000 2.306e-04 -2.519 0.041 -1.588 -2.484 -2.779 -2.929 -2.984
0.00021956 -1.85000 10.04922 0.8201079369 2.4255588266    0.761  2.955  3.6600  0.956    7  0.000  0.429    20.91    14.09     9.58     7.52     6.10  2    -1e-30      0.00 7.512e-01 2.486e-01 3.167e-05 1.976e-05 9.802e-05 -1.000 2.285e-04 -2.618 0.078 -1.638 -2.575 -2.880 -3.035 -3.093
0.00021956 -1.85000 10.04922 0.8201112747 2.4255599291    0.761  2.995  3.6573  0.905    7  0.000  0.427    23.30    15.45    10.46     8.22     6.66  1    -1e-30      0.00 7.510e-01 2.488e-01 3.143e-05 2.013e-05 9.786e-05 -1.000 2.306e-04 -2.718 0.113 -1.686 -2.665 -2.980 -3.140 -3.200
0.00021956 -1.85000 10.04922 0.8201146126 2.4255610317    0.761  3.038  3.6543  0.850    7  0.000  0.425    26.18    17.06    11.50     9.05     7.34  1    -1e-30      0.00 7.508e-01 2.490e-01 3.123e-05 2.048e-05 9.768e-05 -1.000 2.305e-04 -2.825 0.113 -1.746 -2.759 -3.085 -3.251 -3.313
0.00021956 -1.85000 10.04922 0.8201176524 2.4255620357    0.761  3.088  3.6507  0.786    7  0.000  0.423    30.05    19.18    12.86    10.14     8.23  1    -1e-30      0.00 7.506e-01 2.492e-01 3.102e-05 2.093e-05 9.741e-05 -1.000 2.306e-04 -2.951 0.118 -1.814 -2.869 -3.208 -3.381 -3.446
0.00021956 -1.85000 10.04922 0.8201186061 2.4255623507    0.761  3.115  3.6488  0.751    7  0.000  0.422    32.31    20.40    13.64    10.77     8.73  1    -1e-30      0.00 7.505e-01 2.493e-01 3.093e-05 2.114e-05 9.728e-05 -1.000 2.306e-04 -3.017 0.120 -1.849 -2.926 -3.271 -3.448 -3.515
0.00021956 -1.85000 10.04922 0.8201188445 2.4255624295    0.761  3.145  3.6466  0.712    7  0.000  0.422    35.14    21.91    14.60    11.54     9.36  1    -1e-30      0.00 7.503e-01 2.494e-01 3.080e-05 2.151e-05 9.702e-05 -1.000 2.279e-04 -3.093 0.123 -1.889 -2.990 -3.344 -3.525 -3.594
0.00021956 -1.85000 10.04922 0.8201191425 2.4255625279    0.761  3.183  3.6437  0.663    7  0.000  0.421    39.03    23.95    15.90    12.58    10.21  1    -1e-30      0.00 7.500e-01 2.497e-01 3.062e-05 2.210e-05 9.660e-05 -1.000 2.257e-04 -3.189 0.130 -1.937 -3.071 -3.435 -3.622 -3.693
0.00021956 -1.85000 10.04922 0.8201196194 2.4255626854    0.761  3.224  3.6406  0.609    7  0.549  0.420    43.70    26.37    17.43    13.81    11.21  1    -1e-30      0.00 7.498e-01 2.500e-01 3.042e-05 2.273e-05 9.616e-05 -1.000 2.306e-04 -3.291 0.140 -1.985 -3.156 -3.532 -3.725 -3.799
0.00021956 -1.85000 10.04922 0.8201197982 2.4255627445    0.761  3.257  3.6347  0.553    8  0.525  0.430    49.28    29.22    19.22    15.25    12.39  1  -4.2e-07      0.00 7.486e-01 2.513e-01 3.081e-05 2.440e-05 9.685e-05 -1.000 1.730e-04 -3.374 0.237 -1.971 -3.203 -3.600 -3.805 -3.884
0.00021956 -1.85000 10.04922 0.8201198578 2.4255627642    0.759  3.047  3.6504  0.824    8  0.525  0.424    27.66    17.87    12.02     9.47     7.68  1 -1.79e-07      0.00 7.486e-01 2.513e-01 3.081e-05 2.440e-05 9.685e-05 -1.000 1.730e-04 -2.849 0.199 -1.718 -2.766 -3.103 -3.276 -3.341
0.00021956 -1.85000 10.04922 0.8201199770 2.4255628036    0.756  2.896  3.6618  1.020    8  0.525  0.424    18.24    12.54     8.57     6.72     5.44  2 -1.02e-07      0.00 7.486e-01 2.513e-01 3.081e-05 2.440e-05 9.685e-05 -1.000 1.730e-04 -2.470 0.118 -1.529 -2.433 -2.730 -2.881 -2.937
0.00021956 -1.85000 10.04922 0.8201202154 2.4255628823    0.751  2.689  3.6774  1.286    8  0.525  0.424    10.33     7.73     5.40     4.20     3.40  3 -5.09e-08      0.00 7.486e-01 2.513e-01 3.081e-05 2.440e-05 9.685e-05 -1.000 1.730e-04 -1.953 0.029 -1.217 -1.942 -2.196 -2.324 -2.370
0.00021956 -1.85000 10.04922 0.8201205134 2.4255629807    0.744  2.696  3.6767  1.273    8  0.526  0.424    10.61     7.91     5.51     4.30     3.48  3 -5.26e-08      0.00 7.486e-01 2.513e-01 3.081e-05 2.440e-05 9.685e-05 -1.000 1.730e-04 -1.970 0.035 -1.226 -1.958 -2.214 -2.343 -2.389
0.00021956 -1.85000 10.04922 0.8201208711 2.4255630989    0.736  2.787  3.6696  1.149    8  0.526  0.424    13.77     9.87     6.81     5.33     4.31  2 -7.21e-08      0.00 7.486e-01 2.513e-01 3.081e-05 2.440e-05 9.685e-05 -1.000 1.730e-04 -2.196 0.062 -1.369 -2.175 -2.449 -2.589 -2.639
0.00021956 -1.85000 10.04922 0.8201213479 2.4255632564    0.725  2.969  3.6555  0.904    8  0.526  0.424    23.10    15.30    10.35     8.15     6.61  1 -1.41e-07      0.00 7.486e-01 2.513e-01 3.081e-05 2.440e-05 9.685e-05 -1.000 1.730e-04 -2.652 0.220 -1.601 -2.592 -2.912 -3.075 -3.136
0.00021956 -1.85000 10.04922 0.8201218843 2.4255634336    0.713  3.132  3.6429  0.683    8  0.526  0.424    36.85    22.72    15.10    11.96     9.70  1 -2.77e-07      0.00 7.486e-01 2.513e-01 3.081e-05 2.440e-05 9.685e-05 -1.000 1.730e-04 -3.060 0.263 -1.804 -2.939 -3.304 -3.492 -3.564
0.00021956 -1.85000 10.04922 0.8201225400 2.4255636501    0.700  3.242  3.6342  0.530    8  0.527  0.424    50.86    29.80    19.55    15.57    12.63  1 -4.54e-07      0.00 7.486e-01 2.513e-01 3.081e-05 2.440e-05 9.685e-05 -1.000 1.730e-04 -3.335 0.306 -1.918 -3.160 -3.560 -3.767 -3.847
0.00021956 -1.85000 10.04922 0.8201231956 2.4255638667    0.685  3.304  3.6291  0.438    8  0.527  0.424    61.65    34.98    22.78    18.19    14.77  1  -6.2e-07      0.00 7.486e-01 2.513e-01 3.081e-05 2.440e-05 9.685e-05 -1.000 1.730e-04 -3.490 0.338 -1.967 -3.279 -3.703 -3.922 -4.007
0.00021956 -1.85000 10.04922 0.8201240301 2.4255641423    0.669  3.337  3.6262  0.383    8  0.528  0.424    69.09    38.42    24.90    19.93    16.18  1 -7.51e-07      0.00 7.486e-01 2.513e-01 3.081e-05 2.440e-05 9.685e-05 -1.000 1.731e-04 -3.573 0.360 -1.981 -3.338 -3.777 -4.004 -4.092
0.00021956 -1.85000 10.04922 0.8201248646 2.4255644179    0.651  3.359  3.6242  0.342    8  0.528  0.424    75.17    41.12    26.55    21.30    17.29  1  -8.7e-07      0.00 7.486e-01 2.513e-01 3.081e-05 2.440e-05 9.685e-05 -1.000 1.731e-04 -3.627 0.381 -1.985 -3.374 -3.825 -4.057 -4.147
0.00021956 -1.85000 10.04922 0.8201289773 2.4255657763    0.530 -9.999  4.0000  1.854    9  0.531  0.000     0.00     0.00     0.00     0.00     0.00 -1    -1e-30      0.00 7.486e-01 2.513e-01 3.081e-05 2.440e-05 9.685e-05 -1.000 1.730e-04 29.767 30.107 29.969 30.248 30.476 30.555 30.644
