# Zini     MH   logAge Mini        int_IMF         Mass   logL    logTe  logg  label   McoreTP C_O  period0  period1  period2  period3  period4  pmode  Mloss  tau1m   X   Y   Xc  Xn  Xo  Cexcess  Z 	 mbolmag  umag    gmag    rmag    imag    zmag    Ymag
0.00043772 -1.55000 10.11394 0.0900000036 1.0816895926    0.090 -3.184  3.4768  5.436    1  0.000  0.545     0.00     0.00     0.00     0.00     0.00 -1 -5.25e-17      0.00 7.478e-01 2.517e-01 8.208e-05 2.215e-05 2.008e-04 -1.000 4.565e-04 12.730 17.874 16.153 14.231 12.600 12.069 11.963
0.00043772 -1.55000 10.11394 0.0948089287 1.1262196732    0.095 -3.035  3.4982  5.395    1  0.000  0.545     0.00     0.00     0.00     0.00     0.00 -1 -7.56e-17      0.00 7.468e-01 2.527e-01 8.208e-05 2.215e-05 2.008e-04 -1.000 4.565e-04 12.358 17.405 15.353 13.505 12.197 11.744 11.635
0.00043772 -1.55000 10.11394 0.1000000015 1.1711064122    0.100 -2.883  3.5200  5.353    1  0.000  0.545     0.00     0.00     0.00     0.00     0.00 -1  -1.1e-16      0.00 7.457e-01 2.538e-01 8.208e-05 2.215e-05 2.008e-04 -1.000 4.564e-04 11.978 16.805 14.575 12.827 11.793 11.403 11.295
0.00043772 -1.55000 10.11394 0.1199999973 1.3193154249    0.120 -2.596  3.5511  5.269    1  0.000  0.545     0.00     0.00     0.00     0.00     0.00 -1 -2.13e-16      0.00 7.428e-01 2.567e-01 8.208e-05 2.215e-05 2.008e-04 -1.000 4.564e-04 11.260 15.578 13.357 11.784 11.048 10.728 10.626
0.00043772 -1.55000 10.11394 0.1400000006 1.4384526719    0.140 -2.414  3.5663  5.215    1  0.000  0.545     0.00     0.00     0.00     0.00     0.00 -1  -3.2e-16      0.00 7.407e-01 2.589e-01 8.208e-05 2.215e-05 2.008e-04 -1.000 4.565e-04 10.804 14.814 12.682 11.203 10.582 10.291 10.194
0.00043772 -1.55000 10.11394 0.1599999964 1.5372931554    0.160 -2.270  3.5764  5.170    1  0.000  0.545     0.00     0.00     0.00     0.00     0.00 -1 -4.38e-16      0.00 7.393e-01 2.603e-01 8.208e-05 2.215e-05 2.008e-04 -1.000 4.564e-04 10.446 14.249 12.189 10.778 10.218 9.944 9.851
0.00043772 -1.55000 10.11394 0.2000000179 1.6938791367    0.200 -2.049  3.5895  5.097    1  0.000  0.545     0.00     0.00     0.00     0.00     0.00 -1  -7.1e-16      0.00 7.381e-01 2.614e-01 8.208e-05 2.215e-05 2.008e-04 -1.000 4.565e-04 9.892 13.420 11.469 10.155 9.657 9.404 9.316
0.00043772 -1.55000 10.11394 0.2500000000 1.8403257998    0.250 -1.846  3.6006  5.036    1  0.000  0.545     0.00     0.00     0.00     0.00     0.00 -1 -5.21e-17      0.00 7.382e-01 2.613e-01 8.207e-05 2.215e-05 2.008e-04 -1.000 4.565e-04 9.384 12.697 10.832 9.600 9.144 8.907 8.825
0.00043772 -1.55000 10.11394 0.3000000417 1.9529140366    0.300 -1.691  3.6092  4.995    1  0.000  0.545     0.00     0.00     0.00     0.00     0.00 -1 -1.48e-16      0.00 7.384e-01 2.611e-01 8.205e-05 2.215e-05 2.008e-04 -1.000 4.565e-04 8.998 12.152 10.351 9.181 8.752 8.529 8.451
0.00043772 -1.55000 10.11394 0.3262903690 2.0027528740    0.326 -1.623  3.6133  4.980    1  0.000  0.545     0.00     0.00     0.00     0.00     0.00 -1  -1.7e-15      0.00 7.384e-01 2.612e-01 8.203e-05 2.215e-05 2.008e-04 -1.000 4.565e-04 8.827 11.912 10.138 8.996 8.579 8.362 8.286
0.00043772 -1.55000 10.11394 0.3499999940 2.0434174644    0.350 -1.566  3.6167  4.967    1  0.000  0.545     0.00     0.00     0.00     0.00     0.00 -1  -1.9e-15      0.00 7.383e-01 2.612e-01 8.202e-05 2.215e-05 2.008e-04 -1.000 4.564e-04 8.685 11.712 9.960 8.842 8.434 8.222 8.148
0.00043772 -1.55000 10.11394 0.3897463977 2.1041350469    0.390 -1.451  3.6256  4.934    1  0.000  0.545     0.00     0.00     0.00     0.00     0.00 -1 -2.43e-15      0.00 7.479e-01 2.516e-01 8.207e-05 2.215e-05 2.008e-04 -1.000 4.565e-04 8.398 11.277 9.582 8.525 8.143 7.945 7.876
0.00043772 -1.55000 10.11394 0.4000000060 2.1185024399    0.400 -1.423  3.6278  4.927    1  0.000  0.545     0.00     0.00     0.00     0.00     0.00 -1 -2.58e-15      0.00 7.503e-01 2.493e-01 8.208e-05 2.215e-05 2.008e-04 -1.000 4.565e-04 8.328 11.172 9.491 8.449 8.073 7.878 7.810
0.00043772 -1.55000 10.11394 0.4500000179 2.1822809362    0.450 -1.250  3.6464  4.878    1  0.000  0.545     0.00     0.00     0.00     0.00     0.00 -1 -3.84e-15      0.00 7.504e-01 2.491e-01 8.208e-05 2.215e-05 2.008e-04 -1.000 4.564e-04 7.894 10.448 8.882 7.959 7.633 7.466 7.407
0.00043772 -1.55000 10.11394 0.5000000000 2.2374541529    0.500 -1.054  3.6719  4.830    1  0.000  0.545     0.00     0.00     0.00     0.00     0.00 -1 -6.03e-15      0.00 7.504e-01 2.491e-01 8.208e-05 2.215e-05 2.008e-04 -1.000 4.564e-04 7.405 9.556 8.180 7.407 7.141 7.011 6.965
0.00043772 -1.55000 10.11394 0.5500000715 2.2836583126    0.550 -0.836  3.6966  4.752    1  0.000  0.544     0.00     0.00     0.00     0.00     0.00 -1 -1.04e-14      0.00 7.877e-01 2.120e-01 7.063e-05 1.907e-05 1.730e-04 -1.000 3.874e-04 6.860 8.622 7.467 6.819 6.602 6.503 6.471
0.00043772 -1.55000 10.11394 0.6000000238 2.3211213258    0.600 -0.621  3.7249  4.688    1  0.000  0.544     0.00     0.00     0.00     0.00     0.00 -1 -1.76e-14      0.00 7.995e-01 2.001e-01 6.718e-05 1.815e-05 1.648e-04 -1.000 3.674e-04 6.321 7.712 6.788 6.258 6.088 6.022 6.005
0.00043772 -1.55000 10.11394 0.6075507998 2.3261659557    0.607 -0.586  3.7296  4.678    1  0.000  0.543     0.00     0.00     0.00     0.00     0.00 -1 -1.91e-14      0.00 8.016e-01 1.980e-01 6.657e-05 1.799e-05 1.633e-04 -1.000 3.699e-04 6.236 7.571 6.683 6.171 6.008 5.948 5.933
0.00043772 -1.55000 10.11394 0.6180973649 2.3329753587    0.618 -0.538  3.7363  4.664    1  0.000  0.543     0.00     0.00     0.00     0.00     0.00 -1 -2.15e-14      0.00 8.047e-01 1.950e-01 6.570e-05 1.775e-05 1.613e-04 -1.000 3.704e-04 6.116 7.382 6.539 6.051 5.898 5.845 5.833
0.00043772 -1.55000 10.11394 0.6278992295 2.3390686598    0.628 -0.494  3.7423  4.650    1  0.000  0.543     0.00     0.00     0.00     0.00     0.00 -1 -4.37e-21      0.00 8.076e-01 1.921e-01 6.486e-05 1.753e-05 1.592e-04 -1.000 3.691e-04 6.004 7.210 6.405 5.939 5.796 5.749 5.740
0.00043772 -1.55000 10.11394 0.6370099783 2.3445393833    0.637 -0.451  3.7478  4.636    1  0.000  0.543     0.00     0.00     0.00     0.00     0.00 -1 -2.06e-18      0.00 8.104e-01 1.892e-01 6.405e-05 1.732e-05 1.573e-04 -1.000 3.628e-04 5.898 7.053 6.282 5.836 5.701 5.660 5.653
0.00043772 -1.55000 10.11394 0.6458875537 2.3496997178    0.646 -0.410  3.7531  4.622    1  0.000  0.543     0.00     0.00     0.00     0.00     0.00 -1  -1.5e-15      0.00 8.133e-01 1.863e-01 6.323e-05 1.709e-05 1.554e-04 -1.000 3.630e-04 5.795 6.901 6.161 5.735 5.609 5.573 5.569
0.00043772 -1.55000 10.11394 0.6499999762 2.3520353107    0.650 -0.390  3.7554  4.615    1  0.000  0.542     0.00     0.00     0.00     0.00     0.00 -1 -3.12e-14      0.00 8.146e-01 1.850e-01 6.283e-05 1.699e-05 1.544e-04 -1.000 3.695e-04 5.746 6.831 6.105 5.688 5.566 5.533 5.529
0.00043772 -1.55000 10.11394 0.6555882692 2.3551551600    0.655 -0.364  3.7585  4.604    1  0.000  0.542     0.00     0.00     0.00     0.00     0.00 -1 -3.34e-14      0.00 8.169e-01 1.827e-01 6.218e-05 1.682e-05 1.529e-04 -1.000 3.684e-04 5.680 6.737 6.029 5.624 5.507 5.477 5.475
0.00043772 -1.55000 10.11394 0.6664335728 2.3610385623    0.666 -0.311  3.7643  4.582    1  0.000  0.542     0.00     0.00     0.00     0.00     0.00 -1 -3.54e-14      0.00 8.216e-01 1.781e-01 6.085e-05 1.647e-05 1.497e-04 -1.000 3.564e-04 5.548 6.559 5.881 5.498 5.390 5.366 5.366
0.00043772 -1.55000 10.11394 0.6767739654 2.3664465926    0.676 -0.259  3.7698  4.559    1  0.000  0.542     0.00     0.00     0.00     0.00     0.00 -1 -2.46e-14      0.00 8.263e-01 1.734e-01 5.950e-05 1.611e-05 1.465e-04 -1.000 3.155e-04 5.418 6.389 5.738 5.374 5.274 5.256 5.258
0.00043772 -1.55000 10.11394 0.6864076853 2.3713167902    0.686 -0.209  3.7747  4.535    1  0.000  0.541     0.00     0.00     0.00     0.00     0.00 -1 -2.23e-18      0.00 8.310e-01 1.687e-01 5.818e-05 1.575e-05 1.433e-04 -1.000 3.036e-04 5.294 6.230 5.601 5.256 5.163 5.149 5.153
0.00043772 -1.55000 10.11394 0.6953621507 2.3757047164    0.695 -0.161  3.7793  4.510    1  0.000  0.541     0.00     0.00     0.00     0.00     0.00 -1 -1.85e-15      0.00 8.355e-01 1.642e-01 5.688e-05 1.541e-05 1.402e-04 -1.000 2.925e-04 5.173 6.078 5.469 5.141 5.055 5.046 5.051
0.00043772 -1.55000 10.11394 0.6999999881 2.3779266974    0.700 -0.135  3.7816  4.497    1  0.000  0.541     0.00     0.00     0.00     0.00     0.00 -1 -6.18e-14      0.00 8.380e-01 1.617e-01 5.618e-05 1.522e-05 1.385e-04 -1.000 2.855e-04 5.108 6.000 5.399 5.079 4.997 4.990 4.996
0.00043772 -1.55000 10.11394 0.7052575946 2.3804050086    0.705 -0.105  3.7841  4.480    1  0.000  0.540     0.00     0.00     0.00     0.00     0.00 -1 -6.73e-14      0.00 8.412e-01 1.585e-01 5.521e-05 1.498e-05 1.364e-04 -1.000 2.839e-04 5.033 5.910 5.318 5.007 4.929 4.924 4.931
0.00043772 -1.55000 10.11394 0.7134315968 2.3841747451    0.713 -0.056  3.7879  4.451    1  0.000  0.538     0.00     0.00     0.00     0.00     0.00 -1 -7.75e-14      0.00 8.459e-01 1.537e-01 5.374e-05 1.462e-05 1.332e-04 -1.000 3.248e-04 4.910 5.765 5.185 4.888 4.816 4.815 4.824
0.00043772 -1.55000 10.11394 0.7204517126 2.3873339253    0.720 -0.011  3.7911  4.423    1  0.000  0.536     0.00     0.00     0.00     0.00     0.00 -1 -8.82e-14      0.00 8.499e-01 1.498e-01 5.255e-05 1.433e-05 1.306e-04 -1.000 3.207e-04 4.798 5.636 5.065 4.779 4.713 4.715 4.725
0.00043772 -1.55000 10.11394 0.7272524238 2.3903275792    0.727  0.035  3.7940  4.393    1  0.000  0.535     0.00     0.00     0.00     0.00     0.00 -1 -1.89e-17      0.00 8.536e-01 1.461e-01 5.148e-05 1.407e-05 1.283e-04 -1.000 2.968e-04 4.683 5.507 4.943 4.668 4.607 4.612 4.622
0.00043772 -1.55000 10.11394 0.7340533137 2.3932576077    0.733  0.083  3.7968  4.359    1  0.000  0.533     0.00     0.00     0.00     0.00     0.00 -1 -5.98e-19      0.00 8.571e-01 1.426e-01 5.048e-05 1.383e-05 1.262e-04 -1.000 2.939e-04 4.562 5.371 4.814 4.550 4.493 4.501 4.512
0.00043772 -1.55000 10.11394 0.7419112921 2.3965662548    0.741  0.143  3.7998  4.316    1  0.000  0.532     0.00     0.00     0.00     0.00     0.00 -1 -2.93e-16      0.00 8.607e-01 1.390e-01 4.947e-05 1.358e-05 1.241e-04 -1.000 2.822e-04 4.412 5.206 4.656 4.402 4.350 4.361 4.373
0.00043772 -1.55000 10.11394 0.7492555976 2.3995865708    0.748  0.205  3.8021  4.268    1  0.000  0.530     0.00     0.00     0.00     0.00     0.00 -1 -9.61e-14      0.00 8.638e-01 1.359e-01 4.862e-05 1.338e-05 1.223e-04 -1.000 2.709e-04 4.258 5.042 4.496 4.251 4.203 4.216 4.228
0.00043772 -1.55000 10.11394 0.7500000000 2.3998889087    0.749  0.211  3.8023  4.263    1  0.000  0.530     0.00     0.00     0.00     0.00     0.00 -1 -1.73e-13      0.00 8.642e-01 1.356e-01 4.852e-05 1.336e-05 1.221e-04 -1.000 2.709e-04 4.242 5.025 4.479 4.235 4.187 4.200 4.213
0.00043772 -1.55000 10.11394 0.7508757114 2.4002436952    0.750  0.219  3.8025  4.257    1  0.000  0.530     0.00     0.00     0.00     0.00     0.00 -1 -1.77e-13      0.00 8.644e-01 1.354e-01 4.850e-05 1.335e-05 1.221e-04 -1.000 2.717e-04 4.223 5.005 4.459 4.216 4.169 4.182 4.195
0.00043772 -1.55000 10.11394 0.7563380599 2.4024354055    0.755  0.269  3.8039  4.215    1  0.000  0.529     0.00     0.00     0.00     0.00     0.00 -1 -2.08e-13      0.00 8.641e-01 1.356e-01 4.872e-05 1.342e-05 1.227e-04 -1.000 2.806e-04 4.099 4.873 4.329 4.092 4.047 4.062 4.075
0.00043772 -1.55000 10.11394 0.7600804567 2.4039161087    0.759  0.305  3.8045  4.183    1  0.000  0.529     0.00     0.00     0.00     0.00     0.00 -1 -2.35e-13      0.00 8.636e-01 1.361e-01 4.895e-05 1.348e-05 1.233e-04 -1.000 2.887e-04 4.008 4.779 4.236 4.002 3.958 3.973 3.987
0.00043772 -1.55000 10.11394 0.7614240050 2.4044436106    0.760  0.319  3.8044  4.170    1  0.000  0.529     0.00     0.00     0.00     0.00     0.00 -1 -2.46e-13      0.00 8.634e-01 1.363e-01 4.904e-05 1.351e-05 1.235e-04 -1.000 2.909e-04 3.972 4.742 4.199 3.965 3.922 3.937 3.950
0.00043772 -1.55000 10.11394 0.7666522861 2.4064761102    0.766  0.379  3.8032  4.108    1  0.000  0.529     0.00     0.00     0.00     0.00     0.00 -1 -3.01e-13      0.00 8.626e-01 1.371e-01 4.939e-05 1.360e-05 1.244e-04 -1.000 3.000e-04 3.822 4.596 4.050 3.814 3.769 3.783 3.796
0.00043772 -1.55000 10.11394 0.7706329226 2.4080023392    0.769  0.431  3.8004  4.047    1  0.000  0.529     0.00     0.00     0.00     0.00     0.00 -1 -3.63e-13      0.00 8.620e-01 1.377e-01 4.965e-05 1.368e-05 1.251e-04 -1.000 3.068e-04 3.693 4.477 3.925 3.681 3.632 3.644 3.656
0.00043772 -1.55000 10.11394 0.7713119388 2.4082608749    0.770  0.441  3.7997  4.035    1  0.000  0.529     0.00     0.00     0.00     0.00     0.00 -1 -3.78e-13      0.00 8.619e-01 1.378e-01 4.970e-05 1.369e-05 1.252e-04 -1.000 3.081e-04 3.669 4.455 3.903 3.656 3.606 3.617 3.629
0.00043772 -1.55000 10.11394 0.7719899416 2.4085185031    0.771  0.451  3.7986  4.020    2  0.000  0.529     0.00     0.00     0.00     0.00     0.00 -1 -3.94e-13      0.00 8.618e-01 1.379e-01 4.974e-05 1.370e-05 1.253e-04 -1.000 3.092e-04 3.642 4.433 3.878 3.629 3.577 3.587 3.598
0.00043772 -1.55000 10.11394 0.7742635608 2.4093786488    0.773  0.489  3.7940  3.965    2  0.000  0.529     0.00     0.00     0.00     0.00     0.00 -1 -4.56e-13      0.00 8.615e-01 1.382e-01 4.989e-05 1.374e-05 1.257e-04 -1.000 3.131e-04 3.546 4.358 3.792 3.528 3.470 3.475 3.485
0.00043772 -1.55000 10.11394 0.7759966850 2.4100304250    0.775  0.523  3.7885  3.910    2  0.000  0.529     0.00     0.00     0.00     0.00     0.00 -1 -5.23e-13      0.00 8.601e-01 1.396e-01 5.043e-05 1.389e-05 1.270e-04 -1.000 3.161e-04 3.463 4.299 3.721 3.440 3.373 3.373 3.381
0.00043772 -1.55000 10.11394 0.7773502469 2.4105371353    0.776  0.553  3.7820  3.855    2  0.000  0.529     0.00     0.00     0.00     0.00     0.00 -1 -5.96e-13      0.00 8.557e-01 1.439e-01 5.194e-05 1.430e-05 1.308e-04 -1.000 3.219e-04 3.388 4.256 3.662 3.359 3.283 3.276 3.282
0.00043772 -1.55000 10.11394 0.7784391046 2.4109432823    0.777  0.579  3.7755  3.803    2  0.000  0.530     0.00     0.00     0.00     0.00     0.00 -1 -6.73e-13      0.00 8.399e-01 1.598e-01 5.699e-05 1.567e-05 1.432e-04 -1.000 3.277e-04 3.322 4.227 3.612 3.288 3.201 3.188 3.191
0.00043772 -1.55000 10.11394 0.7793509364 2.4112823943    0.778  0.604  3.7685  3.751    2  0.000  0.532     0.00     0.00     0.00     0.00     0.00 -1 -7.56e-13      0.00 8.187e-01 1.810e-01 6.297e-05 1.729e-05 1.577e-04 -1.000 3.566e-04 3.260 4.208 3.569 3.221 3.124 3.104 3.104
0.00043772 -1.55000 10.11394 0.7801540494 2.4115803186    0.779  0.629  3.7617  3.699    2  0.000  0.534     0.00     0.00     0.00     0.00     0.00 -1  -1.7e-16      0.00 8.003e-01 1.994e-01 6.773e-05 1.857e-05 1.691e-04 -1.000 3.845e-04 3.196 4.189 3.525 3.154 3.046 3.019 3.017
0.00043772 -1.55000 10.11394 0.7808654904 2.4118436475    0.779  0.657  3.7554  3.646    2  0.000  0.535     0.00     0.00     0.00     0.00     0.00 -1 -1.73e-18      0.00 7.875e-01 2.122e-01 7.103e-05 1.945e-05 1.770e-04 -1.000 3.890e-04 3.126 4.164 3.475 3.081 2.964 2.930 2.925
0.00043772 -1.55000 10.11394 0.7815691829 2.4121035662    0.780  0.694  3.7495  3.586    2  0.000  0.536     0.00     0.00     0.00     0.00     0.00 -1 -3.13e-18      0.00 7.789e-01 2.207e-01 7.325e-05 2.004e-05 1.823e-04 -1.000 3.968e-04 3.036 4.117 3.403 2.990 2.863 2.823 2.816
0.00043772 -1.55000 10.11394 0.7821239829 2.4123081102    0.780  0.730  3.7455  3.534    2  0.000  0.536     0.00     0.00     0.00     0.00     0.00 -1  -5.1e-18      0.00 7.743e-01 2.253e-01 7.443e-05 2.036e-05 1.851e-04 -1.000 4.079e-04 2.945 4.057 3.326 2.899 2.765 2.722 2.712
0.00043772 -1.55000 10.11394 0.7825028300 2.4124475921    0.781  0.758  3.7431  3.497    2  0.000  0.536     0.00     0.00     0.00     0.00     0.00 -1 -7.19e-18      0.00 7.717e-01 2.279e-01 7.507e-05 2.053e-05 1.866e-04 -1.000 3.710e-04 2.875 4.005 3.264 2.828 2.692 2.645 2.635
0.00043772 -1.55000 10.11394 0.7826749682 2.4125109177    0.781  0.773  3.7422  3.479    2  0.000  0.536     0.00     0.00     0.00     0.00     0.00 -1 -8.44e-18      0.00 7.708e-01 2.288e-01 7.529e-05 2.058e-05 1.871e-04 -1.000 3.902e-04 2.838 3.974 3.230 2.792 2.653 2.606 2.595
0.00043772 -1.55000 10.11394 0.7831370234 2.4126807388    0.781  0.814  3.7399  3.429    3  0.000  0.537     0.00     0.00     0.00     0.00     0.00 -1  -1.3e-17      0.00 7.684e-01 2.312e-01 7.583e-05 2.073e-05 1.884e-04 -1.000 4.479e-04 2.736 3.890 3.135 2.690 2.548 2.498 2.486
0.00043772 -1.55000 10.11394 0.7836428285 2.4128663754    0.782  0.862  3.7377  3.372    3  0.000  0.537     0.00     0.00     0.00     0.00     0.00 -1 -2.11e-17      0.00 7.660e-01 2.335e-01 7.631e-05 2.086e-05 1.896e-04 -1.000 4.154e-04 2.614 3.787 3.022 2.569 2.424 2.371 2.359
0.00043772 -1.55000 10.11394 0.7840725183 2.4130238604    0.782  0.907  3.7360  3.321    3  0.000  0.537     0.00     0.00     0.00     0.00     0.00 -1 -3.23e-17      0.00 7.642e-01 2.354e-01 7.665e-05 2.095e-05 1.904e-04 -1.000 4.111e-04 2.504 3.691 2.917 2.459 2.311 2.257 2.243
0.00043772 -1.55000 10.11394 0.7844833732 2.4131742567    0.783  0.952  3.7344  3.269    3  0.000  0.537     0.00     0.00     0.00     0.00     0.00 -1  -4.9e-17      0.00 7.624e-01 2.371e-01 7.693e-05 2.103e-05 1.911e-04 -1.000 4.513e-04 2.390 3.591 2.809 2.346 2.196 2.139 2.125
0.00043772 -1.55000 10.11394 0.7849009633 2.4133269330    0.783  1.002  3.7328  3.213    3  0.000  0.537     0.00     0.00     0.00     0.00     0.00 -1 -7.55e-17      0.00 7.607e-01 2.389e-01 7.717e-05 2.110e-05 1.917e-04 -1.000 4.512e-04 2.266 3.479 2.691 2.223 2.070 2.012 1.996
0.00043772 -1.55000 10.11394 0.7852849364 2.4134671537    0.783  1.051  3.7313  3.158    3  0.000  0.537     0.00     0.00     0.00     0.00     0.00 -1 -1.14e-16      0.00 7.591e-01 2.404e-01 7.734e-05 2.116e-05 1.922e-04 -1.000 4.347e-04 2.142 3.368 2.573 2.100 1.945 1.885 1.869
0.00043772 -1.55000 10.11394 0.7856298685 2.4135929828    0.784  1.099  3.7298  3.104    3  0.000  0.536     0.00     0.00     0.00     0.00     0.00 -1 -1.66e-16      0.00 7.577e-01 2.419e-01 7.744e-05 2.121e-05 1.926e-04 -1.000 4.113e-04 2.022 3.260 2.458 1.981 1.824 1.762 1.745
0.00043772 -1.55000 10.11394 0.7859315872 2.4137029438    0.784  1.145  3.7285  3.054    3  0.000  0.536     0.00     0.00     0.00     0.00     0.00 -1 -2.35e-16      0.00 7.565e-01 2.431e-01 7.747e-05 2.127e-05 1.929e-04 -1.000 4.079e-04 1.909 3.158 2.350 1.869 1.709 1.646 1.628
0.00043772 -1.55000 10.11394 0.7862256169 2.4138100093    0.784  1.193  3.7271  3.000    3  0.000  0.535     0.00     0.00     0.00     0.00     0.00 -1 -3.32e-16      0.00 7.552e-01 2.443e-01 7.742e-05 2.135e-05 1.931e-04 -1.000 4.546e-04 1.788 3.049 2.235 1.749 1.588 1.523 1.504
0.00043772 -1.55000 10.11394 0.7865077853 2.4139126690    0.784  1.244  3.7255  2.943    3  0.000  0.533     0.00     0.00     0.00     0.00     0.00 -1  -4.7e-16      0.00 7.542e-01 2.453e-01 7.732e-05 2.145e-05 1.933e-04 -1.000 4.305e-04 1.661 2.937 2.114 1.623 1.459 1.392 1.373
0.00043772 -1.55000 10.11394 0.7867444754 2.4139987174    0.784  1.290  3.7240  2.890    3  0.000  0.532     0.00     0.00     0.00     0.00     0.00 -1 -6.37e-16      0.00 7.534e-01 2.462e-01 7.719e-05 2.157e-05 1.935e-04 -1.000 4.010e-04 1.545 2.834 2.003 1.508 1.342 1.273 1.253
0.00043772 -1.55000 10.11394 0.7869604230 2.4140771729    0.784  1.336  3.7225  2.838    3  0.000  0.531     0.00     0.00     0.00     0.00     0.00 -1  -8.5e-16      0.00 7.528e-01 2.468e-01 7.704e-05 2.171e-05 1.936e-04 -1.000 4.432e-04 1.429 2.732 1.893 1.393 1.225 1.155 1.134
0.00043772 -1.55000 10.11394 0.7871635556 2.4141509275    0.785  1.384  3.7210  2.785    3  0.000  0.529     0.00     0.00     0.00     0.00     0.00 -1 -1.13e-15      0.00 7.522e-01 2.473e-01 7.688e-05 2.185e-05 1.937e-04 -1.000 4.564e-04 1.311 2.627 1.781 1.276 1.105 1.033 1.011
0.00043772 -1.55000 10.11394 0.7873432040 2.4142161188    0.785  1.429  3.7194  2.733    3  0.000  0.528     0.00     0.00     0.00     0.00     0.00 -1 -1.47e-15      0.00 7.518e-01 2.477e-01 7.676e-05 2.198e-05 1.938e-04 -1.000 4.564e-04 1.197 2.528 1.673 1.163 0.990 0.915 0.893
0.00043772 -1.55000 10.11394 0.7875140905 2.4142780988    0.785  1.477  3.7177  2.679    3  0.000  0.528     0.00     0.00     0.00     0.00     0.00 -1 -1.91e-15      0.00 7.516e-01 2.480e-01 7.666e-05 2.208e-05 1.939e-04 -1.000 4.564e-04 1.078 2.425 1.561 1.046 0.870 0.793 0.770
0.00043772 -1.55000 10.11394 0.7876647711 2.4143327245    0.785  1.523  3.7161  2.626    3  0.000  0.527     0.00     0.00     0.00     0.00     0.00 -1 -2.44e-15      0.00 7.514e-01 2.482e-01 7.660e-05 2.214e-05 1.939e-04 -1.000 4.556e-04 0.963 2.327 1.454 0.932 0.754 0.675 0.651
0.00043772 -1.55000 10.11394 0.7877988815 2.4143813229    0.785  1.568  3.7144  2.575    3  0.000  0.527     0.00     0.00     0.00     0.00     0.00 -1 -3.07e-15      0.00 7.513e-01 2.483e-01 7.657e-05 2.217e-05 1.939e-04 -1.000 4.480e-04 0.851 2.232 1.350 0.822 0.641 0.561 0.535
0.00043772 -1.55000 10.11394 0.7879267335 2.4144276357    0.785  1.614  3.7127  2.521    3  0.000  0.527     0.00     0.00     0.00     0.00     0.00 -1 -3.86e-15      0.00 7.513e-01 2.483e-01 7.656e-05 2.219e-05 1.939e-04 -1.000 4.363e-04 0.735 2.133 1.241 0.708 0.524 0.442 0.415
0.00043772 -1.55000 10.11394 0.7880424261 2.4144695290    0.784  1.660  3.7109  2.469    3  0.000  0.527     0.00     0.00     0.00     0.00     0.00 -1 -4.81e-15      0.00 7.513e-01 2.483e-01 7.656e-05 2.219e-05 1.939e-04 -1.000 4.365e-04 0.621 2.038 1.135 0.595 0.408 0.323 0.296
0.00043772 -1.55000 10.11394 0.7881443501 2.4145064248    0.784  1.704  3.7092  2.418    3  0.000  0.527     0.00     0.00     0.00     0.00     0.00 -1 -5.91e-15      0.00 7.513e-01 2.483e-01 7.655e-05 2.220e-05 1.939e-04 -1.000 4.367e-04 0.511 1.949 1.033 0.486 0.296 0.210 0.182
0.00043772 -1.55000 10.11394 0.7882379889 2.4145403118    0.784  1.747  3.7074  2.367    3  0.000  0.527     0.00     0.00     0.00     0.00     0.00 -1 -2.53e-15      0.00 7.512e-01 2.483e-01 7.655e-05 2.220e-05 1.939e-04 -1.000 4.368e-04 0.402 1.861 0.933 0.378 0.185 0.097 0.068
0.00043772 -1.55000 10.11394 0.7883285284 2.4145730684    0.784  1.793  3.7055  2.313    3  0.000  0.527     0.00     0.00     0.00     0.00     0.00 -1 -1.95e-15      0.00 7.512e-01 2.483e-01 7.655e-05 2.220e-05 1.939e-04 -1.000 4.370e-04 0.287 1.771 0.828 0.265 0.069 -0.022 -0.052
0.00043772 -1.55000 10.11394 0.7884079218 2.4146017853    0.784  1.837  3.7036  2.262    3  0.000  0.527     0.00     0.00     0.00     0.00     0.00 -1 -2.36e-15      0.00 7.512e-01 2.483e-01 7.655e-05 2.220e-05 1.939e-04 -1.000 4.371e-04 0.178 1.685 0.728 0.158 -0.042 -0.135 -0.166
0.00043772 -1.55000 10.11394 0.7884808779 2.4146281679    0.784  1.880  3.7018  2.211    3  0.000  0.527     0.00     0.00     0.00     0.00     0.00 -1 -2.85e-15      0.00 7.512e-01 2.483e-01 7.655e-05 2.220e-05 1.939e-04 -1.000 4.372e-04 0.071 1.601 0.630 0.052 -0.151 -0.246 -0.278
0.00043772 -1.55000 10.11394 0.7885499597 2.4146531443    0.784  1.924  3.6998  2.160    3  0.000  0.527     0.00     0.00     0.00     0.00     0.00 -1 -3.43e-15      0.00 7.512e-01 2.483e-01 7.655e-05 2.220e-05 1.939e-04 -1.000 4.374e-04 -0.039 1.516 0.530 -0.056 -0.262 -0.360 -0.393
0.00043772 -1.55000 10.11394 0.7886108160 2.4146751426    0.783  1.965  3.6980  2.111    3  0.000  0.527     0.00     0.00     0.00     0.00     0.00 -1 -4.06e-15      0.00 7.512e-01 2.484e-01 7.655e-05 2.221e-05 1.939e-04 -1.000 4.375e-04 -0.142 1.439 0.438 -0.156 -0.366 -0.466 -0.500
0.00043772 -1.55000 10.11394 0.7886694074 2.4146963185    0.783  2.004  3.6962  2.064    3  0.000  0.527     0.00     0.00     0.00     0.00     0.00 -1 -4.79e-15      0.00 7.512e-01 2.484e-01 7.655e-05 2.221e-05 1.939e-04 -1.000 4.376e-04 -0.241 1.365 0.349 -0.253 -0.466 -0.568 -0.603
0.00043772 -1.55000 10.11394 0.7887302041 2.4147182877    0.783  2.041  3.6945  2.020    3  0.000  0.527     0.00     0.00     0.00     0.00     0.00 -1 -5.63e-15      0.00 7.512e-01 2.484e-01 7.655e-05 2.221e-05 1.939e-04 -1.000 4.377e-04 -0.333 1.296 0.267 -0.343 -0.558 -0.663 -0.699
0.00043772 -1.55000 10.11394 0.7887845635 2.4147379274    0.782  2.067  3.6934  1.990    3  0.000  0.527     0.00     0.00     0.00     0.00     0.00 -1 -6.36e-15      0.00 7.512e-01 2.484e-01 7.655e-05 2.221e-05 1.939e-04 -1.000 4.377e-04 -0.396 1.249 0.210 -0.405 -0.623 -0.729 -0.765
0.00043772 -1.55000 10.11394 0.7888280749 2.4147536455    0.782  2.054  3.6943  2.007    3  0.000  0.527     0.00     0.00     0.00     0.00     0.00 -1 -6.41e-15      0.00 7.512e-01 2.484e-01 7.655e-05 2.221e-05 1.939e-04 -1.000 4.378e-04 -0.364 1.268 0.237 -0.374 -0.590 -0.695 -0.731
0.00043772 -1.55000 10.11394 0.7888367772 2.4147567889    0.782  2.061  3.6939  1.997    3  0.000  0.527     0.00     0.00     0.00     0.00     0.00 -1 -6.59e-15      0.00 7.512e-01 2.484e-01 7.655e-05 2.221e-05 1.939e-04 -1.000 4.378e-04 -0.384 1.253 0.219 -0.393 -0.610 -0.715 -0.751
0.00043772 -1.55000 10.11394 0.7888813615 2.4147728921    0.782  2.104  3.6919  1.946    3  0.000  0.527     0.00     0.00     0.00     0.00     0.00 -1 -7.71e-15      0.00 7.512e-01 2.484e-01 7.655e-05 2.221e-05 1.939e-04 -1.000 4.379e-04 -0.490 1.180 0.125 -0.497 -0.718 -0.825 -0.863
0.00043772 -1.55000 10.11394 0.7889225483 2.4147877663    0.781  2.146  3.6897  1.896    3  0.000  0.527     0.00     0.00     0.00     0.00     0.00 -1 -9.03e-15      0.00 7.512e-01 2.484e-01 7.655e-05 2.221e-05 1.939e-04 -1.000 4.380e-04 -0.595 1.108 0.034 -0.599 -0.824 -0.934 -0.973
0.00043772 -1.55000 10.11394 0.7889621854 2.4148020792    0.781  2.189  3.6876  1.844    3  0.000  0.527     0.00     0.00     0.00     0.00     0.00 -1 -1.06e-14      0.00 7.512e-01 2.484e-01 7.655e-05 2.221e-05 1.939e-04 -1.000 4.380e-04 -0.704 1.037 -0.061 -0.704 -0.933 -1.046 -1.086
0.00043772 -1.55000 10.11394 0.7889956236 2.4148141524    0.781  2.229  3.6855  1.795    3  0.000  0.527     0.00     0.00     0.00     0.00     0.00 -1 -1.23e-14      0.00 7.512e-01 2.484e-01 7.654e-05 2.221e-05 1.939e-04 -1.000 4.381e-04 -0.803 0.975 -0.145 -0.799 -1.032 -1.148 -1.190
0.00043772 -1.55000 10.11394 0.7890278101 2.4148257726    0.780  2.270  3.6833  1.745    3  0.000  0.527     0.00     0.00     0.00     0.00     0.00 -1 -1.43e-14      0.00 7.512e-01 2.484e-01 7.654e-05 2.221e-05 1.939e-04 -1.000 4.382e-04 -0.905 0.921 -0.233 -0.901 -1.137 -1.256 -1.299
0.00043772 -1.55000 10.11394 0.7890564799 2.4148361222    0.780  2.309  3.6812  1.697    3  0.000  0.527     0.00     0.00     0.00     0.00     0.00 -1 -1.65e-14      0.00 7.512e-01 2.484e-01 7.654e-05 2.222e-05 1.939e-04 -1.000 4.382e-04 -1.004 0.874 -0.315 -0.998 -1.237 -1.359 -1.403
0.00043772 -1.55000 10.11394 0.7890833020 2.4148458040    0.779  2.349  3.6790  1.649    3  0.000  0.527     0.00     0.00     0.00     0.00     0.00 -1  -1.9e-14      0.00 7.512e-01 2.484e-01 7.654e-05 2.222e-05 1.939e-04 -1.000 4.382e-04 -1.102 0.829 -0.396 -1.094 -1.338 -1.462 -1.508
0.00043772 -1.55000 10.11394 0.7891083956 2.4148548612    0.779  2.388  3.6768  1.600    3  0.000  0.527     0.00     0.00     0.00     0.00     0.00 -1 -2.18e-14      0.00 7.512e-01 2.484e-01 7.654e-05 2.222e-05 1.939e-04 -1.000 4.382e-04 -1.201 0.788 -0.475 -1.191 -1.438 -1.565 -1.612
0.00043772 -1.55000 10.11394 0.7891361713 2.4148648857    0.778  2.435  3.6741  1.542    3  0.000  0.527     0.00     0.00     0.00     0.00     0.00 -1 -2.57e-14      0.00 7.512e-01 2.484e-01 7.654e-05 2.222e-05 1.939e-04 -1.000 4.383e-04 -1.319 0.744 -0.569 -1.305 -1.558 -1.689 -1.738
0.00043772 -1.55000 10.11394 0.7891570926 2.4148724359    0.777  2.474  3.6719  1.494    3  0.000  0.527     0.00     0.00     0.00     0.00     0.00 -1 -2.93e-14      0.00 7.512e-01 2.484e-01 7.654e-05 2.222e-05 1.939e-04 -1.000 4.384e-04 -1.414 0.714 -0.643 -1.398 -1.656 -1.789 -1.839
0.00043772 -1.55000 10.11394 0.7891803384 2.4148808243    0.777  2.519  3.6692  1.438    3  0.000  0.527     7.57     5.93     4.19     3.25     2.63  3 -3.42e-14      0.00 7.512e-01 2.484e-01 7.654e-05 2.222e-05 1.939e-04 -1.000 4.384e-04 -1.528 0.687 -0.727 -1.508 -1.772 -1.909 -1.961
0.00043772 -1.55000 10.11394 0.7892017961 2.4148885671    0.776  2.565  3.6664  1.381    3  0.000  0.527     8.54     6.57     4.63     3.59     2.90  3    -4e-14      0.00 7.512e-01 2.484e-01 7.654e-05 2.222e-05 1.939e-04 -1.000 4.384e-04 -1.642 0.667 -0.809 -1.617 -1.887 -2.028 -2.082
0.00043772 -1.55000 10.11394 0.7892223001 2.4148959652    0.775  2.612  3.6636  1.322    3  0.000  0.527     9.67     7.31     5.12     3.98     3.22  3 -4.69e-14      0.00 7.512e-01 2.484e-01 7.654e-05 2.222e-05 1.939e-04 -1.000 4.385e-04 -1.759 0.652 -0.891 -1.729 -2.006 -2.151 -2.207
0.00043772 -1.55000 10.11394 0.7892393470 2.4149021156    0.774  2.654  3.6609  1.268    3  0.000  0.527    10.83     8.05     5.62     4.37     3.54  3  -5.4e-14      0.00 7.512e-01 2.484e-01 7.654e-05 2.222e-05 1.939e-04 -1.000 4.384e-04 -1.864 0.650 -0.961 -1.829 -2.112 -2.261 -2.319
0.00043772 -1.55000 10.11394 0.7892563343 2.4149082443    0.772  2.699  3.6580  1.211    3  0.000  0.527    12.24     8.93     6.20     4.83     3.91  3 -6.28e-14      0.00 7.512e-01 2.484e-01 7.654e-05 2.222e-05 1.939e-04 -1.000 4.385e-04 -1.978 0.655 -1.033 -1.934 -2.226 -2.379 -2.440
0.00043772 -1.55000 10.11394 0.7892712355 2.4149136200    0.771  2.742  3.6552  1.156    3  0.000  0.527    13.73     9.85     6.81     5.31     4.30  2 -7.24e-14      0.00 7.512e-01 2.484e-01 7.654e-05 2.222e-05 1.939e-04 -1.000 4.386e-04 -2.085 0.634 -1.104 -2.031 -2.330 -2.488 -2.551
0.00043772 -1.55000 10.11394 0.7892851233 2.4149186300    0.770  2.785  3.6524  1.101    3  0.000  0.527    15.43    10.88     7.48     5.85     4.74  2 -8.35e-14      0.00 7.511e-01 2.484e-01 7.654e-05 2.222e-05 1.939e-04 -1.000 4.385e-04 -2.192 0.616 -1.175 -2.126 -2.434 -2.597 -2.662
0.00043772 -1.55000 10.11394 0.7892981172 2.4149233173    0.768  2.828  3.6495  1.046    3  0.000  0.527    17.33    12.01     8.23     6.44     5.22  2 -9.61e-14      0.00 7.511e-01 2.484e-01 7.654e-05 2.222e-05 1.939e-04 -1.000 4.386e-04 -2.299 0.598 -1.245 -2.222 -2.537 -2.705 -2.772
0.00043772 -1.55000 10.11394 0.7893095016 2.4149274239    0.767  2.868  3.6468  0.994    3  0.000  0.527    19.36    13.19     9.00     7.06     5.72  2  -1.1e-13      0.00 7.511e-01 2.484e-01 7.654e-05 2.222e-05 1.939e-04 -1.000 4.386e-04 -2.400 0.586 -1.308 -2.310 -2.634 -2.807 -2.876
0.00043772 -1.55000 10.11394 0.7893206477 2.4149314443    0.765  2.910  3.6439  0.939    3  0.000  0.527    21.73    14.56     9.89     7.76     6.29  2 -1.26e-13      0.00 7.511e-01 2.484e-01 7.654e-05 2.222e-05 1.939e-04 -1.000 4.387e-04 -2.505 0.583 -1.368 -2.401 -2.734 -2.913 -2.985
0.00043772 -1.55000 10.11394 0.7893304825 2.4149349917    0.763  2.950  3.6411  0.887    3  0.000  0.527    24.24    15.97    10.80     8.49     6.89  2 -1.43e-13      0.00 7.511e-01 2.484e-01 7.654e-05 2.222e-05 1.939e-04 -1.000 4.387e-04 -2.605 0.580 -1.425 -2.487 -2.829 -3.013 -3.087
0.00043772 -1.55000 10.11394 0.7893396616 2.4149383025    0.761  2.989  3.6384  0.836    3  0.000  0.527    27.02    17.52    11.80     9.29     7.53  1 -1.63e-13      0.00 7.511e-01 2.484e-01 7.654e-05 2.222e-05 1.939e-04 -1.000 4.387e-04 -2.703 0.579 -1.479 -2.570 -2.922 -3.112 -3.188
0.00043772 -1.55000 10.11394 0.7893486619 2.4149415487    0.759  3.031  3.6354  0.781    3  0.000  0.527    30.32    19.32    12.95    10.22     8.29  1 -1.87e-13      0.00 7.511e-01 2.484e-01 7.654e-05 2.222e-05 1.939e-04 -1.000 4.387e-04 -2.807 0.582 -1.532 -2.656 -3.019 -3.215 -3.294
0.00043772 -1.55000 10.11394 0.7893562913 2.4149443003    0.757  3.068  3.6327  0.732    3  0.000  0.527    33.63    21.10    14.08    11.12     9.03  1  -2.1e-13      0.00 7.511e-01 2.484e-01 7.654e-05 2.222e-05 1.939e-04 -1.000 4.386e-04 -2.899 0.585 -1.578 -2.732 -3.105 -3.306 -3.388
0.00043772 -1.55000 10.11394 0.7893641591 2.4149471379    0.754  3.108  3.6299  0.679    3  0.000  0.527    37.63    23.21    15.43    12.21     9.90  1  -2.4e-13      0.00 7.511e-01 2.484e-01 7.654e-05 2.222e-05 1.939e-04 -1.000 4.387e-04 -3.000 0.588 -1.629 -2.816 -3.199 -3.406 -3.491
0.00043772 -1.55000 10.11394 0.7893711925 2.4149496745    0.751  3.147  3.6271  0.627    3  0.000  0.527    41.96    25.46    16.85    13.35    10.83  1 -2.72e-13      0.00 7.511e-01 2.484e-01 7.654e-05 2.222e-05 1.939e-04 -1.000 4.387e-04 -3.097 0.591 -1.675 -2.893 -3.287 -3.501 -3.588
0.00043772 -1.55000 10.11394 0.7893778682 2.4149520821    0.748  3.185  3.6244  0.576    3  0.000  0.527    46.71    27.88    18.38    14.58    11.84  1 -3.08e-13      0.00 7.511e-01 2.484e-01 7.654e-05 2.222e-05 1.939e-04 -1.000 4.387e-04 -3.193 0.592 -1.722 -2.971 -3.375 -3.595 -3.684
0.00043772 -1.55000 10.11394 0.7893842459 2.4149543821    0.744  3.224  3.6215  0.524    3  0.000  0.527    52.17    30.61    20.09    15.96    12.96  1 -3.49e-13      0.00 7.511e-01 2.484e-01 7.654e-05 2.222e-05 1.939e-04 -1.000 4.388e-04 -3.290 0.595 -1.767 -3.049 -3.464 -3.690 -3.782
0.00043772 -1.55000 10.11394 0.7893900871 2.4149564886    0.741  3.261  3.6188  0.474    3  0.000  0.527    58.02    33.49    21.89    17.42    14.14  1 -3.94e-13      0.00 7.511e-01 2.484e-01 7.654e-05 2.222e-05 1.939e-04 -1.000 4.387e-04 -3.383 0.598 -1.805 -3.121 -3.549 -3.781 -3.876
0.00043772 -1.55000 10.11394 0.7893965840 2.4149588316    0.736  3.301  3.6160  0.420    3  0.000  0.527    64.96    36.84    23.97    19.11    15.52  1  -4.5e-13      0.00 7.511e-01 2.484e-01 7.654e-05 2.222e-05 1.939e-04 -1.000 4.388e-04 -3.483 0.596 -1.840 -3.196 -3.638 -3.878 -3.975
0.00043772 -1.55000 10.11394 0.7893965840 2.4149588316    0.721  1.703  3.8012  2.750    4  0.000  0.526     0.00     0.00     0.00     0.00     0.00 -1    -1e-30      0.00 7.438e-01 2.558e-01 7.843e-05 2.301e-05 1.992e-04 -1.000 4.565e-04 0.513 1.239 0.668 0.466 0.436 0.443 0.453
0.00043772 -1.55000 10.11394 0.7893996239 2.4149599278    0.721  1.721  3.7957  2.710    4  0.000  0.526     0.00     0.00     0.00     0.00     0.00 -1    -1e-30      0.00 7.438e-01 2.558e-01 7.843e-05 2.301e-05 1.992e-04 -1.000 4.565e-04 0.467 1.220 0.639 0.418 0.378 0.380 0.389
0.00043772 -1.55000 10.11394 0.7894500494 2.4149781108    0.721  1.721  3.7963  2.712    4  0.000  0.526     0.00     0.00     0.00     0.00     0.00 -1    -1e-30      0.00 7.438e-01 2.558e-01 7.843e-05 2.301e-05 1.992e-04 -1.000 4.565e-04 0.468 1.218 0.638 0.419 0.380 0.383 0.392
0.00043772 -1.55000 10.11394 0.7895010710 2.4149965060    0.721  1.722  3.7970  2.714    4  0.000  0.526     0.00     0.00     0.00     0.00     0.00 -1    -1e-30      0.00 7.438e-01 2.558e-01 7.843e-05 2.301e-05 1.992e-04 -1.000 4.564e-04 0.466 1.213 0.633 0.417 0.380 0.383 0.392
0.00043772 -1.55000 10.11394 0.7895532250 2.4150153067    0.721  1.722  3.7983  2.719    4  0.000  0.526     0.00     0.00     0.00     0.00     0.00 -1    -1e-30      0.00 7.438e-01 2.558e-01 7.843e-05 2.301e-05 1.992e-04 -1.000 4.565e-04 0.465 1.205 0.628 0.417 0.381 0.385 0.395
0.00043772 -1.55000 10.11394 0.7896049023 2.4150339327    0.721  1.722  3.8002  2.727    4  0.000  0.526     0.00     0.00     0.00     0.00     0.00 -1    -1e-30      0.00 7.438e-01 2.558e-01 7.843e-05 2.301e-05 1.992e-04 -1.000 4.565e-04 0.465 1.195 0.622 0.418 0.386 0.391 0.402
0.00043772 -1.55000 10.11394 0.7896535397 2.4150514604    0.721  1.721  3.8024  2.736    4  0.000  0.526     0.00     0.00     0.00     0.00     0.00 -1    -1e-30      0.00 7.438e-01 2.558e-01 7.843e-05 2.301e-05 1.992e-04 -1.000 4.565e-04 0.467 1.186 0.616 0.420 0.392 0.399 0.410
0.00043772 -1.55000 10.11394 0.7897012830 2.4150686636    0.721  1.721  3.8050  2.747    4  0.000  0.526     0.00     0.00     0.00     0.00     0.00 -1    -1e-30      0.00 7.438e-01 2.558e-01 7.843e-05 2.301e-05 1.992e-04 -1.000 4.565e-04 0.469 1.176 0.610 0.422 0.399 0.408 0.420
0.00043772 -1.55000 10.11394 0.7897496223 2.4150860791    0.721  1.720  3.8079  2.760    4  0.000  0.526     0.00     0.00     0.00     0.00     0.00 -1    -1e-30      0.00 7.438e-01 2.558e-01 7.843e-05 2.301e-05 1.992e-04 -1.000 4.565e-04 0.471 1.164 0.602 0.426 0.408 0.419 0.432
0.00043772 -1.55000 10.11394 0.7898001671 2.4151042865    0.721  1.718  3.8112  2.775    4  0.000  0.526     0.00     0.00     0.00     0.00     0.00 -1    -1e-30      0.00 7.438e-01 2.558e-01 7.843e-05 2.301e-05 1.992e-04 -1.000 4.565e-04 0.474 1.151 0.594 0.430 0.417 0.431 0.445
0.00043772 -1.55000 10.11394 0.7898499966 2.4151222336    0.721  1.718  3.8144  2.788    4  0.000  0.526     0.00     0.00     0.00     0.00     0.00 -1    -1e-30      0.00 7.438e-01 2.558e-01 7.843e-05 2.301e-05 1.992e-04 -1.000 4.564e-04 0.476 1.139 0.586 0.434 0.427 0.443 0.458
0.00043772 -1.55000 10.11394 0.7899013162 2.4151407147    0.721  1.717  3.8172  2.800    4  0.000  0.526     0.00     0.00     0.00     0.00     0.00 -1    -1e-30      0.00 7.438e-01 2.558e-01 7.843e-05 2.301e-05 1.992e-04 -1.000 4.565e-04 0.478 1.129 0.580 0.437 0.435 0.453 0.469
0.00043772 -1.55000 10.11394 0.7899521589 2.4151590214    0.721  1.716  3.8196  2.810    4  0.000  0.526     0.00     0.00     0.00     0.00     0.00 -1    -1e-30      0.00 7.438e-01 2.558e-01 7.843e-05 2.301e-05 1.992e-04 -1.000 4.565e-04 0.479 1.121 0.574 0.440 0.442 0.462 0.479
0.00043772 -1.55000 10.11394 0.7900024652 2.4151771322    0.721  1.716  3.8213  2.817    4  0.000  0.526     0.00     0.00     0.00     0.00     0.00 -1    -1e-30      0.00 7.438e-01 2.558e-01 7.843e-05 2.301e-05 1.992e-04 -1.000 4.565e-04 0.480 1.114 0.570 0.441 0.447 0.468 0.485
0.00043772 -1.55000 10.11394 0.7900511622 2.4151946611    0.722  1.716  3.8220  2.820    4  0.000  0.526     0.00     0.00     0.00     0.00     0.00 -1    -1e-30      0.00 7.438e-01 2.558e-01 7.843e-05 2.301e-05 1.992e-04 -1.000 4.565e-04 0.479 1.112 0.568 0.441 0.448 0.469 0.487
0.00043772 -1.55000 10.11394 0.7900724411 2.4152023199    0.722  1.716  3.8225  2.822    4  0.000  0.526     0.00     0.00     0.00     0.00     0.00 -1    -1e-30      0.00 7.438e-01 2.558e-01 7.843e-05 2.301e-05 1.992e-04 -1.000 4.565e-04 0.479 1.109 0.566 0.442 0.450 0.471 0.489
0.00043772 -1.55000 10.11394 0.7900835872 2.4152063314    0.722  1.716  3.8225  2.822    4  0.000  0.526     0.00     0.00     0.00     0.00     0.00 -1    -1e-30      0.00 7.438e-01 2.558e-01 7.843e-05 2.301e-05 1.992e-04 -1.000 4.565e-04 0.479 1.109 0.566 0.441 0.449 0.471 0.488
0.00043772 -1.55000 10.11394 0.7901325822 2.4152239635    0.722  1.717  3.8221  2.820    4  0.000  0.526     0.00     0.00     0.00     0.00     0.00 -1    -1e-30      0.00 7.438e-01 2.558e-01 7.843e-05 2.301e-05 1.992e-04 -1.000 4.565e-04 0.477 1.109 0.565 0.439 0.446 0.468 0.485
0.00043772 -1.55000 10.11394 0.7901822329 2.4152418289    0.722  1.718  3.8209  2.814    4  0.000  0.526     0.00     0.00     0.00     0.00     0.00 -1    -1e-30      0.00 7.438e-01 2.558e-01 7.843e-05 2.301e-05 1.992e-04 -1.000 4.565e-04 0.475 1.111 0.566 0.436 0.441 0.461 0.478
0.00043772 -1.55000 10.11394 0.7902309895 2.4152593701    0.722  1.720  3.8189  2.804    4  0.000  0.526     0.00     0.00     0.00     0.00     0.00 -1    -1e-30      0.00 7.438e-01 2.558e-01 7.843e-05 2.301e-05 1.992e-04 -1.000 4.565e-04 0.471 1.115 0.568 0.431 0.432 0.451 0.468
0.00043772 -1.55000 10.11394 0.7902790904 2.4152766730    0.722  1.722  3.8162  2.792    4  0.000  0.526     0.00     0.00     0.00     0.00     0.00 -1    -1e-30      0.00 7.438e-01 2.558e-01 7.843e-05 2.301e-05 1.992e-04 -1.000 4.565e-04 0.466 1.121 0.571 0.424 0.421 0.438 0.454
0.00043772 -1.55000 10.11394 0.7903268933 2.4152938663    0.722  1.724  3.8127  2.775    4  0.000  0.526     0.00     0.00     0.00     0.00     0.00 -1    -1e-30      0.00 7.438e-01 2.558e-01 7.843e-05 2.301e-05 1.992e-04 -1.000 4.565e-04 0.460 1.130 0.575 0.417 0.407 0.422 0.436
0.00043772 -1.55000 10.11394 0.7903743982 2.4153109500    0.722  1.727  3.8086  2.756    4  0.000  0.526     0.00     0.00     0.00     0.00     0.00 -1    -1e-30      0.00 7.438e-01 2.558e-01 7.843e-05 2.301e-05 1.992e-04 -1.000 4.564e-04 0.453 1.142 0.581 0.408 0.391 0.403 0.416
0.00043772 -1.55000 10.11394 0.7904220223 2.4153280742    0.722  1.730  3.8040  2.734    4  0.000  0.526     0.00     0.00     0.00     0.00     0.00 -1    -1e-30      0.00 7.438e-01 2.558e-01 7.843e-05 2.301e-05 1.992e-04 -1.000 4.564e-04 0.445 1.156 0.588 0.398 0.373 0.381 0.393
0.00043772 -1.55000 10.11394 0.7904264927 2.4153296815    0.722  1.730  3.8035  2.732    4  0.000  0.526     0.00     0.00     0.00     0.00     0.00 -1    -1e-30      0.00 7.438e-01 2.558e-01 7.843e-05 2.301e-05 1.992e-04 -1.000 4.565e-04 0.444 1.158 0.589 0.397 0.371 0.379 0.391
0.00043772 -1.55000 10.11394 0.7904343605 2.4153325103    0.722  1.731  3.8028  2.729    4  0.000  0.526     0.00     0.00     0.00     0.00     0.00 -1    -1e-30      0.00 7.438e-01 2.558e-01 7.843e-05 2.301e-05 1.992e-04 -1.000 4.564e-04 0.443 1.160 0.590 0.395 0.368 0.375 0.387
0.00043772 -1.55000 10.11394 0.7904807925 2.4153492030    0.722  1.735  3.7981  2.706    4  0.000  0.526     0.00     0.00     0.00     0.00     0.00 -1    -1e-30      0.00 7.438e-01 2.558e-01 7.843e-05 2.301e-05 1.992e-04 -1.000 4.565e-04 0.433 1.174 0.597 0.385 0.349 0.353 0.363
0.00043772 -1.55000 10.11394 0.7905260324 2.4153654649    0.722  1.739  3.7935  2.684    4  0.000  0.526     0.00     0.00     0.00     0.00     0.00 -1    -1e-30      0.00 7.438e-01 2.558e-01 7.843e-05 2.301e-05 1.992e-04 -1.000 4.564e-04 0.424 1.188 0.603 0.374 0.330 0.330 0.338
0.00043772 -1.55000 10.11394 0.7905744910 2.4153828815    0.722  1.743  3.7887  2.660    4  0.000  0.526     0.00     0.00     0.00     0.00     0.00 -1    -1e-30      0.00 7.438e-01 2.558e-01 7.843e-05 2.301e-05 1.992e-04 -1.000 4.565e-04 0.412 1.203 0.608 0.361 0.309 0.305 0.312
0.00043772 -1.55000 10.11394 0.7906205058 2.4153994175    0.722  1.748  3.7842  2.638    4  0.000  0.526     0.00     0.00     0.00     0.00     0.00 -1    -1e-30      0.00 7.438e-01 2.558e-01 7.843e-05 2.301e-05 1.992e-04 -1.000 4.565e-04 0.400 1.215 0.611 0.349 0.289 0.281 0.286
0.00043772 -1.55000 10.11394 0.7906646132 2.4154152659    0.722  1.753  3.7802  2.617    4  0.000  0.526     0.00     0.00     0.00     0.00     0.00 -1    -1e-30      0.00 7.438e-01 2.558e-01 7.843e-05 2.301e-05 1.992e-04 -1.000 4.565e-04 0.388 1.225 0.613 0.336 0.269 0.258 0.261
0.00043772 -1.55000 10.11394 0.7907100916 2.4154316049    0.722  1.759  3.7761  2.595    4  0.000  0.526     0.00     0.00     0.00     0.00     0.00 -1    -1e-30      0.00 7.438e-01 2.558e-01 7.843e-05 2.301e-05 1.992e-04 -1.000 4.565e-04 0.374 1.238 0.614 0.322 0.248 0.233 0.234
0.00043772 -1.55000 10.11394 0.7907547951 2.4154476633    0.722  1.764  3.7725  2.574    4  0.000  0.526     0.00     0.00     0.00     0.00     0.00 -1    -1e-30      0.00 7.438e-01 2.558e-01 7.843e-05 2.301e-05 1.992e-04 -1.000 4.565e-04 0.359 1.247 0.612 0.307 0.227 0.208 0.208
0.00043772 -1.55000 10.11394 0.7907999158 2.4154638695    0.722  1.770  3.7694  2.556    4  0.000  0.526     0.00     0.00     0.00     0.00     0.00 -1    -1e-30      0.00 7.438e-01 2.558e-01 7.843e-05 2.301e-05 1.992e-04 -1.000 4.564e-04 0.345 1.253 0.609 0.293 0.207 0.185 0.184
0.00043772 -1.55000 10.11394 0.7908450961 2.4154800950    0.722  1.776  3.7665  2.538    4  0.000  0.526     0.00     0.00     0.00     0.00     0.00 -1    -1e-30      0.00 7.438e-01 2.558e-01 7.843e-05 2.301e-05 1.992e-04 -1.000 4.565e-04 0.329 1.257 0.605 0.278 0.187 0.162 0.160
0.00043772 -1.55000 10.11394 0.7908905149 2.4154964039    0.722  1.784  3.7634  2.518    4  0.000  0.526     0.00     0.00     0.00     0.00     0.00 -1    -1e-30      0.00 7.438e-01 2.558e-01 7.843e-05 2.301e-05 1.992e-04 -1.000 4.565e-04 0.309 1.257 0.596 0.258 0.162 0.134 0.131
0.00043772 -1.55000 10.11394 0.7908995748 2.4154996569    0.722  1.786  3.7629  2.515    4  0.000  0.526     0.00     0.00     0.00     0.00     0.00 -1    -1e-30      0.00 7.438e-01 2.558e-01 7.843e-05 2.301e-05 1.992e-04 -1.000 4.564e-04 0.306 1.257 0.595 0.255 0.158 0.130 0.126
0.00043772 -1.55000 10.11394 0.7909462452 2.4155164126    0.723  1.796  3.7594  2.491    4  0.000  0.526     0.00     0.00     0.00     0.00     0.00 -1    -1e-30      0.00 7.438e-01 2.558e-01 7.843e-05 2.301e-05 1.992e-04 -1.000 4.565e-04 0.281 1.257 0.583 0.231 0.127 0.096 0.091
0.00043772 -1.55000 10.11394 0.7909921408 2.4155328879    0.723  1.809  3.7554  2.461    4  0.000  0.526     0.00     0.00     0.00     0.00     0.00 -1    -1e-30      0.00 7.438e-01 2.558e-01 7.843e-05 2.301e-05 1.992e-04 -1.000 4.565e-04 0.247 1.253 0.565 0.197 0.087 0.051 0.045
0.00043772 -1.55000 10.11394 0.7910307646 2.4155467511    0.723  1.840  3.7482  2.401    4  0.000  0.526     0.00     0.00     0.00     0.00     0.00 -1    -1e-30      0.00 7.438e-01 2.558e-01 7.843e-05 2.301e-05 1.992e-04 -1.000 4.565e-04 0.169 1.231 0.515 0.120 -0.002 -0.045 -0.055
0.00043772 -1.55000 10.11394 0.7910516858 2.4155542597    0.723  1.881  3.7402  2.329    4  0.000  0.526     0.00     0.00     0.00     0.00     0.00 -1    -1e-30      0.00 7.438e-01 2.558e-01 7.843e-05 2.301e-05 1.992e-04 -1.000 4.565e-04 0.067 1.193 0.445 0.021 -0.115 -0.167 -0.180
0.00043772 -1.55000 10.11394 0.7910611629 2.4155576609    0.723  1.924  3.7330  2.257    4  0.000  0.526     0.00     0.00     0.00     0.00     0.00 -1    -1e-30      0.00 7.438e-01 2.558e-01 7.843e-05 2.301e-05 1.992e-04 -1.000 4.565e-04 -0.039 1.153 0.367 -0.084 -0.232 -0.291 -0.308
0.00043772 -1.55000 10.11394 0.7910653949 2.4155591796    0.723  1.966  3.7268  2.190    4  0.000  0.526     0.00     0.00     0.00     0.00     0.00 -1    -1e-30      0.00 7.438e-01 2.558e-01 7.843e-05 2.301e-05 1.992e-04 -1.000 4.565e-04 -0.145 1.108 0.288 -0.187 -0.346 -0.412 -0.431
0.00043772 -1.55000 10.11394 0.7910673618 2.4155598855    0.723  2.006  3.7219  2.131    4  0.000  0.526     0.00     0.00     0.00     0.00     0.00 -1    -1e-30      0.00 7.438e-01 2.558e-01 7.843e-05 2.301e-05 1.992e-04 -1.000 4.565e-04 -0.245 1.058 0.209 -0.285 -0.452 -0.523 -0.545
0.00043772 -1.55000 10.11394 0.7910681963 2.4155601850    0.723  2.030  3.7192  2.095    7  0.000  0.526     0.00     0.00     0.00     0.00     0.00 -1    -1e-30      0.00 7.438e-01 2.558e-01 7.843e-05 2.301e-05 1.992e-04 -1.000 4.565e-04 -0.306 1.026 0.161 -0.345 -0.516 -0.590 -0.613
0.00043772 -1.55000 10.11394 0.7910691500 2.4155605272    0.723  2.071  3.7154  2.039    7  0.000  0.526     0.00     0.00     0.00     0.00     0.00 -1    -1e-30      0.00 7.438e-01 2.558e-01 7.843e-05 2.301e-05 1.992e-04 -1.000 4.565e-04 -0.408 0.968 0.077 -0.444 -0.622 -0.701 -0.726
0.00043772 -1.55000 10.11394 0.7910701036 2.4155608695    0.723  2.108  3.7122  1.990    7  0.000  0.526     0.00     0.00     0.00     0.00     0.00 -1    -1e-30      0.00 7.438e-01 2.558e-01 7.843e-05 2.301e-05 1.992e-04 -1.000 4.565e-04 -0.499 0.914 0.002 -0.533 -0.716 -0.799 -0.825
0.00043772 -1.55000 10.11394 0.7910709381 2.4155611689    0.723  2.130  3.7104  1.961    7  0.000  0.526     0.00     0.00     0.00     0.00     0.00 -1    -1e-30      0.00 7.438e-01 2.558e-01 7.843e-05 2.301e-05 1.992e-04 -1.000 4.565e-04 -0.554 0.881 -0.045 -0.587 -0.774 -0.859 -0.886
0.00043772 -1.55000 10.11394 0.7910718322 2.4155614898    0.723  2.147  3.7090  1.938    7  0.000  0.526     0.00     0.00     0.00     0.00     0.00 -1    -1e-30      0.00 7.438e-01 2.558e-01 7.843e-05 2.301e-05 1.992e-04 -1.000 4.565e-04 -0.598 0.856 -0.081 -0.629 -0.819 -0.905 -0.933
0.00043772 -1.55000 10.11394 0.7910731435 2.4155619604    0.723  2.156  3.7083  1.926    7  0.000  0.526     0.00     0.00     0.00     0.00     0.00 -1    -1e-30      0.00 7.438e-01 2.558e-01 7.843e-05 2.301e-05 1.992e-04 -1.000 4.565e-04 -0.620 0.843 -0.100 -0.651 -0.842 -0.929 -0.957
0.00043772 -1.55000 10.11394 0.7910756469 2.4155628588    0.723  2.151  3.7088  1.933    7  0.000  0.526     0.00     0.00     0.00     0.00     0.00 -1    -1e-30      0.00 7.438e-01 2.558e-01 7.843e-05 2.301e-05 1.992e-04 -1.000 4.565e-04 -0.607 0.850 -0.088 -0.638 -0.827 -0.914 -0.942
0.00043772 -1.55000 10.11394 0.7910797596 2.4155643347    0.723  2.143  3.7094  1.944    7  0.000  0.526     0.00     0.00     0.00     0.00     0.00 -1    -1e-30      0.00 7.438e-01 2.558e-01 7.843e-05 2.301e-05 1.992e-04 -1.000 4.565e-04 -0.587 0.862 -0.072 -0.619 -0.807 -0.893 -0.921
0.00043772 -1.55000 10.11394 0.7911046147 2.4155732538    0.723  2.155  3.7082  1.927    7  0.000  0.526     0.00     0.00     0.00     0.00     0.00 -1    -1e-30      0.00 7.438e-01 2.558e-01 7.843e-05 2.301e-05 1.992e-04 -1.000 4.564e-04 -0.616 0.848 -0.095 -0.647 -0.838 -0.925 -0.954
0.00043772 -1.55000 10.11394 0.7911197543 2.4155786863    0.723  2.171  3.7067  1.904    7  0.000  0.526     0.00     0.00     0.00     0.00     0.00 -1    -1e-30      0.00 7.438e-01 2.558e-01 7.843e-05 2.301e-05 1.992e-04 -1.000 4.565e-04 -0.658 0.827 -0.129 -0.687 -0.881 -0.970 -1.000
0.00043772 -1.55000 10.11394 0.7911381125 2.4155852733    0.723  2.212  3.7033  1.850    7  0.000  0.526     0.00     0.00     0.00     0.00     0.00 -1    -1e-30      0.00 7.438e-01 2.558e-01 7.843e-05 2.301e-05 1.992e-04 -1.000 4.565e-04 -0.761 0.772 -0.212 -0.787 -0.986 -1.080 -1.111
0.00043772 -1.55000 10.11394 0.7911568284 2.4155919883    0.723  2.254  3.7000  1.795    7  0.000  0.526     0.00     0.00     0.00     0.00     0.00 -1    -1e-30      0.00 7.438e-01 2.558e-01 7.843e-05 2.301e-05 1.992e-04 -1.000 4.564e-04 -0.865 0.713 -0.298 -0.888 -1.094 -1.191 -1.224
0.00043772 -1.55000 10.11394 0.7911736369 2.4155980187    0.723  2.296  3.6968  1.740    7  0.000  0.526     0.00     0.00     0.00     0.00     0.00 -1    -1e-30      0.00 7.438e-01 2.558e-01 7.843e-05 2.301e-05 1.992e-04 -1.000 4.565e-04 -0.971 0.656 -0.384 -0.989 -1.200 -1.302 -1.337
0.00043772 -1.55000 10.11394 0.7911885381 2.4156033645    0.723  2.338  3.6937  1.686    7  0.000  0.526     0.00     0.00     0.00     0.00     0.00 -1    -1e-30      0.00 7.438e-01 2.558e-01 7.842e-05 2.301e-05 1.992e-04 -1.000 4.558e-04 -1.075 0.600 -0.469 -1.089 -1.307 -1.413 -1.450
0.00043772 -1.55000 10.11394 0.7912017107 2.4156080901    0.723  2.380  3.6906  1.632    7  0.000  0.525     0.00     0.00     0.00     0.00     0.00 -1    -1e-30      0.00 7.438e-01 2.558e-01 7.841e-05 2.301e-05 1.992e-04 -1.000 4.556e-04 -1.180 0.543 -0.554 -1.189 -1.413 -1.523 -1.561
0.00043772 -1.55000 10.11394 0.7912132740 2.4156122381    0.723  2.421  3.6876  1.578    7  0.000  0.525     0.00     0.00     0.00     0.00     0.00 -1    -1e-30      0.00 7.438e-01 2.558e-01 7.836e-05 2.303e-05 1.992e-04 -1.000 4.556e-04 -1.284 0.490 -0.637 -1.288 -1.517 -1.631 -1.671
0.00043772 -1.55000 10.11394 0.7912235260 2.4156159157    0.723  2.463  3.6846  1.524    7  0.000  0.523     0.00     0.00     0.00     0.00     0.00 -1    -1e-30      0.00 7.438e-01 2.558e-01 7.818e-05 2.311e-05 1.992e-04 -1.000 4.556e-04 -1.387 0.445 -0.719 -1.387 -1.622 -1.740 -1.782
0.00043772 -1.55000 10.11394 0.7912328243 2.4156192510    0.723  2.505  3.6815  1.470    7  0.000  0.519     6.91     5.49     3.89     3.02     2.44  3    -1e-30      0.00 7.438e-01 2.558e-01 7.761e-05 2.351e-05 1.992e-04 -1.000 4.565e-04 -1.493 0.415 -0.800 -1.490 -1.730 -1.852 -1.896
0.00043772 -1.55000 10.11394 0.7912413478 2.4156223083    0.723  2.547  3.6784  1.415    7  0.000  0.510     7.76     6.06     4.28     3.32     2.69  3    -1e-30      0.00 7.438e-01 2.558e-01 7.637e-05 2.470e-05 1.992e-04 -1.000 4.565e-04 -1.598 0.393 -0.878 -1.593 -1.839 -1.965 -2.011
0.00043772 -1.55000 10.11394 0.7912492752 2.4156251518    0.723  2.590  3.6752  1.360    7  0.000  0.497     8.73     6.70     4.71     3.66     2.96  3    -1e-30      0.00 7.437e-01 2.558e-01 7.450e-05 2.683e-05 1.992e-04 -1.000 4.565e-04 -1.705 0.379 -0.954 -1.695 -1.949 -2.079 -2.127
0.00043772 -1.55000 10.11394 0.7912566662 2.4156278027    0.723  2.633  3.6720  1.304    7  0.000  0.484     9.83     7.41     5.18     4.04     3.27  3    -1e-30      0.00 7.437e-01 2.559e-01 7.253e-05 2.923e-05 1.992e-04 -1.000 4.436e-04 -1.812 0.373 -1.027 -1.798 -2.059 -2.193 -2.243
0.00043772 -1.55000 10.11394 0.7912637591 2.4156303468    0.723  2.676  3.6687  1.248    7  0.000  0.473    11.09     8.21     5.71     4.46     3.61  2    -1e-30      0.00 7.436e-01 2.559e-01 7.076e-05 3.140e-05 1.991e-04 -1.000 4.564e-04 -1.920 0.375 -1.098 -1.902 -2.170 -2.308 -2.361
0.00043772 -1.55000 10.11394 0.7912704945 2.4156327625    0.723  2.719  3.6654  1.192    7  0.000  0.463    12.49     9.08     6.29     4.92     3.98  2    -1e-30      0.00 7.436e-01 2.560e-01 6.926e-05 3.325e-05 1.991e-04 -1.000 4.564e-04 -2.027 0.385 -1.165 -2.003 -2.278 -2.422 -2.477
0.00043772 -1.55000 10.11394 0.7912769318 2.4156350713    0.723  2.762  3.6621  1.136    7  0.000  0.454    14.08    10.05     6.93     5.42     4.39  2    -1e-30      0.00 7.435e-01 2.561e-01 6.798e-05 3.481e-05 1.991e-04 -1.000 4.565e-04 -2.134 0.403 -1.229 -2.103 -2.387 -2.535 -2.593
0.00043772 -1.55000 10.11394 0.7912828326 2.4156371876    0.723  2.804  3.6589  1.081    7  0.000  0.447    15.83    11.11     7.62     5.97     4.84  2    -1e-30      0.00 7.434e-01 2.561e-01 6.689e-05 3.616e-05 1.991e-04 -1.000 4.564e-04 -2.240 0.431 -1.287 -2.200 -2.493 -2.647 -2.706
0.00043772 -1.55000 10.11394 0.7912876606 2.4156389191    0.723  2.844  3.6557  1.028    7  0.000  0.441    17.70    12.21     8.34     6.55     5.30  2    -1e-30      0.00 7.433e-01 2.563e-01 6.599e-05 3.726e-05 1.990e-04 -1.000 4.564e-04 -2.339 0.437 -1.345 -2.288 -2.590 -2.748 -2.811
0.00043772 -1.55000 10.11394 0.7912917733 2.4156403941    0.723  2.883  3.6526  0.976    7  0.000  0.436    19.80    13.42     9.14     7.18     5.82  2    -1e-30      0.00 7.432e-01 2.564e-01 6.520e-05 3.822e-05 1.989e-04 -1.000 4.565e-04 -2.439 0.437 -1.402 -2.375 -2.686 -2.850 -2.915
0.00043772 -1.55000 10.11394 0.7912952304 2.4156416339    0.723  2.924  3.6493  0.922    7  0.000  0.431    22.20    14.79    10.02     7.89     6.39  1    -1e-30      0.00 7.431e-01 2.565e-01 6.449e-05 3.909e-05 1.988e-04 -1.000 4.438e-04 -2.540 0.444 -1.456 -2.461 -2.783 -2.953 -3.021
0.00043772 -1.55000 10.11394 0.7912985682 2.4156428310    0.723  2.969  3.6456  0.862    7  0.000  0.427    25.23    16.49    11.12     8.77     7.10  1    -1e-30      0.00 7.429e-01 2.566e-01 6.384e-05 3.993e-05 1.987e-04 -1.000 4.565e-04 -2.654 0.454 -1.515 -2.557 -2.890 -3.067 -3.138
0.00043772 -1.55000 10.11394 0.7913019061 2.4156440281    0.723  3.018  3.6416  0.798    7  0.000  0.424    28.93    18.52    12.42     9.81     7.95  1    -1e-30      0.00 7.428e-01 2.567e-01 6.332e-05 4.061e-05 1.985e-04 -1.000 4.564e-04 -2.774 0.465 -1.577 -2.658 -3.004 -3.188 -3.262
0.00043772 -1.55000 10.11394 0.7913048863 2.4156450968    0.723  3.062  3.6380  0.739    7  0.000  0.422    32.78    20.59    13.74    10.87     8.82  1    -1e-30      0.00 7.427e-01 2.569e-01 6.293e-05 4.115e-05 1.983e-04 -1.000 4.565e-04 -2.885 0.478 -1.630 -2.748 -3.106 -3.298 -3.375
0.00043772 -1.55000 10.11394 0.7913058996 2.4156454602    0.723  3.088  3.6357  0.703    7  0.000  0.421    35.37    21.96    14.62    11.57     9.39  1    -1e-30      0.00 7.426e-01 2.569e-01 6.270e-05 4.148e-05 1.981e-04 -1.000 4.565e-04 -2.951 0.490 -1.658 -2.800 -3.167 -3.363 -3.442
0.00043772 -1.55000 10.11394 0.7913061380 2.4156455457    0.723  3.100  3.6347  0.688    7  0.000  0.421    36.57    22.59    15.02    11.89     9.65  1    -1e-30      0.00 7.426e-01 2.569e-01 6.264e-05 4.159e-05 1.981e-04 -1.000 4.565e-04 -2.980 0.493 -1.672 -2.824 -3.194 -3.392 -3.472
0.00043772 -1.55000 10.11394 0.7913064361 2.4156456526    0.723  3.116  3.6335  0.667    7  0.000  0.420    38.20    23.44    15.56    12.33    10.00  1    -1e-30      0.00 7.425e-01 2.570e-01 6.253e-05 4.180e-05 1.980e-04 -1.000 4.565e-04 -3.019 0.498 -1.689 -2.855 -3.229 -3.430 -3.512
0.00043772 -1.55000 10.11394 0.7913067937 2.4156457809    0.723  3.141  3.6313  0.633    7  0.000  0.419    41.12    24.95    16.52    13.10    10.63  1    -1e-30      0.00 7.424e-01 2.571e-01 6.224e-05 4.233e-05 1.977e-04 -1.000 4.565e-04 -3.083 0.509 -1.716 -2.906 -3.288 -3.494 -3.577
0.00043772 -1.55000 10.11394 0.7913070917 2.4156458877    0.723  3.381  3.6137  0.323    8  0.545  0.395    79.67    43.72    28.22    22.57    18.33  1 -1.15e-06      0.00 7.322e-01 2.674e-01 5.834e-05 5.370e-05 1.982e-04 -1.000 3.431e-04 -3.683 0.520 -1.959 -3.370 -3.829 -4.078 -4.178
0.00043772 -1.55000 10.11394 0.7913071513 2.4156459091    0.723  3.225  3.6243  0.522    8  0.545  0.392    52.12    30.51    20.01    15.92    12.92  1 -5.59e-07      0.00 7.322e-01 2.674e-01 5.834e-05 5.370e-05 1.982e-04 -1.000 3.431e-04 -3.291 0.537 -1.802 -3.068 -3.476 -3.696 -3.786
0.00043772 -1.55000 10.11394 0.7913072109 2.4156459305    0.722  3.077  3.6373  0.721    8  0.545  0.392    34.08    21.28    14.18    11.22     9.10  1  -2.8e-07      0.00 7.322e-01 2.674e-01 5.834e-05 5.370e-05 1.982e-04 -1.000 3.431e-04 -2.923 0.469 -1.655 -2.782 -3.143 -3.336 -3.414
0.00043772 -1.55000 10.11394 0.7913073897 2.4156459946    0.722  2.884  3.6543  0.981    8  0.545  0.392    19.56    13.29     9.05     7.11     5.76  2 -1.11e-07      0.00 7.322e-01 2.674e-01 5.834e-05 5.370e-05 1.982e-04 -1.000 3.431e-04 -2.441 0.394 -1.424 -2.384 -2.691 -2.852 -2.916
0.00043772 -1.55000 10.11394 0.7913075686 2.4156460587    0.721  2.890  3.6538  0.972    8  0.545  0.392    19.93    13.50     9.18     7.22     5.85  2 -1.15e-07      0.00 7.322e-01 2.674e-01 5.834e-05 5.370e-05 1.982e-04 -1.000 3.431e-04 -2.456 0.397 -1.431 -2.397 -2.705 -2.867 -2.932
0.00043772 -1.55000 10.11394 0.7913078070 2.4156461442    0.719  2.989  3.6450  0.838    8  0.545  0.392    26.54    17.21    11.58     9.14     7.41  1 -1.86e-07      0.00 7.322e-01 2.674e-01 5.834e-05 5.370e-05 1.982e-04 -1.000 3.431e-04 -2.703 0.435 -1.552 -2.603 -2.939 -3.117 -3.188
0.00043772 -1.55000 10.11394 0.7913081646 2.4156462725    0.718  3.145  3.6312  0.626    8  0.546  0.392    41.66    25.21    16.68    13.23    10.74  1 -3.93e-07      0.00 7.322e-01 2.674e-01 5.834e-05 5.370e-05 1.982e-04 -1.000 3.431e-04 -3.092 0.507 -1.722 -2.914 -3.297 -3.502 -3.586
0.00043772 -1.55000 10.11394 0.7913085222 2.4156464007    0.716  3.279  3.6193  0.444    8  0.546  0.392    61.44    35.04    22.84    18.21    14.79  1 -7.39e-07      0.00 7.322e-01 2.674e-01 5.834e-05 5.370e-05 1.982e-04 -1.000 3.431e-04 -3.426 0.569 -1.840 -3.165 -3.594 -3.827 -3.921
0.00043772 -1.55000 10.11394 0.7913089395 2.4156465504    0.714  3.367  3.6115  0.323    8  0.546  0.392    79.48    43.57    28.12    22.49    18.27  1 -1.12e-06      0.00 7.322e-01 2.674e-01 5.834e-05 5.370e-05 1.982e-04 -1.000 3.431e-04 -3.647 0.598 -1.891 -3.317 -3.784 -4.037 -4.139
0.00043772 -1.55000 10.11394 0.7913094163 2.4156467214    0.711  3.415  3.6071  0.255    8  0.547  0.392    91.74    49.18    31.56    25.30    20.56  1 -1.41e-06      0.00 7.322e-01 2.674e-01 5.834e-05 5.370e-05 1.982e-04 -1.000 3.431e-04 -3.768 0.612 -1.914 -3.398 -3.887 -4.152 -4.258
0.00043772 -1.55000 10.11394 0.7913099527 2.4156469138    0.709  3.441  3.6048  0.219    8  0.547  0.392    99.02    52.44    33.56    26.93    21.88  1  -1.6e-06      0.00 7.322e-01 2.674e-01 5.834e-05 5.370e-05 1.982e-04 -1.000 3.431e-04 -3.832 0.619 -1.924 -3.439 -3.940 -4.211 -4.320
0.00043772 -1.55000 10.11394 0.7913105488 2.4156471275    0.706  3.457  3.6033  0.195    8  0.548  0.392   104.16    54.71    34.94    28.06    22.80  1 -1.75e-06      0.00 7.322e-01 2.674e-01 5.834e-05 5.370e-05 1.982e-04 -1.000 3.431e-04 -3.872 0.624 -1.929 -3.464 -3.973 -4.249 -4.359
0.00043772 -1.55000 10.11394 0.7913129330 2.4156479825    0.549 -9.999  4.0000  1.733    9  0.550  0.000     0.00     0.00     0.00     0.00     0.00 -1    -1e-30      0.00 7.322e-01 2.674e-01 5.834e-05 5.370e-05 1.982e-04 -1.000 3.431e-04 29.767 30.101 29.964 30.241 30.470 30.551 30.639
