# Zini     MH   logAge Mini        int_IMF         Mass   logL    logTe  logg  label   McoreTP C_O  period0  period1  period2  period3  period4  pmode  Mloss  tau1m   X   Y   Xc  Xn  Xo  Cexcess  Z 	 mbolmag  umag    gmag    rmag    imag    zmag    Ymag
0.00034781 -1.65000 10.09342 0.0900000036 1.0816895926    0.090 -3.189  3.4800  5.454    1  0.000  0.545     0.00     0.00     0.00     0.00     0.00 -1 -5.09e-17      0.00 7.481e-01 2.516e-01 6.854e-05 1.849e-05 1.677e-04 -1.000 3.811e-04 12.743 17.875 16.087 14.148 12.577 12.070 11.968
0.00034781 -1.65000 10.09342 0.0914714485 1.0956374074    0.091 -3.139  3.4873  5.440    1  0.000  0.545     0.00     0.00     0.00     0.00     0.00 -1 -5.75e-17      0.00 7.477e-01 2.519e-01 6.854e-05 1.849e-05 1.677e-04 -1.000 3.812e-04 12.618 17.726 15.808 13.897 12.444 11.965 11.861
0.00034781 -1.65000 10.09342 0.1000000015 1.1711064122    0.100 -2.864  3.5271  5.362    1  0.000  0.545     0.00     0.00     0.00     0.00     0.00 -1 -1.13e-16      0.00 7.458e-01 2.538e-01 6.854e-05 1.849e-05 1.677e-04 -1.000 3.811e-04 11.930 16.672 14.404 12.681 11.727 11.359 11.252
0.00034781 -1.65000 10.09342 0.1200000048 1.3193154741    0.120 -2.575  3.5581  5.276    1  0.000  0.545     0.00     0.00     0.00     0.00     0.00 -1 -2.22e-16      0.00 7.429e-01 2.568e-01 6.854e-05 1.849e-05 1.677e-04 -1.000 3.811e-04 11.207 15.397 13.198 11.660 10.985 10.680 10.580
0.00034781 -1.65000 10.09342 0.1400000006 1.4384526719    0.140 -2.392  3.5732  5.221    1  0.000  0.545     0.00     0.00     0.00     0.00     0.00 -1 -3.34e-16      0.00 7.407e-01 2.589e-01 6.854e-05 1.849e-05 1.677e-04 -1.000 3.811e-04 10.750 14.622 12.530 11.093 10.520 10.242 10.147
0.00034781 -1.65000 10.09342 0.1599999964 1.5372931554    0.160 -2.249  3.5831  5.175    1  0.000  0.545     0.00     0.00     0.00     0.00     0.00 -1 -4.58e-16      0.00 7.393e-01 2.603e-01 6.854e-05 1.849e-05 1.677e-04 -1.000 3.811e-04 10.391 14.055 12.043 10.679 10.157 9.895 9.804
0.00034781 -1.65000 10.09342 0.2000000179 1.6938791367    0.200 -2.027  3.5959  5.102    1  0.000  0.545     0.00     0.00     0.00     0.00     0.00 -1 -7.42e-16      0.00 7.383e-01 2.613e-01 6.854e-05 1.849e-05 1.677e-04 -1.000 3.812e-04 9.838 13.231 11.333 10.069 9.598 9.355 9.271
0.00034781 -1.65000 10.09342 0.2500000000 1.8403257998    0.250 -1.825  3.6070  5.041    1  0.000  0.545     0.00     0.00     0.00     0.00     0.00 -1 -3.51e-16      0.00 7.384e-01 2.612e-01 6.853e-05 1.849e-05 1.677e-04 -1.000 3.811e-04 9.332 12.510 10.701 9.520 9.085 8.860 8.781
0.00034781 -1.65000 10.09342 0.3000000417 1.9529140366    0.300 -1.670  3.6157  5.000    1  0.000  0.545     0.00     0.00     0.00     0.00     0.00 -1 -1.55e-15      0.00 7.386e-01 2.610e-01 6.852e-05 1.849e-05 1.677e-04 -1.000 3.811e-04 8.945 11.964 10.220 9.102 8.694 8.481 8.407
0.00034781 -1.65000 10.09342 0.3499999940 2.0434174644    0.350 -1.544  3.6235  4.972    1  0.000  0.544     0.00     0.00     0.00     0.00     0.00 -1 -1.98e-15      0.00 7.385e-01 2.612e-01 6.849e-05 1.849e-05 1.677e-04 -1.000 3.811e-04 8.630 11.518 9.827 8.762 8.375 8.174 8.104
0.00034781 -1.65000 10.09342 0.4000000060 2.1185024399    0.400 -1.406  3.6340  4.934    1  0.000  0.545     0.00     0.00     0.00     0.00     0.00 -1 -2.66e-15      0.00 7.503e-01 2.493e-01 6.854e-05 1.849e-05 1.677e-04 -1.000 3.812e-04 8.286 10.999 9.379 8.385 8.027 7.842 7.777
0.00034781 -1.65000 10.09342 0.4500000179 2.1822809362    0.450 -1.238  3.6516  4.888    1  0.000  0.545     0.00     0.00     0.00     0.00     0.00 -1  -3.9e-15      0.00 7.505e-01 2.491e-01 6.854e-05 1.849e-05 1.677e-04 -1.000 3.812e-04 7.865 10.302 8.800 7.915 7.601 7.442 7.386
0.00034781 -1.65000 10.09342 0.5000000000 2.2374541529    0.500 -1.049  3.6749  4.838    1  0.000  0.545     0.00     0.00     0.00     0.00     0.00 -1 -6.05e-15      0.00 7.505e-01 2.491e-01 6.854e-05 1.849e-05 1.677e-04 -1.000 3.811e-04 7.393 9.460 8.141 7.389 7.128 7.001 6.958
0.00034781 -1.65000 10.09342 0.5500000715 2.2836583126    0.550 -0.836  3.6984  4.759    1  0.000  0.544     0.00     0.00     0.00     0.00     0.00 -1 -1.03e-14      0.00 7.859e-01 2.138e-01 5.942e-05 1.604e-05 1.456e-04 -1.000 2.899e-04 6.860 8.568 7.456 6.819 6.602 6.505 6.475
0.00034781 -1.65000 10.09342 0.6000000238 2.3211213258    0.600 -0.624  3.7256  4.694    1  0.000  0.544     0.00     0.00     0.00     0.00     0.00 -1 -1.73e-14      0.00 7.977e-01 2.020e-01 5.658e-05 1.528e-05 1.388e-04 -1.000 3.031e-04 6.330 7.692 6.796 6.270 6.098 6.033 6.016
0.00034781 -1.65000 10.09342 0.6042494774 2.3239781975    0.604 -0.605  3.7282  4.689    1  0.000  0.543     0.00     0.00     0.00     0.00     0.00 -1 -1.81e-14      0.00 7.989e-01 2.008e-01 5.629e-05 1.521e-05 1.381e-04 -1.000 3.067e-04 6.283 7.615 6.738 6.222 6.055 5.992 5.977
0.00034781 -1.65000 10.09342 0.6152424216 2.3311585516    0.615 -0.556  3.7350  4.675    1  0.000  0.543     0.00     0.00     0.00     0.00     0.00 -1 -2.04e-14      0.00 8.020e-01 1.976e-01 5.555e-05 1.501e-05 1.363e-04 -1.000 3.152e-04 6.160 7.421 6.590 6.098 5.942 5.887 5.875
0.00034781 -1.65000 10.09342 0.6258754730 2.3378285688    0.626 -0.508  3.7415  4.660    1  0.000  0.543     0.00     0.00     0.00     0.00     0.00 -1  -2.3e-14      0.00 8.052e-01 1.944e-01 5.480e-05 1.481e-05 1.345e-04 -1.000 3.183e-04 6.041 7.237 6.447 5.979 5.833 5.785 5.776
0.00034781 -1.65000 10.09342 0.6357558966 2.3437970423    0.635 -0.463  3.7474  4.646    1  0.000  0.543     0.00     0.00     0.00     0.00     0.00 -1 -2.66e-18      0.00 8.083e-01 1.914e-01 5.408e-05 1.462e-05 1.328e-04 -1.000 3.143e-04 5.929 7.072 6.316 5.870 5.733 5.691 5.684
0.00034781 -1.65000 10.09342 0.6449379325 2.3491555234    0.645 -0.421  3.7528  4.632    1  0.000  0.543     0.00     0.00     0.00     0.00     0.00 -1 -7.29e-16      0.00 8.113e-01 1.884e-01 5.337e-05 1.443e-05 1.311e-04 -1.000 2.988e-04 5.824 6.919 6.194 5.768 5.640 5.603 5.599
0.00034781 -1.65000 10.09342 0.6499999762 2.3520353107    0.650 -0.398  3.7557  4.624    1  0.000  0.543     0.00     0.00     0.00     0.00     0.00 -1 -3.03e-14      0.00 8.130e-01 1.867e-01 5.297e-05 1.433e-05 1.302e-04 -1.000 3.188e-04 5.765 6.835 6.126 5.712 5.588 5.555 5.552
0.00034781 -1.65000 10.09342 0.6515456438 2.3529043892    0.651 -0.391  3.7565  4.621    1  0.000  0.543     0.00     0.00     0.00     0.00     0.00 -1 -3.09e-14      0.00 8.136e-01 1.860e-01 5.283e-05 1.429e-05 1.298e-04 -1.000 3.209e-04 5.747 6.810 6.106 5.695 5.573 5.540 5.537
0.00034781 -1.65000 10.09342 0.6634975076 2.3594676206    0.663 -0.335  3.7630  4.598    1  0.000  0.542     0.00     0.00     0.00     0.00     0.00 -1 -3.57e-14      0.00 8.188e-01 1.809e-01 5.163e-05 1.397e-05 1.270e-04 -1.000 3.153e-04 5.607 6.618 5.947 5.560 5.448 5.422 5.422
0.00034781 -1.65000 10.09342 0.6744774580 2.3652619838    0.674 -0.282  3.7688  4.576    1  0.000  0.542     0.00     0.00     0.00     0.00     0.00 -1 -3.49e-14      0.00 8.238e-01 1.759e-01 5.047e-05 1.366e-05 1.242e-04 -1.000 2.954e-04 5.475 6.443 5.800 5.434 5.331 5.311 5.313
0.00034781 -1.65000 10.09342 0.6849465370 2.3705882569    0.685 -0.230  3.7742  4.552    1  0.000  0.541     0.00     0.00     0.00     0.00     0.00 -1  -1.7e-14      0.00 8.289e-01 1.708e-01 4.928e-05 1.334e-05 1.213e-04 -1.000 2.481e-04 5.345 6.277 5.657 5.310 5.216 5.201 5.205
0.00034781 -1.65000 10.09342 0.6947005391 2.3753849574    0.694 -0.180  3.7791  4.528    1  0.000  0.541     0.00     0.00     0.00     0.00     0.00 -1 -1.18e-15      0.00 8.340e-01 1.658e-01 4.811e-05 1.303e-05 1.185e-04 -1.000 2.601e-04 5.220 6.120 5.520 5.191 5.104 5.094 5.100
0.00034781 -1.65000 10.09342 0.6999999881 2.3779266974    0.700 -0.152  3.7818  4.514    1  0.000  0.541     0.00     0.00     0.00     0.00     0.00 -1 -5.84e-14      0.00 8.368e-01 1.629e-01 4.745e-05 1.285e-05 1.170e-04 -1.000 2.603e-04 5.149 6.033 5.443 5.124 5.041 5.034 5.040
0.00034781 -1.65000 10.09342 0.7051708102 2.3803644453    0.705 -0.124  3.7842  4.499    1  0.000  0.540     0.00     0.00     0.00     0.00     0.00 -1 -6.31e-14      0.00 8.399e-01 1.598e-01 4.666e-05 1.266e-05 1.153e-04 -1.000 2.562e-04 5.079 5.950 5.367 5.057 4.978 4.973 4.980
0.00034781 -1.65000 10.09342 0.7135581970 2.3842323508    0.713 -0.076  3.7882  4.472    1  0.000  0.538     0.00     0.00     0.00     0.00     0.00 -1 -7.22e-14      0.00 8.448e-01 1.550e-01 4.543e-05 1.236e-05 1.125e-04 -1.000 2.494e-04 4.960 5.809 5.239 4.943 4.870 4.869 4.878
0.00034781 -1.65000 10.09342 0.7218396664 2.3879501687    0.721 -0.026  3.7919  4.442    1  0.000  0.536     0.00     0.00     0.00     0.00     0.00 -1 -8.32e-14      0.00 8.493e-01 1.504e-01 4.427e-05 1.208e-05 1.101e-04 -1.000 2.498e-04 4.836 5.666 5.105 4.823 4.757 4.759 4.769
0.00034781 -1.65000 10.09342 0.7289524078 2.3910658788    0.728  0.019  3.7951  4.414    1  0.000  0.534     0.00     0.00     0.00     0.00     0.00 -1 -9.49e-14      0.00 8.530e-01 1.467e-01 4.336e-05 1.185e-05 1.081e-04 -1.000 2.457e-04 4.723 5.538 4.985 4.714 4.653 4.658 4.669
0.00034781 -1.65000 10.09342 0.7358430028 2.3940183152    0.735  0.065  3.7980  4.384    1  0.000  0.533     0.00     0.00     0.00     0.00     0.00 -1 -2.55e-15      0.00 8.563e-01 1.434e-01 4.254e-05 1.166e-05 1.064e-04 -1.000 2.498e-04 4.608 5.408 4.862 4.602 4.546 4.554 4.566
0.00034781 -1.65000 10.09342 0.7427340746 2.3969080387    0.742  0.114  3.8008  4.350    1  0.000  0.531     0.00     0.00     0.00     0.00     0.00 -1 -5.03e-16      0.00 8.594e-01 1.403e-01 4.180e-05 1.148e-05 1.048e-04 -1.000 2.590e-04 4.486 5.273 4.733 4.482 4.431 4.442 4.455
0.00034781 -1.65000 10.09342 0.7500000000 2.3998889087    0.749  0.169  3.8035  4.310    1  0.000  0.530     0.00     0.00     0.00     0.00     0.00 -1 -1.49e-13      0.00 8.624e-01 1.373e-01 4.111e-05 1.131e-05 1.034e-04 -1.000 2.450e-04 4.347 5.123 4.587 4.346 4.299 4.313 4.326
0.00034781 -1.65000 10.09342 0.7539544106 2.4014834821    0.753  0.201  3.8050  4.286    1  0.000  0.530     0.00     0.00     0.00     0.00     0.00 -1 -1.64e-13      0.00 8.631e-01 1.367e-01 4.103e-05 1.129e-05 1.033e-04 -1.000 2.208e-04 4.269 5.037 4.503 4.269 4.224 4.239 4.253
0.00034781 -1.65000 10.09342 0.7598991990 2.4038447794    0.759  0.252  3.8069  4.246    1  0.000  0.529     0.00     0.00     0.00     0.00     0.00 -1 -1.92e-13      0.00 8.641e-01 1.357e-01 4.093e-05 1.127e-05 1.031e-04 -1.000 2.272e-04 4.140 4.900 4.369 4.141 4.100 4.117 4.132
0.00034781 -1.65000 10.09342 0.7654369473 2.4060064941    0.764  0.303  3.8083  4.204    1  0.000  0.529     0.00     0.00     0.00     0.00     0.00 -1 -2.26e-13      0.00 8.636e-01 1.362e-01 4.114e-05 1.133e-05 1.037e-04 -1.000 2.373e-04 4.013 4.767 4.237 4.015 3.976 3.995 4.010
0.00034781 -1.65000 10.09342 0.7692308426 2.4074668353    0.768  0.340  3.8089  4.171    1  0.000  0.529     0.00     0.00     0.00     0.00     0.00 -1 -2.56e-13      0.00 8.630e-01 1.368e-01 4.136e-05 1.139e-05 1.042e-04 -1.000 2.444e-04 3.921 4.671 4.141 3.923 3.885 3.904 3.919
0.00034781 -1.65000 10.09342 0.7705600262 2.4079745527    0.770  0.354  3.8088  4.157    1  0.000  0.529     0.00     0.00     0.00     0.00     0.00 -1 -2.69e-13      0.00 8.627e-01 1.370e-01 4.144e-05 1.141e-05 1.044e-04 -1.000 2.460e-04 3.885 4.635 4.105 3.886 3.849 3.868 3.883
0.00034781 -1.65000 10.09342 0.7757226825 2.4099276037    0.775  0.413  3.8074  4.096    1  0.000  0.529     0.00     0.00     0.00     0.00     0.00 -1 -3.28e-13      0.00 8.618e-01 1.379e-01 4.174e-05 1.150e-05 1.052e-04 -1.000 2.524e-04 3.738 4.491 3.958 3.737 3.698 3.715 3.729
0.00034781 -1.65000 10.09342 0.7796438932 2.4113911519    0.778  0.464  3.8045  4.035    1  0.000  0.529     0.00     0.00     0.00     0.00     0.00 -1 -3.95e-13      0.00 8.611e-01 1.386e-01 4.197e-05 1.156e-05 1.058e-04 -1.000 2.570e-04 3.609 4.373 3.834 3.604 3.561 3.576 3.589
0.00034781 -1.65000 10.09342 0.7803120017 2.4116388299    0.779  0.474  3.8037  4.022    1  0.000  0.529     0.00     0.00     0.00     0.00     0.00 -1 -4.12e-13      0.00 8.610e-01 1.387e-01 4.201e-05 1.157e-05 1.059e-04 -1.000 2.578e-04 3.585 4.351 3.812 3.580 3.536 3.549 3.562
0.00034781 -1.65000 10.09342 0.7809791565 2.4118856682    0.780  0.485  3.8026  4.008    1  0.000  0.529     0.00     0.00     0.00     0.00     0.00 -1 -4.29e-13      0.00 8.609e-01 1.388e-01 4.205e-05 1.158e-05 1.060e-04 -1.000 2.586e-04 3.558 4.329 3.787 3.552 3.507 3.519 3.532
0.00034781 -1.65000 10.09342 0.7832190990 2.4127108803    0.782  0.523  3.7978  3.952    2  0.000  0.529     0.00     0.00     0.00     0.00     0.00 -1 -4.96e-13      0.00 8.605e-01 1.392e-01 4.218e-05 1.162e-05 1.063e-04 -1.000 2.613e-04 3.463 4.252 3.702 3.452 3.399 3.408 3.418
0.00034781 -1.65000 10.09342 0.7849290371 2.4133371904    0.784  0.556  3.7920  3.896    2  0.000  0.529     0.00     0.00     0.00     0.00     0.00 -1 -5.71e-13      0.00 8.597e-01 1.400e-01 4.247e-05 1.170e-05 1.070e-04 -1.000 2.633e-04 3.379 4.193 3.631 3.363 3.302 3.304 3.313
0.00034781 -1.65000 10.09342 0.7862660289 2.4138247173    0.785  0.586  3.7850  3.838    2  0.000  0.529     0.00     0.00     0.00     0.00     0.00 -1 -6.54e-13      0.00 8.574e-01 1.423e-01 4.324e-05 1.191e-05 1.089e-04 -1.000 2.707e-04 3.304 4.150 3.572 3.281 3.209 3.205 3.211
0.00034781 -1.65000 10.09342 0.7873425484 2.4142158809    0.786  0.613  3.7778  3.783    2  0.000  0.530     0.00     0.00     0.00     0.00     0.00 -1  -7.4e-13      0.00 8.453e-01 1.544e-01 4.680e-05 1.288e-05 1.177e-04 -1.000 2.765e-04 3.237 4.121 3.524 3.209 3.126 3.114 3.118
0.00034781 -1.65000 10.09342 0.7882446051 2.4145427058    0.787  0.638  3.7704  3.729    2  0.000  0.531     0.00     0.00     0.00     0.00     0.00 -1 -8.34e-13      0.00 8.254e-01 1.743e-01 5.165e-05 1.419e-05 1.294e-04 -1.000 2.902e-04 3.175 4.102 3.482 3.142 3.047 3.028 3.029
0.00034781 -1.65000 10.09342 0.7890396118 2.4148300330    0.787  0.663  3.7632  3.676    2  0.000  0.534     0.00     0.00     0.00     0.00     0.00 -1 -3.45e-14      0.00 8.036e-01 1.961e-01 5.612e-05 1.539e-05 1.402e-04 -1.000 3.114e-04 3.112 4.084 3.439 3.075 2.969 2.943 2.941
0.00034781 -1.65000 10.09342 0.7897443175 2.4150841680    0.788  0.691  3.7566  3.622    2  0.000  0.535     0.00     0.00     0.00     0.00     0.00 -1  -7.3e-15      0.00 7.887e-01 2.110e-01 5.918e-05 1.620e-05 1.475e-04 -1.000 3.097e-04 3.043 4.060 3.390 3.003 2.887 2.854 2.850
0.00034781 -1.65000 10.09342 0.7904416919 2.4153351461    0.789  0.727  3.7505  3.562    2  0.000  0.536     0.00     0.00     0.00     0.00     0.00 -1 -1.17e-14      0.00 7.792e-01 2.205e-01 6.118e-05 1.674e-05 1.522e-04 -1.000 3.402e-04 2.954 4.013 3.320 2.912 2.786 2.747 2.740
0.00034781 -1.65000 10.09342 0.7909916639 2.4155327167    0.789  0.763  3.7464  3.510    2  0.000  0.536     0.00     0.00     0.00     0.00     0.00 -1 -1.74e-14      0.00 7.743e-01 2.254e-01 6.221e-05 1.701e-05 1.547e-04 -1.000 3.470e-04 2.863 3.954 3.244 2.822 2.689 2.645 2.637
0.00034781 -1.65000 10.09342 0.7913674712 2.4156675392    0.790  0.791  3.7438  3.472    2  0.000  0.536     0.00     0.00     0.00     0.00     0.00 -1 -2.31e-14      0.00 7.716e-01 2.280e-01 6.276e-05 1.716e-05 1.560e-04 -1.000 3.207e-04 2.794 3.903 3.182 2.752 2.615 2.569 2.559
0.00034781 -1.65000 10.09342 0.7915397882 2.4157293095    0.790  0.805  3.7429  3.454    2  0.000  0.536     0.00     0.00     0.00     0.00     0.00 -1 -2.65e-14      0.00 7.707e-01 2.290e-01 6.295e-05 1.721e-05 1.565e-04 -1.000 3.080e-04 2.757 3.873 3.148 2.715 2.577 2.529 2.519
0.00034781 -1.65000 10.09342 0.7920024395 2.4158950025    0.790  0.847  3.7406  3.404    3  0.000  0.537     0.00     0.00     0.00     0.00     0.00 -1 -3.81e-14      0.00 7.682e-01 2.314e-01 6.342e-05 1.733e-05 1.576e-04 -1.000 3.754e-04 2.654 3.787 3.053 2.612 2.470 2.420 2.409
0.00034781 -1.65000 10.09342 0.7925087214 2.4160760664    0.791  0.896  3.7383  3.346    3  0.000  0.537     0.00     0.00     0.00     0.00     0.00 -1 -5.75e-14      0.00 7.659e-01 2.338e-01 6.382e-05 1.744e-05 1.585e-04 -1.000 3.512e-04 2.531 3.683 2.938 2.490 2.344 2.292 2.279
0.00034781 -1.65000 10.09342 0.7929387689 2.4162296575    0.791  0.940  3.7366  3.294    3  0.000  0.537     0.00     0.00     0.00     0.00     0.00 -1 -8.27e-14      0.00 7.640e-01 2.356e-01 6.411e-05 1.752e-05 1.592e-04 -1.000 3.494e-04 2.419 3.586 2.833 2.378 2.231 2.176 2.163
0.00034781 -1.65000 10.09342 0.7933499217 2.4163763213    0.791  0.986  3.7349  3.242    3  0.000  0.537     0.00     0.00     0.00     0.00     0.00 -1 -1.18e-13      0.00 7.623e-01 2.373e-01 6.434e-05 1.758e-05 1.598e-04 -1.000 3.796e-04 2.305 3.485 2.724 2.265 2.114 2.058 2.044
0.00034781 -1.65000 10.09342 0.7937678099 2.4165252086    0.792  1.036  3.7333  3.186    3  0.000  0.537     0.00     0.00     0.00     0.00     0.00 -1 -1.72e-13      0.00 7.606e-01 2.391e-01 6.454e-05 1.764e-05 1.603e-04 -1.000 3.797e-04 2.180 3.373 2.605 2.141 1.988 1.929 1.914
0.00034781 -1.65000 10.09342 0.7941519618 2.4166619173    0.792  1.086  3.7318  3.130    3  0.000  0.537     0.00     0.00     0.00     0.00     0.00 -1 -2.46e-13      0.00 7.590e-01 2.406e-01 6.468e-05 1.769e-05 1.607e-04 -1.000 3.727e-04 2.056 3.261 2.487 2.018 1.862 1.802 1.786
0.00034781 -1.65000 10.09342 0.7944969535 2.4167845604    0.792  1.134  3.7303  3.076    3  0.000  0.536     0.00     0.00     0.00     0.00     0.00 -1 -3.45e-13      0.00 7.576e-01 2.420e-01 6.475e-05 1.774e-05 1.610e-04 -1.000 3.535e-04 1.935 3.152 2.371 1.898 1.740 1.678 1.662
0.00034781 -1.65000 10.09342 0.7947986722 2.4168917198    0.792  1.180  3.7289  3.025    3  0.000  0.536     0.00     0.00     0.00     0.00     0.00 -1 -4.68e-13      0.00 7.564e-01 2.433e-01 6.477e-05 1.779e-05 1.613e-04 -1.000 3.444e-04 1.821 3.050 2.262 1.784 1.625 1.561 1.544
0.00034781 -1.65000 10.09342 0.7950927615 2.4169960795    0.793  1.228  3.7275  2.971    3  0.000  0.535     0.00     0.00     0.00     0.00     0.00 -1 -6.41e-13      0.00 7.552e-01 2.444e-01 6.472e-05 1.786e-05 1.615e-04 -1.000 3.796e-04 1.699 2.941 2.146 1.664 1.502 1.437 1.418
0.00034781 -1.65000 10.09342 0.7953749299 2.4170961255    0.793  1.279  3.7259  2.914    3  0.000  0.533     0.00     0.00     0.00     0.00     0.00 -1  -8.8e-13      0.00 7.542e-01 2.455e-01 6.462e-05 1.795e-05 1.617e-04 -1.000 3.597e-04 1.572 2.827 2.024 1.537 1.373 1.306 1.287
0.00034781 -1.65000 10.09342 0.7956116199 2.4171799838    0.793  1.326  3.7244  2.861    3  0.000  0.532     0.00     0.00     0.00     0.00     0.00 -1 -1.17e-12      0.00 7.534e-01 2.463e-01 6.449e-05 1.806e-05 1.618e-04 -1.000 3.384e-04 1.455 2.724 1.913 1.421 1.255 1.186 1.166
0.00034781 -1.65000 10.09342 0.7958275676 2.4172564430    0.793  1.372  3.7229  2.809    3  0.000  0.531     0.00     0.00     0.00     0.00     0.00 -1 -1.53e-12      0.00 7.527e-01 2.469e-01 6.436e-05 1.818e-05 1.619e-04 -1.000 3.773e-04 1.339 2.621 1.803 1.306 1.138 1.067 1.046
0.00034781 -1.65000 10.09342 0.7960306406 2.4173283003    0.793  1.420  3.7214  2.755    3  0.000  0.529     0.00     0.00     0.00     0.00     0.00 -1 -1.99e-12      0.00 7.522e-01 2.475e-01 6.421e-05 1.831e-05 1.620e-04 -1.000 3.812e-04 1.220 2.515 1.690 1.188 1.017 0.945 0.923
0.00034781 -1.65000 10.09342 0.7962102294 2.4173918126    0.793  1.466  3.7198  2.703    3  0.000  0.528     0.00     0.00     0.00     0.00     0.00 -1 -2.56e-12      0.00 7.518e-01 2.479e-01 6.409e-05 1.843e-05 1.620e-04 -1.000 3.811e-04 1.106 2.415 1.582 1.075 0.901 0.827 0.804
0.00034781 -1.65000 10.09342 0.7963810563 2.4174521957    0.793  1.514  3.7181  2.648    3  0.000  0.527     0.00     0.00     0.00     0.00     0.00 -1 -3.31e-12      0.00 7.515e-01 2.482e-01 6.400e-05 1.852e-05 1.621e-04 -1.000 3.811e-04 0.986 2.311 1.469 0.957 0.780 0.704 0.681
0.00034781 -1.65000 10.09342 0.7965316176 2.4175053906    0.793  1.560  3.7165  2.595    3  0.000  0.527     0.00     0.00     0.00     0.00     0.00 -1  -4.2e-12      0.00 7.513e-01 2.483e-01 6.395e-05 1.857e-05 1.621e-04 -1.000 3.810e-04 0.870 2.211 1.361 0.842 0.663 0.585 0.561
0.00034781 -1.65000 10.09342 0.7966656685 2.4175527328    0.793  1.605  3.7148  2.544    3  0.000  0.527     0.00     0.00     0.00     0.00     0.00 -1 -5.26e-12      0.00 7.512e-01 2.484e-01 6.392e-05 1.861e-05 1.621e-04 -1.000 3.795e-04 0.758 2.116 1.256 0.732 0.550 0.470 0.445
0.00034781 -1.65000 10.09342 0.7967934608 2.4175978477    0.793  1.651  3.7131  2.490    3  0.000  0.526     0.00     0.00     0.00     0.00     0.00 -1 -6.62e-12      0.00 7.512e-01 2.484e-01 6.390e-05 1.862e-05 1.621e-04 -1.000 3.774e-04 0.642 2.016 1.147 0.617 0.433 0.350 0.325
0.00034781 -1.65000 10.09342 0.7969090939 2.4176386555    0.793  1.697  3.7113  2.437    3  0.000  0.526     0.00     0.00     0.00     0.00     0.00 -1 -8.27e-12      0.00 7.512e-01 2.484e-01 6.390e-05 1.862e-05 1.621e-04 -1.000 3.776e-04 0.527 1.921 1.040 0.503 0.316 0.231 0.205
0.00034781 -1.65000 10.09342 0.7970109582 2.4176745930    0.793  1.741  3.7096  2.386    3  0.000  0.526     0.00     0.00     0.00     0.00     0.00 -1 -1.02e-11      0.00 7.512e-01 2.484e-01 6.390e-05 1.863e-05 1.621e-04 -1.000 3.777e-04 0.417 1.830 0.937 0.394 0.203 0.117 0.090
0.00034781 -1.65000 10.09342 0.7971044779 2.4177075773    0.792  1.785  3.7079  2.335    3  0.000  0.526     0.00     0.00     0.00     0.00     0.00 -1  -6.2e-12      0.00 7.512e-01 2.485e-01 6.390e-05 1.863e-05 1.621e-04 -1.000 3.778e-04 0.307 1.742 0.836 0.285 0.092 0.004 -0.025
0.00034781 -1.65000 10.09342 0.7971950173 2.4177395019    0.792  1.831  3.7060  2.282    3  0.000  0.526     0.00     0.00     0.00     0.00     0.00 -1 -5.75e-12      0.00 7.512e-01 2.485e-01 6.390e-05 1.863e-05 1.621e-04 -1.000 3.778e-04 0.192 1.650 0.730 0.172 -0.025 -0.115 -0.145
0.00034781 -1.65000 10.09342 0.7972742915 2.4177674475    0.792  1.875  3.7042  2.230    3  0.000  0.526     0.00     0.00     0.00     0.00     0.00 -1 -7.17e-12      0.00 7.511e-01 2.485e-01 6.390e-05 1.863e-05 1.621e-04 -1.000 3.780e-04 0.083 1.563 0.630 0.064 -0.136 -0.228 -0.259
0.00034781 -1.65000 10.09342 0.7973472476 2.4177931602    0.792  1.918  3.7023  2.180    3  0.000  0.526     0.00     0.00     0.00     0.00     0.00 -1 -8.89e-12      0.00 7.511e-01 2.485e-01 6.390e-05 1.863e-05 1.621e-04 -1.000 3.781e-04 -0.025 1.478 0.531 -0.043 -0.246 -0.341 -0.372
0.00034781 -1.65000 10.09342 0.7974162698 2.4178174814    0.791  1.962  3.7005  2.128    3  0.000  0.526     0.00     0.00     0.00     0.00     0.00 -1  -1.1e-11      0.00 7.511e-01 2.485e-01 6.390e-05 1.863e-05 1.621e-04 -1.000 3.782e-04 -0.136 1.391 0.430 -0.152 -0.358 -0.455 -0.487
0.00034781 -1.65000 10.09342 0.7974770665 2.4178389003    0.791  2.003  3.6986  2.079    3  0.000  0.526     0.00     0.00     0.00     0.00     0.00 -1 -1.34e-11      0.00 7.511e-01 2.485e-01 6.390e-05 1.863e-05 1.621e-04 -1.000 3.783e-04 -0.239 1.313 0.338 -0.252 -0.462 -0.561 -0.595
0.00034781 -1.65000 10.09342 0.7975355983 2.4178595176    0.791  2.044  3.6968  2.031    3  0.000  0.526     0.00     0.00     0.00     0.00     0.00 -1 -1.63e-11      0.00 7.511e-01 2.485e-01 6.390e-05 1.864e-05 1.621e-04 -1.000 3.783e-04 -0.340 1.236 0.247 -0.351 -0.564 -0.665 -0.700
0.00034781 -1.65000 10.09342 0.7975963950 2.4178809291    0.790  2.083  3.6951  1.985    3  0.000  0.526     0.00     0.00     0.00     0.00     0.00 -1 -1.97e-11      0.00 7.511e-01 2.485e-01 6.390e-05 1.864e-05 1.621e-04 -1.000 3.784e-04 -0.437 1.163 0.159 -0.446 -0.662 -0.766 -0.802
0.00034781 -1.65000 10.09342 0.7976506948 2.4179000493    0.790  2.107  3.6940  1.956    3  0.000  0.526     0.00     0.00     0.00     0.00     0.00 -1 -2.26e-11      0.00 7.511e-01 2.485e-01 6.390e-05 1.864e-05 1.622e-04 -1.000 3.784e-04 -0.499 1.118 0.104 -0.507 -0.724 -0.830 -0.866
0.00034781 -1.65000 10.09342 0.7976925373 2.4179147810    0.789  2.095  3.6949  1.972    3  0.000  0.526     0.00     0.00     0.00     0.00     0.00 -1 -2.27e-11      0.00 7.511e-01 2.485e-01 6.390e-05 1.864e-05 1.622e-04 -1.000 3.785e-04 -0.467 1.136 0.130 -0.476 -0.692 -0.797 -0.832
0.00034781 -1.65000 10.09342 0.7977010608 2.4179177817    0.789  2.103  3.6945  1.963    3  0.000  0.526     0.00     0.00     0.00     0.00     0.00 -1 -2.34e-11      0.00 7.511e-01 2.485e-01 6.390e-05 1.864e-05 1.622e-04 -1.000 3.785e-04 -0.487 1.122 0.113 -0.496 -0.713 -0.817 -0.853
0.00034781 -1.65000 10.09342 0.7977447510 2.4179331616    0.789  2.145  3.6925  1.912    3  0.000  0.526     0.00     0.00     0.00     0.00     0.00 -1 -2.81e-11      0.00 7.511e-01 2.485e-01 6.390e-05 1.864e-05 1.622e-04 -1.000 3.786e-04 -0.594 1.047 0.018 -0.600 -0.820 -0.928 -0.965
0.00034781 -1.65000 10.09342 0.7977851629 2.4179473858    0.789  2.187  3.6905  1.862    3  0.000  0.526     0.00     0.00     0.00     0.00     0.00 -1 -3.37e-11      0.00 7.511e-01 2.485e-01 6.390e-05 1.864e-05 1.622e-04 -1.000 3.786e-04 -0.698 0.974 -0.074 -0.702 -0.926 -1.036 -1.074
0.00034781 -1.65000 10.09342 0.7978240252 2.4179610629    0.788  2.230  3.6884  1.810    3  0.000  0.526     0.00     0.00     0.00     0.00     0.00 -1 -4.07e-11      0.00 7.511e-01 2.485e-01 6.390e-05 1.864e-05 1.622e-04 -1.000 3.786e-04 -0.806 0.901 -0.168 -0.806 -1.035 -1.147 -1.187
0.00034781 -1.65000 10.09342 0.7978568077 2.4179725992    0.787  2.269  3.6864  1.762    3  0.000  0.526     0.00     0.00     0.00     0.00     0.00 -1 -4.82e-11      0.00 7.511e-01 2.485e-01 6.390e-05 1.864e-05 1.622e-04 -1.000 3.787e-04 -0.904 0.837 -0.252 -0.901 -1.133 -1.248 -1.289
0.00034781 -1.65000 10.09342 0.7978883386 2.4179836939    0.787  2.310  3.6844  1.713    3  0.000  0.526     0.00     0.00     0.00     0.00     0.00 -1 -5.73e-11      0.00 7.511e-01 2.485e-01 6.390e-05 1.864e-05 1.622e-04 -1.000 3.787e-04 -1.005 0.779 -0.339 -1.000 -1.235 -1.354 -1.396
0.00034781 -1.65000 10.09342 0.7979164720 2.4179935924    0.786  2.349  3.6823  1.666    3  0.000  0.526     0.00     0.00     0.00     0.00     0.00 -1 -6.75e-11      0.00 7.511e-01 2.485e-01 6.390e-05 1.864e-05 1.622e-04 -1.000 3.788e-04 -1.101 0.732 -0.420 -1.095 -1.334 -1.455 -1.498
0.00034781 -1.65000 10.09342 0.7979427576 2.4180028400    0.786  2.387  3.6803  1.619    3  0.000  0.526     0.00     0.00     0.00     0.00     0.00 -1 -7.93e-11      0.00 7.511e-01 2.485e-01 6.389e-05 1.864e-05 1.622e-04 -1.000 3.788e-04 -1.198 0.686 -0.501 -1.190 -1.433 -1.556 -1.601
0.00034781 -1.65000 10.09342 0.7979673147 2.4180114789    0.785  2.426  3.6782  1.572    3  0.000  0.526     0.00     0.00     0.00     0.00     0.00 -1 -9.32e-11      0.00 7.511e-01 2.485e-01 6.389e-05 1.864e-05 1.622e-04 -1.000 3.788e-04 -1.294 0.644 -0.579 -1.285 -1.531 -1.657 -1.703
0.00034781 -1.65000 10.09342 0.7979945540 2.4180210606    0.784  2.472  3.6756  1.515    3  0.000  0.526     0.00     0.00     0.00     0.00     0.00 -1 -1.13e-10      0.00 7.511e-01 2.485e-01 6.389e-05 1.864e-05 1.622e-04 -1.000 3.788e-04 -1.410 0.600 -0.671 -1.397 -1.649 -1.778 -1.825
0.00034781 -1.65000 10.09342 0.7980151176 2.4180282936    0.783  2.509  3.6735  1.469    3  0.000  0.526     7.11     5.62     3.98     3.08     2.49  3 -1.31e-10      0.00 7.511e-01 2.485e-01 6.389e-05 1.864e-05 1.622e-04 -1.000 3.788e-04 -1.503 0.571 -0.744 -1.488 -1.744 -1.876 -1.925
0.00034781 -1.65000 10.09342 0.7980378866 2.4180363017    0.782  2.553  3.6711  1.414    3  0.000  0.526     7.98     6.20     4.38     3.39     2.74  3 -1.57e-10      0.00 7.511e-01 2.485e-01 6.389e-05 1.864e-05 1.622e-04 -1.000 3.789e-04 -1.613 0.543 -0.827 -1.595 -1.858 -1.993 -2.043
0.00034781 -1.65000 10.09342 0.7980589271 2.4180437015    0.781  2.598  3.6685  1.359    3  0.000  0.526     8.97     6.85     4.81     3.74     3.02  3 -1.88e-10      0.00 7.511e-01 2.485e-01 6.389e-05 1.864e-05 1.622e-04 -1.000 3.790e-04 -1.724 0.522 -0.907 -1.702 -1.971 -2.109 -2.162
0.00034781 -1.65000 10.09342 0.7980790138 2.4180507654    0.780  2.643  3.6658  1.302    3  0.000  0.526    10.11     7.59     5.31     4.12     3.34  3 -2.26e-10      0.00 7.511e-01 2.485e-01 6.389e-05 1.864e-05 1.622e-04 -1.000 3.790e-04 -1.838 0.506 -0.988 -1.811 -2.086 -2.229 -2.283
0.00034781 -1.65000 10.09342 0.7980957031 2.4180566343    0.779  2.684  3.6633  1.251    3  0.000  0.526    11.27     8.32     5.80     4.51     3.65  3 -2.66e-10      0.00 7.511e-01 2.485e-01 6.389e-05 1.865e-05 1.622e-04 -1.000 3.790e-04 -1.940 0.502 -1.057 -1.908 -2.189 -2.336 -2.392
0.00034781 -1.65000 10.09342 0.7981123924 2.4180625028    0.777  2.728  3.6606  1.195    3  0.000  0.526    12.66     9.19     6.38     4.97     4.02  2 -3.17e-10      0.00 7.511e-01 2.485e-01 6.389e-05 1.865e-05 1.622e-04 -1.000 3.790e-04 -2.049 0.502 -1.128 -2.011 -2.300 -2.451 -2.509
0.00034781 -1.65000 10.09342 0.7981269956 2.4180676376    0.775  2.769  3.6581  1.143    3  0.000  0.526    14.14    10.10     6.97     5.44     4.41  2 -3.74e-10      0.00 7.511e-01 2.485e-01 6.389e-05 1.865e-05 1.622e-04 -1.000 3.790e-04 -2.152 0.513 -1.191 -2.107 -2.404 -2.558 -2.618
0.00034781 -1.65000 10.09342 0.7981405854 2.4180724158    0.774  2.810  3.6554  1.091    3  0.000  0.526    15.79    11.09     7.63     5.96     4.83  2  -4.4e-10      0.00 7.511e-01 2.485e-01 6.389e-05 1.865e-05 1.622e-04 -1.000 3.790e-04 -2.254 0.495 -1.259 -2.199 -2.503 -2.662 -2.724
0.00034781 -1.65000 10.09342 0.7981532812 2.4180768796    0.772  2.850  3.6528  1.038    3  0.000  0.526    17.63    12.19     8.34     6.53     5.29  2 -5.17e-10      0.00 7.511e-01 2.485e-01 6.389e-05 1.865e-05 1.622e-04 -1.000 3.790e-04 -2.356 0.478 -1.326 -2.291 -2.603 -2.767 -2.831
0.00034781 -1.65000 10.09342 0.7981645465 2.4180808402    0.770  2.889  3.6503  0.989    3  0.000  0.526    19.58    13.32     9.08     7.12     5.77  2 -6.02e-10      0.00 7.511e-01 2.486e-01 6.389e-05 1.865e-05 1.622e-04 -1.000 3.790e-04 -2.452 0.465 -1.387 -2.377 -2.697 -2.865 -2.931
0.00034781 -1.65000 10.09342 0.7981754541 2.4180846750    0.768  2.929  3.6477  0.937    3  0.000  0.526    21.85    14.63     9.93     7.80     6.32  2 -7.06e-10      0.00 7.511e-01 2.486e-01 6.389e-05 1.865e-05 1.622e-04 -1.000 3.791e-04 -2.553 0.461 -1.445 -2.464 -2.793 -2.967 -3.035
0.00034781 -1.65000 10.09342 0.7981851101 2.4180880696    0.766  2.967  3.6452  0.888    3  0.000  0.526    24.21    15.96    10.80     8.49     6.88  1 -8.19e-10      0.00 7.511e-01 2.486e-01 6.389e-05 1.865e-05 1.622e-04 -1.000 3.790e-04 -2.647 0.458 -1.499 -2.546 -2.883 -3.062 -3.132
0.00034781 -1.65000 10.09342 0.7981940508 2.4180912127    0.763  3.004  3.6427  0.840    3  0.000  0.526    26.80    17.40    11.72     9.23     7.48  1 -9.48e-10      0.00 7.511e-01 2.486e-01 6.389e-05 1.865e-05 1.622e-04 -1.000 3.791e-04 -2.739 0.454 -1.552 -2.626 -2.972 -3.155 -3.228
0.00034781 -1.65000 10.09342 0.7982028723 2.4180943138    0.761  3.043  3.6400  0.789    3  0.000  0.526    29.86    19.07    12.79    10.09     8.18  1  -1.1e-09      0.00 7.511e-01 2.486e-01 6.389e-05 1.865e-05 1.622e-04 -1.000 3.791e-04 -2.836 0.454 -1.605 -2.709 -3.065 -3.253 -3.328
0.00034781 -1.65000 10.09342 0.7982103825 2.4180969539    0.758  3.077  3.6376  0.743    3  0.000  0.526    32.87    20.69    13.83    10.92     8.86  1 -1.27e-09      0.00 7.511e-01 2.486e-01 6.389e-05 1.865e-05 1.622e-04 -1.000 3.791e-04 -2.923 0.456 -1.649 -2.781 -3.146 -3.339 -3.416
0.00034781 -1.65000 10.09342 0.7982180715 2.4180996568    0.755  3.115  3.6350  0.693    3  0.000  0.526    36.50    22.62    15.05    11.90     9.66  1 -1.47e-09      0.00 7.511e-01 2.486e-01 6.389e-05 1.865e-05 1.622e-04 -1.000 3.791e-04 -3.017 0.456 -1.697 -2.860 -3.234 -3.433 -3.513
0.00034781 -1.65000 10.09342 0.7982249856 2.4181020872    0.752  3.151  3.6325  0.645    3  0.000  0.526    40.38    24.64    16.33    12.93    10.50  1 -1.69e-09      0.00 7.511e-01 2.486e-01 6.389e-05 1.865e-05 1.622e-04 -1.000 3.791e-04 -3.107 0.461 -1.740 -2.933 -3.317 -3.522 -3.604
0.00034781 -1.65000 10.09342 0.7982315421 2.4181043919    0.748  3.186  3.6301  0.598    3  0.000  0.526    44.58    26.79    17.69    14.03    11.39  1 -1.95e-09      0.00 7.511e-01 2.486e-01 6.389e-05 1.865e-05 1.622e-04 -1.000 3.791e-04 -3.195 0.462 -1.784 -3.006 -3.400 -3.610 -3.694
0.00034781 -1.65000 10.09342 0.7982377410 2.4181065708    0.744  3.222  3.6276  0.550    3  0.000  0.526    49.33    29.19    19.20    15.24    12.38  1 -2.24e-09      0.00 7.511e-01 2.486e-01 6.389e-05 1.865e-05 1.622e-04 -1.000 3.792e-04 -3.285 0.464 -1.826 -3.078 -3.482 -3.698 -3.784
0.00034781 -1.65000 10.09342 0.7982435226 2.4181086030    0.740  3.256  3.6252  0.504    3  0.000  0.526    54.34    31.67    20.75    16.50    13.40  1 -2.56e-09      0.00 7.511e-01 2.486e-01 6.389e-05 1.865e-05 1.622e-04 -1.000 3.791e-04 -3.370 0.466 -1.866 -3.147 -3.561 -3.782 -3.870
0.00034781 -1.65000 10.09342 0.7982499003 2.4181108447    0.735  3.292  3.6227  0.455    3  0.000  0.526    60.29    34.57    22.56    17.97    14.59  1 -2.98e-09      0.00 7.511e-01 2.486e-01 6.389e-05 1.865e-05 1.622e-04 -1.000 3.792e-04 -3.460 0.468 -1.901 -3.218 -3.644 -3.871 -3.962
0.00034781 -1.65000 10.09342 0.7982499003 2.4181108447    0.733  1.701  3.8194  2.832    4  0.000  0.527     0.00     0.00     0.00     0.00     0.00 -1    -1e-30      0.00 7.468e-01 2.528e-01 6.530e-05 1.904e-05 1.655e-04 -1.000 3.811e-04 0.518 1.159 0.618 0.482 0.483 0.503 0.519
0.00034781 -1.65000 10.09342 0.7982530594 2.4181119551    0.733  1.711  3.8158  2.807    4  0.000  0.527     0.00     0.00     0.00     0.00     0.00 -1    -1e-30      0.00 7.468e-01 2.528e-01 6.530e-05 1.904e-05 1.655e-04 -1.000 3.812e-04 0.492 1.147 0.601 0.454 0.449 0.466 0.481
0.00034781 -1.65000 10.09342 0.7983062267 2.4181306412    0.733  1.721  3.8130  2.786    4  0.000  0.527     0.00     0.00     0.00     0.00     0.00 -1    -1e-30      0.00 7.468e-01 2.528e-01 6.530e-05 1.904e-05 1.655e-04 -1.000 3.812e-04 0.469 1.135 0.586 0.429 0.419 0.433 0.448
0.00034781 -1.65000 10.09342 0.7983599305 2.4181495129    0.733  1.722  3.8136  2.788    4  0.000  0.527     0.00     0.00     0.00     0.00     0.00 -1    -1e-30      0.00 7.468e-01 2.528e-01 6.530e-05 1.904e-05 1.655e-04 -1.000 3.811e-04 0.466 1.130 0.581 0.426 0.418 0.433 0.448
0.00034781 -1.65000 10.09342 0.7984148264 2.4181688005    0.733  1.722  3.8146  2.791    4  0.000  0.527     0.00     0.00     0.00     0.00     0.00 -1    -1e-30      0.00 7.468e-01 2.528e-01 6.530e-05 1.904e-05 1.655e-04 -1.000 3.811e-04 0.465 1.125 0.578 0.426 0.419 0.435 0.450
0.00034781 -1.65000 10.09342 0.7984692454 2.4181879175    0.733  1.722  3.8159  2.797    4  0.000  0.527     0.00     0.00     0.00     0.00     0.00 -1    -1e-30      0.00 7.468e-01 2.528e-01 6.530e-05 1.904e-05 1.655e-04 -1.000 3.811e-04 0.465 1.120 0.574 0.427 0.422 0.439 0.455
0.00034781 -1.65000 10.09342 0.7985203862 2.4182058802    0.733  1.722  3.8175  2.803    4  0.000  0.527     0.00     0.00     0.00     0.00     0.00 -1    -1e-30      0.00 7.468e-01 2.528e-01 6.530e-05 1.904e-05 1.655e-04 -1.000 3.811e-04 0.466 1.114 0.570 0.429 0.427 0.445 0.461
0.00034781 -1.65000 10.09342 0.7985706925 2.4182235472    0.733  1.721  3.8191  2.811    4  0.000  0.527     0.00     0.00     0.00     0.00     0.00 -1    -1e-30      0.00 7.468e-01 2.528e-01 6.530e-05 1.904e-05 1.655e-04 -1.000 3.811e-04 0.467 1.109 0.567 0.431 0.432 0.451 0.468
0.00034781 -1.65000 10.09342 0.7986215949 2.4182414209    0.733  1.720  3.8210  2.819    4  0.000  0.527     0.00     0.00     0.00     0.00     0.00 -1    -1e-30      0.00 7.468e-01 2.528e-01 6.530e-05 1.904e-05 1.655e-04 -1.000 3.811e-04 0.469 1.103 0.563 0.434 0.438 0.458 0.476
0.00034781 -1.65000 10.09342 0.7986747622 2.4182600872    0.733  1.720  3.8230  2.828    4  0.000  0.527     0.00     0.00     0.00     0.00     0.00 -1    -1e-30      0.00 7.468e-01 2.528e-01 6.530e-05 1.904e-05 1.655e-04 -1.000 3.812e-04 0.471 1.097 0.559 0.437 0.445 0.466 0.484
0.00034781 -1.65000 10.09342 0.7987272143 2.4182784995    0.733  1.719  3.8248  2.835    4  0.000  0.527     0.00     0.00     0.00     0.00     0.00 -1    -1e-30      0.00 7.468e-01 2.528e-01 6.530e-05 1.904e-05 1.655e-04 -1.000 3.811e-04 0.472 1.092 0.555 0.439 0.450 0.473 0.491
0.00034781 -1.65000 10.09342 0.7987812161 2.4182974529    0.733  1.719  3.8263  2.842    4  0.000  0.527     0.00     0.00     0.00     0.00     0.00 -1    -1e-30      0.00 7.468e-01 2.528e-01 6.530e-05 1.904e-05 1.655e-04 -1.000 3.811e-04 0.474 1.087 0.552 0.441 0.455 0.479 0.498
0.00034781 -1.65000 10.09342 0.7988348007 2.4183162570    0.733  1.718  3.8275  2.847    4  0.000  0.527     0.00     0.00     0.00     0.00     0.00 -1    -1e-30      0.00 7.468e-01 2.528e-01 6.530e-05 1.904e-05 1.655e-04 -1.000 3.811e-04 0.474 1.083 0.549 0.442 0.459 0.483 0.502
0.00034781 -1.65000 10.09342 0.7988877296 2.4183348282    0.733  1.718  3.8282  2.850    4  0.000  0.527     0.00     0.00     0.00     0.00     0.00 -1    -1e-30      0.00 7.468e-01 2.528e-01 6.530e-05 1.904e-05 1.655e-04 -1.000 3.811e-04 0.474 1.080 0.547 0.443 0.460 0.485 0.504
0.00034781 -1.65000 10.09342 0.7989389896 2.4183528110    0.733  1.719  3.8282  2.849    4  0.000  0.527     0.00     0.00     0.00     0.00     0.00 -1    -1e-30      0.00 7.468e-01 2.528e-01 6.530e-05 1.904e-05 1.655e-04 -1.000 3.811e-04 0.473 1.079 0.546 0.442 0.459 0.484 0.504
0.00034781 -1.65000 10.09342 0.7989614010 2.4183606725    0.733  1.719  3.8283  2.850    4  0.000  0.527     0.00     0.00     0.00     0.00     0.00 -1    -1e-30      0.00 7.468e-01 2.528e-01 6.530e-05 1.904e-05 1.655e-04 -1.000 3.811e-04 0.473 1.078 0.546 0.442 0.459 0.484 0.504
0.00034781 -1.65000 10.09342 0.7989731431 2.4183647912    0.733  1.719  3.8281  2.849    4  0.000  0.527     0.00     0.00     0.00     0.00     0.00 -1    -1e-30      0.00 7.468e-01 2.528e-01 6.530e-05 1.904e-05 1.655e-04 -1.000 3.811e-04 0.472 1.079 0.546 0.441 0.458 0.483 0.502
0.00034781 -1.65000 10.09342 0.7990245223 2.4183828114    0.733  1.720  3.8272  2.844    4  0.000  0.527     0.00     0.00     0.00     0.00     0.00 -1    -1e-30      0.00 7.468e-01 2.528e-01 6.530e-05 1.904e-05 1.655e-04 -1.000 3.811e-04 0.470 1.080 0.546 0.438 0.454 0.478 0.497
0.00034781 -1.65000 10.09342 0.7990766168 2.4184010798    0.733  1.721  3.8257  2.837    4  0.000  0.527     0.00     0.00     0.00     0.00     0.00 -1    -1e-30      0.00 7.468e-01 2.528e-01 6.530e-05 1.904e-05 1.655e-04 -1.000 3.811e-04 0.467 1.082 0.547 0.434 0.447 0.470 0.489
0.00034781 -1.65000 10.09342 0.7991277575 2.4184190111    0.734  1.723  3.8235  2.827    4  0.000  0.527     0.00     0.00     0.00     0.00     0.00 -1    -1e-30      0.00 7.468e-01 2.528e-01 6.530e-05 1.904e-05 1.655e-04 -1.000 3.811e-04 0.463 1.086 0.549 0.428 0.438 0.459 0.477
0.00034781 -1.65000 10.09342 0.7991781831 2.4184366891    0.734  1.725  3.8208  2.814    4  0.000  0.527     0.00     0.00     0.00     0.00     0.00 -1    -1e-30      0.00 7.468e-01 2.528e-01 6.530e-05 1.904e-05 1.655e-04 -1.000 3.811e-04 0.457 1.092 0.551 0.422 0.426 0.446 0.463
0.00034781 -1.65000 10.09342 0.7992283702 2.4184542809    0.734  1.728  3.8174  2.798    4  0.000  0.527     0.00     0.00     0.00     0.00     0.00 -1    -1e-30      0.00 7.468e-01 2.528e-01 6.530e-05 1.904e-05 1.655e-04 -1.000 3.811e-04 0.451 1.099 0.555 0.413 0.412 0.429 0.445
0.00034781 -1.65000 10.09342 0.7992781997 2.4184717448    0.734  1.730  3.8135  2.779    4  0.000  0.527     0.00     0.00     0.00     0.00     0.00 -1    -1e-30      0.00 7.468e-01 2.528e-01 6.530e-05 1.904e-05 1.655e-04 -1.000 3.811e-04 0.444 1.108 0.559 0.404 0.395 0.410 0.425
0.00034781 -1.65000 10.09342 0.7993281484 2.4184892480    0.734  1.734  3.8091  2.758    4  0.000  0.527     0.00     0.00     0.00     0.00     0.00 -1    -1e-30      0.00 7.468e-01 2.528e-01 6.530e-05 1.904e-05 1.655e-04 -1.000 3.811e-04 0.436 1.119 0.565 0.394 0.377 0.389 0.403
0.00034781 -1.65000 10.09342 0.7993328571 2.4184908979    0.734  1.734  3.8087  2.756    4  0.000  0.527     0.00     0.00     0.00     0.00     0.00 -1    -1e-30      0.00 7.468e-01 2.528e-01 6.530e-05 1.904e-05 1.655e-04 -1.000 3.811e-04 0.435 1.120 0.565 0.393 0.375 0.387 0.400
0.00034781 -1.65000 10.09342 0.7993412018 2.4184938218    0.734  1.735  3.8079  2.753    4  0.000  0.527     0.00     0.00     0.00     0.00     0.00 -1    -1e-30      0.00 7.468e-01 2.528e-01 6.530e-05 1.904e-05 1.655e-04 -1.000 3.811e-04 0.433 1.122 0.566 0.391 0.372 0.383 0.396
0.00034781 -1.65000 10.09342 0.7993905544 2.4185111130    0.734  1.738  3.8032  2.730    4  0.000  0.527     0.00     0.00     0.00     0.00     0.00 -1    -1e-30      0.00 7.468e-01 2.528e-01 6.530e-05 1.904e-05 1.655e-04 -1.000 3.811e-04 0.424 1.135 0.572 0.380 0.353 0.360 0.372
0.00034781 -1.65000 10.09342 0.7994385958 2.4185279424    0.734  1.743  3.7985  2.707    4  0.000  0.527     0.00     0.00     0.00     0.00     0.00 -1    -1e-30      0.00 7.468e-01 2.528e-01 6.530e-05 1.904e-05 1.655e-04 -1.000 3.811e-04 0.414 1.148 0.578 0.368 0.333 0.337 0.347
0.00034781 -1.65000 10.09342 0.7994900346 2.4185459594    0.734  1.747  3.7933  2.682    4  0.000  0.527     0.00     0.00     0.00     0.00     0.00 -1    -1e-30      0.00 7.468e-01 2.528e-01 6.530e-05 1.904e-05 1.655e-04 -1.000 3.811e-04 0.402 1.162 0.584 0.355 0.311 0.310 0.318
0.00034781 -1.65000 10.09342 0.7995389700 2.4185630971    0.734  1.752  3.7883  2.656    4  0.000  0.527     0.00     0.00     0.00     0.00     0.00 -1    -1e-30      0.00 7.468e-01 2.528e-01 6.530e-05 1.904e-05 1.655e-04 -1.000 3.812e-04 0.389 1.176 0.589 0.342 0.288 0.283 0.290
0.00034781 -1.65000 10.09342 0.7995858192 2.4185795020    0.734  1.758  3.7839  2.634    4  0.000  0.527     0.00     0.00     0.00     0.00     0.00 -1    -1e-30      0.00 7.468e-01 2.528e-01 6.530e-05 1.904e-05 1.655e-04 -1.000 3.811e-04 0.376 1.187 0.591 0.329 0.268 0.259 0.264
0.00034781 -1.65000 10.09342 0.7996342182 2.4185964471    0.734  1.763  3.7793  2.610    4  0.000  0.527     0.00     0.00     0.00     0.00     0.00 -1    -1e-30      0.00 7.468e-01 2.528e-01 6.530e-05 1.904e-05 1.655e-04 -1.000 3.811e-04 0.362 1.198 0.593 0.314 0.245 0.232 0.235
0.00034781 -1.65000 10.09342 0.7996816635 2.4186130561    0.734  1.769  3.7752  2.588    4  0.000  0.527     0.00     0.00     0.00     0.00     0.00 -1    -1e-30      0.00 7.468e-01 2.528e-01 6.530e-05 1.904e-05 1.655e-04 -1.000 3.811e-04 0.347 1.210 0.594 0.300 0.223 0.207 0.208
0.00034781 -1.65000 10.09342 0.7997296453 2.4186298506    0.734  1.775  3.7715  2.567    4  0.000  0.527     0.00     0.00     0.00     0.00     0.00 -1    -1e-30      0.00 7.468e-01 2.528e-01 6.530e-05 1.904e-05 1.655e-04 -1.000 3.811e-04 0.333 1.219 0.592 0.285 0.202 0.182 0.182
0.00034781 -1.65000 10.09342 0.7997776270 2.4186466427    0.734  1.781  3.7680  2.547    4  0.000  0.527     0.00     0.00     0.00     0.00     0.00 -1    -1e-30      0.00 7.468e-01 2.528e-01 6.530e-05 1.904e-05 1.655e-04 -1.000 3.811e-04 0.316 1.225 0.589 0.269 0.180 0.156 0.155
0.00034781 -1.65000 10.09342 0.7998259664 2.4186635577    0.734  1.790  3.7643  2.523    4  0.000  0.527     0.00     0.00     0.00     0.00     0.00 -1    -1e-30      0.00 7.468e-01 2.528e-01 6.530e-05 1.904e-05 1.655e-04 -1.000 3.811e-04 0.296 1.229 0.582 0.249 0.153 0.126 0.123
0.00034781 -1.65000 10.09342 0.7998356223 2.4186669362    0.734  1.788  3.7649  2.527    4  0.000  0.527     0.00     0.00     0.00     0.00     0.00 -1    -1e-30      0.00 7.468e-01 2.528e-01 6.530e-05 1.904e-05 1.655e-04 -1.000 3.811e-04 0.300 1.229 0.584 0.253 0.158 0.131 0.129
0.00034781 -1.65000 10.09342 0.7998852134 2.4186842863    0.734  1.800  3.7603  2.498    4  0.000  0.527     0.00     0.00     0.00     0.00     0.00 -1    -1e-30      0.00 7.468e-01 2.528e-01 6.530e-05 1.904e-05 1.655e-04 -1.000 3.811e-04 0.271 1.230 0.572 0.224 0.122 0.091 0.086
0.00034781 -1.65000 10.09342 0.7999339700 2.4187013420    0.734  1.815  3.7556  2.463    4  0.000  0.527     0.00     0.00     0.00     0.00     0.00 -1    -1e-30      0.00 7.468e-01 2.528e-01 6.530e-05 1.904e-05 1.655e-04 -1.000 3.812e-04 0.232 1.226 0.552 0.187 0.076 0.040 0.033
0.00034781 -1.65000 10.09342 0.7999750972 2.4187157269    0.734  1.845  3.7484  2.404    4  0.000  0.527     0.00     0.00     0.00     0.00     0.00 -1    -1e-30      0.00 7.468e-01 2.528e-01 6.530e-05 1.904e-05 1.655e-04 -1.000 3.811e-04 0.157 1.204 0.504 0.112 -0.011 -0.054 -0.064
0.00034781 -1.65000 10.09342 0.7999973893 2.4187235233    0.735  1.883  3.7408  2.336    4  0.000  0.527     0.00     0.00     0.00     0.00     0.00 -1    -1e-30      0.00 7.468e-01 2.528e-01 6.530e-05 1.904e-05 1.655e-04 -1.000 3.811e-04 0.062 1.168 0.439 0.019 -0.117 -0.168 -0.181
0.00034781 -1.65000 10.09342 0.8000074029 2.4187270252    0.735  1.923  3.7338  2.268    4  0.000  0.527     0.00     0.00     0.00     0.00     0.00 -1    -1e-30      0.00 7.468e-01 2.528e-01 6.530e-05 1.904e-05 1.655e-04 -1.000 3.811e-04 -0.038 1.130 0.367 -0.079 -0.227 -0.286 -0.301
0.00034781 -1.65000 10.09342 0.8000118732 2.4187285886    0.735  1.964  3.7278  2.204    4  0.000  0.527     0.00     0.00     0.00     0.00     0.00 -1    -1e-30      0.00 7.468e-01 2.528e-01 6.530e-05 1.904e-05 1.655e-04 -1.000 3.812e-04 -0.139 1.086 0.291 -0.178 -0.336 -0.401 -0.420
0.00034781 -1.65000 10.09342 0.8000140190 2.4187293390    0.735  2.002  3.7230  2.146    4  0.000  0.527     0.00     0.00     0.00     0.00     0.00 -1    -1e-30      0.00 7.468e-01 2.528e-01 6.530e-05 1.904e-05 1.655e-04 -1.000 3.811e-04 -0.235 1.038 0.216 -0.272 -0.438 -0.508 -0.529
0.00034781 -1.65000 10.09342 0.8000148535 2.4187296308    0.735  2.025  3.7204  2.112    4  0.000  0.527     0.00     0.00     0.00     0.00     0.00 -1    -1e-30      0.00 7.468e-01 2.528e-01 6.530e-05 1.904e-05 1.655e-04 -1.000 3.811e-04 -0.293 1.006 0.169 -0.329 -0.499 -0.573 -0.595
0.00034781 -1.65000 10.09342 0.8000149131 2.4187296516    0.735  2.026  3.7203  2.112    7  0.000  0.527     0.00     0.00     0.00     0.00     0.00 -1    -1e-30      0.00 7.468e-01 2.528e-01 6.530e-05 1.904e-05 1.655e-04 -1.000 3.811e-04 -0.294 1.005 0.168 -0.330 -0.500 -0.574 -0.596
0.00034781 -1.65000 10.09342 0.8000158668 2.4187299851    0.735  2.065  3.7166  2.057    7  0.000  0.527     0.00     0.00     0.00     0.00     0.00 -1    -1e-30      0.00 7.468e-01 2.528e-01 6.530e-05 1.904e-05 1.655e-04 -1.000 3.811e-04 -0.393 0.947 0.087 -0.427 -0.603 -0.681 -0.705
0.00034781 -1.65000 10.09342 0.8000168800 2.4187303395    0.735  2.103  3.7134  2.007    7  0.000  0.527     0.00     0.00     0.00     0.00     0.00 -1    -1e-30      0.00 7.468e-01 2.528e-01 6.530e-05 1.904e-05 1.655e-04 -1.000 3.811e-04 -0.487 0.890 0.008 -0.518 -0.700 -0.782 -0.808
0.00034781 -1.65000 10.09342 0.8000177145 2.4187306313    0.735  2.129  3.7113  1.972    7  0.000  0.527     0.00     0.00     0.00     0.00     0.00 -1    -1e-30      0.00 7.468e-01 2.528e-01 6.530e-05 1.904e-05 1.655e-04 -1.000 3.811e-04 -0.553 0.849 -0.048 -0.583 -0.769 -0.853 -0.880
0.00034781 -1.65000 10.09342 0.8000186682 2.4187309648    0.735  2.151  3.7097  1.944    7  0.000  0.527     0.00     0.00     0.00     0.00     0.00 -1    -1e-30      0.00 7.468e-01 2.528e-01 6.530e-05 1.904e-05 1.655e-04 -1.000 3.811e-04 -0.606 0.816 -0.093 -0.636 -0.824 -0.910 -0.938
0.00034781 -1.65000 10.09342 0.8000200391 2.4187314442    0.735  2.165  3.7087  1.926    7  0.000  0.527     0.00     0.00     0.00     0.00     0.00 -1    -1e-30      0.00 7.468e-01 2.528e-01 6.530e-05 1.904e-05 1.655e-04 -1.000 3.811e-04 -0.643 0.793 -0.124 -0.671 -0.862 -0.949 -0.977
0.00034781 -1.65000 10.09342 0.8000226021 2.4187323405    0.735  2.155  3.7096  1.940    7  0.000  0.527     0.00     0.00     0.00     0.00     0.00 -1    -1e-30      0.00 7.468e-01 2.528e-01 6.530e-05 1.904e-05 1.655e-04 -1.000 3.812e-04 -0.616 0.808 -0.102 -0.645 -0.834 -0.921 -0.948
0.00034781 -1.65000 10.09342 0.8000268340 2.4187338204    0.735  2.139  3.7107  1.960    7  0.000  0.527     0.00     0.00     0.00     0.00     0.00 -1    -1e-30      0.00 7.468e-01 2.528e-01 6.530e-05 1.904e-05 1.655e-04 -1.000 3.811e-04 -0.576 0.833 -0.068 -0.606 -0.793 -0.878 -0.905
0.00034781 -1.65000 10.09342 0.8000525832 2.4187428244    0.735  2.154  3.7092  1.939    7  0.000  0.527     0.00     0.00     0.00     0.00     0.00 -1    -1e-30      0.00 7.468e-01 2.528e-01 6.530e-05 1.904e-05 1.655e-04 -1.000 3.811e-04 -0.616 0.813 -0.100 -0.645 -0.834 -0.921 -0.949
0.00034781 -1.65000 10.09342 0.8000682592 2.4187483057    0.735  2.176  3.7074  1.910    7  0.000  0.527     0.00     0.00     0.00     0.00     0.00 -1    -1e-30      0.00 7.468e-01 2.528e-01 6.530e-05 1.904e-05 1.655e-04 -1.000 3.811e-04 -0.670 0.783 -0.144 -0.697 -0.890 -0.979 -1.008
0.00034781 -1.65000 10.09342 0.8000872135 2.4187549329    0.735  2.218  3.7042  1.855    7  0.000  0.527     0.00     0.00     0.00     0.00     0.00 -1    -1e-30      0.00 7.468e-01 2.528e-01 6.530e-05 1.904e-05 1.655e-04 -1.000 3.811e-04 -0.774 0.723 -0.230 -0.798 -0.997 -1.090 -1.120
0.00034781 -1.65000 10.09342 0.8001065254 2.4187616849    0.735  2.263  3.7008  1.796    7  0.000  0.527     0.00     0.00     0.00     0.00     0.00 -1    -1e-30      0.00 7.468e-01 2.528e-01 6.530e-05 1.904e-05 1.655e-04 -1.000 3.811e-04 -0.887 0.656 -0.324 -0.908 -1.113 -1.210 -1.243
0.00034781 -1.65000 10.09342 0.8001239896 2.4187677904    0.735  2.307  3.6977  1.740    7  0.000  0.527     0.00     0.00     0.00     0.00     0.00 -1    -1e-30      0.00 7.468e-01 2.528e-01 6.530e-05 1.904e-05 1.655e-04 -1.000 3.811e-04 -0.996 0.593 -0.415 -1.013 -1.224 -1.325 -1.359
0.00034781 -1.65000 10.09342 0.8001393676 2.4187731664    0.735  2.349  3.6947  1.686    7  0.000  0.527     0.00     0.00     0.00     0.00     0.00 -1    -1e-30      0.00 7.468e-01 2.528e-01 6.529e-05 1.904e-05 1.655e-04 -1.000 3.748e-04 -1.102 0.532 -0.503 -1.115 -1.332 -1.437 -1.473
0.00034781 -1.65000 10.09342 0.8001529574 2.4187779171    0.735  2.391  3.6918  1.632    7  0.000  0.527     0.00     0.00     0.00     0.00     0.00 -1    -1e-30      0.00 7.468e-01 2.528e-01 6.528e-05 1.904e-05 1.655e-04 -1.000 3.728e-04 -1.208 0.472 -0.589 -1.217 -1.439 -1.547 -1.585
0.00034781 -1.65000 10.09342 0.8001649380 2.4187821050    0.735  2.433  3.6889  1.579    7  0.000  0.526     0.00     0.00     0.00     0.00     0.00 -1    -1e-30      0.00 7.468e-01 2.528e-01 6.521e-05 1.907e-05 1.655e-04 -1.000 3.729e-04 -1.312 0.414 -0.675 -1.316 -1.544 -1.657 -1.696
0.00034781 -1.65000 10.09342 0.8001755476 2.4187858136    0.735  2.474  3.6861  1.526    7  0.000  0.523     0.00     0.00     0.00     0.00     0.00 -1    -1e-30      0.00 7.468e-01 2.528e-01 6.497e-05 1.921e-05 1.655e-04 -1.000 3.735e-04 -1.415 0.358 -0.759 -1.414 -1.648 -1.764 -1.805
0.00034781 -1.65000 10.09342 0.8001852036 2.4187891888    0.735  2.516  3.6832  1.473    7  0.000  0.516     6.90     5.49     3.89     3.02     2.44  3    -1e-30      0.00 7.468e-01 2.528e-01 6.434e-05 1.973e-05 1.655e-04 -1.000 3.812e-04 -1.520 0.322 -0.841 -1.517 -1.755 -1.875 -1.918
0.00034781 -1.65000 10.09342 0.8001939654 2.4187922513    0.735  2.558  3.6803  1.419    7  0.000  0.506     7.73     6.04     4.27     3.31     2.68  3    -1e-30      0.00 7.468e-01 2.529e-01 6.320e-05 2.090e-05 1.655e-04 -1.000 3.812e-04 -1.624 0.294 -0.921 -1.619 -1.864 -1.987 -2.032
0.00034781 -1.65000 10.09342 0.8002021909 2.4187951263    0.735  2.600  3.6773  1.365    7  0.000  0.493     8.68     6.67     4.69     3.64     2.95  3    -1e-30      0.00 7.467e-01 2.529e-01 6.166e-05 2.270e-05 1.656e-04 -1.000 3.812e-04 -1.730 0.274 -0.999 -1.722 -1.973 -2.100 -2.147
0.00034781 -1.65000 10.09342 0.8002098799 2.4187978137    0.735  2.643  3.6743  1.311    7  0.000  0.481     9.74     7.36     5.15     4.01     3.24  3    -1e-30      0.00 7.467e-01 2.530e-01 6.009e-05 2.461e-05 1.656e-04 -1.000 3.576e-04 -1.836 0.263 -1.073 -1.824 -2.082 -2.213 -2.262
0.00034781 -1.65000 10.09342 0.8002171516 2.4188003553    0.735  2.685  3.6712  1.256    7  0.000  0.470    10.95     8.12     5.66     4.41     3.57  2    -1e-30      0.00 7.465e-01 2.531e-01 5.870e-05 2.632e-05 1.655e-04 -1.000 3.811e-04 -1.943 0.259 -1.146 -1.927 -2.191 -2.327 -2.377
0.00034781 -1.65000 10.09342 0.8002241254 2.4188027926    0.735  2.727  3.6682  1.202    7  0.000  0.460    12.29     8.96     6.21     4.85     3.93  2    -1e-30      0.00 7.465e-01 2.532e-01 5.750e-05 2.779e-05 1.655e-04 -1.000 3.812e-04 -2.048 0.263 -1.214 -2.027 -2.299 -2.439 -2.492
0.00034781 -1.65000 10.09342 0.8002308607 2.4188051465    0.735  2.769  3.6651  1.147    7  0.000  0.452    13.80     9.89     6.83     5.34     4.32  2    -1e-30      0.00 7.463e-01 2.533e-01 5.649e-05 2.903e-05 1.655e-04 -1.000 3.812e-04 -2.154 0.275 -1.280 -2.127 -2.407 -2.551 -2.606
0.00034781 -1.65000 10.09342 0.8002368808 2.4188072505    0.735  2.812  3.6620  1.093    7  0.000  0.445    15.50    10.91     7.50     5.87     4.76  2    -1e-30      0.00 7.462e-01 2.534e-01 5.560e-05 3.012e-05 1.655e-04 -1.000 3.812e-04 -2.259 0.294 -1.342 -2.226 -2.514 -2.663 -2.720
0.00034781 -1.65000 10.09342 0.8002418876 2.4188090003    0.735  2.852  3.6591  1.041    7  0.000  0.439    17.31    11.98     8.20     6.43     5.21  2    -1e-30      0.00 7.461e-01 2.535e-01 5.489e-05 3.100e-05 1.654e-04 -1.000 3.812e-04 -2.359 0.325 -1.396 -2.318 -2.615 -2.769 -2.828
0.00034781 -1.65000 10.09342 0.8002461195 2.4188104792    0.735  2.891  3.6561  0.989    7  0.000  0.435    19.33    13.16     8.97     7.04     5.71  2    -1e-30      0.00 7.460e-01 2.537e-01 5.427e-05 3.177e-05 1.653e-04 -1.000 3.812e-04 -2.459 0.335 -1.453 -2.407 -2.713 -2.872 -2.934
0.00034781 -1.65000 10.09342 0.8002497554 2.4188117499    0.735  2.932  3.6530  0.937    7  0.000  0.431    21.61    14.47     9.82     7.72     6.26  1    -1e-30      0.00 7.458e-01 2.538e-01 5.370e-05 3.247e-05 1.652e-04 -1.000 3.578e-04 -2.559 0.339 -1.508 -2.494 -2.810 -2.975 -3.039
0.00034781 -1.65000 10.09342 0.8002532125 2.4188129580    0.735  2.975  3.6496  0.880    7  0.000  0.427    24.40    16.04    10.83     8.53     6.92  1    -1e-30      0.00 7.457e-01 2.540e-01 5.320e-05 3.314e-05 1.651e-04 -1.000 3.812e-04 -2.668 0.345 -1.566 -2.588 -2.915 -3.086 -3.153
0.00034781 -1.65000 10.09342 0.8002566695 2.4188141661    0.735  3.021  3.6460  0.819    7  0.000  0.425    27.76    17.90    12.03     9.49     7.69  1    -1e-30      0.00 7.455e-01 2.541e-01 5.279e-05 3.370e-05 1.649e-04 -1.000 3.811e-04 -2.783 0.353 -1.627 -2.685 -3.025 -3.203 -3.273
0.00034781 -1.65000 10.09342 0.8002597094 2.4188152284    0.735  3.068  3.6424  0.758    7  0.000  0.423    31.61    19.98    13.36    10.56     8.56  1    -1e-30      0.00 7.454e-01 2.543e-01 5.247e-05 3.419e-05 1.647e-04 -1.000 3.812e-04 -2.899 0.362 -1.687 -2.783 -3.134 -3.319 -3.392
0.00034781 -1.65000 10.09342 0.8002607822 2.4188156034    0.735  3.091  3.6405  0.727    7  0.000  0.422    33.73    21.12    14.09    11.14     9.03  1    -1e-30      0.00 7.453e-01 2.543e-01 5.232e-05 3.443e-05 1.645e-04 -1.000 3.812e-04 -2.956 0.369 -1.714 -2.830 -3.188 -3.377 -3.452
0.00034781 -1.65000 10.09342 0.8002609611 2.4188156659    0.735  3.110  3.6390  0.702    7  0.000  0.421    35.58    22.09    14.71    11.64     9.44  1    -1e-30      0.00 7.453e-01 2.543e-01 5.224e-05 3.460e-05 1.644e-04 -1.000 3.812e-04 -3.004 0.373 -1.738 -2.870 -3.233 -3.425 -3.501
0.00034781 -1.65000 10.09342 0.8002612591 2.4188157700    0.735  3.133  3.6372  0.672    7  0.000  0.421    37.99    23.36    15.51    12.29     9.97  1    -1e-30      0.00 7.451e-01 2.545e-01 5.211e-05 3.493e-05 1.642e-04 -1.000 3.812e-04 -3.063 0.378 -1.765 -2.918 -3.288 -3.483 -3.561
0.00034781 -1.65000 10.09342 0.8002617359 2.4188159366    0.735  3.164  3.6347  0.630    7  0.000  0.419    41.48    25.17    16.66    13.21    10.72  1    -1e-30      0.00 7.449e-01 2.547e-01 5.182e-05 3.556e-05 1.639e-04 -1.000 3.812e-04 -3.141 0.389 -1.798 -2.980 -3.359 -3.560 -3.640
0.00034781 -1.65000 10.09342 0.8002619743 2.4188160200    0.735  3.331  3.6212  0.410    8  0.537  0.405    66.29    37.47    24.36    19.43    15.78  1 -7.86e-07      0.00 7.378e-01 2.620e-01 4.907e-05 4.397e-05 1.645e-04 -1.000 2.932e-04 -3.557 0.437 -1.956 -3.301 -3.736 -3.968 -4.061
0.00034781 -1.65000 10.09342 0.8002620339 2.4188160408    0.734  3.156  3.6343  0.637    8  0.538  0.398    40.92    24.88    16.47    13.06    10.60  1 -3.54e-07      0.00 7.378e-01 2.620e-01 4.907e-05 4.397e-05 1.645e-04 -1.000 2.932e-04 -3.120 0.413 -1.774 -2.957 -3.337 -3.539 -3.619
0.00034781 -1.65000 10.09342 0.8002620935 2.4188160616    0.733  3.007  3.6467  0.835    8  0.538  0.398    26.82    17.38    11.69     9.22     7.48  1 -1.81e-07      0.00 7.378e-01 2.620e-01 4.907e-05 4.397e-05 1.645e-04 -1.000 2.932e-04 -2.748 0.362 -1.603 -2.653 -2.990 -3.166 -3.236
0.00034781 -1.65000 10.09342 0.8002622724 2.4188161241    0.731  2.810  3.6632  1.097    8  0.538  0.398    15.33    10.81     7.43     5.82     4.71  2 -7.49e-08      0.00 7.378e-01 2.620e-01 4.907e-05 4.397e-05 1.645e-04 -1.000 2.932e-04 -2.254 0.257 -1.352 -2.223 -2.509 -2.656 -2.712
0.00034781 -1.65000 10.09342 0.8002625704 2.4188162282    0.728  2.815  3.6627  1.087    8  0.538  0.398    15.63    10.99     7.55     5.91     4.79  2 -7.76e-08      0.00 7.378e-01 2.620e-01 4.907e-05 4.397e-05 1.645e-04 -1.000 2.932e-04 -2.268 0.266 -1.358 -2.236 -2.523 -2.671 -2.728
0.00034781 -1.65000 10.09342 0.8002628684 2.4188163324    0.724  2.912  3.6545  0.955    8  0.538  0.398    20.70    13.94     9.47     7.45     6.03  2 -1.22e-07      0.00 7.378e-01 2.620e-01 4.907e-05 4.397e-05 1.645e-04 -1.000 2.932e-04 -2.511 0.343 -1.479 -2.452 -2.764 -2.926 -2.989
0.00034781 -1.65000 10.09342 0.8002632260 2.4188164574    0.719  3.077  3.6406  0.732    8  0.538  0.398    33.24    20.82    13.89    10.99     8.91  1 -2.61e-07      0.00 7.378e-01 2.620e-01 4.907e-05 4.397e-05 1.645e-04 -1.000 2.932e-04 -2.922 0.399 -1.682 -2.796 -3.154 -3.342 -3.417
0.00034781 -1.65000 10.09342 0.8002637029 2.4188166240    0.713  3.220  3.6284  0.537    8  0.539  0.398    50.32    29.58    19.42    15.45    12.54  1 -5.13e-07      0.00 7.378e-01 2.620e-01 4.907e-05 4.397e-05 1.645e-04 -1.000 2.932e-04 -3.280 0.461 -1.829 -3.079 -3.481 -3.696 -3.781
0.00034781 -1.65000 10.09342 0.8002641797 2.4188167906    0.707  3.315  3.6203  0.405    8  0.539  0.398    66.50    37.42    24.31    19.41    15.76  1 -8.11e-07      0.00 7.378e-01 2.620e-01 4.907e-05 4.397e-05 1.645e-04 -1.000 2.933e-04 -3.518 0.500 -1.901 -3.255 -3.694 -3.928 -4.021
0.00034781 -1.65000 10.09342 0.8002647758 2.4188169989    0.700  3.368  3.6157  0.330    8  0.540  0.398    78.00    42.79    27.62    22.11    17.96  1 -1.06e-06      0.00 7.378e-01 2.620e-01 4.907e-05 4.397e-05 1.645e-04 -1.000 2.933e-04 -3.650 0.519 -1.931 -3.346 -3.808 -4.054 -4.152
0.00034781 -1.65000 10.09342 0.8002653718 2.4188172072    0.692  3.395  3.6132  0.288    8  0.540  0.398    85.23    46.06    29.63    23.75    19.29  1 -1.24e-06      0.00 7.378e-01 2.620e-01 4.907e-05 4.397e-05 1.645e-04 -1.000 2.933e-04 -3.719 0.532 -1.942 -3.393 -3.867 -4.120 -4.220
0.00034781 -1.65000 10.09342 0.8002660871 2.4188174572    0.684  3.413  3.6115  0.258    8  0.541  0.398    90.64    48.45    31.09    24.95    20.27  1 -1.39e-06      0.00 7.378e-01 2.620e-01 4.907e-05 4.397e-05 1.645e-04 -1.000 2.933e-04 -3.763 0.544 -1.947 -3.421 -3.904 -4.162 -4.264
0.00034781 -1.65000 10.09342 0.8002691269 2.4188185194    0.542 -9.999  4.0000  1.778    9  0.543  0.000     0.00     0.00     0.00     0.00     0.00 -1    -1e-30      0.00 7.378e-01 2.620e-01 4.907e-05 4.397e-05 1.645e-04 -1.000 2.932e-04 29.767 30.103 29.965 30.243 30.472 30.552 30.641
