# Zini     MH   logAge Mini        int_IMF         Mass   logL    logTe  logg  label   McoreTP C_O  period0  period1  period2  period3  period4  pmode  Mloss  tau1m   X   Y   Xc  Xn  Xo  Cexcess  Z 	 mbolmag  umag    gmag    rmag    imag    zmag    Ymag
0.00087196 -1.25000 10.02531 0.0900000036 1.0816895926    0.090 -3.207  3.4602  5.392    1  0.000  0.545     0.00     0.00     0.00     0.00     0.00 -1 -5.25e-17      0.00 7.472e-01 2.519e-01 1.620e-04 4.372e-05 3.965e-04 -1.000 9.012e-04 12.787 17.993 16.637 14.756 12.811 12.164 12.042
0.00087196 -1.25000 10.02531 0.0917269662 1.0980297417    0.092 -3.160  3.4670  5.380    1  0.000  0.545     0.00     0.00     0.00     0.00     0.00 -1 -5.87e-17      0.00 7.470e-01 2.521e-01 1.620e-04 4.372e-05 3.965e-04 -1.000 9.012e-04 12.669 17.861 16.370 14.499 12.668 12.054 11.932
0.00087196 -1.25000 10.02531 0.1000000015 1.1711064122    0.100 -2.945  3.4976  5.325    1  0.000  0.545     0.00     0.00     0.00     0.00     0.00 -1 -9.81e-17      0.00 7.459e-01 2.532e-01 1.620e-04 4.372e-05 3.965e-04 -1.000 9.011e-04 12.133 17.170 15.173 13.381 12.037 11.555 11.438
0.00087196 -1.25000 10.02531 0.1199999973 1.3193154249    0.120 -2.661  3.5300  5.250    1  0.000  0.545     0.00     0.00     0.00     0.00     0.00 -1 -1.88e-16      0.00 7.438e-01 2.553e-01 1.620e-04 4.372e-05 3.965e-04 -1.000 9.011e-04 11.423 16.062 13.857 12.203 11.260 10.882 10.772
0.00087196 -1.25000 10.02531 0.1400000006 1.4384526719    0.140 -2.480  3.5461  5.200    1  0.000  0.545     0.00     0.00     0.00     0.00     0.00 -1  -2.8e-16      0.00 7.423e-01 2.568e-01 1.620e-04 4.372e-05 3.965e-04 -1.000 9.011e-04 10.970 15.336 13.147 11.576 10.782 10.444 10.339
0.00087196 -1.25000 10.02531 0.1599999964 1.5372931554    0.160 -2.340  3.5565  5.160    1  0.000  0.545     0.00     0.00     0.00     0.00     0.00 -1 -3.77e-16      0.00 7.411e-01 2.580e-01 1.620e-04 4.372e-05 3.965e-04 -1.000 9.012e-04 10.621 14.798 12.645 11.129 10.421 10.105 10.003
0.00087196 -1.25000 10.02531 0.2000000179 1.6938791367    0.200 -2.120  3.5704  5.093    1  0.000  0.545     0.00     0.00     0.00     0.00     0.00 -1 -6.05e-16      0.00 7.397e-01 2.594e-01 1.620e-04 4.372e-05 3.965e-04 -1.000 9.013e-04 10.071 13.980 11.902 10.464 9.858 9.570 9.473
0.00087196 -1.25000 10.02531 0.2500000000 1.8403257998    0.250 -1.915  3.5816  5.030    1  0.000  0.545     0.00     0.00     0.00     0.00     0.00 -1 -3.58e-16      0.00 7.394e-01 2.597e-01 1.620e-04 4.372e-05 3.965e-04 -1.000 9.011e-04 9.559 13.259 11.250 9.880 9.336 9.068 8.976
0.00087196 -1.25000 10.02531 0.3000000417 1.9529140366    0.300 -1.758  3.5901  4.986    1  0.000  0.545     0.00     0.00     0.00     0.00     0.00 -1 -4.94e-16      0.00 7.396e-01 2.595e-01 1.620e-04 4.372e-05 3.965e-04 -1.000 9.011e-04 9.165 12.705 10.755 9.441 8.937 8.683 8.595
0.00087196 -1.25000 10.02531 0.3287046254 2.0070668295    0.329 -1.682  3.5944  4.967    1  0.000  0.545     0.00     0.00     0.00     0.00     0.00 -1  -1.5e-15      0.00 7.438e-01 2.553e-01 1.620e-04 4.372e-05 3.965e-04 -1.000 9.011e-04 8.976 12.442 10.518 9.232 8.745 8.497 8.411
0.00087196 -1.25000 10.02531 0.3499999940 2.0434174644    0.350 -1.630  3.5973  4.954    1  0.000  0.545     0.00     0.00     0.00     0.00     0.00 -1 -1.66e-15      0.00 7.465e-01 2.526e-01 1.620e-04 4.372e-05 3.965e-04 -1.000 9.011e-04 8.846 12.262 10.355 9.089 8.613 8.369 8.285
0.00087196 -1.25000 10.02531 0.4000000060 2.1185024399    0.400 -1.482  3.6083  4.908    1  0.000  0.545     0.00     0.00     0.00     0.00     0.00 -1  -2.3e-15      0.00 7.492e-01 2.499e-01 1.620e-04 4.372e-05 3.965e-04 -1.000 9.012e-04 8.476 11.708 9.866 8.673 8.234 8.008 7.930
0.00087196 -1.25000 10.02531 0.4500000179 2.1822809362    0.450 -1.307  3.6259  4.853    1  0.000  0.545     0.00     0.00     0.00     0.00     0.00 -1 -3.46e-15      0.00 7.492e-01 2.499e-01 1.620e-04 4.372e-05 3.965e-04 -1.000 9.012e-04 8.037 11.002 9.249 8.172 7.788 7.588 7.518
0.00087196 -1.25000 10.02531 0.5000000000 2.2374541529    0.500 -1.106  3.6536  4.810    1  0.000  0.545     0.00     0.00     0.00     0.00     0.00 -1 -5.48e-15      0.00 7.492e-01 2.499e-01 1.620e-04 4.372e-05 3.965e-04 -1.000 9.013e-04 7.536 10.090 8.483 7.585 7.278 7.121 7.065
0.00087196 -1.25000 10.02531 0.5500000715 2.2836583126    0.550 -0.890  3.6832  4.753    1  0.000  0.544     0.00     0.00     0.00     0.00     0.00 -1 -9.17e-15      0.00 7.797e-01 2.195e-01 1.436e-04 3.878e-05 3.518e-04 -1.000 8.050e-04 6.995 9.057 7.692 6.972 6.736 6.621 6.580
0.00087196 -1.25000 10.02531 0.6000000238 2.3211213258    0.600 -0.688  3.7109  4.700    1  0.000  0.544     0.00     0.00     0.00     0.00     0.00 -1 -1.48e-14      0.00 7.883e-01 2.110e-01 1.389e-04 3.749e-05 3.403e-04 -1.000 7.717e-04 6.490 8.124 7.016 6.427 6.240 6.160 6.134
0.00087196 -1.25000 10.02531 0.6063957214 2.3254036104    0.606 -0.662  3.7149  4.694    1  0.000  0.544     0.00     0.00     0.00     0.00     0.00 -1 -1.58e-14      0.00 7.894e-01 2.098e-01 1.382e-04 3.731e-05 3.387e-04 -1.000 7.666e-04 6.424 8.004 6.930 6.358 6.176 6.101 6.078
0.00087196 -1.25000 10.02531 0.6228643060 2.3359662618    0.623 -0.593  3.7252  4.678    1  0.000  0.544     0.00     0.00     0.00     0.00     0.00 -1 -1.86e-14      0.00 7.926e-01 2.066e-01 1.364e-04 3.684e-05 3.344e-04 -1.000 7.841e-04 6.253 7.702 6.712 6.180 6.015 5.952 5.934
0.00087196 -1.25000 10.02531 0.6380931139 2.3451778346    0.638 -0.530  3.7345  4.662    1  0.000  0.543     0.00     0.00     0.00     0.00     0.00 -1 -2.16e-14      0.00 7.957e-01 2.036e-01 1.346e-04 3.637e-05 3.303e-04 -1.000 7.401e-04 6.094 7.436 6.516 6.019 5.868 5.814 5.801
0.00087196 -1.25000 10.02531 0.6499999762 2.3520353107    0.650 -0.480  3.7416  4.649    1  0.000  0.543     0.00     0.00     0.00     0.00     0.00 -1 -2.44e-14      0.00 7.982e-01 2.011e-01 1.332e-04 3.600e-05 3.269e-04 -1.000 7.619e-04 5.970 7.235 6.366 5.893 5.753 5.707 5.697
0.00087196 -1.25000 10.02531 0.6603896022 2.3577872219    0.660 -0.436  3.7473  4.635    1  0.000  0.543     0.00     0.00     0.00     0.00     0.00 -1 -2.72e-14      0.00 8.009e-01 1.984e-01 1.317e-04 3.561e-05 3.234e-04 -1.000 7.260e-04 5.861 7.069 6.238 5.786 5.655 5.615 5.607
0.00087196 -1.25000 10.02531 0.6746910810 2.3653725684    0.675 -0.376  3.7549  4.615    1  0.000  0.543     0.00     0.00     0.00     0.00     0.00 -1 -3.16e-14      0.00 8.048e-01 1.945e-01 1.296e-04 3.503e-05 3.182e-04 -1.000 7.209e-04 5.710 6.844 6.062 5.639 5.520 5.488 5.484
0.00087196 -1.25000 10.02531 0.6882687211 2.3722395599    0.688 -0.318  3.7619  4.593    1  0.000  0.543     0.00     0.00     0.00     0.00     0.00 -1 -3.67e-14      0.00 8.087e-01 1.906e-01 1.274e-04 3.445e-05 3.131e-04 -1.000 7.210e-04 5.565 6.634 5.895 5.499 5.391 5.366 5.365
0.00087196 -1.25000 10.02531 0.6999999881 2.3779266974    0.700 -0.267  3.7677  4.573    1  0.000  0.542     0.00     0.00     0.00     0.00     0.00 -1 -4.19e-14      0.00 8.123e-01 1.870e-01 1.254e-04 3.392e-05 3.083e-04 -1.000 7.209e-04 5.438 6.459 5.752 5.377 5.278 5.259 5.260
0.00087196 -1.25000 10.02531 0.7004048824 2.3781190762    0.700 -0.266  3.7679  4.573    1  0.000  0.542     0.00     0.00     0.00     0.00     0.00 -1 -4.21e-14      0.00 8.125e-01 1.868e-01 1.253e-04 3.390e-05 3.081e-04 -1.000 7.207e-04 5.434 6.453 5.747 5.373 5.274 5.255 5.257
0.00087196 -1.25000 10.02531 0.7099438906 2.3825784724    0.710 -0.223  3.7724  4.554    1  0.000  0.540     0.00     0.00     0.00     0.00     0.00 -1 -4.71e-14      0.00 8.162e-01 1.831e-01 1.229e-04 3.334e-05 3.031e-04 -1.000 7.115e-04 5.328 6.311 5.629 5.271 5.179 5.165 5.168
0.00087196 -1.25000 10.02531 0.7189995050 2.3866862237    0.719 -0.182  3.7766  4.535    1  0.000  0.539     0.00     0.00     0.00     0.00     0.00 -1 -5.25e-14      0.00 8.200e-01 1.793e-01 1.205e-04 3.278e-05 2.982e-04 -1.000 6.701e-04 5.225 6.176 5.515 5.173 5.087 5.078 5.082
0.00087196 -1.25000 10.02531 0.7311605811 2.3920189914    0.731 -0.125  3.7819  4.507    1  0.000  0.537     0.00     0.00     0.00     0.00     0.00 -1 -6.13e-14      0.00 8.254e-01 1.740e-01 1.172e-04 3.197e-05 2.911e-04 -1.000 6.322e-04 5.083 5.997 5.360 5.037 4.959 4.955 4.961
0.00087196 -1.25000 10.02531 0.7423970103 2.3967681275    0.742 -0.070  3.7866  4.477    1  0.000  0.534     0.00     0.00     0.00     0.00     0.00 -1 -7.14e-14      0.00 8.306e-01 1.688e-01 1.139e-04 3.119e-05 2.841e-04 -1.000 6.208e-04 4.946 5.832 5.212 4.906 4.836 4.836 4.844
0.00087196 -1.25000 10.02531 0.7500000000 2.3998889087    0.750 -0.032  3.7897  4.456    1  0.000  0.533     0.00     0.00     0.00     0.00     0.00 -1 -7.95e-14      0.00 8.343e-01 1.651e-01 1.116e-04 3.063e-05 2.792e-04 -1.000 6.209e-04 4.850 5.717 5.108 4.814 4.748 4.751 4.760
0.00087196 -1.25000 10.02531 0.7583544254 2.4032352815    0.758  0.011  3.7927  4.429    1  0.000  0.532     0.00     0.00     0.00     0.00     0.00 -1 -9.01e-14      0.00 8.384e-01 1.610e-01 1.095e-04 3.006e-05 2.742e-04 -1.000 6.211e-04 4.741 5.592 4.992 4.709 4.648 4.654 4.664
0.00087196 -1.25000 10.02531 0.7690379024 2.4073929688    0.768  0.070  3.7965  4.391    1  0.000  0.532     0.00     0.00     0.00     0.00     0.00 -1 -1.07e-13      0.00 8.432e-01 1.562e-01 1.070e-04 2.941e-05 2.684e-04 -1.000 6.209e-04 4.594 5.424 4.835 4.566 4.511 4.521 4.532
0.00087196 -1.25000 10.02531 0.7785497308 2.4109844731    0.778  0.126  3.7998  4.354    1  0.000  0.531     0.00     0.00     0.00     0.00     0.00 -1 -1.26e-13      0.00 8.471e-01 1.523e-01 1.052e-04 2.891e-05 2.640e-04 -1.000 6.210e-04 4.454 5.266 4.687 4.429 4.379 4.392 4.405
0.00087196 -1.25000 10.02531 0.7873132229 2.4142052415    0.786  0.181  3.8025  4.315    1  0.000  0.531     0.00     0.00     0.00     0.00     0.00 -1 -1.49e-13      0.00 8.502e-01 1.491e-01 1.038e-04 2.853e-05 2.607e-04 -1.000 6.209e-04 4.317 5.115 4.542 4.295 4.249 4.265 4.278
0.00087196 -1.25000 10.02531 0.7954645753 2.4171278933    0.795  0.235  3.8048  4.274    1  0.000  0.530     0.00     0.00     0.00     0.00     0.00 -1 -1.75e-13      0.00 8.528e-01 1.466e-01 1.027e-04 2.825e-05 2.582e-04 -1.000 6.201e-04 4.183 4.970 4.401 4.162 4.120 4.138 4.152
0.00087196 -1.25000 10.02531 0.8000000119 2.4187244405    0.799  0.267  3.8057  4.249    1  0.000  0.530     0.00     0.00     0.00     0.00     0.00 -1 -1.93e-13      0.00 8.539e-01 1.455e-01 1.023e-04 2.814e-05 2.573e-04 -1.000 6.304e-04 4.103 4.885 4.318 4.083 4.043 4.062 4.076
0.00087196 -1.25000 10.02531 0.8036591411 2.4199974204    0.803  0.292  3.8066  4.229    1  0.000  0.530     0.00     0.00     0.00     0.00     0.00 -1 -2.09e-13      0.00 8.538e-01 1.455e-01 1.025e-04 2.820e-05 2.579e-04 -1.000 6.371e-04 4.039 4.817 4.251 4.020 3.981 4.001 4.015
0.00087196 -1.25000 10.02531 0.8107436895 2.4224245562    0.810  0.346  3.8077  4.183    1  0.000  0.530     0.00     0.00     0.00     0.00     0.00 -1  -2.5e-13      0.00 8.523e-01 1.471e-01 1.037e-04 2.855e-05 2.610e-04 -1.000 6.407e-04 3.904 4.675 4.111 3.885 3.849 3.869 3.884
0.00087196 -1.25000 10.02531 0.8109606504 2.4224981168    0.810  0.348  3.8077  4.181    1  0.000  0.530     0.00     0.00     0.00     0.00     0.00 -1 -2.52e-13      0.00 8.522e-01 1.472e-01 1.037e-04 2.856e-05 2.611e-04 -1.000 6.407e-04 3.900 4.671 4.107 3.880 3.845 3.865 3.879
0.00087196 -1.25000 10.02531 0.8131358624 2.4232331282    0.812  0.367  3.8076  4.163    1  0.000  0.530     0.00     0.00     0.00     0.00     0.00 -1 -2.68e-13      0.00 8.517e-01 1.477e-01 1.041e-04 2.867e-05 2.621e-04 -1.000 6.407e-04 3.853 4.624 4.060 3.833 3.797 3.818 3.832
0.00087196 -1.25000 10.02531 0.8193580508 2.4253108684    0.818  0.423  3.8063  4.105    1  0.000  0.530     0.00     0.00     0.00     0.00     0.00 -1 -3.23e-13      0.00 8.502e-01 1.492e-01 1.052e-04 2.897e-05 2.649e-04 -1.000 6.407e-04 3.713 4.488 3.921 3.691 3.654 3.673 3.687
0.00087196 -1.25000 10.02531 0.8245907426 2.4270303058    0.823  0.476  3.8034  4.043    1  0.000  0.530     0.00     0.00     0.00     0.00     0.00 -1 -3.91e-13      0.00 8.490e-01 1.504e-01 1.062e-04 2.923e-05 2.672e-04 -1.000 6.406e-04 3.581 4.366 3.793 3.555 3.514 3.530 3.543
0.00087196 -1.25000 10.02531 0.8254797459 2.4273199377    0.824  0.485  3.8027  4.031    1  0.000  0.530     0.00     0.00     0.00     0.00     0.00 -1 -4.06e-13      0.00 8.487e-01 1.506e-01 1.063e-04 2.927e-05 2.676e-04 -1.000 6.407e-04 3.557 4.345 3.770 3.531 3.488 3.504 3.516
0.00087196 -1.25000 10.02531 0.8271194100 2.4278522529    0.826  0.505  3.8005  4.003    2  0.000  0.530     0.00     0.00     0.00     0.00     0.00 -1 -4.39e-13      0.00 8.484e-01 1.510e-01 1.066e-04 2.935e-05 2.684e-04 -1.000 6.407e-04 3.506 4.304 3.724 3.478 3.433 3.446 3.458
0.00087196 -1.25000 10.02531 0.8303241134 2.4288856792    0.829  0.548  3.7942  3.938    2  0.000  0.530     0.00     0.00     0.00     0.00     0.00 -1 -5.19e-13      0.00 8.476e-01 1.518e-01 1.072e-04 2.951e-05 2.698e-04 -1.000 6.406e-04 3.400 4.227 3.632 3.366 3.312 3.319 3.329
0.00087196 -1.25000 10.02531 0.8326202035 2.4296204806    0.831  0.582  3.7868  3.874    2  0.000  0.530     0.00     0.00     0.00     0.00     0.00 -1 -6.03e-13      0.00 8.448e-01 1.546e-01 1.091e-04 3.004e-05 2.746e-04 -1.000 6.147e-04 3.315 4.179 3.564 3.274 3.208 3.208 3.215
0.00087196 -1.25000 10.02531 0.8343287110 2.4301642251    0.833  0.609  3.7784  3.815    2  0.000  0.531     0.00     0.00     0.00     0.00     0.00 -1 -6.88e-13      0.00 8.297e-01 1.697e-01 1.182e-04 3.249e-05 2.967e-04 -1.000 6.442e-04 3.247 4.159 3.518 3.199 3.120 3.112 3.116
0.00087196 -1.25000 10.02531 0.8359156251 2.4306669827    0.834  0.635  3.7681  3.749    2  0.000  0.533     0.00     0.00     0.00     0.00     0.00 -1 -7.87e-13      0.00 8.032e-01 1.960e-01 1.325e-04 3.632e-05 3.310e-04 -1.000 7.299e-04 3.182 4.163 3.482 3.129 3.034 3.015 3.015
0.00087196 -1.25000 10.02531 0.8370435834 2.4310230038    0.835  0.657  3.7592  3.691    2  0.000  0.535     0.00     0.00     0.00     0.00     0.00 -1 -8.85e-13      0.00 7.851e-01 2.141e-01 1.414e-04 3.871e-05 3.523e-04 -1.000 7.968e-04 3.127 4.172 3.454 3.069 2.960 2.933 2.929
0.00087196 -1.25000 10.02531 0.8380727172 2.4313468712    0.836  0.687  3.7509  3.629    2  0.000  0.536     0.00     0.00     0.00     0.00     0.00 -1 -1.02e-12      0.00 7.744e-01 2.247e-01 1.466e-04 4.010e-05 3.647e-04 -1.000 8.254e-04 3.053 4.163 3.407 2.993 2.872 2.836 2.829
0.00087196 -1.25000 10.02531 0.8388723135 2.4315978727    0.837  0.721  3.7451  3.572    2  0.000  0.536     0.00     0.00     0.00     0.00     0.00 -1 -1.17e-12      0.00 7.690e-01 2.301e-01 1.493e-04 4.081e-05 3.710e-04 -1.000 8.575e-04 2.968 4.126 3.343 2.909 2.778 2.736 2.726
0.00087196 -1.25000 10.02531 0.8396392465 2.4318381044    0.838  0.762  3.7403  3.512    2  0.000  0.537     0.00     0.00     0.00     0.00     0.00 -1 -1.38e-12      0.00 7.652e-01 2.339e-01 1.511e-04 4.129e-05 3.753e-04 -1.000 8.814e-04 2.864 4.059 3.255 2.806 2.668 2.620 2.609
0.00087196 -1.25000 10.02531 0.8397591710 2.4318756236    0.838  0.771  3.7398  3.502    2  0.000  0.537     0.00     0.00     0.00     0.00     0.00 -1 -1.42e-12      0.00 7.647e-01 2.344e-01 1.513e-04 4.135e-05 3.758e-04 -1.000 8.835e-04 2.843 4.043 3.236 2.785 2.647 2.598 2.586
0.00087196 -1.25000 10.02531 0.8403903842 2.4320728997    0.838  0.816  3.7370  3.446    3  0.000  0.537     0.00     0.00     0.00     0.00     0.00 -1 -1.68e-12      0.00 7.622e-01 2.369e-01 1.522e-04 4.161e-05 3.781e-04 -1.000 8.791e-04 2.730 3.955 3.134 2.673 2.531 2.479 2.466
0.00087196 -1.25000 10.02531 0.8409221172 2.4322388206    0.839  0.857  3.7349  3.396    3  0.000  0.537     0.00     0.00     0.00     0.00     0.00 -1 -1.96e-12      0.00 7.602e-01 2.389e-01 1.529e-04 4.179e-05 3.798e-04 -1.000 8.485e-04 2.627 3.870 3.038 2.571 2.425 2.371 2.357
0.00087196 -1.25000 10.02531 0.8415122032 2.4324226675    0.839  0.907  3.7328  3.338    3  0.000  0.537     0.00     0.00     0.00     0.00     0.00 -1 -2.35e-12      0.00 7.581e-01 2.411e-01 1.535e-04 4.197e-05 3.813e-04 -1.000 8.745e-04 2.502 3.764 2.921 2.448 2.299 2.242 2.227
0.00087196 -1.25000 10.02531 0.8420575261 2.4325923047    0.840  0.957  3.7309  3.281    3  0.000  0.537     0.00     0.00     0.00     0.00     0.00 -1 -2.81e-12      0.00 7.560e-01 2.431e-01 1.540e-04 4.212e-05 3.825e-04 -1.000 8.302e-04 2.377 3.655 2.803 2.324 2.172 2.113 2.096
0.00087196 -1.25000 10.02531 0.8426046968 2.4327622628    0.840  1.012  3.7291  3.219    3  0.000  0.536     0.00     0.00     0.00     0.00     0.00 -1 -3.42e-12      0.00 7.538e-01 2.453e-01 1.541e-04 4.229e-05 3.836e-04 -1.000 8.426e-04 2.241 3.534 2.673 2.189 2.034 1.973 1.956
0.00087196 -1.25000 10.02531 0.8430892229 2.4329125510    0.841  1.065  3.7274  3.160    3  0.000  0.534     0.00     0.00     0.00     0.00     0.00 -1 -4.14e-12      0.00 7.519e-01 2.473e-01 1.538e-04 4.260e-05 3.844e-04 -1.000 8.527e-04 2.108 3.417 2.548 2.058 1.901 1.838 1.819
0.00087196 -1.25000 10.02531 0.8435002565 2.4330398880    0.841  1.113  3.7259  3.105    3  0.000  0.531     0.00     0.00     0.00     0.00     0.00 -1 -4.93e-12      0.00 7.502e-01 2.490e-01 1.531e-04 4.315e-05 3.849e-04 -1.000 8.592e-04 1.987 3.310 2.432 1.938 1.778 1.714 1.694
0.00087196 -1.25000 10.02531 0.8438220024 2.4331394644    0.841  1.154  3.7246  3.059    3  0.000  0.527     0.00     0.00     0.00     0.00     0.00 -1 -5.72e-12      0.00 7.489e-01 2.502e-01 1.523e-04 4.388e-05 3.853e-04 -1.000 8.590e-04 1.884 3.218 2.335 1.836 1.675 1.608 1.588
0.00087196 -1.25000 10.02531 0.8441781998 2.4332496012    0.842  1.204  3.7230  3.003    3  0.000  0.523     0.00     0.00     0.00     0.00     0.00 -1 -6.83e-12      0.00 7.476e-01 2.516e-01 1.512e-04 4.508e-05 3.857e-04 -1.000 8.371e-04 1.760 3.109 2.217 1.714 1.550 1.482 1.461
0.00087196 -1.25000 10.02531 0.8445187807 2.4333548096    0.842  1.256  3.7212  2.944    3  0.000  0.518     0.00     0.00     0.00     0.00     0.00 -1 -8.24e-12      0.00 7.464e-01 2.528e-01 1.497e-04 4.665e-05 3.860e-04 -1.000 8.581e-04 1.630 2.996 2.094 1.585 1.418 1.348 1.326
0.00087196 -1.25000 10.02531 0.8448272347 2.4334500094    0.842  1.308  3.7194  2.885    3  0.000  0.513     0.00     0.00     0.00     0.00     0.00 -1 -9.92e-12      0.00 7.453e-01 2.538e-01 1.484e-04 4.822e-05 3.863e-04 -1.000 8.897e-04 1.501 2.885 1.973 1.458 1.288 1.216 1.193
0.00087196 -1.25000 10.02531 0.8450965285 2.4335330577    0.842  1.357  3.7177  2.829    3  0.000  0.509     0.00     0.00     0.00     0.00     0.00 -1 -1.19e-11      0.00 7.446e-01 2.545e-01 1.474e-04 4.948e-05 3.865e-04 -1.000 8.636e-04 1.378 2.781 1.858 1.337 1.164 1.089 1.065
0.00087196 -1.25000 10.02531 0.8453399539 2.4336080760    0.842  1.405  3.7159  2.774    3  0.000  0.506     0.00     0.00     0.00     0.00     0.00 -1 -1.41e-11      0.00 7.441e-01 2.550e-01 1.466e-04 5.042e-05 3.866e-04 -1.000 8.608e-04 1.257 2.679 1.745 1.217 1.042 0.965 0.940
0.00087196 -1.25000 10.02531 0.8455589414 2.4336755207    0.842  1.453  3.7140  2.719    3  0.000  0.504     0.00     0.00     0.00     0.00     0.00 -1 -1.68e-11      0.00 7.437e-01 2.554e-01 1.460e-04 5.111e-05 3.867e-04 -1.000 8.799e-04 1.138 2.579 1.635 1.100 0.922 0.842 0.816
0.00087196 -1.25000 10.02531 0.8457622528 2.4337381014    0.842  1.501  3.7121  2.663    3  0.000  0.503     0.00     0.00     0.00     0.00     0.00 -1    -2e-11      0.00 7.435e-01 2.556e-01 1.457e-04 5.151e-05 3.867e-04 -1.000 8.946e-04 1.017 2.479 1.522 0.981 0.799 0.718 0.691
0.00087196 -1.25000 10.02531 0.8459421396 2.4337934430    0.842  1.548  3.7102  2.608    3  0.000  0.502     0.00     0.00     0.00     0.00     0.00 -1 -2.38e-11      0.00 7.434e-01 2.557e-01 1.456e-04 5.167e-05 3.867e-04 -1.000 8.948e-04 0.900 2.382 1.415 0.866 0.681 0.597 0.569
0.00087196 -1.25000 10.02531 0.8461099863 2.4338450561    0.842  1.596  3.7082  2.553    3  0.000  0.502     0.00     0.00     0.00     0.00     0.00 -1 -2.83e-11      0.00 7.434e-01 2.558e-01 1.456e-04 5.172e-05 3.867e-04 -1.000 8.951e-04 0.781 2.286 1.306 0.750 0.562 0.475 0.446
0.00087196 -1.25000 10.02531 0.8462583423 2.4338906561    0.842  1.642  3.7062  2.499    3  0.000  0.502     0.00     0.00     0.00     0.00     0.00 -1 -3.34e-11      0.00 7.433e-01 2.558e-01 1.456e-04 5.174e-05 3.867e-04 -1.000 8.953e-04 0.666 2.194 1.201 0.639 0.447 0.357 0.327
0.00087196 -1.25000 10.02531 0.8463905454 2.4339312758    0.842  1.686  3.7043  2.446    3  0.000  0.502     0.00     0.00     0.00     0.00     0.00 -1 -3.93e-11      0.00 7.433e-01 2.558e-01 1.455e-04 5.175e-05 3.867e-04 -1.000 8.956e-04 0.555 2.109 1.100 0.529 0.334 0.242 0.211
0.00087196 -1.25000 10.02531 0.8465131521 2.4339689340    0.842  1.731  3.7022  2.394    3  0.000  0.502     0.00     0.00     0.00     0.00     0.00 -1 -4.63e-11      0.00 7.433e-01 2.558e-01 1.455e-04 5.177e-05 3.867e-04 -1.000 8.958e-04 0.443 2.024 0.999 0.419 0.221 0.127 0.094
0.00087196 -1.25000 10.02531 0.8466219902 2.4340023526    0.842  1.774  3.7002  2.343    3  0.000  0.502     0.00     0.00     0.00     0.00     0.00 -1 -5.43e-11      0.00 7.433e-01 2.558e-01 1.455e-04 5.178e-05 3.867e-04 -1.000 8.960e-04 0.336 1.944 0.902 0.314 0.112 0.015 -0.018
0.00087196 -1.25000 10.02531 0.8467245698 2.4340338406    0.842  1.817  3.6981  2.291    3  0.000  0.502     0.00     0.00     0.00     0.00     0.00 -1 -6.37e-11      0.00 7.433e-01 2.558e-01 1.455e-04 5.180e-05 3.868e-04 -1.000 8.961e-04 0.227 1.864 0.805 0.208 0.002 -0.097 -0.132
0.00087196 -1.25000 10.02531 0.8468170166 2.4340622106    0.842  1.859  3.6961  2.240    3  0.000  0.502     0.00     0.00     0.00     0.00     0.00 -1 -7.43e-11      0.00 7.433e-01 2.558e-01 1.455e-04 5.181e-05 3.868e-04 -1.000 8.962e-04 0.123 1.789 0.712 0.106 -0.104 -0.205 -0.241
0.00087196 -1.25000 10.02531 0.8469033837 2.4340887085    0.841  1.900  3.6940  2.191    3  0.000  0.502     0.00     0.00     0.00     0.00     0.00 -1 -8.66e-11      0.00 7.433e-01 2.558e-01 1.455e-04 5.182e-05 3.868e-04 -1.000 8.963e-04 0.019 1.716 0.621 0.005 -0.208 -0.312 -0.349
0.00087196 -1.25000 10.02531 0.8469862342 2.4341141216    0.841  1.940  3.6919  2.142    3  0.000  0.502     0.00     0.00     0.00     0.00     0.00 -1    -1e-10      0.00 7.433e-01 2.558e-01 1.455e-04 5.183e-05 3.868e-04 -1.000 8.965e-04 -0.081 1.644 0.533 -0.092 -0.309 -0.416 -0.454
0.00087196 -1.25000 10.02531 0.8470711112 2.4341401504    0.841  1.977  3.6901  2.099    3  0.000  0.502     0.00     0.00     0.00     0.00     0.00 -1 -1.15e-10      0.00 7.433e-01 2.558e-01 1.455e-04 5.184e-05 3.868e-04 -1.000 8.966e-04 -0.171 1.581 0.453 -0.180 -0.400 -0.509 -0.548
0.00087196 -1.25000 10.02531 0.8471482396 2.4341637978    0.840  2.002  3.6889  2.068    3  0.000  0.502     0.00     0.00     0.00     0.00     0.00 -1 -1.27e-10      0.00 7.433e-01 2.558e-01 1.455e-04 5.185e-05 3.868e-04 -1.000 8.968e-04 -0.235 1.536 0.398 -0.241 -0.463 -0.574 -0.614
0.00087196 -1.25000 10.02531 0.8472079635 2.4341821056    0.840  1.982  3.6903  2.093    3  0.000  0.502     0.00     0.00     0.00     0.00     0.00 -1 -1.18e-10      0.00 7.433e-01 2.558e-01 1.455e-04 5.186e-05 3.868e-04 -1.000 8.968e-04 -0.186 1.564 0.437 -0.195 -0.415 -0.523 -0.563
0.00087196 -1.25000 10.02531 0.8472288847 2.4341885181    0.840  1.975  3.6908  2.103    3  0.000  0.502     0.00     0.00     0.00     0.00     0.00 -1 -1.15e-10      0.00 7.433e-01 2.558e-01 1.455e-04 5.186e-05 3.868e-04 -1.000 8.969e-04 -0.167 1.575 0.453 -0.176 -0.395 -0.504 -0.542
0.00087196 -1.25000 10.02531 0.8472908139 2.4342074977    0.840  2.017  3.6886  2.052    3  0.000  0.502     0.00     0.00     0.00     0.00     0.00 -1 -1.33e-10      0.00 7.433e-01 2.558e-01 1.455e-04 5.187e-05 3.868e-04 -1.000 8.970e-04 -0.272 1.504 0.362 -0.277 -0.500 -0.612 -0.652
0.00087196 -1.25000 10.02531 0.8473494649 2.4342254696    0.839  2.058  3.6864  2.002    3  0.000  0.502     0.00     0.00     0.00     0.00     0.00 -1 -1.55e-10      0.00 7.433e-01 2.558e-01 1.455e-04 5.188e-05 3.868e-04 -1.000 8.971e-04 -0.374 1.437 0.275 -0.375 -0.602 -0.716 -0.758
0.00087196 -1.25000 10.02531 0.8474065661 2.4342429640    0.839  2.100  3.6840  1.950    3  0.000  0.502     0.00     0.00     0.00     0.00     0.00 -1 -1.81e-10      0.00 7.433e-01 2.559e-01 1.455e-04 5.189e-05 3.868e-04 -1.000 8.970e-04 -0.479 1.380 0.186 -0.478 -0.708 -0.825 -0.869
0.00087196 -1.25000 10.02531 0.8474596739 2.4342592324    0.839  2.141  3.6817  1.899    3  0.000  0.502     0.00     0.00     0.00     0.00     0.00 -1 -2.11e-10      0.00 7.432e-01 2.559e-01 1.454e-04 5.189e-05 3.868e-04 -1.000 8.972e-04 -0.584 1.328 0.098 -0.581 -0.815 -0.935 -0.980
0.00087196 -1.25000 10.02531 0.8475070000 2.4342737277    0.838  2.182  3.6793  1.849    3  0.000  0.502     0.00     0.00     0.00     0.00     0.00 -1 -2.46e-10      0.00 7.432e-01 2.559e-01 1.454e-04 5.190e-05 3.868e-04 -1.000 8.973e-04 -0.684 1.281 0.015 -0.679 -0.917 -1.040 -1.086
0.00087196 -1.25000 10.02531 0.8475510478 2.4342872173    0.838  2.222  3.6770  1.799    3  0.000  0.502     0.00     0.00     0.00     0.00     0.00 -1 -2.85e-10      0.00 7.432e-01 2.559e-01 1.454e-04 5.191e-05 3.868e-04 -1.000 8.974e-04 -0.784 1.238 -0.066 -0.777 -1.019 -1.144 -1.192
0.00087196 -1.25000 10.02531 0.8475916982 2.4342996650    0.837  2.262  3.6746  1.749    3  0.000  0.502     0.00     0.00     0.00     0.00     0.00 -1 -3.32e-10      0.00 7.432e-01 2.559e-01 1.454e-04 5.191e-05 3.868e-04 -1.000 8.975e-04 -0.884 1.198 -0.145 -0.874 -1.120 -1.249 -1.298
0.00087196 -1.25000 10.02531 0.8476295471 2.4343112536    0.837  2.302  3.6721  1.699    3  0.000  0.502     0.00     0.00     0.00     0.00     0.00 -1 -3.86e-10      0.00 7.432e-01 2.559e-01 1.454e-04 5.192e-05 3.868e-04 -1.000 8.975e-04 -0.985 1.161 -0.224 -0.972 -1.222 -1.353 -1.404
0.00087196 -1.25000 10.02531 0.8476634026 2.4343216185    0.836  2.340  3.6697  1.651    3  0.000  0.502     0.00     0.00     0.00     0.00     0.00 -1 -4.45e-10      0.00 7.432e-01 2.559e-01 1.454e-04 5.192e-05 3.868e-04 -1.000 8.975e-04 -1.081 1.129 -0.299 -1.065 -1.319 -1.454 -1.506
0.00087196 -1.25000 10.02531 0.8476950526 2.4343313074    0.836  2.379  3.6672  1.602    3  0.000  0.502     0.00     0.00     0.00     0.00     0.00 -1 -5.15e-10      0.00 7.432e-01 2.559e-01 1.454e-04 5.192e-05 3.868e-04 -1.000 8.976e-04 -1.178 1.101 -0.371 -1.157 -1.416 -1.554 -1.608
0.00087196 -1.25000 10.02531 0.8477310538 2.4343423272    0.835  2.426  3.6642  1.542    3  0.000  0.502     0.00     0.00     0.00     0.00     0.00 -1 -6.15e-10      0.00 7.432e-01 2.559e-01 1.454e-04 5.193e-05 3.868e-04 -1.000 8.977e-04 -1.296 1.074 -0.458 -1.269 -1.534 -1.676 -1.733
0.00087196 -1.25000 10.02531 0.8477632403 2.4343521784    0.834  2.472  3.6611  1.483    3  0.000  0.502     0.00     0.00     0.00     0.00     0.00 -1 -7.32e-10      0.00 7.432e-01 2.559e-01 1.454e-04 5.193e-05 3.868e-04 -1.000 8.978e-04 -1.411 1.051 -0.541 -1.379 -1.649 -1.795 -1.854
0.00087196 -1.25000 10.02531 0.8477932811 2.4343613721    0.833  2.519  3.6581  1.424    3  0.000  0.502     7.98     6.19     4.38     3.38     2.74  3 -8.73e-10      0.00 7.432e-01 2.559e-01 1.454e-04 5.194e-05 3.868e-04 -1.000 8.978e-04 -1.527 1.043 -0.619 -1.487 -1.764 -1.914 -1.976
0.00087196 -1.25000 10.02531 0.8478200436 2.4343695619    0.832  2.563  3.6550  1.367    3  0.000  0.502     9.01     6.87     4.83     3.74     3.03  3 -1.03e-09      0.00 7.432e-01 2.559e-01 1.454e-04 5.194e-05 3.868e-04 -1.000 8.978e-04 -1.639 1.020 -0.695 -1.587 -1.872 -2.027 -2.091
0.00087196 -1.25000 10.02531 0.8478445411 2.4343770581    0.831  2.607  3.6520  1.310    3  0.000  0.502    10.15     7.60     5.33     4.13     3.34  3 -1.22e-09      0.00 7.432e-01 2.559e-01 1.454e-04 5.194e-05 3.868e-04 -1.000 8.977e-04 -1.749 0.998 -0.770 -1.685 -1.978 -2.138 -2.205
0.00087196 -1.25000 10.02531 0.8478681445 2.4343842802    0.829  2.653  3.6488  1.251    3  0.000  0.502    11.49     8.46     5.90     4.58     3.71  3 -1.45e-09      0.00 7.432e-01 2.559e-01 1.454e-04 5.195e-05 3.868e-04 -1.000 8.980e-04 -1.863 0.978 -0.846 -1.786 -2.087 -2.253 -2.322
0.00087196 -1.25000 10.02531 0.8478885293 2.4343905171    0.828  2.696  3.6457  1.195    3  0.000  0.502    12.91     9.34     6.48     5.04     4.09  3 -1.71e-09      0.00 7.432e-01 2.559e-01 1.454e-04 5.195e-05 3.868e-04 -1.000 8.979e-04 -1.969 0.963 -0.914 -1.879 -2.188 -2.359 -2.431
0.00087196 -1.25000 10.02531 0.8479077220 2.4343963890    0.826  2.739  3.6427  1.139    3  0.000  0.502    14.52    10.33     7.14     5.56     4.51  2 -2.02e-09      0.00 7.432e-01 2.559e-01 1.454e-04 5.195e-05 3.868e-04 -1.000 8.979e-04 -2.076 0.947 -0.983 -1.972 -2.290 -2.466 -2.540
0.00087196 -1.25000 10.02531 0.8479259014 2.4344019505    0.825  2.783  3.6395  1.082    3  0.000  0.502    16.39    11.46     7.88     6.15     4.98  2 -2.39e-09      0.00 7.432e-01 2.559e-01 1.454e-04 5.195e-05 3.868e-04 -1.000 8.979e-04 -2.186 0.933 -1.053 -2.068 -2.393 -2.575 -2.652
0.00087196 -1.25000 10.02531 0.8479415774 2.4344067460    0.823  2.823  3.6365  1.029    3  0.000  0.502    18.33    12.61     8.64     6.75     5.47  2 -2.79e-09      0.00 7.432e-01 2.559e-01 1.454e-04 5.196e-05 3.868e-04 -1.000 8.979e-04 -2.287 0.926 -1.112 -2.152 -2.487 -2.675 -2.754
0.00087196 -1.25000 10.02531 0.8479567766 2.4344113954    0.821  2.865  3.6334  0.973    3  0.000  0.502    20.60    13.94     9.50     7.43     6.03  2 -3.28e-09      0.00 7.432e-01 2.559e-01 1.454e-04 5.196e-05 3.868e-04 -1.000 8.980e-04 -2.392 0.923 -1.172 -2.240 -2.584 -2.778 -2.860
0.00087196 -1.25000 10.02531 0.8479710221 2.4344157530    0.819  2.907  3.6303  0.917    3  0.000  0.502    23.16    15.40    10.45     8.19     6.64  2 -3.86e-09      0.00 7.432e-01 2.559e-01 1.454e-04 5.196e-05 3.868e-04 -1.000 8.981e-04 -2.498 0.923 -1.229 -2.328 -2.682 -2.882 -2.967
0.00087196 -1.25000 10.02531 0.8479833007 2.4344195087    0.817  2.946  3.6272  0.865    3  0.000  0.502    25.85    16.92    11.43     8.97     7.28  2 -4.49e-09      0.00 7.432e-01 2.559e-01 1.454e-04 5.196e-05 3.868e-04 -1.000 8.981e-04 -2.595 0.929 -1.277 -2.406 -2.771 -2.977 -3.064
0.00087196 -1.25000 10.02531 0.8479951620 2.4344231367    0.814  2.986  3.6241  0.811    3  0.000  0.502    28.93    18.63    12.53     9.85     7.99  2 -5.24e-09      0.00 7.432e-01 2.559e-01 1.454e-04 5.196e-05 3.868e-04 -1.000 8.981e-04 -2.695 0.933 -1.326 -2.486 -2.862 -3.075 -3.164
0.00087196 -1.25000 10.02531 0.8480066061 2.4344266369    0.811  3.027  3.6210  0.757    3  0.000  0.502    32.46    20.55    13.76    10.83     8.79  1 -6.15e-09      0.00 7.432e-01 2.559e-01 1.454e-04 5.196e-05 3.868e-04 -1.000 8.980e-04 -2.797 0.936 -1.377 -2.568 -2.955 -3.174 -3.267
0.00087196 -1.25000 10.02531 0.8480166793 2.4344297178    0.808  3.065  3.6181  0.705    3  0.000  0.502    36.16    22.53    15.02    11.85     9.62  1 -7.13e-09      0.00 7.432e-01 2.559e-01 1.454e-04 5.197e-05 3.868e-04 -1.000 8.980e-04 -2.892 0.942 -1.421 -2.643 -3.041 -3.266 -3.361
0.00087196 -1.25000 10.02531 0.8480266333 2.4344327621    0.805  3.105  3.6149  0.651    3  0.000  0.502    40.54    24.84    16.48    13.02    10.57  1 -8.34e-09      0.00 7.432e-01 2.559e-01 1.454e-04 5.197e-05 3.868e-04 -1.000 8.982e-04 -2.992 0.947 -1.466 -2.720 -3.130 -3.363 -3.461
0.00087196 -1.25000 10.02531 0.8480358124 2.4344355694    0.801  3.144  3.6119  0.598    3  0.000  0.502    45.30    27.30    18.04    14.27    11.59  1 -9.72e-09      0.00 7.432e-01 2.559e-01 1.454e-04 5.197e-05 3.868e-04 -1.000 8.982e-04 -3.089 0.950 -1.510 -2.796 -3.218 -3.457 -3.557
0.00087196 -1.25000 10.02531 0.8480442166 2.4344381396    0.798  3.182  3.6090  0.546    3  0.000  0.502    50.49    29.93    19.70    15.61    12.68  1 -1.13e-08      0.00 7.432e-01 2.559e-01 1.454e-04 5.197e-05 3.868e-04 -1.000 8.981e-04 -3.184 0.950 -1.551 -2.868 -3.301 -3.547 -3.650
0.00087196 -1.25000 10.02531 0.8480523229 2.4344406186    0.793  3.220  3.6059  0.493    3  0.000  0.502    56.42    32.90    21.55    17.10    13.90  1 -1.31e-08      0.00 7.432e-01 2.559e-01 1.454e-04 5.197e-05 3.868e-04 -1.000 8.981e-04 -3.280 0.950 -1.588 -2.939 -3.385 -3.639 -3.745
0.00087196 -1.25000 10.02531 0.8480599523 2.4344429518    0.789  3.258  3.6030  0.441    3  0.000  0.502    62.93    36.09    23.54    18.71    15.21  1 -1.53e-08      0.00 7.432e-01 2.559e-01 1.454e-04 5.197e-05 3.868e-04 -1.000 8.981e-04 -3.375 0.946 -1.617 -3.006 -3.468 -3.729 -3.838
0.00087196 -1.25000 10.02531 0.8480671048 2.4344451391    0.783  3.294  3.6002  0.391    3  0.000  0.502    69.86    39.43    25.61    20.39    16.57  1 -1.76e-08      0.00 7.432e-01 2.559e-01 1.454e-04 5.197e-05 3.868e-04 -1.000 8.982e-04 -3.464 0.942 -1.645 -3.070 -3.546 -3.814 -3.926
0.00087196 -1.25000 10.02531 0.8480725288 2.4344467977    0.779  3.320  3.5981  0.354    3  0.000  0.502    75.53    42.12    27.28    21.74    17.67  1 -1.97e-08      0.00 7.432e-01 2.559e-01 1.454e-04 5.197e-05 3.868e-04 -1.000 8.981e-04 -3.530 0.939 -1.663 -3.116 -3.603 -3.877 -3.991
0.00087196 -1.25000 10.02531 0.8480725288 2.4344467977    0.779  1.749  3.7423  2.502    4  0.000  0.519     0.00     0.00     0.00     0.00     0.00 -1    -1e-30      0.00 7.407e-01 2.584e-01 1.523e-04 4.726e-05 3.917e-04 -1.000 9.012e-04 0.398 1.549 0.766 0.343 0.212 0.164 0.151
0.00087196 -1.25000 10.02531 0.8481250405 2.4344628545    0.779  1.765  3.7410  2.480    4  0.000  0.519     0.00     0.00     0.00     0.00     0.00 -1    -1e-30      0.00 7.407e-01 2.584e-01 1.523e-04 4.726e-05 3.917e-04 -1.000 9.011e-04 0.356 1.518 0.729 0.301 0.168 0.119 0.106
0.00087196 -1.25000 10.02531 0.8481792212 2.4344794192    0.779  1.769  3.7408  2.476    4  0.000  0.519     0.00     0.00     0.00     0.00     0.00 -1    -1e-30      0.00 7.407e-01 2.584e-01 1.523e-04 4.726e-05 3.917e-04 -1.000 9.012e-04 0.348 1.511 0.721 0.292 0.159 0.109 0.096
0.00087196 -1.25000 10.02531 0.8482326865 2.4344957629    0.779  1.771  3.7409  2.475    4  0.000  0.519     0.00     0.00     0.00     0.00     0.00 -1    -1e-30      0.00 7.407e-01 2.584e-01 1.523e-04 4.726e-05 3.917e-04 -1.000 9.012e-04 0.343 1.506 0.717 0.288 0.155 0.105 0.092
0.00087196 -1.25000 10.02531 0.8482881188 2.4345127053    0.779  1.771  3.7412  2.475    4  0.000  0.519     0.00     0.00     0.00     0.00     0.00 -1    -1e-30      0.00 7.407e-01 2.584e-01 1.523e-04 4.726e-05 3.917e-04 -1.000 9.012e-04 0.341 1.502 0.713 0.286 0.153 0.104 0.091
0.00087196 -1.25000 10.02531 0.8483428359 2.4345294266    0.779  1.772  3.7417  2.477    4  0.000  0.519     0.00     0.00     0.00     0.00     0.00 -1    -1e-30      0.00 7.407e-01 2.584e-01 1.523e-04 4.726e-05 3.917e-04 -1.000 9.013e-04 0.341 1.497 0.711 0.285 0.153 0.105 0.092
0.00087196 -1.25000 10.02531 0.8483989835 2.4345465825    0.779  1.771  3.7423  2.480    4  0.000  0.519     0.00     0.00     0.00     0.00     0.00 -1    -1e-30      0.00 7.407e-01 2.584e-01 1.523e-04 4.726e-05 3.917e-04 -1.000 9.012e-04 0.342 1.493 0.709 0.286 0.155 0.107 0.095
0.00087196 -1.25000 10.02531 0.8484541774 2.4345634445    0.779  1.770  3.7430  2.484    4  0.000  0.519     0.00     0.00     0.00     0.00     0.00 -1    -1e-30      0.00 7.407e-01 2.584e-01 1.523e-04 4.726e-05 3.917e-04 -1.000 9.012e-04 0.344 1.489 0.708 0.288 0.158 0.111 0.099
0.00087196 -1.25000 10.02531 0.8485098481 2.4345804496    0.780  1.769  3.7438  2.488    4  0.000  0.519     0.00     0.00     0.00     0.00     0.00 -1    -1e-30      0.00 7.407e-01 2.584e-01 1.523e-04 4.726e-05 3.917e-04 -1.000 9.013e-04 0.347 1.485 0.708 0.290 0.162 0.115 0.104
0.00087196 -1.25000 10.02531 0.8485634327 2.4345968150    0.780  1.768  3.7446  2.492    4  0.000  0.519     0.00     0.00     0.00     0.00     0.00 -1    -1e-30      0.00 7.407e-01 2.584e-01 1.523e-04 4.726e-05 3.917e-04 -1.000 9.013e-04 0.349 1.481 0.707 0.292 0.165 0.119 0.108
0.00087196 -1.25000 10.02531 0.8486166596 2.4346130688    0.780  1.767  3.7453  2.496    4  0.000  0.519     0.00     0.00     0.00     0.00     0.00 -1    -1e-30      0.00 7.407e-01 2.584e-01 1.523e-04 4.726e-05 3.917e-04 -1.000 9.012e-04 0.351 1.477 0.706 0.294 0.168 0.123 0.112
0.00087196 -1.25000 10.02531 0.8486735821 2.4346304486    0.780  1.767  3.7460  2.499    4  0.000  0.519     0.00     0.00     0.00     0.00     0.00 -1    -1e-30      0.00 7.407e-01 2.584e-01 1.523e-04 4.726e-05 3.917e-04 -1.000 9.012e-04 0.353 1.473 0.705 0.296 0.171 0.127 0.116
0.00087196 -1.25000 10.02531 0.8487312198 2.4346480440    0.780  1.766  3.7467  2.503    4  0.000  0.519     0.00     0.00     0.00     0.00     0.00 -1    -1e-30      0.00 7.407e-01 2.584e-01 1.523e-04 4.726e-05 3.917e-04 -1.000 9.012e-04 0.355 1.469 0.704 0.297 0.174 0.131 0.120
0.00087196 -1.25000 10.02531 0.8487875462 2.4346652364    0.780  1.765  3.7474  2.506    4  0.000  0.519     0.00     0.00     0.00     0.00     0.00 -1    -1e-30      0.00 7.407e-01 2.584e-01 1.523e-04 4.726e-05 3.917e-04 -1.000 9.012e-04 0.357 1.465 0.703 0.298 0.176 0.134 0.123
0.00087196 -1.25000 10.02531 0.8488430381 2.4346821715    0.780  1.765  3.7479  2.509    4  0.000  0.519     0.00     0.00     0.00     0.00     0.00 -1    -1e-30      0.00 7.407e-01 2.584e-01 1.523e-04 4.726e-05 3.917e-04 -1.000 9.011e-04 0.358 1.462 0.702 0.299 0.178 0.136 0.126
0.00087196 -1.25000 10.02531 0.8488564491 2.4346862640    0.780  1.765  3.7480  2.509    4  0.000  0.519     0.00     0.00     0.00     0.00     0.00 -1    -1e-30      0.00 7.407e-01 2.584e-01 1.523e-04 4.726e-05 3.917e-04 -1.000 9.012e-04 0.358 1.461 0.702 0.299 0.178 0.136 0.126
0.00087196 -1.25000 10.02531 0.8488681912 2.4346898470    0.780  1.765  3.7481  2.510    4  0.000  0.519     0.00     0.00     0.00     0.00     0.00 -1    -1e-30      0.00 7.407e-01 2.584e-01 1.523e-04 4.726e-05 3.917e-04 -1.000 9.012e-04 0.358 1.461 0.701 0.299 0.178 0.137 0.127
0.00087196 -1.25000 10.02531 0.8489239216 2.4347068512    0.780  1.765  3.7485  2.511    4  0.000  0.519     0.00     0.00     0.00     0.00     0.00 -1    -1e-30      0.00 7.407e-01 2.584e-01 1.523e-04 4.727e-05 3.917e-04 -1.000 9.012e-04 0.358 1.458 0.700 0.299 0.179 0.138 0.128
0.00087196 -1.25000 10.02531 0.8489809036 2.4347242347    0.780  1.765  3.7487  2.512    4  0.000  0.519     0.00     0.00     0.00     0.00     0.00 -1    -1e-30      0.00 7.407e-01 2.584e-01 1.523e-04 4.727e-05 3.917e-04 -1.000 9.012e-04 0.358 1.455 0.698 0.299 0.179 0.138 0.128
0.00087196 -1.25000 10.02531 0.8490369320 2.4347413245    0.780  1.766  3.7489  2.512    4  0.000  0.519     0.00     0.00     0.00     0.00     0.00 -1    -1e-30      0.00 7.407e-01 2.584e-01 1.523e-04 4.727e-05 3.917e-04 -1.000 9.012e-04 0.356 1.452 0.696 0.297 0.177 0.137 0.127
0.00087196 -1.25000 10.02531 0.8490930200 2.4347584300    0.780  1.766  3.7488  2.511    4  0.000  0.519     0.00     0.00     0.00     0.00     0.00 -1    -1e-30      0.00 7.407e-01 2.584e-01 1.523e-04 4.727e-05 3.917e-04 -1.000 9.012e-04 0.354 1.450 0.694 0.295 0.175 0.134 0.124
0.00087196 -1.25000 10.02531 0.8491535783 2.4347768959    0.780  1.768  3.7487  2.509    4  0.000  0.519     0.00     0.00     0.00     0.00     0.00 -1    -1e-30      0.00 7.407e-01 2.584e-01 1.523e-04 4.727e-05 3.917e-04 -1.000 9.012e-04 0.350 1.448 0.691 0.291 0.171 0.130 0.121
0.00087196 -1.25000 10.02531 0.8492107391 2.4347943231    0.780  1.770  3.7484  2.506    4  0.000  0.519     0.00     0.00     0.00     0.00     0.00 -1    -1e-30      0.00 7.407e-01 2.584e-01 1.523e-04 4.727e-05 3.917e-04 -1.000 9.012e-04 0.346 1.446 0.688 0.287 0.166 0.125 0.115
0.00087196 -1.25000 10.02531 0.8492534757 2.4348073508    0.780  1.771  3.7481  2.503    4  0.000  0.519     0.00     0.00     0.00     0.00     0.00 -1    -1e-30      0.00 7.407e-01 2.584e-01 1.523e-04 4.727e-05 3.917e-04 -1.000 9.012e-04 0.342 1.445 0.685 0.283 0.162 0.120 0.110
0.00087196 -1.25000 10.02531 0.8492690921 2.4348121109    0.780  1.772  3.7479  2.502    4  0.000  0.519     0.00     0.00     0.00     0.00     0.00 -1    -1e-30      0.00 7.407e-01 2.584e-01 1.523e-04 4.727e-05 3.917e-04 -1.000 9.012e-04 0.340 1.444 0.684 0.281 0.160 0.118 0.108
0.00087196 -1.25000 10.02531 0.8493219018 2.4348282066    0.780  1.774  3.7474  2.498    4  0.000  0.519     0.00     0.00     0.00     0.00     0.00 -1    -1e-30      0.00 7.407e-01 2.584e-01 1.523e-04 4.727e-05 3.917e-04 -1.000 9.012e-04 0.334 1.442 0.680 0.276 0.153 0.111 0.101
0.00087196 -1.25000 10.02531 0.8493774533 2.4348451354    0.781  1.777  3.7467  2.492    4  0.000  0.519     0.00     0.00     0.00     0.00     0.00 -1    -1e-30      0.00 7.407e-01 2.584e-01 1.523e-04 4.727e-05 3.917e-04 -1.000 9.012e-04 0.326 1.440 0.675 0.268 0.145 0.102 0.091
0.00087196 -1.25000 10.02531 0.8494301438 2.4348611900    0.781  1.781  3.7459  2.485    4  0.000  0.519     0.00     0.00     0.00     0.00     0.00 -1    -1e-30      0.00 7.407e-01 2.584e-01 1.523e-04 4.727e-05 3.917e-04 -1.000 9.012e-04 0.318 1.438 0.669 0.260 0.135 0.091 0.080
0.00087196 -1.25000 10.02531 0.8494837880 2.4348775328    0.781  1.785  3.7451  2.478    4  0.000  0.519     0.00     0.00     0.00     0.00     0.00 -1    -1e-30      0.00 7.407e-01 2.584e-01 1.523e-04 4.727e-05 3.917e-04 -1.000 9.012e-04 0.308 1.435 0.663 0.250 0.124 0.079 0.068
0.00087196 -1.25000 10.02531 0.8495355248 2.4348932923    0.781  1.789  3.7443  2.471    4  0.000  0.519     0.00     0.00     0.00     0.00     0.00 -1    -1e-30      0.00 7.407e-01 2.584e-01 1.523e-04 4.727e-05 3.917e-04 -1.000 9.012e-04 0.298 1.433 0.656 0.240 0.113 0.067 0.056
0.00087196 -1.25000 10.02531 0.8495877385 2.4349091948    0.781  1.793  3.7434  2.463    4  0.000  0.519     0.00     0.00     0.00     0.00     0.00 -1    -1e-30      0.00 7.407e-01 2.584e-01 1.523e-04 4.727e-05 3.917e-04 -1.000 9.012e-04 0.287 1.429 0.649 0.230 0.101 0.054 0.042
0.00087196 -1.25000 10.02531 0.8496407866 2.4349253492    0.781  1.798  3.7426  2.455    4  0.000  0.519     0.00     0.00     0.00     0.00     0.00 -1    -1e-30      0.00 7.407e-01 2.584e-01 1.523e-04 4.727e-05 3.917e-04 -1.000 9.012e-04 0.275 1.424 0.640 0.218 0.088 0.040 0.028
0.00087196 -1.25000 10.02531 0.8496937156 2.4349414649    0.781  1.804  3.7414  2.444    4  0.000  0.519     0.00     0.00     0.00     0.00     0.00 -1    -1e-30      0.00 7.407e-01 2.584e-01 1.523e-04 4.727e-05 3.917e-04 -1.000 9.012e-04 0.260 1.419 0.630 0.203 0.071 0.022 0.009
0.00087196 -1.25000 10.02531 0.8497509956 2.4349589029    0.781  1.813  3.7397  2.428    4  0.000  0.519     0.00     0.00     0.00     0.00     0.00 -1    -1e-30      0.00 7.407e-01 2.584e-01 1.523e-04 4.727e-05 3.917e-04 -1.000 9.012e-04 0.237 1.411 0.614 0.181 0.046 -0.005 -0.018
0.00087196 -1.25000 10.02531 0.8498040438 2.4349750501    0.781  1.810  3.7402  2.433    4  0.000  0.519     0.00     0.00     0.00     0.00     0.00 -1    -1e-30      0.00 7.407e-01 2.584e-01 1.523e-04 4.727e-05 3.917e-04 -1.000 9.012e-04 0.244 1.414 0.619 0.188 0.054 0.003 -0.010
0.00087196 -1.25000 10.02531 0.8498566151 2.4349910499    0.781  1.824  3.7377  2.409    4  0.000  0.519     0.00     0.00     0.00     0.00     0.00 -1    -1e-30      0.00 7.407e-01 2.584e-01 1.523e-04 4.727e-05 3.917e-04 -1.000 9.012e-04 0.209 1.403 0.594 0.154 0.016 -0.037 -0.052
0.00087196 -1.25000 10.02531 0.8499110937 2.4350076278    0.781  1.845  3.7345  2.376    4  0.000  0.519     0.00     0.00     0.00     0.00     0.00 -1    -1e-30      0.00 7.407e-01 2.584e-01 1.523e-04 4.727e-05 3.917e-04 -1.000 9.012e-04 0.159 1.384 0.557 0.104 -0.039 -0.096 -0.112
0.00087196 -1.25000 10.02531 0.8499606848 2.4350227162    0.781  1.880  3.7294  2.321    4  0.000  0.519     0.00     0.00     0.00     0.00     0.00 -1    -1e-30      0.00 7.407e-01 2.584e-01 1.523e-04 4.727e-05 3.917e-04 -1.000 9.012e-04 0.071 1.347 0.490 0.018 -0.134 -0.196 -0.214
0.00087196 -1.25000 10.02531 0.8499847651 2.4350300421    0.781  1.917  3.7245  2.264    4  0.000  0.519     0.00     0.00     0.00     0.00     0.00 -1    -1e-30      0.00 7.407e-01 2.584e-01 1.523e-04 4.727e-05 3.917e-04 -1.000 9.013e-04 -0.022 1.308 0.419 -0.072 -0.232 -0.300 -0.321
0.00087196 -1.25000 10.02531 0.8499954343 2.4350332878    0.781  1.955  3.7198  2.207    4  0.000  0.519     0.00     0.00     0.00     0.00     0.00 -1    -1e-30      0.00 7.407e-01 2.584e-01 1.523e-04 4.727e-05 3.917e-04 -1.000 9.012e-04 -0.116 1.265 0.346 -0.164 -0.332 -0.404 -0.428
0.00087196 -1.25000 10.02531 0.8500001431 2.4350347203    0.781  1.992  3.7154  2.152    4  0.000  0.519     0.00     0.00     0.00     0.00     0.00 -1    -1e-30      0.00 7.407e-01 2.584e-01 1.523e-04 4.727e-05 3.917e-04 -1.000 9.012e-04 -0.210 1.224 0.274 -0.254 -0.429 -0.507 -0.533
0.00087196 -1.25000 10.02531 0.8500022888 2.4350353730    0.781  2.027  3.7117  2.103    4  0.000  0.519     0.00     0.00     0.00     0.00     0.00 -1    -1e-30      0.00 7.407e-01 2.584e-01 1.523e-04 4.727e-05 3.917e-04 -1.000 9.012e-04 -0.297 1.182 0.206 -0.338 -0.519 -0.601 -0.629
0.00087196 -1.25000 10.02531 0.8500035405 2.4350357538    0.781  2.060  3.7083  2.056    4  0.000  0.519     0.00     0.00     0.00     0.00     0.00 -1    -1e-30      0.00 7.407e-01 2.584e-01 1.523e-04 4.727e-05 3.917e-04 -1.000 9.012e-04 -0.380 1.142 0.141 -0.417 -0.605 -0.691 -0.720
0.00087196 -1.25000 10.02531 0.8500037193 2.4350358082    0.781  2.065  3.7078  2.049    7  0.000  0.519     0.00     0.00     0.00     0.00     0.00 -1 -9.37e-10      0.00 7.407e-01 2.568e-01 1.523e-04 4.727e-05 3.917e-04 -1.000 2.495e-03 -0.392 1.136 0.131 -0.429 -0.618 -0.705 -0.734
0.00087196 -1.25000 10.02531 0.8500044942 2.4350360439    0.781  2.094  3.7052  2.010    7  0.000  0.519     0.00     0.00     0.00     0.00     0.00 -1 -1.12e-09      0.00 7.407e-01 2.568e-01 1.523e-04 4.727e-05 3.917e-04 -1.000 2.495e-03 -0.464 1.098 0.073 -0.498 -0.691 -0.782 -0.812
0.00087196 -1.25000 10.02531 0.8500053883 2.4350363159    0.781  2.127  3.7022  1.964    7  0.000  0.519     0.00     0.00     0.00     0.00     0.00 -1 -1.37e-09      0.00 7.407e-01 2.568e-01 1.523e-04 4.727e-05 3.917e-04 -1.000 2.495e-03 -0.549 1.055 0.005 -0.579 -0.778 -0.872 -0.904
0.00087196 -1.25000 10.02531 0.8500063419 2.4350366060    0.781  2.153  3.7001  1.930    7  0.000  0.519     0.00     0.00     0.00     0.00     0.00 -1 -1.58e-09      0.00 7.407e-01 2.568e-01 1.523e-04 4.727e-05 3.917e-04 -1.000 2.495e-03 -0.611 1.024 -0.045 -0.640 -0.842 -0.938 -0.972
0.00087196 -1.25000 10.02531 0.8500072956 2.4350368961    0.781  2.162  3.6993  1.917    7  0.000  0.519     0.00     0.00     0.00     0.00     0.00 -1 -1.67e-09      0.00 7.407e-01 2.568e-01 1.523e-04 4.727e-05 3.917e-04 -1.000 2.495e-03 -0.636 1.011 -0.065 -0.663 -0.867 -0.964 -0.998
0.00087196 -1.25000 10.02531 0.8500087261 2.4350373313    0.781  2.160  3.6995  1.921    7  0.000  0.519     0.00     0.00     0.00     0.00     0.00 -1 -1.65e-09      0.00 7.407e-01 2.568e-01 1.523e-04 4.727e-05 3.917e-04 -1.000 2.495e-03 -0.630 1.013 -0.061 -0.658 -0.861 -0.958 -0.992
0.00087196 -1.25000 10.02531 0.8500111699 2.4350380746    0.781  2.147  3.7006  1.938    7  0.000  0.519     0.00     0.00     0.00     0.00     0.00 -1 -1.54e-09      0.00 7.407e-01 2.568e-01 1.523e-04 4.727e-05 3.917e-04 -1.000 2.495e-03 -0.598 1.029 -0.035 -0.627 -0.828 -0.924 -0.957
0.00087196 -1.25000 10.02531 0.8500151038 2.4350392713    0.780  2.137  3.7015  1.951    7  0.000  0.519     0.00     0.00     0.00     0.00     0.00 -1 -1.45e-09      0.00 7.407e-01 2.568e-01 1.523e-04 4.727e-05 3.917e-04 -1.000 2.495e-03 -0.572 1.042 -0.014 -0.602 -0.802 -0.896 -0.929
0.00087196 -1.25000 10.02531 0.8500409722 2.4350471400    0.779  2.158  3.6995  1.922    7  0.000  0.519     0.00     0.00     0.00     0.00     0.00 -1 -1.64e-09      0.00 7.407e-01 2.568e-01 1.523e-04 4.727e-05 3.917e-04 -1.000 2.495e-03 -0.624 1.019 -0.055 -0.652 -0.855 -0.952 -0.986
0.00087196 -1.25000 10.02531 0.8500590920 2.4350526514    0.777  2.190  3.6967  1.877    7  0.000  0.519     0.00     0.00     0.00     0.00     0.00 -1    -2e-09      0.00 7.407e-01 2.568e-01 1.523e-04 4.727e-05 3.917e-04 -1.000 2.495e-03 -0.706 0.982 -0.119 -0.729 -0.937 -1.038 -1.074
0.00087196 -1.25000 10.02531 0.8500797153 2.4350589239    0.775  2.240  3.6924  1.809    7  0.000  0.519     0.00     0.00     0.00     0.00     0.00 -1 -2.69e-09      0.00 7.407e-01 2.568e-01 1.523e-04 4.727e-05 3.917e-04 -1.000 2.495e-03 -0.829 0.926 -0.216 -0.846 -1.063 -1.169 -1.207
0.00087196 -1.25000 10.02531 0.8500974774 2.4350643260    0.773  2.293  3.6879  1.737    7  0.000  0.519     0.00     0.00     0.00     0.00     0.00 -1 -3.68e-09      0.00 7.407e-01 2.568e-01 1.523e-04 4.727e-05 3.917e-04 -1.000 2.495e-03 -0.961 0.868 -0.318 -0.970 -1.195 -1.308 -1.349
0.00087196 -1.25000 10.02531 0.8501132131 2.4350691115    0.770  2.344  3.6836  1.667    7  0.000  0.519     0.00     0.00     0.00     0.00     0.00 -1    -5e-09      0.00 7.407e-01 2.568e-01 1.523e-04 4.727e-05 3.917e-04 -1.000 2.495e-03 -1.090 0.825 -0.416 -1.092 -1.325 -1.443 -1.487
0.00087196 -1.25000 10.02531 0.8501272202 2.4350733711    0.766  2.389  3.6799  1.605    7  0.000  0.519     0.00     0.00     0.00     0.00     0.00 -1 -6.52e-09      0.00 7.407e-01 2.568e-01 1.523e-04 4.727e-05 3.917e-04 -1.000 2.490e-03 -1.202 0.798 -0.500 -1.202 -1.440 -1.563 -1.609
0.00087196 -1.25000 10.02531 0.8501395583 2.4350771231    0.762  2.431  3.6764  1.547    7  0.000  0.519     0.00     0.00     0.00     0.00     0.00 -1 -8.38e-09      0.00 7.407e-01 2.569e-01 1.523e-04 4.728e-05 3.917e-04 -1.000 2.449e-03 -1.307 0.779 -0.576 -1.303 -1.548 -1.675 -1.723
0.00087196 -1.25000 10.02531 0.8501505852 2.4350804762    0.758  2.472  3.6730  1.490    7  0.000  0.518     0.00     0.00     0.00     0.00     0.00 -1 -1.07e-08      0.00 7.407e-01 2.569e-01 1.522e-04 4.730e-05 3.917e-04 -1.000 2.396e-03 -1.410 0.765 -0.648 -1.402 -1.652 -1.783 -1.834
0.00087196 -1.25000 10.02531 0.8501604795 2.4350834848    0.753  2.513  3.6698  1.433    7  0.000  0.517     7.57     5.93     4.19     3.25     2.63  3 -1.36e-08      0.00 7.407e-01 2.570e-01 1.518e-04 4.745e-05 3.917e-04 -1.000 2.376e-03 -1.511 0.759 -0.717 -1.499 -1.755 -1.891 -1.944
0.00087196 -1.25000 10.02531 0.8501694798 2.4350862215    0.747  2.553  3.6662  1.375    7  0.000  0.514     8.53     6.57     4.62     3.59     2.90  3 -1.75e-08      0.00 7.407e-01 2.570e-01 1.510e-04 4.803e-05 3.917e-04 -1.000 2.330e-03 -1.612 0.768 -0.780 -1.592 -1.856 -1.996 -2.052
0.00087196 -1.25000 10.02531 0.8501776457 2.4350887045    0.740  2.593  3.6594  1.304    7  0.000  0.508     9.91     7.46     5.22     4.06     3.29  3 -2.26e-08      0.00 7.407e-01 2.571e-01 1.493e-04 4.972e-05 3.917e-04 -1.000 2.285e-03 -1.712 0.877 -0.805 -1.678 -1.955 -2.104 -2.165
0.00087196 -1.25000 10.02531 0.8501850963 2.4350909698    0.731  2.633  3.6535  1.235    7  0.000  0.500    11.42     8.42     5.85     4.57     3.70  2 -2.93e-08      0.00 7.406e-01 2.571e-01 1.470e-04 5.244e-05 3.917e-04 -1.000 2.275e-03 -1.812 0.942 -0.838 -1.756 -2.046 -2.205 -2.270
0.00087196 -1.25000 10.02531 0.8501921892 2.4350931265    0.721  2.673  3.6499  1.175    7  0.000  0.491    12.94     9.36     6.48     5.06     4.10  2 -3.77e-08      0.00 7.406e-01 2.572e-01 1.444e-04 5.549e-05 3.917e-04 -1.000 2.205e-03 -1.912 0.946 -0.895 -1.841 -2.141 -2.306 -2.374
0.00087196 -1.25000 10.02531 0.8501988053 2.4350951381    0.708  2.712  3.6466  1.115    7  0.000  0.483    14.63    10.38     7.15     5.60     4.53  2  -4.9e-08      0.00 7.406e-01 2.572e-01 1.422e-04 5.823e-05 3.917e-04 -1.000 2.227e-03 -2.010 0.946 -0.952 -1.924 -2.233 -2.403 -2.475
0.00087196 -1.25000 10.02531 0.8502053022 2.4350971134    0.692  2.751  3.6433  1.052    7  0.000  0.477    16.62    11.56     7.91     6.21     5.03  2 -6.47e-08      0.00 7.405e-01 2.573e-01 1.403e-04 6.066e-05 3.917e-04 -1.000 2.207e-03 -2.108 0.949 -1.009 -2.007 -2.325 -2.501 -2.575
0.00087196 -1.25000 10.02531 0.8502116203 2.4350990343    0.671  2.791  3.6399  0.985    7  0.000  0.471    19.03    12.95     8.81     6.94     5.62  1 -8.72e-08      0.00 7.404e-01 2.574e-01 1.385e-04 6.283e-05 3.917e-04 -1.000 2.181e-03 -2.208 0.958 -1.064 -2.092 -2.420 -2.601 -2.678
0.00087196 -1.25000 10.02531 0.8502172828 2.4351007558    0.645  2.830  3.6371  0.919    7  0.000  0.465    21.74    14.45     9.78     7.73     6.26  1 -1.19e-07      0.00 7.404e-01 2.575e-01 1.370e-04 6.468e-05 3.918e-04 -1.000 2.138e-03 -2.304 0.968 -1.114 -2.172 -2.510 -2.697 -2.777
0.00087196 -1.25000 10.02531 0.8502225876 2.4351023686    0.612  2.869  3.6357  0.850    7  0.000  0.461    24.88    16.13    10.85     8.60     6.96  1 -1.71e-07      0.00 7.403e-01 2.576e-01 1.357e-04 6.632e-05 3.917e-04 -1.000 2.112e-03 -2.403 0.949 -1.180 -2.262 -2.606 -2.797 -2.878
0.00087196 -1.25000 10.02531 0.8502272964 2.4351038002    0.571  2.909  3.6386  0.792    7  0.000  0.457    27.78    17.60    11.77     9.37     7.58  1 -2.54e-07      0.00 7.402e-01 2.577e-01 1.345e-04 6.777e-05 3.917e-04 -1.000 2.104e-03 -2.502 0.827 -1.300 -2.378 -2.717 -2.903 -2.982
0.00087196 -1.25000 10.02531 0.8502300978 2.4351046518    0.539  2.936  3.6456  0.768    7  0.000  0.455    28.95    18.13    12.10     9.65     7.81  1 -3.36e-07      0.00 7.401e-01 2.578e-01 1.338e-04 6.869e-05 3.916e-04 -1.000 2.102e-03 -2.571 0.628 -1.437 -2.481 -2.805 -2.980 -3.054
0.00087196 -1.25000 10.02531 0.8502309322 2.4351049055    0.514  2.946  3.6558  0.778    7  0.000  0.453    28.04    17.58    11.73     9.37     7.58  1 -3.64e-07      0.00 7.400e-01 2.578e-01 1.333e-04 6.930e-05 3.916e-04 -1.000 2.177e-03 -2.595 0.380 -1.569 -2.552 -2.852 -3.010 -3.076
0.00087196 -1.25000 10.02531 1.1015297174 2.4919369136    0.547 -9.999  3.6312  7.959    9  0.548  0.000     0.00     0.00     0.00     0.00     0.00 -1    -1e-30      0.00 7.280e-01 2.712e-01 1.207e-04 9.701e-05 3.954e-04 -1.000 8.320e-04 29.767 32.670 30.929 29.862 29.489 29.302 29.237
