# Zini     MH   logAge Mini        int_IMF         Mass   logL    logTe  logg  label   McoreTP C_O  period0  period1  period2  period3  period4  pmode  Mloss  tau1m   X   Y   Xc  Xn  Xo  Cexcess  Z 	 mbolmag  umag    gmag    rmag    imag    zmag    Ymag
0.00077741 -1.30000 10.02531 0.0900000036 1.0816895926    0.090 -3.202  3.4632  5.399    1  0.000  0.545     0.00     0.00     0.00     0.00     0.00 -1 -5.26e-17      0.00 7.474e-01 2.517e-01 1.471e-04 3.970e-05 3.601e-04 -1.000 8.183e-04 12.775 17.969 16.543 14.654 12.768 12.144 12.025
0.00077741 -1.30000 10.02531 0.0915515125 1.0963879555    0.092 -3.159  3.4694  5.388    1  0.000  0.545     0.00     0.00     0.00     0.00     0.00 -1 -5.84e-17      0.00 7.472e-01 2.520e-01 1.471e-04 3.970e-05 3.601e-04 -1.000 8.184e-04 12.667 17.849 16.301 14.422 12.639 12.044 11.925
0.00077741 -1.30000 10.02531 0.1000000089 1.1711064744    0.100 -2.935  3.5013  5.330    1  0.000  0.545     0.00     0.00     0.00     0.00     0.00 -1 -9.99e-17      0.00 7.460e-01 2.531e-01 1.471e-04 3.970e-05 3.601e-04 -1.000 8.184e-04 12.108 17.116 15.069 13.281 11.993 11.529 11.413
0.00077741 -1.30000 10.02531 0.1200000048 1.3193154741    0.120 -2.651  3.5334  5.254    1  0.000  0.545     0.00     0.00     0.00     0.00     0.00 -1 -1.92e-16      0.00 7.439e-01 2.552e-01 1.471e-04 3.970e-05 3.601e-04 -1.000 8.184e-04 11.397 15.987 13.774 12.131 11.224 10.856 10.748
0.00077741 -1.30000 10.02531 0.1400000006 1.4384526719    0.140 -2.469  3.5494  5.203    1  0.000  0.545     0.00     0.00     0.00     0.00     0.00 -1 -2.85e-16      0.00 7.424e-01 2.568e-01 1.471e-04 3.970e-05 3.601e-04 -1.000 8.184e-04 10.944 15.259 13.070 11.511 10.749 10.419 10.315
0.00077741 -1.30000 10.02531 0.1599999964 1.5372931554    0.160 -2.330  3.5597  5.163    1  0.000  0.545     0.00     0.00     0.00     0.00     0.00 -1 -3.86e-16      0.00 7.411e-01 2.580e-01 1.471e-04 3.970e-05 3.601e-04 -1.000 8.184e-04 10.594 14.716 12.571 11.068 10.388 10.080 9.980
0.00077741 -1.30000 10.02531 0.2000000179 1.6938791367    0.200 -2.110  3.5736  5.095    1  0.000  0.545     0.00     0.00     0.00     0.00     0.00 -1 -6.19e-16      0.00 7.398e-01 2.593e-01 1.471e-04 3.970e-05 3.601e-04 -1.000 8.184e-04 10.044 13.897 11.834 10.412 9.827 9.544 9.449
0.00077741 -1.30000 10.02531 0.2500000000 1.8403257998    0.250 -1.905  3.5847  5.032    1  0.000  0.545     0.00     0.00     0.00     0.00     0.00 -1 -4.52e-16      0.00 7.395e-01 2.596e-01 1.471e-04 3.970e-05 3.601e-04 -1.000 8.184e-04 9.532 13.170 11.182 9.833 9.306 9.043 8.953
0.00077741 -1.30000 10.02531 0.3000000417 1.9529140366    0.300 -1.748  3.5932  4.987    1  0.000  0.545     0.00     0.00     0.00     0.00     0.00 -1 -6.16e-16      0.00 7.397e-01 2.595e-01 1.471e-04 3.970e-05 3.601e-04 -1.000 8.184e-04 9.139 12.618 10.690 9.398 8.908 8.658 8.572
0.00077741 -1.30000 10.02531 0.3243378103 1.9992334462    0.324 -1.683  3.5969  4.972    1  0.000  0.545     0.00     0.00     0.00     0.00     0.00 -1  -1.5e-15      0.00 7.425e-01 2.566e-01 1.471e-04 3.970e-05 3.601e-04 -1.000 8.183e-04 8.978 12.393 10.488 9.220 8.744 8.500 8.416
0.00077741 -1.30000 10.02531 0.3499999940 2.0434174644    0.350 -1.620  3.6004  4.956    1  0.000  0.545     0.00     0.00     0.00     0.00     0.00 -1 -1.69e-15      0.00 7.452e-01 2.540e-01 1.471e-04 3.970e-05 3.601e-04 -1.000 8.184e-04 8.821 12.174 10.291 9.047 8.584 8.346 8.264
0.00077741 -1.30000 10.02531 0.4000000358 2.1185024810    0.400 -1.473  3.6115  4.911    1  0.000  0.545     0.00     0.00     0.00     0.00     0.00 -1 -2.34e-15      0.00 7.494e-01 2.498e-01 1.471e-04 3.970e-05 3.601e-04 -1.000 8.183e-04 8.454 11.625 9.807 8.637 8.210 7.989 7.912
0.00077741 -1.30000 10.02531 0.4500000477 2.1822809714    0.450 -1.299  3.6292  4.858    1  0.000  0.545     0.00     0.00     0.00     0.00     0.00 -1 -3.51e-15      0.00 7.494e-01 2.497e-01 1.471e-04 3.970e-05 3.601e-04 -1.000 8.184e-04 8.016 10.915 9.190 8.139 7.765 7.571 7.503
0.00077741 -1.30000 10.02531 0.5000000000 2.2374541529    0.500 -1.099  3.6565  4.815    1  0.000  0.545     0.00     0.00     0.00     0.00     0.00 -1 -5.54e-15      0.00 7.494e-01 2.497e-01 1.471e-04 3.970e-05 3.601e-04 -1.000 8.184e-04 7.519 10.009 8.436 7.559 7.260 7.107 7.052
0.00077741 -1.30000 10.02531 0.5500000715 2.2836583126    0.550 -0.885  3.6851  4.755    1  0.000  0.544     0.00     0.00     0.00     0.00     0.00 -1 -9.26e-15      0.00 7.800e-01 2.193e-01 1.304e-04 3.521e-05 3.194e-04 -1.000 7.324e-04 6.982 8.996 7.664 6.956 6.722 6.610 6.570
0.00077741 -1.30000 10.02531 0.6000000238 2.3211213258    0.600 -0.683  3.7127  4.701    1  0.000  0.544     0.00     0.00     0.00     0.00     0.00 -1  -1.5e-14      0.00 7.887e-01 2.106e-01 1.260e-04 3.402e-05 3.088e-04 -1.000 7.045e-04 6.477 8.076 6.995 6.414 6.228 6.150 6.125
0.00077741 -1.30000 10.02531 0.6062352061 2.3252974068    0.606 -0.657  3.7165  4.695    1  0.000  0.544     0.00     0.00     0.00     0.00     0.00 -1  -1.6e-14      0.00 7.899e-01 2.094e-01 1.254e-04 3.386e-05 3.073e-04 -1.000 6.911e-04 6.412 7.960 6.911 6.346 6.166 6.093 6.070
0.00077741 -1.30000 10.02531 0.6223013997 2.3356158228    0.622 -0.590  3.7264  4.679    1  0.000  0.544     0.00     0.00     0.00     0.00     0.00 -1 -1.87e-14      0.00 7.931e-01 2.062e-01 1.237e-04 3.342e-05 3.034e-04 -1.000 7.115e-04 6.245 7.668 6.700 6.173 6.009 5.947 5.930
0.00077741 -1.30000 10.02531 0.6371499300 2.3446220179    0.637 -0.528  3.7355  4.664    1  0.000  0.543     0.00     0.00     0.00     0.00     0.00 -1 -2.17e-14      0.00 7.963e-01 2.031e-01 1.221e-04 3.299e-05 2.996e-04 -1.000 6.711e-04 6.090 7.411 6.510 6.016 5.865 5.813 5.800
0.00077741 -1.30000 10.02531 0.6498821378 2.3519688590    0.650 -0.475  3.7431  4.650    1  0.000  0.543     0.00     0.00     0.00     0.00     0.00 -1 -2.47e-14      0.00 7.990e-01 2.003e-01 1.207e-04 3.262e-05 2.962e-04 -1.000 7.166e-04 5.957 7.199 6.349 5.883 5.743 5.699 5.690
0.00077741 -1.30000 10.02531 0.6499999762 2.3520353107    0.650 -0.474  3.7431  4.649    1  0.000  0.543     0.00     0.00     0.00     0.00     0.00 -1 -2.47e-14      0.00 7.991e-01 2.002e-01 1.207e-04 3.261e-05 2.962e-04 -1.000 6.839e-04 5.955 7.197 6.347 5.881 5.742 5.698 5.688
0.00077741 -1.30000 10.02531 0.6592816710 2.3571837728    0.659 -0.435  3.7482  4.637    1  0.000  0.543     0.00     0.00     0.00     0.00     0.00 -1 -2.72e-14      0.00 8.016e-01 1.978e-01 1.194e-04 3.228e-05 2.932e-04 -1.000 6.583e-04 5.858 7.048 6.233 5.785 5.654 5.615 5.608
0.00077741 -1.30000 10.02531 0.6735713482 2.3647920282    0.673 -0.375  3.7558  4.616    1  0.000  0.543     0.00     0.00     0.00     0.00     0.00 -1 -3.17e-14      0.00 8.057e-01 1.937e-01 1.174e-04 3.174e-05 2.884e-04 -1.000 6.547e-04 5.707 6.824 6.057 5.638 5.519 5.488 5.484
0.00077741 -1.30000 10.02531 0.6871374249 2.3716793070    0.687 -0.317  3.7627  4.594    1  0.000  0.542     0.00     0.00     0.00     0.00     0.00 -1 -3.68e-14      0.00 8.098e-01 1.896e-01 1.153e-04 3.120e-05 2.835e-04 -1.000 6.548e-04 5.561 6.616 5.890 5.498 5.390 5.366 5.365
0.00077741 -1.30000 10.02531 0.6996967196 2.3777824368    0.700 -0.262  3.7690  4.572    1  0.000  0.542     0.00     0.00     0.00     0.00     0.00 -1 -4.25e-14      0.00 8.139e-01 1.855e-01 1.133e-04 3.066e-05 2.787e-04 -1.000 6.546e-04 5.425 6.429 5.737 5.367 5.269 5.251 5.253
0.00077741 -1.30000 10.02531 0.6999999881 2.3779266974    0.700 -0.260  3.7691  4.572    1  0.000  0.542     0.00     0.00     0.00     0.00     0.00 -1 -4.26e-14      0.00 8.140e-01 1.854e-01 1.133e-04 3.065e-05 2.785e-04 -1.000 6.546e-04 5.421 6.425 5.733 5.364 5.266 5.248 5.250
0.00077741 -1.30000 10.02531 0.7088212967 2.3820608327    0.709 -0.221  3.7733  4.554    1  0.000  0.541     0.00     0.00     0.00     0.00     0.00 -1 -4.73e-14      0.00 8.176e-01 1.817e-01 1.112e-04 3.015e-05 2.742e-04 -1.000 6.443e-04 5.322 6.294 5.623 5.270 5.178 5.165 5.168
0.00077741 -1.30000 10.02531 0.7178658247 2.3861784938    0.718 -0.180  3.7774  4.535    1  0.000  0.539     0.00     0.00     0.00     0.00     0.00 -1 -5.28e-14      0.00 8.217e-01 1.777e-01 1.089e-04 2.962e-05 2.695e-04 -1.000 5.952e-04 5.219 6.160 5.510 5.171 5.086 5.077 5.081
0.00077741 -1.30000 10.02531 0.7300121188 2.3915241088    0.730 -0.123  3.7828  4.507    1  0.000  0.537     0.00     0.00     0.00     0.00     0.00 -1 -6.17e-14      0.00 8.273e-01 1.721e-01 1.058e-04 2.887e-05 2.628e-04 -1.000 5.643e-04 5.076 5.981 5.354 5.035 4.958 4.954 4.960
0.00077741 -1.30000 10.02531 0.7412348390 2.3962846024    0.741 -0.068  3.7875  4.477    1  0.000  0.534     0.00     0.00     0.00     0.00     0.00 -1 -7.19e-14      0.00 8.328e-01 1.667e-01 1.028e-04 2.814e-05 2.564e-04 -1.000 5.547e-04 4.939 5.816 5.205 4.903 4.833 4.834 4.842
0.00077741 -1.30000 10.02531 0.7500000000 2.3998889087    0.750 -0.023  3.7910  4.452    1  0.000  0.533     0.00     0.00     0.00     0.00     0.00 -1 -8.16e-14      0.00 8.371e-01 1.623e-01 1.004e-04 2.755e-05 2.512e-04 -1.000 5.547e-04 4.827 5.683 5.085 4.795 4.731 4.735 4.744
0.00077741 -1.30000 10.02531 0.7571721673 2.4027668834    0.757  0.015  3.7937  4.429    1  0.000  0.532     0.00     0.00     0.00     0.00     0.00 -1 -9.08e-14      0.00 8.403e-01 1.591e-01 9.888e-05 2.715e-05 2.476e-04 -1.000 5.551e-04 4.733 5.575 4.984 4.705 4.644 4.651 4.661
0.00077741 -1.30000 10.02531 0.7678545117 2.4069389778    0.767  0.074  3.7976  4.391    1  0.000  0.532     0.00     0.00     0.00     0.00     0.00 -1 -1.08e-13      0.00 8.447e-01 1.547e-01 9.681e-05 2.660e-05 2.428e-04 -1.000 5.547e-04 4.585 5.406 4.826 4.561 4.507 4.517 4.529
0.00077741 -1.30000 10.02531 0.7773655057 2.4105428359    0.777  0.130  3.8009  4.353    1  0.000  0.531     0.00     0.00     0.00     0.00     0.00 -1 -1.27e-13      0.00 8.483e-01 1.511e-01 9.525e-05 2.618e-05 2.391e-04 -1.000 5.547e-04 4.444 5.247 4.676 4.423 4.374 4.388 4.400
0.00077741 -1.30000 10.02531 0.7861284614 2.4137746421    0.785  0.186  3.8037  4.314    1  0.000  0.530     0.00     0.00     0.00     0.00     0.00 -1  -1.5e-13      0.00 8.512e-01 1.482e-01 9.406e-05 2.587e-05 2.363e-04 -1.000 5.547e-04 4.305 5.095 4.529 4.287 4.243 4.259 4.273
0.00077741 -1.30000 10.02531 0.7942795753 2.4167072977    0.793  0.241  3.8060  4.273    1  0.000  0.530     0.00     0.00     0.00     0.00     0.00 -1 -1.78e-13      0.00 8.536e-01 1.459e-01 9.314e-05 2.563e-05 2.343e-04 -1.000 5.549e-04 4.168 4.947 4.386 4.152 4.112 4.130 4.144
0.00077741 -1.30000 10.02531 0.8000000715 2.4187244613    0.799  0.281  3.8073  4.241    1  0.000  0.530     0.00     0.00     0.00     0.00     0.00 -1 -2.02e-13      0.00 8.548e-01 1.447e-01 9.274e-05 2.552e-05 2.334e-04 -1.000 5.757e-04 4.067 4.839 4.280 4.051 4.013 4.033 4.047
0.00077741 -1.30000 10.02531 0.8024863005 2.4195908528    0.801  0.299  3.8079  4.227    1  0.000  0.530     0.00     0.00     0.00     0.00     0.00 -1 -2.13e-13      0.00 8.547e-01 1.447e-01 9.288e-05 2.556e-05 2.338e-04 -1.000 5.842e-04 4.022 4.791 4.233 4.007 3.971 3.991 4.005
0.00077741 -1.30000 10.02531 0.8095725775 2.4220267075    0.808  0.354  3.8091  4.180    1  0.000  0.530     0.00     0.00     0.00     0.00     0.00 -1 -2.56e-13      0.00 8.530e-01 1.464e-01 9.400e-05 2.588e-05 2.366e-04 -1.000 5.909e-04 3.885 4.647 4.091 3.870 3.835 3.857 3.871
0.00077741 -1.30000 10.02531 0.8097895384 2.4221005131    0.809  0.356  3.8091  4.178    1  0.000  0.530     0.00     0.00     0.00     0.00     0.00 -1 -2.57e-13      0.00 8.529e-01 1.465e-01 9.404e-05 2.589e-05 2.367e-04 -1.000 5.910e-04 3.880 4.643 4.087 3.865 3.831 3.852 3.867
0.00077741 -1.30000 10.02531 0.8119263649 2.4228249940    0.811  0.374  3.8090  4.160    1  0.000  0.530     0.00     0.00     0.00     0.00     0.00 -1 -2.74e-13      0.00 8.524e-01 1.470e-01 9.439e-05 2.599e-05 2.376e-04 -1.000 5.910e-04 3.834 4.596 4.040 3.818 3.784 3.805 3.820
0.00077741 -1.30000 10.02531 0.8180308938 2.4248707473    0.817  0.430  3.8077  4.103    1  0.000  0.530     0.00     0.00     0.00     0.00     0.00 -1  -3.3e-13      0.00 8.508e-01 1.486e-01 9.541e-05 2.627e-05 2.402e-04 -1.000 5.910e-04 3.694 4.460 3.900 3.676 3.641 3.661 3.675
0.00077741 -1.30000 10.02531 0.8231558204 2.4265612986    0.822  0.484  3.8047  4.040    1  0.000  0.530     0.00     0.00     0.00     0.00     0.00 -1    -4e-13      0.00 8.495e-01 1.499e-01 9.626e-05 2.651e-05 2.423e-04 -1.000 5.910e-04 3.561 4.338 3.772 3.540 3.500 3.517 3.530
0.00077741 -1.30000 10.02531 0.8240257502 2.4268458611    0.823  0.493  3.8040  4.028    1  0.000  0.530     0.00     0.00     0.00     0.00     0.00 -1 -4.16e-13      0.00 8.493e-01 1.501e-01 9.641e-05 2.655e-05 2.427e-04 -1.000 5.910e-04 3.537 4.317 3.749 3.515 3.474 3.490 3.503
0.00077741 -1.30000 10.02531 0.8256212473 2.4273659719    0.824  0.513  3.8017  3.999    2  0.000  0.530     0.00     0.00     0.00     0.00     0.00 -1 -4.49e-13      0.00 8.489e-01 1.505e-01 9.667e-05 2.662e-05 2.434e-04 -1.000 5.910e-04 3.487 4.276 3.704 3.462 3.418 3.433 3.445
0.00077741 -1.30000 10.02531 0.8287417889 2.4283765730    0.827  0.556  3.7954  3.933    2  0.000  0.530     0.00     0.00     0.00     0.00     0.00 -1 -5.32e-13      0.00 8.481e-01 1.513e-01 9.718e-05 2.676e-05 2.447e-04 -1.000 5.910e-04 3.380 4.198 3.611 3.350 3.296 3.305 3.314
0.00077741 -1.30000 10.02531 0.8309793472 2.4290958452    0.829  0.590  3.7877  3.869    2  0.000  0.530     0.00     0.00     0.00     0.00     0.00 -1 -6.19e-13      0.00 8.457e-01 1.538e-01 9.882e-05 2.721e-05 2.487e-04 -1.000 5.684e-04 3.294 4.149 3.543 3.257 3.192 3.192 3.200
0.00077741 -1.30000 10.02531 0.8326452971 2.4296284854    0.831  0.618  3.7792  3.808    2  0.000  0.531     0.00     0.00     0.00     0.00     0.00 -1 -7.08e-13      0.00 8.318e-01 1.676e-01 1.067e-04 2.933e-05 2.679e-04 -1.000 5.906e-04 3.225 4.127 3.495 3.180 3.102 3.095 3.099
0.00077741 -1.30000 10.02531 0.8341932893 2.4301212197    0.832  0.645  3.7688  3.741    2  0.000  0.533     0.00     0.00     0.00     0.00     0.00 -1 -8.13e-13      0.00 8.063e-01 1.930e-01 1.194e-04 3.273e-05 2.984e-04 -1.000 6.535e-04 3.159 4.128 3.458 3.108 3.014 2.996 2.996
0.00077741 -1.30000 10.02531 0.8352941275 2.4304703449    0.833  0.667  3.7599  3.683    2  0.000  0.535     0.00     0.00     0.00     0.00     0.00 -1 -9.14e-13      0.00 7.867e-01 2.125e-01 1.279e-04 3.502e-05 3.188e-04 -1.000 7.244e-04 3.103 4.135 3.429 3.047 2.939 2.912 2.909
0.00077741 -1.30000 10.02531 0.8362987041 2.4307880190    0.834  0.697  3.7515  3.621    2  0.000  0.536     0.00     0.00     0.00     0.00     0.00 -1 -1.05e-12      0.00 7.754e-01 2.238e-01 1.329e-04 3.635e-05 3.306e-04 -1.000 7.447e-04 3.029 4.126 3.382 2.972 2.851 2.815 2.808
0.00077741 -1.30000 10.02531 0.8370794654 2.4310343112    0.835  0.730  3.7458  3.564    2  0.000  0.536     0.00     0.00     0.00     0.00     0.00 -1 -1.21e-12      0.00 7.698e-01 2.294e-01 1.354e-04 3.701e-05 3.365e-04 -1.000 7.745e-04 2.944 4.088 3.317 2.887 2.757 2.715 2.706
0.00077741 -1.30000 10.02531 0.8378285170 2.4312701044    0.836  0.772  3.7411  3.504    2  0.000  0.537     0.00     0.00     0.00     0.00     0.00 -1 -1.42e-12      0.00 7.659e-01 2.334e-01 1.371e-04 3.746e-05 3.405e-04 -1.000 7.820e-04 2.840 4.022 3.230 2.784 2.647 2.599 2.588
0.00077741 -1.30000 10.02531 0.8379468918 2.4313073232    0.836  0.780  3.7405  3.494    2  0.000  0.537     0.00     0.00     0.00     0.00     0.00 -1 -1.47e-12      0.00 7.654e-01 2.338e-01 1.372e-04 3.751e-05 3.409e-04 -1.000 7.878e-04 2.819 4.005 3.211 2.763 2.625 2.577 2.566
0.00077741 -1.30000 10.02531 0.8385699391 2.4315030190    0.836  0.826  3.7377  3.438    3  0.000  0.537     0.00     0.00     0.00     0.00     0.00 -1 -1.74e-12      0.00 7.628e-01 2.364e-01 1.381e-04 3.775e-05 3.431e-04 -1.000 7.992e-04 2.706 3.916 3.108 2.651 2.508 2.457 2.444
0.00077741 -1.30000 10.02531 0.8390948772 2.4316676399    0.837  0.867  3.7356  3.388    3  0.000  0.537     0.00     0.00     0.00     0.00     0.00 -1 -2.03e-12      0.00 7.608e-01 2.384e-01 1.388e-04 3.792e-05 3.446e-04 -1.000 7.735e-04 2.602 3.831 3.011 2.548 2.402 2.349 2.335
0.00077741 -1.30000 10.02531 0.8396773338 2.4318500216    0.837  0.917  3.7335  3.330    3  0.000  0.537     0.00     0.00     0.00     0.00     0.00 -1 -2.43e-12      0.00 7.587e-01 2.405e-01 1.393e-04 3.809e-05 3.460e-04 -1.000 7.956e-04 2.477 3.724 2.894 2.424 2.275 2.219 2.204
0.00077741 -1.30000 10.02531 0.8402156830 2.4320183336    0.838  0.968  3.7316  3.272    3  0.000  0.537     0.00     0.00     0.00     0.00     0.00 -1 -2.91e-12      0.00 7.566e-01 2.426e-01 1.397e-04 3.822e-05 3.472e-04 -1.000 7.617e-04 2.351 3.614 2.775 2.299 2.148 2.090 2.073
0.00077741 -1.30000 10.02531 0.8407558203 2.4321869556    0.838  1.022  3.7298  3.210    3  0.000  0.536     0.00     0.00     0.00     0.00     0.00 -1 -3.55e-12      0.00 7.545e-01 2.447e-01 1.399e-04 3.838e-05 3.481e-04 -1.000 7.659e-04 2.214 3.493 2.645 2.164 2.009 1.949 1.932
0.00077741 -1.30000 10.02531 0.8412341475 2.4323360736    0.839  1.075  3.7281  3.151    3  0.000  0.534     0.00     0.00     0.00     0.00     0.00 -1 -4.29e-12      0.00 7.526e-01 2.467e-01 1.397e-04 3.864e-05 3.489e-04 -1.000 7.708e-04 2.082 3.375 2.519 2.032 1.876 1.813 1.795
0.00077741 -1.30000 10.02531 0.8416399956 2.4324624434    0.839  1.124  3.7265  3.096    3  0.000  0.531     0.00     0.00     0.00     0.00     0.00 -1 -5.12e-12      0.00 7.509e-01 2.484e-01 1.391e-04 3.910e-05 3.494e-04 -1.000 7.840e-04 1.959 3.267 2.403 1.912 1.753 1.689 1.669
0.00077741 -1.30000 10.02531 0.8419576883 2.4325612664    0.839  1.165  3.7252  3.049    3  0.000  0.528     0.00     0.00     0.00     0.00     0.00 -1 -5.93e-12      0.00 7.496e-01 2.496e-01 1.384e-04 3.971e-05 3.498e-04 -1.000 7.819e-04 1.856 3.176 2.305 1.810 1.649 1.583 1.563
0.00077741 -1.30000 10.02531 0.8423094153 2.4326705762    0.840  1.215  3.7237  2.994    3  0.000  0.524     0.00     0.00     0.00     0.00     0.00 -1 -7.09e-12      0.00 7.483e-01 2.509e-01 1.374e-04 4.073e-05 3.501e-04 -1.000 7.694e-04 1.732 3.066 2.187 1.687 1.524 1.456 1.435
0.00077741 -1.30000 10.02531 0.8426456451 2.4327749717    0.840  1.267  3.7219  2.934    3  0.000  0.519     0.00     0.00     0.00     0.00     0.00 -1 -8.56e-12      0.00 7.471e-01 2.522e-01 1.362e-04 4.208e-05 3.504e-04 -1.000 7.834e-04 1.602 2.953 2.064 1.558 1.392 1.322 1.300
0.00077741 -1.30000 10.02531 0.8429502249 2.4328694576    0.840  1.319  3.7201  2.876    3  0.000  0.514     0.00     0.00     0.00     0.00     0.00 -1 -1.03e-11      0.00 7.461e-01 2.531e-01 1.350e-04 4.345e-05 3.506e-04 -1.000 8.086e-04 1.473 2.840 1.942 1.430 1.261 1.189 1.167
0.00077741 -1.30000 10.02531 0.8432160616 2.4329518605    0.840  1.368  3.7184  2.820    3  0.000  0.510     0.00     0.00     0.00     0.00     0.00 -1 -1.23e-11      0.00 7.453e-01 2.539e-01 1.341e-04 4.456e-05 3.508e-04 -1.000 7.851e-04 1.349 2.735 1.827 1.309 1.137 1.063 1.039
0.00077741 -1.30000 10.02531 0.8434564471 2.4330263228    0.840  1.417  3.7166  2.764    3  0.000  0.508     0.00     0.00     0.00     0.00     0.00 -1 -1.47e-11      0.00 7.448e-01 2.544e-01 1.334e-04 4.540e-05 3.509e-04 -1.000 7.794e-04 1.228 2.633 1.713 1.189 1.014 0.937 0.913
0.00077741 -1.30000 10.02531 0.8436726332 2.4330932473    0.840  1.465  3.7148  2.709    3  0.000  0.506     0.00     0.00     0.00     0.00     0.00 -1 -1.75e-11      0.00 7.444e-01 2.548e-01 1.329e-04 4.601e-05 3.510e-04 -1.000 7.932e-04 1.108 2.532 1.602 1.071 0.893 0.814 0.789
0.00077741 -1.30000 10.02531 0.8438733816 2.4331553575    0.840  1.514  3.7129  2.652    3  0.000  0.504     0.00     0.00     0.00     0.00     0.00 -1 -2.09e-11      0.00 7.442e-01 2.550e-01 1.326e-04 4.638e-05 3.510e-04 -1.000 8.107e-04 0.986 2.430 1.489 0.951 0.770 0.689 0.663
0.00077741 -1.30000 10.02531 0.8440511227 2.4332103210    0.840  1.561  3.7110  2.598    3  0.000  0.504     0.00     0.00     0.00     0.00     0.00 -1 -2.48e-11      0.00 7.441e-01 2.551e-01 1.325e-04 4.654e-05 3.511e-04 -1.000 8.110e-04 0.869 2.333 1.380 0.836 0.651 0.568 0.540
0.00077741 -1.30000 10.02531 0.8442167640 2.4332615189    0.840  1.608  3.7090  2.542    3  0.000  0.504     0.00     0.00     0.00     0.00     0.00 -1 -2.95e-11      0.00 7.440e-01 2.551e-01 1.325e-04 4.658e-05 3.511e-04 -1.000 8.111e-04 0.749 2.235 1.270 0.719 0.531 0.445 0.417
0.00077741 -1.30000 10.02531 0.8443633318 2.4333068022    0.840  1.655  3.7070  2.488    3  0.000  0.504     0.00     0.00     0.00     0.00     0.00 -1 -3.49e-11      0.00 7.440e-01 2.552e-01 1.325e-04 4.660e-05 3.511e-04 -1.000 8.114e-04 0.633 2.142 1.165 0.606 0.415 0.326 0.297
0.00077741 -1.30000 10.02531 0.8444938660 2.4333471165    0.840  1.699  3.7051  2.435    3  0.000  0.504     0.00     0.00     0.00     0.00     0.00 -1 -4.11e-11      0.00 7.440e-01 2.552e-01 1.324e-04 4.661e-05 3.511e-04 -1.000 8.116e-04 0.521 2.056 1.063 0.496 0.301 0.211 0.180
0.00077741 -1.30000 10.02531 0.8446149230 2.4333844911    0.840  1.744  3.7031  2.382    3  0.000  0.504     0.00     0.00     0.00     0.00     0.00 -1 -4.85e-11      0.00 7.440e-01 2.552e-01 1.324e-04 4.663e-05 3.511e-04 -1.000 8.118e-04 0.409 1.970 0.960 0.385 0.187 0.094 0.062
0.00077741 -1.30000 10.02531 0.8447223902 2.4334176596    0.840  1.788  3.7011  2.331    3  0.000  0.504     0.00     0.00     0.00     0.00     0.00 -1 -5.69e-11      0.00 7.440e-01 2.552e-01 1.324e-04 4.664e-05 3.511e-04 -1.000 8.118e-04 0.301 1.888 0.863 0.278 0.077 -0.018 -0.052
0.00077741 -1.30000 10.02531 0.8448236585 2.4334489061    0.840  1.832  3.6990  2.278    3  0.000  0.504     0.00     0.00     0.00     0.00     0.00 -1 -6.68e-11      0.00 7.440e-01 2.552e-01 1.324e-04 4.665e-05 3.511e-04 -1.000 8.119e-04 0.191 1.807 0.764 0.171 -0.034 -0.132 -0.166
0.00077741 -1.30000 10.02531 0.8449149728 2.4334770739    0.840  1.874  3.6969  2.228    3  0.000  0.503     0.00     0.00     0.00     0.00     0.00 -1 -7.81e-11      0.00 7.440e-01 2.552e-01 1.324e-04 4.666e-05 3.511e-04 -1.000 8.121e-04 0.085 1.730 0.670 0.068 -0.141 -0.241 -0.277
0.00077741 -1.30000 10.02531 0.8450003266 2.4335033967    0.839  1.916  3.6949  2.177    3  0.000  0.503     0.00     0.00     0.00     0.00     0.00 -1 -9.12e-11      0.00 7.440e-01 2.552e-01 1.324e-04 4.667e-05 3.511e-04 -1.000 8.121e-04 -0.020 1.655 0.577 -0.034 -0.246 -0.350 -0.386
0.00077741 -1.30000 10.02531 0.8450820446 2.4335285925    0.839  1.957  3.6928  2.128    3  0.000  0.503     0.00     0.00     0.00     0.00     0.00 -1 -1.06e-10      0.00 7.440e-01 2.552e-01 1.324e-04 4.668e-05 3.511e-04 -1.000 8.123e-04 -0.122 1.582 0.487 -0.134 -0.350 -0.455 -0.493
0.00077741 -1.30000 10.02531 0.8451658487 2.4335544257    0.839  1.994  3.6910  2.084    3  0.000  0.503     0.00     0.00     0.00     0.00     0.00 -1 -1.22e-10      0.00 7.440e-01 2.552e-01 1.324e-04 4.669e-05 3.511e-04 -1.000 8.124e-04 -0.214 1.516 0.405 -0.223 -0.443 -0.551 -0.589
0.00077741 -1.30000 10.02531 0.8452420235 2.4335779020    0.838  2.019  3.6898  2.053    3  0.000  0.503     0.00     0.00     0.00     0.00     0.00 -1 -1.34e-10      0.00 7.440e-01 2.552e-01 1.324e-04 4.670e-05 3.511e-04 -1.000 8.125e-04 -0.278 1.469 0.348 -0.286 -0.507 -0.617 -0.656
0.00077741 -1.30000 10.02531 0.8452987671 2.4335953867    0.838  2.001  3.6911  2.077    3  0.000  0.503     0.00     0.00     0.00     0.00     0.00 -1 -1.26e-10      0.00 7.440e-01 2.552e-01 1.324e-04 4.671e-05 3.511e-04 -1.000 8.126e-04 -0.232 1.497 0.387 -0.241 -0.460 -0.568 -0.607
0.00077741 -1.30000 10.02531 0.8453186154 2.4336015020    0.838  1.994  3.6916  2.086    3  0.000  0.503     0.00     0.00     0.00     0.00     0.00 -1 -1.23e-10      0.00 7.440e-01 2.552e-01 1.324e-04 4.671e-05 3.511e-04 -1.000 8.126e-04 -0.214 1.508 0.402 -0.224 -0.442 -0.549 -0.588
0.00077741 -1.30000 10.02531 0.8453785181 2.4336199561    0.838  2.035  3.6894  2.035    3  0.000  0.503     0.00     0.00     0.00     0.00     0.00 -1 -1.42e-10      0.00 7.440e-01 2.552e-01 1.324e-04 4.672e-05 3.511e-04 -1.000 8.127e-04 -0.318 1.436 0.311 -0.324 -0.547 -0.657 -0.696
0.00077741 -1.30000 10.02531 0.8454352617 2.4336374342    0.837  2.076  3.6872  1.986    3  0.000  0.503     0.00     0.00     0.00     0.00     0.00 -1 -1.65e-10      0.00 7.440e-01 2.552e-01 1.324e-04 4.672e-05 3.511e-04 -1.000 8.128e-04 -0.420 1.370 0.224 -0.422 -0.648 -0.761 -0.802
0.00077741 -1.30000 10.02531 0.8454905152 2.4336544508    0.837  2.118  3.6849  1.934    3  0.000  0.503     0.00     0.00     0.00     0.00     0.00 -1 -1.92e-10      0.00 7.439e-01 2.552e-01 1.324e-04 4.673e-05 3.511e-04 -1.000 8.127e-04 -0.525 1.309 0.135 -0.523 -0.754 -0.870 -0.912
0.00077741 -1.30000 10.02531 0.8455418348 2.4336702536    0.837  2.160  3.6826  1.883    3  0.000  0.503     0.00     0.00     0.00     0.00     0.00 -1 -2.25e-10      0.00 7.439e-01 2.552e-01 1.324e-04 4.674e-05 3.511e-04 -1.000 8.129e-04 -0.629 1.256 0.047 -0.626 -0.860 -0.979 -1.023
0.00077741 -1.30000 10.02531 0.8455876112 2.4336843475    0.836  2.200  3.6803  1.834    3  0.000  0.503     0.00     0.00     0.00     0.00     0.00 -1 -2.61e-10      0.00 7.439e-01 2.552e-01 1.324e-04 4.674e-05 3.511e-04 -1.000 8.129e-04 -0.729 1.208 -0.037 -0.725 -0.962 -1.084 -1.130
0.00077741 -1.30000 10.02531 0.8456302285 2.4336974673    0.836  2.240  3.6779  1.784    3  0.000  0.503     0.00     0.00     0.00     0.00     0.00 -1 -3.03e-10      0.00 7.439e-01 2.553e-01 1.324e-04 4.675e-05 3.511e-04 -1.000 8.130e-04 -0.829 1.164 -0.118 -0.823 -1.064 -1.189 -1.235
0.00077741 -1.30000 10.02531 0.8456695676 2.4337095765    0.835  2.280  3.6756  1.734    3  0.000  0.503     0.00     0.00     0.00     0.00     0.00 -1 -3.52e-10      0.00 7.439e-01 2.553e-01 1.323e-04 4.675e-05 3.511e-04 -1.000 8.130e-04 -0.929 1.123 -0.197 -0.920 -1.165 -1.292 -1.341
0.00077741 -1.30000 10.02531 0.8457061648 2.4337208406    0.835  2.319  3.6732  1.685    3  0.000  0.503     0.00     0.00     0.00     0.00     0.00 -1 -4.09e-10      0.00 7.439e-01 2.553e-01 1.323e-04 4.675e-05 3.511e-04 -1.000 8.131e-04 -1.029 1.085 -0.276 -1.016 -1.266 -1.396 -1.447
0.00077741 -1.30000 10.02531 0.8457388878 2.4337309112    0.834  2.358  3.6708  1.637    3  0.000  0.503     0.00     0.00     0.00     0.00     0.00 -1 -4.72e-10      0.00 7.439e-01 2.553e-01 1.323e-04 4.676e-05 3.511e-04 -1.000 8.131e-04 -1.124 1.052 -0.351 -1.109 -1.363 -1.496 -1.548
0.00077741 -1.30000 10.02531 0.8457695246 2.4337403390    0.833  2.396  3.6684  1.588    3  0.000  0.503     0.00     0.00     0.00     0.00     0.00 -1 -5.45e-10      0.00 7.439e-01 2.553e-01 1.323e-04 4.676e-05 3.511e-04 -1.000 8.132e-04 -1.220 1.024 -0.423 -1.201 -1.459 -1.596 -1.649
0.00077741 -1.30000 10.02531 0.8458042741 2.4337510315    0.833  2.443  3.6654  1.529    3  0.000  0.503     0.00     0.00     0.00     0.00     0.00 -1 -6.49e-10      0.00 7.439e-01 2.553e-01 1.323e-04 4.677e-05 3.511e-04 -1.000 8.132e-04 -1.337 0.995 -0.509 -1.312 -1.576 -1.717 -1.772
0.00077741 -1.30000 10.02531 0.8458354473 2.4337606227    0.832  2.488  3.6624  1.471    3  0.000  0.503     0.00     0.00     0.00     0.00     0.00 -1 -7.71e-10      0.00 7.439e-01 2.553e-01 1.323e-04 4.677e-05 3.511e-04 -1.000 8.133e-04 -1.451 0.974 -0.591 -1.421 -1.690 -1.835 -1.893
0.00077741 -1.30000 10.02531 0.8458644748 2.4337695530    0.831  2.534  3.6594  1.413    3  0.000  0.503     8.16     6.31     4.46     3.45     2.79  3 -9.17e-10      0.00 7.439e-01 2.553e-01 1.323e-04 4.677e-05 3.511e-04 -1.000 8.132e-04 -1.565 0.962 -0.670 -1.529 -1.805 -1.954 -2.014
0.00077741 -1.30000 10.02531 0.8458903432 2.4337775107    0.829  2.578  3.6564  1.356    3  0.000  0.503     9.19     6.99     4.91     3.81     3.08  3 -1.08e-09      0.00 7.439e-01 2.553e-01 1.323e-04 4.678e-05 3.511e-04 -1.000 8.132e-04 -1.676 0.949 -0.744 -1.629 -1.912 -2.066 -2.129
0.00077741 -1.30000 10.02531 0.8459140658 2.4337848080    0.828  2.622  3.6535  1.300    3  0.000  0.503    10.34     7.73     5.41     4.20     3.40  3 -1.28e-09      0.00 7.439e-01 2.553e-01 1.323e-04 4.678e-05 3.511e-04 -1.000 8.133e-04 -1.784 0.927 -0.817 -1.726 -2.017 -2.176 -2.241
0.00077741 -1.30000 10.02531 0.8459368944 2.4337918297    0.827  2.667  3.6504  1.242    3  0.000  0.503    11.69     8.58     5.98     4.64     3.76  3 -1.52e-09      0.00 7.439e-01 2.553e-01 1.323e-04 4.678e-05 3.511e-04 -1.000 8.133e-04 -1.897 0.907 -0.893 -1.827 -2.126 -2.289 -2.357
0.00077741 -1.30000 10.02531 0.8459565639 2.4337978794    0.826  2.709  3.6474  1.188    3  0.000  0.503    13.10     9.47     6.56     5.11     4.14  3 -1.78e-09      0.00 7.439e-01 2.553e-01 1.323e-04 4.678e-05 3.511e-04 -1.000 8.133e-04 -2.001 0.891 -0.960 -1.918 -2.225 -2.394 -2.464
0.00077741 -1.30000 10.02531 0.8459751606 2.4338035988    0.824  2.751  3.6444  1.133    3  0.000  0.503    14.71    10.45     7.22     5.62     4.56  2 -2.09e-09      0.00 7.439e-01 2.553e-01 1.323e-04 4.679e-05 3.511e-04 -1.000 8.134e-04 -2.107 0.875 -1.028 -2.011 -2.326 -2.500 -2.572
0.00077741 -1.30000 10.02531 0.8459927440 2.4338090064    0.822  2.794  3.6414  1.077    3  0.000  0.503    16.56    11.56     7.95     6.20     5.03  2 -2.47e-09      0.00 7.439e-01 2.553e-01 1.323e-04 4.679e-05 3.511e-04 -1.000 8.134e-04 -2.215 0.861 -1.097 -2.104 -2.428 -2.607 -2.682
0.00077741 -1.30000 10.02531 0.8460078835 2.4338136621    0.821  2.834  3.6384  1.024    3  0.000  0.503    18.48    12.70     8.69     6.79     5.51  2 -2.88e-09      0.00 7.439e-01 2.553e-01 1.323e-04 4.679e-05 3.511e-04 -1.000 8.134e-04 -2.314 0.853 -1.157 -2.189 -2.520 -2.705 -2.783
0.00077741 -1.30000 10.02531 0.8460225463 2.4338181711    0.819  2.875  3.6354  0.970    3  0.000  0.503    20.71    14.00     9.54     7.47     6.06  2 -3.37e-09      0.00 7.439e-01 2.553e-01 1.323e-04 4.679e-05 3.511e-04 -1.000 8.134e-04 -2.417 0.849 -1.215 -2.275 -2.616 -2.807 -2.887
0.00077741 -1.30000 10.02531 0.8460363746 2.4338224233    0.816  2.916  3.6324  0.916    3  0.000  0.503    23.23    15.44    10.47     8.21     6.66  2 -3.95e-09      0.00 7.439e-01 2.553e-01 1.323e-04 4.679e-05 3.511e-04 -1.000 8.135e-04 -2.520 0.850 -1.271 -2.361 -2.712 -2.909 -2.991
0.00077741 -1.30000 10.02531 0.8460482359 2.4338260705    0.814  2.954  3.6294  0.865    3  0.000  0.503    25.86    16.92    11.43     8.97     7.28  2 -4.58e-09      0.00 7.439e-01 2.553e-01 1.323e-04 4.679e-05 3.511e-04 -1.000 8.135e-04 -2.615 0.856 -1.319 -2.438 -2.800 -3.002 -3.088
0.00077741 -1.30000 10.02531 0.8460596800 2.4338295893    0.812  2.993  3.6265  0.812    3  0.000  0.503    28.84    18.58    12.49     9.82     7.97  2 -5.33e-09      0.00 7.439e-01 2.553e-01 1.323e-04 4.680e-05 3.511e-04 -1.000 8.135e-04 -2.712 0.860 -1.367 -2.516 -2.888 -3.097 -3.185
0.00077741 -1.30000 10.02531 0.8460708261 2.4338330163    0.809  3.033  3.6235  0.759    3  0.000  0.503    32.26    20.44    13.69    10.78     8.75  1 -6.22e-09      0.00 7.439e-01 2.553e-01 1.323e-04 4.680e-05 3.511e-04 -1.000 8.135e-04 -2.812 0.862 -1.417 -2.597 -2.979 -3.195 -3.285
0.00077741 -1.30000 10.02531 0.8460804820 2.4338359852    0.806  3.070  3.6206  0.709    3  0.000  0.503    35.82    22.34    14.90    11.75     9.54  1 -7.18e-09      0.00 7.439e-01 2.553e-01 1.323e-04 4.680e-05 3.512e-04 -1.000 8.135e-04 -2.904 0.867 -1.461 -2.670 -3.063 -3.284 -3.377
0.00077741 -1.30000 10.02531 0.8460901380 2.4338389539    0.803  3.108  3.6176  0.657    3  0.000  0.503    40.01    24.55    16.30    12.88    10.46  1 -8.36e-09      0.00 7.439e-01 2.553e-01 1.323e-04 4.680e-05 3.512e-04 -1.000 8.135e-04 -3.001 0.873 -1.505 -2.746 -3.150 -3.378 -3.474
0.00077741 -1.30000 10.02531 0.8460990191 2.4338416843    0.799  3.146  3.6147  0.605    3  0.000  0.503    44.56    26.91    17.80    14.08    11.43  1 -9.71e-09      0.00 7.439e-01 2.553e-01 1.323e-04 4.680e-05 3.512e-04 -1.000 8.135e-04 -3.096 0.876 -1.548 -2.820 -3.235 -3.470 -3.568
0.00077741 -1.30000 10.02531 0.8461071849 2.4338441948    0.796  3.183  3.6119  0.555    3  0.000  0.503    49.48    29.42    19.37    15.35    12.47  1 -1.12e-08      0.00 7.439e-01 2.553e-01 1.323e-04 4.680e-05 3.512e-04 -1.000 8.135e-04 -3.187 0.878 -1.589 -2.891 -3.317 -3.558 -3.659
0.00077741 -1.30000 10.02531 0.8461149931 2.4338465953    0.792  3.220  3.6090  0.504    3  0.000  0.503    55.07    32.22    21.13    16.76    13.62  1  -1.3e-08      0.00 7.439e-01 2.553e-01 1.323e-04 4.680e-05 3.512e-04 -1.000 8.136e-04 -3.280 0.880 -1.627 -2.961 -3.399 -3.647 -3.750
0.00077741 -1.30000 10.02531 0.8461223841 2.4338488675    0.787  3.257  3.6062  0.454    3  0.000  0.503    61.19    35.23    23.01    18.28    14.86  1  -1.5e-08      0.00 7.439e-01 2.553e-01 1.323e-04 4.680e-05 3.512e-04 -1.000 8.136e-04 -3.372 0.877 -1.656 -3.027 -3.479 -3.734 -3.840
0.00077741 -1.30000 10.02531 0.8461292982 2.4338509930    0.782  3.291  3.6035  0.406    3  0.000  0.503    67.64    38.35    24.94    19.85    16.13  1 -1.72e-08      0.00 7.439e-01 2.553e-01 1.323e-04 4.680e-05 3.512e-04 -1.000 8.136e-04 -3.458 0.874 -1.682 -3.088 -3.554 -3.816 -3.924
0.00077741 -1.30000 10.02531 0.8461345434 2.4338526054    0.778  3.316  3.6015  0.371    3  0.000  0.503    72.87    40.85    26.49    21.10    17.15  1 -1.92e-08      0.00 7.439e-01 2.553e-01 1.323e-04 4.680e-05 3.512e-04 -1.000 8.136e-04 -3.521 0.872 -1.702 -3.133 -3.609 -3.877 -3.987
0.00077741 -1.30000 10.02531 0.8461345434 2.4338526054    0.778  1.749  3.7449  2.512    4  0.000  0.520     0.00     0.00     0.00     0.00     0.00 -1    -1e-30      0.00 7.409e-01 2.583e-01 1.386e-04 4.276e-05 3.560e-04 -1.000 8.184e-04 0.398 1.520 0.756 0.343 0.216 0.171 0.159
0.00077741 -1.30000 10.02531 0.8461875319 2.4338688935    0.778  1.766  3.7436  2.489    4  0.000  0.520     0.00     0.00     0.00     0.00     0.00 -1    -1e-30      0.00 7.409e-01 2.583e-01 1.386e-04 4.276e-05 3.560e-04 -1.000 8.184e-04 0.354 1.488 0.718 0.300 0.171 0.124 0.112
0.00077741 -1.30000 10.02531 0.8462420702 2.4338856555    0.778  1.769  3.7434  2.485    4  0.000  0.520     0.00     0.00     0.00     0.00     0.00 -1    -1e-30      0.00 7.409e-01 2.583e-01 1.386e-04 4.276e-05 3.560e-04 -1.000 8.183e-04 0.347 1.482 0.710 0.292 0.163 0.116 0.104
0.00077741 -1.30000 10.02531 0.8462959528 2.4339022135    0.778  1.771  3.7435  2.484    4  0.000  0.520     0.00     0.00     0.00     0.00     0.00 -1    -1e-30      0.00 7.409e-01 2.583e-01 1.386e-04 4.276e-05 3.560e-04 -1.000 8.184e-04 0.343 1.477 0.706 0.288 0.159 0.112 0.100
0.00077741 -1.30000 10.02531 0.8463518620 2.4339193918    0.778  1.772  3.7438  2.485    4  0.000  0.520     0.00     0.00     0.00     0.00     0.00 -1    -1e-30      0.00 7.409e-01 2.583e-01 1.386e-04 4.276e-05 3.560e-04 -1.000 8.184e-04 0.341 1.472 0.703 0.286 0.157 0.111 0.099
0.00077741 -1.30000 10.02531 0.8464070559 2.4339363477    0.778  1.772  3.7443  2.486    4  0.000  0.520     0.00     0.00     0.00     0.00     0.00 -1    -1e-30      0.00 7.409e-01 2.583e-01 1.386e-04 4.276e-05 3.560e-04 -1.000 8.184e-04 0.340 1.468 0.700 0.285 0.157 0.111 0.100
0.00077741 -1.30000 10.02531 0.8464636207 2.4339537221    0.778  1.771  3.7450  2.490    4  0.000  0.520     0.00     0.00     0.00     0.00     0.00 -1    -1e-30      0.00 7.409e-01 2.583e-01 1.386e-04 4.276e-05 3.560e-04 -1.000 8.184e-04 0.341 1.463 0.699 0.286 0.159 0.114 0.103
0.00077741 -1.30000 10.02531 0.8465192914 2.4339708193    0.778  1.771  3.7457  2.493    4  0.000  0.520     0.00     0.00     0.00     0.00     0.00 -1    -1e-30      0.00 7.409e-01 2.583e-01 1.386e-04 4.276e-05 3.560e-04 -1.000 8.184e-04 0.343 1.459 0.697 0.288 0.162 0.118 0.107
0.00077741 -1.30000 10.02531 0.8465754390 2.4339880603    0.778  1.770  3.7466  2.498    4  0.000  0.520     0.00     0.00     0.00     0.00     0.00 -1    -1e-30      0.00 7.409e-01 2.583e-01 1.386e-04 4.276e-05 3.560e-04 -1.000 8.184e-04 0.346 1.454 0.697 0.290 0.166 0.122 0.112
0.00077741 -1.30000 10.02531 0.8466294408 2.4340046399    0.778  1.769  3.7474  2.502    4  0.000  0.520     0.00     0.00     0.00     0.00     0.00 -1    -1e-30      0.00 7.409e-01 2.583e-01 1.386e-04 4.276e-05 3.560e-04 -1.000 8.184e-04 0.348 1.450 0.695 0.292 0.169 0.126 0.116
0.00077741 -1.30000 10.02531 0.8466830850 2.4340211074    0.779  1.768  3.7481  2.506    4  0.000  0.520     0.00     0.00     0.00     0.00     0.00 -1    -1e-30      0.00 7.409e-01 2.583e-01 1.386e-04 4.276e-05 3.560e-04 -1.000 8.184e-04 0.350 1.445 0.694 0.294 0.172 0.130 0.121
0.00077741 -1.30000 10.02531 0.8467404842 2.4340387249    0.779  1.767  3.7489  2.510    4  0.000  0.520     0.00     0.00     0.00     0.00     0.00 -1    -1e-30      0.00 7.409e-01 2.583e-01 1.386e-04 4.276e-05 3.560e-04 -1.000 8.184e-04 0.352 1.441 0.693 0.295 0.175 0.134 0.125
0.00077741 -1.30000 10.02531 0.8467985988 2.4340565591    0.779  1.766  3.7497  2.514    4  0.000  0.520     0.00     0.00     0.00     0.00     0.00 -1    -1e-30      0.00 7.409e-01 2.583e-01 1.386e-04 4.277e-05 3.560e-04 -1.000 8.184e-04 0.354 1.436 0.692 0.297 0.178 0.138 0.129
0.00077741 -1.30000 10.02531 0.8468553424 2.4340739699    0.779  1.766  3.7504  2.517    4  0.000  0.520     0.00     0.00     0.00     0.00     0.00 -1    -1e-30      0.00 7.409e-01 2.583e-01 1.386e-04 4.277e-05 3.560e-04 -1.000 8.185e-04 0.356 1.433 0.691 0.298 0.181 0.141 0.132
0.00077741 -1.30000 10.02531 0.8469113111 2.4340911404    0.779  1.765  3.7509  2.520    4  0.000  0.520     0.00     0.00     0.00     0.00     0.00 -1    -1e-30      0.00 7.409e-01 2.583e-01 1.386e-04 4.277e-05 3.560e-04 -1.000 8.184e-04 0.357 1.429 0.689 0.299 0.182 0.143 0.135
0.00077741 -1.30000 10.02531 0.8469247818 2.4340952726    0.779  1.765  3.7510  2.520    4  0.000  0.520     0.00     0.00     0.00     0.00     0.00 -1    -1e-30      0.00 7.409e-01 2.583e-01 1.386e-04 4.277e-05 3.560e-04 -1.000 8.184e-04 0.357 1.428 0.689 0.299 0.183 0.144 0.135
0.00077741 -1.30000 10.02531 0.8469367623 2.4340989476    0.779  1.765  3.7511  2.521    4  0.000  0.520     0.00     0.00     0.00     0.00     0.00 -1    -1e-30      0.00 7.409e-01 2.583e-01 1.386e-04 4.277e-05 3.560e-04 -1.000 8.183e-04 0.357 1.428 0.689 0.299 0.183 0.144 0.136
0.00077741 -1.30000 10.02531 0.8469930291 2.4341162056    0.779  1.765  3.7515  2.522    4  0.000  0.520     0.00     0.00     0.00     0.00     0.00 -1    -1e-30      0.00 7.409e-01 2.583e-01 1.386e-04 4.277e-05 3.560e-04 -1.000 8.184e-04 0.357 1.425 0.687 0.299 0.183 0.145 0.137
0.00077741 -1.30000 10.02531 0.8470506072 2.4341338631    0.779  1.765  3.7518  2.523    4  0.000  0.520     0.00     0.00     0.00     0.00     0.00 -1    -1e-30      0.00 7.409e-01 2.583e-01 1.386e-04 4.277e-05 3.560e-04 -1.000 8.184e-04 0.356 1.422 0.685 0.298 0.183 0.145 0.137
0.00077741 -1.30000 10.02531 0.8471072316 2.4341512254    0.779  1.766  3.7519  2.523    4  0.000  0.520     0.00     0.00     0.00     0.00     0.00 -1    -1e-30      0.00 7.409e-01 2.583e-01 1.386e-04 4.277e-05 3.560e-04 -1.000 8.184e-04 0.355 1.419 0.683 0.296 0.182 0.144 0.136
0.00077741 -1.30000 10.02531 0.8471639752 2.4341686217    0.779  1.767  3.7519  2.522    4  0.000  0.520     0.00     0.00     0.00     0.00     0.00 -1    -1e-30      0.00 7.409e-01 2.583e-01 1.386e-04 4.277e-05 3.560e-04 -1.000 8.184e-04 0.352 1.417 0.681 0.294 0.179 0.141 0.133
0.00077741 -1.30000 10.02531 0.8472251892 2.4341873854    0.779  1.769  3.7516  2.520    4  0.000  0.520     0.00     0.00     0.00     0.00     0.00 -1    -1e-30      0.00 7.409e-01 2.583e-01 1.386e-04 4.277e-05 3.560e-04 -1.000 8.184e-04 0.349 1.415 0.678 0.291 0.175 0.137 0.129
0.00077741 -1.30000 10.02531 0.8472829461 2.4342050866    0.779  1.770  3.7513  2.516    4  0.000  0.520     0.00     0.00     0.00     0.00     0.00 -1    -1e-30      0.00 7.409e-01 2.583e-01 1.386e-04 4.277e-05 3.560e-04 -1.000 8.184e-04 0.344 1.414 0.675 0.286 0.170 0.132 0.123
0.00077741 -1.30000 10.02531 0.8473260999 2.4342183104    0.779  1.772  3.7509  2.513    4  0.000  0.520     0.00     0.00     0.00     0.00     0.00 -1    -1e-30      0.00 7.409e-01 2.583e-01 1.386e-04 4.277e-05 3.560e-04 -1.000 8.184e-04 0.340 1.412 0.673 0.282 0.165 0.126 0.118
0.00077741 -1.30000 10.02531 0.8473410606 2.4342228946    0.779  1.773  3.7507  2.512    4  0.000  0.520     0.00     0.00     0.00     0.00     0.00 -1    -1e-30      0.00 7.409e-01 2.583e-01 1.386e-04 4.277e-05 3.560e-04 -1.000 8.184e-04 0.338 1.412 0.671 0.280 0.163 0.124 0.115
0.00077741 -1.30000 10.02531 0.8473914862 2.4342383441    0.779  1.775  3.7501  2.507    4  0.000  0.520     0.00     0.00     0.00     0.00     0.00 -1    -1e-30      0.00 7.409e-01 2.583e-01 1.386e-04 4.277e-05 3.560e-04 -1.000 8.184e-04 0.332 1.411 0.668 0.274 0.156 0.117 0.108
0.00077741 -1.30000 10.02531 0.8474445343 2.4342545949    0.779  1.778  3.7494  2.501    4  0.000  0.520     0.00     0.00     0.00     0.00     0.00 -1    -1e-30      0.00 7.409e-01 2.583e-01 1.386e-04 4.277e-05 3.560e-04 -1.000 8.184e-04 0.325 1.409 0.663 0.267 0.148 0.108 0.098
0.00077741 -1.30000 10.02531 0.8474949002 2.4342700219    0.779  1.781  3.7486  2.495    4  0.000  0.520     0.00     0.00     0.00     0.00     0.00 -1    -1e-30      0.00 7.409e-01 2.583e-01 1.386e-04 4.277e-05 3.560e-04 -1.000 8.184e-04 0.316 1.407 0.658 0.259 0.139 0.098 0.088
0.00077741 -1.30000 10.02531 0.8475460410 2.4342856841    0.780  1.785  3.7478  2.488    4  0.000  0.520     0.00     0.00     0.00     0.00     0.00 -1    -1e-30      0.00 7.409e-01 2.583e-01 1.386e-04 4.277e-05 3.560e-04 -1.000 8.184e-04 0.307 1.406 0.653 0.250 0.129 0.086 0.076
0.00077741 -1.30000 10.02531 0.8475954533 2.4343008148    0.780  1.789  3.7469  2.481    4  0.000  0.520     0.00     0.00     0.00     0.00     0.00 -1    -1e-30      0.00 7.409e-01 2.583e-01 1.386e-04 4.277e-05 3.560e-04 -1.000 8.184e-04 0.298 1.404 0.647 0.241 0.118 0.075 0.065
0.00077741 -1.30000 10.02531 0.8476452827 2.4343160712    0.780  1.793  3.7460  2.473    4  0.000  0.520     0.00     0.00     0.00     0.00     0.00 -1    -1e-30      0.00 7.409e-01 2.583e-01 1.386e-04 4.277e-05 3.560e-04 -1.000 8.183e-04 0.288 1.401 0.640 0.231 0.107 0.063 0.052
0.00077741 -1.30000 10.02531 0.8476958871 2.4343315628    0.780  1.797  3.7454  2.467    4  0.000  0.520     0.00     0.00     0.00     0.00     0.00 -1    -1e-30      0.00 7.409e-01 2.583e-01 1.386e-04 4.277e-05 3.560e-04 -1.000 8.184e-04 0.278 1.397 0.633 0.222 0.096 0.051 0.040
0.00077741 -1.30000 10.02531 0.8477463722 2.4343470157    0.780  1.802  3.7441  2.456    4  0.000  0.520     0.00     0.00     0.00     0.00     0.00 -1    -1e-30      0.00 7.409e-01 2.583e-01 1.386e-04 4.277e-05 3.560e-04 -1.000 8.183e-04 0.264 1.394 0.624 0.209 0.081 0.034 0.023
0.00077741 -1.30000 10.02531 0.8478010297 2.4343637434    0.780  1.811  3.7423  2.440    4  0.000  0.520     0.00     0.00     0.00     0.00     0.00 -1    -1e-30      0.00 7.409e-01 2.583e-01 1.386e-04 4.277e-05 3.560e-04 -1.000 8.184e-04 0.242 1.387 0.609 0.187 0.056 0.008 -0.005
0.00077741 -1.30000 10.02531 0.8478516340 2.4343792284    0.780  1.815  3.7415  2.433    4  0.000  0.520     0.00     0.00     0.00     0.00     0.00 -1    -1e-30      0.00 7.409e-01 2.583e-01 1.386e-04 4.278e-05 3.560e-04 -1.000 8.184e-04 0.233 1.384 0.603 0.178 0.046 -0.003 -0.016
0.00077741 -1.30000 10.02531 0.8479017019 2.4343945472    0.780  1.828  3.7391  2.410    4  0.000  0.520     0.00     0.00     0.00     0.00     0.00 -1    -1e-30      0.00 7.409e-01 2.583e-01 1.386e-04 4.278e-05 3.560e-04 -1.000 8.183e-04 0.200 1.373 0.580 0.146 0.009 -0.042 -0.056
0.00077741 -1.30000 10.02531 0.8479536176 2.4344104291    0.780  1.848  3.7358  2.377    4  0.000  0.520     0.00     0.00     0.00     0.00     0.00 -1    -1e-30      0.00 7.409e-01 2.583e-01 1.386e-04 4.278e-05 3.560e-04 -1.000 8.184e-04 0.150 1.355 0.543 0.096 -0.045 -0.101 -0.116
0.00077741 -1.30000 10.02531 0.8480010033 2.4344249233    0.780  1.883  3.7306  2.322    4  0.000  0.520     0.00     0.00     0.00     0.00     0.00 -1    -1e-30      0.00 7.409e-01 2.583e-01 1.386e-04 4.278e-05 3.560e-04 -1.000 8.184e-04 0.063 1.318 0.477 0.012 -0.139 -0.199 -0.217
0.00077741 -1.30000 10.02531 0.8480239511 2.4344319418    0.780  1.919  3.7257  2.266    4  0.000  0.520     0.00     0.00     0.00     0.00     0.00 -1    -1e-30      0.00 7.409e-01 2.583e-01 1.386e-04 4.278e-05 3.560e-04 -1.000 8.183e-04 -0.028 1.280 0.408 -0.078 -0.236 -0.302 -0.323
0.00077741 -1.30000 10.02531 0.8480340838 2.4344350407    0.780  1.956  3.7211  2.210    4  0.000  0.520     0.00     0.00     0.00     0.00     0.00 -1    -1e-30      0.00 7.409e-01 2.583e-01 1.386e-04 4.278e-05 3.560e-04 -1.000 8.184e-04 -0.121 1.238 0.336 -0.168 -0.334 -0.405 -0.428
0.00077741 -1.30000 10.02531 0.8480384946 2.4344363897    0.780  1.993  3.7167  2.156    4  0.000  0.520     0.00     0.00     0.00     0.00     0.00 -1    -1e-30      0.00 7.409e-01 2.583e-01 1.386e-04 4.278e-05 3.560e-04 -1.000 8.184e-04 -0.212 1.196 0.265 -0.256 -0.429 -0.506 -0.531
0.00077741 -1.30000 10.02531 0.8480405807 2.4344370277    0.780  2.026  3.7132  2.109    4  0.000  0.520     0.00     0.00     0.00     0.00     0.00 -1    -1e-30      0.00 7.409e-01 2.583e-01 1.386e-04 4.278e-05 3.560e-04 -1.000 8.184e-04 -0.294 1.156 0.201 -0.335 -0.515 -0.595 -0.622
0.00077741 -1.30000 10.02531 0.8480417728 2.4344373922    0.780  2.057  3.7099  2.065    4  0.000  0.520     0.00     0.00     0.00     0.00     0.00 -1    -1e-30      0.00 7.409e-01 2.583e-01 1.386e-04 4.278e-05 3.560e-04 -1.000 8.184e-04 -0.373 1.117 0.138 -0.411 -0.596 -0.681 -0.709
0.00077741 -1.30000 10.02531 0.8480418921 2.4344374287    0.780  2.061  3.7096  2.060    7  0.000  0.520     0.00     0.00     0.00     0.00     0.00 -1 -9.09e-10      0.00 7.409e-01 2.567e-01 1.386e-04 4.278e-05 3.560e-04 -1.000 2.411e-03 -0.382 1.112 0.132 -0.419 -0.605 -0.690 -0.718
0.00077741 -1.30000 10.02531 0.8480427265 2.4344376839    0.780  2.091  3.7069  2.019    7  0.000  0.520     0.00     0.00     0.00     0.00     0.00 -1 -1.09e-09      0.00 7.409e-01 2.567e-01 1.386e-04 4.278e-05 3.560e-04 -1.000 2.411e-03 -0.457 1.072 0.071 -0.491 -0.682 -0.770 -0.800
0.00077741 -1.30000 10.02531 0.8480436802 2.4344379755    0.780  2.127  3.7037  1.970    7  0.000  0.520     0.00     0.00     0.00     0.00     0.00 -1 -1.35e-09      0.00 7.409e-01 2.567e-01 1.386e-04 4.278e-05 3.560e-04 -1.000 2.411e-03 -0.546 1.026 -0.001 -0.578 -0.774 -0.866 -0.898
0.00077741 -1.30000 10.02531 0.8480446339 2.4344382672    0.780  2.158  3.7011  1.928    7  0.000  0.520     0.00     0.00     0.00     0.00     0.00 -1 -1.63e-09      0.00 7.409e-01 2.567e-01 1.386e-04 4.278e-05 3.560e-04 -1.000 2.411e-03 -0.625 0.986 -0.065 -0.653 -0.854 -0.950 -0.983
0.00077741 -1.30000 10.02531 0.8480455875 2.4344385588    0.780  2.179  3.6994  1.901    7  0.000  0.520     0.00     0.00     0.00     0.00     0.00 -1 -1.83e-09      0.00 7.409e-01 2.567e-01 1.386e-04 4.278e-05 3.560e-04 -1.000 2.411e-03 -0.676 0.959 -0.106 -0.703 -0.907 -1.004 -1.038
0.00077741 -1.30000 10.02531 0.8480470181 2.4344389963    0.780  2.184  3.6991  1.894    7  0.000  0.520     0.00     0.00     0.00     0.00     0.00 -1 -1.89e-09      0.00 7.409e-01 2.567e-01 1.386e-04 4.278e-05 3.560e-04 -1.000 2.411e-03 -0.690 0.951 -0.117 -0.716 -0.920 -1.018 -1.053
0.00077741 -1.30000 10.02531 0.8480495811 2.4344397801    0.779  2.165  3.7007  1.920    7  0.000  0.520     0.00     0.00     0.00     0.00     0.00 -1  -1.7e-09      0.00 7.409e-01 2.567e-01 1.386e-04 4.278e-05 3.560e-04 -1.000 2.411e-03 -0.642 0.975 -0.079 -0.670 -0.872 -0.967 -1.001
0.00077741 -1.30000 10.02531 0.8480536342 2.4344410196    0.779  2.145  3.7023  1.946    7  0.000  0.520     0.00     0.00     0.00     0.00     0.00 -1 -1.51e-09      0.00 7.409e-01 2.567e-01 1.386e-04 4.278e-05 3.560e-04 -1.000 2.411e-03 -0.592 1.001 -0.039 -0.622 -0.821 -0.915 -0.947
0.00077741 -1.30000 10.02531 0.8480801582 2.4344491308    0.777  2.163  3.7007  1.921    7  0.000  0.520     0.00     0.00     0.00     0.00     0.00 -1 -1.68e-09      0.00 7.409e-01 2.567e-01 1.386e-04 4.278e-05 3.560e-04 -1.000 2.411e-03 -0.636 0.981 -0.074 -0.664 -0.866 -0.962 -0.995
0.00077741 -1.30000 10.02531 0.8480986357 2.4344547809    0.776  2.196  3.6978  1.875    7  0.000  0.520     0.00     0.00     0.00     0.00     0.00 -1 -2.07e-09      0.00 7.409e-01 2.567e-01 1.386e-04 4.278e-05 3.560e-04 -1.000 2.411e-03 -0.721 0.940 -0.141 -0.745 -0.952 -1.052 -1.087
0.00077741 -1.30000 10.02531 0.8481197357 2.4344612325    0.774  2.247  3.6934  1.805    7  0.000  0.520     0.00     0.00     0.00     0.00     0.00 -1 -2.81e-09      0.00 7.409e-01 2.567e-01 1.386e-04 4.278e-05 3.560e-04 -1.000 2.411e-03 -0.848 0.881 -0.241 -0.866 -1.081 -1.187 -1.224
0.00077741 -1.30000 10.02531 0.8481379747 2.4344668091    0.771  2.296  3.6893  1.739    7  0.000  0.520     0.00     0.00     0.00     0.00     0.00 -1 -3.76e-09      0.00 7.409e-01 2.567e-01 1.386e-04 4.278e-05 3.560e-04 -1.000 2.411e-03 -0.970 0.825 -0.336 -0.981 -1.204 -1.315 -1.355
0.00077741 -1.30000 10.02531 0.8481540680 2.4344717294    0.768  2.343  3.6855  1.675    7  0.000  0.520     0.00     0.00     0.00     0.00     0.00 -1 -4.96e-09      0.00 7.409e-01 2.567e-01 1.386e-04 4.278e-05 3.560e-04 -1.000 2.410e-03 -1.086 0.775 -0.426 -1.090 -1.320 -1.436 -1.478
0.00077741 -1.30000 10.02531 0.8481683731 2.4344761029    0.765  2.386  3.6821  1.616    7  0.000  0.520     0.00     0.00     0.00     0.00     0.00 -1 -6.43e-09      0.00 7.409e-01 2.567e-01 1.386e-04 4.278e-05 3.560e-04 -1.000 2.404e-03 -1.194 0.746 -0.508 -1.195 -1.431 -1.551 -1.595
0.00077741 -1.30000 10.02531 0.8481810689 2.4344799841    0.761  2.427  3.6787  1.559    7  0.000  0.520     0.00     0.00     0.00     0.00     0.00 -1 -8.26e-09      0.00 7.409e-01 2.568e-01 1.385e-04 4.278e-05 3.560e-04 -1.000 2.363e-03 -1.298 0.722 -0.585 -1.296 -1.537 -1.661 -1.708
0.00077741 -1.30000 10.02531 0.8481923342 2.4344834279    0.756  2.468  3.6755  1.503    7  0.000  0.519     0.00     0.00     0.00     0.00     0.00 -1 -1.06e-08      0.00 7.409e-01 2.568e-01 1.385e-04 4.280e-05 3.560e-04 -1.000 2.310e-03 -1.399 0.704 -0.659 -1.393 -1.640 -1.769 -1.817
0.00077741 -1.30000 10.02531 0.8482024670 2.4344865255    0.751  2.508  3.6723  1.447    7  0.000  0.518     7.34     5.78     4.09     3.17     2.57  3 -1.34e-08      0.00 7.409e-01 2.568e-01 1.382e-04 4.293e-05 3.560e-04 -1.000 2.278e-03 -1.500 0.693 -0.729 -1.490 -1.743 -1.875 -1.926
0.00077741 -1.30000 10.02531 0.8482116461 2.4344893314    0.745  2.548  3.6688  1.390    7  0.000  0.515     8.27     6.40     4.51     3.50     2.83  3 -1.72e-08      0.00 7.409e-01 2.569e-01 1.374e-04 4.346e-05 3.560e-04 -1.000 2.232e-03 -1.599 0.698 -0.793 -1.584 -1.844 -1.981 -2.035
0.00077741 -1.30000 10.02531 0.8482200503 2.4344919004    0.738  2.588  3.6629  1.322    7  0.000  0.508     9.53     7.22     5.05     3.93     3.18  3 -2.22e-08      0.00 7.408e-01 2.570e-01 1.358e-04 4.502e-05 3.560e-04 -1.000 2.184e-03 -1.699 0.778 -0.829 -1.672 -1.944 -2.089 -2.147
0.00077741 -1.30000 10.02531 0.8482276797 2.4344942325    0.730  2.627  3.6563  1.251    7  0.000  0.500    11.04     8.18     5.69     4.44     3.59  2 -2.88e-08      0.00 7.408e-01 2.570e-01 1.337e-04 4.752e-05 3.560e-04 -1.000 2.175e-03 -1.798 0.881 -0.852 -1.752 -2.038 -2.193 -2.256
0.00077741 -1.30000 10.02531 0.8482348919 2.4344964370    0.720  2.667  3.6527  1.191    7  0.000  0.491    12.50     9.09     6.29     4.92     3.98  2 -3.71e-08      0.00 7.408e-01 2.571e-01 1.313e-04 5.040e-05 3.560e-04 -1.000 2.107e-03 -1.898 0.884 -0.910 -1.838 -2.133 -2.293 -2.360
0.00077741 -1.30000 10.02531 0.8482417464 2.4344985322    0.707  2.706  3.6495  1.131    7  0.000  0.483    14.12    10.07     6.94     5.44     4.40  2 -4.83e-08      0.00 7.407e-01 2.571e-01 1.292e-04 5.298e-05 3.560e-04 -1.000 2.116e-03 -1.996 0.882 -0.969 -1.923 -2.227 -2.392 -2.461
0.00077741 -1.30000 10.02531 0.8482483625 2.4345005544    0.691  2.746  3.6463  1.069    7  0.000  0.476    16.02    11.20     7.68     6.03     4.88  2 -6.36e-08      0.00 7.407e-01 2.572e-01 1.274e-04 5.527e-05 3.560e-04 -1.000 2.106e-03 -2.094 0.883 -1.025 -2.007 -2.319 -2.490 -2.562
0.00077741 -1.30000 10.02531 0.8482547998 2.4345025220    0.670  2.785  3.6430  1.003    7  0.000  0.470    18.32    12.54     8.54     6.73     5.45  1 -8.55e-08      0.00 7.406e-01 2.573e-01 1.257e-04 5.731e-05 3.560e-04 -1.000 2.091e-03 -2.194 0.888 -1.082 -2.092 -2.413 -2.590 -2.664
0.00077741 -1.30000 10.02531 0.8482605815 2.4345042891    0.645  2.824  3.6402  0.937    7  0.000  0.464    20.92    13.99     9.48     7.49     6.06  1 -1.18e-07      0.00 7.405e-01 2.574e-01 1.243e-04 5.906e-05 3.560e-04 -1.000 2.051e-03 -2.290 0.896 -1.135 -2.174 -2.505 -2.687 -2.764
0.00077741 -1.30000 10.02531 0.8482660651 2.4345059651    0.611  2.864  3.6386  0.867    7  0.000  0.459    23.99    15.65    10.54     8.35     6.76  1 -1.69e-07      0.00 7.405e-01 2.575e-01 1.230e-04 6.063e-05 3.560e-04 -1.000 2.034e-03 -2.389 0.880 -1.200 -2.264 -2.602 -2.788 -2.867
0.00077741 -1.30000 10.02531 0.8482708931 2.4345074407    0.570  2.903  3.6415  0.809    7  0.000  0.455    26.78    17.07    11.44     9.10     7.36  1  -2.5e-07      0.00 7.404e-01 2.576e-01 1.219e-04 6.199e-05 3.559e-04 -1.000 2.028e-03 -2.488 0.760 -1.318 -2.378 -2.712 -2.893 -2.970
0.00077741 -1.30000 10.02531 0.8482736945 2.4345082969    0.538  2.930  3.6491  0.787    7  0.000  0.453    27.77    17.51    11.70     9.33     7.55  1 -3.31e-07      0.00 7.403e-01 2.577e-01 1.212e-04 6.285e-05 3.559e-04 -1.000 2.021e-03 -2.556 0.548 -1.459 -2.482 -2.799 -2.968 -3.039
0.00077741 -1.30000 10.02531 0.8482745886 2.4345085702    0.513  2.940  3.6606  0.802    7  0.000  0.451    26.60    16.82    11.25     8.98     7.26  1 -3.57e-07      0.00 7.402e-01 2.577e-01 1.208e-04 6.341e-05 3.558e-04 -1.000 2.077e-03 -2.580 0.233 -1.612 -2.553 -2.843 -2.994 -3.056
0.00077741 -1.30000 10.02531 1.1082708836 2.4930587429    0.549 -9.999  3.6270  7.961    9  0.549  0.000     0.00     0.00     0.00     0.00     0.00 -1    -1e-30      0.00 7.282e-01 2.711e-01 1.090e-04 8.923e-05 3.587e-04 -1.000 7.364e-04 29.767 32.727 30.968 29.876 29.491 29.298 29.231
