# Zini     MH   logAge Mini        int_IMF         Mass   logL    logTe  logg  label   McoreTP C_O  period0  period1  period2  period3  period4  pmode  Mloss  tau1m   X   Y   Xc  Xn  Xo  Cexcess  Z 	 mbolmag  umag    gmag    rmag    imag    zmag    Ymag
0.0001957 -1.90000 10.04139 0.0903137699 1.0846885349    0.090 -3.190  3.4898  5.494    1  0.000  0.545     0.00     0.00     0.00     0.00     0.00 -1 -4.84e-17      0.00 7.485e-01 2.513e-01 3.540e-05 9.550e-06 8.661e-05 -1.000 1.969e-04 12.744 17.815 15.784 13.870 12.490 12.042 11.942
0.0001957 -1.90000 10.04139 0.0970277488 1.1457873221    0.097 -2.932  3.5276  5.419    1  0.000  0.545     0.00     0.00     0.00     0.00     0.00 -1 -9.22e-17      0.00 7.469e-01 2.529e-01 3.540e-05 9.550e-06 8.662e-05 -1.000 1.968e-04 12.100 16.856 14.531 12.795 11.854 11.495 11.391
0.0001957 -1.90000 10.04139 0.1003081650 1.1736754597    0.100 -2.813  3.5451  5.384    1  0.000  0.545     0.00     0.00     0.00     0.00     0.00 -1 -1.24e-16      0.00 7.461e-01 2.537e-01 3.540e-05 9.550e-06 8.662e-05 -1.000 1.968e-04 11.802 16.264 13.963 12.330 11.558 11.234 11.132
0.0001957 -1.90000 10.04139 0.1202969477 1.3212693602    0.120 -2.520  3.5756  5.292    1  0.000  0.545     0.00     0.00     0.00     0.00     0.00 -1 -2.48e-16      0.00 7.430e-01 2.568e-01 3.540e-05 9.550e-06 8.662e-05 -1.000 1.969e-04 11.069 14.884 12.795 11.375 10.824 10.552 10.459
0.0001957 -1.90000 10.04139 0.1402857602 1.4399919546    0.140 -2.337  3.5903  5.234    1  0.000  0.545     0.00     0.00     0.00     0.00     0.00 -1 -3.73e-16      0.00 7.410e-01 2.588e-01 3.540e-05 9.551e-06 8.662e-05 -1.000 1.968e-04 10.612 14.098 12.152 10.849 10.364 10.114 10.027
0.0001957 -1.90000 10.04139 0.1602745354 1.5385365924    0.160 -2.193  3.5998  5.187    1  0.000  0.545     0.00     0.00     0.00     0.00     0.00 -1 -5.13e-16      0.00 7.396e-01 2.602e-01 3.540e-05 9.551e-06 8.662e-05 -1.000 1.969e-04 10.254 13.541 11.683 10.456 10.003 9.768 9.685
0.0001957 -1.90000 10.04139 0.2002521455 1.6947337812    0.200 -1.974  3.6119  5.113    1  0.000  0.545     0.00     0.00     0.00     0.00     0.00 -1 -8.28e-16      0.00 7.388e-01 2.610e-01 3.540e-05 9.551e-06 8.662e-05 -1.000 1.969e-04 9.704 12.750 11.001 9.867 9.450 9.232 9.156
0.0001957 -1.90000 10.04139 0.2502241135 1.8408943289    0.250 -1.772  3.6228  5.052    1  0.000  0.545     0.00     0.00     0.00     0.00     0.00 -1 -1.27e-15      0.00 7.389e-01 2.609e-01 3.540e-05 9.551e-06 8.662e-05 -1.000 1.968e-04 9.200 12.043 10.384 9.328 8.941 8.739 8.669
0.0001957 -1.90000 10.04139 0.3001961410 1.9533065853    0.300 -1.617  3.6319  5.012    1  0.000  0.545     0.00     0.00     0.00     0.00     0.00 -1 -1.73e-15      0.00 7.390e-01 2.608e-01 3.539e-05 9.552e-06 8.662e-05 -1.000 1.968e-04 8.813 11.496 9.908 8.914 8.550 8.362 8.296
0.0001957 -1.90000 10.04139 0.3501680791 2.0436928651    0.350 -1.490  3.6402  4.985    1  0.000  0.544     0.00     0.00     0.00     0.00     0.00 -1 -2.21e-15      0.00 7.389e-01 2.609e-01 3.537e-05 9.553e-06 8.662e-05 -1.000 1.968e-04 8.495 11.040 9.514 8.573 8.229 8.053 7.992
0.0001957 -1.90000 10.04139 0.4001400769 2.1186953837    0.400 -1.364  3.6493  4.954    1  0.000  0.545     0.00     0.00     0.00     0.00     0.00 -1 -2.86e-15      0.00 7.503e-01 2.495e-01 3.540e-05 9.550e-06 8.661e-05 -1.000 1.968e-04 8.181 10.582 9.123 8.235 7.912 7.749 7.693
0.0001957 -1.90000 10.04139 0.4501120746 2.1824133859    0.450 -1.209  3.6645  4.910    1  0.000  0.545     0.00     0.00     0.00     0.00     0.00 -1 -4.06e-15      0.00 7.507e-01 2.491e-01 3.540e-05 9.550e-06 8.661e-05 -1.000 1.968e-04 7.793 9.954 8.615 7.812 7.523 7.381 7.333
0.0001957 -1.90000 10.04139 0.4695468545 2.2047573482    0.469 -1.140  3.6718  4.889    1  0.000  0.545     0.00     0.00     0.00     0.00     0.00 -1 -4.78e-15      0.00 7.507e-01 2.491e-01 3.539e-05 9.549e-06 8.661e-05 -1.000 1.969e-04 7.620 9.665 8.387 7.623 7.350 7.218 7.174
0.0001957 -1.90000 10.04139 0.5000840425 2.2375407721    0.500 -1.036  3.6827  4.856    1  0.000  0.545     0.00     0.00     0.00     0.00     0.00 -1  -6.1e-15      0.00 7.508e-01 2.490e-01 3.539e-05 9.549e-06 8.660e-05 -1.000 1.968e-04 7.361 9.241 8.054 7.345 7.094 6.976 6.938
0.0001957 -1.90000 10.04139 0.5500560999 2.2837046950    0.550 -0.835  3.7029  4.777    1  0.000  0.544     0.00     0.00     0.00     0.00     0.00 -1 -1.01e-14      0.00 7.819e-01 2.180e-01 3.125e-05 8.435e-06 7.654e-05 -1.000 9.999e-05 6.858 8.453 7.434 6.817 6.603 6.510 6.482
0.0001957 -1.90000 10.04139 0.6000280380 2.3211403119    0.600 -0.631  3.7278  4.710    1  0.000  0.544     0.00     0.00     0.00     0.00     0.00 -1 -1.67e-14      0.00 7.933e-01 2.065e-01 2.978e-05 8.045e-06 7.302e-05 -1.000 1.806e-04 6.348 7.648 6.811 6.294 6.123 6.058 6.043
0.0001957 -1.90000 10.04139 0.6102834940 2.3279563127    0.610 -0.587  3.7337  4.697    1  0.000  0.544     0.00     0.00     0.00     0.00     0.00 -1 -1.86e-14      0.00 7.963e-01 2.036e-01 2.941e-05 7.946e-06 7.214e-05 -1.000 1.505e-04 6.238 7.478 6.679 6.184 6.022 5.964 5.951
0.0001957 -1.90000 10.04139 0.6230599284 2.3360878767    0.623 -0.532  3.7411  4.681    1  0.000  0.543     0.00     0.00     0.00     0.00     0.00 -1 -2.13e-14      0.00 8.001e-01 1.998e-01 2.893e-05 7.818e-06 7.098e-05 -1.000 1.582e-04 6.101 7.270 6.515 6.047 5.897 5.847 5.838
0.0001957 -1.90000 10.04139 0.6344608068 2.3430268837    0.634 -0.483  3.7476  4.666    1  0.000  0.543     0.00     0.00     0.00     0.00     0.00 -1 -2.41e-14      0.00 8.036e-01 1.962e-01 2.848e-05 7.696e-06 6.989e-05 -1.000 1.659e-04 5.977 7.090 6.370 5.927 5.788 5.744 5.738
0.0001957 -1.90000 10.04139 0.6446155906 2.3489703814    0.644 -0.439  3.7534  4.651    1  0.000  0.543     0.00     0.00     0.00     0.00     0.00 -1 -2.69e-14      0.00 8.070e-01 1.928e-01 2.806e-05 7.583e-06 6.888e-05 -1.000 1.811e-04 5.867 6.931 6.242 5.820 5.690 5.653 5.649
0.0001957 -1.90000 10.04139 0.6499999762 2.3520353107    0.650 -0.415  3.7564  4.643    1  0.000  0.543     0.00     0.00     0.00     0.00     0.00 -1 -2.85e-14      0.00 8.089e-01 1.910e-01 2.782e-05 7.521e-06 6.832e-05 -1.000 1.463e-04 5.807 6.847 6.173 5.763 5.639 5.605 5.602
0.0001957 -1.90000 10.04139 0.6529015899 2.3536628982    0.653 -0.402  3.7579  4.639    1  0.000  0.543     0.00     0.00     0.00     0.00     0.00 -1 -2.95e-14      0.00 8.101e-01 1.898e-01 2.767e-05 7.480e-06 6.795e-05 -1.000 1.362e-04 5.775 6.802 6.136 5.733 5.611 5.578 5.576
0.0001957 -1.90000 10.04139 0.6648805141 2.3602095860    0.665 -0.349  3.7643  4.618    1  0.000  0.543     0.00     0.00     0.00     0.00     0.00 -1 -3.38e-14      0.00 8.154e-01 1.845e-01 2.700e-05 7.302e-06 6.636e-05 -1.000 1.809e-04 5.642 6.622 5.985 5.605 5.493 5.467 5.468
0.0001957 -1.90000 10.04139 0.6755247116 2.3658033382    0.675 -0.300  3.7699  4.599    1  0.000  0.542     0.00     0.00     0.00     0.00     0.00 -1 -3.83e-14      0.00 8.204e-01 1.794e-01 2.637e-05 7.134e-06 6.485e-05 -1.000 1.968e-04 5.521 6.464 5.851 5.491 5.387 5.367 5.369
0.0001957 -1.90000 10.04139 0.6859744191 2.3711011345    0.686 -0.252  3.7752  4.579    1  0.000  0.542     0.00     0.00     0.00     0.00     0.00 -1 -4.34e-14      0.00 8.256e-01 1.742e-01 2.570e-05 6.957e-06 6.326e-05 -1.000 1.884e-04 5.401 6.311 5.718 5.377 5.282 5.266 5.270
0.0001957 -1.90000 10.04139 0.6959151626 2.3759714525    0.696 -0.205  3.7802  4.559    1  0.000  0.541     0.00     0.00     0.00     0.00     0.00 -1 -4.49e-14      0.00 8.309e-01 1.689e-01 2.503e-05 6.779e-06 6.166e-05 -1.000 1.785e-04 5.283 6.164 5.590 5.266 5.178 5.168 5.174
0.0001957 -1.90000 10.04139 0.6999999881 2.3779266974    0.700 -0.186  3.7822  4.549    1  0.000  0.541     0.00     0.00     0.00     0.00     0.00 -1 -5.18e-14      0.00 8.333e-01 1.666e-01 2.474e-05 6.702e-06 6.097e-05 -1.000 1.516e-04 5.234 6.104 5.536 5.219 5.135 5.126 5.133
0.0001957 -1.90000 10.04139 0.7062098384 2.3808493370    0.706 -0.155  3.7852  4.535    1  0.000  0.540     0.00     0.00     0.00     0.00     0.00 -1 -5.63e-14      0.00 8.369e-01 1.630e-01 2.428e-05 6.588e-06 5.996e-05 -1.000 9.958e-05 5.158 6.013 5.453 5.147 5.068 5.062 5.070
0.0001957 -1.90000 10.04139 0.7166882157 2.3856491336    0.716 -0.102  3.7900  4.507    1  0.000  0.538     0.00     0.00     0.00     0.00     0.00 -1 -6.52e-14      0.00 8.427e-01 1.571e-01 2.353e-05 6.407e-06 5.837e-05 -1.000 1.616e-04 5.025 5.855 5.309 5.021 4.949 4.948 4.957
0.0001957 -1.90000 10.04139 0.7265675664 2.3900290240    0.726 -0.050  3.7945  4.479    1  0.000  0.535     0.00     0.00     0.00     0.00     0.00 -1 -7.54e-14      0.00 8.479e-01 1.519e-01 2.290e-05 6.256e-06 5.704e-05 -1.000 1.419e-04 4.894 5.704 5.168 4.895 4.831 4.834 4.845
0.0001957 -1.90000 10.04139 0.7352399230 2.3937624518    0.735 -0.002  3.7984  4.451    1  0.000  0.534     0.00     0.00     0.00     0.00     0.00 -1 -8.64e-14      0.00 8.521e-01 1.477e-01 2.242e-05 6.140e-06 5.602e-05 -1.000 1.257e-04 4.774 5.565 5.038 4.779 4.721 4.728 4.740
0.0001957 -1.90000 10.04139 0.7438036203 2.3973510285    0.743  0.049  3.8021  4.421    1  0.000  0.532     0.00     0.00     0.00     0.00     0.00 -1 -9.98e-14      0.00 8.558e-01 1.441e-01 2.201e-05 6.044e-06 5.520e-05 -1.000 9.713e-05 4.648 5.424 4.904 4.657 4.605 4.616 4.630
0.0001957 -1.90000 10.04139 0.7500000000 2.3998889087    0.749  0.087  3.8047  4.397    1  0.000  0.530     0.00     0.00     0.00     0.00     0.00 -1 -1.12e-13      0.00 8.582e-01 1.417e-01 2.176e-05 5.988e-06 5.471e-05 -1.000 9.856e-05 4.553 5.318 4.801 4.564 4.516 4.530 4.544
0.0001957 -1.90000 10.04139 0.7536550164 2.4013634278    0.753  0.110  3.8064  4.382    1  0.000  0.530     0.00     0.00     0.00     0.00     0.00 -1 -1.19e-13      0.00 8.586e-01 1.413e-01 2.177e-05 5.992e-06 5.476e-05 -1.000 1.040e-04 4.495 5.254 4.739 4.508 4.463 4.478 4.493
0.0001957 -1.90000 10.04139 0.7610802650 2.4043088558    0.760  0.160  3.8097  4.350    1  0.000  0.530     0.00     0.00     0.00     0.00     0.00 -1 -1.38e-13      0.00 8.592e-01 1.406e-01 2.180e-05 6.003e-06 5.489e-05 -1.000 1.625e-04 4.370 5.116 4.606 4.386 4.347 4.365 4.381
0.0001957 -1.90000 10.04139 0.7700198889 2.4077684758    0.769  0.225  3.8136  4.306    1  0.000  0.529     0.00     0.00     0.00     0.00     0.00 -1 -1.68e-13      0.00 8.600e-01 1.399e-01 2.185e-05 6.020e-06 5.506e-05 -1.000 1.573e-04 4.208 4.940 4.433 4.227 4.194 4.216 4.233
0.0001957 -1.90000 10.04139 0.7782718539 2.4108809823    0.777  0.291  3.8168  4.257    1  0.000  0.529     0.00     0.00     0.00     0.00     0.00 -1 -2.06e-13      0.00 8.605e-01 1.394e-01 2.191e-05 6.037e-06 5.524e-05 -1.000 9.716e-05 4.043 4.763 4.257 4.063 4.035 4.060 4.078
0.0001957 -1.90000 10.04139 0.7837464213 2.4129043612    0.783  0.338  3.8187  4.220    1  0.000  0.529     0.00     0.00     0.00     0.00     0.00 -1 -2.38e-13      0.00 8.607e-01 1.392e-01 2.196e-05 6.053e-06 5.540e-05 -1.000 9.936e-05 3.925 4.638 4.133 3.945 3.921 3.948 3.966
0.0001957 -1.90000 10.04139 0.7889361382 2.4147926738    0.788  0.386  3.8200  4.181    1  0.000  0.528     0.00     0.00     0.00     0.00     0.00 -1 -2.77e-13      0.00 8.599e-01 1.400e-01 2.212e-05 6.099e-06 5.582e-05 -1.000 9.999e-05 3.806 4.513 4.009 3.826 3.805 3.833 3.851
0.0001957 -1.90000 10.04139 0.7931783795 2.4163151511    0.792  0.427  3.8206  4.145    1  0.000  0.528     0.00     0.00     0.00     0.00     0.00 -1 -3.19e-13      0.00 8.588e-01 1.411e-01 2.230e-05 6.149e-06 5.628e-05 -1.000 9.999e-05 3.704 4.408 3.903 3.723 3.703 3.732 3.751
0.0001957 -1.90000 10.04139 0.7949064374 2.4169299714    0.794  0.446  3.8203  4.125    1  0.000  0.528     0.00     0.00     0.00     0.00     0.00 -1  -3.4e-13      0.00 8.584e-01 1.415e-01 2.238e-05 6.169e-06 5.646e-05 -1.000 9.999e-05 3.655 4.360 3.854 3.674 3.654 3.682 3.700
0.0001957 -1.90000 10.04139 0.7995994687 2.4185842811    0.798  0.502  3.8184  4.064    1  0.000  0.528     0.00     0.00     0.00     0.00     0.00 -1 -4.11e-13      0.00 8.573e-01 1.426e-01 2.258e-05 6.224e-06 5.696e-05 -1.000 1.000e-04 3.516 4.225 3.716 3.532 3.510 3.536 3.554
0.0001957 -1.90000 10.04139 0.8000000119 2.4187244405    0.799  0.507  3.8181  4.058    1  0.000  0.528     0.00     0.00     0.00     0.00     0.00 -1 -4.19e-13      0.00 8.572e-01 1.427e-01 2.259e-05 6.228e-06 5.701e-05 -1.000 1.000e-04 3.503 4.213 3.704 3.519 3.496 3.522 3.539
0.0001957 -1.90000 10.04139 0.8028265834 2.4197089532    0.801  0.544  3.8159  4.014    1  0.000  0.528     0.00     0.00     0.00     0.00     0.00 -1 -4.79e-13      0.00 8.563e-01 1.436e-01 2.271e-05 6.260e-06 5.730e-05 -1.000 1.056e-04 3.410 4.126 3.614 3.424 3.398 3.422 3.439
0.0001957 -1.90000 10.04139 0.8035995960 2.4199768119    0.802  0.555  3.8151  4.000    1  0.000  0.528     0.00     0.00     0.00     0.00     0.00 -1    -5e-13      0.00 8.560e-01 1.439e-01 2.274e-05 6.269e-06 5.738e-05 -1.000 1.072e-04 3.383 4.100 3.588 3.395 3.368 3.391 3.408
0.0001957 -1.90000 10.04139 0.8042567968 2.4202040746    0.803  0.565  3.8140  3.985    2  0.000  0.529     0.00     0.00     0.00     0.00     0.00 -1 -5.23e-13      0.00 8.558e-01 1.441e-01 2.277e-05 6.276e-06 5.744e-05 -1.000 1.085e-04 3.357 4.078 3.564 3.368 3.340 3.362 3.378
0.0001957 -1.90000 10.04139 0.8064630628 2.4209638961    0.805  0.603  3.8088  3.928    2  0.000  0.529     0.00     0.00     0.00     0.00     0.00 -1 -6.05e-13      0.00 8.551e-01 1.448e-01 2.286e-05 6.301e-06 5.767e-05 -1.000 1.129e-04 3.262 3.998 3.479 3.268 3.232 3.249 3.263
0.0001957 -1.90000 10.04139 0.8081423044 2.4215390178    0.807  0.637  3.8022  3.868    2  0.000  0.529     0.00     0.00     0.00     0.00     0.00 -1    -7e-13      0.00 8.545e-01 1.454e-01 2.293e-05 6.320e-06 5.784e-05 -1.000 1.162e-04 3.177 3.937 3.408 3.177 3.130 3.141 3.153
0.0001957 -1.90000 10.04139 0.8094514608 2.4219854864    0.808  0.668  3.7944  3.807    2  0.000  0.529     0.00     0.00     0.00     0.00     0.00 -1 -8.06e-13      0.00 8.541e-01 1.458e-01 2.298e-05 6.335e-06 5.797e-05 -1.000 1.187e-04 3.100 3.891 3.349 3.094 3.035 3.038 3.048
0.0001957 -1.90000 10.04139 0.8105037212 2.4223431422    0.809  0.695  3.7856  3.745    2  0.000  0.529     0.00     0.00     0.00     0.00     0.00 -1 -9.21e-13      0.00 8.538e-01 1.461e-01 2.303e-05 6.347e-06 5.808e-05 -1.000 1.199e-04 3.032 3.862 3.303 3.019 2.947 2.941 2.948
0.0001957 -1.90000 10.04139 0.8113795519 2.4226400174    0.810  0.720  3.7767  3.685    2  0.000  0.529     0.00     0.00     0.00     0.00     0.00 -1 -1.04e-12      0.00 8.443e-01 1.556e-01 2.416e-05 6.654e-06 6.085e-05 -1.000 1.165e-04 2.970 3.844 3.265 2.951 2.864 2.850 2.854
0.0001957 -1.90000 10.04139 0.8121420741 2.4228978856    0.810  0.744  3.7686  3.629    2  0.000  0.532     0.00     0.00     0.00     0.00     0.00 -1 -1.18e-12      0.00 8.172e-01 1.826e-01 2.724e-05 7.478e-06 6.822e-05 -1.000 1.681e-04 2.911 3.830 3.227 2.886 2.787 2.765 2.766
0.0001957 -1.90000 10.04139 0.8128452301 2.4231351844    0.811  0.770  3.7608  3.573    2  0.000  0.534     0.00     0.00     0.00     0.00     0.00 -1 -1.33e-12      0.00 7.953e-01 2.045e-01 2.973e-05 8.143e-06 7.416e-05 -1.000 1.353e-04 2.846 3.811 3.185 2.817 2.706 2.677 2.674
0.0001957 -1.90000 10.04139 0.8135507107 2.4233727937    0.812  0.804  3.7536  3.510    2  0.000  0.536     0.00     0.00     0.00     0.00     0.00 -1 -1.55e-12      0.00 7.814e-01 2.184e-01 3.131e-05 8.568e-06 7.794e-05 -1.000 1.805e-04 2.759 3.772 3.120 2.728 2.605 2.568 2.562
0.0001957 -1.90000 10.04139 0.8141021729 2.4235581991    0.812  0.840  3.7489  3.455    2  0.000  0.536     0.00     0.00     0.00     0.00     0.00 -1 -1.79e-12      0.00 7.750e-01 2.248e-01 3.205e-05 8.764e-06 7.969e-05 -1.000 1.969e-04 2.671 3.716 3.047 2.638 2.508 2.466 2.458
0.0001957 -1.90000 10.04139 0.8146477938 2.4237413565    0.813  0.882  3.7449  3.398    2  0.000  0.536     0.00     0.00     0.00     0.00     0.00 -1 -2.11e-12      0.00 7.708e-01 2.290e-01 3.251e-05 8.890e-06 8.082e-05 -1.000 1.968e-04 2.566 3.640 2.954 2.532 2.396 2.349 2.340
0.0001957 -1.90000 10.04139 0.8147285581 2.4237684440    0.813  0.889  3.7445  3.389    2  0.000  0.536     0.00     0.00     0.00     0.00     0.00 -1 -2.17e-12      0.00 7.704e-01 2.295e-01 3.256e-05 8.903e-06 8.093e-05 -1.000 1.637e-04 2.548 3.626 2.938 2.514 2.377 2.330 2.321
0.0001957 -1.90000 10.04139 0.8151724339 2.4239172051    0.813  0.930  3.7422  3.339    3  0.000  0.537     0.00     0.00     0.00     0.00     0.00 -1 -2.52e-12      0.00 7.680e-01 2.318e-01 3.281e-05 8.968e-06 8.152e-05 -1.000 1.820e-04 2.445 3.540 2.843 2.412 2.271 2.221 2.211
0.0001957 -1.90000 10.04139 0.8156628013 2.4240813310    0.814  0.978  3.7398  3.281    3  0.000  0.537     0.00     0.00     0.00     0.00     0.00 -1    -3e-12      0.00 7.656e-01 2.342e-01 3.302e-05 9.025e-06 8.203e-05 -1.000 1.948e-04 2.324 3.436 2.730 2.290 2.146 2.094 2.082
0.0001957 -1.90000 10.04139 0.8160765171 2.4242196253    0.814  1.022  3.7380  3.230    3  0.000  0.537     0.00     0.00     0.00     0.00     0.00 -1 -3.52e-12      0.00 7.638e-01 2.360e-01 3.317e-05 9.064e-06 8.238e-05 -1.000 1.967e-04 2.214 3.341 2.627 2.182 2.034 1.980 1.967
0.0001957 -1.90000 10.04139 0.8164749742 2.4243526666    0.814  1.067  3.7364  3.179    3  0.000  0.537     0.00     0.00     0.00     0.00     0.00 -1 -4.14e-12      0.00 7.623e-01 2.375e-01 3.328e-05 9.097e-06 8.267e-05 -1.000 1.969e-04 2.102 3.241 2.520 2.070 1.920 1.864 1.850
0.0001957 -1.90000 10.04139 0.8168458343 2.4244763594    0.815  1.112  3.7348  3.129    3  0.000  0.537     0.00     0.00     0.00     0.00     0.00 -1 -4.86e-12      0.00 7.608e-01 2.390e-01 3.338e-05 9.124e-06 8.290e-05 -1.000 1.968e-04 1.991 3.142 2.414 1.959 1.807 1.749 1.735
0.0001957 -1.90000 10.04139 0.8171952367 2.4245927773    0.815  1.157  3.7334  3.078    3  0.000  0.537     0.00     0.00     0.00     0.00     0.00 -1 -5.71e-12      0.00 7.594e-01 2.405e-01 3.344e-05 9.148e-06 8.310e-05 -1.000 1.930e-04 1.879 3.041 2.307 1.848 1.693 1.634 1.619
0.0001957 -1.90000 10.04139 0.8175448179 2.4247091403    0.815  1.205  3.7319  3.024    3  0.000  0.536     0.00     0.00     0.00     0.00     0.00 -1 -6.79e-12      0.00 7.580e-01 2.418e-01 3.349e-05 9.172e-06 8.327e-05 -1.000 1.729e-04 1.758 2.932 2.192 1.728 1.571 1.510 1.494
0.0001957 -1.90000 10.04139 0.8178468943 2.4248095985    0.815  1.250  3.7305  2.973    3  0.000  0.535     0.00     0.00     0.00     0.00     0.00 -1 -7.98e-12      0.00 7.568e-01 2.430e-01 3.350e-05 9.199e-06 8.340e-05 -1.000 1.859e-04 1.645 2.830 2.084 1.616 1.457 1.394 1.377
0.0001957 -1.90000 10.04139 0.8181439042 2.4249082886    0.815  1.298  3.7290  2.919    3  0.000  0.534     0.00     0.00     0.00     0.00     0.00 -1 -9.49e-12      0.00 7.556e-01 2.442e-01 3.347e-05 9.240e-06 8.352e-05 -1.000 1.968e-04 1.525 2.722 1.969 1.496 1.335 1.270 1.253
0.0001957 -1.90000 10.04139 0.8184135556 2.4249978167    0.816  1.345  3.7276  2.866    3  0.000  0.533     0.00     0.00     0.00     0.00     0.00 -1 -1.12e-11      0.00 7.546e-01 2.452e-01 3.341e-05 9.297e-06 8.361e-05 -1.000 1.968e-04 1.407 2.615 1.856 1.379 1.215 1.149 1.131
0.0001957 -1.90000 10.04139 0.8186574578 2.4250787373    0.816  1.392  3.7261  2.814    3  0.000  0.531     0.00     0.00     0.00     0.00     0.00 -1 -1.33e-11      0.00 7.538e-01 2.461e-01 3.333e-05 9.372e-06 8.368e-05 -1.000 1.968e-04 1.291 2.511 1.745 1.263 1.097 1.029 1.011
0.0001957 -1.90000 10.04139 0.8188797832 2.4251524510    0.816  1.438  3.7246  2.762    3  0.000  0.529     0.00     0.00     0.00     0.00     0.00 -1 -1.57e-11      0.00 7.530e-01 2.468e-01 3.324e-05 9.460e-06 8.374e-05 -1.000 1.968e-04 1.176 2.409 1.636 1.149 0.981 0.911 0.891
0.0001957 -1.90000 10.04139 0.8190897703 2.4252220316    0.816  1.485  3.7231  2.709    3  0.000  0.527     0.00     0.00     0.00     0.00     0.00 -1 -1.86e-11      0.00 7.524e-01 2.474e-01 3.314e-05 9.557e-06 8.378e-05 -1.000 1.968e-04 1.057 2.303 1.523 1.031 0.861 0.789 0.769
0.0001957 -1.90000 10.04139 0.8192774653 2.4252841908    0.816  1.532  3.7215  2.656    3  0.000  0.526     0.00     0.00     0.00     0.00     0.00 -1  -2.2e-11      0.00 7.519e-01 2.479e-01 3.305e-05 9.651e-06 8.382e-05 -1.000 1.969e-04 0.941 2.200 1.413 0.916 0.744 0.670 0.649
0.0001957 -1.90000 10.04139 0.8194456697 2.4253398674    0.816  1.577  3.7200  2.605    3  0.000  0.525     0.00     0.00     0.00     0.00     0.00 -1 -2.59e-11      0.00 7.516e-01 2.482e-01 3.298e-05 9.724e-06 8.384e-05 -1.000 1.968e-04 0.828 2.100 1.306 0.804 0.629 0.554 0.532
0.0001957 -1.90000 10.04139 0.8196032643 2.4253920084    0.816  1.623  3.7184  2.552    3  0.000  0.524     0.00     0.00     0.00     0.00     0.00 -1 -3.06e-11      0.00 7.513e-01 2.485e-01 3.292e-05 9.778e-06 8.386e-05 -1.000 1.969e-04 0.713 1.998 1.197 0.690 0.512 0.435 0.413
0.0001957 -1.90000 10.04139 0.8197432756 2.4254383124    0.816  1.668  3.7168  2.501    3  0.000  0.523     0.00     0.00     0.00     0.00     0.00 -1  -3.6e-11      0.00 7.512e-01 2.486e-01 3.289e-05 9.811e-06 8.387e-05 -1.000 1.969e-04 0.601 1.901 1.092 0.580 0.399 0.321 0.297
0.0001957 -1.90000 10.04139 0.8198739886 2.4254815250    0.816  1.713  3.7152  2.449    3  0.000  0.523     0.00     0.00     0.00     0.00     0.00 -1 -4.24e-11      0.00 7.511e-01 2.487e-01 3.287e-05 9.831e-06 8.387e-05 -1.000 1.969e-04 0.487 1.805 0.985 0.467 0.284 0.203 0.179
0.0001957 -1.90000 10.04139 0.8199954629 2.4255216691    0.815  1.759  3.7135  2.396    3  0.000  0.523     0.00     0.00     0.00     0.00     0.00 -1 -5.01e-11      0.00 7.511e-01 2.487e-01 3.287e-05 9.839e-06 8.388e-05 -1.000 1.969e-04 0.373 1.708 0.877 0.353 0.167 0.084 0.059
0.0001957 -1.90000 10.04139 0.8201069236 2.4255584919    0.815  1.805  3.7118  2.344    3  0.000  0.523     0.00     0.00     0.00     0.00     0.00 -1 -5.92e-11      0.00 7.511e-01 2.487e-01 3.287e-05 9.842e-06 8.388e-05 -1.000 1.968e-04 0.258 1.611 0.769 0.239 0.050 -0.035 -0.061
0.0001957 -1.90000 10.04139 0.8202082515 2.4255919572    0.815  1.850  3.7101  2.291    3  0.000  0.523     0.00     0.00     0.00     0.00     0.00 -1 -6.98e-11      0.00 7.511e-01 2.487e-01 3.286e-05 9.844e-06 8.388e-05 -1.000 1.969e-04 0.144 1.517 0.664 0.126 -0.065 -0.152 -0.179
0.0001957 -1.90000 10.04139 0.8203030229 2.4256232485    0.815  1.896  3.7083  2.238    3  0.000  0.522     0.00     0.00     0.00     0.00     0.00 -1 -8.25e-11      0.00 7.511e-01 2.487e-01 3.286e-05 9.845e-06 8.388e-05 -1.000 1.969e-04 0.029 1.423 0.557 0.012 -0.182 -0.271 -0.299
0.0001957 -1.90000 10.04139 0.8203894496 2.4256517774    0.814  1.942  3.7066  2.186    3  0.000  0.522     0.00     0.00     0.00     0.00     0.00 -1 -9.73e-11      0.00 7.511e-01 2.487e-01 3.286e-05 9.847e-06 8.388e-05 -1.000 1.968e-04 -0.084 1.330 0.452 -0.100 -0.297 -0.388 -0.417
0.0001957 -1.90000 10.04139 0.8204661608 2.4256770934    0.814  1.985  3.7048  2.135    3  0.000  0.522     0.00     0.00     0.00     0.00     0.00 -1 -1.14e-10      0.00 7.511e-01 2.487e-01 3.286e-05 9.849e-06 8.388e-05 -1.000 1.969e-04 -0.193 1.242 0.352 -0.208 -0.408 -0.501 -0.531
0.0001957 -1.90000 10.04139 0.8205367923 2.4257003982    0.814  2.029  3.7031  2.084    3  0.000  0.522     0.00     0.00     0.00     0.00     0.00 -1 -1.34e-10      0.00 7.511e-01 2.487e-01 3.286e-05 9.850e-06 8.388e-05 -1.000 1.970e-04 -0.302 1.155 0.252 -0.315 -0.519 -0.614 -0.644
0.0001957 -1.90000 10.04139 0.8206030726 2.4257222632    0.813  2.073  3.7014  2.033    3  0.000  0.522     0.00     0.00     0.00     0.00     0.00 -1 -1.57e-10      0.00 7.511e-01 2.487e-01 3.286e-05 9.851e-06 8.388e-05 -1.000 1.969e-04 -0.411 1.067 0.152 -0.423 -0.629 -0.727 -0.758
0.0001957 -1.90000 10.04139 0.8206625581 2.4257418831    0.813  2.114  3.6995  1.984    3  0.000  0.522     0.00     0.00     0.00     0.00     0.00 -1 -1.83e-10      0.00 7.511e-01 2.487e-01 3.286e-05 9.853e-06 8.389e-05 -1.000 1.969e-04 -0.516 0.986 0.057 -0.526 -0.736 -0.835 -0.868
0.0001957 -1.90000 10.04139 0.8207222223 2.4257615588    0.813  2.158  3.6977  1.933    3  0.000  0.522     0.00     0.00     0.00     0.00     0.00 -1 -2.15e-10      0.00 7.511e-01 2.487e-01 3.286e-05 9.854e-06 8.389e-05 -1.000 1.969e-04 -0.625 0.903 -0.042 -0.633 -0.846 -0.948 -0.982
0.0001957 -1.90000 10.04139 0.8207848668 2.4257822137    0.812  2.196  3.6962  1.889    3  0.000  0.522     0.00     0.00     0.00     0.00     0.00 -1 -2.47e-10      0.00 7.511e-01 2.488e-01 3.286e-05 9.855e-06 8.389e-05 -1.000 1.968e-04 -0.719 0.832 -0.127 -0.726 -0.942 -1.046 -1.080
0.0001957 -1.90000 10.04139 0.8208175898 2.4257930015    0.812  2.211  3.6956  1.871    3  0.000  0.522     0.00     0.00     0.00     0.00     0.00 -1 -2.62e-10      0.00 7.510e-01 2.488e-01 3.286e-05 9.856e-06 8.389e-05 -1.000 1.969e-04 -0.757 0.803 -0.162 -0.763 -0.980 -1.085 -1.120
0.0001957 -1.90000 10.04139 0.8208546042 2.4258052030    0.811  2.199  3.6964  1.886    3  0.000  0.522     0.00     0.00     0.00     0.00     0.00 -1 -2.52e-10      0.00 7.510e-01 2.488e-01 3.286e-05 9.856e-06 8.389e-05 -1.000 1.969e-04 -0.727 0.822 -0.137 -0.734 -0.950 -1.053 -1.088
0.0001957 -1.90000 10.04139 0.8208619356 2.4258076195    0.811  2.206  3.6961  1.877    3  0.000  0.522     0.00     0.00     0.00     0.00     0.00 -1 -2.58e-10      0.00 7.510e-01 2.488e-01 3.286e-05 9.857e-06 8.389e-05 -1.000 1.969e-04 -0.745 0.809 -0.152 -0.751 -0.968 -1.072 -1.106
0.0001957 -1.90000 10.04139 0.8209026456 2.4258210374    0.811  2.248  3.6941  1.828    3  0.000  0.522     0.00     0.00     0.00     0.00     0.00 -1 -2.99e-10      0.00 7.510e-01 2.488e-01 3.285e-05 9.857e-06 8.389e-05 -1.000 1.969e-04 -0.849 0.733 -0.245 -0.854 -1.074 -1.180 -1.216
0.0001957 -1.90000 10.04139 0.8209437728 2.4258345913    0.810  2.292  3.6923  1.776    3  0.000  0.522     0.00     0.00     0.00     0.00     0.00 -1 -3.51e-10      0.00 7.510e-01 2.488e-01 3.285e-05 9.858e-06 8.389e-05 -1.000 1.969e-04 -0.960 0.650 -0.345 -0.962 -1.186 -1.295 -1.332
0.0001957 -1.90000 10.04139 0.8209787011 2.4258461010    0.809  2.332  3.6904  1.728    3  0.000  0.522     0.00     0.00     0.00     0.00     0.00 -1 -4.07e-10      0.00 7.510e-01 2.488e-01 3.285e-05 9.859e-06 8.389e-05 -1.000 1.969e-04 -1.061 0.579 -0.434 -1.060 -1.288 -1.399 -1.437
0.0001957 -1.90000 10.04139 0.8210130334 2.4258574133    0.809  2.374  3.6884  1.677    3  0.000  0.522     0.00     0.00     0.00     0.00     0.00 -1 -4.75e-10      0.00 7.510e-01 2.488e-01 3.285e-05 9.860e-06 8.389e-05 -1.000 1.969e-04 -1.166 0.506 -0.526 -1.163 -1.394 -1.508 -1.547
0.0001957 -1.90000 10.04139 0.8210451007 2.4258679782    0.808  2.416  3.6865  1.627    3  0.000  0.522     0.00     0.00     0.00     0.00     0.00 -1 -5.55e-10      0.00 7.510e-01 2.488e-01 3.285e-05 9.860e-06 8.389e-05 -1.000 1.969e-04 -1.271 0.432 -0.619 -1.265 -1.500 -1.616 -1.656
0.0001957 -1.90000 10.04139 0.8210731149 2.4258772070    0.807  2.456  3.6845  1.579    3  0.000  0.522     0.00     0.00     0.00     0.00     0.00 -1 -6.43e-10      0.00 7.510e-01 2.488e-01 3.285e-05 9.861e-06 8.389e-05 -1.000 1.969e-04 -1.370 0.376 -0.703 -1.362 -1.601 -1.719 -1.761
0.0001957 -1.90000 10.04139 0.8211009502 2.4258863762    0.806  2.498  3.6826  1.529    3  0.000  0.522     0.00     0.00     0.00     0.00     0.00 -1 -7.51e-10      0.00 7.510e-01 2.488e-01 3.285e-05 9.861e-06 8.389e-05 -1.000 1.969e-04 -1.475 0.319 -0.793 -1.466 -1.709 -1.830 -1.872
0.0001957 -1.90000 10.04139 0.8211256266 2.4258945042    0.806  2.538  3.6806  1.480    3  0.000  0.522     7.00     5.54     3.94     3.04     2.46  3 -8.71e-10      0.00 7.510e-01 2.488e-01 3.285e-05 9.862e-06 8.389e-05 -1.000 1.969e-04 -1.575 0.272 -0.877 -1.566 -1.812 -1.935 -1.979
0.0001957 -1.90000 10.04139 0.8211486340 2.4259020820    0.805  2.578  3.6786  1.432    3  0.000  0.522     7.76     6.05     4.28     3.31     2.68  3 -1.01e-09      0.00 7.510e-01 2.488e-01 3.285e-05 9.862e-06 8.389e-05 -1.000 1.969e-04 -1.675 0.233 -0.957 -1.664 -1.914 -2.041 -2.086
0.0001957 -1.90000 10.04139 0.8211705089 2.4259092863    0.804  2.619  3.6766  1.383    3  0.000  0.522     8.60     6.61     4.65     3.61     2.92  3 -1.18e-09      0.00 7.510e-01 2.488e-01 3.285e-05 9.863e-06 8.389e-05 -1.000 1.970e-04 -1.777 0.194 -1.039 -1.763 -2.019 -2.148 -2.194
0.0001957 -1.90000 10.04139 0.8211941123 2.4259170594    0.802  2.666  3.6741  1.325    3  0.000  0.522     9.73     7.34     5.14     3.99     3.23  3  -1.4e-09      0.00 7.510e-01 2.488e-01 3.285e-05 9.863e-06 8.389e-05 -1.000 1.969e-04 -1.895 0.164 -1.128 -1.878 -2.140 -2.273 -2.320
0.0001957 -1.90000 10.04139 0.8212131262 2.4259233207    0.801  2.707  3.6721  1.275    3  0.000  0.522    10.80     8.02     5.60     4.35     3.52  3 -1.63e-09      0.00 7.510e-01 2.488e-01 3.285e-05 9.864e-06 8.389e-05 -1.000 1.969e-04 -1.997 0.134 -1.206 -1.978 -2.245 -2.381 -2.429
0.0001957 -1.90000 10.04139 0.8212326765 2.4259297583    0.799  2.752  3.6695  1.218    3  0.000  0.522    12.16     8.88     6.17     4.80     3.89  3 -1.93e-09      0.00 7.510e-01 2.488e-01 3.285e-05 9.864e-06 8.389e-05 -1.000 1.970e-04 -2.111 0.121 -1.287 -2.088 -2.362 -2.501 -2.552
0.0001957 -1.90000 10.04139 0.8212488294 2.4259350769    0.798  2.793  3.6675  1.169    3  0.000  0.522    13.49     9.70     6.72     5.24     4.24  2 -2.25e-09      0.00 7.510e-01 2.488e-01 3.285e-05 9.864e-06 8.389e-05 -1.000 1.969e-04 -2.212 0.104 -1.360 -2.185 -2.465 -2.608 -2.659
0.0001957 -1.90000 10.04139 0.8212652802 2.4259404934    0.796  2.837  3.6649  1.114    3  0.000  0.522    15.16    10.72     7.39     5.77     4.67  2 -2.66e-09      0.00 7.510e-01 2.488e-01 3.285e-05 9.865e-06 8.389e-05 -1.000 1.969e-04 -2.322 0.108 -1.431 -2.290 -2.577 -2.724 -2.778
0.0001957 -1.90000 10.04139 0.8212789297 2.4259449873    0.794  2.876  3.6628  1.066    3  0.000  0.522    16.78    11.69     8.02     6.27     5.08  2 -3.08e-09      0.00 7.510e-01 2.488e-01 3.285e-05 9.865e-06 8.389e-05 -1.000 1.969e-04 -2.419 0.105 -1.496 -2.383 -2.677 -2.827 -2.882
0.0001957 -1.90000 10.04139 0.8212932944 2.4259497165    0.792  2.920  3.6602  1.010    3  0.000  0.522    18.86    12.91     8.82     6.91     5.60  2 -3.63e-09      0.00 7.510e-01 2.488e-01 3.285e-05 9.865e-06 8.389e-05 -1.000 1.969e-04 -2.529 0.123 -1.561 -2.486 -2.789 -2.944 -3.001
0.0001957 -1.90000 10.04139 0.8213078380 2.4259545044    0.789  2.967  3.6576  0.950    3  0.000  0.522    21.39    14.38     9.77     7.66     6.21  2 -4.35e-09      0.00 7.510e-01 2.488e-01 3.285e-05 9.865e-06 8.389e-05 -1.000 1.968e-04 -2.649 0.143 -1.628 -2.597 -2.911 -3.070 -3.129
0.0001957 -1.90000 10.04139 0.8213196397 2.4259583895    0.787  3.009  3.6550  0.896    3  0.000  0.522    23.96    15.83    10.72     8.42     6.83  2 -5.11e-09      0.00 7.510e-01 2.488e-01 3.285e-05 9.866e-06 8.389e-05 -1.000 1.969e-04 -2.753 0.139 -1.689 -2.689 -3.013 -3.178 -3.239
0.0001957 -1.90000 10.04139 0.8213297725 2.4259617251    0.784  3.047  3.6528  0.848    3  0.000  0.522    26.49    17.25    11.63     9.15     7.42  1  -5.9e-09      0.00 7.510e-01 2.488e-01 3.285e-05 9.866e-06 8.389e-05 -1.000 1.970e-04 -2.848 0.127 -1.747 -2.775 -3.107 -3.276 -3.339
0.0001957 -1.90000 10.04139 0.8213402033 2.4259651587    0.781  3.089  3.6502  0.794    3  0.000  0.522    29.68    19.00    12.76    10.05     8.15  1 -6.92e-09      0.00 7.510e-01 2.488e-01 3.285e-05 9.866e-06 8.389e-05 -1.000 1.968e-04 -2.952 0.125 -1.806 -2.867 -3.209 -3.383 -3.448
0.0001957 -1.90000 10.04139 0.8213509321 2.4259686903    0.777  3.135  3.6475  0.736    3  0.000  0.522    33.56    21.09    14.09    11.12     9.02  1 -8.24e-09      0.00 7.510e-01 2.488e-01 3.285e-05 9.866e-06 8.389e-05 -1.000 1.969e-04 -3.066 0.115 -1.873 -2.967 -3.319 -3.499 -3.567
0.0001957 -1.90000 10.04139 0.8213598728 2.4259716333    0.774  3.175  3.6449  0.683    3  0.000  0.522    37.52    23.19    15.43    12.19     9.89  1 -9.64e-09      0.00 7.510e-01 2.488e-01 3.285e-05 9.867e-06 8.389e-05 -1.000 1.969e-04 -3.168 0.113 -1.929 -3.055 -3.417 -3.602 -3.672
0.0001957 -1.90000 10.04139 0.8213689327 2.4259746154    0.769  3.218  3.6422  0.627    3  0.000  0.522    42.23    25.64    16.98    13.44    10.91  1 -1.14e-08      0.00 7.510e-01 2.488e-01 3.285e-05 9.867e-06 8.389e-05 -1.000 1.969e-04 -3.276 0.109 -1.988 -3.148 -3.522 -3.712 -3.785
0.0001957 -1.90000 10.04139 0.8213773370 2.4259773816    0.764  3.259  3.6397  0.573    3  0.000  0.522    47.29    28.22    18.60    14.75    11.97  1 -1.34e-08      0.00 7.510e-01 2.488e-01 3.285e-05 9.867e-06 8.389e-05 -1.000 1.969e-04 -3.378 0.109 -2.040 -3.235 -3.620 -3.816 -3.891
0.0001957 -1.90000 10.04139 0.8213796616 2.4259781467    0.763  3.269  3.6391  0.560    3  0.000  0.522    48.60    28.88    19.01    15.08    12.25  1  -1.4e-08      0.00 7.510e-01 2.488e-01 3.285e-05 9.867e-06 8.389e-05 -1.000 1.968e-04 -3.403 0.108 -2.053 -3.256 -3.643 -3.841 -3.916
0.0001957 -1.90000 10.04139 0.8213796616 2.4259781467    0.763  1.701  3.8410  2.936    4  0.000  0.531     0.00     0.00     0.00     0.00     0.00 -1    -1e-30      0.00 7.542e-01 2.456e-01 3.318e-05 9.332e-06 8.333e-05 -1.000 1.969e-04 0.518 1.078 0.565 0.504 0.543 0.575 0.598
0.0001957 -1.90000 10.04139 0.8213806748 2.4259784802    0.763  1.714  3.8320  2.886    4  0.000  0.531     0.00     0.00     0.00     0.00     0.00 -1    -1e-30      0.00 7.542e-01 2.456e-01 3.318e-05 9.332e-06 8.333e-05 -1.000 1.969e-04 0.485 1.074 0.555 0.464 0.486 0.513 0.534
0.0001957 -1.90000 10.04139 0.8214358687 2.4259966452    0.763  1.725  3.8290  2.864    4  0.000  0.531     0.00     0.00     0.00     0.00     0.00 -1    -1e-30      0.00 7.542e-01 2.456e-01 3.318e-05 9.332e-06 8.333e-05 -1.000 1.969e-04 0.458 1.057 0.536 0.435 0.452 0.477 0.497
0.0001957 -1.90000 10.04139 0.8214907050 2.4260146897    0.763  1.725  3.8298  2.866    4  0.000  0.531     0.00     0.00     0.00     0.00     0.00 -1    -1e-30      0.00 7.542e-01 2.456e-01 3.318e-05 9.332e-06 8.333e-05 -1.000 1.968e-04 0.456 1.052 0.531 0.433 0.452 0.478 0.498
0.0001957 -1.90000 10.04139 0.8215462565 2.4260329667    0.763  1.726  3.8311  2.871    4  0.000  0.531     0.00     0.00     0.00     0.00     0.00 -1    -1e-30      0.00 7.542e-01 2.456e-01 3.318e-05 9.332e-06 8.333e-05 -1.000 1.969e-04 0.456 1.047 0.527 0.433 0.455 0.481 0.501
0.0001957 -1.90000 10.04139 0.8216026425 2.4260515154    0.763  1.726  3.8327  2.877    4  0.000  0.531     0.00     0.00     0.00     0.00     0.00 -1    -1e-30      0.00 7.542e-01 2.456e-01 3.318e-05 9.332e-06 8.333e-05 -1.000 1.969e-04 0.455 1.041 0.523 0.434 0.458 0.486 0.506
0.0001957 -1.90000 10.04139 0.8216590881 2.4260700807    0.763  1.726  3.8343  2.884    4  0.000  0.531     0.00     0.00     0.00     0.00     0.00 -1    -1e-30      0.00 7.542e-01 2.456e-01 3.318e-05 9.332e-06 8.333e-05 -1.000 1.968e-04 0.455 1.035 0.518 0.436 0.463 0.491 0.512
0.0001957 -1.90000 10.04139 0.8217155337 2.4260886432    0.763  1.726  3.8361  2.892    4  0.000  0.531     0.00     0.00     0.00     0.00     0.00 -1    -1e-30      0.00 7.542e-01 2.456e-01 3.318e-05 9.332e-06 8.333e-05 -1.000 1.969e-04 0.456 1.030 0.514 0.437 0.468 0.497 0.518
0.0001957 -1.90000 10.04139 0.8217684031 2.4261060269    0.763  1.725  3.8378  2.898    4  0.000  0.531     0.00     0.00     0.00     0.00     0.00 -1    -1e-30      0.00 7.542e-01 2.456e-01 3.318e-05 9.332e-06 8.333e-05 -1.000 1.969e-04 0.456 1.025 0.510 0.439 0.473 0.503 0.525
0.0001957 -1.90000 10.04139 0.8218257427 2.4261248775    0.763  1.725  3.8394  2.905    4  0.000  0.531     0.00     0.00     0.00     0.00     0.00 -1    -1e-30      0.00 7.542e-01 2.456e-01 3.318e-05 9.332e-06 8.333e-05 -1.000 1.969e-04 0.457 1.020 0.506 0.441 0.478 0.508 0.531
0.0001957 -1.90000 10.04139 0.8218784928 2.4261422166    0.763  1.725  3.8405  2.910    4  0.000  0.531     0.00     0.00     0.00     0.00     0.00 -1    -1e-30      0.00 7.542e-01 2.456e-01 3.318e-05 9.332e-06 8.333e-05 -1.000 1.968e-04 0.457 1.017 0.503 0.442 0.480 0.512 0.534
0.0001957 -1.90000 10.04139 0.8219323158 2.4261599058    0.764  1.725  3.8413  2.913    4  0.000  0.531     0.00     0.00     0.00     0.00     0.00 -1    -1e-30      0.00 7.542e-01 2.456e-01 3.318e-05 9.332e-06 8.333e-05 -1.000 1.968e-04 0.457 1.014 0.501 0.442 0.483 0.514 0.537
0.0001957 -1.90000 10.04139 0.8219850659 2.4261772398    0.764  1.726  3.8415  2.913    4  0.000  0.531     0.00     0.00     0.00     0.00     0.00 -1    -1e-30      0.00 7.542e-01 2.456e-01 3.318e-05 9.332e-06 8.333e-05 -1.000 1.969e-04 0.456 1.012 0.500 0.442 0.482 0.514 0.537
0.0001957 -1.90000 10.04139 0.8220385313 2.4261948062    0.764  1.726  3.8414  2.912    4  0.000  0.531     0.00     0.00     0.00     0.00     0.00 -1    -1e-30      0.00 7.542e-01 2.456e-01 3.318e-05 9.332e-06 8.333e-05 -1.000 1.969e-04 0.455 1.011 0.499 0.440 0.481 0.513 0.535
0.0001957 -1.90000 10.04139 0.8220903873 2.4262118413    0.764  1.727  3.8407  2.909    4  0.000  0.531     0.00     0.00     0.00     0.00     0.00 -1    -1e-30      0.00 7.542e-01 2.456e-01 3.318e-05 9.332e-06 8.333e-05 -1.000 1.969e-04 0.453 1.012 0.498 0.438 0.477 0.508 0.531
0.0001957 -1.90000 10.04139 0.8220961690 2.4262137405    0.764  1.727  3.8406  2.908    4  0.000  0.531     0.00     0.00     0.00     0.00     0.00 -1    -1e-30      0.00 7.542e-01 2.456e-01 3.318e-05 9.332e-06 8.333e-05 -1.000 1.969e-04 0.453 1.012 0.498 0.437 0.476 0.508 0.530
0.0001957 -1.90000 10.04139 0.8221458793 2.4262300681    0.764  1.728  3.8392  2.902    4  0.000  0.531     0.00     0.00     0.00     0.00     0.00 -1    -1e-30      0.00 7.542e-01 2.456e-01 3.318e-05 9.332e-06 8.333e-05 -1.000 1.969e-04 0.450 1.013 0.499 0.434 0.470 0.501 0.523
0.0001957 -1.90000 10.04139 0.8222016096 2.4262483704    0.764  1.730  3.8370  2.891    4  0.000  0.531     0.00     0.00     0.00     0.00     0.00 -1    -1e-30      0.00 7.542e-01 2.456e-01 3.318e-05 9.332e-06 8.333e-05 -1.000 1.968e-04 0.446 1.017 0.501 0.428 0.460 0.490 0.511
0.0001957 -1.90000 10.04139 0.8222550750 2.4262659262    0.764  1.731  3.8341  2.878    4  0.000  0.531     0.00     0.00     0.00     0.00     0.00 -1    -1e-30      0.00 7.542e-01 2.456e-01 3.318e-05 9.332e-06 8.333e-05 -1.000 1.969e-04 0.441 1.022 0.504 0.421 0.448 0.476 0.497
0.0001957 -1.90000 10.04139 0.8223090172 2.4262836358    0.764  1.734  3.8304  2.861    4  0.000  0.531     0.00     0.00     0.00     0.00     0.00 -1    -1e-30      0.00 7.542e-01 2.456e-01 3.318e-05 9.332e-06 8.333e-05 -1.000 1.968e-04 0.435 1.028 0.508 0.413 0.433 0.458 0.478
0.0001957 -1.90000 10.04139 0.8223629594 2.4263013429    0.764  1.737  3.8260  2.841    4  0.000  0.531     0.00     0.00     0.00     0.00     0.00 -1    -1e-30      0.00 7.542e-01 2.456e-01 3.318e-05 9.332e-06 8.333e-05 -1.000 1.968e-04 0.429 1.037 0.514 0.403 0.415 0.438 0.457
0.0001957 -1.90000 10.04139 0.8224151134 2.4263184603    0.764  1.740  3.8208  2.817    4  0.000  0.531     0.00     0.00     0.00     0.00     0.00 -1    -1e-30      0.00 7.542e-01 2.456e-01 3.318e-05 9.332e-06 8.333e-05 -1.000 1.969e-04 0.421 1.049 0.521 0.392 0.395 0.415 0.432
0.0001957 -1.90000 10.04139 0.8224667907 2.4263354189    0.764  1.743  3.8151  2.790    4  0.000  0.531     0.00     0.00     0.00     0.00     0.00 -1    -1e-30      0.00 7.542e-01 2.456e-01 3.318e-05 9.332e-06 8.333e-05 -1.000 1.968e-04 0.412 1.062 0.528 0.381 0.373 0.389 0.404
0.0001957 -1.90000 10.04139 0.8224717975 2.4263370618    0.764  1.744  3.8146  2.788    4  0.000  0.531     0.00     0.00     0.00     0.00     0.00 -1    -1e-30      0.00 7.542e-01 2.456e-01 3.318e-05 9.332e-06 8.333e-05 -1.000 1.969e-04 0.411 1.064 0.529 0.380 0.371 0.386 0.402
0.0001957 -1.90000 10.04139 0.8224810362 2.4263400933    0.764  1.744  3.8134  2.783    4  0.000  0.531     0.00     0.00     0.00     0.00     0.00 -1    -1e-30      0.00 7.542e-01 2.456e-01 3.318e-05 9.332e-06 8.333e-05 -1.000 1.969e-04 0.409 1.066 0.531 0.377 0.367 0.381 0.396
0.0001957 -1.90000 10.04139 0.8225355744 2.4263579873    0.764  1.748  3.8069  2.752    4  0.000  0.531     0.00     0.00     0.00     0.00     0.00 -1    -1e-30      0.00 7.542e-01 2.456e-01 3.318e-05 9.332e-06 8.333e-05 -1.000 1.969e-04 0.399 1.085 0.542 0.364 0.342 0.351 0.364
0.0001957 -1.90000 10.04139 0.8225888014 2.4263754485    0.764  1.753  3.8006  2.723    4  0.000  0.531     0.00     0.00     0.00     0.00     0.00 -1    -1e-30      0.00 7.542e-01 2.456e-01 3.318e-05 9.332e-06 8.333e-05 -1.000 1.968e-04 0.388 1.103 0.552 0.352 0.319 0.323 0.334
0.0001957 -1.90000 10.04139 0.8226456642 2.4263940995    0.764  1.758  3.7936  2.690    4  0.000  0.531     0.00     0.00     0.00     0.00     0.00 -1    -1e-30      0.00 7.542e-01 2.456e-01 3.318e-05 9.332e-06 8.333e-05 -1.000 1.969e-04 0.376 1.125 0.563 0.338 0.292 0.291 0.299
0.0001957 -1.90000 10.04139 0.8226997852 2.4264118485    0.764  1.763  3.7871  2.658    4  0.000  0.531     0.00     0.00     0.00     0.00     0.00 -1    -1e-30      0.00 7.542e-01 2.456e-01 3.318e-05 9.332e-06 8.333e-05 -1.000 1.969e-04 0.362 1.145 0.573 0.323 0.266 0.259 0.265
0.0001957 -1.90000 10.04139 0.8227516413 2.4264288522    0.764  1.769  3.7817  2.631    4  0.000  0.531     0.00     0.00     0.00     0.00     0.00 -1    -1e-30      0.00 7.542e-01 2.456e-01 3.318e-05 9.332e-06 8.333e-05 -1.000 1.969e-04 0.348 1.159 0.577 0.309 0.242 0.231 0.235
0.0001957 -1.90000 10.04139 0.8228051662 2.4264464005    0.764  1.775  3.7767  2.605    4  0.000  0.531     0.00     0.00     0.00     0.00     0.00 -1    -1e-30      0.00 7.542e-01 2.456e-01 3.318e-05 9.332e-06 8.333e-05 -1.000 1.969e-04 0.333 1.172 0.580 0.294 0.218 0.202 0.204
0.0001957 -1.90000 10.04139 0.8228576779 2.4264636140    0.765  1.781  3.7731  2.585    4  0.000  0.531     0.00     0.00     0.00     0.00     0.00 -1    -1e-30      0.00 7.542e-01 2.456e-01 3.318e-05 9.332e-06 8.333e-05 -1.000 1.969e-04 0.318 1.180 0.579 0.279 0.197 0.178 0.178
0.0001957 -1.90000 10.04139 0.8229107261 2.4264810009    0.765  1.787  3.7696  2.565    4  0.000  0.531     0.00     0.00     0.00     0.00     0.00 -1    -1e-30      0.00 7.542e-01 2.456e-01 3.318e-05 9.332e-06 8.333e-05 -1.000 1.969e-04 0.302 1.185 0.575 0.264 0.175 0.152 0.152
0.0001957 -1.90000 10.04139 0.8229638338 2.4264984047    0.765  1.794  3.7664  2.545    4  0.000  0.531     0.00     0.00     0.00     0.00     0.00 -1    -1e-30      0.00 7.542e-01 2.456e-01 3.318e-05 9.332e-06 8.333e-05 -1.000 1.968e-04 0.284 1.187 0.569 0.246 0.152 0.126 0.124
0.0001957 -1.90000 10.04139 0.8230172992 2.4265159231    0.765  1.801  3.7638  2.528    4  0.000  0.531     0.00     0.00     0.00     0.00     0.00 -1    -1e-30      0.00 7.542e-01 2.456e-01 3.318e-05 9.332e-06 8.333e-05 -1.000 1.969e-04 0.268 1.187 0.562 0.230 0.132 0.103 0.100
0.0001957 -1.90000 10.04139 0.8230279684 2.4265194186    0.765  1.787  3.7693  2.563    4  0.000  0.531     0.00     0.00     0.00     0.00     0.00 -1    -1e-30      0.00 7.542e-01 2.456e-01 3.318e-05 9.332e-06 8.333e-05 -1.000 1.969e-04 0.302 1.187 0.576 0.263 0.175 0.151 0.150
0.0001957 -1.90000 10.04139 0.8230828047 2.4265373829    0.765  1.805  3.7620  2.517    4  0.000  0.531     0.00     0.00     0.00     0.00     0.00 -1    -1e-30      0.00 7.542e-01 2.456e-01 3.318e-05 9.332e-06 8.333e-05 -1.000 1.969e-04 0.258 1.188 0.559 0.220 0.119 0.088 0.084
0.0001957 -1.90000 10.04139 0.8231368065 2.4265550712    0.765  1.825  3.7558  2.471    4  0.000  0.531     0.00     0.00     0.00     0.00     0.00 -1    -1e-30      0.00 7.542e-01 2.456e-01 3.318e-05 9.333e-06 8.333e-05 -1.000 1.969e-04 0.207 1.179 0.531 0.170 0.058 0.021 0.015
0.0001957 -1.90000 10.04139 0.8231822252 2.4265699460    0.765  1.855  3.7487  2.414    4  0.000  0.531     0.00     0.00     0.00     0.00     0.00 -1    -1e-30      0.00 7.542e-01 2.456e-01 3.318e-05 9.333e-06 8.333e-05 -1.000 1.969e-04 0.133 1.155 0.484 0.097 -0.027 -0.071 -0.080
0.0001957 -1.90000 10.04139 0.8232068419 2.4265780073    0.765  1.888  3.7417  2.352    4  0.000  0.531     0.00     0.00     0.00     0.00     0.00 -1    -1e-30      0.00 7.542e-01 2.456e-01 3.318e-05 9.333e-06 8.333e-05 -1.000 1.968e-04 0.050 1.123 0.427 0.015 -0.121 -0.172 -0.184
0.0001957 -1.90000 10.04139 0.8232179880 2.4265816571    0.765  1.923  3.7356  2.293    4  0.000  0.531     0.00     0.00     0.00     0.00     0.00 -1    -1e-30      0.00 7.542e-01 2.456e-01 3.318e-05 9.333e-06 8.333e-05 -1.000 1.969e-04 -0.036 1.088 0.365 -0.070 -0.216 -0.274 -0.289
0.0001957 -1.90000 10.04139 0.8232229352 2.4265832771    0.765  1.958  3.7301  2.236    4  0.000  0.531     0.00     0.00     0.00     0.00     0.00 -1    -1e-30      0.00 7.542e-01 2.456e-01 3.318e-05 9.333e-06 8.333e-05 -1.000 1.969e-04 -0.125 1.047 0.298 -0.157 -0.313 -0.377 -0.394
0.0001957 -1.90000 10.04139 0.8232253194 2.4265840578    0.765  1.995  3.7254  2.180    4  0.000  0.531     0.00     0.00     0.00     0.00     0.00 -1    -1e-30      0.00 7.542e-01 2.456e-01 3.318e-05 9.333e-06 8.333e-05 -1.000 1.969e-04 -0.217 1.000 0.227 -0.247 -0.411 -0.480 -0.499
0.0001957 -1.90000 10.04139 0.8232262135 2.4265843505    0.765  2.020  3.7227  2.144    7  0.000  0.531     0.00     0.00     0.00     0.00     0.00 -1    -1e-30      0.00 7.542e-01 2.456e-01 3.318e-05 9.333e-06 8.333e-05 -1.000 1.969e-04 -0.280 0.963 0.175 -0.309 -0.477 -0.549 -0.570
0.0001957 -1.90000 10.04139 0.8232265711 2.4265844676    0.765  2.033  3.7215  2.127    7  0.000  0.531     0.00     0.00     0.00     0.00     0.00 -1    -1e-30      0.00 7.542e-01 2.456e-01 3.318e-05 9.333e-06 8.333e-05 -1.000 1.968e-04 -0.312 0.942 0.148 -0.341 -0.511 -0.584 -0.606
0.0001957 -1.90000 10.04139 0.8232277036 2.4265848385    0.765  2.077  3.7178  2.068    7  0.000  0.531     0.00     0.00     0.00     0.00     0.00 -1    -1e-30      0.00 7.542e-01 2.456e-01 3.318e-05 9.333e-06 8.333e-05 -1.000 1.969e-04 -0.422 0.871 0.055 -0.448 -0.625 -0.702 -0.726
0.0001957 -1.90000 10.04139 0.8232285976 2.4265851312    0.765  2.112  3.7151  2.022    7  0.000  0.531     0.00     0.00     0.00     0.00     0.00 -1    -1e-30      0.00 7.542e-01 2.456e-01 3.318e-05 9.333e-06 8.333e-05 -1.000 1.968e-04 -0.510 0.811 -0.021 -0.535 -0.716 -0.797 -0.822
0.0001957 -1.90000 10.04139 0.8232294917 2.4265854240    0.765  2.128  3.7140  2.002    7  0.000  0.531     0.00     0.00     0.00     0.00     0.00 -1    -1e-30      0.00 7.542e-01 2.456e-01 3.318e-05 9.333e-06 8.333e-05 -1.000 1.969e-04 -0.550 0.783 -0.056 -0.575 -0.758 -0.840 -0.865
0.0001957 -1.90000 10.04139 0.8232303858 2.4265857167    0.765  2.138  3.7134  1.989    7  0.000  0.531     0.00     0.00     0.00     0.00     0.00 -1    -1e-30      0.00 7.542e-01 2.456e-01 3.318e-05 9.333e-06 8.333e-05 -1.000 1.969e-04 -0.576 0.765 -0.078 -0.600 -0.784 -0.867 -0.892
0.0001957 -1.90000 10.04139 0.8232325315 2.4265864193    0.765  2.137  3.7137  1.991    7  0.000  0.531     0.00     0.00     0.00     0.00     0.00 -1    -1e-30      0.00 7.542e-01 2.456e-01 3.318e-05 9.333e-06 8.333e-05 -1.000 1.969e-04 -0.572 0.766 -0.075 -0.596 -0.780 -0.862 -0.888
0.0001957 -1.90000 10.04139 0.8232346177 2.4265871024    0.765  2.127  3.7144  2.004    7  0.000  0.531     0.00     0.00     0.00     0.00     0.00 -1    -1e-30      0.00 7.542e-01 2.456e-01 3.318e-05 9.333e-06 8.333e-05 -1.000 1.968e-04 -0.547 0.782 -0.054 -0.572 -0.754 -0.836 -0.861
0.0001957 -1.90000 10.04139 0.8232544065 2.4265935818    0.765  2.132  3.7137  1.996    7  0.000  0.531     0.00     0.00     0.00     0.00     0.00 -1    -1e-30      0.00 7.542e-01 2.456e-01 3.318e-05 9.333e-06 8.333e-05 -1.000 1.969e-04 -0.560 0.776 -0.064 -0.584 -0.768 -0.850 -0.876
0.0001957 -1.90000 10.04139 0.8232699037 2.4265986557    0.765  2.157  3.7118  1.964    7  0.000  0.531     0.00     0.00     0.00     0.00     0.00 -1    -1e-30      0.00 7.542e-01 2.456e-01 3.318e-05 9.333e-06 8.333e-05 -1.000 1.969e-04 -0.622 0.737 -0.116 -0.645 -0.832 -0.917 -0.943
0.0001957 -1.90000 10.04139 0.8232902884 2.4266053296    0.765  2.206  3.7083  1.901    7  0.000  0.531     0.00     0.00     0.00     0.00     0.00 -1    -1e-30      0.00 7.542e-01 2.456e-01 3.318e-05 9.333e-06 8.333e-05 -1.000 1.968e-04 -0.744 0.658 -0.221 -0.765 -0.959 -1.047 -1.076
0.0001957 -1.90000 10.04139 0.8233085275 2.4266113006    0.765  2.266  3.7042  1.824    7  0.000  0.531     0.00     0.00     0.00     0.00     0.00 -1    -1e-30      0.00 7.542e-01 2.456e-01 3.318e-05 9.333e-06 8.333e-05 -1.000 1.968e-04 -0.896 0.560 -0.350 -0.913 -1.114 -1.208 -1.239
0.0001957 -1.90000 10.04139 0.8233252168 2.4266167640    0.765  2.321  3.7008  1.756    7  0.000  0.531     0.00     0.00     0.00     0.00     0.00 -1    -1e-30      0.00 7.542e-01 2.456e-01 3.318e-05 9.333e-06 8.333e-05 -1.000 1.969e-04 -1.031 0.471 -0.467 -1.046 -1.253 -1.351 -1.384
0.0001957 -1.90000 10.04139 0.8233401179 2.4266216418    0.765  2.366  3.6980  1.700    7  0.000  0.531     0.00     0.00     0.00     0.00     0.00 -1    -1e-30      0.00 7.542e-01 2.456e-01 3.317e-05 9.333e-06 8.333e-05 -1.000 1.929e-04 -1.145 0.397 -0.564 -1.156 -1.369 -1.470 -1.504
0.0001957 -1.90000 10.04139 0.8233532906 2.4266259536    0.765  2.409  3.6954  1.646    7  0.000  0.531     0.00     0.00     0.00     0.00     0.00 -1    -1e-30      0.00 7.542e-01 2.456e-01 3.315e-05 9.337e-06 8.333e-05 -1.000 1.332e-04 -1.253 0.327 -0.657 -1.262 -1.479 -1.584 -1.620
0.0001957 -1.90000 10.04139 0.8233648539 2.4266297386    0.765  2.451  3.6929  1.594    7  0.000  0.529     0.00     0.00     0.00     0.00     0.00 -1    -1e-30      0.00 7.542e-01 2.456e-01 3.307e-05 9.373e-06 8.333e-05 -1.000 1.852e-04 -1.358 0.259 -0.746 -1.363 -1.586 -1.694 -1.730
0.0001957 -1.90000 10.04139 0.8233751059 2.4266330942    0.765  2.492  3.6906  1.544    7  0.000  0.525     0.00     0.00     0.00     0.00     0.00 -1    -1e-30      0.00 7.542e-01 2.457e-01 3.279e-05 9.569e-06 8.334e-05 -1.000 1.342e-04 -1.459 0.194 -0.833 -1.462 -1.688 -1.800 -1.838
0.0001957 -1.90000 10.04139 0.8233843446 2.4266361180    0.765  2.532  3.6882  1.495    7  0.000  0.514     6.68     5.33     3.79     2.93     2.37  3    -1e-30      0.00 7.541e-01 2.457e-01 3.217e-05 1.019e-05 8.335e-05 -1.000 1.969e-04 -1.560 0.132 -0.918 -1.558 -1.790 -1.904 -1.944
0.0001957 -1.90000 10.04139 0.8233928680 2.4266389077    0.765  2.572  3.6858  1.445    7  0.000  0.501     7.43     5.84     4.13     3.20     2.59  3    -1e-30      0.00 7.540e-01 2.458e-01 3.132e-05 1.120e-05 8.336e-05 -1.000 1.960e-04 -1.661 0.071 -1.002 -1.655 -1.892 -2.010 -2.051
0.0001957 -1.90000 10.04139 0.8234007359 2.4266414827    0.765  2.613  3.6834  1.394    7  0.000  0.487     8.27     6.39     4.51     3.50     2.83  3    -1e-30      0.00 7.538e-01 2.460e-01 3.049e-05 1.223e-05 8.338e-05 -1.000 1.881e-04 -1.763 0.032 -1.084 -1.756 -1.998 -2.119 -2.161
0.0001957 -1.90000 10.04139 0.8234079480 2.4266438431    0.765  2.654  3.6809  1.344    7  0.000  0.475     9.20     7.00     4.91     3.82     3.09  3    -1e-30      0.00 7.537e-01 2.462e-01 2.976e-05 1.313e-05 8.340e-05 -1.000 1.828e-04 -1.864 -0.000 -1.164 -1.856 -2.103 -2.227 -2.270
0.0001957 -1.90000 10.04139 0.8234148622 2.4266461059    0.765  2.694  3.6785  1.294    7  0.000  0.465    10.22     7.66     5.36     4.17     3.37  3    -1e-30      0.00 7.535e-01 2.463e-01 2.913e-05 1.390e-05 8.341e-05 -1.000 1.955e-04 -1.964 -0.025 -1.240 -1.954 -2.206 -2.334 -2.379
0.0001957 -1.90000 10.04139 0.8234214187 2.4266482517    0.765  2.733  3.6761  1.245    7  0.000  0.457    11.34     8.37     5.83     4.54     3.67  3    -1e-30      0.00 7.533e-01 2.465e-01 2.859e-05 1.457e-05 8.342e-05 -1.000 1.889e-04 -2.063 -0.044 -1.312 -2.050 -2.308 -2.438 -2.485
0.0001957 -1.90000 10.04139 0.8234277368 2.4266503193    0.765  2.772  3.6737  1.197    7  0.000  0.449    12.57     9.14     6.34     4.94     4.00  2    -1e-30      0.00 7.531e-01 2.467e-01 2.813e-05 1.514e-05 8.342e-05 -1.000 1.809e-04 -2.160 -0.055 -1.381 -2.144 -2.409 -2.542 -2.590
0.0001957 -1.90000 10.04139 0.8234336972 2.4266522699    0.765  2.812  3.6713  1.147    7  0.000  0.443    13.97     9.99     6.90     5.39     4.37  2    -1e-30      0.00 7.529e-01 2.469e-01 2.772e-05 1.565e-05 8.339e-05 -1.000 1.969e-04 -2.260 -0.062 -1.450 -2.241 -2.512 -2.649 -2.698
0.0001957 -1.90000 10.04139 0.8234388232 2.4266539474    0.765  2.852  3.6687  1.097    7  0.000  0.438    15.53    10.94     7.52     5.88     4.77  2    -1e-30      0.00 7.527e-01 2.471e-01 2.737e-05 1.608e-05 8.335e-05 -1.000 1.969e-04 -2.359 -0.059 -1.515 -2.336 -2.614 -2.755 -2.806
0.0001957 -1.90000 10.04139 0.8234431744 2.4266553713    0.765  2.891  3.6662  1.048    7  0.000  0.433    17.24    11.96     8.19     6.41     5.20  2    -1e-30      0.00 7.526e-01 2.472e-01 2.708e-05 1.645e-05 8.328e-05 -1.000 1.969e-04 -2.457 -0.049 -1.576 -2.429 -2.715 -2.860 -2.912
0.0001957 -1.90000 10.04139 0.8234468699 2.4266565806    0.765  2.931  3.6636  0.997    7  0.000  0.430    19.20    13.10     8.94     7.01     5.68  2    -1e-30      0.00 7.524e-01 2.474e-01 2.682e-05 1.681e-05 8.316e-05 -1.000 1.968e-04 -2.557 -0.029 -1.635 -2.523 -2.817 -2.967 -3.021
0.0001957 -1.90000 10.04139 0.8234503269 2.4266577119    0.765  2.971  3.6610  0.947    7  0.000  0.427    21.38    14.36     9.76     7.66     6.21  2    -1e-30      0.00 7.522e-01 2.476e-01 2.660e-05 1.714e-05 8.302e-05 -1.000 1.968e-04 -2.658 0.006 -1.686 -2.616 -2.921 -3.075 -3.131
0.0001957 -1.90000 10.04139 0.8234538436 2.4266588627    0.765  3.015  3.6580  0.891    7  0.000  0.425    24.05    15.87    10.73     8.44     6.84  1    -1e-30      0.00 7.520e-01 2.479e-01 2.640e-05 1.749e-05 8.283e-05 -1.000 1.970e-04 -2.767 0.058 -1.735 -2.716 -3.032 -3.191 -3.250
0.0001957 -1.90000 10.04139 0.8234567642 2.4266598184    0.765  3.054  3.6554  0.841    7  0.000  0.424    26.74    17.37    11.70     9.21     7.47  1    -1e-30      0.00 7.518e-01 2.480e-01 2.628e-05 1.776e-05 8.267e-05 -1.000 1.967e-04 -2.865 0.057 -1.791 -2.802 -3.128 -3.293 -3.354
0.0001957 -1.90000 10.04139 0.8234581947 2.4266602866    0.765  3.075  3.6539  0.814    7  0.000  0.423    28.32    18.24    12.26     9.66     7.83  1    -1e-30      0.00 7.517e-01 2.481e-01 2.619e-05 1.795e-05 8.255e-05 -1.000 1.969e-04 -2.918 0.057 -1.820 -2.848 -3.180 -3.347 -3.410
0.0001957 -1.90000 10.04139 0.8234587908 2.4266604816    0.765  3.083  3.6534  0.804    7  0.000  0.423    28.92    18.57    12.47     9.83     7.97  1    -1e-30      0.00 7.516e-01 2.482e-01 2.615e-05 1.807e-05 8.247e-05 -1.000 1.968e-04 -2.937 0.058 -1.830 -2.865 -3.198 -3.367 -3.430
0.0001957 -1.90000 10.04139 0.8234588504 2.4266605011    0.765  3.085  3.6532  0.802    7  0.000  0.422    29.09    18.66    12.53     9.88     8.01  1    -1e-30      0.00 7.516e-01 2.482e-01 2.614e-05 1.809e-05 8.246e-05 -1.000 1.968e-04 -2.943 0.058 -1.833 -2.870 -3.204 -3.373 -3.436
0.0001957 -1.90000 10.04139 0.8234591484 2.4266605986    0.765  3.090  3.6529  0.795    7  0.000  0.422    29.48    18.87    12.67     9.98     8.10  1    -1e-30      0.00 7.516e-01 2.482e-01 2.612e-05 1.814e-05 8.243e-05 -1.000 1.968e-04 -2.955 0.058 -1.840 -2.881 -3.216 -3.385 -3.449
0.0001957 -1.90000 10.04139 0.8234592676 2.4266606376    0.765  3.094  3.6526  0.791    7  0.000  0.422    29.78    19.04    12.77    10.07     8.17  1    -1e-30      0.00 7.516e-01 2.482e-01 2.611e-05 1.817e-05 8.241e-05 -1.000 1.968e-04 -2.964 0.058 -1.845 -2.889 -3.225 -3.395 -3.459
0.0001957 -1.90000 10.04139 0.8234594464 2.4266606961    0.765  3.105  3.6518  0.776    7  0.000  0.422    30.69    19.53    13.09    10.32     8.37  1    -1e-30      0.00 7.516e-01 2.482e-01 2.608e-05 1.823e-05 8.237e-05 -1.000 1.969e-04 -2.992 0.059 -1.860 -2.913 -3.252 -3.423 -3.488
0.0001957 -1.90000 10.04139 0.8234596848 2.4266607742    0.765  3.125  3.6504  0.750    7  0.000  0.422    32.44    20.48    13.69    10.81     8.77  1    -1e-30      0.00 7.515e-01 2.483e-01 2.603e-05 1.838e-05 8.226e-05 -1.000 1.969e-04 -3.042 0.062 -1.886 -2.957 -3.301 -3.476 -3.541
0.0001957 -1.90000 10.04139 0.8234600425 2.4266608912    0.765  3.179  3.6464  0.681    7  0.000  0.421    37.60    23.21    15.44    12.20     9.90  1    -1e-30      0.00 7.511e-01 2.487e-01 2.578e-05 1.918e-05 8.170e-05 -1.000 1.969e-04 -3.177 0.069 -1.955 -3.071 -3.430 -3.612 -3.681
0.0001957 -1.90000 10.04139 0.8234606385 2.4266610862    0.765  3.240  3.6419  0.601    7  0.523  0.420    44.53    26.81    17.71    14.03    11.39  1    -1e-30      0.00 7.507e-01 2.491e-01 2.554e-05 2.003e-05 8.107e-05 -1.000 1.969e-04 -3.330 0.083 -2.029 -3.200 -3.576 -3.768 -3.841
0.0001957 -1.90000 10.04139 0.8234607577 2.4266611252    0.765  3.245  3.6377  0.579    8  0.523  0.435    46.64    27.89    18.39    14.58    11.84  1 -3.79e-07      0.00 7.507e-01 2.492e-01 2.668e-05 2.017e-05 8.178e-05 -1.000 1.466e-04 -3.343 0.184 -1.981 -3.189 -3.579 -3.779 -3.855
0.0001957 -1.90000 10.04139 0.8234608173 2.4266611447    0.763  3.028  3.6536  0.859    8  0.523  0.435    25.74    16.81    11.34     8.92     7.24  1 -1.62e-07      0.00 7.507e-01 2.492e-01 2.668e-05 2.017e-05 8.178e-05 -1.000 1.466e-04 -2.800 0.152 -1.709 -2.729 -3.059 -3.226 -3.289
0.0001957 -1.90000 10.04139 0.8234609365 2.4266611838    0.761  2.876  3.6647  1.054    8  0.523  0.435    17.00    11.81     8.10     6.34     5.14  2 -9.51e-08      0.00 7.507e-01 2.492e-01 2.668e-05 2.017e-05 8.178e-05 -1.000 1.466e-04 -2.420 0.042 -1.519 -2.388 -2.678 -2.825 -2.879
0.0001957 -1.90000 10.04139 0.8234611750 2.4266612618    0.755  2.667  3.6799  1.321    8  0.523  0.435     9.61     7.27     5.09     3.96     3.20  3 -4.94e-08      0.00 7.507e-01 2.492e-01 2.668e-05 2.017e-05 8.178e-05 -1.000 1.466e-04 -1.897 -0.003 -1.187 -1.888 -2.137 -2.262 -2.306
0.0001957 -1.90000 10.04139 0.8234614730 2.4266613593    0.748  2.674  3.6792  1.307    8  0.523  0.435     9.87     7.44     5.20     4.05     3.28  3 -5.09e-08      0.00 7.507e-01 2.492e-01 2.668e-05 2.017e-05 8.178e-05 -1.000 1.466e-04 -1.914 0.002 -1.197 -1.905 -2.155 -2.281 -2.326
0.0001957 -1.90000 10.04139 0.8234618306 2.4266614763    0.738  2.762  3.6725  1.186    8  0.523  0.435    12.73     9.23     6.39     4.99     4.04  2 -6.77e-08      0.00 7.507e-01 2.492e-01 2.668e-05 2.017e-05 8.178e-05 -1.000 1.466e-04 -2.136 0.011 -1.342 -2.118 -2.385 -2.521 -2.570
0.0001957 -1.90000 10.04139 0.8234623075 2.4266616324    0.727  2.948  3.6585  0.937    8  0.524  0.435    21.52    14.41     9.78     7.69     6.23  1 -1.29e-07      0.00 7.507e-01 2.492e-01 2.668e-05 2.017e-05 8.178e-05 -1.000 1.466e-04 -2.600 0.172 -1.588 -2.551 -2.863 -3.022 -3.080
0.0001957 -1.90000 10.04139 0.8234629035 2.4266618274    0.714  3.115  3.6458  0.712    8  0.524  0.435    34.68    21.57    14.37    11.38     9.23  1 -2.46e-07      0.00 7.507e-01 2.492e-01 2.668e-05 2.017e-05 8.178e-05 -1.000 1.466e-04 -3.019 0.219 -1.799 -2.911 -3.269 -3.452 -3.521
0.0001957 -1.90000 10.04139 0.8234634995 2.4266620224    0.699  3.228  3.6371  0.555    8  0.524  0.435    48.24    28.49    18.73    14.90    12.09  1 -4.02e-07      0.00 7.507e-01 2.492e-01 2.668e-05 2.017e-05 8.178e-05 -1.000 1.466e-04 -3.301 0.259 -1.923 -3.143 -3.536 -3.737 -3.814
0.0001957 -1.90000 10.04139 0.8234642148 2.4266622565    0.683  3.292  3.6320  0.460    8  0.525  0.435    58.80    33.60    21.92    17.50    14.20  1 -5.47e-07      0.00 7.507e-01 2.492e-01 2.668e-05 2.017e-05 8.178e-05 -1.000 1.466e-04 -3.461 0.292 -1.977 -3.267 -3.684 -3.898 -3.979
0.0001957 -1.90000 10.04139 0.8234649897 2.4266625100    0.666  3.327  3.6290  0.403    8  0.525  0.435    66.17    37.02    24.03    19.23    15.61  1 -6.61e-07      0.00 7.507e-01 2.492e-01 2.668e-05 2.017e-05 8.178e-05 -1.000 1.466e-04 -3.546 0.318 -1.994 -3.330 -3.761 -3.983 -4.068
0.0001957 -1.90000 10.04139 0.8234658837 2.4266628026    0.647  3.349  3.6269  0.360    8  0.526  0.435    72.22    39.73    25.69    20.60    16.72  1 -7.62e-07      0.00 7.507e-01 2.492e-01 2.668e-05 2.017e-05 8.178e-05 -1.000 1.466e-04 -3.602 0.341 -1.997 -3.367 -3.810 -4.038 -4.125
0.0001957 -1.90000 10.04139 0.8234701157 2.4266641874    0.528 -9.999  4.0000  1.868    9  0.528  0.000     0.00     0.00     0.00     0.00     0.00 -1    -1e-30      0.00 7.507e-01 2.492e-01 2.668e-05 2.017e-05 8.178e-05 -1.000 1.466e-04 29.767 30.108 29.970 30.249 30.477 30.556 30.645
