# Zini     MH   logAge Mini        int_IMF         Mass   logL    logTe  logg  label   McoreTP C_O  period0  period1  period2  period3  period4  pmode  Mloss  tau1m   X   Y   Xc  Xn  Xo  Cexcess  Z 	 mbolmag  umag    gmag    rmag    imag    zmag    Ymag
0.00021956 -1.85000 10.01703 0.0900000036 1.0816895926    0.090 -3.202  3.4860  5.490    1  0.000  0.545     0.00     0.00     0.00     0.00     0.00 -1 -4.74e-17      0.00 7.487e-01 2.511e-01 4.145e-05 1.118e-05 1.014e-04 -1.000 2.305e-04 12.775 17.862 15.911 13.982 12.538 12.073 11.974
0.00021956 -1.85000 10.01703 0.0938998759 1.1180300666    0.094 -3.051  3.5083  5.446    1  0.000  0.545     0.00     0.00     0.00     0.00     0.00 -1 -6.91e-17      0.00 7.478e-01 2.519e-01 4.145e-05 1.118e-05 1.014e-04 -1.000 2.306e-04 12.397 17.366 15.151 13.318 12.160 11.755 11.651
0.00021956 -1.85000 10.01703 0.1000000015 1.1711064122    0.100 -2.827  3.5412  5.382    1  0.000  0.545     0.00     0.00     0.00     0.00     0.00 -1 -1.21e-16      0.00 7.464e-01 2.533e-01 4.145e-05 1.118e-05 1.014e-04 -1.000 2.305e-04 11.837 16.369 14.064 12.409 11.600 11.268 11.164
0.00021956 -1.85000 10.01703 0.1199999973 1.3193154249    0.120 -2.533  3.5720  5.290    1  0.000  0.545     0.00     0.00     0.00     0.00     0.00 -1 -2.41e-16      0.00 7.436e-01 2.562e-01 4.145e-05 1.118e-05 1.014e-04 -1.000 2.306e-04 11.103 14.998 12.882 11.434 10.862 10.584 10.489
0.00021956 -1.85000 10.01703 0.1399999857 1.4384525915    0.140 -2.350  3.5868  5.233    1  0.000  0.545     0.00     0.00     0.00     0.00     0.00 -1 -3.63e-16      0.00 7.417e-01 2.581e-01 4.145e-05 1.119e-05 1.014e-04 -1.000 2.306e-04 10.645 14.215 12.234 10.901 10.401 10.145 10.057
0.00021956 -1.85000 10.01703 0.1599999964 1.5372931554    0.160 -2.207  3.5964  5.187    1  0.000  0.545     0.00     0.00     0.00     0.00     0.00 -1 -4.97e-16      0.00 7.404e-01 2.594e-01 4.145e-05 1.119e-05 1.014e-04 -1.000 2.305e-04 10.288 13.651 11.761 10.506 10.041 9.800 9.716
0.00021956 -1.85000 10.01703 0.2000000179 1.6938791367    0.200 -1.987  3.6087  5.113    1  0.000  0.545     0.00     0.00     0.00     0.00     0.00 -1 -8.03e-16      0.00 7.394e-01 2.604e-01 4.145e-05 1.119e-05 1.014e-04 -1.000 2.306e-04 9.738 12.851 11.071 9.912 9.485 9.263 9.185
0.00021956 -1.85000 10.01703 0.2500000000 1.8403257998    0.250 -1.784  3.6197  5.051    1  0.000  0.545     0.00     0.00     0.00     0.00     0.00 -1 -1.23e-15      0.00 7.395e-01 2.603e-01 4.145e-05 1.119e-05 1.014e-04 -1.000 2.305e-04 9.230 12.139 10.449 9.369 8.973 8.767 8.695
0.00021956 -1.85000 10.01703 0.3000000417 1.9529140366    0.300 -1.628  3.6288  5.010    1  0.000  0.545     0.00     0.00     0.00     0.00     0.00 -1 -1.69e-15      0.00 7.396e-01 2.601e-01 4.144e-05 1.119e-05 1.014e-04 -1.000 2.306e-04 8.841 11.589 9.969 8.952 8.580 8.387 8.320
0.00021956 -1.85000 10.01703 0.3499999940 2.0434174644    0.350 -1.501  3.6369  4.983    1  0.000  0.544     0.00     0.00     0.00     0.00     0.00 -1 -2.16e-15      0.00 7.395e-01 2.602e-01 4.142e-05 1.119e-05 1.014e-04 -1.000 2.305e-04 8.523 11.134 9.574 8.610 8.258 8.078 8.015
0.00021956 -1.85000 10.01703 0.4000000060 2.1185024399    0.400 -1.375  3.6462  4.951    1  0.000  0.545     0.00     0.00     0.00     0.00     0.00 -1 -2.81e-15      0.00 7.503e-01 2.495e-01 4.145e-05 1.118e-05 1.014e-04 -1.000 2.306e-04 8.206 10.669 9.176 8.268 7.939 7.772 7.714
0.00021956 -1.85000 10.01703 0.4500000179 2.1822809362    0.450 -1.218  3.6617  4.908    1  0.000  0.545     0.00     0.00     0.00     0.00     0.00 -1 -3.99e-15      0.00 7.507e-01 2.491e-01 4.145e-05 1.118e-05 1.014e-04 -1.000 2.306e-04 7.815 10.034 8.659 7.840 7.546 7.400 7.350
0.00021956 -1.85000 10.01703 0.5000000000 2.2374541529    0.500 -1.044  3.6807  4.856    1  0.000  0.545     0.00     0.00     0.00     0.00     0.00 -1    -6e-15      0.00 7.507e-01 2.491e-01 4.145e-05 1.118e-05 1.014e-04 -1.000 2.306e-04 7.380 9.301 8.085 7.367 7.113 6.992 6.953
0.00021956 -1.85000 10.01703 0.5500000715 2.2836583126    0.550 -0.844  3.7012  4.779    1  0.000  0.544     0.00     0.00     0.00     0.00     0.00 -1 -9.89e-15      0.00 7.802e-01 2.196e-01 3.684e-05 9.945e-06 9.024e-05 -1.000 1.382e-04 6.881 8.508 7.465 6.841 6.625 6.530 6.501
0.00021956 -1.85000 10.01703 0.6000000238 2.3211213258    0.600 -0.643  3.7259  4.715    1  0.000  0.544     0.00     0.00     0.00     0.00     0.00 -1 -1.62e-14      0.00 7.909e-01 2.089e-01 3.526e-05 9.523e-06 8.644e-05 -1.000 2.256e-04 6.378 7.706 6.848 6.324 6.150 6.083 6.067
0.00021956 -1.85000 10.01703 0.6064482927 2.3254383797    0.606 -0.616  3.7296  4.707    1  0.000  0.544     0.00     0.00     0.00     0.00     0.00 -1 -1.73e-14      0.00 7.926e-01 2.072e-01 3.502e-05 9.458e-06 8.585e-05 -1.000 2.205e-04 6.311 7.598 6.765 6.255 6.087 6.025 6.011
0.00021956 -1.85000 10.01703 0.6209463477 2.3347692338    0.621 -0.555  3.7379  4.690    1  0.000  0.544     0.00     0.00     0.00     0.00     0.00 -1    -2e-14      0.00 7.965e-01 2.033e-01 3.444e-05 9.305e-06 8.448e-05 -1.000 1.913e-04 6.158 7.364 6.582 6.103 5.948 5.895 5.884
0.00021956 -1.85000 10.01703 0.6343038678 2.3429333101    0.634 -0.499  3.7454  4.673    1  0.000  0.543     0.00     0.00     0.00     0.00     0.00 -1  -2.3e-14      0.00 8.004e-01 1.994e-01 3.388e-05 9.155e-06 8.313e-05 -1.000 1.866e-04 6.017 7.154 6.416 5.964 5.822 5.777 5.769
0.00021956 -1.85000 10.01703 0.6457269788 2.3496078273    0.645 -0.450  3.7519  4.658    1  0.000  0.543     0.00     0.00     0.00     0.00     0.00 -1  -2.6e-14      0.00 8.039e-01 1.959e-01 3.337e-05 9.020e-06 8.192e-05 -1.000 1.836e-04 5.896 6.978 6.274 5.847 5.715 5.676 5.672
0.00021956 -1.85000 10.01703 0.6499999762 2.3520353107    0.650 -0.432  3.7543  4.652    1  0.000  0.543     0.00     0.00     0.00     0.00     0.00 -1 -2.72e-14      0.00 8.052e-01 1.946e-01 3.318e-05 8.968e-06 8.145e-05 -1.000 1.968e-04 5.850 6.912 6.221 5.803 5.675 5.639 5.635
0.00021956 -1.85000 10.01703 0.6551656127 2.3549213368    0.655 -0.410  3.7570  4.644    1  0.000  0.543     0.00     0.00     0.00     0.00     0.00 -1 -2.87e-14      0.00 8.073e-01 1.926e-01 3.289e-05 8.891e-06 8.076e-05 -1.000 1.811e-04 5.794 6.834 6.157 5.749 5.626 5.593 5.590
0.00021956 -1.85000 10.01703 0.6694272757 2.3626240371    0.669 -0.348  3.7645  4.621    1  0.000  0.543     0.00     0.00     0.00     0.00     0.00 -1 -3.36e-14      0.00 8.132e-01 1.867e-01 3.204e-05 8.665e-06 7.873e-05 -1.000 1.746e-04 5.640 6.623 5.982 5.602 5.490 5.465 5.465
0.00021956 -1.85000 10.01703 0.6829686761 2.3695963760    0.683 -0.288  3.7714  4.598    1  0.000  0.542     0.00     0.00     0.00     0.00     0.00 -1 -3.92e-14      0.00 8.192e-01 1.806e-01 3.117e-05 8.433e-06 7.665e-05 -1.000 2.204e-04 5.491 6.427 5.816 5.460 5.360 5.341 5.344
0.00021956 -1.85000 10.01703 0.6955065131 2.3757743943    0.695 -0.232  3.7777  4.575    1  0.000  0.542     0.00     0.00     0.00     0.00     0.00 -1 -4.54e-14      0.00 8.252e-01 1.746e-01 3.030e-05 8.201e-06 7.457e-05 -1.000 2.187e-04 5.350 6.248 5.661 5.327 5.236 5.223 5.229
0.00021956 -1.85000 10.01703 0.6999999881 2.3779266974    0.700 -0.211  3.7799  4.566    1  0.000  0.541     0.00     0.00     0.00     0.00     0.00 -1  -4.8e-14      0.00 8.275e-01 1.723e-01 2.997e-05 8.113e-06 7.379e-05 -1.000 2.198e-04 5.298 6.183 5.604 5.278 5.191 5.180 5.186
0.00021956 -1.85000 10.01703 0.7057098746 2.3806162198    0.705 -0.185  3.7825  4.554    1  0.000  0.540     0.00     0.00     0.00     0.00     0.00 -1 -5.15e-14      0.00 8.308e-01 1.690e-01 2.947e-05 7.991e-06 7.270e-05 -1.000 2.078e-04 5.232 6.103 5.532 5.216 5.133 5.125 5.131
0.00021956 -1.85000 10.01703 0.7176685333 2.3860899464    0.717 -0.128  3.7880  4.526    1  0.000  0.538     0.00     0.00     0.00     0.00     0.00 -1 -6.01e-14      0.00 8.375e-01 1.623e-01 2.845e-05 7.744e-06 7.052e-05 -1.000 1.204e-04 5.090 5.932 5.377 5.080 5.006 5.003 5.012
0.00021956 -1.85000 10.01703 0.7283118367 2.3907881454    0.728 -0.075  3.7928  4.499    1  0.000  0.536     0.00     0.00     0.00     0.00     0.00 -1 -6.95e-14      0.00 8.432e-01 1.567e-01 2.761e-05 7.539e-06 6.871e-05 -1.000 1.586e-04 4.958 5.777 5.235 4.955 4.888 4.890 4.900
0.00021956 -1.85000 10.01703 0.7383465767 2.3950753470    0.738 -0.023  3.7972  4.470    1  0.000  0.533     0.00     0.00     0.00     0.00     0.00 -1 -8.03e-14      0.00 8.482e-01 1.517e-01 2.689e-05 7.366e-06 6.720e-05 -1.000 1.408e-04 4.828 5.627 5.094 4.830 4.770 4.777 4.789
0.00021956 -1.85000 10.01703 0.7471553683 2.3987298300    0.747  0.024  3.8010  4.442    1  0.000  0.532     0.00     0.00     0.00     0.00     0.00 -1  -9.2e-14      0.00 8.522e-01 1.477e-01 2.634e-05 7.234e-06 6.604e-05 -1.000 1.254e-04 4.709 5.491 4.966 4.715 4.661 4.671 4.684
0.00021956 -1.85000 10.01703 0.7500000000 2.3998889087    0.750  0.040  3.8022  4.433    1  0.000  0.531     0.00     0.00     0.00     0.00     0.00 -1 -9.62e-14      0.00 8.534e-01 1.465e-01 2.617e-05 7.196e-06 6.571e-05 -1.000 1.204e-04 4.670 5.447 4.923 4.677 4.625 4.636 4.650
0.00021956 -1.85000 10.01703 0.7592121959 2.4035740712    0.759  0.093  3.8062  4.402    1  0.000  0.530     0.00     0.00     0.00     0.00     0.00 -1 -1.12e-13      0.00 8.545e-01 1.454e-01 2.615e-05 7.194e-06 6.572e-05 -1.000 1.206e-04 4.537 5.298 4.781 4.548 4.503 4.518 4.533
0.00021956 -1.85000 10.01703 0.7677005529 2.4068797954    0.767  0.146  3.8099  4.369    1  0.000  0.530     0.00     0.00     0.00     0.00     0.00 -1  -1.3e-13      0.00 8.555e-01 1.444e-01 2.615e-05 7.197e-06 6.578e-05 -1.000 1.517e-04 4.406 5.153 4.640 4.421 4.382 4.400 4.416
0.00021956 -1.85000 10.01703 0.7758006454 2.4099568683    0.775  0.199  3.8134  4.334    1  0.000  0.529     0.00     0.00     0.00     0.00     0.00 -1 -1.53e-13      0.00 8.562e-01 1.436e-01 2.616e-05 7.202e-06 6.586e-05 -1.000 1.666e-04 4.272 5.006 4.497 4.289 4.256 4.278 4.295
0.00021956 -1.85000 10.01703 0.7832664251 2.4127282570    0.782  0.252  3.8165  4.297    1  0.000  0.529     0.00     0.00     0.00     0.00     0.00 -1 -1.79e-13      0.00 8.569e-01 1.430e-01 2.618e-05 7.212e-06 6.596e-05 -1.000 1.497e-04 4.139 4.862 4.355 4.158 4.130 4.155 4.172
0.00021956 -1.85000 10.01703 0.7900992632 2.4152119731    0.789  0.305  3.8191  4.259    1  0.000  0.529     0.00     0.00     0.00     0.00     0.00 -1  -2.1e-13      0.00 8.574e-01 1.425e-01 2.621e-05 7.223e-06 6.609e-05 -1.000 1.203e-04 4.008 4.722 4.215 4.027 4.004 4.031 4.050
0.00021956 -1.85000 10.01703 0.7963515520 2.4174417688    0.795  0.356  3.8211  4.219    1  0.000  0.529     0.00     0.00     0.00     0.00     0.00 -1 -2.47e-13      0.00 8.577e-01 1.422e-01 2.626e-05 7.237e-06 6.623e-05 -1.000 1.253e-04 3.879 4.586 4.080 3.899 3.880 3.909 3.928
0.00021956 -1.85000 10.01703 0.8000000119 2.4187244405    0.799  0.388  3.8220  4.193    1  0.000  0.528     0.00     0.00     0.00     0.00     0.00 -1 -2.73e-13      0.00 8.572e-01 1.426e-01 2.637e-05 7.268e-06 6.652e-05 -1.000 1.283e-04 3.800 4.503 3.997 3.820 3.802 3.832 3.851
0.00021956 -1.85000 10.01703 0.8051143885 2.4204999917    0.804  0.433  3.8232  4.155    1  0.000  0.529     0.00     0.00     0.00     0.00     0.00 -1 -3.15e-13      0.00 8.556e-01 1.443e-01 2.661e-05 7.335e-06 6.713e-05 -1.000 1.400e-04 3.686 4.384 3.878 3.706 3.690 3.722 3.741
0.00021956 -1.85000 10.01703 0.8061965108 2.4208723515    0.805  0.444  3.8233  4.145    1  0.000  0.529     0.00     0.00     0.00     0.00     0.00 -1 -3.29e-13      0.00 8.552e-01 1.446e-01 2.667e-05 7.350e-06 6.726e-05 -1.000 1.420e-04 3.660 4.357 3.851 3.680 3.664 3.696 3.715
0.00021956 -1.85000 10.01703 0.8078773022 2.4214484402    0.807  0.462  3.8231  4.127    1  0.000  0.529     0.00     0.00     0.00     0.00     0.00 -1 -3.48e-13      0.00 8.547e-01 1.452e-01 2.675e-05 7.373e-06 6.747e-05 -1.000 1.451e-04 3.616 4.313 3.807 3.635 3.619 3.650 3.670
0.00021956 -1.85000 10.01703 0.8126437068 2.4230672232    0.811  0.514  3.8217  4.072    1  0.000  0.529     0.00     0.00     0.00     0.00     0.00 -1 -4.16e-13      0.00 8.532e-01 1.467e-01 2.699e-05 7.438e-06 6.805e-05 -1.000 1.538e-04 3.484 4.184 3.675 3.501 3.484 3.514 3.533
0.00021956 -1.85000 10.01703 0.8166071773 2.4243967750    0.815  0.564  3.8186  4.011    1  0.000  0.529     0.00     0.00     0.00     0.00     0.00 -1    -5e-13      0.00 8.519e-01 1.480e-01 2.719e-05 7.491e-06 6.854e-05 -1.000 1.610e-04 3.359 4.067 3.554 3.372 3.351 3.378 3.395
0.00021956 -1.85000 10.01703 0.8172765970 2.4246198694    0.816  0.573  3.8178  3.999    1  0.000  0.529     0.00     0.00     0.00     0.00     0.00 -1 -5.18e-13      0.00 8.517e-01 1.482e-01 2.722e-05 7.500e-06 6.862e-05 -1.000 1.622e-04 3.336 4.046 3.533 3.349 3.326 3.352 3.370
0.00021956 -1.85000 10.01703 0.8179620504 2.4248478722    0.816  0.584  3.8167  3.985    2  0.000  0.529     0.00     0.00     0.00     0.00     0.00 -1 -5.41e-13      0.00 8.514e-01 1.484e-01 2.725e-05 7.509e-06 6.870e-05 -1.000 1.634e-04 3.311 4.023 3.509 3.322 3.298 3.323 3.340
0.00021956 -1.85000 10.01703 0.8202632666 2.4256101229    0.819  0.621  3.8113  3.927    2  0.000  0.529     0.00     0.00     0.00     0.00     0.00 -1 -6.26e-13      0.00 8.507e-01 1.491e-01 2.737e-05 7.540e-06 6.898e-05 -1.000 1.676e-04 3.217 3.945 3.425 3.222 3.190 3.210 3.225
0.00021956 -1.85000 10.01703 0.8220148683 2.4261870319    0.820  0.655  3.8045  3.867    2  0.000  0.529     0.00     0.00     0.00     0.00     0.00 -1 -7.24e-13      0.00 8.502e-01 1.497e-01 2.745e-05 7.564e-06 6.920e-05 -1.000 1.707e-04 3.133 3.885 3.356 3.132 3.090 3.103 3.116
0.00021956 -1.85000 10.01703 0.8233804703 2.4266348500    0.822  0.685  3.7965  3.806    2  0.000  0.529     0.00     0.00     0.00     0.00     0.00 -1 -8.32e-13      0.00 8.497e-01 1.501e-01 2.752e-05 7.582e-06 6.936e-05 -1.000 1.732e-04 3.058 3.842 3.300 3.051 2.996 3.002 3.012
0.00021956 -1.85000 10.01703 0.8244781494 2.4269935723    0.823  0.711  3.7875  3.744    2  0.000  0.529     0.00     0.00     0.00     0.00     0.00 -1  -9.5e-13      0.00 8.484e-01 1.514e-01 2.786e-05 7.674e-06 7.020e-05 -1.000 1.743e-04 2.991 3.814 3.255 2.977 2.908 2.905 2.912
0.00021956 -1.85000 10.01703 0.8253917098 2.4272912881    0.824  0.736  3.7780  3.682    2  0.000  0.530     0.00     0.00     0.00     0.00     0.00 -1 -1.08e-12      0.00 8.402e-01 1.596e-01 2.914e-05 8.020e-06 7.331e-05 -1.000 1.658e-04 2.931 3.799 3.220 2.910 2.826 2.814 2.818
0.00021956 -1.85000 10.01703 0.8261871934 2.4275499078    0.824  0.758  3.7694  3.625    2  0.000  0.532     0.00     0.00     0.00     0.00     0.00 -1 -1.21e-12      0.00 8.168e-01 1.830e-01 3.218e-05 8.834e-06 8.058e-05 -1.000 1.861e-04 2.874 3.790 3.186 2.848 2.751 2.730 2.730
0.00021956 -1.85000 10.01703 0.8269206882 2.4277878674    0.825  0.783  3.7613  3.569    2  0.000  0.534     0.00     0.00     0.00     0.00     0.00 -1 -1.37e-12      0.00 7.947e-01 2.052e-01 3.502e-05 9.593e-06 8.735e-05 -1.000 1.823e-04 2.812 3.778 3.148 2.782 2.672 2.643 2.641
0.00021956 -1.85000 10.01703 0.8276566267 2.4280261323    0.826  0.816  3.7538  3.506    2  0.000  0.536     0.00     0.00     0.00     0.00     0.00 -1 -1.59e-12      0.00 7.801e-01 2.197e-01 3.689e-05 1.009e-05 9.181e-05 -1.000 2.162e-04 2.730 3.746 3.089 2.697 2.575 2.538 2.533
0.00021956 -1.85000 10.01703 0.8282319307 2.4282120517    0.826  0.851  3.7489  3.451    2  0.000  0.536     0.00     0.00     0.00     0.00     0.00 -1 -1.83e-12      0.00 7.738e-01 2.260e-01 3.771e-05 1.031e-05 9.378e-05 -1.000 2.258e-04 2.642 3.692 3.017 2.608 2.478 2.436 2.429
0.00021956 -1.85000 10.01703 0.8288011551 2.4283957142    0.827  0.893  3.7448  3.394    2  0.000  0.536     0.00     0.00     0.00     0.00     0.00 -1 -2.15e-12      0.00 7.696e-01 2.302e-01 3.826e-05 1.046e-05 9.508e-05 -1.000 2.203e-04 2.539 3.619 2.927 2.504 2.368 2.321 2.312
0.00021956 -1.85000 10.01703 0.8289769888 2.4284523890    0.827  0.908  3.7438  3.375    2  0.000  0.537     0.00     0.00     0.00     0.00     0.00 -1 -2.28e-12      0.00 7.687e-01 2.311e-01 3.837e-05 1.049e-05 9.535e-05 -1.000 1.867e-04 2.501 3.588 2.892 2.466 2.328 2.281 2.271
0.00021956 -1.85000 10.01703 0.8294487596 2.4286043139    0.827  0.950  3.7415  3.323    3  0.000  0.537     0.00     0.00     0.00     0.00     0.00 -1 -2.66e-12      0.00 7.663e-01 2.334e-01 3.864e-05 1.056e-05 9.599e-05 -1.000 2.293e-04 2.394 3.499 2.794 2.359 2.218 2.168 2.157
0.00021956 -1.85000 10.01703 0.8299645782 2.4287701962    0.828  1.000  3.7390  3.264    3  0.000  0.537     0.00     0.00     0.00     0.00     0.00 -1 -3.19e-12      0.00 7.640e-01 2.357e-01 3.887e-05 1.062e-05 9.655e-05 -1.000 2.285e-04 2.270 3.392 2.677 2.235 2.090 2.037 2.025
0.00021956 -1.85000 10.01703 0.8304024935 2.4289108397    0.828  1.046  3.7373  3.211    3  0.000  0.537     0.00     0.00     0.00     0.00     0.00 -1 -3.77e-12      0.00 7.622e-01 2.375e-01 3.903e-05 1.067e-05 9.693e-05 -1.000 2.285e-04 2.155 3.292 2.570 2.121 1.973 1.918 1.905
0.00021956 -1.85000 10.01703 0.8308208585 2.4290450450    0.828  1.092  3.7356  3.158    3  0.000  0.537     0.00     0.00     0.00     0.00     0.00 -1 -4.45e-12      0.00 7.606e-01 2.391e-01 3.915e-05 1.070e-05 9.725e-05 -1.000 2.305e-04 2.039 3.190 2.459 2.006 1.855 1.798 1.784
0.00021956 -1.85000 10.01703 0.8312457800 2.4291811945    0.829  1.143  3.7339  3.101    3  0.000  0.537     0.00     0.00     0.00     0.00     0.00 -1 -5.34e-12      0.00 7.589e-01 2.408e-01 3.925e-05 1.074e-05 9.753e-05 -1.000 2.268e-04 1.913 3.076 2.339 1.880 1.727 1.668 1.653
0.00021956 -1.85000 10.01703 0.8316362500 2.4293061643    0.829  1.193  3.7323  3.044    3  0.000  0.536     0.00     0.00     0.00     0.00     0.00 -1  -6.4e-12      0.00 7.574e-01 2.424e-01 3.930e-05 1.077e-05 9.775e-05 -1.000 2.090e-04 1.787 2.962 2.218 1.755 1.599 1.538 1.523
0.00021956 -1.85000 10.01703 0.8319866657 2.4294181999    0.829  1.242  3.7308  2.990    3  0.000  0.535     0.00     0.00     0.00     0.00     0.00 -1 -7.63e-12      0.00 7.560e-01 2.438e-01 3.929e-05 1.081e-05 9.792e-05 -1.000 1.913e-04 1.664 2.852 2.101 1.633 1.475 1.413 1.396
0.00021956 -1.85000 10.01703 0.8322930336 2.4295160635    0.830  1.289  3.7293  2.937    3  0.000  0.534     0.00     0.00     0.00     0.00     0.00 -1 -9.02e-12      0.00 7.547e-01 2.450e-01 3.923e-05 1.087e-05 9.805e-05 -1.000 2.283e-04 1.549 2.748 1.991 1.518 1.358 1.293 1.276
0.00021956 -1.85000 10.01703 0.8325914145 2.4296112963    0.830  1.338  3.7278  2.882    3  0.000  0.532     0.00     0.00     0.00     0.00     0.00 -1 -1.08e-11      0.00 7.536e-01 2.462e-01 3.912e-05 1.098e-05 9.816e-05 -1.000 2.304e-04 1.426 2.638 1.874 1.396 1.234 1.168 1.150
0.00021956 -1.85000 10.01703 0.8328776360 2.4297025744    0.830  1.389  3.7262  2.825    3  0.000  0.529     0.00     0.00     0.00     0.00     0.00 -1 -1.29e-11      0.00 7.526e-01 2.472e-01 3.895e-05 1.113e-05 9.825e-05 -1.000 2.292e-04 1.298 2.523 1.751 1.269 1.104 1.036 1.017
0.00021956 -1.85000 10.01703 0.8331176043 2.4297790465    0.830  1.436  3.7246  2.772    3  0.000  0.526     0.00     0.00     0.00     0.00     0.00 -1 -1.53e-11      0.00 7.518e-01 2.480e-01 3.877e-05 1.130e-05 9.832e-05 -1.000 2.283e-04 1.181 2.420 1.640 1.153 0.985 0.915 0.896
0.00021956 -1.85000 10.01703 0.8333364725 2.4298487504    0.830  1.482  3.7231  2.719    3  0.000  0.524     0.00     0.00     0.00     0.00     0.00 -1 -1.81e-11      0.00 7.511e-01 2.487e-01 3.861e-05 1.148e-05 9.837e-05 -1.000 2.301e-04 1.064 2.316 1.529 1.037 0.867 0.796 0.775
0.00021956 -1.85000 10.01703 0.8335422277 2.4299142397    0.830  1.530  3.7215  2.665    3  0.000  0.522     0.00     0.00     0.00     0.00     0.00 -1 -2.15e-11      0.00 7.506e-01 2.492e-01 3.844e-05 1.165e-05 9.842e-05 -1.000 2.286e-04 0.945 2.210 1.416 0.919 0.746 0.673 0.652
0.00021956 -1.85000 10.01703 0.8337242007 2.4299721284    0.830  1.576  3.7199  2.613    3  0.000  0.520     0.00     0.00     0.00     0.00     0.00 -1 -2.54e-11      0.00 7.502e-01 2.496e-01 3.832e-05 1.179e-05 9.844e-05 -1.000 2.276e-04 0.830 2.108 1.307 0.805 0.630 0.555 0.533
0.00021956 -1.85000 10.01703 0.8338971138 2.4300271081    0.830  1.624  3.7182  2.558    3  0.000  0.519     0.00     0.00     0.00     0.00     0.00 -1 -3.02e-11      0.00 7.499e-01 2.499e-01 3.824e-05 1.189e-05 9.847e-05 -1.000 2.291e-04 0.711 2.004 1.195 0.687 0.509 0.432 0.409
0.00021956 -1.85000 10.01703 0.8340496421 2.4300755845    0.830  1.670  3.7166  2.506    3  0.000  0.518     0.00     0.00     0.00     0.00     0.00 -1 -3.56e-11      0.00 7.498e-01 2.500e-01 3.818e-05 1.195e-05 9.848e-05 -1.000 2.306e-04 0.596 1.904 1.087 0.573 0.393 0.314 0.291
0.00021956 -1.85000 10.01703 0.8341853619 2.4301187017    0.830  1.714  3.7150  2.455    3  0.000  0.517     0.00     0.00     0.00     0.00     0.00 -1 -4.19e-11      0.00 7.497e-01 2.501e-01 3.815e-05 1.198e-05 9.849e-05 -1.000 2.305e-04 0.485 1.811 0.983 0.463 0.280 0.199 0.175
0.00021956 -1.85000 10.01703 0.8343146443 2.4301597588    0.830  1.760  3.7133  2.402    3  0.000  0.517     0.00     0.00     0.00     0.00     0.00 -1 -4.95e-11      0.00 7.497e-01 2.501e-01 3.814e-05 1.200e-05 9.849e-05 -1.000 2.305e-04 0.369 1.713 0.874 0.348 0.162 0.080 0.054
0.00021956 -1.85000 10.01703 0.8344317079 2.4301969228    0.830  1.806  3.7116  2.349    3  0.000  0.517     0.00     0.00     0.00     0.00     0.00 -1 -5.84e-11      0.00 7.497e-01 2.501e-01 3.814e-05 1.200e-05 9.849e-05 -1.000 2.306e-04 0.255 1.618 0.768 0.235 0.047 -0.038 -0.064
0.00021956 -1.85000 10.01703 0.8345347047 2.4302296111    0.829  1.849  3.7099  2.299    3  0.000  0.517     0.00     0.00     0.00     0.00     0.00 -1 -6.84e-11      0.00 7.496e-01 2.501e-01 3.814e-05 1.200e-05 9.849e-05 -1.000 2.305e-04 0.147 1.528 0.667 0.128 -0.064 -0.150 -0.177
0.00021956 -1.85000 10.01703 0.8346293569 2.4302596429    0.829  1.892  3.7082  2.250    3  0.000  0.517     0.00     0.00     0.00     0.00     0.00 -1 -7.99e-11      0.00 7.496e-01 2.501e-01 3.813e-05 1.201e-05 9.850e-05 -1.000 2.305e-04 0.040 1.441 0.568 0.022 -0.172 -0.261 -0.289
0.00021956 -1.85000 10.01703 0.8347209096 2.4302886839    0.829  1.937  3.7065  2.198    3  0.000  0.517     0.00     0.00     0.00     0.00     0.00 -1 -9.41e-11      0.00 7.496e-01 2.501e-01 3.813e-05 1.201e-05 9.850e-05 -1.000 2.306e-04 -0.072 1.349 0.464 -0.089 -0.286 -0.377 -0.406
0.00021956 -1.85000 10.01703 0.8348011374 2.4303141265    0.829  1.979  3.7047  2.148    3  0.000  0.517     0.00     0.00     0.00     0.00     0.00 -1  -1.1e-10      0.00 7.496e-01 2.501e-01 3.813e-05 1.201e-05 9.850e-05 -1.000 2.306e-04 -0.178 1.265 0.367 -0.194 -0.394 -0.487 -0.517
0.00021956 -1.85000 10.01703 0.8348748684 2.4303375038    0.828  2.021  3.7030  2.099    3  0.000  0.517     0.00     0.00     0.00     0.00     0.00 -1 -1.28e-10      0.00 7.496e-01 2.502e-01 3.813e-05 1.201e-05 9.850e-05 -1.000 2.306e-04 -0.284 1.181 0.270 -0.297 -0.501 -0.596 -0.627
0.00021956 -1.85000 10.01703 0.8349446654 2.4303596295    0.828  2.064  3.7013  2.049    3  0.000  0.517     0.00     0.00     0.00     0.00     0.00 -1  -1.5e-10      0.00 7.496e-01 2.502e-01 3.813e-05 1.202e-05 9.850e-05 -1.000 2.306e-04 -0.390 1.095 0.173 -0.403 -0.609 -0.706 -0.738
0.00021956 -1.85000 10.01703 0.8350061178 2.4303791063    0.828  2.104  3.6995  2.002    3  0.000  0.517     0.00     0.00     0.00     0.00     0.00 -1 -1.74e-10      0.00 7.496e-01 2.502e-01 3.813e-05 1.202e-05 9.850e-05 -1.000 2.305e-04 -0.491 1.017 0.082 -0.501 -0.711 -0.810 -0.843
0.00021956 -1.85000 10.01703 0.8350653052 2.4303978622    0.827  2.144  3.6978  1.955    3  0.000  0.517     0.00     0.00     0.00     0.00     0.00 -1 -2.01e-10      0.00 7.496e-01 2.502e-01 3.813e-05 1.202e-05 9.850e-05 -1.000 2.305e-04 -0.591 0.942 -0.009 -0.600 -0.812 -0.914 -0.947
0.00021956 -1.85000 10.01703 0.8351266980 2.4304173137    0.827  2.181  3.6963  1.911    3  0.000  0.517     0.00     0.00     0.00     0.00     0.00 -1  -2.3e-10      0.00 7.496e-01 2.502e-01 3.812e-05 1.202e-05 9.850e-05 -1.000 2.306e-04 -0.683 0.873 -0.092 -0.690 -0.906 -1.009 -1.044
0.00021956 -1.85000 10.01703 0.8351815939 2.4304347040    0.826  2.207  3.6953  1.881    3  0.000  0.517     0.00     0.00     0.00     0.00     0.00 -1 -2.54e-10      0.00 7.496e-01 2.502e-01 3.812e-05 1.202e-05 9.850e-05 -1.000 2.306e-04 -0.747 0.825 -0.150 -0.753 -0.971 -1.075 -1.110
0.00021956 -1.85000 10.01703 0.8352196813 2.4304467680    0.826  2.194  3.6961  1.898    3  0.000  0.517     0.00     0.00     0.00     0.00     0.00 -1 -2.44e-10      0.00 7.496e-01 2.502e-01 3.812e-05 1.202e-05 9.850e-05 -1.000 2.305e-04 -0.714 0.845 -0.122 -0.721 -0.937 -1.041 -1.076
0.00021956 -1.85000 10.01703 0.8352248073 2.4304483915    0.826  2.192  3.6963  1.900    3  0.000  0.517     0.00     0.00     0.00     0.00     0.00 -1 -2.42e-10      0.00 7.496e-01 2.502e-01 3.812e-05 1.202e-05 9.850e-05 -1.000 2.306e-04 -0.710 0.848 -0.119 -0.717 -0.933 -1.036 -1.071
0.00021956 -1.85000 10.01703 0.8352531791 2.4304573772    0.825  2.219  3.6950  1.868    3  0.000  0.517     0.00     0.00     0.00     0.00     0.00 -1 -2.65e-10      0.00 7.496e-01 2.502e-01 3.812e-05 1.202e-05 9.850e-05 -1.000 2.305e-04 -0.776 0.800 -0.178 -0.782 -1.000 -1.105 -1.141
0.00021956 -1.85000 10.01703 0.8352962136 2.4304710055    0.825  2.260  3.6931  1.819    3  0.000  0.517     0.00     0.00     0.00     0.00     0.00 -1 -3.08e-10      0.00 7.496e-01 2.502e-01 3.812e-05 1.202e-05 9.851e-05 -1.000 2.306e-04 -0.881 0.724 -0.271 -0.884 -1.106 -1.213 -1.250
0.00021956 -1.85000 10.01703 0.8353362679 2.4304836885    0.824  2.301  3.6913  1.770    3  0.000  0.517     0.00     0.00     0.00     0.00     0.00 -1 -3.57e-10      0.00 7.496e-01 2.502e-01 3.812e-05 1.202e-05 9.851e-05 -1.000 2.306e-04 -0.983 0.650 -0.362 -0.984 -1.209 -1.319 -1.357
0.00021956 -1.85000 10.01703 0.8353732824 2.4304954077    0.824  2.341  3.6894  1.722    3  0.000  0.517     0.00     0.00     0.00     0.00     0.00 -1 -4.14e-10      0.00 7.496e-01 2.502e-01 3.812e-05 1.203e-05 9.851e-05 -1.000 2.306e-04 -1.083 0.580 -0.450 -1.082 -1.311 -1.423 -1.462
0.00021956 -1.85000 10.01703 0.8354057074 2.4305056728    0.823  2.379  3.6876  1.677    3  0.000  0.517     0.00     0.00     0.00     0.00     0.00 -1 -4.75e-10      0.00 7.496e-01 2.502e-01 3.812e-05 1.203e-05 9.851e-05 -1.000 2.305e-04 -1.176 0.516 -0.531 -1.173 -1.405 -1.520 -1.559
0.00021956 -1.85000 10.01703 0.8354373574 2.4305156917    0.823  2.417  3.6857  1.631    3  0.000  0.517     0.00     0.00     0.00     0.00     0.00 -1 -5.49e-10      0.00 7.496e-01 2.502e-01 3.812e-05 1.203e-05 9.851e-05 -1.000 2.306e-04 -1.274 0.450 -0.616 -1.267 -1.503 -1.620 -1.661
0.00021956 -1.85000 10.01703 0.8354651928 2.4305245024    0.822  2.454  3.6839  1.586    3  0.000  0.517     0.00     0.00     0.00     0.00     0.00 -1 -6.29e-10      0.00 7.496e-01 2.502e-01 3.812e-05 1.203e-05 9.851e-05 -1.000 2.306e-04 -1.365 0.404 -0.694 -1.357 -1.597 -1.716 -1.758
0.00021956 -1.85000 10.01703 0.8354921937 2.4305330483    0.821  2.492  3.6821  1.541    3  0.000  0.517     0.00     0.00     0.00     0.00     0.00 -1 -7.23e-10      0.00 7.496e-01 2.502e-01 3.812e-05 1.203e-05 9.851e-05 -1.000 2.305e-04 -1.460 0.353 -0.775 -1.451 -1.694 -1.815 -1.858
0.00021956 -1.85000 10.01703 0.8355161548 2.4305406315    0.820  2.528  3.6803  1.497    3  0.000  0.517     6.80     5.40     3.84     2.96     2.40  3 -8.27e-10      0.00 7.496e-01 2.502e-01 3.812e-05 1.203e-05 9.851e-05 -1.000 2.306e-04 -1.550 0.312 -0.849 -1.540 -1.786 -1.910 -1.954
0.00021956 -1.85000 10.01703 0.8355441093 2.4305494780    0.819  2.572  3.6780  1.443    3  0.000  0.517     7.62     5.96     4.22     3.26     2.64  3 -9.75e-10      0.00 7.496e-01 2.502e-01 3.812e-05 1.203e-05 9.851e-05 -1.000 2.305e-04 -1.661 0.269 -0.938 -1.649 -1.900 -2.027 -2.073
0.00021956 -1.85000 10.01703 0.8355689645 2.4305573430    0.818  2.615  3.6758  1.391    3  0.000  0.517     8.50     6.54     4.61     3.57     2.89  3 -1.14e-09      0.00 7.496e-01 2.502e-01 3.812e-05 1.203e-05 9.851e-05 -1.000 2.305e-04 -1.768 0.233 -1.022 -1.754 -2.010 -2.140 -2.186
0.00021956 -1.85000 10.01703 0.8355883956 2.4305634913    0.817  2.651  3.6739  1.347    3  0.000  0.517     9.33     7.08     4.97     3.86     3.12  3 -1.31e-09      0.00 7.496e-01 2.502e-01 3.812e-05 1.203e-05 9.851e-05 -1.000 2.306e-04 -1.857 0.209 -1.090 -1.841 -2.102 -2.234 -2.282
0.00021956 -1.85000 10.01703 0.8356091380 2.4305700542    0.816  2.692  3.6718  1.297    3  0.000  0.517    10.36     7.75     5.42     4.21     3.41  3 -1.52e-09      0.00 7.496e-01 2.502e-01 3.812e-05 1.203e-05 9.851e-05 -1.000 2.306e-04 -1.959 0.184 -1.167 -1.940 -2.206 -2.342 -2.391
0.00021956 -1.85000 10.01703 0.8356257081 2.4305752967    0.815  2.726  3.6699  1.254    3  0.000  0.517    11.35     8.37     5.83     4.53     3.67  3 -1.73e-09      0.00 7.496e-01 2.502e-01 3.812e-05 1.203e-05 9.851e-05 -1.000 2.306e-04 -2.046 0.169 -1.230 -2.025 -2.296 -2.434 -2.485
0.00021956 -1.85000 10.01703 0.8356431723 2.4305808218    0.814  2.765  3.6677  1.206    3  0.000  0.517    12.56     9.13     6.34     4.93     3.99  3    -2e-09      0.00 7.496e-01 2.502e-01 3.812e-05 1.203e-05 9.851e-05 -1.000 2.305e-04 -2.143 0.158 -1.298 -2.118 -2.395 -2.537 -2.589
0.00021956 -1.85000 10.01703 0.8356599212 2.4305861203    0.812  2.805  3.6655  1.156    3  0.000  0.517    13.93     9.97     6.90     5.38     4.36  2 -2.33e-09      0.00 7.496e-01 2.502e-01 3.811e-05 1.203e-05 9.851e-05 -1.000 2.306e-04 -2.243 0.151 -1.366 -2.213 -2.496 -2.642 -2.695
0.00021956 -1.85000 10.01703 0.8356755972 2.4305910793    0.810  2.845  3.6632  1.107    3  0.000  0.517    15.47    10.91     7.51     5.86     4.75  2  -2.7e-09      0.00 7.496e-01 2.502e-01 3.811e-05 1.203e-05 9.851e-05 -1.000 2.306e-04 -2.342 0.155 -1.430 -2.307 -2.598 -2.746 -2.802
0.00021956 -1.85000 10.01703 0.8356891870 2.4305953781    0.809  2.881  3.6611  1.061    3  0.000  0.517    17.03    11.84     8.13     6.35     5.15  2  -3.1e-09      0.00 7.496e-01 2.502e-01 3.811e-05 1.203e-05 9.851e-05 -1.000 2.306e-04 -2.433 0.160 -1.488 -2.393 -2.691 -2.843 -2.900
0.00021956 -1.85000 10.01703 0.8357024193 2.4305995636    0.807  2.919  3.6589  1.013    3  0.000  0.517    18.84    12.91     8.82     6.90     5.60  2 -3.58e-09      0.00 7.496e-01 2.502e-01 3.811e-05 1.203e-05 9.851e-05 -1.000 2.306e-04 -2.528 0.178 -1.544 -2.482 -2.787 -2.944 -3.002
0.00021956 -1.85000 10.01703 0.8357139826 2.4306032212    0.805  2.954  3.6568  0.969    3  0.000  0.517    20.69    13.98     9.52     7.46     6.05  2 -4.09e-09      0.00 7.496e-01 2.502e-01 3.811e-05 1.203e-05 9.851e-05 -1.000 2.307e-04 -2.616 0.182 -1.595 -2.562 -2.875 -3.035 -3.095
0.00021956 -1.85000 10.01703 0.8357251883 2.4306067654    0.803  2.990  3.6547  0.923    3  0.000  0.517    22.76    15.17    10.29     8.07     6.55  2 -4.69e-09      0.00 7.496e-01 2.502e-01 3.811e-05 1.203e-05 9.851e-05 -1.000 2.306e-04 -2.705 0.172 -1.650 -2.642 -2.963 -3.127 -3.189
0.00021956 -1.85000 10.01703 0.8357356787 2.4306100834    0.801  3.026  3.6524  0.877    3  0.000  0.517    25.06    16.47    11.13     8.74     7.09  2 -5.38e-09      0.00 7.496e-01 2.502e-01 3.811e-05 1.203e-05 9.851e-05 -1.000 2.305e-04 -2.794 0.169 -1.700 -2.721 -3.050 -3.219 -3.282
0.00021956 -1.85000 10.01703 0.8357447982 2.4306129677    0.798  3.059  3.6504  0.835    3  0.000  0.517    27.36    17.75    11.96     9.40     7.63  1 -6.09e-09      0.00 7.496e-01 2.502e-01 3.811e-05 1.204e-05 9.851e-05 -1.000 2.306e-04 -2.876 0.162 -1.750 -2.794 -3.131 -3.303 -3.369
0.00021956 -1.85000 10.01703 0.8357536793 2.4306157765    0.796  3.092  3.6483  0.792    3  0.000  0.517    29.98    19.18    12.88    10.14     8.23  1 -6.93e-09      0.00 7.496e-01 2.502e-01 3.811e-05 1.204e-05 9.851e-05 -1.000 2.305e-04 -2.960 0.160 -1.796 -2.867 -3.211 -3.388 -3.455
0.00021956 -1.85000 10.01703 0.8357619643 2.4306183967    0.793  3.125  3.6462  0.749    3  0.000  0.517    32.79    20.71    13.85    10.92     8.86  1 -7.86e-09      0.00 7.496e-01 2.502e-01 3.811e-05 1.204e-05 9.851e-05 -1.000 2.306e-04 -3.042 0.156 -1.843 -2.938 -3.291 -3.472 -3.541
0.00021956 -1.85000 10.01703 0.8357695341 2.4306207907    0.791  3.156  3.6442  0.709    3  0.000  0.517    35.70    22.26    14.84    11.71     9.51  1 -8.86e-09      0.00 7.496e-01 2.502e-01 3.811e-05 1.204e-05 9.851e-05 -1.000 2.305e-04 -3.120 0.152 -1.888 -3.006 -3.366 -3.551 -3.622
0.00021956 -1.85000 10.01703 0.8357770443 2.4306231658    0.787  3.189  3.6421  0.666    3  0.000  0.517    39.07    24.03    15.96    12.61    10.24  1 -1.01e-08      0.00 7.496e-01 2.502e-01 3.811e-05 1.204e-05 9.851e-05 -1.000 2.306e-04 -3.202 0.152 -1.931 -3.076 -3.445 -3.634 -3.707
0.00021956 -1.85000 10.01703 0.8357837796 2.4306252957    0.784  3.219  3.6402  0.626    3  0.000  0.517    42.45    25.79    17.08    13.51    10.97  1 -1.13e-08      0.00 7.496e-01 2.502e-01 3.811e-05 1.204e-05 9.851e-05 -1.000 2.306e-04 -3.277 0.152 -1.971 -3.141 -3.517 -3.711 -3.785
0.00021956 -1.85000 10.01703 0.8357902765 2.4306273503    0.781  3.249  3.6383  0.587    3  0.000  0.517    46.09    27.65    18.25    14.46    11.74  1 -1.27e-08      0.00 7.495e-01 2.502e-01 3.811e-05 1.204e-05 9.851e-05 -1.000 2.306e-04 -3.352 0.152 -2.008 -3.203 -3.587 -3.785 -3.861
0.00021956 -1.85000 10.01703 0.8357957602 2.4306290844    0.778  3.272  3.6368  0.556    3  0.000  0.517    49.15    29.20    19.22    15.24    12.38  1  -1.4e-08      0.00 7.495e-01 2.502e-01 3.811e-05 1.204e-05 9.851e-05 -1.000 2.306e-04 -3.410 0.151 -2.036 -3.251 -3.642 -3.843 -3.921
0.00021956 -1.85000 10.01703 0.8357957602 2.4306290844    0.778  1.719  3.8109  2.806    4  0.000  0.530     0.00     0.00     0.00     0.00     0.00 -1    -1e-30      0.00 7.528e-01 2.470e-01 3.903e-05 1.110e-05 9.832e-05 -1.000 2.306e-04 0.473 1.145 0.604 0.440 0.424 0.437 0.451
0.00021956 -1.85000 10.01703 0.8358473182 2.4306453873    0.778  1.739  3.8010  2.746    4  0.000  0.530     0.00     0.00     0.00     0.00     0.00 -1    -1e-30      0.00 7.528e-01 2.470e-01 3.903e-05 1.110e-05 9.832e-05 -1.000 2.306e-04 0.422 1.138 0.585 0.385 0.353 0.358 0.369
0.00021956 -1.85000 10.01703 0.8358998299 2.4306619893    0.778  1.742  3.8007  2.742    4  0.000  0.530     0.00     0.00     0.00     0.00     0.00 -1    -1e-30      0.00 7.528e-01 2.470e-01 3.903e-05 1.110e-05 9.832e-05 -1.000 2.305e-04 0.415 1.132 0.578 0.378 0.344 0.349 0.360
0.00021956 -1.85000 10.01703 0.8359532356 2.4306788716    0.778  1.743  3.8015  2.744    4  0.000  0.530     0.00     0.00     0.00     0.00     0.00 -1    -1e-30      0.00 7.528e-01 2.470e-01 3.903e-05 1.110e-05 9.832e-05 -1.000 2.305e-04 0.413 1.126 0.574 0.376 0.344 0.350 0.361
0.00021956 -1.85000 10.01703 0.8360059857 2.4306955442    0.778  1.743  3.8026  2.748    4  0.000  0.530     0.00     0.00     0.00     0.00     0.00 -1    -1e-30      0.00 7.528e-01 2.470e-01 3.903e-05 1.110e-05 9.832e-05 -1.000 2.306e-04 0.412 1.120 0.569 0.375 0.345 0.352 0.363
0.00021956 -1.85000 10.01703 0.8360607028 2.4307128359    0.778  1.743  3.8040  2.754    4  0.000  0.530     0.00     0.00     0.00     0.00     0.00 -1    -1e-30      0.00 7.528e-01 2.470e-01 3.903e-05 1.110e-05 9.832e-05 -1.000 2.307e-04 0.411 1.113 0.564 0.375 0.348 0.355 0.367
0.00021956 -1.85000 10.01703 0.8361138701 2.4307296354    0.778  1.743  3.8056  2.760    4  0.000  0.530     0.00     0.00     0.00     0.00     0.00 -1    -1e-30      0.00 7.528e-01 2.470e-01 3.903e-05 1.110e-05 9.832e-05 -1.000 2.306e-04 0.412 1.106 0.558 0.376 0.351 0.360 0.372
0.00021956 -1.85000 10.01703 0.8361711502 2.4307477317    0.778  1.743  3.8075  2.768    4  0.000  0.530     0.00     0.00     0.00     0.00     0.00 -1    -1e-30      0.00 7.528e-01 2.470e-01 3.903e-05 1.110e-05 9.832e-05 -1.000 2.305e-04 0.412 1.097 0.552 0.377 0.356 0.366 0.379
0.00021956 -1.85000 10.01703 0.8362249732 2.4307647331    0.778  1.743  3.8094  2.776    4  0.000  0.530     0.00     0.00     0.00     0.00     0.00 -1    -1e-30      0.00 7.528e-01 2.470e-01 3.903e-05 1.110e-05 9.832e-05 -1.000 2.306e-04 0.413 1.090 0.547 0.378 0.360 0.372 0.385
0.00021956 -1.85000 10.01703 0.8362805843 2.4307822968    0.778  1.743  3.8112  2.783    4  0.000  0.530     0.00     0.00     0.00     0.00     0.00 -1    -1e-30      0.00 7.528e-01 2.470e-01 3.903e-05 1.110e-05 9.832e-05 -1.000 2.305e-04 0.414 1.082 0.542 0.379 0.365 0.378 0.392
0.00021956 -1.85000 10.01703 0.8363332748 2.4307989356    0.778  1.742  3.8126  2.789    4  0.000  0.530     0.00     0.00     0.00     0.00     0.00 -1    -1e-30      0.00 7.528e-01 2.470e-01 3.903e-05 1.110e-05 9.832e-05 -1.000 2.305e-04 0.414 1.076 0.537 0.380 0.369 0.383 0.397
0.00021956 -1.85000 10.01703 0.8363906145 2.4308170397    0.779  1.742  3.8140  2.795    4  0.000  0.530     0.00     0.00     0.00     0.00     0.00 -1    -1e-30      0.00 7.528e-01 2.470e-01 3.903e-05 1.110e-05 9.832e-05 -1.000 2.306e-04 0.414 1.071 0.534 0.381 0.372 0.387 0.402
0.00021956 -1.85000 10.01703 0.8364481330 2.4308351974    0.779  1.742  3.8149  2.798    4  0.000  0.530     0.00     0.00     0.00     0.00     0.00 -1    -1e-30      0.00 7.528e-01 2.470e-01 3.903e-05 1.110e-05 9.832e-05 -1.000 2.306e-04 0.414 1.067 0.531 0.382 0.374 0.389 0.405
0.00021956 -1.85000 10.01703 0.8365027308 2.4308524305    0.779  1.743  3.8153  2.800    4  0.000  0.530     0.00     0.00     0.00     0.00     0.00 -1    -1e-30      0.00 7.528e-01 2.470e-01 3.903e-05 1.110e-05 9.832e-05 -1.000 2.305e-04 0.413 1.065 0.529 0.381 0.374 0.390 0.406
0.00021956 -1.85000 10.01703 0.8365571499 2.4308696046    0.779  1.743  3.8154  2.800    4  0.000  0.530     0.00     0.00     0.00     0.00     0.00 -1    -1e-30      0.00 7.528e-01 2.470e-01 3.903e-05 1.110e-05 9.832e-05 -1.000 2.306e-04 0.412 1.064 0.528 0.380 0.373 0.389 0.405
0.00021956 -1.85000 10.01703 0.8365635276 2.4308716172    0.779  1.743  3.8154  2.800    4  0.000  0.530     0.00     0.00     0.00     0.00     0.00 -1    -1e-30      0.00 7.528e-01 2.470e-01 3.903e-05 1.110e-05 9.832e-05 -1.000 2.306e-04 0.412 1.064 0.527 0.380 0.373 0.389 0.405
0.00021956 -1.85000 10.01703 0.8365691900 2.4308734040    0.779  1.743  3.8153  2.799    4  0.000  0.530     0.00     0.00     0.00     0.00     0.00 -1    -1e-30      0.00 7.528e-01 2.470e-01 3.903e-05 1.110e-05 9.832e-05 -1.000 2.306e-04 0.412 1.064 0.527 0.380 0.373 0.389 0.404
0.00021956 -1.85000 10.01703 0.8366209269 2.4308897287    0.779  1.744  3.8145  2.795    4  0.000  0.530     0.00     0.00     0.00     0.00     0.00 -1    -1e-30      0.00 7.528e-01 2.470e-01 3.903e-05 1.110e-05 9.832e-05 -1.000 2.307e-04 0.410 1.065 0.528 0.377 0.369 0.384 0.399
0.00021956 -1.85000 10.01703 0.8366754651 2.4309069348    0.779  1.745  3.8132  2.789    4  0.000  0.530     0.00     0.00     0.00     0.00     0.00 -1    -1e-30      0.00 7.528e-01 2.470e-01 3.903e-05 1.110e-05 9.832e-05 -1.000 2.306e-04 0.407 1.067 0.529 0.374 0.363 0.377 0.392
0.00021956 -1.85000 10.01703 0.8367297649 2.4309240631    0.779  1.747  3.8113  2.780    4  0.000  0.530     0.00     0.00     0.00     0.00     0.00 -1    -1e-30      0.00 7.528e-01 2.470e-01 3.903e-05 1.110e-05 9.832e-05 -1.000 2.306e-04 0.404 1.071 0.531 0.369 0.355 0.368 0.383
0.00021956 -1.85000 10.01703 0.8367835879 2.4309410384    0.779  1.748  3.8088  2.769    4  0.000  0.530     0.00     0.00     0.00     0.00     0.00 -1    -1e-30      0.00 7.528e-01 2.470e-01 3.903e-05 1.110e-05 9.832e-05 -1.000 2.306e-04 0.399 1.078 0.535 0.364 0.345 0.356 0.370
0.00021956 -1.85000 10.01703 0.8368356228 2.4309574475    0.779  1.750  3.8058  2.755    4  0.000  0.530     0.00     0.00     0.00     0.00     0.00 -1    -1e-30      0.00 7.528e-01 2.470e-01 3.903e-05 1.110e-05 9.832e-05 -1.000 2.306e-04 0.394 1.087 0.539 0.358 0.334 0.343 0.355
0.00021956 -1.85000 10.01703 0.8368883729 2.4309740796    0.779  1.753  3.8022  2.738    4  0.000  0.530     0.00     0.00     0.00     0.00     0.00 -1    -1e-30      0.00 7.528e-01 2.470e-01 3.903e-05 1.110e-05 9.832e-05 -1.000 2.306e-04 0.388 1.097 0.545 0.351 0.320 0.326 0.338
0.00021956 -1.85000 10.01703 0.8369421363 2.4309910288    0.779  1.756  3.7980  2.718    4  0.000  0.530     0.00     0.00     0.00     0.00     0.00 -1    -1e-30      0.00 7.528e-01 2.470e-01 3.903e-05 1.110e-05 9.832e-05 -1.000 2.306e-04 0.381 1.110 0.553 0.342 0.304 0.307 0.317
0.00021956 -1.85000 10.01703 0.8369681239 2.4309992207    0.779  1.757  3.7958  2.707    4  0.000  0.530     0.00     0.00     0.00     0.00     0.00 -1    -1e-30      0.00 7.528e-01 2.470e-01 3.903e-05 1.110e-05 9.832e-05 -1.000 2.306e-04 0.377 1.118 0.556 0.338 0.296 0.297 0.306
0.00021956 -1.85000 10.01703 0.8369775414 2.4310021891    0.779  1.758  3.7950  2.704    4  0.000  0.530     0.00     0.00     0.00     0.00     0.00 -1    -1e-30      0.00 7.528e-01 2.470e-01 3.903e-05 1.110e-05 9.832e-05 -1.000 2.306e-04 0.375 1.120 0.558 0.336 0.293 0.293 0.302
0.00021956 -1.85000 10.01703 0.8370329142 2.4310196414    0.779  1.761  3.7903  2.681    4  0.000  0.530     0.00     0.00     0.00     0.00     0.00 -1    -1e-30      0.00 7.528e-01 2.470e-01 3.903e-05 1.110e-05 9.832e-05 -1.000 2.305e-04 0.366 1.135 0.565 0.327 0.275 0.271 0.278
0.00021956 -1.85000 10.01703 0.8370869160 2.4310366589    0.779  1.765  3.7857  2.659    4  0.000  0.530     0.00     0.00     0.00     0.00     0.00 -1    -1e-30      0.00 7.528e-01 2.470e-01 3.903e-05 1.110e-05 9.832e-05 -1.000 2.305e-04 0.357 1.149 0.571 0.317 0.257 0.249 0.255
0.00021956 -1.85000 10.01703 0.8371446133 2.4310548383    0.779  1.770  3.7812  2.637    4  0.000  0.530     0.00     0.00     0.00     0.00     0.00 -1    -1e-30      0.00 7.528e-01 2.470e-01 3.903e-05 1.110e-05 9.832e-05 -1.000 2.306e-04 0.346 1.162 0.576 0.305 0.238 0.226 0.230
0.00021956 -1.85000 10.01703 0.8371995687 2.4310721511    0.779  1.775  3.7768  2.614    4  0.000  0.530     0.00     0.00     0.00     0.00     0.00 -1    -1e-30      0.00 7.528e-01 2.470e-01 3.903e-05 1.110e-05 9.832e-05 -1.000 2.306e-04 0.333 1.175 0.580 0.293 0.218 0.202 0.204
0.00021956 -1.85000 10.01703 0.8372521996 2.4310887291    0.779  1.780  3.7731  2.595    4  0.000  0.530     0.00     0.00     0.00     0.00     0.00 -1    -1e-30      0.00 7.528e-01 2.470e-01 3.903e-05 1.110e-05 9.832e-05 -1.000 2.306e-04 0.321 1.185 0.580 0.281 0.199 0.180 0.180
0.00021956 -1.85000 10.01703 0.8373064995 2.4311058303    0.780  1.785  3.7701  2.578    4  0.000  0.530     0.00     0.00     0.00     0.00     0.00 -1    -1e-30      0.00 7.528e-01 2.470e-01 3.903e-05 1.110e-05 9.832e-05 -1.000 2.306e-04 0.308 1.191 0.579 0.268 0.181 0.159 0.158
0.00021956 -1.85000 10.01703 0.8373597860 2.4311226099    0.780  1.790  3.7672  2.560    4  0.000  0.530     0.00     0.00     0.00     0.00     0.00 -1    -1e-30      0.00 7.528e-01 2.470e-01 3.903e-05 1.110e-05 9.832e-05 -1.000 2.306e-04 0.294 1.195 0.575 0.254 0.162 0.137 0.135
0.00021956 -1.85000 10.01703 0.8374136686 2.4311395747    0.780  1.796  3.7645  2.544    4  0.000  0.530     0.00     0.00     0.00     0.00     0.00 -1    -1e-30      0.00 7.528e-01 2.470e-01 3.903e-05 1.110e-05 9.832e-05 -1.000 2.306e-04 0.279 1.197 0.570 0.239 0.143 0.115 0.112
0.00021956 -1.85000 10.01703 0.8374675512 2.4311565369    0.780  1.803  3.7620  2.527    4  0.000  0.530     0.00     0.00     0.00     0.00     0.00 -1    -1e-30      0.00 7.528e-01 2.470e-01 3.903e-05 1.110e-05 9.832e-05 -1.000 2.306e-04 0.262 1.196 0.562 0.223 0.121 0.091 0.087
0.00021956 -1.85000 10.01703 0.8375217915 2.4311736092    0.780  1.801  3.7631  2.534    4  0.000  0.530     0.00     0.00     0.00     0.00     0.00 -1    -1e-30      0.00 7.528e-01 2.470e-01 3.903e-05 1.110e-05 9.832e-05 -1.000 2.305e-04 0.268 1.194 0.564 0.228 0.129 0.100 0.096
0.00021956 -1.85000 10.01703 0.8375325799 2.4311770046    0.780  1.802  3.7627  2.531    4  0.000  0.530     0.00     0.00     0.00     0.00     0.00 -1    -1e-30      0.00 7.528e-01 2.470e-01 3.903e-05 1.110e-05 9.832e-05 -1.000 2.306e-04 0.265 1.194 0.562 0.225 0.125 0.096 0.092
0.00021956 -1.85000 10.01703 0.8375882506 2.4311945241    0.780  1.818  3.7573  2.493    4  0.000  0.530     0.00     0.00     0.00     0.00     0.00 -1    -1e-30      0.00 7.528e-01 2.470e-01 3.903e-05 1.110e-05 9.832e-05 -1.000 2.306e-04 0.226 1.191 0.544 0.187 0.078 0.043 0.037
0.00021956 -1.85000 10.01703 0.8376430869 2.4312117782    0.780  1.839  3.7516  2.450    4  0.000  0.530     0.00     0.00     0.00     0.00     0.00 -1    -1e-30      0.00 7.528e-01 2.470e-01 3.903e-05 1.110e-05 9.832e-05 -1.000 2.306e-04 0.173 1.178 0.512 0.135 0.016 -0.025 -0.033
0.00021956 -1.85000 10.01703 0.8376891613 2.4312262735    0.780  1.869  3.7449  2.393    4  0.000  0.530     0.00     0.00     0.00     0.00     0.00 -1    -1e-30      0.00 7.528e-01 2.470e-01 3.903e-05 1.110e-05 9.832e-05 -1.000 2.306e-04 0.097 1.151 0.462 0.060 -0.070 -0.118 -0.128
0.00021956 -1.85000 10.01703 0.8377141356 2.4312341298    0.780  1.903  3.7385  2.333    4  0.000  0.530     0.00     0.00     0.00     0.00     0.00 -1    -1e-30      0.00 7.528e-01 2.470e-01 3.903e-05 1.110e-05 9.832e-05 -1.000 2.305e-04 0.013 1.116 0.402 -0.023 -0.164 -0.218 -0.232
0.00021956 -1.85000 10.01703 0.8377254605 2.4312376922    0.780  1.937  3.7329  2.277    4  0.000  0.530     0.00     0.00     0.00     0.00     0.00 -1    -1e-30      0.00 7.528e-01 2.470e-01 3.903e-05 1.110e-05 9.832e-05 -1.000 2.306e-04 -0.072 1.081 0.340 -0.106 -0.256 -0.317 -0.333
0.00021956 -1.85000 10.01703 0.8377304673 2.4312392671    0.780  1.972  3.7280  2.222    4  0.000  0.530     0.00     0.00     0.00     0.00     0.00 -1    -1e-30      0.00 7.528e-01 2.470e-01 3.903e-05 1.110e-05 9.832e-05 -1.000 2.306e-04 -0.159 1.039 0.273 -0.192 -0.350 -0.416 -0.435
0.00021956 -1.85000 10.01703 0.8377328515 2.4312400170    0.780  2.006  3.7238  2.171    4  0.000  0.530     0.00     0.00     0.00     0.00     0.00 -1    -1e-30      0.00 7.528e-01 2.470e-01 3.903e-05 1.110e-05 9.832e-05 -1.000 2.306e-04 -0.246 0.992 0.204 -0.276 -0.442 -0.513 -0.533
0.00021956 -1.85000 10.01703 0.8377338052 2.4312403170    0.780  2.028  3.7215  2.140    7  0.000  0.530     0.00     0.00     0.00     0.00     0.00 -1    -1e-30      0.00 7.528e-01 2.470e-01 3.903e-05 1.110e-05 9.832e-05 -1.000 2.306e-04 -0.300 0.960 0.160 -0.330 -0.500 -0.573 -0.595
0.00021956 -1.85000 10.01703 0.8377344608 2.4312405232    0.780  2.052  3.7193  2.107    7  0.000  0.530     0.00     0.00     0.00     0.00     0.00 -1    -1e-30      0.00 7.528e-01 2.470e-01 3.903e-05 1.110e-05 9.832e-05 -1.000 2.305e-04 -0.361 0.921 0.108 -0.390 -0.563 -0.639 -0.662
0.00021956 -1.85000 10.01703 0.8377356529 2.4312408982    0.780  2.096  3.7158  2.049    7  0.000  0.530     0.00     0.00     0.00     0.00     0.00 -1    -1e-30      0.00 7.528e-01 2.470e-01 3.903e-05 1.110e-05 9.832e-05 -1.000 2.306e-04 -0.470 0.850 0.016 -0.497 -0.676 -0.756 -0.780
0.00021956 -1.85000 10.01703 0.8377366066 2.4312411982    0.780  2.129  3.7134  2.006    7  0.000  0.530     0.00     0.00     0.00     0.00     0.00 -1    -1e-30      0.00 7.528e-01 2.470e-01 3.903e-05 1.110e-05 9.832e-05 -1.000 2.306e-04 -0.553 0.794 -0.056 -0.578 -0.762 -0.845 -0.870
0.00021956 -1.85000 10.01703 0.8377376199 2.4312415169    0.780  2.156  3.7115  1.973    7  0.000  0.530     0.00     0.00     0.00     0.00     0.00 -1    -1e-30      0.00 7.528e-01 2.470e-01 3.903e-05 1.110e-05 9.832e-05 -1.000 2.306e-04 -0.619 0.750 -0.112 -0.643 -0.830 -0.915 -0.941
0.00021956 -1.85000 10.01703 0.8377398849 2.4312422293    0.780  2.150  3.7121  1.980    7  0.000  0.530     0.00     0.00     0.00     0.00     0.00 -1    -1e-30      0.00 7.528e-01 2.470e-01 3.903e-05 1.110e-05 9.832e-05 -1.000 2.306e-04 -0.605 0.757 -0.101 -0.630 -0.816 -0.900 -0.926
0.00021956 -1.85000 10.01703 0.8377417922 2.4312428292    0.780  2.136  3.7132  1.999    7  0.000  0.530     0.00     0.00     0.00     0.00     0.00 -1    -1e-30      0.00 7.528e-01 2.470e-01 3.903e-05 1.110e-05 9.832e-05 -1.000 2.306e-04 -0.569 0.779 -0.071 -0.594 -0.778 -0.861 -0.887
0.00021956 -1.85000 10.01703 0.8377491236 2.4312451352    0.780  2.130  3.7136  2.006    7  0.000  0.530     0.00     0.00     0.00     0.00     0.00 -1    -1e-30      0.00 7.528e-01 2.470e-01 3.903e-05 1.110e-05 9.832e-05 -1.000 2.305e-04 -0.555 0.790 -0.058 -0.580 -0.764 -0.846 -0.872
0.00021956 -1.85000 10.01703 0.8377802968 2.4312549399    0.780  2.163  3.7109  1.963    7  0.000  0.530     0.00     0.00     0.00     0.00     0.00 -1    -1e-30      0.00 7.528e-01 2.470e-01 3.903e-05 1.110e-05 9.832e-05 -1.000 2.305e-04 -0.638 0.739 -0.128 -0.661 -0.850 -0.935 -0.962
0.00021956 -1.85000 10.01703 0.8377991915 2.4312608822    0.780  2.206  3.7078  1.908    7  0.000  0.530     0.00     0.00     0.00     0.00     0.00 -1    -1e-30      0.00 7.528e-01 2.470e-01 3.903e-05 1.110e-05 9.832e-05 -1.000 2.305e-04 -0.744 0.671 -0.218 -0.766 -0.960 -1.049 -1.077
0.00021956 -1.85000 10.01703 0.8378138542 2.4312654934    0.780  2.247  3.7049  1.854    7  0.000  0.530     0.00     0.00     0.00     0.00     0.00 -1    -1e-30      0.00 7.528e-01 2.470e-01 3.903e-05 1.110e-05 9.832e-05 -1.000 2.306e-04 -0.849 0.605 -0.307 -0.868 -1.067 -1.160 -1.190
0.00021956 -1.85000 10.01703 0.8378310800 2.4312709104    0.780  2.297  3.7017  1.792    7  0.000  0.530     0.00     0.00     0.00     0.00     0.00 -1    -1e-30      0.00 7.528e-01 2.470e-01 3.903e-05 1.110e-05 9.832e-05 -1.000 2.306e-04 -0.973 0.524 -0.414 -0.989 -1.195 -1.292 -1.323
0.00021956 -1.85000 10.01703 0.8378476501 2.4312761210    0.780  2.342  3.6989  1.736    7  0.000  0.530     0.00     0.00     0.00     0.00     0.00 -1    -1e-30      0.00 7.528e-01 2.470e-01 3.903e-05 1.110e-05 9.832e-05 -1.000 2.306e-04 -1.085 0.452 -0.509 -1.098 -1.309 -1.409 -1.442
0.00021956 -1.85000 10.01703 0.8378624320 2.4312807690    0.780  2.384  3.6963  1.683    7  0.000  0.530     0.00     0.00     0.00     0.00     0.00 -1    -1e-30      0.00 7.528e-01 2.470e-01 3.902e-05 1.110e-05 9.832e-05 -1.000 2.277e-04 -1.190 0.385 -0.599 -1.201 -1.416 -1.520 -1.555
0.00021956 -1.85000 10.01703 0.8378756046 2.4312849109    0.780  2.425  3.6938  1.632    7  0.000  0.529     0.00     0.00     0.00     0.00     0.00 -1    -1e-30      0.00 7.528e-01 2.470e-01 3.899e-05 1.112e-05 9.832e-05 -1.000 2.279e-04 -1.293 0.319 -0.687 -1.301 -1.521 -1.628 -1.664
0.00021956 -1.85000 10.01703 0.8378874063 2.4312886216    0.780  2.466  3.6913  1.581    7  0.000  0.527     0.00     0.00     0.00     0.00     0.00 -1    -1e-30      0.00 7.527e-01 2.470e-01 3.885e-05 1.119e-05 9.833e-05 -1.000 2.276e-04 -1.395 0.254 -0.774 -1.399 -1.624 -1.734 -1.772
0.00021956 -1.85000 10.01703 0.8378980756 2.4312919761    0.780  2.507  3.6888  1.531    7  0.000  0.522     6.22     5.02     3.58     2.76     2.23  3    -1e-30      0.00 7.527e-01 2.471e-01 3.848e-05 1.150e-05 9.835e-05 -1.000 2.279e-04 -1.497 0.191 -0.859 -1.497 -1.727 -1.840 -1.879
0.00021956 -1.85000 10.01703 0.8379076719 2.4312949932    0.780  2.547  3.6864  1.481    7  0.000  0.512     6.92     5.49     3.90     3.02     2.44  3    -1e-30      0.00 7.525e-01 2.472e-01 3.779e-05 1.223e-05 9.836e-05 -1.000 2.307e-04 -1.597 0.131 -0.943 -1.594 -1.828 -1.945 -1.986
0.00021956 -1.85000 10.01703 0.8379164338 2.4312977479    0.780  2.587  3.6840  1.431    7  0.000  0.499     7.69     6.01     4.25     3.29     2.66  3    -1e-30      0.00 7.524e-01 2.474e-01 3.688e-05 1.331e-05 9.838e-05 -1.000 2.204e-04 -1.698 0.087 -1.025 -1.692 -1.932 -2.052 -2.094
0.00021956 -1.85000 10.01703 0.8379244208 2.4313002589    0.780  2.627  3.6816  1.381    7  0.000  0.486     8.54     6.57     4.63     3.59     2.90  3    -1e-30      0.00 7.522e-01 2.476e-01 3.599e-05 1.439e-05 9.840e-05 -1.000 1.949e-04 -1.797 0.054 -1.103 -1.790 -2.035 -2.158 -2.201
0.00021956 -1.85000 10.01703 0.8379318714 2.4313026012    0.780  2.667  3.6791  1.332    7  0.000  0.476     9.49     7.19     5.04     3.91     3.17  3    -1e-30      0.00 7.521e-01 2.477e-01 3.522e-05 1.535e-05 9.842e-05 -1.000 1.977e-04 -1.897 0.028 -1.179 -1.887 -2.137 -2.263 -2.308
0.00021956 -1.85000 10.01703 0.8379390240 2.4313048498    0.780  2.706  3.6766  1.283    7  0.000  0.467    10.53     7.86     5.49     4.27     3.45  3    -1e-30      0.00 7.519e-01 2.479e-01 3.455e-05 1.617e-05 9.843e-05 -1.000 2.229e-04 -1.995 0.009 -1.252 -1.983 -2.239 -2.368 -2.414
0.00021956 -1.85000 10.01703 0.8379459381 2.4313070234    0.780  2.745  3.6742  1.234    7  0.000  0.459    11.69     8.59     5.98     4.65     3.77  3    -1e-30      0.00 7.517e-01 2.481e-01 3.396e-05 1.690e-05 9.843e-05 -1.000 1.943e-04 -2.093 -0.005 -1.322 -2.079 -2.341 -2.473 -2.521
0.00021956 -1.85000 10.01703 0.8379525542 2.4313091032    0.780  2.785  3.6717  1.184    7  0.000  0.452    12.99     9.40     6.51     5.08     4.11  2    -1e-30      0.00 7.516e-01 2.482e-01 3.345e-05 1.754e-05 9.842e-05 -1.000 1.885e-04 -2.193 -0.012 -1.391 -2.175 -2.443 -2.580 -2.629
0.00021956 -1.85000 10.01703 0.8379586935 2.4313110331    0.780  2.825  3.6691  1.134    7  0.000  0.446    14.45    10.29     7.10     5.54     4.49  2    -1e-30      0.00 7.514e-01 2.484e-01 3.300e-05 1.809e-05 9.840e-05 -1.000 2.306e-04 -2.292 -0.012 -1.457 -2.270 -2.546 -2.686 -2.737
0.00021956 -1.85000 10.01703 0.8379642963 2.4313127944    0.780  2.867  3.6663  1.081    7  0.000  0.441    16.17    11.32     7.78     6.08     4.93  2    -1e-30      0.00 7.512e-01 2.486e-01 3.260e-05 1.860e-05 9.834e-05 -1.000 2.306e-04 -2.397 -0.003 -1.523 -2.370 -2.653 -2.798 -2.851
0.00021956 -1.85000 10.01703 0.8379692435 2.4313143495    0.780  2.910  3.6635  1.026    7  0.000  0.436    18.17    12.51     8.55     6.70     5.43  2    -1e-30      0.00 7.510e-01 2.488e-01 3.224e-05 1.906e-05 9.824e-05 -1.000 2.306e-04 -2.506 0.017 -1.588 -2.472 -2.765 -2.914 -2.969
0.00021956 -1.85000 10.01703 0.8379730582 2.4313155486    0.780  2.950  3.6608  0.975    7  0.000  0.433    20.23    13.70     9.33     7.32     5.93  2    -1e-30      0.00 7.508e-01 2.490e-01 3.196e-05 1.945e-05 9.812e-05 -1.000 2.307e-04 -2.606 0.048 -1.641 -2.565 -2.867 -3.020 -3.077
0.00021956 -1.85000 10.01703 0.8379763365 2.4313165791    0.780  2.987  3.6583  0.929    7  0.000  0.431    22.33    14.91    10.12     7.94     6.44  2    -1e-30      0.00 7.506e-01 2.492e-01 3.174e-05 1.980e-05 9.797e-05 -1.000 2.306e-04 -2.697 0.089 -1.684 -2.649 -2.960 -3.118 -3.177
0.00021956 -1.85000 10.01703 0.8379794955 2.4313175721    0.780  3.024  3.6557  0.881    7  0.000  0.429    24.68    16.24    10.98     8.63     7.00  1    -1e-30      0.00 7.504e-01 2.493e-01 3.156e-05 2.010e-05 9.781e-05 -1.000 2.306e-04 -2.790 0.094 -1.734 -2.730 -3.051 -3.214 -3.275
0.00021956 -1.85000 10.01703 0.8379823565 2.4313184715    0.780  3.062  3.6530  0.833    7  0.000  0.428    27.37    17.73    11.94     9.40     7.62  1    -1e-30      0.00 7.503e-01 2.495e-01 3.143e-05 2.039e-05 9.764e-05 -1.000 2.304e-04 -2.885 0.096 -1.787 -2.813 -3.143 -3.312 -3.375
0.00021956 -1.85000 10.01703 0.8379849792 2.4313192958    0.780  3.113  3.6494  0.767    7  0.000  0.427    31.44    19.96    13.37    10.54     8.55  1    -1e-30      0.00 7.501e-01 2.497e-01 3.124e-05 2.088e-05 9.732e-05 -1.000 2.305e-04 -3.012 0.101 -1.854 -2.923 -3.266 -3.442 -3.508
0.00021956 -1.85000 10.01703 0.8379852176 2.4313193708    0.780  3.132  3.6479  0.742    7  0.000  0.426    33.14    20.87    13.95    11.01     8.93  1    -1e-30      0.00 7.500e-01 2.497e-01 3.116e-05 2.111e-05 9.717e-05 -1.000 2.306e-04 -3.059 0.105 -1.878 -2.963 -3.311 -3.490 -3.557
0.00021956 -1.85000 10.01703 0.8379853368 2.4313194082    0.780  3.146  3.6468  0.723    7  0.000  0.426    34.51    21.61    14.42    11.38     9.24  1    -1e-30      0.00 7.499e-01 2.498e-01 3.105e-05 2.141e-05 9.697e-05 -1.000 2.304e-04 -3.095 0.108 -1.896 -2.994 -3.346 -3.527 -3.595
0.00021956 -1.85000 10.01703 0.8379856348 2.4313195019    0.780  3.189  3.6435  0.667    7  0.000  0.425    38.86    23.91    15.88    12.55    10.19  1    -1e-30      0.00 7.497e-01 2.501e-01 3.084e-05 2.207e-05 9.650e-05 -1.000 2.301e-04 -3.203 0.116 -1.950 -3.084 -3.449 -3.636 -3.707
0.00021956 -1.85000 10.01703 0.8379861712 2.4313196705    0.780  3.250  3.6390  0.588    7  0.549  0.424    45.94    27.57    18.20    14.42    11.71  1    -1e-30      0.00 7.493e-01 2.505e-01 3.057e-05 2.295e-05 9.586e-05 -1.000 2.306e-04 -3.355 0.130 -2.022 -3.211 -3.593 -3.789 -3.865
0.00021956 -1.85000 10.01703 0.8379862905 2.4313197080    0.780  3.265  3.6378  0.568    7  0.545  0.424    47.95    28.60    18.85    14.94    12.13  1    -1e-30      0.00 7.492e-01 2.506e-01 3.051e-05 2.318e-05 9.570e-05 -1.000 2.306e-04 -3.394 0.133 -2.038 -3.242 -3.629 -3.828 -3.905
0.00021956 -1.85000 10.01703 0.8379864097 2.4313197455    0.780  3.285  3.6331  0.529    8  0.526  0.434    52.06    30.68    20.15    15.99    12.99  1 -4.53e-07      0.00 7.480e-01 2.518e-01 3.098e-05 2.452e-05 9.661e-05 -1.000 1.642e-04 -3.443 0.223 -2.012 -3.262 -3.666 -3.875 -3.955
0.00021956 -1.85000 10.01703 0.8379864693 2.4313197642    0.778  3.080  3.6485  0.795    8  0.526  0.427    29.61    18.96    12.73    10.03     8.13  1 -1.95e-07      0.00 7.480e-01 2.518e-01 3.098e-05 2.452e-05 9.661e-05 -1.000 1.642e-04 -2.930 0.182 -1.770 -2.838 -3.182 -3.358 -3.425
0.00021956 -1.85000 10.01703 0.8379865885 2.4313198017    0.776  2.931  3.6597  0.988    8  0.527  0.427    19.67    13.38     9.12     7.15     5.80  2 -1.12e-07      0.00 7.480e-01 2.518e-01 3.098e-05 2.452e-05 9.661e-05 -1.000 1.642e-04 -2.558 0.129 -1.582 -2.515 -2.819 -2.974 -3.032
0.00021956 -1.85000 10.01703 0.8379868269 2.4313198766    0.770  2.722  3.6755  1.257    8  0.527  0.427    11.09     8.21     5.72     4.45     3.60  3  -5.5e-08      0.00 7.480e-01 2.518e-01 3.098e-05 2.452e-05 9.661e-05 -1.000 1.643e-04 -2.035 0.009 -1.278 -2.021 -2.280 -2.411 -2.458
0.00021956 -1.85000 10.01703 0.8379871249 2.4313199703    0.763  2.728  3.6748  1.243    8  0.527  0.427    11.38     8.39     5.84     4.55     3.68  3 -5.68e-08      0.00 7.480e-01 2.518e-01 3.098e-05 2.452e-05 9.661e-05 -1.000 1.643e-04 -2.051 0.017 -1.287 -2.037 -2.297 -2.429 -2.477
0.00021956 -1.85000 10.01703 0.8379875422 2.4313201014    0.754  2.817  3.6677  1.121    8  0.527  0.427    14.70    10.43     7.19     5.62     4.55  2 -7.76e-08      0.00 7.480e-01 2.518e-01 3.098e-05 2.452e-05 9.661e-05 -1.000 1.643e-04 -2.273 0.058 -1.421 -2.248 -2.527 -2.669 -2.721
0.00021956 -1.85000 10.01703 0.8379880190 2.4313202513    0.743  2.997  3.6537  0.878    8  0.527  0.427    24.53    16.12    10.89     8.57     6.95  1 -1.52e-07      0.00 7.480e-01 2.518e-01 3.098e-05 2.452e-05 9.661e-05 -1.000 1.643e-04 -2.724 0.208 -1.645 -2.656 -2.981 -3.148 -3.210
0.00021956 -1.85000 10.01703 0.8379885554 2.4313204199    0.730  3.159  3.6411  0.658    8  0.528  0.427    39.02    23.88    15.84    12.55    10.18  1 -2.98e-07      0.00 7.480e-01 2.518e-01 3.098e-05 2.452e-05 9.661e-05 -1.000 1.642e-04 -3.128 0.255 -1.843 -2.997 -3.369 -3.560 -3.633
0.00021956 -1.85000 10.01703 0.8379892111 2.4313206260    0.715  3.268  3.6324  0.506    8  0.528  0.427    53.78    31.30    20.50    16.32    13.25  1 -4.89e-07      0.00 7.480e-01 2.518e-01 3.098e-05 2.452e-05 9.661e-05 -1.000 1.643e-04 -3.400 0.301 -1.951 -3.214 -3.621 -3.832 -3.913
0.00021956 -1.85000 10.01703 0.8379899263 2.4313208509    0.699  3.329  3.6273  0.414    8  0.529  0.427    65.13    36.73    23.88    19.07    15.48  1 -6.66e-07      0.00 7.480e-01 2.518e-01 3.098e-05 2.452e-05 9.661e-05 -1.000 1.643e-04 -3.554 0.333 -1.992 -3.328 -3.761 -3.985 -4.071
0.00021956 -1.85000 10.01703 0.8379907608 2.4313211132    0.682  3.362  3.6243  0.359    8  0.529  0.427    72.99    40.33    26.09    20.89    16.96  1 -8.07e-07      0.00 7.480e-01 2.518e-01 3.098e-05 2.452e-05 9.661e-05 -1.000 1.643e-04 -3.635 0.358 -2.003 -3.384 -3.832 -4.064 -4.154
0.00021956 -1.85000 10.01703 0.8379916549 2.4313213942    0.663  3.383  3.6221  0.317    8  0.530  0.427    79.43    43.17    27.83    22.32    18.12  1 -9.34e-07      0.00 7.480e-01 2.518e-01 3.098e-05 2.452e-05 9.661e-05 -1.000 1.643e-04 -3.687 0.381 -2.002 -3.418 -3.878 -4.116 -4.208
0.00021956 -1.85000 10.01703 0.8379959464 2.4313227431    0.532 -9.999  4.0000  1.843    9  0.532  0.000     0.00     0.00     0.00     0.00     0.00 -1    -1e-30      0.00 7.480e-01 2.518e-01 3.098e-05 2.452e-05 9.661e-05 -1.000 1.643e-04 29.767 30.107 29.969 30.248 30.476 30.555 30.644
