# Zini     MH   logAge Mini        int_IMF         Mass   logL    logTe  logg  label   McoreTP C_O  period0  period1  period2  period3  period4  pmode  Mloss  tau1m   X   Y   Xc  Xn  Xo  Cexcess  Z 	 mbolmag  umag    gmag    rmag    imag    zmag    Ymag
0.00021956 -1.85000 10.03342 0.0900000036 1.0816895926    0.090 -3.201  3.4862  5.490    1  0.000  0.545     0.00     0.00     0.00     0.00     0.00 -1 -4.75e-17      0.00 7.486e-01 2.512e-01 4.145e-05 1.118e-05 1.014e-04 -1.000 2.306e-04 12.773 17.860 15.907 13.978 12.536 12.071 11.972
0.00021956 -1.85000 10.03342 0.0909365863 1.0906014111    0.091 -3.164  3.4916  5.479    1  0.000  0.545     0.00     0.00     0.00     0.00     0.00 -1  -5.2e-17      0.00 7.484e-01 2.514e-01 4.145e-05 1.118e-05 1.014e-04 -1.000 2.306e-04 12.681 17.751 15.713 13.807 12.443 11.995 11.894
0.00021956 -1.85000 10.03342 0.0985374376 1.1587716672    0.099 -2.879  3.5336  5.397    1  0.000  0.545     0.00     0.00     0.00     0.00     0.00 -1 -1.06e-16      0.00 7.466e-01 2.532e-01 4.145e-05 1.118e-05 1.014e-04 -1.000 2.306e-04 11.967 16.629 14.313 12.613 11.731 11.382 11.278
0.00021956 -1.85000 10.03342 0.1000000015 1.1711064122    0.100 -2.827  3.5413  5.382    1  0.000  0.545     0.00     0.00     0.00     0.00     0.00 -1 -1.21e-16      0.00 7.463e-01 2.535e-01 4.145e-05 1.118e-05 1.014e-04 -1.000 2.306e-04 11.837 16.367 14.062 12.408 11.599 11.267 11.164
0.00021956 -1.85000 10.03342 0.1041614488 1.2049570765    0.104 -2.761  3.5482  5.361    1  0.000  0.545     0.00     0.00     0.00     0.00     0.00 -1 -1.41e-16      0.00 7.456e-01 2.542e-01 4.145e-05 1.118e-05 1.014e-04 -1.000 2.306e-04 11.672 16.074 13.793 12.181 11.435 11.115 11.013
0.00021956 -1.85000 10.03342 0.1199999973 1.3193154249    0.120 -2.533  3.5721  5.290    1  0.000  0.545     0.00     0.00     0.00     0.00     0.00 -1 -2.41e-16      0.00 7.433e-01 2.564e-01 4.145e-05 1.118e-05 1.014e-04 -1.000 2.306e-04 11.102 14.996 12.880 11.432 10.861 10.583 10.488
0.00021956 -1.85000 10.03342 0.1399999857 1.4384525915    0.140 -2.349  3.5869  5.233    1  0.000  0.545     0.00     0.00     0.00     0.00     0.00 -1 -3.63e-16      0.00 7.413e-01 2.585e-01 4.145e-05 1.119e-05 1.014e-04 -1.000 2.306e-04 10.644 14.212 12.232 10.900 10.399 10.144 10.055
0.00021956 -1.85000 10.03342 0.1599999964 1.5372931554    0.160 -2.206  3.5965  5.186    1  0.000  0.545     0.00     0.00     0.00     0.00     0.00 -1 -4.99e-16      0.00 7.400e-01 2.598e-01 4.145e-05 1.119e-05 1.014e-04 -1.000 2.306e-04 10.286 13.647 11.758 10.503 10.038 9.797 9.714
0.00021956 -1.85000 10.03342 0.2000000179 1.6938791367    0.200 -1.986  3.6088  5.112    1  0.000  0.545     0.00     0.00     0.00     0.00     0.00 -1 -8.06e-16      0.00 7.391e-01 2.607e-01 4.145e-05 1.119e-05 1.014e-04 -1.000 2.306e-04 9.735 12.848 11.068 9.909 9.483 9.260 9.183
0.00021956 -1.85000 10.03342 0.2500000000 1.8403257998    0.250 -1.783  3.6198  5.050    1  0.000  0.545     0.00     0.00     0.00     0.00     0.00 -1 -1.24e-15      0.00 7.392e-01 2.606e-01 4.145e-05 1.119e-05 1.014e-04 -1.000 2.306e-04 9.228 12.136 10.447 9.367 8.971 8.765 8.693
0.00021956 -1.85000 10.03342 0.3000000417 1.9529140366    0.300 -1.628  3.6288  5.010    1  0.000  0.545     0.00     0.00     0.00     0.00     0.00 -1 -1.69e-15      0.00 7.393e-01 2.605e-01 4.144e-05 1.119e-05 1.014e-04 -1.000 2.306e-04 8.840 11.587 9.968 8.951 8.579 8.386 8.319
0.00021956 -1.85000 10.03342 0.3499999940 2.0434174644    0.350 -1.501  3.6370  4.983    1  0.000  0.544     0.00     0.00     0.00     0.00     0.00 -1 -2.17e-15      0.00 7.392e-01 2.606e-01 4.142e-05 1.119e-05 1.014e-04 -1.000 2.306e-04 8.522 11.133 9.573 8.609 8.258 8.077 8.014
0.00021956 -1.85000 10.03342 0.3917622566 2.1069982118    0.392 -1.393  3.6449  4.956    1  0.000  0.545     0.00     0.00     0.00     0.00     0.00 -1  -2.7e-15      0.00 7.486e-01 2.512e-01 4.145e-05 1.118e-05 1.014e-04 -1.000 2.305e-04 8.254 10.738 9.235 8.319 7.987 7.818 7.759
0.00021956 -1.85000 10.03342 0.4000000060 2.1185024399    0.400 -1.374  3.6463  4.951    1  0.000  0.545     0.00     0.00     0.00     0.00     0.00 -1 -2.81e-15      0.00 7.503e-01 2.495e-01 4.145e-05 1.118e-05 1.014e-04 -1.000 2.306e-04 8.204 10.665 9.173 8.266 7.937 7.770 7.712
0.00021956 -1.85000 10.03342 0.4500000179 2.1822809362    0.450 -1.217  3.6619  4.907    1  0.000  0.545     0.00     0.00     0.00     0.00     0.00 -1    -4e-15      0.00 7.507e-01 2.491e-01 4.145e-05 1.118e-05 1.014e-04 -1.000 2.306e-04 7.812 10.028 8.654 7.835 7.542 7.397 7.347
0.00021956 -1.85000 10.03342 0.5000000000 2.2374541529    0.500 -1.042  3.6810  4.854    1  0.000  0.545     0.00     0.00     0.00     0.00     0.00 -1 -6.04e-15      0.00 7.507e-01 2.491e-01 4.145e-05 1.118e-05 1.014e-04 -1.000 2.306e-04 7.374 9.292 8.078 7.361 7.107 6.987 6.948
0.00021956 -1.85000 10.03342 0.5500000715 2.2836583126    0.550 -0.840  3.7016  4.777    1  0.000  0.544     0.00     0.00     0.00     0.00     0.00 -1    -1e-14      0.00 7.814e-01 2.185e-01 3.667e-05 9.899e-06 8.982e-05 -1.000 1.332e-04 6.870 8.492 7.453 6.830 6.615 6.520 6.492
0.00021956 -1.85000 10.03342 0.5972569585 2.3192523366    0.597 -0.648  3.7252  4.715    1  0.000  0.544     0.00     0.00     0.00     0.00     0.00 -1  -1.6e-14      0.00 7.918e-01 2.080e-01 3.511e-05 9.484e-06 8.609e-05 -1.000 2.156e-04 6.390 7.725 6.862 6.335 6.160 6.093 6.076
0.00021956 -1.85000 10.03342 0.6000000238 2.3211213258    0.600 -0.637  3.7266  4.711    1  0.000  0.544     0.00     0.00     0.00     0.00     0.00 -1 -1.65e-14      0.00 7.924e-01 2.074e-01 3.503e-05 9.461e-06 8.587e-05 -1.000 2.197e-04 6.363 7.683 6.830 6.308 6.135 6.070 6.054
0.00021956 -1.85000 10.03342 0.6141969562 2.3304883855    0.614 -0.577  3.7348  4.694    1  0.000  0.544     0.00     0.00     0.00     0.00     0.00 -1 -1.91e-14      0.00 7.963e-01 2.035e-01 3.446e-05 9.309e-06 8.452e-05 -1.000 1.824e-04 6.212 7.448 6.647 6.156 5.997 5.940 5.928
0.00021956 -1.85000 10.03342 0.6274172068 2.3387741268    0.627 -0.520  3.7424  4.677    1  0.000  0.543     0.00     0.00     0.00     0.00     0.00 -1 -2.19e-14      0.00 8.002e-01 1.996e-01 3.390e-05 9.160e-06 8.317e-05 -1.000 1.871e-04 6.071 7.234 6.479 6.016 5.869 5.820 5.812
0.00021956 -1.85000 10.03342 0.6387225986 2.3455477386    0.638 -0.472  3.7488  4.662    1  0.000  0.543     0.00     0.00     0.00     0.00     0.00 -1 -2.47e-14      0.00 8.037e-01 1.962e-01 3.339e-05 9.025e-06 8.196e-05 -1.000 1.891e-04 5.949 7.056 6.337 5.898 5.761 5.719 5.713
0.00021956 -1.85000 10.03342 0.6496534944 2.3518398427    0.649 -0.424  3.7550  4.647    1  0.000  0.543     0.00     0.00     0.00     0.00     0.00 -1 -2.78e-14      0.00 8.072e-01 1.926e-01 3.289e-05 8.889e-06 8.074e-05 -1.000 2.102e-04 5.831 6.887 6.200 5.784 5.657 5.622 5.619
0.00021956 -1.85000 10.03342 0.6499999762 2.3520353107    0.650 -0.423  3.7552  4.646    1  0.000  0.543     0.00     0.00     0.00     0.00     0.00 -1 -2.79e-14      0.00 8.073e-01 1.925e-01 3.287e-05 8.884e-06 8.070e-05 -1.000 1.867e-04 5.827 6.881 6.195 5.780 5.654 5.619 5.615
0.00021956 -1.85000 10.03342 0.6622877717 2.3588156900    0.662 -0.369  3.7617  4.626    1  0.000  0.543     0.00     0.00     0.00     0.00     0.00 -1  -3.2e-14      0.00 8.124e-01 1.874e-01 3.213e-05 8.689e-06 7.894e-05 -1.000 1.779e-04 5.692 6.694 6.041 5.651 5.535 5.507 5.506
0.00021956 -1.85000 10.03342 0.6756842136 2.3658856198    0.675 -0.309  3.7687  4.603    1  0.000  0.542     0.00     0.00     0.00     0.00     0.00 -1 -3.74e-14      0.00 8.184e-01 1.814e-01 3.127e-05 8.460e-06 7.689e-05 -1.000 2.204e-04 5.542 6.497 5.874 5.509 5.404 5.383 5.385
0.00021956 -1.85000 10.03342 0.6880879402 2.3721501739    0.688 -0.253  3.7750  4.580    1  0.000  0.542     0.00     0.00     0.00     0.00     0.00 -1 -4.33e-14      0.00 8.243e-01 1.754e-01 3.041e-05 8.230e-06 7.483e-05 -1.000 2.165e-04 5.402 6.316 5.718 5.376 5.281 5.265 5.269
0.00021956 -1.85000 10.03342 0.6994838715 2.3776811019    0.699 -0.200  3.7807  4.557    1  0.000  0.541     0.00     0.00     0.00     0.00     0.00 -1 -4.94e-14      0.00 8.303e-01 1.695e-01 2.956e-05 8.004e-06 7.280e-05 -1.000 2.095e-04 5.269 6.149 5.572 5.250 5.164 5.154 5.160
0.00021956 -1.85000 10.03342 0.6999999881 2.3779266974    0.700 -0.197  3.7809  4.556    1  0.000  0.541     0.00     0.00     0.00     0.00     0.00 -1 -5.01e-14      0.00 8.306e-01 1.692e-01 2.952e-05 7.993e-06 7.271e-05 -1.000 2.060e-04 5.263 6.142 5.566 5.244 5.158 5.148 5.155
0.00021956 -1.85000 10.03342 0.7102099061 2.3827008591    0.710 -0.148  3.7857  4.532    1  0.000  0.539     0.00     0.00     0.00     0.00     0.00 -1 -5.73e-14      0.00 8.365e-01 1.634e-01 2.863e-05 7.775e-06 7.078e-05 -1.000 1.203e-04 5.139 5.993 5.431 5.127 5.049 5.044 5.052
0.00021956 -1.85000 10.03342 0.7207413316 2.3874627398    0.720 -0.095  3.7905  4.505    1  0.000  0.537     0.00     0.00     0.00     0.00     0.00 -1 -6.63e-14      0.00 8.422e-01 1.576e-01 2.776e-05 7.563e-06 6.891e-05 -1.000 1.722e-04 5.007 5.837 5.289 5.001 4.931 4.930 4.940
0.00021956 -1.85000 10.03342 0.7306706309 2.3918080863    0.730 -0.043  3.7950  4.476    1  0.000  0.535     0.00     0.00     0.00     0.00     0.00 -1 -7.67e-14      0.00 8.474e-01 1.524e-01 2.700e-05 7.382e-06 6.732e-05 -1.000 1.544e-04 4.877 5.686 5.148 4.876 4.813 4.817 4.828
0.00021956 -1.85000 10.03342 0.7393868566 2.3955121424    0.739  0.005  3.7988  4.449    1  0.000  0.533     0.00     0.00     0.00     0.00     0.00 -1 -8.78e-14      0.00 8.516e-01 1.483e-01 2.642e-05 7.242e-06 6.608e-05 -1.000 1.390e-04 4.757 5.548 5.019 4.761 4.703 4.711 4.724
0.00021956 -1.85000 10.03342 0.7479938269 2.3990725236    0.747  0.055  3.8025  4.418    1  0.000  0.531     0.00     0.00     0.00     0.00     0.00 -1 -1.01e-13      0.00 8.553e-01 1.446e-01 2.592e-05 7.123e-06 6.505e-05 -1.000 1.207e-04 4.632 5.408 4.885 4.640 4.589 4.600 4.614
0.00021956 -1.85000 10.03342 0.7500000000 2.3998889087    0.749  0.067  3.8033  4.411    1  0.000  0.531     0.00     0.00     0.00     0.00     0.00 -1 -1.05e-13      0.00 8.561e-01 1.438e-01 2.581e-05 7.098e-06 6.483e-05 -1.000 1.204e-04 4.603 5.376 4.853 4.611 4.561 4.574 4.587
0.00021956 -1.85000 10.03342 0.7512064576 2.4003774465    0.751  0.074  3.8038  4.407    1  0.000  0.531     0.00     0.00     0.00     0.00     0.00 -1 -1.07e-13      0.00 8.562e-01 1.437e-01 2.581e-05 7.097e-06 6.483e-05 -1.000 1.204e-04 4.585 5.356 4.835 4.594 4.545 4.558 4.572
0.00021956 -1.85000 10.03342 0.7596049905 2.4037289177    0.759  0.126  3.8075  4.374    1  0.000  0.530     0.00     0.00     0.00     0.00     0.00 -1 -1.25e-13      0.00 8.572e-01 1.427e-01 2.579e-05 7.099e-06 6.487e-05 -1.000 1.375e-04 4.454 5.210 4.694 4.466 4.423 4.440 4.455
0.00021956 -1.85000 10.03342 0.7676193714 2.4068485779    0.767  0.180  3.8110  4.339    1  0.000  0.530     0.00     0.00     0.00     0.00     0.00 -1 -1.46e-13      0.00 8.580e-01 1.418e-01 2.580e-05 7.102e-06 6.494e-05 -1.000 1.802e-04 4.319 5.061 4.549 4.334 4.297 4.317 4.333
0.00021956 -1.85000 10.03342 0.7750061750 2.4096583343    0.774  0.234  3.8141  4.302    1  0.000  0.529     0.00     0.00     0.00     0.00     0.00 -1 -1.72e-13      0.00 8.587e-01 1.411e-01 2.582e-05 7.111e-06 6.503e-05 -1.000 1.645e-04 4.185 4.916 4.407 4.202 4.171 4.193 4.210
0.00021956 -1.85000 10.03342 0.7817667127 2.4121764298    0.781  0.287  3.8168  4.263    1  0.000  0.529     0.00     0.00     0.00     0.00     0.00 -1 -2.02e-13      0.00 8.592e-01 1.406e-01 2.584e-05 7.120e-06 6.514e-05 -1.000 1.204e-04 4.053 4.774 4.266 4.071 4.044 4.069 4.087
0.00021956 -1.85000 10.03342 0.7879528403 2.4144370904    0.787  0.339  3.8188  4.222    1  0.000  0.529     0.00     0.00     0.00     0.00     0.00 -1 -2.37e-13      0.00 8.596e-01 1.403e-01 2.588e-05 7.132e-06 6.527e-05 -1.000 1.245e-04 3.923 4.637 4.129 3.942 3.918 3.945 3.964
0.00021956 -1.85000 10.03342 0.7937154174 2.4165065519    0.793  0.390  3.8202  4.179    1  0.000  0.528     0.00     0.00     0.00     0.00     0.00 -1 -2.79e-13      0.00 8.587e-01 1.412e-01 2.608e-05 7.188e-06 6.578e-05 -1.000 1.281e-04 3.794 4.502 3.995 3.812 3.791 3.820 3.839
0.00021956 -1.85000 10.03342 0.7976633906 2.4179045194    0.796  0.428  3.8207  4.147    1  0.000  0.528     0.00     0.00     0.00     0.00     0.00 -1 -3.18e-13      0.00 8.578e-01 1.421e-01 2.625e-05 7.236e-06 6.622e-05 -1.000 1.301e-04 3.701 4.406 3.899 3.719 3.700 3.729 3.747
0.00021956 -1.85000 10.03342 0.7989678979 2.4183629514    0.798  0.442  3.8205  4.132    1  0.000  0.528     0.00     0.00     0.00     0.00     0.00 -1 -3.33e-13      0.00 8.575e-01 1.424e-01 2.631e-05 7.252e-06 6.637e-05 -1.000 1.303e-04 3.666 4.371 3.863 3.683 3.664 3.692 3.711
0.00021956 -1.85000 10.03342 0.8000000119 2.4187244405    0.799  0.453  3.8202  4.120    1  0.000  0.528     0.00     0.00     0.00     0.00     0.00 -1 -3.46e-13      0.00 8.573e-01 1.426e-01 2.636e-05 7.265e-06 6.649e-05 -1.000 1.305e-04 3.637 4.343 3.834 3.654 3.634 3.663 3.681
0.00021956 -1.85000 10.03342 0.8039695024 2.4201047796    0.803  0.498  3.8192  4.073    1  0.000  0.529     0.00     0.00     0.00     0.00     0.00 -1 -4.02e-13      0.00 8.560e-01 1.439e-01 2.656e-05 7.319e-06 6.699e-05 -1.000 1.379e-04 3.525 4.233 3.723 3.540 3.519 3.547 3.565
0.00021956 -1.85000 10.03342 0.8078538775 2.4214404304    0.806  0.548  3.8161  4.013    1  0.000  0.529     0.00     0.00     0.00     0.00     0.00 -1 -4.83e-13      0.00 8.547e-01 1.451e-01 2.675e-05 7.373e-06 6.747e-05 -1.000 1.450e-04 3.400 4.116 3.601 3.411 3.386 3.410 3.427
0.00021956 -1.85000 10.03342 0.8085100651 2.4216646051    0.807  0.557  3.8153  4.001    1  0.000  0.529     0.00     0.00     0.00     0.00     0.00 -1 -5.01e-13      0.00 8.545e-01 1.454e-01 2.678e-05 7.381e-06 6.755e-05 -1.000 1.462e-04 3.377 4.095 3.580 3.388 3.361 3.385 3.402
0.00021956 -1.85000 10.03342 0.8091814518 2.4218935397    0.808  0.567  3.8142  3.987    2  0.000  0.529     0.00     0.00     0.00     0.00     0.00 -1 -5.23e-13      0.00 8.543e-01 1.456e-01 2.682e-05 7.391e-06 6.763e-05 -1.000 1.475e-04 3.351 4.072 3.556 3.361 3.333 3.356 3.372
0.00021956 -1.85000 10.03342 0.8114355206 2.4226589637    0.810  0.605  3.8090  3.929    2  0.000  0.529     0.00     0.00     0.00     0.00     0.00 -1 -6.05e-13      0.00 8.535e-01 1.463e-01 2.693e-05 7.421e-06 6.791e-05 -1.000 1.516e-04 3.257 3.994 3.471 3.261 3.225 3.243 3.258
0.00021956 -1.85000 10.03342 0.8131514192 2.4232383686    0.812  0.639  3.8024  3.870    2  0.000  0.529     0.00     0.00     0.00     0.00     0.00 -1 -6.99e-13      0.00 8.530e-01 1.469e-01 2.702e-05 7.444e-06 6.812e-05 -1.000 1.547e-04 3.173 3.933 3.402 3.171 3.125 3.137 3.149
0.00021956 -1.85000 10.03342 0.8144891858 2.4236881431    0.813  0.669  3.7947  3.810    2  0.000  0.529     0.00     0.00     0.00     0.00     0.00 -1 -8.03e-13      0.00 8.526e-01 1.473e-01 2.708e-05 7.463e-06 6.828e-05 -1.000 1.572e-04 3.098 3.889 3.345 3.089 3.032 3.035 3.045
0.00021956 -1.85000 10.03342 0.8155645728 2.4240484722    0.814  0.696  3.7859  3.749    2  0.000  0.529     0.00     0.00     0.00     0.00     0.00 -1 -9.16e-13      0.00 8.511e-01 1.488e-01 2.749e-05 7.574e-06 6.929e-05 -1.000 1.585e-04 3.031 3.861 3.299 3.016 2.944 2.940 2.946
0.00021956 -1.85000 10.03342 0.8164596558 2.4243475547    0.815  0.720  3.7769  3.689    2  0.000  0.530     0.00     0.00     0.00     0.00     0.00 -1 -1.04e-12      0.00 8.414e-01 1.584e-01 2.899e-05 7.979e-06 7.294e-05 -1.000 1.535e-04 2.970 3.845 3.262 2.948 2.863 2.849 2.853
0.00021956 -1.85000 10.03342 0.8172389865 2.4246073463    0.815  0.743  3.7687  3.633    2  0.000  0.532     0.00     0.00     0.00     0.00     0.00 -1 -1.17e-12      0.00 8.162e-01 1.836e-01 3.224e-05 8.851e-06 8.073e-05 -1.000 1.916e-04 2.912 3.833 3.227 2.886 2.787 2.766 2.766
0.00021956 -1.85000 10.03342 0.8179576397 2.4248464065    0.816  0.768  3.7609  3.577    2  0.000  0.534     0.00     0.00     0.00     0.00     0.00 -1 -1.32e-12      0.00 7.945e-01 2.053e-01 3.502e-05 9.594e-06 8.736e-05 -1.000 1.726e-04 2.849 3.818 3.187 2.819 2.708 2.679 2.676
0.00021956 -1.85000 10.03342 0.8186786771 2.4250857747    0.817  0.802  3.7536  3.515    2  0.000  0.536     0.00     0.00     0.00     0.00     0.00 -1 -1.53e-12      0.00 7.807e-01 2.191e-01 3.681e-05 1.007e-05 9.162e-05 -1.000 2.123e-04 2.765 3.783 3.125 2.732 2.610 2.573 2.567
0.00021956 -1.85000 10.03342 0.8192423582 2.4252725668    0.817  0.837  3.7488  3.461    2  0.000  0.536     0.00     0.00     0.00     0.00     0.00 -1 -1.76e-12      0.00 7.744e-01 2.253e-01 3.762e-05 1.029e-05 9.356e-05 -1.000 2.261e-04 2.677 3.728 3.053 2.643 2.513 2.471 2.463
0.00021956 -1.85000 10.03342 0.8198000789 2.4254570930    0.818  0.879  3.7448  3.403    2  0.000  0.536     0.00     0.00     0.00     0.00     0.00 -1 -2.07e-12      0.00 7.702e-01 2.295e-01 3.816e-05 1.043e-05 9.485e-05 -1.000 2.203e-04 2.574 3.654 2.962 2.539 2.402 2.356 2.347
0.00021956 -1.85000 10.03342 0.8199735880 2.4255144410    0.818  0.894  3.7438  3.384    3  0.000  0.536     0.00     0.00     0.00     0.00     0.00 -1  -2.2e-12      0.00 7.693e-01 2.305e-01 3.828e-05 1.046e-05 9.513e-05 -1.000 1.705e-04 2.536 3.623 2.928 2.501 2.363 2.316 2.306
0.00021956 -1.85000 10.03342 0.8204392195 2.4256682029    0.818  0.936  3.7415  3.333    3  0.000  0.537     0.00     0.00     0.00     0.00     0.00 -1 -2.56e-12      0.00 7.669e-01 2.328e-01 3.856e-05 1.054e-05 9.579e-05 -1.000 2.294e-04 2.430 3.534 2.829 2.395 2.253 2.203 2.192
0.00021956 -1.85000 10.03342 0.8209483624 2.4258361037    0.819  0.986  3.7391  3.274    3  0.000  0.537     0.00     0.00     0.00     0.00     0.00 -1 -3.07e-12      0.00 7.646e-01 2.351e-01 3.879e-05 1.060e-05 9.635e-05 -1.000 2.276e-04 2.305 3.427 2.713 2.270 2.125 2.072 2.060
0.00021956 -1.85000 10.03342 0.8213805556 2.4259784409    0.819  1.032  3.7373  3.221    3  0.000  0.537     0.00     0.00     0.00     0.00     0.00 -1 -3.62e-12      0.00 7.628e-01 2.369e-01 3.895e-05 1.065e-05 9.675e-05 -1.000 2.275e-04 2.191 3.328 2.605 2.157 2.009 1.954 1.941
0.00021956 -1.85000 10.03342 0.8217934370 2.4261142572    0.819  1.078  3.7357  3.168    3  0.000  0.537     0.00     0.00     0.00     0.00     0.00 -1 -4.28e-12      0.00 7.612e-01 2.385e-01 3.908e-05 1.068e-05 9.707e-05 -1.000 2.306e-04 2.075 3.225 2.495 2.042 1.891 1.834 1.820
0.00021956 -1.85000 10.03342 0.8222128153 2.4262520501    0.820  1.129  3.7340  3.111    3  0.000  0.537     0.00     0.00     0.00     0.00     0.00 -1 -5.14e-12      0.00 7.595e-01 2.402e-01 3.919e-05 1.072e-05 9.736e-05 -1.000 2.279e-04 1.948 3.112 2.374 1.916 1.763 1.704 1.689
0.00021956 -1.85000 10.03342 0.8225981593 2.4263785181    0.820  1.179  3.7324  3.055    3  0.000  0.536     0.00     0.00     0.00     0.00     0.00 -1 -6.15e-12      0.00 7.580e-01 2.418e-01 3.924e-05 1.075e-05 9.759e-05 -1.000 2.149e-04 1.823 2.998 2.254 1.791 1.635 1.575 1.559
0.00021956 -1.85000 10.03342 0.8229439855 2.4264919005    0.820  1.228  3.7309  3.000    3  0.000  0.536     0.00     0.00     0.00     0.00     0.00 -1 -7.33e-12      0.00 7.566e-01 2.432e-01 3.926e-05 1.079e-05 9.776e-05 -1.000 2.011e-04 1.701 2.887 2.137 1.670 1.512 1.449 1.433
0.00021956 -1.85000 10.03342 0.8232463598 2.4265909471    0.821  1.274  3.7294  2.948    3  0.000  0.534     0.00     0.00     0.00     0.00     0.00 -1 -8.67e-12      0.00 7.554e-01 2.444e-01 3.922e-05 1.084e-05 9.790e-05 -1.000 2.272e-04 1.585 2.783 2.027 1.554 1.394 1.330 1.313
0.00021956 -1.85000 10.03342 0.8235408664 2.4266873361    0.821  1.323  3.7279  2.893    3  0.000  0.533     0.00     0.00     0.00     0.00     0.00 -1 -1.03e-11      0.00 7.543e-01 2.455e-01 3.913e-05 1.092e-05 9.802e-05 -1.000 2.304e-04 1.462 2.674 1.910 1.433 1.270 1.204 1.186
0.00021956 -1.85000 10.03342 0.8238233328 2.4267797101    0.821  1.374  3.7263  2.835    3  0.000  0.530     0.00     0.00     0.00     0.00     0.00 -1 -1.24e-11      0.00 7.533e-01 2.465e-01 3.900e-05 1.104e-05 9.811e-05 -1.000 2.285e-04 1.334 2.558 1.787 1.305 1.140 1.072 1.054
0.00021956 -1.85000 10.03342 0.8240602016 2.4268571163    0.821  1.421  3.7248  2.782    3  0.000  0.528     0.00     0.00     0.00     0.00     0.00 -1 -1.47e-11      0.00 7.525e-01 2.473e-01 3.885e-05 1.118e-05 9.818e-05 -1.000 2.269e-04 1.217 2.455 1.676 1.189 1.021 0.952 0.932
0.00021956 -1.85000 10.03342 0.8242762089 2.4269276605    0.821  1.468  3.7233  2.729    3  0.000  0.526     0.00     0.00     0.00     0.00     0.00 -1 -1.74e-11      0.00 7.518e-01 2.480e-01 3.871e-05 1.133e-05 9.824e-05 -1.000 2.303e-04 1.100 2.351 1.565 1.073 0.903 0.832 0.812
0.00021956 -1.85000 10.03342 0.8244792819 2.4269939419    0.821  1.516  3.7217  2.675    3  0.000  0.524     0.00     0.00     0.00     0.00     0.00 -1 -2.07e-11      0.00 7.513e-01 2.485e-01 3.858e-05 1.147e-05 9.828e-05 -1.000 2.291e-04 0.981 2.244 1.451 0.954 0.782 0.709 0.688
0.00021956 -1.85000 10.03342 0.8246588111 2.4270525075    0.821  1.562  3.7201  2.623    3  0.000  0.523     0.00     0.00     0.00     0.00     0.00 -1 -2.44e-11      0.00 7.509e-01 2.489e-01 3.847e-05 1.159e-05 9.831e-05 -1.000 2.283e-04 0.865 2.142 1.342 0.840 0.665 0.591 0.569
0.00021956 -1.85000 10.03342 0.8248295188 2.4271081682    0.821  1.610  3.7184  2.568    3  0.000  0.521     0.00     0.00     0.00     0.00     0.00 -1  -2.9e-11      0.00 7.506e-01 2.492e-01 3.839e-05 1.167e-05 9.833e-05 -1.000 2.294e-04 0.745 2.038 1.229 0.722 0.544 0.467 0.445
0.00021956 -1.85000 10.03342 0.8249800801 2.4271572380    0.821  1.656  3.7168  2.516    3  0.000  0.521     0.00     0.00     0.00     0.00     0.00 -1 -3.43e-11      0.00 7.505e-01 2.493e-01 3.834e-05 1.173e-05 9.835e-05 -1.000 2.306e-04 0.630 1.937 1.120 0.608 0.428 0.349 0.325
0.00021956 -1.85000 10.03342 0.8251140118 2.4272008707    0.821  1.701  3.7152  2.464    3  0.000  0.520     0.00     0.00     0.00     0.00     0.00 -1 -4.04e-11      0.00 7.504e-01 2.494e-01 3.832e-05 1.176e-05 9.835e-05 -1.000 2.306e-04 0.518 1.842 1.016 0.497 0.314 0.233 0.209
0.00021956 -1.85000 10.03342 0.8252416253 2.4272424299    0.821  1.747  3.7135  2.411    3  0.000  0.520     0.00     0.00     0.00     0.00     0.00 -1 -4.78e-11      0.00 7.504e-01 2.494e-01 3.831e-05 1.177e-05 9.836e-05 -1.000 2.305e-04 0.402 1.745 0.907 0.381 0.196 0.113 0.088
0.00021956 -1.85000 10.03342 0.8253571391 2.4272800359    0.821  1.793  3.7118  2.358    3  0.000  0.520     0.00     0.00     0.00     0.00     0.00 -1 -5.64e-11      0.00 7.503e-01 2.494e-01 3.830e-05 1.177e-05 9.836e-05 -1.000 2.306e-04 0.288 1.648 0.799 0.268 0.079 -0.005 -0.031
0.00021956 -1.85000 10.03342 0.8254588246 2.4273131300    0.820  1.837  3.7101  2.308    3  0.000  0.520     0.00     0.00     0.00     0.00     0.00 -1 -6.61e-11      0.00 7.503e-01 2.494e-01 3.830e-05 1.178e-05 9.836e-05 -1.000 2.305e-04 0.179 1.558 0.698 0.159 -0.032 -0.118 -0.145
0.00021956 -1.85000 10.03342 0.8255522251 2.4273435194    0.820  1.880  3.7084  2.258    3  0.000  0.520     0.00     0.00     0.00     0.00     0.00 -1 -7.74e-11      0.00 7.503e-01 2.494e-01 3.830e-05 1.178e-05 9.836e-05 -1.000 2.305e-04 0.070 1.470 0.598 0.052 -0.142 -0.230 -0.258
0.00021956 -1.85000 10.03342 0.8256425858 2.4273729123    0.820  1.925  3.7067  2.205    3  0.000  0.520     0.00     0.00     0.00     0.00     0.00 -1 -9.13e-11      0.00 7.503e-01 2.494e-01 3.830e-05 1.178e-05 9.837e-05 -1.000 2.306e-04 -0.043 1.377 0.493 -0.060 -0.257 -0.347 -0.376
0.00021956 -1.85000 10.03342 0.8257217407 2.4273986541    0.820  1.968  3.7049  2.155    3  0.000  0.520     0.00     0.00     0.00     0.00     0.00 -1 -1.07e-10      0.00 7.503e-01 2.495e-01 3.830e-05 1.178e-05 9.837e-05 -1.000 2.306e-04 -0.150 1.291 0.394 -0.166 -0.366 -0.459 -0.488
0.00021956 -1.85000 10.03342 0.8257945180 2.4274223167    0.819  2.011  3.7032  2.105    3  0.000  0.520     0.00     0.00     0.00     0.00     0.00 -1 -1.25e-10      0.00 7.503e-01 2.495e-01 3.830e-05 1.178e-05 9.837e-05 -1.000 2.306e-04 -0.257 1.206 0.297 -0.271 -0.474 -0.569 -0.599
0.00021956 -1.85000 10.03342 0.8258634210 2.4274447153    0.819  2.054  3.7015  2.055    3  0.000  0.520     0.00     0.00     0.00     0.00     0.00 -1 -1.46e-10      0.00 7.503e-01 2.495e-01 3.829e-05 1.179e-05 9.837e-05 -1.000 2.305e-04 -0.365 1.118 0.197 -0.378 -0.584 -0.681 -0.712
0.00021956 -1.85000 10.03342 0.8259240985 2.4274644364    0.819  2.095  3.6996  2.007    3  0.000  0.520     0.00     0.00     0.00     0.00     0.00 -1  -1.7e-10      0.00 7.503e-01 2.495e-01 3.829e-05 1.179e-05 9.837e-05 -1.000 2.305e-04 -0.467 1.040 0.105 -0.478 -0.687 -0.786 -0.819
0.00021956 -1.85000 10.03342 0.8259824514 2.4274833989    0.818  2.135  3.6979  1.959    3  0.000  0.520     0.00     0.00     0.00     0.00     0.00 -1 -1.97e-10      0.00 7.503e-01 2.495e-01 3.829e-05 1.179e-05 9.837e-05 -1.000 2.306e-04 -0.569 0.963 0.013 -0.578 -0.790 -0.892 -0.925
0.00021956 -1.85000 10.03342 0.8260430694 2.4275030942    0.818  2.174  3.6963  1.914    3  0.000  0.520     0.00     0.00     0.00     0.00     0.00 -1 -2.27e-10      0.00 7.503e-01 2.495e-01 3.829e-05 1.179e-05 9.837e-05 -1.000 2.305e-04 -0.665 0.890 -0.075 -0.673 -0.888 -0.992 -1.026
0.00021956 -1.85000 10.03342 0.8260972500 2.4275206950    0.817  2.199  3.6953  1.884    3  0.000  0.520     0.00     0.00     0.00     0.00     0.00 -1  -2.5e-10      0.00 7.503e-01 2.495e-01 3.829e-05 1.179e-05 9.837e-05 -1.000 2.306e-04 -0.728 0.843 -0.131 -0.734 -0.952 -1.056 -1.091
0.00021956 -1.85000 10.03342 0.8261331320 2.4275323501    0.817  2.187  3.6961  1.899    3  0.000  0.520     0.00     0.00     0.00     0.00     0.00 -1 -2.41e-10      0.00 7.503e-01 2.495e-01 3.829e-05 1.179e-05 9.837e-05 -1.000 2.306e-04 -0.698 0.861 -0.106 -0.705 -0.921 -1.025 -1.059
0.00021956 -1.85000 10.03342 0.8261379004 2.4275338988    0.817  2.186  3.6962  1.901    3  0.000  0.520     0.00     0.00     0.00     0.00     0.00 -1  -2.4e-10      0.00 7.503e-01 2.495e-01 3.829e-05 1.179e-05 9.837e-05 -1.000 2.306e-04 -0.694 0.864 -0.103 -0.701 -0.917 -1.021 -1.055
0.00021956 -1.85000 10.03342 0.8261653781 2.4275428231    0.816  2.212  3.6950  1.870    3  0.000  0.520     0.00     0.00     0.00     0.00     0.00 -1 -2.62e-10      0.00 7.503e-01 2.495e-01 3.829e-05 1.179e-05 9.837e-05 -1.000 2.305e-04 -0.760 0.816 -0.161 -0.766 -0.984 -1.089 -1.125
0.00021956 -1.85000 10.03342 0.8262070417 2.4275563534    0.816  2.254  3.6931  1.820    3  0.000  0.520     0.00     0.00     0.00     0.00     0.00 -1 -3.04e-10      0.00 7.503e-01 2.495e-01 3.829e-05 1.179e-05 9.837e-05 -1.000 2.306e-04 -0.864 0.740 -0.254 -0.868 -1.090 -1.197 -1.234
0.00021956 -1.85000 10.03342 0.8262457848 2.4275689338    0.815  2.295  3.6913  1.772    3  0.000  0.520     0.00     0.00     0.00     0.00     0.00 -1 -3.53e-10      0.00 7.503e-01 2.495e-01 3.829e-05 1.180e-05 9.837e-05 -1.000 2.306e-04 -0.967 0.666 -0.346 -0.968 -1.193 -1.303 -1.341
0.00021956 -1.85000 10.03342 0.8262816072 2.4275805647    0.815  2.335  3.6893  1.724    3  0.000  0.520     0.00     0.00     0.00     0.00     0.00 -1  -4.1e-10      0.00 7.503e-01 2.495e-01 3.829e-05 1.180e-05 9.837e-05 -1.000 2.306e-04 -1.067 0.596 -0.434 -1.066 -1.295 -1.407 -1.446
0.00021956 -1.85000 10.03342 0.8263130188 2.4275907625    0.814  2.372  3.6876  1.679    3  0.000  0.520     0.00     0.00     0.00     0.00     0.00 -1 -4.71e-10      0.00 7.503e-01 2.495e-01 3.829e-05 1.180e-05 9.838e-05 -1.000 2.306e-04 -1.161 0.532 -0.516 -1.157 -1.389 -1.504 -1.544
0.00021956 -1.85000 10.03342 0.8263436556 2.4276007079    0.814  2.411  3.6857  1.632    3  0.000  0.520     0.00     0.00     0.00     0.00     0.00 -1 -5.44e-10      0.00 7.503e-01 2.495e-01 3.829e-05 1.180e-05 9.838e-05 -1.000 2.306e-04 -1.258 0.465 -0.601 -1.252 -1.487 -1.605 -1.646
0.00021956 -1.85000 10.03342 0.8263705373 2.4276094336    0.813  2.448  3.6838  1.587    3  0.000  0.520     0.00     0.00     0.00     0.00     0.00 -1 -6.23e-10      0.00 7.503e-01 2.495e-01 3.829e-05 1.180e-05 9.838e-05 -1.000 2.306e-04 -1.350 0.419 -0.678 -1.342 -1.582 -1.701 -1.743
0.00021956 -1.85000 10.03342 0.8263967037 2.4276179265    0.812  2.486  3.6821  1.542    3  0.000  0.520     0.00     0.00     0.00     0.00     0.00 -1 -7.17e-10      0.00 7.503e-01 2.495e-01 3.828e-05 1.180e-05 9.838e-05 -1.000 2.305e-04 -1.445 0.369 -0.760 -1.437 -1.679 -1.801 -1.844
0.00021956 -1.85000 10.03342 0.8264198899 2.4276254516    0.811  2.522  3.6803  1.498    3  0.000  0.520     6.76     5.38     3.82     2.95     2.39  3  -8.2e-10      0.00 7.503e-01 2.495e-01 3.828e-05 1.180e-05 9.838e-05 -1.000 2.306e-04 -1.535 0.327 -0.835 -1.526 -1.772 -1.896 -1.940
0.00021956 -1.85000 10.03342 0.8264468908 2.4276342141    0.810  2.567  3.6780  1.444    3  0.000  0.520     7.58     5.93     4.20     3.25     2.63  3 -9.68e-10      0.00 7.503e-01 2.495e-01 3.828e-05 1.180e-05 9.838e-05 -1.000 2.306e-04 -1.647 0.284 -0.924 -1.635 -1.886 -2.013 -2.059
0.00021956 -1.85000 10.03342 0.8264709115 2.4276420089    0.809  2.610  3.6758  1.392    3  0.000  0.520     8.46     6.52     4.59     3.56     2.88  3 -1.14e-09      0.00 7.503e-01 2.495e-01 3.828e-05 1.180e-05 9.838e-05 -1.000 2.305e-04 -1.754 0.247 -1.009 -1.740 -1.996 -2.126 -2.173
0.00021956 -1.85000 10.03342 0.8264897466 2.4276481206    0.808  2.646  3.6738  1.347    3  0.000  0.520     9.30     7.06     4.96     3.84     3.11  3  -1.3e-09      0.00 7.503e-01 2.495e-01 3.828e-05 1.180e-05 9.838e-05 -1.000 2.305e-04 -1.844 0.224 -1.077 -1.828 -2.089 -2.222 -2.269
0.00021956 -1.85000 10.03342 0.8265098333 2.4276546381    0.807  2.687  3.6717  1.297    3  0.000  0.520    10.33     7.72     5.40     4.19     3.40  3 -1.51e-09      0.00 7.503e-01 2.495e-01 3.828e-05 1.180e-05 9.838e-05 -1.000 2.306e-04 -1.947 0.198 -1.154 -1.927 -2.194 -2.330 -2.379
0.00021956 -1.85000 10.03342 0.8265258670 2.4276598403    0.806  2.722  3.6698  1.254    3  0.000  0.520    11.32     8.35     5.82     4.52     3.66  3 -1.72e-09      0.00 7.503e-01 2.495e-01 3.828e-05 1.180e-05 9.838e-05 -1.000 2.305e-04 -2.034 0.183 -1.217 -2.012 -2.284 -2.423 -2.473
0.00021956 -1.85000 10.03342 0.8265427947 2.4276653323    0.804  2.761  3.6676  1.205    3  0.000  0.520    12.53     9.11     6.33     4.92     3.99  3    -2e-09      0.00 7.503e-01 2.495e-01 3.828e-05 1.180e-05 9.838e-05 -1.000 2.305e-04 -2.132 0.172 -1.286 -2.106 -2.384 -2.525 -2.577
0.00021956 -1.85000 10.03342 0.8265589476 2.4276705726    0.803  2.801  3.6654  1.156    3  0.000  0.520    13.91     9.96     6.89     5.37     4.35  2 -2.32e-09      0.00 7.503e-01 2.495e-01 3.828e-05 1.180e-05 9.838e-05 -1.000 2.306e-04 -2.232 0.165 -1.354 -2.202 -2.486 -2.631 -2.684
0.00021956 -1.85000 10.03342 0.8265740871 2.4276754840    0.801  2.841  3.6631  1.105    3  0.000  0.520    15.46    10.90     7.51     5.86     4.75  2  -2.7e-09      0.00 7.503e-01 2.495e-01 3.828e-05 1.180e-05 9.838e-05 -1.000 2.305e-04 -2.331 0.169 -1.419 -2.296 -2.588 -2.737 -2.792
0.00021956 -1.85000 10.03342 0.8265872598 2.4276797571    0.799  2.877  3.6610  1.059    3  0.000  0.520    17.04    11.84     8.12     6.35     5.15  2  -3.1e-09      0.00 7.502e-01 2.495e-01 3.828e-05 1.180e-05 9.838e-05 -1.000 2.306e-04 -2.423 0.175 -1.477 -2.384 -2.682 -2.834 -2.891
0.00021956 -1.85000 10.03342 0.8266001344 2.4276839334    0.798  2.916  3.6587  1.011    3  0.000  0.520    18.87    12.92     8.83     6.91     5.60  2 -3.58e-09      0.00 7.502e-01 2.495e-01 3.828e-05 1.180e-05 9.838e-05 -1.000 2.306e-04 -2.519 0.194 -1.532 -2.473 -2.779 -2.935 -2.994
0.00021956 -1.85000 10.03342 0.8266112804 2.4276875489    0.796  2.951  3.6566  0.966    3  0.000  0.520    20.73    14.00     9.53     7.47     6.06  2  -4.1e-09      0.00 7.502e-01 2.495e-01 3.828e-05 1.181e-05 9.838e-05 -1.000 2.306e-04 -2.608 0.194 -1.585 -2.553 -2.867 -3.027 -3.087
0.00021956 -1.85000 10.03342 0.8266221285 2.4276910676    0.793  2.987  3.6545  0.920    3  0.000  0.520    22.84    15.21    10.31     8.09     6.56  2 -4.71e-09      0.00 7.502e-01 2.495e-01 3.828e-05 1.181e-05 9.838e-05 -1.000 2.305e-04 -2.699 0.186 -1.640 -2.634 -2.956 -3.121 -3.182
0.00021956 -1.85000 10.03342 0.8266322613 2.4276943542    0.791  3.023  3.6522  0.874    3  0.000  0.520    25.17    16.52    11.16     8.77     7.11  1  -5.4e-09      0.00 7.502e-01 2.495e-01 3.828e-05 1.181e-05 9.838e-05 -1.000 2.305e-04 -2.788 0.182 -1.692 -2.714 -3.044 -3.213 -3.277
0.00021956 -1.85000 10.03342 0.8266410828 2.4276972154    0.789  3.057  3.6502  0.831    3  0.000  0.520    27.51    17.82    12.00     9.44     7.66  1 -6.13e-09      0.00 7.502e-01 2.495e-01 3.828e-05 1.181e-05 9.838e-05 -1.000 2.305e-04 -2.871 0.175 -1.741 -2.788 -3.125 -3.298 -3.364
0.00021956 -1.85000 10.03342 0.8266496658 2.4276999992    0.786  3.090  3.6480  0.787    3  0.000  0.520    30.18    19.28    12.94    10.19     8.27  1 -6.98e-09      0.00 7.502e-01 2.495e-01 3.828e-05 1.181e-05 9.838e-05 -1.000 2.306e-04 -2.956 0.173 -1.788 -2.861 -3.207 -3.384 -3.452
0.00021956 -1.85000 10.03342 0.8266577125 2.4277026089    0.784  3.124  3.6459  0.744    3  0.000  0.520    33.04    20.83    13.92    10.98     8.91  1 -7.93e-09      0.00 7.502e-01 2.495e-01 3.828e-05 1.181e-05 9.838e-05 -1.000 2.306e-04 -3.039 0.168 -1.836 -2.934 -3.287 -3.469 -3.538
0.00021956 -1.85000 10.03342 0.8266650438 2.4277049867    0.781  3.155  3.6440  0.703    3  0.000  0.520    36.03    22.41    14.93    11.79     9.57  1 -8.95e-09      0.00 7.502e-01 2.495e-01 3.828e-05 1.181e-05 9.838e-05 -1.000 2.306e-04 -3.118 0.165 -1.881 -3.003 -3.364 -3.549 -3.620
0.00021956 -1.85000 10.03342 0.8266723156 2.4277073450    0.778  3.188  3.6418  0.660    3  0.000  0.520    39.47    24.22    16.08    12.71    10.32  1 -1.02e-08      0.00 7.502e-01 2.495e-01 3.828e-05 1.181e-05 9.838e-05 -1.000 2.306e-04 -3.201 0.165 -1.925 -3.074 -3.443 -3.633 -3.706
0.00021956 -1.85000 10.03342 0.8266788125 2.4277094520    0.775  3.219  3.6398  0.619    3  0.000  0.520    42.94    26.02    17.22    13.63    11.06  1 -1.15e-08      0.00 7.502e-01 2.495e-01 3.828e-05 1.181e-05 9.838e-05 -1.000 2.306e-04 -3.277 0.164 -1.965 -3.139 -3.517 -3.711 -3.786
0.00021956 -1.85000 10.03342 0.8266851306 2.4277115010    0.771  3.249  3.6379  0.579    3  0.000  0.520    46.70    27.94    18.43    14.60    11.86  1 -1.29e-08      0.00 7.502e-01 2.495e-01 3.828e-05 1.181e-05 9.838e-05 -1.000 2.306e-04 -3.353 0.164 -2.002 -3.202 -3.588 -3.787 -3.863
0.00021956 -1.85000 10.03342 0.8266903758 2.4277132020    0.768  3.273  3.6364  0.548    3  0.000  0.520    49.87    29.53    19.43    15.41    12.52  1 -1.43e-08      0.00 7.502e-01 2.495e-01 3.828e-05 1.181e-05 9.838e-05 -1.000 2.306e-04 -3.412 0.164 -2.031 -3.251 -3.643 -3.846 -3.924
0.00021956 -1.85000 10.03342 0.8266903758 2.4277132020    0.768  1.710  3.8237  2.860    4  0.000  0.530     0.00     0.00     0.00     0.00     0.00 -1    -1e-30      0.00 7.528e-01 2.469e-01 3.904e-05 1.110e-05 9.830e-05 -1.000 2.306e-04 0.495 1.116 0.588 0.468 0.476 0.498 0.516
0.00021956 -1.85000 10.03342 0.8267396092 2.4277291671    0.768  1.731  3.8133  2.797    4  0.000  0.530     0.00     0.00     0.00     0.00     0.00 -1    -1e-30      0.00 7.528e-01 2.469e-01 3.904e-05 1.110e-05 9.830e-05 -1.000 2.306e-04 0.441 1.101 0.563 0.408 0.398 0.412 0.427
0.00021956 -1.85000 10.03342 0.8267897367 2.4277454199    0.768  1.734  3.8135  2.796    4  0.000  0.530     0.00     0.00     0.00     0.00     0.00 -1    -1e-30      0.00 7.528e-01 2.469e-01 3.904e-05 1.110e-05 9.831e-05 -1.000 2.306e-04 0.436 1.095 0.557 0.403 0.392 0.407 0.422
0.00021956 -1.85000 10.03342 0.8268406391 2.4277619215    0.768  1.734  3.8144  2.799    4  0.000  0.530     0.00     0.00     0.00     0.00     0.00 -1    -1e-30      0.00 7.528e-01 2.469e-01 3.904e-05 1.110e-05 9.831e-05 -1.000 2.305e-04 0.434 1.090 0.553 0.402 0.393 0.408 0.424
0.00021956 -1.85000 10.03342 0.8268910646 2.4277782663    0.768  1.735  3.8156  2.803    4  0.000  0.530     0.00     0.00     0.00     0.00     0.00 -1    -1e-30      0.00 7.528e-01 2.469e-01 3.904e-05 1.110e-05 9.831e-05 -1.000 2.306e-04 0.434 1.084 0.549 0.402 0.395 0.411 0.427
0.00021956 -1.85000 10.03342 0.8269432187 2.4277951690    0.768  1.735  3.8170  2.809    4  0.000  0.530     0.00     0.00     0.00     0.00     0.00 -1    -1e-30      0.00 7.528e-01 2.469e-01 3.904e-05 1.110e-05 9.831e-05 -1.000 2.306e-04 0.433 1.078 0.544 0.402 0.398 0.415 0.431
0.00021956 -1.85000 10.03342 0.8269940019 2.4278116250    0.768  1.735  3.8185  2.815    4  0.000  0.530     0.00     0.00     0.00     0.00     0.00 -1    -1e-30      0.00 7.528e-01 2.469e-01 3.904e-05 1.110e-05 9.831e-05 -1.000 2.306e-04 0.434 1.073 0.540 0.403 0.402 0.420 0.436
0.00021956 -1.85000 10.03342 0.8270486593 2.4278293339    0.768  1.734  3.8203  2.822    4  0.000  0.530     0.00     0.00     0.00     0.00     0.00 -1    -1e-30      0.00 7.528e-01 2.469e-01 3.904e-05 1.110e-05 9.831e-05 -1.000 2.305e-04 0.434 1.066 0.535 0.404 0.406 0.426 0.443
0.00021956 -1.85000 10.03342 0.8271000385 2.4278459782    0.768  1.734  3.8219  2.829    4  0.000  0.530     0.00     0.00     0.00     0.00     0.00 -1    -1e-30      0.00 7.528e-01 2.469e-01 3.904e-05 1.110e-05 9.831e-05 -1.000 2.306e-04 0.435 1.061 0.531 0.406 0.411 0.431 0.449
0.00021956 -1.85000 10.03342 0.8271531463 2.4278631799    0.768  1.734  3.8235  2.836    4  0.000  0.530     0.00     0.00     0.00     0.00     0.00 -1    -1e-30      0.00 7.528e-01 2.469e-01 3.904e-05 1.110e-05 9.831e-05 -1.000 2.306e-04 0.436 1.056 0.527 0.408 0.416 0.437 0.455
0.00021956 -1.85000 10.03342 0.8272033930 2.4278794526    0.768  1.734  3.8247  2.841    4  0.000  0.530     0.00     0.00     0.00     0.00     0.00 -1    -1e-30      0.00 7.528e-01 2.469e-01 3.904e-05 1.110e-05 9.831e-05 -1.000 2.306e-04 0.436 1.052 0.525 0.409 0.419 0.441 0.459
0.00021956 -1.85000 10.03342 0.8272581100 2.4278971704    0.768  1.733  3.8258  2.845    4  0.000  0.530     0.00     0.00     0.00     0.00     0.00 -1    -1e-30      0.00 7.528e-01 2.469e-01 3.904e-05 1.110e-05 9.831e-05 -1.000 2.306e-04 0.436 1.048 0.522 0.410 0.421 0.444 0.463
0.00021956 -1.85000 10.03342 0.8273130059 2.4279149435    0.769  1.734  3.8263  2.847    4  0.000  0.530     0.00     0.00     0.00     0.00     0.00 -1    -1e-30      0.00 7.528e-01 2.469e-01 3.904e-05 1.110e-05 9.831e-05 -1.000 2.305e-04 0.436 1.045 0.520 0.409 0.422 0.445 0.464
0.00021956 -1.85000 10.03342 0.8273651600 2.4279318263    0.769  1.734  3.8265  2.848    4  0.000  0.530     0.00     0.00     0.00     0.00     0.00 -1    -1e-30      0.00 7.528e-01 2.469e-01 3.904e-05 1.110e-05 9.831e-05 -1.000 2.305e-04 0.435 1.044 0.518 0.409 0.422 0.445 0.464
0.00021956 -1.85000 10.03342 0.8274171352 2.4279486489    0.769  1.735  3.8262  2.846    4  0.000  0.530     0.00     0.00     0.00     0.00     0.00 -1    -1e-30      0.00 7.528e-01 2.469e-01 3.904e-05 1.110e-05 9.831e-05 -1.000 2.306e-04 0.434 1.043 0.518 0.407 0.420 0.443 0.462
0.00021956 -1.85000 10.03342 0.8274231553 2.4279505972    0.769  1.735  3.8261  2.846    4  0.000  0.530     0.00     0.00     0.00     0.00     0.00 -1    -1e-30      0.00 7.528e-01 2.469e-01 3.904e-05 1.110e-05 9.831e-05 -1.000 2.306e-04 0.433 1.043 0.518 0.407 0.419 0.443 0.461
0.00021956 -1.85000 10.03342 0.8274285793 2.4279523526    0.769  1.735  3.8260  2.845    4  0.000  0.530     0.00     0.00     0.00     0.00     0.00 -1    -1e-30      0.00 7.528e-01 2.469e-01 3.904e-05 1.110e-05 9.831e-05 -1.000 2.306e-04 0.433 1.044 0.518 0.407 0.419 0.442 0.461
0.00021956 -1.85000 10.03342 0.8274779320 2.4279683235    0.769  1.736  3.8250  2.840    4  0.000  0.530     0.00     0.00     0.00     0.00     0.00 -1    -1e-30      0.00 7.528e-01 2.469e-01 3.904e-05 1.110e-05 9.831e-05 -1.000 2.306e-04 0.431 1.045 0.518 0.404 0.414 0.437 0.455
0.00021956 -1.85000 10.03342 0.8275298476 2.4279851215    0.769  1.737  3.8234  2.833    4  0.000  0.530     0.00     0.00     0.00     0.00     0.00 -1    -1e-30      0.00 7.528e-01 2.469e-01 3.904e-05 1.110e-05 9.831e-05 -1.000 2.306e-04 0.428 1.048 0.520 0.400 0.407 0.429 0.447
0.00021956 -1.85000 10.03342 0.8275815845 2.4280018592    0.769  1.738  3.8212  2.822    4  0.000  0.530     0.00     0.00     0.00     0.00     0.00 -1    -1e-30      0.00 7.528e-01 2.469e-01 3.904e-05 1.110e-05 9.831e-05 -1.000 2.306e-04 0.424 1.052 0.522 0.395 0.398 0.418 0.435
0.00021956 -1.85000 10.03342 0.8276328444 2.4280184402    0.769  1.740  3.8184  2.809    4  0.000  0.530     0.00     0.00     0.00     0.00     0.00 -1    -1e-30      0.00 7.528e-01 2.469e-01 3.904e-05 1.110e-05 9.831e-05 -1.000 2.306e-04 0.419 1.058 0.525 0.388 0.387 0.405 0.421
0.00021956 -1.85000 10.03342 0.8276824355 2.4280344792    0.769  1.743  3.8151  2.794    4  0.000  0.530     0.00     0.00     0.00     0.00     0.00 -1    -1e-30      0.00 7.528e-01 2.469e-01 3.904e-05 1.110e-05 9.831e-05 -1.000 2.306e-04 0.414 1.066 0.529 0.381 0.374 0.389 0.405
0.00021956 -1.85000 10.03342 0.8277327418 2.4280507473    0.769  1.745  3.8111  2.775    4  0.000  0.530     0.00     0.00     0.00     0.00     0.00 -1    -1e-30      0.00 7.528e-01 2.469e-01 3.904e-05 1.110e-05 9.831e-05 -1.000 2.306e-04 0.407 1.076 0.535 0.373 0.358 0.371 0.385
0.00021956 -1.85000 10.03342 0.8277839422 2.4280673021    0.769  1.748  3.8064  2.753    4  0.000  0.530     0.00     0.00     0.00     0.00     0.00 -1    -1e-30      0.00 7.528e-01 2.469e-01 3.904e-05 1.110e-05 9.831e-05 -1.000 2.306e-04 0.399 1.089 0.543 0.363 0.340 0.350 0.362
0.00021956 -1.85000 10.03342 0.8278087378 2.4280753185    0.769  1.750  3.8041  2.742    4  0.000  0.530     0.00     0.00     0.00     0.00     0.00 -1    -1e-30      0.00 7.528e-01 2.469e-01 3.904e-05 1.110e-05 9.831e-05 -1.000 2.306e-04 0.395 1.096 0.547 0.359 0.332 0.339 0.351
0.00021956 -1.85000 10.03342 0.8278179169 2.4280782860    0.769  1.750  3.8031  2.738    4  0.000  0.530     0.00     0.00     0.00     0.00     0.00 -1    -1e-30      0.00 7.528e-01 2.469e-01 3.904e-05 1.110e-05 9.831e-05 -1.000 2.306e-04 0.394 1.099 0.548 0.357 0.328 0.335 0.346
0.00021956 -1.85000 10.03342 0.8278719187 2.4280957424    0.769  1.754  3.7975  2.712    4  0.000  0.530     0.00     0.00     0.00     0.00     0.00 -1    -1e-30      0.00 7.528e-01 2.469e-01 3.904e-05 1.110e-05 9.831e-05 -1.000 2.305e-04 0.384 1.116 0.557 0.346 0.307 0.309 0.319
0.00021956 -1.85000 10.03342 0.8279246688 2.4281127917    0.769  1.758  3.7922  2.686    4  0.000  0.530     0.00     0.00     0.00     0.00     0.00 -1    -1e-30      0.00 7.528e-01 2.469e-01 3.904e-05 1.110e-05 9.831e-05 -1.000 2.306e-04 0.374 1.133 0.566 0.334 0.286 0.284 0.292
0.00021956 -1.85000 10.03342 0.8279809356 2.4281309748    0.769  1.763  3.7865  2.659    4  0.000  0.530     0.00     0.00     0.00     0.00     0.00 -1    -1e-30      0.00 7.528e-01 2.469e-01 3.904e-05 1.110e-05 9.831e-05 -1.000 2.306e-04 0.362 1.150 0.574 0.322 0.264 0.257 0.262
0.00021956 -1.85000 10.03342 0.8280345201 2.4281482885    0.769  1.768  3.7810  2.632    4  0.000  0.530     0.00     0.00     0.00     0.00     0.00 -1    -1e-30      0.00 7.528e-01 2.469e-01 3.904e-05 1.110e-05 9.831e-05 -1.000 2.306e-04 0.349 1.166 0.580 0.309 0.241 0.229 0.233
0.00021956 -1.85000 10.03342 0.8280858994 2.4281648872    0.769  1.774  3.7765  2.609    4  0.000  0.530     0.00     0.00     0.00     0.00     0.00 -1    -1e-30      0.00 7.528e-01 2.470e-01 3.904e-05 1.110e-05 9.831e-05 -1.000 2.306e-04 0.336 1.179 0.583 0.295 0.220 0.204 0.206
0.00021956 -1.85000 10.03342 0.8281388879 2.4281820034    0.769  1.779  3.7725  2.587    4  0.000  0.530     0.00     0.00     0.00     0.00     0.00 -1    -1e-30      0.00 7.528e-01 2.470e-01 3.904e-05 1.110e-05 9.831e-05 -1.000 2.306e-04 0.322 1.190 0.583 0.281 0.199 0.179 0.179
0.00021956 -1.85000 10.03342 0.8281908631 2.4281987898    0.770  1.785  3.7694  2.569    4  0.000  0.530     0.00     0.00     0.00     0.00     0.00 -1    -1e-30      0.00 7.528e-01 2.470e-01 3.904e-05 1.110e-05 9.831e-05 -1.000 2.306e-04 0.308 1.195 0.580 0.267 0.179 0.156 0.155
0.00021956 -1.85000 10.03342 0.8282434344 2.4282157662    0.770  1.791  3.7664  2.551    4  0.000  0.530     0.00     0.00     0.00     0.00     0.00 -1    -1e-30      0.00 7.528e-01 2.470e-01 3.904e-05 1.110e-05 9.831e-05 -1.000 2.305e-04 0.292 1.198 0.576 0.252 0.159 0.133 0.131
0.00021956 -1.85000 10.03342 0.8282960057 2.4282327402    0.770  1.798  3.7636  2.532    4  0.000  0.530     0.00     0.00     0.00     0.00     0.00 -1    -1e-30      0.00 7.528e-01 2.470e-01 3.904e-05 1.110e-05 9.831e-05 -1.000 2.305e-04 0.275 1.198 0.569 0.235 0.136 0.108 0.104
0.00021956 -1.85000 10.03342 0.8283489943 2.4282498464    0.770  1.802  3.7623  2.524    4  0.000  0.530     0.00     0.00     0.00     0.00     0.00 -1    -1e-30      0.00 7.528e-01 2.470e-01 3.904e-05 1.110e-05 9.831e-05 -1.000 2.306e-04 0.265 1.197 0.564 0.226 0.125 0.095 0.091
0.00021956 -1.85000 10.03342 0.8283594847 2.4282532327    0.770  1.794  3.7655  2.544    4  0.000  0.530     0.00     0.00     0.00     0.00     0.00 -1    -1e-30      0.00 7.528e-01 2.470e-01 3.904e-05 1.110e-05 9.831e-05 -1.000 2.305e-04 0.285 1.196 0.572 0.245 0.150 0.123 0.121
0.00021956 -1.85000 10.03342 0.8284138441 2.4282707783    0.770  1.811  3.7592  2.503    4  0.000  0.530     0.00     0.00     0.00     0.00     0.00 -1    -1e-30      0.00 7.528e-01 2.470e-01 3.904e-05 1.110e-05 9.831e-05 -1.000 2.306e-04 0.243 1.195 0.554 0.204 0.098 0.065 0.060
0.00021956 -1.85000 10.03342 0.8284673095 2.4282880328    0.770  1.831  3.7534  2.459    4  0.000  0.530     0.00     0.00     0.00     0.00     0.00 -1    -1e-30      0.00 7.528e-01 2.470e-01 3.904e-05 1.110e-05 9.831e-05 -1.000 2.306e-04 0.193 1.185 0.525 0.154 0.039 -0.000 -0.008
0.00021956 -1.85000 10.03342 0.8285122514 2.4283025345    0.770  1.861  3.7466  2.402    4  0.000  0.530     0.00     0.00     0.00     0.00     0.00 -1    -1e-30      0.00 7.528e-01 2.470e-01 3.904e-05 1.110e-05 9.831e-05 -1.000 2.306e-04 0.117 1.159 0.476 0.080 -0.047 -0.093 -0.103
0.00021956 -1.85000 10.03342 0.8285366893 2.4283104193    0.770  1.895  3.7399  2.341    4  0.000  0.530     0.00     0.00     0.00     0.00     0.00 -1    -1e-30      0.00 7.528e-01 2.470e-01 3.904e-05 1.110e-05 9.831e-05 -1.000 2.306e-04 0.032 1.124 0.416 -0.003 -0.142 -0.195 -0.208
0.00021956 -1.85000 10.03342 0.8285476565 2.4283139577    0.770  1.930  3.7340  2.283    4  0.000  0.530     0.00     0.00     0.00     0.00     0.00 -1    -1e-30      0.00 7.528e-01 2.470e-01 3.904e-05 1.110e-05 9.831e-05 -1.000 2.306e-04 -0.054 1.089 0.353 -0.089 -0.237 -0.297 -0.312
0.00021956 -1.85000 10.03342 0.8285525441 2.4283155346    0.770  1.965  3.7288  2.226    4  0.000  0.530     0.00     0.00     0.00     0.00     0.00 -1    -1e-30      0.00 7.528e-01 2.470e-01 3.904e-05 1.110e-05 9.831e-05 -1.000 2.306e-04 -0.143 1.047 0.285 -0.176 -0.334 -0.399 -0.417
0.00021956 -1.85000 10.03342 0.8285549283 2.4283163037    0.770  2.001  3.7243  2.172    4  0.000  0.530     0.00     0.00     0.00     0.00     0.00 -1    -1e-30      0.00 7.528e-01 2.470e-01 3.904e-05 1.110e-05 9.831e-05 -1.000 2.306e-04 -0.233 1.000 0.215 -0.264 -0.429 -0.499 -0.519
0.00021956 -1.85000 10.03342 0.8285558224 2.4283165922    0.770  2.025  3.7218  2.138    7  0.000  0.530     0.00     0.00     0.00     0.00     0.00 -1    -1e-30      0.00 7.528e-01 2.470e-01 3.904e-05 1.110e-05 9.831e-05 -1.000 2.306e-04 -0.293 0.965 0.166 -0.323 -0.492 -0.565 -0.587
0.00021956 -1.85000 10.03342 0.8285564780 2.4283168037    0.770  2.048  3.7197  2.107    7  0.000  0.530     0.00     0.00     0.00     0.00     0.00 -1    -1e-30      0.00 7.528e-01 2.470e-01 3.904e-05 1.110e-05 9.831e-05 -1.000 2.305e-04 -0.350 0.928 0.117 -0.379 -0.552 -0.627 -0.650
0.00021956 -1.85000 10.03342 0.8285575509 2.4283171498    0.770  2.092  3.7161  2.049    7  0.000  0.530     0.00     0.00     0.00     0.00     0.00 -1    -1e-30      0.00 7.528e-01 2.470e-01 3.904e-05 1.110e-05 9.831e-05 -1.000 2.306e-04 -0.460 0.857 0.025 -0.487 -0.666 -0.745 -0.769
0.00021956 -1.85000 10.03342 0.8285585046 2.4283174575    0.770  2.125  3.7136  2.006    7  0.000  0.530     0.00     0.00     0.00     0.00     0.00 -1    -1e-30      0.00 7.528e-01 2.470e-01 3.904e-05 1.110e-05 9.831e-05 -1.000 2.306e-04 -0.543 0.801 -0.047 -0.569 -0.752 -0.834 -0.860
0.00021956 -1.85000 10.03342 0.8285594583 2.4283177652    0.770  2.143  3.7124  1.983    7  0.000  0.530     0.00     0.00     0.00     0.00     0.00 -1    -1e-30      0.00 7.528e-01 2.470e-01 3.904e-05 1.110e-05 9.831e-05 -1.000 2.306e-04 -0.587 0.770 -0.085 -0.612 -0.798 -0.881 -0.907
0.00021956 -1.85000 10.03342 0.8285616040 2.4283184574    0.770  2.146  3.7124  1.980    7  0.000  0.530     0.00     0.00     0.00     0.00     0.00 -1    -1e-30      0.00 7.528e-01 2.470e-01 3.904e-05 1.110e-05 9.831e-05 -1.000 2.306e-04 -0.596 0.763 -0.093 -0.621 -0.806 -0.890 -0.916
0.00021956 -1.85000 10.03342 0.8285634518 2.4283190535    0.770  2.135  3.7132  1.994    7  0.000  0.530     0.00     0.00     0.00     0.00     0.00 -1    -1e-30      0.00 7.528e-01 2.470e-01 3.904e-05 1.110e-05 9.831e-05 -1.000 2.306e-04 -0.568 0.781 -0.069 -0.593 -0.777 -0.860 -0.885
0.00021956 -1.85000 10.03342 0.8285704255 2.4283213033    0.770  2.120  3.7142  2.013    7  0.000  0.530     0.00     0.00     0.00     0.00     0.00 -1    -1e-30      0.00 7.528e-01 2.470e-01 3.904e-05 1.110e-05 9.831e-05 -1.000 2.306e-04 -0.531 0.806 -0.038 -0.557 -0.739 -0.821 -0.846
0.00021956 -1.85000 10.03342 0.8286001682 2.4283308981    0.770  2.159  3.7111  1.962    7  0.000  0.530     0.00     0.00     0.00     0.00     0.00 -1    -1e-30      0.00 7.528e-01 2.470e-01 3.904e-05 1.110e-05 9.831e-05 -1.000 2.305e-04 -0.627 0.746 -0.119 -0.651 -0.839 -0.924 -0.951
0.00021956 -1.85000 10.03342 0.8286181688 2.4283367046    0.770  2.199  3.7082  1.910    7  0.000  0.530     0.00     0.00     0.00     0.00     0.00 -1    -1e-30      0.00 7.528e-01 2.470e-01 3.904e-05 1.110e-05 9.831e-05 -1.000 2.306e-04 -0.728 0.682 -0.204 -0.750 -0.943 -1.032 -1.060
0.00021956 -1.85000 10.03342 0.8286321759 2.4283412227    0.770  2.240  3.7053  1.857    7  0.000  0.530     0.00     0.00     0.00     0.00     0.00 -1    -1e-30      0.00 7.528e-01 2.470e-01 3.904e-05 1.110e-05 9.831e-05 -1.000 2.307e-04 -0.831 0.617 -0.292 -0.851 -1.049 -1.142 -1.171
0.00021956 -1.85000 10.03342 0.8286485672 2.4283465096    0.770  2.293  3.7018  1.790    7  0.000  0.530     0.00     0.00     0.00     0.00     0.00 -1    -1e-30      0.00 7.528e-01 2.470e-01 3.903e-05 1.110e-05 9.831e-05 -1.000 2.307e-04 -0.964 0.531 -0.405 -0.980 -1.185 -1.282 -1.314
0.00021956 -1.85000 10.03342 0.8286643624 2.4283516040    0.770  2.340  3.6989  1.733    7  0.000  0.530     0.00     0.00     0.00     0.00     0.00 -1    -1e-30      0.00 7.528e-01 2.470e-01 3.903e-05 1.110e-05 9.831e-05 -1.000 2.305e-04 -1.079 0.457 -0.504 -1.093 -1.303 -1.404 -1.437
0.00021956 -1.85000 10.03342 0.8286784887 2.4283561599    0.770  2.382  3.6963  1.679    7  0.000  0.530     0.00     0.00     0.00     0.00     0.00 -1    -1e-30      0.00 7.528e-01 2.470e-01 3.902e-05 1.110e-05 9.831e-05 -1.000 2.071e-04 -1.186 0.389 -0.595 -1.196 -1.412 -1.515 -1.550
0.00021956 -1.85000 10.03342 0.8286910057 2.4283601967    0.770  2.424  3.6938  1.628    7  0.000  0.529     0.00     0.00     0.00     0.00     0.00 -1    -1e-30      0.00 7.529e-01 2.469e-01 3.899e-05 1.111e-05 9.831e-05 -1.000 2.086e-04 -1.290 0.323 -0.683 -1.297 -1.517 -1.624 -1.660
0.00021956 -1.85000 10.03342 0.8287022114 2.4283638104    0.770  2.465  3.6913  1.577    7  0.000  0.527     0.00     0.00     0.00     0.00     0.00 -1    -1e-30      0.00 7.529e-01 2.469e-01 3.885e-05 1.118e-05 9.831e-05 -1.000 2.057e-04 -1.391 0.259 -0.770 -1.396 -1.621 -1.731 -1.769
0.00021956 -1.85000 10.03342 0.8287124038 2.4283670973    0.770  2.505  3.6888  1.527    7  0.000  0.521     6.25     5.04     3.59     2.77     2.24  3    -1e-30      0.00 7.528e-01 2.470e-01 3.847e-05 1.150e-05 9.832e-05 -1.000 2.084e-04 -1.493 0.196 -0.855 -1.494 -1.724 -1.837 -1.876
0.00021956 -1.85000 10.03342 0.8287215829 2.4283700573    0.770  2.546  3.6864  1.477    7  0.000  0.511     6.95     5.52     3.91     3.03     2.45  3    -1e-30      0.00 7.527e-01 2.471e-01 3.776e-05 1.225e-05 9.834e-05 -1.000 2.306e-04 -1.594 0.136 -0.939 -1.590 -1.825 -1.942 -1.982
0.00021956 -1.85000 10.03342 0.8287299275 2.4283727482    0.770  2.586  3.6839  1.427    7  0.000  0.498     7.73     6.04     4.27     3.31     2.67  3    -1e-30      0.00 7.526e-01 2.472e-01 3.686e-05 1.331e-05 9.835e-05 -1.000 2.253e-04 -1.694 0.093 -1.021 -1.688 -1.928 -2.048 -2.090
0.00021956 -1.85000 10.03342 0.8287375569 2.4283752084    0.770  2.625  3.6815  1.377    7  0.000  0.486     8.59     6.60     4.65     3.61     2.92  3    -1e-30      0.00 7.524e-01 2.474e-01 3.598e-05 1.439e-05 9.837e-05 -1.000 2.120e-04 -1.794 0.060 -1.099 -1.786 -2.031 -2.154 -2.197
0.00021956 -1.85000 10.03342 0.8287446499 2.4283774955    0.770  2.665  3.6790  1.328    7  0.000  0.475     9.54     7.22     5.06     3.93     3.18  3    -1e-30      0.00 7.523e-01 2.475e-01 3.518e-05 1.537e-05 9.839e-05 -1.000 2.135e-04 -1.892 0.034 -1.174 -1.883 -2.133 -2.260 -2.304
0.00021956 -1.85000 10.03342 0.8287514448 2.4283796865    0.770  2.704  3.6766  1.279    7  0.000  0.466    10.58     7.89     5.51     4.29     3.47  3    -1e-30      0.00 7.521e-01 2.477e-01 3.449e-05 1.622e-05 9.840e-05 -1.000 2.266e-04 -1.991 0.015 -1.247 -1.979 -2.235 -2.364 -2.410
0.00021956 -1.85000 10.03342 0.8287580609 2.4283818198    0.770  2.743  3.6741  1.230    7  0.000  0.457    11.74     8.62     5.99     4.67     3.78  2    -1e-30      0.00 7.519e-01 2.479e-01 3.389e-05 1.697e-05 9.840e-05 -1.000 2.121e-04 -2.088 0.003 -1.316 -2.073 -2.335 -2.468 -2.516
0.00021956 -1.85000 10.03342 0.8287643790 2.4283838570    0.770  2.783  3.6716  1.180    7  0.000  0.450    13.04     9.43     6.53     5.09     4.12  2    -1e-30      0.00 7.517e-01 2.481e-01 3.336e-05 1.762e-05 9.839e-05 -1.000 2.089e-04 -2.187 -0.004 -1.385 -2.169 -2.437 -2.574 -2.623
0.00021956 -1.85000 10.03342 0.8287702203 2.4283857404    0.770  2.822  3.6691  1.131    7  0.000  0.444    14.49    10.31     7.11     5.55     4.50  2    -1e-30      0.00 7.515e-01 2.482e-01 3.291e-05 1.818e-05 9.836e-05 -1.000 2.306e-04 -2.286 -0.004 -1.450 -2.264 -2.539 -2.679 -2.730
0.00021956 -1.85000 10.03342 0.8287755847 2.4283874700    0.770  2.864  3.6663  1.077    7  0.000  0.439    16.22    11.35     7.80     6.10     4.94  2    -1e-30      0.00 7.514e-01 2.484e-01 3.250e-05 1.870e-05 9.831e-05 -1.000 2.305e-04 -2.391 0.006 -1.516 -2.363 -2.647 -2.792 -2.845
0.00021956 -1.85000 10.03342 0.8287802935 2.4283889882    0.770  2.908  3.6634  1.022    7  0.000  0.435    18.24    12.55     8.58     6.72     5.44  2    -1e-30      0.00 7.512e-01 2.486e-01 3.213e-05 1.916e-05 9.821e-05 -1.000 2.306e-04 -2.500 0.026 -1.581 -2.467 -2.759 -2.908 -2.963
0.00021956 -1.85000 10.03342 0.8287839293 2.4283901605    0.770  2.948  3.6607  0.971    7  0.000  0.431    20.32    13.75     9.36     7.34     5.95  2    -1e-30      0.00 7.510e-01 2.488e-01 3.184e-05 1.956e-05 9.809e-05 -1.000 2.306e-04 -2.600 0.059 -1.634 -2.560 -2.862 -3.015 -3.072
0.00021956 -1.85000 10.03342 0.8287870288 2.4283911598    0.770  2.985  3.6582  0.925    7  0.000  0.429    22.42    14.95    10.14     7.97     6.46  2    -1e-30      0.00 7.508e-01 2.489e-01 3.162e-05 1.990e-05 9.794e-05 -1.000 2.306e-04 -2.691 0.100 -1.676 -2.643 -2.954 -3.113 -3.172
0.00021956 -1.85000 10.03342 0.8287900686 2.4283921399    0.770  3.022  3.6556  0.877    7  0.000  0.427    24.82    16.30    11.02     8.66     7.02  1    -1e-30      0.00 7.507e-01 2.491e-01 3.143e-05 2.022e-05 9.778e-05 -1.000 2.306e-04 -2.785 0.104 -1.728 -2.725 -3.046 -3.209 -3.270
0.00021956 -1.85000 10.03342 0.8287927508 2.4283930046    0.770  3.059  3.6531  0.830    7  0.000  0.426    27.43    17.76    11.95     9.41     7.63  1    -1e-30      0.00 7.505e-01 2.492e-01 3.129e-05 2.050e-05 9.762e-05 -1.000 2.306e-04 -2.877 0.105 -1.778 -2.805 -3.136 -3.304 -3.367
0.00021956 -1.85000 10.03342 0.8287953138 2.4283938310    0.770  3.109  3.6494  0.765    7  0.000  0.425    31.51    19.98    13.38    10.55     8.56  1    -1e-30      0.00 7.503e-01 2.494e-01 3.109e-05 2.098e-05 9.731e-05 -1.000 2.306e-04 -3.004 0.110 -1.846 -2.915 -3.259 -3.434 -3.500
0.00021956 -1.85000 10.03342 0.8287954926 2.4283938886    0.770  3.126  3.6482  0.744    7  0.000  0.424    32.94    20.75    13.87    10.95     8.88  1    -1e-30      0.00 7.503e-01 2.495e-01 3.104e-05 2.113e-05 9.722e-05 -1.000 2.306e-04 -3.044 0.113 -1.867 -2.949 -3.297 -3.475 -3.542
0.00021956 -1.85000 10.03342 0.8287956119 2.4283939270    0.770  3.141  3.6470  0.723    7  0.000  0.424    34.39    21.53    14.37    11.34     9.20  1    -1e-30      0.00 7.502e-01 2.496e-01 3.095e-05 2.138e-05 9.705e-05 -1.000 2.295e-04 -3.083 0.115 -1.887 -2.982 -3.334 -3.515 -3.583
0.00021956 -1.85000 10.03342 0.8287959099 2.4283940231    0.770  3.183  3.6439  0.669    7  0.000  0.423    38.61    23.76    15.78    12.48    10.13  1    -1e-30      0.00 7.499e-01 2.499e-01 3.075e-05 2.203e-05 9.659e-05 -1.000 2.269e-04 -3.188 0.122 -1.940 -3.071 -3.434 -3.621 -3.692
0.00021956 -1.85000 10.03342 0.8287963867 2.4283941769    0.770  3.236  3.6399  0.600    7  0.549  0.422    44.68    26.90    17.77    14.08    11.43  1    -1e-30      0.00 7.496e-01 2.502e-01 3.051e-05 2.281e-05 9.603e-05 -1.000 2.306e-04 -3.320 0.135 -2.002 -3.181 -3.560 -3.755 -3.829
0.00021956 -1.85000 10.03342 0.8287965655 2.4283942345    0.770  3.248  3.6390  0.585    7  0.547  0.422    46.13    27.64    18.24    14.46    11.74  1    -1e-30      0.00 7.495e-01 2.503e-01 3.045e-05 2.299e-05 9.591e-05 -1.000 2.306e-04 -3.349 0.138 -2.015 -3.205 -3.587 -3.784 -3.859
0.00021956 -1.85000 10.03342 0.8287966251 2.4283942537    0.770  3.271  3.6340  0.541    8  0.526  0.432    50.61    29.91    19.67    15.60    12.67  1 -4.36e-07      0.00 7.483e-01 2.515e-01 3.089e-05 2.445e-05 9.674e-05 -1.000 1.685e-04 -3.407 0.230 -1.991 -3.232 -3.632 -3.839 -3.919
0.00021956 -1.85000 10.03342 0.8287966847 2.4283942729    0.768  3.063  3.6495  0.810    8  0.526  0.426    28.60    18.39    12.36     9.74     7.90  1 -1.86e-07      0.00 7.483e-01 2.515e-01 3.089e-05 2.445e-05 9.674e-05 -1.000 1.684e-04 -2.888 0.191 -1.743 -2.801 -3.141 -3.316 -3.382
0.00021956 -1.85000 10.03342 0.8287968040 2.4283943114    0.766  2.913  3.6608  1.004    8  0.526  0.426    18.93    12.94     8.84     6.93     5.61  2 -1.07e-07      0.00 7.483e-01 2.515e-01 3.089e-05 2.445e-05 9.674e-05 -1.000 1.685e-04 -2.513 0.122 -1.555 -2.473 -2.773 -2.926 -2.983
0.00021956 -1.85000 10.03342 0.8287970424 2.4283943882    0.761  2.705  3.6764  1.272    8  0.526  0.426    10.70     7.96     5.55     4.32     3.50  3 -5.29e-08      0.00 7.483e-01 2.515e-01 3.089e-05 2.445e-05 9.674e-05 -1.000 1.685e-04 -1.992 0.019 -1.247 -1.980 -2.237 -2.367 -2.413
0.00021956 -1.85000 10.03342 0.8287973404 2.4283944843    0.753  2.712  3.6757  1.258    8  0.526  0.426    10.98     8.14     5.67     4.42     3.58  3 -5.46e-08      0.00 7.483e-01 2.515e-01 3.089e-05 2.445e-05 9.674e-05 -1.000 1.684e-04 -2.009 0.026 -1.256 -1.996 -2.255 -2.385 -2.432
0.00021956 -1.85000 10.03342 0.8287976980 2.4283945996    0.745  2.802  3.6687  1.135    8  0.526  0.426    14.22    10.14     6.99     5.47     4.43  2 -7.47e-08      0.00 7.483e-01 2.515e-01 3.089e-05 2.445e-05 9.674e-05 -1.000 1.684e-04 -2.234 0.060 -1.394 -2.211 -2.487 -2.628 -2.680
0.00021956 -1.85000 10.03342 0.8287981749 2.4283947534    0.734  2.983  3.6546  0.891    8  0.527  0.426    23.79    15.70    10.61     8.36     6.77  1 -1.47e-07      0.00 7.483e-01 2.515e-01 3.089e-05 2.445e-05 9.674e-05 -1.000 1.684e-04 -2.687 0.215 -1.622 -2.623 -2.946 -3.111 -3.173
0.00021956 -1.85000 10.03342 0.8287987113 2.4283949263    0.721  3.145  3.6420  0.671    8  0.527  0.426    37.91    23.28    15.46    12.25     9.94  1 -2.87e-07      0.00 7.483e-01 2.515e-01 3.089e-05 2.445e-05 9.674e-05 -1.000 1.685e-04 -3.093 0.259 -1.823 -2.967 -3.335 -3.525 -3.598
0.00021956 -1.85000 10.03342 0.8287993670 2.4283951377    0.707  3.255  3.6333  0.518    8  0.527  0.426    52.28    30.53    20.02    15.93    12.93  1 -4.71e-07      0.00 7.483e-01 2.515e-01 3.089e-05 2.445e-05 9.674e-05 -1.000 1.685e-04 -3.367 0.304 -1.934 -3.186 -3.590 -3.799 -3.879
0.00021956 -1.85000 10.03342 0.8288000226 2.4283953491    0.692  3.317  3.6282  0.426    8  0.528  0.426    63.35    35.84    23.32    18.62    15.12  1 -6.42e-07      0.00 7.483e-01 2.515e-01 3.089e-05 2.445e-05 9.674e-05 -1.000 1.684e-04 -3.521 0.336 -1.979 -3.303 -3.731 -3.953 -4.039
0.00021956 -1.85000 10.03342 0.8288008571 2.4283956181    0.675  3.349  3.6253  0.371    8  0.528  0.426    71.01    39.36    25.48    20.40    16.56  1 -7.78e-07      0.00 7.483e-01 2.515e-01 3.089e-05 2.445e-05 9.674e-05 -1.000 1.684e-04 -3.604 0.359 -1.992 -3.361 -3.804 -4.034 -4.123
0.00021956 -1.85000 10.03342 0.8288016915 2.4283958871    0.657  3.371  3.6231  0.330    8  0.529  0.426    77.27    42.13    27.18    21.80    17.70  1 -9.02e-07      0.00 7.483e-01 2.515e-01 3.089e-05 2.445e-05 9.674e-05 -1.000 1.684e-04 -3.657 0.382 -1.993 -3.396 -3.851 -4.087 -4.178
0.00021956 -1.85000 10.03342 0.8288058043 2.4283972131    0.531 -9.999  4.0000  1.849    9  0.531  0.000     0.00     0.00     0.00     0.00     0.00 -1    -1e-30      0.00 7.483e-01 2.515e-01 3.089e-05 2.445e-05 9.674e-05 -1.000 1.684e-04 29.767 30.107 29.969 30.248 30.476 30.555 30.644
