# Zini     MH   logAge Mini        int_IMF         Mass   logL    logTe  logg  label   McoreTP C_O  period0  period1  period2  period3  period4  pmode  Mloss  tau1m   X   Y   Xc  Xn  Xo  Cexcess  Z 	 mbolmag  umag    gmag    rmag    imag    zmag    Ymag
0.00123 -1.10000 10.01703 0.0900000036 1.0816895926    0.090 -3.225  3.4505  5.372    1  0.000  0.545     0.00     0.00     0.00     0.00     0.00 -1 -5.14e-17      0.00 7.462e-01 2.526e-01 2.335e-04 6.300e-05 5.714e-04 -1.000 1.299e-03 12.833 18.067 16.943 15.114 12.963 12.234 12.088
0.00123 -1.10000 10.01703 0.0934696794 1.1141184342    0.093 -3.137  3.4632  5.350    1  0.000  0.545     0.00     0.00     0.00     0.00     0.00 -1 -6.35e-17      0.00 7.458e-01 2.530e-01 2.335e-04 6.300e-05 5.714e-04 -1.000 1.299e-03 12.611 17.817 16.419 14.595 12.678 12.019 11.880
0.00123 -1.10000 10.01703 0.1000000089 1.1711064744    0.100 -2.978  3.4857  5.311    1  0.000  0.545     0.00     0.00     0.00     0.00     0.00 -1 -9.25e-17      0.00 7.450e-01 2.537e-01 2.335e-04 6.300e-05 5.714e-04 -1.000 1.299e-03 12.215 17.319 15.511 13.729 12.187 11.638 11.508
0.00123 -1.10000 10.01703 0.1200000048 1.3193154741    0.120 -2.696  3.5187  5.239    1  0.000  0.545     0.00     0.00     0.00     0.00     0.00 -1 -1.76e-16      0.00 7.431e-01 2.556e-01 2.335e-04 6.300e-05 5.714e-04 -1.000 1.299e-03 11.509 16.271 14.136 12.464 11.383 10.962 10.844
0.00123 -1.10000 10.01703 0.1400000006 1.4384526719    0.140 -2.513  3.5357  5.191    1  0.000  0.545     0.00     0.00     0.00     0.00     0.00 -1 -2.62e-16      0.00 7.417e-01 2.570e-01 2.335e-04 6.300e-05 5.714e-04 -1.000 1.299e-03 11.052 15.556 13.389 11.793 10.891 10.519 10.407
0.00123 -1.10000 10.01703 0.1599999964 1.5372931554    0.160 -2.373  3.5465  5.153    1  0.000  0.545     0.00     0.00     0.00     0.00     0.00 -1 -3.53e-16      0.00 7.406e-01 2.581e-01 2.335e-04 6.300e-05 5.714e-04 -1.000 1.299e-03 10.702 15.026 12.872 11.326 10.523 10.178 10.071
0.00123 -1.10000 10.01703 0.2000000179 1.6938791367    0.200 -2.154  3.5609  5.088    1  0.000  0.545     0.00     0.00     0.00     0.00     0.00 -1 -5.64e-16      0.00 7.392e-01 2.595e-01 2.335e-04 6.300e-05 5.714e-04 -1.000 1.299e-03 10.154 14.223 12.115 10.640 9.955 9.643 9.542
0.00123 -1.10000 10.01703 0.2500000000 1.8403257998    0.250 -1.948  3.5723  5.026    1  0.000  0.545     0.00     0.00     0.00     0.00     0.00 -1 -4.83e-16      0.00 7.388e-01 2.599e-01 2.335e-04 6.300e-05 5.714e-04 -1.000 1.299e-03 9.641 13.504 11.452 10.036 9.431 9.142 9.046
0.00123 -1.10000 10.01703 0.3000000417 1.9529140366    0.300 -1.790  3.5809  4.980    1  0.000  0.545     0.00     0.00     0.00     0.00     0.00 -1 -6.67e-16      0.00 7.389e-01 2.598e-01 2.335e-04 6.301e-05 5.714e-04 -1.000 1.299e-03 9.244 12.960 10.951 9.583 9.026 8.753 8.661
0.00123 -1.10000 10.01703 0.3499999940 2.0434174644    0.350 -1.660  3.5881  4.946    1  0.000  0.545     0.00     0.00     0.00     0.00     0.00 -1 -1.56e-15      0.00 7.474e-01 2.513e-01 2.335e-04 6.300e-05 5.714e-04 -1.000 1.299e-03 8.919 12.509 10.543 9.217 8.695 8.435 8.346
0.00123 -1.10000 10.01703 0.4000000358 2.1185024810    0.400 -1.509  3.5992  4.898    1  0.000  0.545     0.00     0.00     0.00     0.00     0.00 -1 -2.19e-15      0.00 7.480e-01 2.507e-01 2.335e-04 6.300e-05 5.714e-04 -1.000 1.299e-03 8.543 11.951 10.044 8.785 8.310 8.068 7.985
0.00123 -1.10000 10.01703 0.4461064637 2.1776519964    0.446 -1.346  3.6149  4.845    1  0.000  0.545     0.00     0.00     0.00     0.00     0.00 -1 -3.21e-15      0.00 7.480e-01 2.507e-01 2.335e-04 6.300e-05 5.714e-04 -1.000 1.299e-03 8.135 11.307 9.474 8.315 7.893 7.676 7.600
0.00123 -1.10000 10.01703 0.4500000179 2.1822809362    0.450 -1.333  3.6161  4.841    1  0.000  0.545     0.00     0.00     0.00     0.00     0.00 -1  -3.3e-15      0.00 7.480e-01 2.507e-01 2.335e-04 6.300e-05 5.714e-04 -1.000 1.299e-03 8.103 11.256 9.429 8.278 7.860 7.644 7.569
0.00123 -1.10000 10.01703 0.4786772728 2.2148434921    0.479 -1.216  3.6321  4.814    1  0.000  0.545     0.00     0.00     0.00     0.00     0.00 -1 -4.33e-15      0.00 7.480e-01 2.507e-01 2.335e-04 6.300e-05 5.714e-04 -1.000 1.299e-03 7.809 10.736 8.977 7.928 7.560 7.370 7.302
0.00123 -1.10000 10.01703 0.5000000000 2.2374541529    0.500 -1.133  3.6433  4.795    1  0.000  0.545     0.00     0.00     0.00     0.00     0.00 -1 -5.25e-15      0.00 7.480e-01 2.507e-01 2.335e-04 6.300e-05 5.714e-04 -1.000 1.299e-03 7.602 10.368 8.659 7.684 7.349 7.177 7.114
0.00123 -1.10000 10.01703 0.5407412648 2.2758414364    0.540 -0.953  3.6693  4.753    1  0.000  0.545     0.00     0.00     0.00     0.00     0.00 -1 -7.99e-15      0.00 7.725e-01 2.263e-01 2.124e-04 5.734e-05 5.202e-04 -1.000 1.192e-03 7.154 9.506 7.968 7.160 6.896 6.763 6.714
0.00123 -1.10000 10.01703 0.5500000715 2.2836583126    0.550 -0.915  3.6749  4.744    1  0.000  0.544     0.00     0.00     0.00     0.00     0.00 -1 -8.75e-15      0.00 7.779e-01 2.209e-01 2.078e-04 5.610e-05 5.090e-04 -1.000 1.169e-03 7.056 9.312 7.824 7.050 6.798 6.673 6.627
0.00123 -1.10000 10.01703 0.6000000238 2.3211213258    0.600 -0.714  3.7035  4.696    1  0.000  0.544     0.00     0.00     0.00     0.00     0.00 -1 -1.41e-14      0.00 7.854e-01 2.135e-01 2.020e-04 5.454e-05 4.950e-04 -1.000 1.109e-03 6.555 8.335 7.121 6.495 6.298 6.211 6.180
0.00123 -1.10000 10.01703 0.6041017175 2.3238796351    0.604 -0.697  3.7061  4.692    1  0.000  0.544     0.00     0.00     0.00     0.00     0.00 -1 -1.46e-14      0.00 7.861e-01 2.128e-01 2.014e-04 5.440e-05 4.937e-04 -1.000 1.112e-03 6.512 8.255 7.064 6.450 6.257 6.173 6.144
0.00123 -1.10000 10.01703 0.6220638156 2.3354676952    0.622 -0.623  3.7175  4.677    1  0.000  0.544     0.00     0.00     0.00     0.00     0.00 -1 -1.74e-14      0.00 7.890e-01 2.099e-01 1.990e-04 5.375e-05 4.879e-04 -1.000 1.118e-03 6.328 7.911 6.821 6.255 6.081 6.010 5.987
0.00123 -1.10000 10.01703 0.6390320063 2.3457292487    0.639 -0.554  3.7280  4.661    1  0.000  0.543     0.00     0.00     0.00     0.00     0.00 -1 -2.05e-14      0.00 7.919e-01 2.070e-01 1.966e-04 5.311e-05 4.822e-04 -1.000 1.112e-03 6.155 7.603 6.599 6.075 5.917 5.858 5.841
0.00123 -1.10000 10.01703 0.6499999762 2.3520353107    0.650 -0.509  3.7347  4.651    1  0.000  0.543     0.00     0.00     0.00     0.00     0.00 -1 -2.28e-14      0.00 7.939e-01 2.050e-01 1.950e-04 5.269e-05 4.784e-04 -1.000 1.138e-03 6.043 7.413 6.461 5.961 5.813 5.761 5.747
0.00123 -1.10000 10.01703 0.6661809087 2.3609040005    0.666 -0.443  3.7436  4.631    1  0.000  0.543     0.00     0.00     0.00     0.00     0.00 -1 -2.68e-14      0.00 7.974e-01 2.015e-01 1.922e-04 5.195e-05 4.718e-04 -1.000 1.075e-03 5.877 7.150 6.262 5.795 5.660 5.617 5.608
0.00123 -1.10000 10.01703 0.6814063191 2.3688081840    0.681 -0.380  3.7518  4.610    1  0.000  0.543     0.00     0.00     0.00     0.00     0.00 -1 -3.14e-14      0.00 8.010e-01 1.980e-01 1.895e-04 5.122e-05 4.653e-04 -1.000 1.058e-03 5.720 6.909 6.077 5.640 5.518 5.484 5.478
0.00123 -1.10000 10.01703 0.6954147816 2.3757301231    0.695 -0.322  3.7590  4.590    1  0.000  0.543     0.00     0.00     0.00     0.00     0.00 -1 -3.64e-14      0.00 8.044e-01 1.945e-01 1.868e-04 5.052e-05 4.589e-04 -1.000 1.040e-03 5.574 6.692 5.907 5.498 5.387 5.361 5.358
0.00123 -1.10000 10.01703 0.6999999881 2.3779266974    0.700 -0.302  3.7613  4.583    1  0.000  0.543     0.00     0.00     0.00     0.00     0.00 -1 -3.82e-14      0.00 8.056e-01 1.934e-01 1.859e-04 5.027e-05 4.568e-04 -1.000 1.040e-03 5.526 6.622 5.852 5.451 5.344 5.320 5.318
0.00123 -1.10000 10.01703 0.7059968114 2.3807500557    0.706 -0.277  3.7643  4.572    1  0.000  0.542     0.00     0.00     0.00     0.00     0.00 -1 -4.08e-14      0.00 8.075e-01 1.915e-01 1.842e-04 4.988e-05 4.534e-04 -1.000 1.039e-03 5.462 6.533 5.779 5.390 5.287 5.266 5.266
0.00123 -1.10000 10.01703 0.7162520289 2.3854525503    0.716 -0.232  3.7692  4.554    1  0.000  0.540     0.00     0.00     0.00     0.00     0.00 -1 -4.59e-14      0.00 8.108e-01 1.882e-01 1.811e-04 4.919e-05 4.473e-04 -1.000 1.013e-03 5.351 6.380 5.655 5.283 5.187 5.172 5.173
0.00123 -1.10000 10.01703 0.7259404063 2.3897550530    0.726 -0.190  3.7736  4.535    1  0.000  0.538     0.00     0.00     0.00     0.00     0.00 -1 -5.14e-14      0.00 8.141e-01 1.849e-01 1.781e-04 4.851e-05 4.413e-04 -1.000 1.006e-03 5.244 6.236 5.536 5.180 5.092 5.081 5.084
0.00123 -1.10000 10.01703 0.7351612449 2.3937290361    0.735 -0.148  3.7778  4.515    1  0.000  0.537     0.00     0.00     0.00     0.00     0.00 -1 -5.74e-14      0.00 8.174e-01 1.816e-01 1.752e-04 4.782e-05 4.353e-04 -1.000 9.598e-04 5.140 6.100 5.421 5.081 4.999 4.992 4.996
0.00123 -1.10000 10.01703 0.7441114783 2.3974782673    0.744 -0.107  3.7816  4.495    1  0.000  0.535     0.00     0.00     0.00     0.00     0.00 -1 -6.43e-14      0.00 8.208e-01 1.783e-01 1.722e-04 4.712e-05 4.291e-04 -1.000 9.390e-04 5.037 5.968 5.308 4.982 4.906 4.902 4.909
0.00123 -1.10000 10.01703 0.7500000000 2.3998889087    0.750 -0.079  3.7841  4.480    1  0.000  0.534     0.00     0.00     0.00     0.00     0.00 -1 -6.94e-14      0.00 8.231e-01 1.759e-01 1.702e-04 4.664e-05 4.249e-04 -1.000 9.551e-04 4.967 5.883 5.232 4.915 4.842 4.841 4.848
0.00123 -1.10000 10.01703 0.7547059655 2.4017843662    0.754 -0.056  3.7857  4.467    1  0.000  0.534     0.00     0.00     0.00     0.00     0.00 -1  -7.4e-14      0.00 8.255e-01 1.736e-01 1.684e-04 4.617e-05 4.207e-04 -1.000 9.658e-04 4.911 5.816 5.172 4.861 4.791 4.791 4.799
0.00123 -1.10000 10.01703 0.7645177841 2.4056501818    0.764 -0.008  3.7892  4.438    1  0.000  0.533     0.00     0.00     0.00     0.00     0.00 -1  -8.5e-14      0.00 8.303e-01 1.688e-01 1.649e-04 4.522e-05 4.122e-04 -1.000 9.371e-04 4.790 5.673 5.042 4.743 4.678 4.682 4.691
0.00123 -1.10000 10.01703 0.7733774781 2.4090441215    0.773  0.038  3.7922  4.409    1  0.000  0.532     0.00     0.00     0.00     0.00     0.00 -1  -9.7e-14      0.00 8.345e-01 1.645e-01 1.617e-04 4.437e-05 4.047e-04 -1.000 9.286e-04 4.675 5.541 4.920 4.632 4.572 4.579 4.589
0.00123 -1.10000 10.01703 0.7816892862 2.4121478743    0.781  0.083  3.7949  4.379    1  0.000  0.532     0.00     0.00     0.00     0.00     0.00 -1 -1.11e-13      0.00 8.384e-01 1.607e-01 1.588e-04 4.361e-05 3.978e-04 -1.000 9.203e-04 4.563 5.412 4.800 4.523 4.467 4.477 4.487
0.00123 -1.10000 10.01703 0.7898041010 2.4151057034    0.789  0.129  3.7974  4.348    1  0.000  0.532     0.00     0.00     0.00     0.00     0.00 -1 -1.27e-13      0.00 8.419e-01 1.572e-01 1.562e-04 4.290e-05 3.915e-04 -1.000 9.147e-04 4.447 5.281 4.677 4.410 4.358 4.370 4.381
0.00123 -1.10000 10.01703 0.8000000715 2.4187244613    0.799  0.191  3.8003  4.303    1  0.000  0.531     0.00     0.00     0.00     0.00     0.00 -1 -1.53e-13      0.00 8.461e-01 1.530e-01 1.530e-04 4.206e-05 3.841e-04 -1.000 8.871e-04 4.293 5.111 4.515 4.259 4.212 4.226 4.238
0.00123 -1.10000 10.01703 0.8047406077 2.4203711056    0.804  0.220  3.8015  4.281    1  0.000  0.531     0.00     0.00     0.00     0.00     0.00 -1 -1.67e-13      0.00 8.469e-01 1.522e-01 1.525e-04 4.192e-05 3.829e-04 -1.000 8.830e-04 4.220 5.031 4.438 4.186 4.142 4.157 4.170
0.00123 -1.10000 10.01703 0.8138446808 2.4234716644    0.813  0.280  3.8034  4.234    1  0.000  0.530     0.00     0.00     0.00     0.00     0.00 -1 -2.01e-13      0.00 8.477e-01 1.514e-01 1.523e-04 4.188e-05 3.826e-04 -1.000 9.001e-04 4.070 4.871 4.282 4.038 3.996 4.014 4.027
0.00123 -1.10000 10.01703 0.8209779263 2.4258458457    0.820  0.331  3.8043  4.190    1  0.000  0.530     0.00     0.00     0.00     0.00     0.00 -1 -2.38e-13      0.00 8.468e-01 1.522e-01 1.532e-04 4.213e-05 3.849e-04 -1.000 9.091e-04 3.943 4.738 4.152 3.911 3.872 3.890 3.903
0.00123 -1.10000 10.01703 0.8211963177 2.4259177857    0.820  0.332  3.8044  4.189    1  0.000  0.530     0.00     0.00     0.00     0.00     0.00 -1  -2.4e-13      0.00 8.468e-01 1.523e-01 1.532e-04 4.214e-05 3.850e-04 -1.000 9.091e-04 3.939 4.734 4.147 3.907 3.868 3.886 3.899
0.00123 -1.10000 10.01703 0.8243124485 2.4269394916    0.823  0.357  3.8042  4.165    1  0.000  0.530     0.00     0.00     0.00     0.00     0.00 -1 -2.59e-13      0.00 8.464e-01 1.527e-01 1.537e-04 4.228e-05 3.863e-04 -1.000 9.091e-04 3.878 4.673 4.085 3.846 3.806 3.824 3.837
0.00123 -1.10000 10.01703 0.8306534886 2.4289913739    0.829  0.410  3.8030  4.111    1  0.000  0.530     0.00     0.00     0.00     0.00     0.00 -1 -3.09e-13      0.00 8.454e-01 1.537e-01 1.547e-04 4.256e-05 3.889e-04 -1.000 8.991e-04 3.745 4.544 3.954 3.711 3.670 3.687 3.700
0.00123 -1.10000 10.01703 0.8360100389 2.4306968252    0.834  0.460  3.8003  4.052    1  0.000  0.530     0.00     0.00     0.00     0.00     0.00 -1 -3.71e-13      0.00 8.445e-01 1.546e-01 1.557e-04 4.284e-05 3.915e-04 -1.000 9.076e-04 3.620 4.429 3.833 3.583 3.538 3.552 3.564
0.00123 -1.10000 10.01703 0.8370428681 2.4310227783    0.836  0.470  3.7996  4.040    1  0.000  0.530     0.00     0.00     0.00     0.00     0.00 -1 -3.85e-13      0.00 8.443e-01 1.548e-01 1.559e-04 4.289e-05 3.920e-04 -1.000 9.091e-04 3.595 4.407 3.809 3.557 3.511 3.525 3.536
0.00123 -1.10000 10.01703 0.8403654695 2.4320651195    0.839  0.508  3.7950  3.986    2  0.000  0.530     0.00     0.00     0.00     0.00     0.00 -1 -4.46e-13      0.00 8.431e-01 1.560e-01 1.575e-04 4.332e-05 3.959e-04 -1.000 9.162e-04 3.500 4.336 3.725 3.458 3.406 3.415 3.425
0.00123 -1.10000 10.01703 0.8438909650 2.4331607961    0.842  0.552  3.7872  3.913    2  0.000  0.530     0.00     0.00     0.00     0.00     0.00 -1 -5.35e-13      0.00 8.388e-01 1.602e-01 1.628e-04 4.478e-05 4.091e-04 -1.000 9.366e-04 3.391 4.267 3.634 3.342 3.278 3.279 3.286
0.00123 -1.10000 10.01703 0.8463032246 2.4339044480    0.844  0.584  3.7783  3.846    2  0.000  0.531     0.00     0.00     0.00     0.00     0.00 -1 -6.22e-13      0.00 8.273e-01 1.717e-01 1.738e-04 4.775e-05 4.360e-04 -1.000 9.781e-04 3.310 4.240 3.577 3.254 3.177 3.170 3.173
0.00123 -1.10000 10.01703 0.8480720520 2.4344466519    0.846  0.607  3.7685  3.784    2  0.000  0.533     0.00     0.00     0.00     0.00     0.00 -1 -7.04e-13      0.00 8.016e-01 1.973e-01 1.922e-04 5.270e-05 4.803e-04 -1.000 1.077e-03 3.252 4.250 3.546 3.190 3.097 3.080 3.080
0.00123 -1.10000 10.01703 0.8495184779 2.4348880999    0.848  0.629  3.7583  3.722    2  0.000  0.535     0.00     0.00     0.00     0.00     0.00 -1 -7.95e-13      0.00 7.820e-01 2.169e-01 2.057e-04 5.630e-05 5.124e-04 -1.000 1.162e-03 3.197 4.273 3.523 3.131 3.022 2.995 2.991
0.00123 -1.10000 10.01703 0.8500000238 2.4350346840    0.848  0.638  3.7545  3.699    2  0.000  0.536     0.00     0.00     0.00     0.00     0.00 -1 -8.33e-13      0.00 7.771e-01 2.217e-01 2.090e-04 5.718e-05 5.202e-04 -1.000 1.179e-03 3.175 4.282 3.513 3.108 2.994 2.962 2.957
0.00123 -1.10000 10.01703 0.8501828909 2.4350902993    0.848  0.641  3.7531  3.690    2  0.000  0.536     0.00     0.00     0.00     0.00     0.00 -1 -8.48e-13      0.00 7.753e-01 2.235e-01 2.103e-04 5.752e-05 5.232e-04 -1.000 1.186e-03 3.166 4.285 3.509 3.099 2.983 2.950 2.944
0.00123 -1.10000 10.01703 0.8511831164 2.4353940113    0.849  0.671  3.7455  3.630    2  0.000  0.536     0.00     0.00     0.00     0.00     0.00 -1  -9.7e-13      0.00 7.686e-01 2.302e-01 2.149e-04 5.875e-05 5.341e-04 -1.000 1.209e-03 3.093 4.275 3.462 3.026 2.898 2.857 2.847
0.00123 -1.10000 10.01703 0.8521030545 2.4356726209    0.850  0.712  3.7397  3.566    2  0.000  0.537     0.00     0.00     0.00     0.00     0.00 -1 -1.15e-12      0.00 7.643e-01 2.344e-01 2.177e-04 5.951e-05 5.409e-04 -1.000 1.268e-03 2.990 4.220 3.380 2.924 2.787 2.740 2.727
0.00123 -1.10000 10.01703 0.8526142836 2.4358271512    0.851  0.740  3.7370  3.528    2  0.000  0.537     0.00     0.00     0.00     0.00     0.00 -1 -1.28e-12      0.00 7.623e-01 2.364e-01 2.190e-04 5.985e-05 5.440e-04 -1.000 1.265e-03 2.921 4.177 3.321 2.857 2.715 2.665 2.652
0.00123 -1.10000 10.01703 0.8528422117 2.4358959789    0.851  0.754  3.7360  3.510    2  0.000  0.537     0.00     0.00     0.00     0.00     0.00 -1 -1.35e-12      0.00 7.615e-01 2.373e-01 2.194e-04 5.997e-05 5.450e-04 -1.000 1.266e-03 2.884 4.148 3.288 2.821 2.678 2.626 2.612
0.00123 -1.10000 10.01703 0.8534455895 2.4360779774    0.851  0.795  3.7336  3.460    3  0.000  0.537     0.00     0.00     0.00     0.00     0.00 -1 -1.57e-12      0.00 7.593e-01 2.394e-01 2.205e-04 6.026e-05 5.476e-04 -1.000 1.250e-03 2.783 4.070 3.196 2.721 2.574 2.520 2.505
0.00123 -1.10000 10.01703 0.8540294170 2.4362537974    0.852  0.838  3.7314  3.408    3  0.000  0.537     0.00     0.00     0.00     0.00     0.00 -1 -1.83e-12      0.00 7.573e-01 2.415e-01 2.214e-04 6.050e-05 5.498e-04 -1.000 1.220e-03 2.676 3.982 3.097 2.615 2.465 2.408 2.392
0.00123 -1.10000 10.01703 0.8545931578 2.4364233062    0.852  0.883  3.7296  3.356    3  0.000  0.537     0.00     0.00     0.00     0.00     0.00 -1 -2.16e-12      0.00 7.553e-01 2.434e-01 2.220e-04 6.071e-05 5.515e-04 -1.000 1.271e-03 2.563 3.886 2.992 2.504 2.351 2.292 2.275
0.00123 -1.10000 10.01703 0.8551774025 2.4365987090    0.853  0.933  3.7278  3.299    3  0.000  0.536     0.00     0.00     0.00     0.00     0.00 -1 -2.59e-12      0.00 7.532e-01 2.456e-01 2.224e-04 6.094e-05 5.531e-04 -1.000 1.222e-03 2.437 3.777 2.873 2.379 2.224 2.163 2.144
0.00123 -1.10000 10.01703 0.8556656241 2.4367450724    0.853  0.979  3.7262  3.247    3  0.000  0.535     0.00     0.00     0.00     0.00     0.00 -1 -3.05e-12      0.00 7.512e-01 2.475e-01 2.223e-04 6.126e-05 5.542e-04 -1.000 1.223e-03 2.323 3.678 2.765 2.267 2.109 2.046 2.027
0.00123 -1.10000 10.01703 0.8561604023 2.4368932055    0.854  1.029  3.7247  3.191    3  0.000  0.532     0.00     0.00     0.00     0.00     0.00 -1 -3.65e-12      0.00 7.493e-01 2.495e-01 2.215e-04 6.195e-05 5.552e-04 -1.000 1.247e-03 2.198 3.567 2.646 2.143 1.983 1.918 1.898
0.00123 -1.10000 10.01703 0.8566071987 2.4370268041    0.854  1.078  3.7231  3.136    3  0.000  0.528     0.00     0.00     0.00     0.00     0.00 -1 -4.35e-12      0.00 7.475e-01 2.513e-01 2.199e-04 6.333e-05 5.560e-04 -1.000 1.249e-03 2.075 3.459 2.530 2.022 1.860 1.793 1.772
0.00123 -1.10000 10.01703 0.8570386171 2.4371556525    0.855  1.129  3.7214  3.078    3  0.000  0.522     0.00     0.00     0.00     0.00     0.00 -1 -5.23e-12      0.00 7.458e-01 2.529e-01 2.177e-04 6.546e-05 5.566e-04 -1.000 1.274e-03 1.947 3.345 2.408 1.895 1.730 1.661 1.639
0.00123 -1.10000 10.01703 0.8574051857 2.4372650155    0.855  1.177  3.7199  3.024    3  0.000  0.517     0.00     0.00     0.00     0.00     0.00 -1 -6.21e-12      0.00 7.445e-01 2.542e-01 2.156e-04 6.785e-05 5.571e-04 -1.000 1.239e-03 1.827 3.240 2.295 1.777 1.610 1.539 1.516
0.00123 -1.10000 10.01703 0.8577418923 2.4373653747    0.855  1.225  3.7182  2.970    3  0.000  0.511     0.00     0.00     0.00     0.00     0.00 -1 -7.39e-12      0.00 7.434e-01 2.554e-01 2.134e-04 7.049e-05 5.575e-04 -1.000 1.261e-03 1.707 3.138 2.183 1.659 1.489 1.416 1.393
0.00123 -1.10000 10.01703 0.8580501080 2.4374571625    0.855  1.273  3.7165  2.915    3  0.000  0.506     0.00     0.00     0.00     0.00     0.00 -1 -8.78e-12      0.00 7.424e-01 2.563e-01 2.113e-04 7.294e-05 5.578e-04 -1.000 1.291e-03 1.588 3.037 2.071 1.541 1.369 1.294 1.269
0.00123 -1.10000 10.01703 0.8583397865 2.4375433607    0.855  1.322  3.7147  2.859    3  0.000  0.502     0.00     0.00     0.00     0.00     0.00 -1 -1.05e-11      0.00 7.417e-01 2.571e-01 2.099e-04 7.483e-05 5.581e-04 -1.000 1.252e-03 1.465 2.935 1.957 1.421 1.245 1.168 1.142
0.00123 -1.10000 10.01703 0.8585839868 2.4376159742    0.856  1.367  3.7130  2.807    3  0.000  0.499     0.00     0.00     0.00     0.00     0.00 -1 -1.23e-11      0.00 7.412e-01 2.575e-01 2.089e-04 7.607e-05 5.582e-04 -1.000 1.229e-03 1.353 2.842 1.853 1.310 1.132 1.052 1.026
0.00123 -1.10000 10.01703 0.8588191271 2.4376858489    0.856  1.414  3.7112  2.753    3  0.000  0.497     0.00     0.00     0.00     0.00     0.00 -1 -1.46e-11      0.00 7.408e-01 2.579e-01 2.080e-04 7.720e-05 5.583e-04 -1.000 1.285e-03 1.235 2.745 1.744 1.195 1.013 0.931 0.903
0.00123 -1.10000 10.01703 0.8590375185 2.4377507070    0.856  1.462  3.7092  2.698    3  0.000  0.496     0.00     0.00     0.00     0.00     0.00 -1 -1.74e-11      0.00 7.406e-01 2.581e-01 2.076e-04 7.772e-05 5.584e-04 -1.000 1.267e-03 1.116 2.647 1.634 1.078 0.893 0.808 0.779
0.00123 -1.10000 10.01703 0.8592335582 2.4378088948    0.856  1.509  3.7072  2.643    3  0.000  0.496     0.00     0.00     0.00     0.00     0.00 -1 -2.07e-11      0.00 7.405e-01 2.582e-01 2.074e-04 7.794e-05 5.584e-04 -1.000 1.293e-03 0.998 2.554 1.528 0.964 0.775 0.688 0.658
0.00123 -1.10000 10.01703 0.8594136834 2.4378623320    0.856  1.556  3.7052  2.588    3  0.000  0.495     0.00     0.00     0.00     0.00     0.00 -1 -2.46e-11      0.00 7.405e-01 2.582e-01 2.074e-04 7.800e-05 5.584e-04 -1.000 1.293e-03 0.881 2.461 1.421 0.850 0.657 0.568 0.537
0.00123 -1.10000 10.01703 0.8595687151 2.4379083042    0.856  1.599  3.7033  2.536    3  0.000  0.495     0.00     0.00     0.00     0.00     0.00 -1 -2.88e-11      0.00 7.405e-01 2.582e-01 2.074e-04 7.803e-05 5.584e-04 -1.000 1.293e-03 0.772 2.374 1.322 0.743 0.547 0.455 0.423
0.00123 -1.10000 10.01703 0.8597199321 2.4379531268    0.856  1.646  3.7011  2.481    3  0.000  0.495     0.00     0.00     0.00     0.00     0.00 -1 -3.42e-11      0.00 7.404e-01 2.583e-01 2.073e-04 7.807e-05 5.584e-04 -1.000 1.293e-03 0.656 2.285 1.217 0.630 0.430 0.336 0.302
0.00123 -1.10000 10.01703 0.8598539233 2.4379928283    0.856  1.691  3.6990  2.428    3  0.000  0.495     0.00     0.00     0.00     0.00     0.00 -1 -4.03e-11      0.00 7.404e-01 2.583e-01 2.073e-04 7.810e-05 5.584e-04 -1.000 1.293e-03 0.544 2.203 1.117 0.520 0.317 0.220 0.185
0.00123 -1.10000 10.01703 0.8599801660 2.4380302209    0.855  1.736  3.6968  2.373    3  0.000  0.495     0.00     0.00     0.00     0.00     0.00 -1 -4.77e-11      0.00 7.404e-01 2.583e-01 2.073e-04 7.812e-05 5.584e-04 -1.000 1.293e-03 0.429 2.121 1.015 0.409 0.202 0.102 0.066
0.00123 -1.10000 10.01703 0.8600962758 2.4380646011    0.855  1.782  3.6946  2.319    3  0.000  0.495     0.00     0.00     0.00     0.00     0.00 -1 -5.64e-11      0.00 7.404e-01 2.583e-01 2.073e-04 7.815e-05 5.584e-04 -1.000 1.293e-03 0.316 2.041 0.915 0.299 0.088 -0.015 -0.052
0.00123 -1.10000 10.01703 0.8602007031 2.4380955129    0.855  1.825  3.6923  2.266    3  0.000  0.495     0.00     0.00     0.00     0.00     0.00 -1 -6.62e-11      0.00 7.404e-01 2.583e-01 2.073e-04 7.817e-05 5.584e-04 -1.000 1.292e-03 0.207 1.965 0.819 0.193 -0.022 -0.128 -0.166
0.00123 -1.10000 10.01703 0.8603032231 2.4381258518    0.855  1.870  3.6900  2.212    3  0.000  0.495     0.00     0.00     0.00     0.00     0.00 -1 -7.82e-11      0.00 7.404e-01 2.583e-01 2.072e-04 7.819e-05 5.584e-04 -1.000 1.292e-03 0.094 1.888 0.721 0.084 -0.135 -0.244 -0.284
0.00123 -1.10000 10.01703 0.8604002595 2.4381545602    0.855  1.911  3.6878  2.162    3  0.000  0.495     0.00     0.00     0.00     0.00     0.00 -1 -9.11e-11      0.00 7.404e-01 2.583e-01 2.072e-04 7.821e-05 5.584e-04 -1.000 1.292e-03 -0.008 1.820 0.632 -0.014 -0.237 -0.349 -0.390
0.00123 -1.10000 10.01703 0.8605239987 2.4381911579    0.854  1.948  3.6860  2.118    3  0.000  0.495     0.00     0.00     0.00     0.00     0.00 -1 -1.05e-10      0.00 7.404e-01 2.583e-01 2.072e-04 7.824e-05 5.584e-04 -1.000 1.292e-03 -0.099 1.758 0.553 -0.102 -0.328 -0.442 -0.485
0.00123 -1.10000 10.01703 0.8605908751 2.4382109326    0.854  1.927  3.6875  2.144    3  0.000  0.495     0.00     0.00     0.00     0.00     0.00 -1 -9.77e-11      0.00 7.404e-01 2.583e-01 2.072e-04 7.826e-05 5.585e-04 -1.000 1.292e-03 -0.048 1.786 0.594 -0.054 -0.277 -0.390 -0.431
0.00123 -1.10000 10.01703 0.8606230021 2.4382204309    0.854  1.916  3.6883  2.159    3  0.000  0.495     0.00     0.00     0.00     0.00     0.00 -1 -9.37e-11      0.00 7.404e-01 2.583e-01 2.072e-04 7.826e-05 5.585e-04 -1.000 1.292e-03 -0.020 1.802 0.617 -0.027 -0.249 -0.361 -0.401
0.00123 -1.10000 10.01703 0.8606842160 2.4382385266    0.854  1.953  3.6863  2.114    3  0.000  0.495     0.00     0.00     0.00     0.00     0.00 -1 -1.06e-10      0.00 7.404e-01 2.583e-01 2.072e-04 7.828e-05 5.585e-04 -1.000 1.292e-03 -0.111 1.742 0.539 -0.114 -0.340 -0.454 -0.496
0.00123 -1.10000 10.01703 0.8607518673 2.4382585218    0.854  1.994  3.6840  2.064    3  0.000  0.495     0.00     0.00     0.00     0.00     0.00 -1 -1.23e-10      0.00 7.404e-01 2.583e-01 2.072e-04 7.829e-05 5.585e-04 -1.000 1.292e-03 -0.214 1.677 0.452 -0.212 -0.442 -0.560 -0.603
0.00123 -1.10000 10.01703 0.8608171940 2.4382778265    0.853  2.035  3.6816  2.012    3  0.000  0.495     0.00     0.00     0.00     0.00     0.00 -1 -1.44e-10      0.00 7.404e-01 2.583e-01 2.072e-04 7.830e-05 5.585e-04 -1.000 1.292e-03 -0.319 1.610 0.363 -0.312 -0.546 -0.667 -0.712
0.00123 -1.10000 10.01703 0.8608768582 2.4382954549    0.853  2.076  3.6793  1.962    3  0.000  0.495     0.00     0.00     0.00     0.00     0.00 -1 -1.68e-10      0.00 7.404e-01 2.583e-01 2.072e-04 7.832e-05 5.585e-04 -1.000 1.292e-03 -0.421 1.558 0.278 -0.412 -0.649 -0.773 -0.819
0.00123 -1.10000 10.01703 0.8609333038 2.4383121298    0.853  2.118  3.6768  1.910    3  0.000  0.495     0.00     0.00     0.00     0.00     0.00 -1 -1.96e-10      0.00 7.404e-01 2.583e-01 2.071e-04 7.833e-05 5.585e-04 -1.000 1.292e-03 -0.524 1.513 0.194 -0.513 -0.755 -0.881 -0.929
0.00123 -1.10000 10.01703 0.8609842658 2.4383271826    0.852  2.158  3.6744  1.860    3  0.000  0.495     0.00     0.00     0.00     0.00     0.00 -1 -2.28e-10      0.00 7.404e-01 2.583e-01 2.071e-04 7.834e-05 5.585e-04 -1.000 1.292e-03 -0.625 1.471 0.113 -0.611 -0.857 -0.986 -1.036
0.00123 -1.10000 10.01703 0.8610316515 2.4383411772    0.852  2.198  3.6719  1.809    3  0.000  0.495     0.00     0.00     0.00     0.00     0.00 -1 -2.65e-10      0.00 7.404e-01 2.583e-01 2.071e-04 7.835e-05 5.585e-04 -1.000 1.292e-03 -0.726 1.432 0.033 -0.710 -0.959 -1.091 -1.142
0.00123 -1.10000 10.01703 0.8610750437 2.4383539908    0.851  2.238  3.6694  1.759    3  0.000  0.495     0.00     0.00     0.00     0.00     0.00 -1 -3.08e-10      0.00 7.404e-01 2.583e-01 2.071e-04 7.836e-05 5.585e-04 -1.000 1.292e-03 -0.826 1.396 -0.045 -0.807 -1.060 -1.194 -1.248
0.00123 -1.10000 10.01703 0.8611152768 2.4383658703    0.851  2.278  3.6668  1.709    3  0.000  0.495     0.00     0.00     0.00     0.00     0.00 -1 -3.58e-10      0.00 7.404e-01 2.583e-01 2.071e-04 7.837e-05 5.585e-04 -1.000 1.292e-03 -0.925 1.365 -0.120 -0.902 -1.159 -1.297 -1.352
0.00123 -1.10000 10.01703 0.8611517549 2.4383766399    0.850  2.317  3.6643  1.660    3  0.000  0.495     0.00     0.00     0.00     0.00     0.00 -1 -4.14e-10      0.00 7.404e-01 2.584e-01 2.071e-04 7.838e-05 5.585e-04 -1.000 1.292e-03 -1.022 1.338 -0.193 -0.994 -1.255 -1.396 -1.454
0.00123 -1.10000 10.01703 0.8611863256 2.4383868454    0.850  2.356  3.6617  1.610    3  0.000  0.495     0.00     0.00     0.00     0.00     0.00 -1 -4.79e-10      0.00 7.404e-01 2.584e-01 2.071e-04 7.839e-05 5.585e-04 -1.000 1.292e-03 -1.119 1.313 -0.265 -1.087 -1.352 -1.497 -1.556
0.00123 -1.10000 10.01703 0.8612177372 2.4383961175    0.849  2.394  3.6591  1.561    3  0.000  0.495     0.00     0.00     0.00     0.00     0.00 -1 -5.54e-10      0.00 7.404e-01 2.584e-01 2.071e-04 7.839e-05 5.585e-04 -1.000 1.292e-03 -1.215 1.293 -0.334 -1.177 -1.447 -1.595 -1.656
0.00123 -1.10000 10.01703 0.8612468839 2.4384047203    0.848  2.432  3.6566  1.513    3  0.000  0.495     0.00     0.00     0.00     0.00     0.00 -1  -6.4e-10      0.00 7.403e-01 2.584e-01 2.071e-04 7.840e-05 5.585e-04 -1.000 1.292e-03 -1.311 1.275 -0.401 -1.266 -1.540 -1.691 -1.755
0.00123 -1.10000 10.01703 0.8612736464 2.4384126189    0.847  2.469  3.6540  1.465    3  0.000  0.495     0.00     0.00     0.00     0.00     0.00 -1 -7.37e-10      0.00 7.403e-01 2.584e-01 2.071e-04 7.840e-05 5.585e-04 -1.000 1.292e-03 -1.404 1.256 -0.466 -1.350 -1.630 -1.785 -1.851
0.00123 -1.10000 10.01703 0.8613041639 2.4384216250    0.846  2.515  3.6508  1.406    3  0.000  0.495     8.34     6.43     4.54     3.51     2.84  3 -8.77e-10      0.00 7.403e-01 2.584e-01 2.071e-04 7.841e-05 5.585e-04 -1.000 1.292e-03 -1.518 1.233 -0.544 -1.452 -1.740 -1.900 -1.969
0.00123 -1.10000 10.01703 0.8613271713 2.4384284143    0.846  2.552  3.6483  1.358    3  0.000  0.495     9.21     7.00     4.92     3.81     3.08  3 -1.01e-09      0.00 7.403e-01 2.584e-01 2.071e-04 7.842e-05 5.585e-04 -1.000 1.292e-03 -1.610 1.216 -0.605 -1.532 -1.827 -1.992 -2.063
0.00123 -1.10000 10.01703 0.8613524437 2.4384358714    0.844  2.595  3.6452  1.302    3  0.000  0.495    10.37     7.75     5.42     4.20     3.41  3 -1.19e-09      0.00 7.403e-01 2.584e-01 2.071e-04 7.842e-05 5.585e-04 -1.000 1.292e-03 -1.718 1.199 -0.676 -1.627 -1.930 -2.100 -2.173
0.00123 -1.10000 10.01703 0.8613762259 2.4384428884    0.843  2.639  3.6420  1.244    3  0.000  0.495    11.71     8.59     5.99     4.65     3.77  3 -1.41e-09      0.00 7.403e-01 2.584e-01 2.071e-04 7.843e-05 5.585e-04 -1.000 1.292e-03 -1.829 1.183 -0.747 -1.723 -2.034 -2.210 -2.286
0.00123 -1.10000 10.01703 0.8613943458 2.4384482345    0.842  2.676  3.6394  1.197    3  0.000  0.495    12.92     9.35     6.49     5.05     4.09  3 -1.62e-09      0.00 7.403e-01 2.584e-01 2.071e-04 7.843e-05 5.585e-04 -1.000 1.292e-03 -1.919 1.170 -0.805 -1.801 -2.119 -2.300 -2.377
0.00123 -1.10000 10.01703 0.8614140749 2.4384540550    0.841  2.717  3.6363  1.142    3  0.000  0.495    14.50    10.32     7.13     5.55     4.50  3  -1.9e-09      0.00 7.403e-01 2.584e-01 2.071e-04 7.843e-05 5.585e-04 -1.000 1.292e-03 -2.023 1.158 -0.869 -1.889 -2.216 -2.402 -2.482
0.00123 -1.10000 10.01703 0.8614328504 2.4384595939    0.839  2.760  3.6331  1.086    3  0.000  0.495    16.32    11.42     7.86     6.13     4.97  2 -2.24e-09      0.00 7.403e-01 2.584e-01 2.071e-04 7.844e-05 5.585e-04 -1.000 1.292e-03 -2.130 1.149 -0.934 -1.979 -2.315 -2.507 -2.590
0.00123 -1.10000 10.01703 0.8614506125 2.4384648336    0.837  2.803  3.6298  1.029    3  0.000  0.495    18.41    12.66     8.67     6.77     5.49  2 -2.64e-09      0.00 7.403e-01 2.584e-01 2.071e-04 7.844e-05 5.585e-04 -1.000 1.292e-03 -2.238 1.140 -0.999 -2.070 -2.415 -2.613 -2.699
0.00123 -1.10000 10.01703 0.8614658117 2.4384693170    0.835  2.843  3.6268  0.976    3  0.000  0.495    20.56    13.92     9.49     7.42     6.02  2 -3.08e-09      0.00 7.403e-01 2.584e-01 2.071e-04 7.845e-05 5.585e-04 -1.000 1.292e-03 -2.337 1.139 -1.052 -2.150 -2.505 -2.710 -2.797
0.00123 -1.10000 10.01703 0.8614804149 2.4384736244    0.833  2.883  3.6237  0.923    3  0.000  0.495    23.01    15.33    10.40     8.15     6.61  2  -3.6e-09      0.00 7.403e-01 2.584e-01 2.071e-04 7.845e-05 5.585e-04 -1.000 1.292e-03 -2.438 1.141 -1.104 -2.231 -2.597 -2.808 -2.898
0.00123 -1.10000 10.01703 0.8614941835 2.4384776856    0.831  2.924  3.6204  0.867    3  0.000  0.495    25.84    16.92    11.44     8.97     7.28  2 -4.22e-09      0.00 7.403e-01 2.584e-01 2.071e-04 7.845e-05 5.585e-04 -1.000 1.292e-03 -2.540 1.145 -1.155 -2.313 -2.690 -2.908 -3.001
0.00123 -1.10000 10.01703 0.8615066409 2.4384813598    0.829  2.964  3.6174  0.814    3  0.000  0.495    28.87    18.61    12.52     9.84     7.98  2 -4.92e-09      0.00 7.403e-01 2.584e-01 2.071e-04 7.845e-05 5.585e-04 -1.000 1.292e-03 -2.639 1.148 -1.203 -2.391 -2.779 -3.003 -3.099
0.00123 -1.10000 10.01703 0.8615180850 2.4384847351    0.826  3.002  3.6143  0.762    3  0.000  0.495    32.21    20.43    13.69    10.77     8.74  2 -5.71e-09      0.00 7.403e-01 2.584e-01 2.071e-04 7.846e-05 5.585e-04 -1.000 1.292e-03 -2.735 1.151 -1.248 -2.466 -2.866 -3.096 -3.195
0.00123 -1.10000 10.01703 0.8615289330 2.4384879345    0.824  3.041  3.6113  0.710    3  0.000  0.495    35.92    22.43    14.96    11.79     9.57  1 -6.64e-09      0.00 7.403e-01 2.584e-01 2.071e-04 7.846e-05 5.585e-04 -1.000 1.292e-03 -2.831 1.155 -1.293 -2.541 -2.952 -3.189 -3.290
0.00123 -1.10000 10.01703 0.8615393043 2.4384909932    0.820  3.080  3.6082  0.657    3  0.000  0.495    40.16    24.67    16.38    12.93    10.50  1 -7.74e-09      0.00 7.403e-01 2.584e-01 2.071e-04 7.846e-05 5.585e-04 -1.000 1.292e-03 -2.929 1.156 -1.336 -2.616 -3.039 -3.283 -3.386
0.00123 -1.10000 10.01703 0.8615483642 2.4384936650    0.817  3.116  3.6053  0.608    3  0.000  0.495    44.54    26.94    17.82    14.09    11.44  1 -8.92e-09      0.00 7.403e-01 2.584e-01 2.071e-04 7.846e-05 5.585e-04 -1.000 1.292e-03 -3.019 1.157 -1.374 -2.683 -3.118 -3.369 -3.475
0.00123 -1.10000 10.01703 0.8615571856 2.4384962665    0.814  3.153  3.6023  0.557    3  0.000  0.495    49.58    29.52    19.44    15.39    12.50  1 -1.03e-08      0.00 7.403e-01 2.584e-01 2.071e-04 7.847e-05 5.585e-04 -1.000 1.292e-03 -3.113 1.154 -1.412 -2.752 -3.200 -3.457 -3.566
0.00123 -1.10000 10.01703 0.8615655303 2.4384987274    0.810  3.190  3.5994  0.506    3  0.000  0.495    55.16    32.32    21.20    16.81    13.66  1  -1.2e-08      0.00 7.403e-01 2.584e-01 2.071e-04 7.847e-05 5.585e-04 -1.000 1.292e-03 -3.205 1.151 -1.449 -2.820 -3.280 -3.545 -3.656
0.00123 -1.10000 10.01703 0.8615731597 2.4385009772    0.806  3.226  3.5965  0.456    3  0.000  0.495    61.18    35.30    23.06    18.31    14.88  1 -1.38e-08      0.00 7.403e-01 2.584e-01 2.071e-04 7.847e-05 5.585e-04 -1.000 1.292e-03 -3.294 1.145 -1.475 -2.882 -3.357 -3.629 -3.743
0.00123 -1.10000 10.01703 0.8615801930 2.4385030512    0.801  3.260  3.5937  0.408    3  0.000  0.495    67.63    38.44    25.01    19.89    16.17  1 -1.58e-08      0.00 7.403e-01 2.584e-01 2.070e-04 7.847e-05 5.585e-04 -1.000 1.292e-03 -3.380 1.139 -1.500 -2.941 -3.431 -3.710 -3.827
0.00123 -1.10000 10.01703 0.8615867496 2.4385049846    0.797  3.293  3.5910  0.362    3  0.000  0.495    74.49    41.72    27.04    21.53    17.51  1  -1.8e-08      0.00 7.403e-01 2.584e-01 2.070e-04 7.847e-05 5.585e-04 -1.000 1.292e-03 -3.462 1.135 -1.522 -2.997 -3.501 -3.788 -3.907
0.00123 -1.10000 10.01703 0.8615931869 2.4385068828    0.791  3.325  3.5883  0.317    3  0.000  0.495    81.89    45.20    29.19    23.28    18.92  1 -2.06e-08      0.00 7.403e-01 2.584e-01 2.070e-04 7.847e-05 5.585e-04 -1.000 1.292e-03 -3.542 1.125 -1.543 -3.050 -3.569 -3.863 -3.984
0.00123 -1.10000 10.01703 0.8615946770 2.4385073222    0.790  3.331  3.5878  0.308    3  0.000  0.495    83.53    45.96    29.66    23.66    19.24  1 -2.12e-08      0.00 7.403e-01 2.584e-01 2.070e-04 7.847e-05 5.585e-04 -1.000 1.292e-03 -3.558 1.123 -1.546 -3.060 -3.583 -3.878 -4.000
0.00123 -1.10000 10.01703 0.8615946770 2.4385073222    0.790  1.749  3.7340  2.475    4  0.000  0.515     0.00     0.00     0.00     0.00     0.00 -1    -1e-30      0.00 7.397e-01 2.590e-01 2.167e-04 6.986e-05 5.621e-04 -1.000 1.269e-03 0.399 1.657 0.799 0.340 0.197 0.140 0.124
0.00123 -1.10000 10.01703 0.8616596460 2.4385264781    0.790  1.765  3.7328  2.454    4  0.000  0.515     0.00     0.00     0.00     0.00     0.00 -1    -1e-30      0.00 7.397e-01 2.590e-01 2.167e-04 6.986e-05 5.621e-04 -1.000 1.269e-03 0.358 1.629 0.763 0.300 0.154 0.097 0.080
0.00123 -1.10000 10.01703 0.8617224693 2.4385449981    0.790  1.768  3.7326  2.450    4  0.000  0.515     0.00     0.00     0.00     0.00     0.00 -1    -1e-30      0.00 7.397e-01 2.590e-01 2.167e-04 6.987e-05 5.621e-04 -1.000 1.269e-03 0.350 1.623 0.755 0.292 0.146 0.088 0.071
0.00123 -1.10000 10.01703 0.8617865443 2.4385638839    0.790  1.770  3.7327  2.449    4  0.000  0.515     0.00     0.00     0.00     0.00     0.00 -1    -1e-30      0.00 7.397e-01 2.590e-01 2.167e-04 6.987e-05 5.621e-04 -1.000 1.269e-03 0.345 1.618 0.750 0.287 0.142 0.084 0.067
0.00123 -1.10000 10.01703 0.8618509173 2.4385828544    0.791  1.771  3.7330  2.449    4  0.000  0.515     0.00     0.00     0.00     0.00     0.00 -1    -1e-30      0.00 7.397e-01 2.590e-01 2.167e-04 6.987e-05 5.621e-04 -1.000 1.269e-03 0.344 1.613 0.747 0.285 0.140 0.083 0.066
0.00123 -1.10000 10.01703 0.8619157672 2.4386019620    0.791  1.771  3.7334  2.451    4  0.000  0.515     0.00     0.00     0.00     0.00     0.00 -1    -1e-30      0.00 7.397e-01 2.590e-01 2.167e-04 6.987e-05 5.621e-04 -1.000 1.269e-03 0.344 1.608 0.745 0.285 0.141 0.084 0.067
0.00123 -1.10000 10.01703 0.8619816899 2.4386213824    0.791  1.770  3.7340  2.454    4  0.000  0.515     0.00     0.00     0.00     0.00     0.00 -1    -1e-30      0.00 7.397e-01 2.590e-01 2.167e-04 6.987e-05 5.621e-04 -1.000 1.269e-03 0.345 1.604 0.744 0.286 0.143 0.087 0.070
0.00123 -1.10000 10.01703 0.8620463610 2.4386404307    0.791  1.769  3.7347  2.458    4  0.000  0.515     0.00     0.00     0.00     0.00     0.00 -1    -1e-30      0.00 7.397e-01 2.590e-01 2.167e-04 6.987e-05 5.621e-04 -1.000 1.269e-03 0.348 1.600 0.744 0.288 0.146 0.091 0.075
0.00123 -1.10000 10.01703 0.8621128798 2.4386600198    0.791  1.768  3.7354  2.462    4  0.000  0.515     0.00     0.00     0.00     0.00     0.00 -1    -1e-30      0.00 7.397e-01 2.590e-01 2.167e-04 6.987e-05 5.621e-04 -1.000 1.269e-03 0.351 1.595 0.744 0.291 0.150 0.095 0.079
0.00123 -1.10000 10.01703 0.8621755242 2.4386784648    0.791  1.767  3.7361  2.466    4  0.000  0.515     0.00     0.00     0.00     0.00     0.00 -1    -1e-30      0.00 7.397e-01 2.590e-01 2.167e-04 6.987e-05 5.621e-04 -1.000 1.269e-03 0.353 1.591 0.744 0.293 0.153 0.099 0.084
0.00123 -1.10000 10.01703 0.8622435331 2.4386984858    0.791  1.766  3.7368  2.469    4  0.000  0.515     0.00     0.00     0.00     0.00     0.00 -1    -1e-30      0.00 7.397e-01 2.590e-01 2.167e-04 6.987e-05 5.621e-04 -1.000 1.269e-03 0.355 1.587 0.743 0.295 0.156 0.103 0.088
0.00123 -1.10000 10.01703 0.8623036146 2.4387161701    0.791  1.765  3.7373  2.472    4  0.000  0.515     0.00     0.00     0.00     0.00     0.00 -1    -1e-30      0.00 7.397e-01 2.590e-01 2.167e-04 6.987e-05 5.621e-04 -1.000 1.269e-03 0.357 1.583 0.743 0.297 0.159 0.107 0.092
0.00123 -1.10000 10.01703 0.8623698950 2.4387356756    0.791  1.764  3.7379  2.476    4  0.000  0.515     0.00     0.00     0.00     0.00     0.00 -1    -1e-30      0.00 7.397e-01 2.590e-01 2.167e-04 6.987e-05 5.621e-04 -1.000 1.269e-03 0.359 1.579 0.742 0.299 0.162 0.110 0.095
0.00123 -1.10000 10.01703 0.8624342680 2.4387546165    0.791  1.764  3.7384  2.478    4  0.000  0.515     0.00     0.00     0.00     0.00     0.00 -1    -1e-30      0.00 7.397e-01 2.590e-01 2.167e-04 6.987e-05 5.621e-04 -1.000 1.269e-03 0.361 1.575 0.741 0.300 0.164 0.112 0.098
0.00123 -1.10000 10.01703 0.8624981046 2.4387733964    0.791  1.763  3.7389  2.481    4  0.000  0.515     0.00     0.00     0.00     0.00     0.00 -1    -1e-30      0.00 7.397e-01 2.590e-01 2.167e-04 6.987e-05 5.621e-04 -1.000 1.269e-03 0.362 1.572 0.740 0.301 0.165 0.114 0.100
0.00123 -1.10000 10.01703 0.8625126481 2.4387776745    0.791  1.763  3.7390  2.481    4  0.000  0.515     0.00     0.00     0.00     0.00     0.00 -1    -1e-30      0.00 7.397e-01 2.590e-01 2.167e-04 6.987e-05 5.621e-04 -1.000 1.269e-03 0.362 1.571 0.740 0.301 0.166 0.115 0.101
0.00123 -1.10000 10.01703 0.8625741601 2.4387957668    0.791  1.763  3.7393  2.482    4  0.000  0.515     0.00     0.00     0.00     0.00     0.00 -1    -1e-30      0.00 7.397e-01 2.590e-01 2.167e-04 6.987e-05 5.621e-04 -1.000 1.269e-03 0.362 1.568 0.739 0.301 0.166 0.116 0.102
0.00123 -1.10000 10.01703 0.8626413941 2.4388155387    0.791  1.763  3.7396  2.484    4  0.000  0.515     0.00     0.00     0.00     0.00     0.00 -1    -1e-30      0.00 7.397e-01 2.590e-01 2.167e-04 6.987e-05 5.621e-04 -1.000 1.269e-03 0.362 1.565 0.737 0.300 0.166 0.116 0.102
0.00123 -1.10000 10.01703 0.8627021313 2.4388333969    0.791  1.764  3.7398  2.484    4  0.000  0.515     0.00     0.00     0.00     0.00     0.00 -1    -1e-30      0.00 7.397e-01 2.590e-01 2.167e-04 6.987e-05 5.621e-04 -1.000 1.269e-03 0.361 1.562 0.736 0.299 0.166 0.116 0.102
0.00123 -1.10000 10.01703 0.8627660275 2.4388521809    0.792  1.764  3.7399  2.484    4  0.000  0.515     0.00     0.00     0.00     0.00     0.00 -1    -1e-30      0.00 7.397e-01 2.590e-01 2.167e-04 6.987e-05 5.621e-04 -1.000 1.269e-03 0.359 1.560 0.734 0.298 0.164 0.114 0.100
0.00123 -1.10000 10.01703 0.8628302217 2.4388710493    0.792  1.765  3.7398  2.483    4  0.000  0.515     0.00     0.00     0.00     0.00     0.00 -1    -1e-30      0.00 7.397e-01 2.590e-01 2.167e-04 6.988e-05 5.621e-04 -1.000 1.269e-03 0.357 1.557 0.731 0.295 0.161 0.112 0.098
0.00123 -1.10000 10.01703 0.8628957272 2.4388902997    0.792  1.767  3.7397  2.481    4  0.000  0.515     0.00     0.00     0.00     0.00     0.00 -1    -1e-30      0.00 7.397e-01 2.590e-01 2.167e-04 6.988e-05 5.621e-04 -1.000 1.269e-03 0.353 1.555 0.728 0.292 0.158 0.108 0.094
0.00123 -1.10000 10.01703 0.8629618883 2.4389097395    0.792  1.769  3.7395  2.478    4  0.000  0.515     0.00     0.00     0.00     0.00     0.00 -1    -1e-30      0.00 7.397e-01 2.590e-01 2.167e-04 6.988e-05 5.621e-04 -1.000 1.269e-03 0.349 1.553 0.725 0.287 0.153 0.103 0.089
0.00123 -1.10000 10.01703 0.8629734516 2.4389131367    0.792  1.769  3.7394  2.477    4  0.000  0.515     0.00     0.00     0.00     0.00     0.00 -1    -1e-30      0.00 7.397e-01 2.590e-01 2.167e-04 6.988e-05 5.621e-04 -1.000 1.269e-03 0.348 1.553 0.724 0.286 0.152 0.102 0.088
0.00123 -1.10000 10.01703 0.8629882932 2.4389174969    0.792  1.769  3.7393  2.476    4  0.000  0.515     0.00     0.00     0.00     0.00     0.00 -1    -1e-30      0.00 7.397e-01 2.590e-01 2.167e-04 6.988e-05 5.621e-04 -1.000 1.269e-03 0.346 1.553 0.723 0.285 0.150 0.100 0.086
0.00123 -1.10000 10.01703 0.8630502224 2.4389356888    0.792  1.772  3.7389  2.473    4  0.000  0.515     0.00     0.00     0.00     0.00     0.00 -1    -1e-30      0.00 7.397e-01 2.590e-01 2.167e-04 6.988e-05 5.621e-04 -1.000 1.269e-03 0.341 1.551 0.719 0.279 0.144 0.093 0.079
0.00123 -1.10000 10.01703 0.8631107211 2.4389534576    0.792  1.774  3.7385  2.468    4  0.000  0.515     0.00     0.00     0.00     0.00     0.00 -1    -1e-30      0.00 7.397e-01 2.590e-01 2.167e-04 6.988e-05 5.621e-04 -1.000 1.269e-03 0.334 1.549 0.714 0.273 0.137 0.085 0.071
0.00123 -1.10000 10.01703 0.8631729484 2.4389717311    0.792  1.778  3.7379  2.463    4  0.000  0.515     0.00     0.00     0.00     0.00     0.00 -1    -1e-30      0.00 7.397e-01 2.590e-01 2.167e-04 6.988e-05 5.621e-04 -1.000 1.269e-03 0.326 1.546 0.708 0.265 0.128 0.076 0.061
0.00123 -1.10000 10.01703 0.8632330894 2.4389893891    0.792  1.781  3.7373  2.457    4  0.000  0.515     0.00     0.00     0.00     0.00     0.00 -1    -1e-30      0.00 7.397e-01 2.590e-01 2.167e-04 6.988e-05 5.621e-04 -1.000 1.269e-03 0.318 1.544 0.702 0.257 0.119 0.066 0.051
0.00123 -1.10000 10.01703 0.8632947803 2.4390074991    0.792  1.786  3.7365  2.449    4  0.000  0.515     0.00     0.00     0.00     0.00     0.00 -1    -1e-30      0.00 7.397e-01 2.590e-01 2.167e-04 6.988e-05 5.621e-04 -1.000 1.269e-03 0.306 1.541 0.694 0.245 0.106 0.053 0.037
0.00123 -1.10000 10.01703 0.8633546233 2.4390250639    0.792  1.791  3.7355  2.440    4  0.000  0.515     0.00     0.00     0.00     0.00     0.00 -1    -1e-30      0.00 7.397e-01 2.590e-01 2.167e-04 6.988e-05 5.621e-04 -1.000 1.269e-03 0.293 1.537 0.685 0.233 0.092 0.038 0.022
0.00123 -1.10000 10.01703 0.8634147644 2.4390427134    0.792  1.796  3.7346  2.431    4  0.000  0.515     0.00     0.00     0.00     0.00     0.00 -1    -1e-30      0.00 7.397e-01 2.590e-01 2.167e-04 6.988e-05 5.621e-04 -1.000 1.269e-03 0.279 1.533 0.675 0.219 0.077 0.021 0.005
0.00123 -1.10000 10.01703 0.8634749651 2.4390603775    0.792  1.802  3.7336  2.421    4  0.000  0.515     0.00     0.00     0.00     0.00     0.00 -1    -1e-30      0.00 7.397e-01 2.590e-01 2.167e-04 6.988e-05 5.621e-04 -1.000 1.269e-03 0.264 1.528 0.665 0.205 0.061 0.004 -0.012
0.00123 -1.10000 10.01703 0.8635350466 2.4390780038    0.792  1.809  3.7326  2.410    4  0.000  0.515     0.00     0.00     0.00     0.00     0.00 -1    -1e-30      0.00 7.397e-01 2.590e-01 2.167e-04 6.988e-05 5.621e-04 -1.000 1.269e-03 0.247 1.522 0.652 0.188 0.043 -0.015 -0.032
0.00123 -1.10000 10.01703 0.8635945320 2.4390954524    0.792  1.813  3.7320  2.404    4  0.000  0.515     0.00     0.00     0.00     0.00     0.00 -1    -1e-30      0.00 7.397e-01 2.590e-01 2.167e-04 6.988e-05 5.621e-04 -1.000 1.269e-03 0.237 1.517 0.644 0.178 0.031 -0.027 -0.045
0.00123 -1.10000 10.01703 0.8636561036 2.4391135101    0.792  1.829  3.7296  2.378    4  0.000  0.515     0.00     0.00     0.00     0.00     0.00 -1    -1e-30      0.00 7.397e-01 2.590e-01 2.167e-04 6.988e-05 5.621e-04 -1.000 1.269e-03 0.197 1.503 0.615 0.139 -0.011 -0.072 -0.091
0.00123 -1.10000 10.01703 0.8637164831 2.4391312153    0.793  1.856  3.7259  2.337    4  0.000  0.515     0.00     0.00     0.00     0.00     0.00 -1    -1e-30      0.00 7.397e-01 2.590e-01 2.167e-04 6.988e-05 5.621e-04 -1.000 1.269e-03 0.131 1.478 0.565 0.075 -0.082 -0.147 -0.168
0.00123 -1.10000 10.01703 0.8637582660 2.4391434657    0.793  1.890  3.7213  2.284    4  0.000  0.515     0.00     0.00     0.00     0.00     0.00 -1    -1e-30      0.00 7.397e-01 2.590e-01 2.167e-04 6.988e-05 5.621e-04 -1.000 1.269e-03 0.044 1.443 0.499 -0.009 -0.173 -0.244 -0.267
0.00123 -1.10000 10.01703 0.8637781739 2.4391493020    0.793  1.926  3.7169  2.231    4  0.000  0.515     0.00     0.00     0.00     0.00     0.00 -1    -1e-30      0.00 7.397e-01 2.590e-01 2.167e-04 6.988e-05 5.621e-04 -1.000 1.269e-03 -0.045 1.407 0.431 -0.095 -0.267 -0.342 -0.367
0.00123 -1.10000 10.01703 0.8637870550 2.4391519056    0.793  1.961  3.7128  2.180    4  0.000  0.515     0.00     0.00     0.00     0.00     0.00 -1    -1e-30      0.00 7.397e-01 2.590e-01 2.167e-04 6.988e-05 5.621e-04 -1.000 1.269e-03 -0.132 1.371 0.365 -0.178 -0.357 -0.437 -0.464
0.00123 -1.10000 10.01703 0.8637912869 2.4391531462    0.793  1.995  3.7090  2.130    4  0.000  0.515     0.00     0.00     0.00     0.00     0.00 -1    -1e-30      0.00 7.397e-01 2.590e-01 2.167e-04 6.988e-05 5.621e-04 -1.000 1.269e-03 -0.217 1.335 0.300 -0.260 -0.445 -0.530 -0.559
0.00123 -1.10000 10.01703 0.8637935519 2.4391538102    0.793  2.030  3.7052  2.080    4  0.000  0.515     0.00     0.00     0.00     0.00     0.00 -1    -1e-30      0.00 7.397e-01 2.590e-01 2.167e-04 6.988e-05 5.621e-04 -1.000 1.269e-03 -0.306 1.297 0.232 -0.344 -0.536 -0.625 -0.657
0.00123 -1.10000 10.01703 0.8637949228 2.4391542120    0.793  2.062  3.7020  2.035    4  0.000  0.515     0.00     0.00     0.00     0.00     0.00 -1    -1e-30      0.00 7.397e-01 2.590e-01 2.167e-04 6.988e-05 5.621e-04 -1.000 1.269e-03 -0.384 1.261 0.171 -0.418 -0.616 -0.709 -0.742
0.00123 -1.10000 10.01703 0.8637949824 2.4391542295    0.793  2.065  3.7017  2.030    7  0.000  0.515     0.00     0.00     0.00     0.00     0.00 -1 -9.33e-10      0.00 7.397e-01 2.574e-01 2.167e-04 6.988e-05 5.621e-04 -1.000 2.897e-03 -0.393 1.257 0.164 -0.427 -0.625 -0.719 -0.752
0.00123 -1.10000 10.01703 0.8637959361 2.4391545091    0.793  2.096  3.6988  1.988    7  0.000  0.515     0.00     0.00     0.00     0.00     0.00 -1 -1.12e-09      0.00 7.397e-01 2.574e-01 2.167e-04 6.988e-05 5.621e-04 -1.000 2.897e-03 -0.471 1.220 0.103 -0.501 -0.704 -0.802 -0.836
0.00123 -1.10000 10.01703 0.8637969494 2.4391548061    0.793  2.131  3.6956  1.940    7  0.000  0.515     0.00     0.00     0.00     0.00     0.00 -1 -1.37e-09      0.00 7.397e-01 2.574e-01 2.167e-04 6.988e-05 5.621e-04 -1.000 2.897e-03 -0.558 1.183 0.036 -0.583 -0.792 -0.894 -0.931
0.00123 -1.10000 10.01703 0.8637980223 2.4391551206    0.792  2.162  3.6928  1.898    7  0.000  0.515     0.00     0.00     0.00     0.00     0.00 -1 -1.64e-09      0.00 7.397e-01 2.574e-01 2.167e-04 6.988e-05 5.621e-04 -1.000 2.897e-03 -0.636 1.150 -0.025 -0.656 -0.871 -0.976 -1.014
0.00123 -1.10000 10.01703 0.8638008833 2.4391559593    0.792  2.184  3.6910  1.869    7  0.000  0.515     0.00     0.00     0.00     0.00     0.00 -1 -1.85e-09      0.00 7.397e-01 2.574e-01 2.167e-04 6.988e-05 5.621e-04 -1.000 2.897e-03 -0.690 1.127 -0.066 -0.707 -0.925 -1.033 -1.072
0.00123 -1.10000 10.01703 0.8638036847 2.4391567805    0.792  2.176  3.6917  1.879    7  0.000  0.515     0.00     0.00     0.00     0.00     0.00 -1 -1.78e-09      0.00 7.397e-01 2.574e-01 2.167e-04 6.988e-05 5.621e-04 -1.000 2.897e-03 -0.671 1.134 -0.052 -0.690 -0.906 -1.013 -1.052
0.00123 -1.10000 10.01703 0.8638359904 2.4391662502    0.790  2.168  3.6923  1.889    7  0.000  0.515     0.00     0.00     0.00     0.00     0.00 -1 -1.71e-09      0.00 7.397e-01 2.574e-01 2.167e-04 6.988e-05 5.621e-04 -1.000 2.897e-03 -0.649 1.145 -0.035 -0.669 -0.884 -0.990 -1.029
0.00123 -1.10000 10.01703 0.8638638258 2.4391744089    0.788  2.204  3.6890  1.839    7  0.000  0.515     0.00     0.00     0.00     0.00     0.00 -1 -2.12e-09      0.00 7.397e-01 2.574e-01 2.167e-04 6.988e-05 5.621e-04 -1.000 2.897e-03 -0.739 1.110 -0.103 -0.753 -0.975 -1.085 -1.126
0.00123 -1.10000 10.01703 0.8638825417 2.4391798942    0.787  2.240  3.6857  1.788    7  0.000  0.515     0.00     0.00     0.00     0.00     0.00 -1 -2.63e-09      0.00 7.397e-01 2.574e-01 2.167e-04 6.988e-05 5.621e-04 -1.000 2.897e-03 -0.831 1.076 -0.172 -0.838 -1.065 -1.181 -1.223
0.00123 -1.10000 10.01703 0.8638984561 2.4391845583    0.785  2.275  3.6826  1.740    7  0.000  0.515     0.00     0.00     0.00     0.00     0.00 -1 -3.21e-09      0.00 7.397e-01 2.574e-01 2.167e-04 6.988e-05 5.621e-04 -1.000 2.897e-03 -0.919 1.055 -0.237 -0.923 -1.155 -1.274 -1.319
0.00123 -1.10000 10.01703 0.8639165759 2.4391898685    0.782  2.320  3.6787  1.679    7  0.000  0.515     0.00     0.00     0.00     0.00     0.00 -1 -4.19e-09      0.00 7.397e-01 2.574e-01 2.167e-04 6.988e-05 5.621e-04 -1.000 2.897e-03 -1.029 1.031 -0.318 -1.030 -1.268 -1.391 -1.439
0.00123 -1.10000 10.01703 0.8639331460 2.4391947243    0.779  2.361  3.6752  1.621    7  0.000  0.515     0.00     0.00     0.00     0.00     0.00 -1 -5.36e-09      0.00 7.397e-01 2.574e-01 2.167e-04 6.989e-05 5.621e-04 -1.000 2.897e-03 -1.133 1.013 -0.392 -1.129 -1.373 -1.501 -1.551
0.00123 -1.10000 10.01703 0.8639481068 2.4391991083    0.776  2.402  3.6717  1.565    7  0.000  0.515     0.00     0.00     0.00     0.00     0.00 -1 -6.76e-09      0.00 7.397e-01 2.574e-01 2.167e-04 6.989e-05 5.621e-04 -1.000 2.889e-03 -1.235 0.998 -0.464 -1.227 -1.477 -1.608 -1.661
0.00123 -1.10000 10.01703 0.8639615774 2.4392030555    0.772  2.443  3.6682  1.508    7  0.000  0.515     0.00     0.00     0.00     0.00     0.00 -1 -8.62e-09      0.00 7.397e-01 2.575e-01 2.166e-04 6.989e-05 5.621e-04 -1.000 2.820e-03 -1.336 0.988 -0.533 -1.323 -1.578 -1.714 -1.769
0.00123 -1.10000 10.01703 0.8639736176 2.4392065834    0.767  2.482  3.6648  1.452    7  0.000  0.515     0.00     0.00     0.00     0.00     0.00 -1 -1.09e-08      0.00 7.397e-01 2.575e-01 2.165e-04 6.992e-05 5.621e-04 -1.000 2.798e-03 -1.436 0.988 -0.598 -1.416 -1.678 -1.818 -1.876
0.00123 -1.10000 10.01703 0.8639845252 2.4392097793    0.762  2.522  3.6614  1.395    7  0.000  0.514     8.23     6.37     4.49     3.48     2.82  3 -1.38e-08      0.00 7.397e-01 2.575e-01 2.161e-04 7.012e-05 5.621e-04 -1.000 2.790e-03 -1.536 0.994 -0.661 -1.509 -1.777 -1.921 -1.982
0.00123 -1.10000 10.01703 0.8639943004 2.4392126434    0.756  2.561  3.6575  1.337    7  0.000  0.511     9.29     7.06     4.95     3.85     3.12  3 -1.75e-08      0.00 7.397e-01 2.575e-01 2.151e-04 7.085e-05 5.621e-04 -1.000 2.743e-03 -1.634 1.019 -0.714 -1.596 -1.872 -2.022 -2.086
0.00123 -1.10000 10.01703 0.8640034199 2.4392153153    0.750  2.601  3.6506  1.266    7  0.000  0.506    10.78     8.01     5.59     4.35     3.52  3 -2.24e-08      0.00 7.397e-01 2.576e-01 2.130e-04 7.290e-05 5.622e-04 -1.000 2.698e-03 -1.732 1.093 -0.739 -1.667 -1.958 -2.120 -2.189
0.00123 -1.10000 10.01703 0.8640075922 2.4392165377    0.746  2.621  3.6472  1.231    7  0.000  0.502    11.60     8.53     5.93     4.62     3.74  2 -2.54e-08      0.00 7.397e-01 2.576e-01 2.115e-04 7.459e-05 5.622e-04 -1.000 2.697e-03 -1.781 1.129 -0.751 -1.701 -2.001 -2.168 -2.239
0.00123 -1.10000 10.01703 0.8640156388 2.4392188952    0.737  2.659  3.6430  1.170    7  0.000  0.494    13.16     9.50     6.57     5.13     4.15  2 -3.24e-08      0.00 7.396e-01 2.577e-01 2.085e-04 7.821e-05 5.622e-04 -1.000 2.683e-03 -1.879 1.149 -0.799 -1.779 -2.089 -2.264 -2.339
0.00123 -1.10000 10.01703 0.8640233874 2.4392211653    0.726  2.698  3.6396  1.111    7  0.000  0.487    14.86    10.52     7.24     5.67     4.59  2 -4.13e-08      0.00 7.396e-01 2.578e-01 2.056e-04 8.177e-05 5.623e-04 -1.000 2.657e-03 -1.976 1.151 -0.855 -1.860 -2.180 -2.360 -2.438
0.00123 -1.10000 10.01703 0.8640308976 2.4392233656    0.712  2.737  3.6362  1.050    7  0.000  0.481    16.83    11.69     8.00     6.28     5.09  2 -5.35e-08      0.00 7.395e-01 2.579e-01 2.030e-04 8.497e-05 5.623e-04 -1.000 2.621e-03 -2.073 1.158 -0.907 -1.940 -2.269 -2.455 -2.536
0.00123 -1.10000 10.01703 0.8640381098 2.4392254785    0.695  2.776  3.6327  0.987    7  0.000  0.475    19.15    13.03     8.87     6.98     5.65  2 -7.03e-08      0.00 7.394e-01 2.579e-01 2.007e-04 8.777e-05 5.623e-04 -1.000 2.630e-03 -2.171 1.171 -0.957 -2.019 -2.358 -2.551 -2.635
0.00123 -1.10000 10.01703 0.8640446663 2.4392273992    0.675  2.814  3.6294  0.922    7  0.000  0.471    21.80    14.52     9.84     7.76     6.28  1 -9.33e-08      0.00 7.394e-01 2.580e-01 1.988e-04 9.024e-05 5.623e-04 -1.000 2.621e-03 -2.266 1.192 -1.000 -2.094 -2.444 -2.645 -2.731
0.00123 -1.10000 10.01703 0.8640509248 2.4392292326    0.649  2.853  3.6264  0.855    7  0.000  0.466    24.97    16.25    10.94     8.65     7.01  1 -1.27e-07      0.00 7.393e-01 2.581e-01 1.970e-04 9.241e-05 5.624e-04 -1.000 2.585e-03 -2.362 1.205 -1.046 -2.172 -2.533 -2.740 -2.828
0.00123 -1.10000 10.01703 0.8640559912 2.4392307168    0.620  2.890  3.6244  0.790    7  0.000  0.463    28.42    18.06    12.09     9.59     7.77  1 -1.76e-07      0.00 7.392e-01 2.582e-01 1.956e-04 9.415e-05 5.623e-04 -1.000 2.583e-03 -2.454 1.201 -1.098 -2.250 -2.620 -2.831 -2.922
0.00123 -1.10000 10.01703 0.8640596867 2.4392317994    0.591  2.922  3.6246  0.738    7  0.000  0.460    31.47    19.60    13.05    10.39     8.41  1 -2.38e-07      0.00 7.392e-01 2.583e-01 1.945e-04 9.554e-05 5.623e-04 -1.000 2.548e-03 -2.535 1.152 -1.170 -2.332 -2.703 -2.914 -3.005
0.00123 -1.10000 10.01703 0.8640628457 2.4392327248    0.559  2.954  3.6290  0.699    7  0.000  0.458    33.85    20.72    13.75    10.98     8.89  1 -3.24e-07      0.00 7.391e-01 2.583e-01 1.934e-04 9.682e-05 5.622e-04 -1.000 2.534e-03 -2.615 1.007 -1.294 -2.439 -2.799 -3.003 -3.091
0.00123 -1.10000 10.01703 0.8640651107 2.4392333883    0.517  2.980  3.6436  0.697    7  0.000  0.456    33.47    20.37    13.50    10.81     8.74  1 -4.16e-07      0.00 7.390e-01 2.584e-01 1.925e-04 9.805e-05 5.622e-04 -1.000 2.596e-03 -2.680 0.628 -1.524 -2.584 -2.908 -3.085 -3.162
0.00123 -1.10000 10.01703 1.0949344635 2.4908239789    0.545 -9.999  3.6454  7.954    9  0.546  0.000     0.00     0.00     0.00     0.00     0.00 -1    -1e-30      0.00 7.265e-01 2.722e-01 1.773e-04 1.344e-04 5.712e-04 -1.000 1.249e-03 29.767 32.503 30.807 29.818 29.483 29.317 29.260
