# Zini     MH   logAge Mini        int_IMF         Mass   logL    logTe  logg  label   McoreTP C_O  period0  period1  period2  period3  period4  pmode  Mloss  tau1m   X   Y   Xc  Xn  Xo  Cexcess  Z 	 mbolmag  umag    gmag    rmag    imag    zmag    Ymag
0.00024632 -1.80000 10.07188 0.0900000036 1.0816895926    0.090 -3.197  3.4848  5.481    1  0.000  0.545     0.00     0.00     0.00     0.00     0.00 -1 -4.84e-17      0.00 7.483e-01 2.514e-01 4.823e-05 1.301e-05 1.180e-04 -1.000 2.682e-04 12.762 17.861 15.948 14.014 12.543 12.069 11.970
0.00024632 -1.80000 10.07188 0.0982650965 1.1564485432    0.098 -2.895  3.5290  5.394    1  0.000  0.545     0.00     0.00     0.00     0.00     0.00 -1 -1.03e-16      0.00 7.463e-01 2.534e-01 4.823e-05 1.301e-05 1.180e-04 -1.000 2.681e-04 12.009 16.739 14.434 12.710 11.781 11.422 11.317
0.00024632 -1.80000 10.07188 0.1000000015 1.1711064122    0.100 -2.836  3.5378  5.377    1  0.000  0.545     0.00     0.00     0.00     0.00     0.00 -1 -1.19e-16      0.00 7.459e-01 2.539e-01 4.823e-05 1.301e-05 1.180e-04 -1.000 2.681e-04 11.859 16.446 14.145 12.472 11.629 11.289 11.185
0.00024632 -1.80000 10.07188 0.1028516367 1.1944949675    0.103 -2.790  3.5426  5.363    1  0.000  0.545     0.00     0.00     0.00     0.00     0.00 -1 -1.32e-16      0.00 7.454e-01 2.543e-01 4.823e-05 1.301e-05 1.180e-04 -1.000 2.682e-04 11.746 16.248 13.957 12.314 11.515 11.184 11.081
0.00024632 -1.80000 10.07188 0.1200000048 1.3193154741    0.120 -2.543  3.5687  5.286    1  0.000  0.545     0.00     0.00     0.00     0.00     0.00 -1 -2.37e-16      0.00 7.428e-01 2.569e-01 4.823e-05 1.301e-05 1.180e-04 -1.000 2.682e-04 11.127 15.096 12.956 11.484 10.890 10.606 10.510
0.00024632 -1.80000 10.07188 0.1400000006 1.4384526719    0.140 -2.359  3.5835  5.229    1  0.000  0.545     0.00     0.00     0.00     0.00     0.00 -1 -3.57e-16      0.00 7.407e-01 2.591e-01 4.823e-05 1.301e-05 1.180e-04 -1.000 2.682e-04 10.668 14.315 12.302 10.943 10.427 10.166 10.076
0.00024632 -1.80000 10.07188 0.1599999964 1.5372931554    0.160 -2.215  3.5932  5.182    1  0.000  0.545     0.00     0.00     0.00     0.00     0.00 -1 -4.91e-16      0.00 7.393e-01 2.605e-01 4.823e-05 1.301e-05 1.180e-04 -1.000 2.682e-04 10.308 13.743 11.823 10.541 10.064 9.818 9.733
0.00024632 -1.80000 10.07188 0.2000000179 1.6938791367    0.200 -1.995  3.6056  5.108    1  0.000  0.545     0.00     0.00     0.00     0.00     0.00 -1 -7.94e-16      0.00 7.383e-01 2.614e-01 4.823e-05 1.301e-05 1.180e-04 -1.000 2.682e-04 9.756 12.939 11.129 9.943 9.507 9.280 9.201
0.00024632 -1.80000 10.07188 0.2500000000 1.8403257998    0.250 -1.793  3.6166  5.047    1  0.000  0.545     0.00     0.00     0.00     0.00     0.00 -1 -1.12e-15      0.00 7.385e-01 2.612e-01 4.822e-05 1.301e-05 1.180e-04 -1.000 2.681e-04 9.252 12.226 10.506 9.402 8.997 8.786 8.713
0.00024632 -1.80000 10.07188 0.3000000417 1.9529140366    0.300 -1.638  3.6256  5.007    1  0.000  0.545     0.00     0.00     0.00     0.00     0.00 -1 -1.66e-15      0.00 7.386e-01 2.611e-01 4.821e-05 1.301e-05 1.180e-04 -1.000 2.683e-04 8.865 11.679 10.027 8.986 8.606 8.408 8.340
0.00024632 -1.80000 10.07188 0.3500000238 2.0434175133    0.350 -1.511  3.6337  4.980    1  0.000  0.544     0.00     0.00     0.00     0.00     0.00 -1 -2.12e-15      0.00 7.384e-01 2.613e-01 4.819e-05 1.301e-05 1.180e-04 -1.000 2.682e-04 8.548 11.226 9.633 8.645 8.286 8.100 8.036
0.00024632 -1.80000 10.07188 0.3811397851 2.0916907427    0.381 -1.428  3.6399  4.958    1  0.000  0.545     0.00     0.00     0.00     0.00     0.00 -1 -2.52e-15      0.00 7.460e-01 2.537e-01 4.821e-05 1.301e-05 1.180e-04 -1.000 2.682e-04 8.339 10.916 9.367 8.419 8.075 7.899 7.837
0.00024632 -1.80000 10.07188 0.4000000060 2.1185024399    0.400 -1.381  3.6434  4.946    1  0.000  0.545     0.00     0.00     0.00     0.00     0.00 -1 -2.79e-15      0.00 7.503e-01 2.494e-01 4.823e-05 1.301e-05 1.180e-04 -1.000 2.682e-04 8.221 10.742 9.218 8.292 7.956 7.785 7.725
0.00024632 -1.80000 10.07188 0.4500000179 2.1822809362    0.450 -1.220  3.6596  4.901    1  0.000  0.545     0.00     0.00     0.00     0.00     0.00 -1    -4e-15      0.00 7.506e-01 2.491e-01 4.823e-05 1.301e-05 1.180e-04 -1.000 2.682e-04 7.820 10.086 8.681 7.848 7.551 7.402 7.351
0.00024632 -1.80000 10.07188 0.4661483169 2.2009377388    0.466 -1.160  3.6663  4.883    1  0.000  0.545     0.00     0.00     0.00     0.00     0.00 -1 -4.61e-15      0.00 7.506e-01 2.491e-01 4.823e-05 1.301e-05 1.180e-04 -1.000 2.682e-04 7.669 9.827 8.478 7.684 7.401 7.262 7.214
0.00024632 -1.80000 10.07188 0.5000000000 2.2374541529    0.500 -1.040  3.6798  4.848    1  0.000  0.545     0.00     0.00     0.00     0.00     0.00 -1  -6.1e-15      0.00 7.506e-01 2.491e-01 4.823e-05 1.301e-05 1.180e-04 -1.000 2.682e-04 7.370 9.317 8.081 7.358 7.104 6.983 6.942
0.00024632 -1.80000 10.07188 0.5500000715 2.2836583126    0.550 -0.833  3.7014  4.768    1  0.000  0.544     0.00     0.00     0.00     0.00     0.00 -1 -1.03e-14      0.00 7.842e-01 2.156e-01 4.214e-05 1.138e-05 1.032e-04 -1.000 1.684e-04 6.852 8.486 7.434 6.811 6.596 6.502 6.473
0.00024632 -1.80000 10.07188 0.5792107582 2.3064473324    0.579 -0.709  3.7168  4.729    1  0.000  0.544     0.00     0.00     0.00     0.00     0.00 -1 -1.39e-14      0.00 7.912e-01 2.086e-01 4.094e-05 1.106e-05 1.003e-04 -1.000 1.851e-04 6.543 7.982 7.050 6.490 6.301 6.225 6.204
0.00024632 -1.80000 10.07188 0.6000000238 2.3211213258    0.600 -0.624  3.7273  4.701    1  0.000  0.544     0.00     0.00     0.00     0.00     0.00 -1 -1.71e-14      0.00 7.961e-01 2.037e-01 4.011e-05 1.084e-05 9.837e-05 -1.000 1.982e-04 6.331 7.649 6.793 6.274 6.104 6.039 6.023
0.00024632 -1.80000 10.07188 0.6119241714 2.3290223917    0.612 -0.572  3.7345  4.686    1  0.000  0.543     0.00     0.00     0.00     0.00     0.00 -1 -1.95e-14      0.00 7.995e-01 2.003e-01 3.953e-05 1.068e-05 9.699e-05 -1.000 2.176e-04 6.200 7.445 6.635 6.143 5.984 5.927 5.915
0.00024632 -1.80000 10.07188 0.6229861975 2.3360420499    0.623 -0.523  3.7410  4.672    1  0.000  0.543     0.00     0.00     0.00     0.00     0.00 -1  -2.2e-14      0.00 8.029e-01 1.969e-01 3.897e-05 1.053e-05 9.563e-05 -1.000 2.292e-04 6.078 7.258 6.489 6.022 5.873 5.823 5.814
0.00024632 -1.80000 10.07188 0.6336824894 2.3425622951    0.633 -0.476  3.7473  4.657    1  0.000  0.543     0.00     0.00     0.00     0.00     0.00 -1 -2.48e-14      0.00 8.063e-01 1.935e-01 3.840e-05 1.038e-05 9.427e-05 -1.000 2.395e-04 5.959 7.084 6.350 5.906 5.767 5.724 5.717
0.00024632 -1.80000 10.07188 0.6436185837 2.3483963850    0.643 -0.431  3.7531  4.642    1  0.000  0.543     0.00     0.00     0.00     0.00     0.00 -1 -7.76e-16      0.00 8.096e-01 1.901e-01 3.785e-05 1.023e-05 9.295e-05 -1.000 2.300e-04 5.848 6.924 6.221 5.798 5.668 5.631 5.627
0.00024632 -1.80000 10.07188 0.6499999762 2.3520353107    0.650 -0.402  3.7567  4.632    1  0.000  0.543     0.00     0.00     0.00     0.00     0.00 -1 -2.98e-14      0.00 8.119e-01 1.879e-01 3.748e-05 1.013e-05 9.207e-05 -1.000 2.227e-04 5.775 6.821 6.137 5.728 5.605 5.572 5.569
0.00024632 -1.80000 10.07188 0.6593696475 2.3572317756    0.659 -0.359  3.7618  4.615    1  0.000  0.542     0.00     0.00     0.00     0.00     0.00 -1 -3.32e-14      0.00 8.160e-01 1.838e-01 3.681e-05 9.955e-06 9.046e-05 -1.000 2.455e-04 5.668 6.673 6.015 5.625 5.510 5.482 5.482
0.00024632 -1.80000 10.07188 0.6714709997 2.3636970670    0.671 -0.303  3.7682  4.592    1  0.000  0.542     0.00     0.00     0.00     0.00     0.00 -1 -3.85e-14      0.00 8.216e-01 1.781e-01 3.588e-05 9.707e-06 8.824e-05 -1.000 2.375e-04 5.527 6.488 5.858 5.491 5.386 5.364 5.366
0.00024632 -1.80000 10.07188 0.6825889945 2.3694052124    0.682 -0.250  3.7739  4.569    1  0.000  0.542     0.00     0.00     0.00     0.00     0.00 -1 -3.57e-14      0.00 8.272e-01 1.726e-01 3.496e-05 9.464e-06 8.605e-05 -1.000 2.142e-04 5.394 6.318 5.711 5.365 5.269 5.253 5.256
0.00024632 -1.80000 10.07188 0.6931903362 2.3746524409    0.693 -0.197  3.7793  4.545    1  0.000  0.541     0.00     0.00     0.00     0.00     0.00 -1 -2.08e-14      0.00 8.329e-01 1.669e-01 3.403e-05 9.216e-06 8.383e-05 -1.000 1.571e-04 5.263 6.153 5.568 5.241 5.153 5.142 5.148
0.00024632 -1.80000 10.07188 0.7000000477 2.3779267258    0.700 -0.163  3.7828  4.528    1  0.000  0.541     0.00     0.00     0.00     0.00     0.00 -1  -5.6e-14      0.00 8.368e-01 1.631e-01 3.340e-05 9.047e-06 8.232e-05 -1.000 1.940e-04 5.176 6.048 5.473 5.158 5.076 5.068 5.075
0.00024632 -1.80000 10.07188 0.7037686706 2.3797074865    0.703 -0.143  3.7845  4.518    1  0.000  0.540     0.00     0.00     0.00     0.00     0.00 -1 -5.91e-14      0.00 8.390e-01 1.608e-01 3.301e-05 8.951e-06 8.147e-05 -1.000 2.166e-04 5.128 5.990 5.421 5.112 5.033 5.027 5.034
0.00024632 -1.80000 10.07188 0.7134554982 2.3841856225    0.713 -0.091  3.7891  4.490    1  0.000  0.538     0.00     0.00     0.00     0.00     0.00 -1 -6.83e-14      0.00 8.445e-01 1.553e-01 3.203e-05 8.712e-06 7.937e-05 -1.000 2.014e-04 4.997 5.835 5.280 4.987 4.915 4.914 4.923
0.00024632 -1.80000 10.07188 0.7219586968 2.3880028907    0.722 -0.043  3.7930  4.463    1  0.000  0.536     0.00     0.00     0.00     0.00     0.00 -1 -7.83e-14      0.00 8.491e-01 1.507e-01 3.123e-05 8.519e-06 7.765e-05 -1.000 1.881e-04 4.877 5.696 5.150 4.872 4.806 4.808 4.819
0.00024632 -1.80000 10.07188 0.7303551435 2.3916721087    0.730  0.007  3.7968  4.433    1  0.000  0.534     0.00     0.00     0.00     0.00     0.00 -1 -9.04e-14      0.00 8.533e-01 1.465e-01 3.052e-05 8.347e-06 7.614e-05 -1.000 1.530e-04 4.751 5.553 5.015 4.750 4.691 4.697 4.709
0.00024632 -1.80000 10.07188 0.7375669479 2.3947470653    0.737  0.053  3.8000  4.405    1  0.000  0.533     0.00     0.00     0.00     0.00     0.00 -1 -1.03e-13      0.00 8.566e-01 1.433e-01 2.998e-05 8.219e-06 7.502e-05 -1.000 1.509e-04 4.638 5.424 4.894 4.640 4.586 4.595 4.608
0.00024632 -1.80000 10.07188 0.7445540428 2.3976609687    0.744  0.100  3.8029  4.374    1  0.000  0.531     0.00     0.00     0.00     0.00     0.00 -1  -6.9e-14      0.00 8.594e-01 1.404e-01 2.951e-05 8.109e-06 7.407e-05 -1.000 1.814e-04 4.521 5.296 4.769 4.526 4.477 4.489 4.502
0.00024632 -1.80000 10.07188 0.7500000596 2.3998889329    0.749  0.138  3.8051  4.348    1  0.000  0.530     0.00     0.00     0.00     0.00     0.00 -1 -1.33e-13      0.00 8.615e-01 1.383e-01 2.918e-05 8.032e-06 7.340e-05 -1.000 2.227e-04 4.426 5.191 4.668 4.433 4.387 4.401 4.415
0.00024632 -1.80000 10.07188 0.7564535141 2.4024813377    0.756  0.186  3.8079  4.314    1  0.000  0.530     0.00     0.00     0.00     0.00     0.00 -1 -1.53e-13      0.00 8.623e-01 1.375e-01 2.916e-05 8.027e-06 7.338e-05 -1.000 2.124e-04 4.305 5.059 4.539 4.315 4.273 4.290 4.305
0.00024632 -1.80000 10.07188 0.7630459070 2.4050775541    0.762  0.239  3.8105  4.275    1  0.000  0.529     0.00     0.00     0.00     0.00     0.00 -1 -1.81e-13      0.00 8.630e-01 1.368e-01 2.914e-05 8.024e-06 7.339e-05 -1.000 1.454e-04 4.172 4.915 4.398 4.183 4.146 4.166 4.181
0.00024632 -1.80000 10.07188 0.7690781951 2.4074083982    0.768  0.292  3.8125  4.234    1  0.000  0.529     0.00     0.00     0.00     0.00     0.00 -1 -2.13e-13      0.00 8.636e-01 1.362e-01 2.913e-05 8.026e-06 7.343e-05 -1.000 1.501e-04 4.040 4.775 4.260 4.052 4.019 4.041 4.057
0.00024632 -1.80000 10.07188 0.7746974230 2.4095421261    0.774  0.344  3.8140  4.190    1  0.000  0.529     0.00     0.00     0.00     0.00     0.00 -1 -2.51e-13      0.00 8.629e-01 1.370e-01 2.933e-05 8.081e-06 7.394e-05 -1.000 1.554e-04 3.910 4.639 4.124 3.922 3.891 3.914 3.931
0.00024632 -1.80000 10.07188 0.7785472870 2.4109835633    0.777  0.382  3.8145  4.156    1  0.000  0.529     0.00     0.00     0.00     0.00     0.00 -1 -2.86e-13      0.00 8.620e-01 1.378e-01 2.951e-05 8.132e-06 7.441e-05 -1.000 1.585e-04 3.814 4.541 4.025 3.826 3.797 3.820 3.837
0.00024632 -1.80000 10.07188 0.7798205614 2.4114566930    0.779  0.396  3.8144  4.143    1  0.000  0.529     0.00     0.00     0.00     0.00     0.00 -1    -3e-13      0.00 8.618e-01 1.381e-01 2.957e-05 8.150e-06 7.457e-05 -1.000 1.592e-04 3.779 4.506 3.990 3.791 3.761 3.785 3.801
0.00024632 -1.80000 10.07188 0.7847539186 2.4132731929    0.784  0.454  3.8129  4.082    1  0.000  0.529     0.00     0.00     0.00     0.00     0.00 -1 -3.64e-13      0.00 8.607e-01 1.392e-01 2.982e-05 8.217e-06 7.519e-05 -1.000 1.614e-04 3.635 4.365 3.846 3.644 3.613 3.635 3.651
0.00024632 -1.80000 10.07188 0.7884882689 2.4146308403    0.787  0.504  3.8098  4.021    1  0.000  0.529     0.00     0.00     0.00     0.00     0.00 -1 -4.38e-13      0.00 8.599e-01 1.400e-01 3.000e-05 8.267e-06 7.565e-05 -1.000 1.631e-04 3.510 4.248 3.726 3.515 3.480 3.499 3.514
0.00024632 -1.80000 10.07188 0.7891234756 2.4148603038    0.788  0.513  3.8091  4.009    1  0.000  0.529     0.00     0.00     0.00     0.00     0.00 -1 -4.55e-13      0.00 8.597e-01 1.401e-01 3.003e-05 8.276e-06 7.573e-05 -1.000 1.633e-04 3.486 4.227 3.704 3.491 3.455 3.473 3.487
0.00024632 -1.80000 10.07188 0.7897748947 2.4150951831    0.788  0.524  3.8080  3.995    2  0.000  0.529     0.00     0.00     0.00     0.00     0.00 -1 -4.74e-13      0.00 8.596e-01 1.403e-01 3.006e-05 8.285e-06 7.581e-05 -1.000 1.636e-04 3.460 4.205 3.680 3.464 3.426 3.443 3.457
0.00024632 -1.80000 10.07188 0.7919656038 2.4158818184    0.791  0.562  3.8030  3.938    2  0.000  0.529     0.00     0.00     0.00     0.00     0.00 -1 -5.49e-13      0.00 8.591e-01 1.407e-01 3.017e-05 8.314e-06 7.608e-05 -1.000 1.646e-04 3.365 4.127 3.594 3.363 3.318 3.330 3.343
0.00024632 -1.80000 10.07188 0.7936417460 2.4164803130    0.792  0.596  3.7967  3.879    2  0.000  0.529     0.00     0.00     0.00     0.00     0.00 -1 -6.35e-13      0.00 8.587e-01 1.412e-01 3.028e-05 8.345e-06 7.636e-05 -1.000 1.654e-04 3.279 4.066 3.522 3.272 3.217 3.223 3.234
0.00024632 -1.80000 10.07188 0.7949544787 2.4169470199    0.793  0.627  3.7892  3.819    2  0.000  0.529     0.00     0.00     0.00     0.00     0.00 -1  -7.3e-13      0.00 8.579e-01 1.420e-01 3.049e-05 8.403e-06 7.689e-05 -1.000 1.700e-04 3.202 4.020 3.463 3.188 3.122 3.121 3.129
0.00024632 -1.80000 10.07188 0.7960128188 2.4173219958    0.794  0.655  3.7810  3.759    2  0.000  0.529     0.00     0.00     0.00     0.00     0.00 -1 -8.33e-13      0.00 8.522e-01 1.476e-01 3.193e-05 8.795e-06 8.044e-05 -1.000 1.725e-04 3.133 3.990 3.415 3.113 3.034 3.025 3.030
0.00024632 -1.80000 10.07188 0.7969006896 2.4176356901    0.795  0.680  3.7728  3.701    2  0.000  0.530     0.00     0.00     0.00     0.00     0.00 -1 -9.44e-13      0.00 8.354e-01 1.644e-01 3.489e-05 9.592e-06 8.760e-05 -1.000 1.812e-04 3.070 3.972 3.373 3.044 2.952 2.935 2.936
0.00024632 -1.80000 10.07188 0.7976839542 2.4179117593    0.796  0.706  3.7651  3.646    2  0.000  0.533     0.00     0.00     0.00     0.00     0.00 -1 -8.22e-13      0.00 8.086e-01 1.912e-01 3.876e-05 1.063e-05 9.688e-05 -1.000 2.189e-04 3.006 3.953 3.331 2.976 2.872 2.847 2.846
0.00024632 -1.80000 10.07188 0.7983787656 2.4181561309    0.797  0.734  3.7580  3.590    2  0.000  0.535     0.00     0.00     0.00     0.00     0.00 -1 -9.04e-13      0.00 7.906e-01 2.092e-01 4.136e-05 1.133e-05 1.031e-04 -1.000 2.001e-04 2.936 3.928 3.281 2.902 2.787 2.755 2.751
0.00024632 -1.80000 10.07188 0.7990667820 2.4183976312    0.797  0.770  3.7516  3.528    2  0.000  0.536     0.00     0.00     0.00     0.00     0.00 -1 -1.19e-12      0.00 7.798e-01 2.200e-01 4.297e-05 1.176e-05 1.069e-04 -1.000 2.442e-04 2.844 3.880 3.210 2.809 2.684 2.645 2.638
0.00024632 -1.80000 10.07188 0.7996098399 2.4185879122    0.798  0.807  3.7473  3.474    2  0.000  0.536     0.00     0.00     0.00     0.00     0.00 -1 -1.53e-12      0.00 7.744e-01 2.253e-01 4.377e-05 1.197e-05 1.088e-04 -1.000 2.554e-04 2.752 3.819 3.132 2.716 2.584 2.540 2.532
0.00024632 -1.80000 10.07188 0.7999810576 2.4187178116    0.798  0.836  3.7447  3.435    2  0.000  0.536     0.00     0.00     0.00     0.00     0.00 -1 -1.83e-12      0.00 7.716e-01 2.281e-01 4.418e-05 1.208e-05 1.098e-04 -1.000 2.454e-04 2.681 3.767 3.069 2.644 2.508 2.462 2.452
0.00024632 -1.80000 10.07188 0.8000000119 2.4187244405    0.798  0.837  3.7446  3.433    2  0.000  0.536     0.00     0.00     0.00     0.00     0.00 -1 -1.85e-12      0.00 7.715e-01 2.283e-01 4.420e-05 1.208e-05 1.099e-04 -1.000 2.377e-04 2.677 3.764 3.066 2.640 2.504 2.457 2.448
0.00024632 -1.80000 10.07188 0.8001515269 2.4187774170    0.798  0.850  3.7437  3.416    3  0.000  0.536     0.00     0.00     0.00     0.00     0.00 -1 -1.94e-12      0.00 7.707e-01 2.291e-01 4.432e-05 1.212e-05 1.102e-04 -1.000 1.761e-04 2.644 3.737 3.036 2.607 2.469 2.422 2.412
0.00024632 -1.80000 10.07188 0.8006092906 2.4189373321    0.799  0.893  3.7414  3.365    3  0.000  0.537     0.00     0.00     0.00     0.00     0.00 -1 -2.26e-12      0.00 7.682e-01 2.316e-01 4.466e-05 1.221e-05 1.110e-04 -1.000 2.661e-04 2.539 3.649 2.938 2.502 2.360 2.310 2.300
0.00024632 -1.80000 10.07188 0.8011099100 2.4191119777    0.799  0.942  3.7390  3.306    3  0.000  0.537     0.00     0.00     0.00     0.00     0.00 -1 -2.71e-12      0.00 7.658e-01 2.339e-01 4.495e-05 1.228e-05 1.117e-04 -1.000 2.569e-04 2.414 3.543 2.822 2.378 2.232 2.180 2.168
0.00024632 -1.80000 10.07188 0.8015348315 2.4192600186    0.799  0.988  3.7373  3.254    3  0.000  0.537     0.00     0.00     0.00     0.00     0.00 -1 -3.19e-12      0.00 7.640e-01 2.358e-01 4.514e-05 1.234e-05 1.121e-04 -1.000 2.566e-04 2.301 3.444 2.714 2.265 2.117 2.062 2.049
0.00024632 -1.80000 10.07188 0.8019407988 2.4194012874    0.800  1.034  3.7356  3.202    3  0.000  0.537     0.00     0.00     0.00     0.00     0.00 -1 -3.77e-12      0.00 7.624e-01 2.373e-01 4.531e-05 1.238e-05 1.125e-04 -1.000 2.682e-04 2.185 3.341 2.605 2.150 2.000 1.943 1.929
0.00024632 -1.80000 10.07188 0.8023532033 2.4195446280    0.800  1.084  3.7339  3.145    3  0.000  0.537     0.00     0.00     0.00     0.00     0.00 -1 -4.52e-12      0.00 7.606e-01 2.391e-01 4.545e-05 1.243e-05 1.129e-04 -1.000 2.677e-04 2.060 3.229 2.485 2.025 1.872 1.813 1.799
0.00024632 -1.80000 10.07188 0.8027321100 2.4196761763    0.800  1.134  3.7324  3.089    3  0.000  0.537     0.00     0.00     0.00     0.00     0.00 -1  -5.4e-12      0.00 7.592e-01 2.406e-01 4.554e-05 1.246e-05 1.132e-04 -1.000 2.648e-04 1.934 3.115 2.365 1.901 1.745 1.685 1.670
0.00024632 -1.80000 10.07188 0.8030721545 2.4197941110    0.801  1.183  3.7309  3.034    3  0.000  0.536     0.00     0.00     0.00     0.00     0.00 -1 -6.43e-12      0.00 7.578e-01 2.419e-01 4.559e-05 1.249e-05 1.134e-04 -1.000 2.561e-04 1.813 3.005 2.249 1.780 1.622 1.560 1.544
0.00024632 -1.80000 10.07188 0.8033695221 2.4198971503    0.801  1.229  3.7295  2.982    3  0.000  0.536     0.00     0.00     0.00     0.00     0.00 -1  -7.6e-12      0.00 7.566e-01 2.431e-01 4.560e-05 1.253e-05 1.136e-04 -1.000 2.549e-04 1.697 2.901 2.139 1.665 1.505 1.442 1.425
0.00024632 -1.80000 10.07188 0.8036591411 2.4199974204    0.801  1.278  3.7280  2.928    3  0.000  0.535     0.00     0.00     0.00     0.00     0.00 -1 -9.06e-12      0.00 7.554e-01 2.443e-01 4.556e-05 1.258e-05 1.137e-04 -1.000 2.676e-04 1.575 2.792 2.022 1.544 1.381 1.316 1.298
0.00024632 -1.80000 10.07188 0.8039368987 2.4200935059    0.801  1.329  3.7265  2.870    3  0.000  0.533     0.00     0.00     0.00     0.00     0.00 -1 -1.09e-11      0.00 7.545e-01 2.453e-01 4.548e-05 1.266e-05 1.138e-04 -1.000 2.602e-04 1.447 2.676 1.899 1.416 1.251 1.184 1.166
0.00024632 -1.80000 10.07188 0.8041698337 2.4201740269    0.801  1.376  3.7249  2.817    3  0.000  0.532     0.00     0.00     0.00     0.00     0.00 -1 -1.29e-11      0.00 7.537e-01 2.461e-01 4.538e-05 1.274e-05 1.139e-04 -1.000 2.536e-04 1.329 2.572 1.787 1.300 1.133 1.064 1.044
0.00024632 -1.80000 10.07188 0.8043822646 2.4202474133    0.801  1.423  3.7234  2.765    3  0.000  0.530     0.00     0.00     0.00     0.00     0.00 -1 -1.53e-11      0.00 7.530e-01 2.467e-01 4.528e-05 1.284e-05 1.140e-04 -1.000 2.680e-04 1.213 2.469 1.676 1.184 1.015 0.944 0.924
0.00024632 -1.80000 10.07188 0.8045819998 2.4203163732    0.801  1.471  3.7219  2.711    3  0.000  0.529     0.00     0.00     0.00     0.00     0.00 -1 -1.81e-11      0.00 7.525e-01 2.472e-01 4.517e-05 1.294e-05 1.141e-04 -1.000 2.676e-04 1.093 2.361 1.562 1.065 0.893 0.821 0.800
0.00024632 -1.80000 10.07188 0.8047586083 2.4203773157    0.801  1.517  3.7203  2.658    3  0.000  0.528     0.00     0.00     0.00     0.00     0.00 -1 -2.14e-11      0.00 7.521e-01 2.476e-01 4.508e-05 1.303e-05 1.141e-04 -1.000 2.671e-04 0.977 2.259 1.453 0.950 0.776 0.702 0.680
0.00024632 -1.80000 10.07188 0.8049265146 2.4204352267    0.801  1.565  3.7186  2.603    3  0.000  0.527     0.00     0.00     0.00     0.00     0.00 -1 -2.55e-11      0.00 7.518e-01 2.479e-01 4.501e-05 1.310e-05 1.141e-04 -1.000 2.677e-04 0.856 2.154 1.339 0.831 0.654 0.578 0.555
0.00024632 -1.80000 10.07188 0.8050745130 2.4204862485    0.801  1.612  3.7170  2.550    3  0.000  0.526     0.00     0.00     0.00     0.00     0.00 -1 -3.02e-11      0.00 7.517e-01 2.481e-01 4.497e-05 1.314e-05 1.141e-04 -1.000 2.682e-04 0.740 2.052 1.229 0.716 0.537 0.458 0.435
0.00024632 -1.80000 10.07188 0.8052062392 2.4205316424    0.801  1.657  3.7154  2.498    3  0.000  0.526     0.00     0.00     0.00     0.00     0.00 -1 -3.56e-11      0.00 7.516e-01 2.482e-01 4.494e-05 1.317e-05 1.141e-04 -1.000 2.681e-04 0.627 1.955 1.124 0.605 0.423 0.343 0.318
0.00024632 -1.80000 10.07188 0.8053317666 2.4205748842    0.801  1.704  3.7136  2.444    3  0.000  0.526     0.00     0.00     0.00     0.00     0.00 -1 -4.21e-11      0.00 7.515e-01 2.482e-01 4.493e-05 1.318e-05 1.141e-04 -1.000 2.682e-04 0.510 1.857 1.014 0.488 0.304 0.221 0.196
0.00024632 -1.80000 10.07188 0.8054453731 2.4206140061    0.801  1.750  3.7120  2.391    3  0.000  0.526     0.00     0.00     0.00     0.00     0.00 -1 -4.98e-11      0.00 7.515e-01 2.482e-01 4.493e-05 1.319e-05 1.141e-04 -1.000 2.682e-04 0.395 1.760 0.905 0.373 0.186 0.102 0.076
0.00024632 -1.80000 10.07188 0.8055453897 2.4206484377    0.801  1.794  3.7102  2.340    3  0.000  0.526     0.00     0.00     0.00     0.00     0.00 -1 -5.86e-11      0.00 7.515e-01 2.482e-01 4.492e-05 1.319e-05 1.141e-04 -1.000 2.681e-04 0.284 1.668 0.802 0.263 0.073 -0.013 -0.040
0.00024632 -1.80000 10.07188 0.8056372404 2.4206800494    0.800  1.839  3.7085  2.289    3  0.000  0.526     0.00     0.00     0.00     0.00     0.00 -1 -6.88e-11      0.00 7.515e-01 2.482e-01 4.492e-05 1.319e-05 1.141e-04 -1.000 2.682e-04 0.174 1.578 0.700 0.154 -0.039 -0.127 -0.155
0.00024632 -1.80000 10.07188 0.8057261705 2.4207106481    0.800  1.885  3.7067  2.235    3  0.000  0.526     0.00     0.00     0.00     0.00     0.00 -1 -8.13e-11      0.00 7.515e-01 2.482e-01 4.492e-05 1.320e-05 1.141e-04 -1.000 2.682e-04 0.058 1.484 0.593 0.040 -0.156 -0.246 -0.275
0.00024632 -1.80000 10.07188 0.8058039546 2.4207374053    0.800  1.929  3.7049  2.184    3  0.000  0.526     0.00     0.00     0.00     0.00     0.00 -1 -9.54e-11      0.00 7.515e-01 2.482e-01 4.492e-05 1.320e-05 1.141e-04 -1.000 2.682e-04 -0.051 1.396 0.493 -0.068 -0.267 -0.360 -0.390
0.00024632 -1.80000 10.07188 0.8058755398 2.4207620249    0.800  1.972  3.7031  2.133    3  0.000  0.526     0.00     0.00     0.00     0.00     0.00 -1 -1.12e-10      0.00 7.515e-01 2.482e-01 4.492e-05 1.320e-05 1.142e-04 -1.000 2.681e-04 -0.160 1.309 0.393 -0.175 -0.378 -0.473 -0.503
0.00024632 -1.80000 10.07188 0.8059433103 2.4207853279    0.799  2.017  3.7014  2.082    3  0.000  0.526     0.00     0.00     0.00     0.00     0.00 -1 -1.32e-10      0.00 7.515e-01 2.482e-01 4.491e-05 1.320e-05 1.142e-04 -1.000 2.682e-04 -0.272 1.219 0.290 -0.285 -0.491 -0.588 -0.619
0.00024632 -1.80000 10.07188 0.8060029745 2.4208058399    0.799  2.058  3.6995  2.032    3  0.000  0.526     0.00     0.00     0.00     0.00     0.00 -1 -1.53e-10      0.00 7.515e-01 2.482e-01 4.491e-05 1.321e-05 1.142e-04 -1.000 2.682e-04 -0.375 1.139 0.197 -0.387 -0.596 -0.695 -0.728
0.00024632 -1.80000 10.07188 0.8060604334 2.4208255903    0.799  2.100  3.6977  1.983    3  0.000  0.526     0.00     0.00     0.00     0.00     0.00 -1 -1.79e-10      0.00 7.515e-01 2.482e-01 4.491e-05 1.321e-05 1.142e-04 -1.000 2.681e-04 -0.480 1.059 0.102 -0.489 -0.702 -0.803 -0.837
0.00024632 -1.80000 10.07188 0.8061200380 2.4208460749    0.798  2.141  3.6960  1.935    3  0.000  0.526     0.00     0.00     0.00     0.00     0.00 -1 -2.08e-10      0.00 7.515e-01 2.483e-01 4.491e-05 1.321e-05 1.142e-04 -1.000 2.682e-04 -0.584 0.982 0.009 -0.591 -0.807 -0.910 -0.945
0.00024632 -1.80000 10.07188 0.8061733842 2.4208644057    0.797  2.165  3.6950  1.906    3  0.000  0.526     0.00     0.00     0.00     0.00     0.00 -1 -2.28e-10      0.00 7.515e-01 2.483e-01 4.491e-05 1.321e-05 1.142e-04 -1.000 2.682e-04 -0.643 0.937 -0.045 -0.650 -0.868 -0.972 -1.008
0.00024632 -1.80000 10.07188 0.8062065244 2.4208757919    0.797  2.155  3.6957  1.919    3  0.000  0.526     0.00     0.00     0.00     0.00     0.00 -1 -2.21e-10      0.00 7.515e-01 2.483e-01 4.491e-05 1.321e-05 1.142e-04 -1.000 2.682e-04 -0.618 0.952 -0.024 -0.626 -0.842 -0.945 -0.980
0.00024632 -1.80000 10.07188 0.8062109351 2.4208773072    0.797  2.154  3.6958  1.921    3  0.000  0.526     0.00     0.00     0.00     0.00     0.00 -1  -2.2e-10      0.00 7.515e-01 2.483e-01 4.491e-05 1.321e-05 1.142e-04 -1.000 2.681e-04 -0.615 0.954 -0.021 -0.622 -0.838 -0.942 -0.977
0.00024632 -1.80000 10.07188 0.8062372208 2.4208863375    0.797  2.180  3.6946  1.890    3  0.000  0.526     0.00     0.00     0.00     0.00     0.00 -1 -2.41e-10      0.00 7.515e-01 2.483e-01 4.491e-05 1.321e-05 1.142e-04 -1.000 2.681e-04 -0.680 0.907 -0.080 -0.686 -0.905 -1.010 -1.045
0.00024632 -1.80000 10.07188 0.8062770963 2.4209000351    0.796  2.222  3.6927  1.840    3  0.000  0.526     0.00     0.00     0.00     0.00     0.00 -1 -2.79e-10      0.00 7.515e-01 2.483e-01 4.491e-05 1.321e-05 1.142e-04 -1.000 2.682e-04 -0.785 0.832 -0.173 -0.789 -1.010 -1.118 -1.155
0.00024632 -1.80000 10.07188 0.8063141704 2.4209127691    0.796  2.263  3.6908  1.791    3  0.000  0.526     0.00     0.00     0.00     0.00     0.00 -1 -3.25e-10      0.00 7.515e-01 2.483e-01 4.491e-05 1.322e-05 1.142e-04 -1.000 2.682e-04 -0.887 0.758 -0.264 -0.889 -1.115 -1.225 -1.263
0.00024632 -1.80000 10.07188 0.8063484430 2.4209245396    0.795  2.304  3.6889  1.742    3  0.000  0.526     0.00     0.00     0.00     0.00     0.00 -1 -3.78e-10      0.00 7.515e-01 2.483e-01 4.491e-05 1.322e-05 1.142e-04 -1.000 2.681e-04 -0.989 0.688 -0.353 -0.988 -1.217 -1.330 -1.369
0.00024632 -1.80000 10.07188 0.8063785434 2.4209348763    0.795  2.342  3.6870  1.697    3  0.000  0.526     0.00     0.00     0.00     0.00     0.00 -1 -4.35e-10      0.00 7.515e-01 2.483e-01 4.490e-05 1.322e-05 1.142e-04 -1.000 2.681e-04 -1.084 0.624 -0.436 -1.080 -1.313 -1.428 -1.468
0.00024632 -1.80000 10.07188 0.8064078689 2.4209449460    0.794  2.381  3.6852  1.649    3  0.000  0.526     0.00     0.00     0.00     0.00     0.00 -1 -5.03e-10      0.00 7.515e-01 2.483e-01 4.490e-05 1.322e-05 1.142e-04 -1.000 2.682e-04 -1.183 0.560 -0.522 -1.176 -1.413 -1.530 -1.571
0.00024632 -1.80000 10.07188 0.8064336181 2.4209537870    0.793  2.418  3.6832  1.604    3  0.000  0.525     0.00     0.00     0.00     0.00     0.00 -1 -5.78e-10      0.00 7.515e-01 2.483e-01 4.490e-05 1.322e-05 1.142e-04 -1.000 2.682e-04 -1.276 0.515 -0.600 -1.268 -1.508 -1.628 -1.671
0.00024632 -1.80000 10.07188 0.8064585924 2.4209623613    0.793  2.457  3.6814  1.558    3  0.000  0.525     0.00     0.00     0.00     0.00     0.00 -1 -6.67e-10      0.00 7.515e-01 2.483e-01 4.490e-05 1.322e-05 1.142e-04 -1.000 2.682e-04 -1.372 0.465 -0.682 -1.364 -1.607 -1.729 -1.773
0.00024632 -1.80000 10.07188 0.8064808249 2.4209699938    0.792  2.494  3.6795  1.513    3  0.000  0.525     0.00     0.00     0.00     0.00     0.00 -1 -7.64e-10      0.00 7.514e-01 2.483e-01 4.490e-05 1.322e-05 1.142e-04 -1.000 2.682e-04 -1.464 0.424 -0.757 -1.454 -1.701 -1.826 -1.870
0.00024632 -1.80000 10.07188 0.8065066934 2.4209788739    0.791  2.539  3.6771  1.457    3  0.000  0.525     7.31     5.75     4.08     3.15     2.55  3 -9.05e-10      0.00 7.514e-01 2.483e-01 4.490e-05 1.322e-05 1.142e-04 -1.000 2.682e-04 -1.578 0.381 -0.849 -1.566 -1.818 -1.946 -1.992
0.00024632 -1.80000 10.07188 0.8065297008 2.4209867713    0.790  2.583  3.6749  1.404    3  0.000  0.525     8.18     6.33     4.47     3.46     2.80  3 -1.07e-09      0.00 7.514e-01 2.483e-01 4.490e-05 1.322e-05 1.142e-04 -1.000 2.682e-04 -1.688 0.344 -0.935 -1.673 -1.930 -2.061 -2.109
0.00024632 -1.80000 10.07188 0.8065477014 2.4209929498    0.789  2.620  3.6728  1.358    3  0.000  0.525     9.02     6.88     4.84     3.75     3.04  3 -1.22e-09      0.00 7.514e-01 2.483e-01 4.490e-05 1.322e-05 1.142e-04 -1.000 2.682e-04 -1.780 0.322 -1.004 -1.763 -2.025 -2.159 -2.208
0.00024632 -1.80000 10.07188 0.8065669537 2.4209995575    0.787  2.662  3.6706  1.306    3  0.000  0.525    10.05     7.55     5.28     4.10     3.32  3 -1.43e-09      0.00 7.514e-01 2.483e-01 4.490e-05 1.322e-05 1.142e-04 -1.000 2.682e-04 -1.885 0.298 -1.082 -1.865 -2.133 -2.270 -2.320
0.00024632 -1.80000 10.07188 0.8065822721 2.4210048148    0.786  2.698  3.6685  1.262    3  0.000  0.525    11.04     8.18     5.70     4.44     3.59  3 -1.64e-09      0.00 7.514e-01 2.483e-01 4.490e-05 1.322e-05 1.142e-04 -1.000 2.682e-04 -1.975 0.285 -1.146 -1.952 -2.225 -2.365 -2.416
0.00024632 -1.80000 10.07188 0.8065984845 2.4210103786    0.785  2.738  3.6662  1.211    3  0.000  0.525    12.28     8.95     6.22     4.84     3.92  3 -1.91e-09      0.00 7.514e-01 2.483e-01 4.490e-05 1.322e-05 1.142e-04 -1.000 2.682e-04 -2.076 0.276 -1.216 -2.048 -2.327 -2.471 -2.524
0.00024632 -1.80000 10.07188 0.8066139817 2.4210156968    0.783  2.780  3.6639  1.160    3  0.000  0.525    13.69     9.83     6.80     5.30     4.29  2 -2.23e-09      0.00 7.514e-01 2.483e-01 4.490e-05 1.323e-05 1.142e-04 -1.000 2.682e-04 -2.179 0.272 -1.286 -2.146 -2.433 -2.580 -2.635
0.00024632 -1.80000 10.07188 0.8066284657 2.4210206670    0.781  2.821  3.6614  1.108    3  0.000  0.525    15.28    10.79     7.43     5.80     4.70  2  -2.6e-09      0.00 7.514e-01 2.483e-01 4.490e-05 1.323e-05 1.142e-04 -1.000 2.681e-04 -2.282 0.279 -1.351 -2.244 -2.538 -2.689 -2.746
0.00024632 -1.80000 10.07188 0.8066410422 2.4210249826    0.780  2.859  3.6592  1.059    3  0.000  0.525    16.91    11.76     8.07     6.31     5.11  2 -3.01e-09      0.00 7.514e-01 2.483e-01 4.490e-05 1.323e-05 1.142e-04 -1.000 2.681e-04 -2.378 0.290 -1.410 -2.334 -2.635 -2.790 -2.848
0.00024632 -1.80000 10.07188 0.8066533804 2.4210292161    0.778  2.899  3.6567  1.009    3  0.000  0.525    18.83    12.89     8.80     6.90     5.59  2  -3.5e-09      0.00 7.514e-01 2.483e-01 4.490e-05 1.323e-05 1.142e-04 -1.000 2.682e-04 -2.478 0.292 -1.470 -2.425 -2.734 -2.893 -2.954
0.00024632 -1.80000 10.07188 0.8066641092 2.4210328974    0.776  2.936  3.6545  0.961    3  0.000  0.525    20.79    14.02     9.54     7.48     6.07  2 -4.03e-09      0.00 7.514e-01 2.483e-01 4.490e-05 1.323e-05 1.142e-04 -1.000 2.682e-04 -2.571 0.280 -1.528 -2.509 -2.826 -2.989 -3.051
0.00024632 -1.80000 10.07188 0.8066744208 2.4210364354    0.773  2.974  3.6521  0.913    3  0.000  0.525    23.05    15.31    10.38     8.15     6.61  2 -4.66e-09      0.00 7.514e-01 2.483e-01 4.490e-05 1.323e-05 1.142e-04 -1.000 2.682e-04 -2.666 0.275 -1.584 -2.593 -2.919 -3.087 -3.151
0.00024632 -1.80000 10.07188 0.8066841364 2.4210397688    0.771  3.012  3.6498  0.864    3  0.000  0.525    25.53    16.70    11.27     8.87     7.19  1 -5.39e-09      0.00 7.514e-01 2.483e-01 4.490e-05 1.323e-05 1.142e-04 -1.000 2.681e-04 -2.760 0.270 -1.639 -2.677 -3.011 -3.184 -3.250
0.00024632 -1.80000 10.07188 0.8066926003 2.4210426726    0.768  3.047  3.6476  0.819    3  0.000  0.525    28.08    18.11    12.18     9.59     7.78  1 -6.17e-09      0.00 7.514e-01 2.483e-01 4.490e-05 1.323e-05 1.142e-04 -1.000 2.681e-04 -2.848 0.265 -1.690 -2.753 -3.096 -3.273 -3.341
0.00024632 -1.80000 10.07188 0.8067008257 2.4210454946    0.766  3.083  3.6452  0.772    3  0.000  0.525    30.98    19.69    13.19    10.40     8.44  1 -7.07e-09      0.00 7.514e-01 2.483e-01 4.490e-05 1.323e-05 1.142e-04 -1.000 2.682e-04 -2.937 0.263 -1.739 -2.830 -3.181 -3.363 -3.433
0.00024632 -1.80000 10.07188 0.8067085147 2.4210481325    0.763  3.118  3.6430  0.726    3  0.000  0.525    34.12    21.37    14.26    11.26     9.14  1  -8.1e-09      0.00 7.514e-01 2.483e-01 4.490e-05 1.323e-05 1.142e-04 -1.000 2.682e-04 -3.026 0.258 -1.791 -2.907 -3.267 -3.453 -3.525
0.00024632 -1.80000 10.07188 0.8067155480 2.4210505454    0.760  3.152  3.6407  0.682    3  0.000  0.525    37.48    23.14    15.39    12.17     9.87  1 -9.24e-09      0.00 7.514e-01 2.483e-01 4.490e-05 1.323e-05 1.142e-04 -1.000 2.682e-04 -3.110 0.258 -1.836 -2.980 -3.348 -3.539 -3.613
0.00024632 -1.80000 10.07188 0.8067225218 2.4210529378    0.756  3.187  3.6384  0.635    3  0.000  0.525    41.35    25.15    16.66    13.19    10.71  1 -1.06e-08      0.00 7.514e-01 2.483e-01 4.490e-05 1.323e-05 1.142e-04 -1.000 2.682e-04 -3.199 0.259 -1.880 -3.054 -3.432 -3.628 -3.704
0.00024632 -1.80000 10.07188 0.8067287207 2.4210550643    0.753  3.220  3.6363  0.591    3  0.000  0.525    45.31    27.18    17.94    14.22    11.54  1 -1.21e-08      0.00 7.514e-01 2.483e-01 4.490e-05 1.323e-05 1.142e-04 -1.000 2.682e-04 -3.281 0.258 -1.921 -3.123 -3.509 -3.710 -3.788
0.00024632 -1.80000 10.07188 0.8067347407 2.4210571295    0.749  3.253  3.6341  0.547    3  0.000  0.525    49.68    29.38    19.32    15.34    12.45  1 -1.37e-08      0.00 7.514e-01 2.483e-01 4.490e-05 1.323e-05 1.142e-04 -1.000 2.682e-04 -3.363 0.260 -1.960 -3.190 -3.586 -3.792 -3.872
0.00024632 -1.80000 10.07188 0.8067398071 2.4210588675    0.745  3.279  3.6324  0.513    3  0.000  0.525    53.42    31.23    20.48    16.28    13.22  1 -1.53e-08      0.00 7.514e-01 2.483e-01 4.490e-05 1.323e-05 1.142e-04 -1.000 2.682e-04 -3.427 0.261 -1.991 -3.244 -3.647 -3.857 -3.938
0.00024632 -1.80000 10.07188 0.8067398071 2.4210588675    0.745  1.695  3.8443  2.944    4  0.000  0.529     0.00     0.00     0.00     0.00     0.00 -1    -1e-30      0.00 7.513e-01 2.484e-01 4.560e-05 1.308e-05 1.151e-04 -1.000 2.681e-04 0.533 1.084 0.569 0.519 0.565 0.599 0.622
0.00024632 -1.80000 10.07188 0.8067431450 2.4210600125    0.745  1.699  3.8425  2.933    4  0.000  0.529     0.00     0.00     0.00     0.00     0.00 -1    -1e-30      0.00 7.513e-01 2.484e-01 4.560e-05 1.308e-05 1.151e-04 -1.000 2.682e-04 0.523 1.079 0.563 0.508 0.550 0.583 0.606
0.00024632 -1.80000 10.07188 0.8067990541 2.4210791898    0.745  1.717  3.8348  2.885    4  0.000  0.529     0.00     0.00     0.00     0.00     0.00 -1    -1e-30      0.00 7.513e-01 2.484e-01 4.560e-05 1.308e-05 1.151e-04 -1.000 2.682e-04 0.478 1.059 0.538 0.456 0.485 0.513 0.534
0.00024632 -1.80000 10.07188 0.8068556190 2.4210985888    0.745  1.718  3.8354  2.886    4  0.000  0.529     0.00     0.00     0.00     0.00     0.00 -1    -1e-30      0.00 7.513e-01 2.484e-01 4.560e-05 1.308e-05 1.151e-04 -1.000 2.681e-04 0.476 1.054 0.533 0.454 0.484 0.512 0.534
0.00024632 -1.80000 10.07188 0.8069133759 2.4211183935    0.745  1.718  3.8365  2.890    4  0.000  0.529     0.00     0.00     0.00     0.00     0.00 -1    -1e-30      0.00 7.513e-01 2.484e-01 4.560e-05 1.308e-05 1.151e-04 -1.000 2.681e-04 0.475 1.049 0.530 0.454 0.486 0.515 0.537
0.00024632 -1.80000 10.07188 0.8069706559 2.4211380314    0.745  1.718  3.8377  2.895    4  0.000  0.529     0.00     0.00     0.00     0.00     0.00 -1    -1e-30      0.00 7.513e-01 2.484e-01 4.560e-05 1.308e-05 1.151e-04 -1.000 2.681e-04 0.475 1.045 0.526 0.455 0.489 0.519 0.541
0.00024632 -1.80000 10.07188 0.8070244789 2.4211564812    0.745  1.718  3.8389  2.900    4  0.000  0.529     0.00     0.00     0.00     0.00     0.00 -1    -1e-30      0.00 7.513e-01 2.484e-01 4.560e-05 1.308e-05 1.151e-04 -1.000 2.681e-04 0.475 1.041 0.523 0.456 0.492 0.523 0.545
0.00024632 -1.80000 10.07188 0.8070774078 2.4211746218    0.745  1.718  3.8402  2.905    4  0.000  0.529     0.00     0.00     0.00     0.00     0.00 -1    -1e-30      0.00 7.513e-01 2.484e-01 4.560e-05 1.308e-05 1.151e-04 -1.000 2.681e-04 0.476 1.038 0.521 0.458 0.496 0.528 0.550
0.00024632 -1.80000 10.07188 0.8071309328 2.4211929638    0.745  1.717  3.8415  2.911    4  0.000  0.529     0.00     0.00     0.00     0.00     0.00 -1    -1e-30      0.00 7.513e-01 2.484e-01 4.560e-05 1.308e-05 1.151e-04 -1.000 2.681e-04 0.477 1.035 0.518 0.460 0.501 0.533 0.556
0.00024632 -1.80000 10.07188 0.8071869612 2.4212121608    0.745  1.717  3.8427  2.916    4  0.000  0.529     0.00     0.00     0.00     0.00     0.00 -1    -1e-30      0.00 7.513e-01 2.484e-01 4.560e-05 1.308e-05 1.151e-04 -1.000 2.681e-04 0.478 1.032 0.516 0.462 0.505 0.538 0.561
0.00024632 -1.80000 10.07188 0.8072422147 2.4212310892    0.745  1.717  3.8436  2.920    4  0.000  0.529     0.00     0.00     0.00     0.00     0.00 -1    -1e-30      0.00 7.513e-01 2.484e-01 4.560e-05 1.308e-05 1.151e-04 -1.000 2.683e-04 0.478 1.029 0.514 0.463 0.508 0.541 0.565
0.00024632 -1.80000 10.07188 0.8072990179 2.4212505454    0.745  1.717  3.8443  2.923    4  0.000  0.529     0.00     0.00     0.00     0.00     0.00 -1    -1e-30      0.00 7.513e-01 2.484e-01 4.560e-05 1.308e-05 1.151e-04 -1.000 2.681e-04 0.479 1.027 0.513 0.464 0.510 0.544 0.567
0.00024632 -1.80000 10.07188 0.8073554039 2.4212698556    0.746  1.717  3.8445  2.924    4  0.000  0.529     0.00     0.00     0.00     0.00     0.00 -1    -1e-30      0.00 7.513e-01 2.484e-01 4.560e-05 1.308e-05 1.151e-04 -1.000 2.681e-04 0.478 1.026 0.512 0.464 0.510 0.544 0.567
0.00024632 -1.80000 10.07188 0.8074111342 2.4212889383    0.746  1.717  3.8444  2.923    4  0.000  0.529     0.00     0.00     0.00     0.00     0.00 -1    -1e-30      0.00 7.513e-01 2.484e-01 4.560e-05 1.308e-05 1.151e-04 -1.000 2.681e-04 0.477 1.026 0.511 0.462 0.509 0.542 0.566
0.00024632 -1.80000 10.07188 0.8074650764 2.4213074057    0.746  1.718  3.8438  2.920    4  0.000  0.529     0.00     0.00     0.00     0.00     0.00 -1    -1e-30      0.00 7.513e-01 2.484e-01 4.560e-05 1.308e-05 1.151e-04 -1.000 2.681e-04 0.476 1.026 0.511 0.460 0.506 0.539 0.562
0.00024632 -1.80000 10.07188 0.8074886203 2.4213154652    0.746  1.718  3.8434  2.918    4  0.000  0.529     0.00     0.00     0.00     0.00     0.00 -1    -1e-30      0.00 7.513e-01 2.484e-01 4.560e-05 1.308e-05 1.151e-04 -1.000 2.681e-04 0.475 1.026 0.511 0.459 0.504 0.537 0.560
0.00024632 -1.80000 10.07188 0.8075009584 2.4213196886    0.746  1.718  3.8431  2.916    4  0.000  0.529     0.00     0.00     0.00     0.00     0.00 -1    -1e-30      0.00 7.513e-01 2.484e-01 4.560e-05 1.308e-05 1.151e-04 -1.000 2.682e-04 0.474 1.027 0.511 0.458 0.502 0.535 0.558
0.00024632 -1.80000 10.07188 0.8075550795 2.4213382125    0.746  1.720  3.8415  2.909    4  0.000  0.529     0.00     0.00     0.00     0.00     0.00 -1    -1e-30      0.00 7.513e-01 2.484e-01 4.560e-05 1.308e-05 1.151e-04 -1.000 2.681e-04 0.471 1.028 0.512 0.454 0.495 0.527 0.550
0.00024632 -1.80000 10.07188 0.8076098561 2.4213569579    0.746  1.721  3.8393  2.898    4  0.000  0.529     0.00     0.00     0.00     0.00     0.00 -1    -1e-30      0.00 7.513e-01 2.484e-01 4.560e-05 1.308e-05 1.151e-04 -1.000 2.682e-04 0.467 1.032 0.514 0.448 0.485 0.516 0.538
0.00024632 -1.80000 10.07188 0.8076637387 2.4213753946    0.746  1.723  3.8365  2.885    4  0.000  0.529     0.00     0.00     0.00     0.00     0.00 -1    -1e-30      0.00 7.513e-01 2.484e-01 4.560e-05 1.308e-05 1.151e-04 -1.000 2.681e-04 0.462 1.036 0.516 0.441 0.473 0.502 0.524
0.00024632 -1.80000 10.07188 0.8077167869 2.4213935429    0.746  1.725  3.8331  2.870    4  0.000  0.529     0.00     0.00     0.00     0.00     0.00 -1    -1e-30      0.00 7.513e-01 2.484e-01 4.560e-05 1.308e-05 1.151e-04 -1.000 2.682e-04 0.456 1.041 0.519 0.433 0.458 0.486 0.506
0.00024632 -1.80000 10.07188 0.8077695966 2.4214116069    0.746  1.728  3.8292  2.851    4  0.000  0.529     0.00     0.00     0.00     0.00     0.00 -1    -1e-30      0.00 7.513e-01 2.484e-01 4.560e-05 1.308e-05 1.151e-04 -1.000 2.681e-04 0.449 1.048 0.523 0.423 0.441 0.467 0.486
0.00024632 -1.80000 10.07188 0.8078220487 2.4214295460    0.746  1.731  3.8246  2.830    4  0.000  0.529     0.00     0.00     0.00     0.00     0.00 -1    -1e-30      0.00 7.513e-01 2.484e-01 4.560e-05 1.308e-05 1.151e-04 -1.000 2.682e-04 0.442 1.058 0.528 0.412 0.423 0.445 0.463
0.00024632 -1.80000 10.07188 0.8078746200 2.4214475231    0.746  1.735  3.8196  2.806    4  0.000  0.529     0.00     0.00     0.00     0.00     0.00 -1    -1e-30      0.00 7.513e-01 2.484e-01 4.560e-05 1.308e-05 1.151e-04 -1.000 2.681e-04 0.433 1.068 0.534 0.401 0.402 0.421 0.438
0.00024632 -1.80000 10.07188 0.8078795671 2.4214492146    0.746  1.735  3.8191  2.804    4  0.000  0.529     0.00     0.00     0.00     0.00     0.00 -1    -1e-30      0.00 7.513e-01 2.484e-01 4.560e-05 1.308e-05 1.151e-04 -1.000 2.681e-04 0.432 1.069 0.534 0.400 0.400 0.419 0.435
0.00024632 -1.80000 10.07188 0.8078888655 2.4214523939    0.746  1.736  3.8181  2.799    4  0.000  0.529     0.00     0.00     0.00     0.00     0.00 -1    -1e-30      0.00 7.513e-01 2.484e-01 4.560e-05 1.308e-05 1.151e-04 -1.000 2.681e-04 0.430 1.071 0.536 0.398 0.396 0.414 0.430
0.00024632 -1.80000 10.07188 0.8079435825 2.4214711012    0.746  1.740  3.8122  2.772    4  0.000  0.529     0.00     0.00     0.00     0.00     0.00 -1    -1e-30      0.00 7.513e-01 2.484e-01 4.560e-05 1.308e-05 1.151e-04 -1.000 2.681e-04 0.420 1.085 0.543 0.384 0.372 0.386 0.400
0.00024632 -1.80000 10.07188 0.8079969287 2.4214893369    0.746  1.744  3.8064  2.744    4  0.000  0.529     0.00     0.00     0.00     0.00     0.00 -1    -1e-30      0.00 7.513e-01 2.484e-01 4.560e-05 1.308e-05 1.151e-04 -1.000 2.681e-04 0.409 1.100 0.551 0.371 0.349 0.358 0.371
0.00024632 -1.80000 10.07188 0.8080540895 2.4215088736    0.746  1.749  3.7998  2.713    4  0.000  0.529     0.00     0.00     0.00     0.00     0.00 -1    -1e-30      0.00 7.513e-01 2.484e-01 4.560e-05 1.308e-05 1.151e-04 -1.000 2.681e-04 0.397 1.118 0.560 0.357 0.323 0.327 0.337
0.00024632 -1.80000 10.07188 0.8081083894 2.4215274295    0.746  1.755  3.7935  2.682    4  0.000  0.529     0.00     0.00     0.00     0.00     0.00 -1    -1e-30      0.00 7.513e-01 2.484e-01 4.560e-05 1.308e-05 1.151e-04 -1.000 2.682e-04 0.383 1.137 0.568 0.342 0.296 0.295 0.304
0.00024632 -1.80000 10.07188 0.8081604242 2.4215452087    0.746  1.760  3.7881  2.655    4  0.000  0.529     0.00     0.00     0.00     0.00     0.00 -1    -1e-30      0.00 7.513e-01 2.484e-01 4.560e-05 1.308e-05 1.151e-04 -1.000 2.681e-04 0.370 1.151 0.573 0.327 0.273 0.267 0.274
0.00024632 -1.80000 10.07188 0.8082141280 2.4215635553    0.746  1.766  3.7827  2.627    4  0.000  0.529     0.00     0.00     0.00     0.00     0.00 -1    -1e-30      0.00 7.513e-01 2.484e-01 4.560e-05 1.308e-05 1.151e-04 -1.000 2.681e-04 0.354 1.164 0.578 0.312 0.248 0.237 0.242
0.00024632 -1.80000 10.07188 0.8082668781 2.4215815735    0.747  1.772  3.7782  2.604    4  0.000  0.529     0.00     0.00     0.00     0.00     0.00 -1    -1e-30      0.00 7.513e-01 2.484e-01 4.560e-05 1.308e-05 1.151e-04 -1.000 2.681e-04 0.340 1.175 0.579 0.297 0.225 0.211 0.213
0.00024632 -1.80000 10.07188 0.8083202243 2.4215997924    0.747  1.778  3.7740  2.581    4  0.000  0.529     0.00     0.00     0.00     0.00     0.00 -1    -1e-30      0.00 7.513e-01 2.484e-01 4.560e-05 1.308e-05 1.151e-04 -1.000 2.681e-04 0.324 1.185 0.579 0.282 0.202 0.184 0.185
0.00024632 -1.80000 10.07188 0.8083735108 2.4216179883    0.747  1.785  3.7701  2.558    4  0.000  0.529     0.00     0.00     0.00     0.00     0.00 -1    -1e-30      0.00 7.513e-01 2.484e-01 4.560e-05 1.308e-05 1.151e-04 -1.000 2.681e-04 0.307 1.193 0.575 0.265 0.178 0.156 0.155
0.00024632 -1.80000 10.07188 0.8084272742 2.4216363442    0.747  1.794  3.7657  2.532    4  0.000  0.529     0.00     0.00     0.00     0.00     0.00 -1    -1e-30      0.00 7.513e-01 2.484e-01 4.560e-05 1.308e-05 1.151e-04 -1.000 2.681e-04 0.284 1.197 0.569 0.242 0.148 0.121 0.119
0.00024632 -1.80000 10.07188 0.8084379435 2.4216399865    0.747  1.785  3.7693  2.555    4  0.000  0.529     0.00     0.00     0.00     0.00     0.00 -1    -1e-30      0.00 7.513e-01 2.484e-01 4.560e-05 1.308e-05 1.151e-04 -1.000 2.681e-04 0.307 1.198 0.579 0.265 0.177 0.154 0.153
0.00024632 -1.80000 10.07188 0.8084930778 2.4216588070    0.747  1.800  3.7629  2.515    4  0.000  0.529     0.00     0.00     0.00     0.00     0.00 -1    -1e-30      0.00 7.513e-01 2.484e-01 4.560e-05 1.308e-05 1.151e-04 -1.000 2.682e-04 0.270 1.201 0.566 0.229 0.130 0.101 0.097
0.00024632 -1.80000 10.07188 0.8085473180 2.4216773194    0.747  1.818  3.7570  2.474    4  0.000  0.529     0.00     0.00     0.00     0.00     0.00 -1    -1e-30      0.00 7.513e-01 2.484e-01 4.560e-05 1.308e-05 1.151e-04 -1.000 2.682e-04 0.225 1.196 0.543 0.185 0.075 0.040 0.034
0.00024632 -1.80000 10.07188 0.8085930347 2.4216929204    0.747  1.847  3.7497  2.415    4  0.000  0.529     0.00     0.00     0.00     0.00     0.00 -1    -1e-30      0.00 7.513e-01 2.484e-01 4.560e-05 1.308e-05 1.151e-04 -1.000 2.681e-04 0.152 1.174 0.497 0.112 -0.009 -0.052 -0.061
0.00024632 -1.80000 10.07188 0.8086178303 2.4217013812    0.747  1.882  3.7423  2.350    4  0.000  0.529     0.00     0.00     0.00     0.00     0.00 -1    -1e-30      0.00 7.513e-01 2.484e-01 4.560e-05 1.308e-05 1.151e-04 -1.000 2.681e-04 0.064 1.142 0.438 0.027 -0.108 -0.158 -0.170
0.00024632 -1.80000 10.07188 0.8086289763 2.4217051843    0.747  1.919  3.7357  2.287    4  0.000  0.529     0.00     0.00     0.00     0.00     0.00 -1    -1e-30      0.00 7.513e-01 2.484e-01 4.560e-05 1.308e-05 1.151e-04 -1.000 2.681e-04 -0.027 1.107 0.373 -0.063 -0.209 -0.266 -0.281
0.00024632 -1.80000 10.07188 0.8086339831 2.4217068926    0.747  1.957  3.7298  2.226    4  0.000  0.529     0.00     0.00     0.00     0.00     0.00 -1    -1e-30      0.00 7.513e-01 2.484e-01 4.560e-05 1.308e-05 1.151e-04 -1.000 2.682e-04 -0.121 1.064 0.302 -0.157 -0.312 -0.376 -0.393
0.00024632 -1.80000 10.07188 0.8086363077 2.4217076857    0.747  1.994  3.7249  2.169    4  0.000  0.529     0.00     0.00     0.00     0.00     0.00 -1    -1e-30      0.00 7.513e-01 2.484e-01 4.560e-05 1.308e-05 1.151e-04 -1.000 2.681e-04 -0.215 1.018 0.230 -0.248 -0.411 -0.480 -0.500
0.00024632 -1.80000 10.07188 0.8086372614 2.4217080111    0.747  2.018  3.7222  2.134    4  0.000  0.529     0.00     0.00     0.00     0.00     0.00 -1    -1e-30      0.00 7.513e-01 2.484e-01 4.560e-05 1.308e-05 1.151e-04 -1.000 2.681e-04 -0.275 0.984 0.180 -0.307 -0.475 -0.548 -0.569
0.00024632 -1.80000 10.07188 0.8086373210 2.4217080314    0.747  2.019  3.7222  2.133    7  0.000  0.529     0.00     0.00     0.00     0.00     0.00 -1    -1e-30      0.00 7.513e-01 2.484e-01 4.560e-05 1.308e-05 1.151e-04 -1.000 2.681e-04 -0.277 0.983 0.179 -0.309 -0.477 -0.549 -0.570
0.00024632 -1.80000 10.07188 0.8086383343 2.4217083771    0.747  2.058  3.7186  2.080    7  0.000  0.529     0.00     0.00     0.00     0.00     0.00 -1    -1e-30      0.00 7.513e-01 2.484e-01 4.560e-05 1.308e-05 1.151e-04 -1.000 2.681e-04 -0.374 0.922 0.098 -0.404 -0.578 -0.654 -0.677
0.00024632 -1.80000 10.07188 0.8086393476 2.4217087229    0.747  2.095  3.7155  2.030    7  0.000  0.529     0.00     0.00     0.00     0.00     0.00 -1    -1e-30      0.00 7.513e-01 2.484e-01 4.560e-05 1.308e-05 1.151e-04 -1.000 2.681e-04 -0.467 0.863 0.020 -0.495 -0.675 -0.755 -0.779
0.00024632 -1.80000 10.07188 0.8086402416 2.4217090279    0.747  2.125  3.7132  1.992    7  0.000  0.529     0.00     0.00     0.00     0.00     0.00 -1    -1e-30      0.00 7.513e-01 2.484e-01 4.560e-05 1.308e-05 1.151e-04 -1.000 2.681e-04 -0.541 0.814 -0.044 -0.568 -0.752 -0.834 -0.860
0.00024632 -1.80000 10.07188 0.8086411953 2.4217093533    0.747  2.143  3.7119  1.968    7  0.000  0.529     0.00     0.00     0.00     0.00     0.00 -1    -1e-30      0.00 7.513e-01 2.484e-01 4.560e-05 1.308e-05 1.151e-04 -1.000 2.681e-04 -0.588 0.784 -0.083 -0.614 -0.800 -0.884 -0.910
0.00024632 -1.80000 10.07188 0.8086425662 2.4217098210    0.747  2.161  3.7107  1.945    7  0.000  0.529     0.00     0.00     0.00     0.00     0.00 -1    -1e-30      0.00 7.513e-01 2.484e-01 4.560e-05 1.308e-05 1.151e-04 -1.000 2.681e-04 -0.633 0.752 -0.123 -0.659 -0.847 -0.933 -0.960
0.00024632 -1.80000 10.07188 0.8086451888 2.4217107158    0.747  2.147  3.7118  1.963    7  0.000  0.529     0.00     0.00     0.00     0.00     0.00 -1    -1e-30      0.00 7.513e-01 2.484e-01 4.560e-05 1.308e-05 1.151e-04 -1.000 2.682e-04 -0.598 0.775 -0.094 -0.624 -0.811 -0.895 -0.921
0.00024632 -1.80000 10.07188 0.8086495399 2.4217122003    0.747  2.124  3.7134  1.993    7  0.000  0.529     0.00     0.00     0.00     0.00     0.00 -1    -1e-30      0.00 7.513e-01 2.484e-01 4.560e-05 1.308e-05 1.151e-04 -1.000 2.682e-04 -0.541 0.812 -0.044 -0.567 -0.751 -0.833 -0.859
0.00024632 -1.80000 10.07188 0.8086758256 2.4217211681    0.747  2.148  3.7113  1.960    7  0.000  0.529     0.00     0.00     0.00     0.00     0.00 -1    -1e-30      0.00 7.513e-01 2.484e-01 4.560e-05 1.308e-05 1.151e-04 -1.000 2.682e-04 -0.601 0.777 -0.094 -0.626 -0.814 -0.898 -0.925
0.00024632 -1.80000 10.07188 0.8086917996 2.4217266175    0.747  2.176  3.7092  1.924    7  0.000  0.529     0.00     0.00     0.00     0.00     0.00 -1    -1e-30      0.00 7.513e-01 2.484e-01 4.560e-05 1.308e-05 1.151e-04 -1.000 2.681e-04 -0.670 0.735 -0.152 -0.695 -0.886 -0.973 -1.001
0.00024632 -1.80000 10.07188 0.8087111712 2.4217332257    0.747  2.220  3.7060  1.868    7  0.000  0.529     0.00     0.00     0.00     0.00     0.00 -1    -1e-30      0.00 7.513e-01 2.484e-01 4.560e-05 1.308e-05 1.151e-04 -1.000 2.681e-04 -0.779 0.668 -0.244 -0.800 -0.997 -1.089 -1.118
0.00024632 -1.80000 10.07188 0.8087309599 2.4217399758    0.747  2.274  3.7023  1.799    7  0.000  0.529     0.00     0.00     0.00     0.00     0.00 -1    -1e-30      0.00 7.513e-01 2.484e-01 4.560e-05 1.308e-05 1.151e-04 -1.000 2.681e-04 -0.914 0.583 -0.359 -0.933 -1.136 -1.232 -1.264
0.00024632 -1.80000 10.07188 0.8087487221 2.4217460343    0.747  2.321  3.6991  1.738    7  0.000  0.529     0.00     0.00     0.00     0.00     0.00 -1    -1e-30      0.00 7.513e-01 2.484e-01 4.560e-05 1.308e-05 1.151e-04 -1.000 2.681e-04 -1.033 0.508 -0.460 -1.049 -1.258 -1.358 -1.391
0.00024632 -1.80000 10.07188 0.8087644577 2.4217514013    0.747  2.365  3.6963  1.683    7  0.000  0.529     0.00     0.00     0.00     0.00     0.00 -1    -1e-30      0.00 7.514e-01 2.484e-01 4.559e-05 1.308e-05 1.151e-04 -1.000 2.468e-04 -1.143 0.440 -0.553 -1.155 -1.370 -1.473 -1.508
0.00024632 -1.80000 10.07188 0.8087784052 2.4217561582    0.747  2.408  3.6936  1.629    7  0.000  0.529     0.00     0.00     0.00     0.00     0.00 -1    -1e-30      0.00 7.514e-01 2.483e-01 4.557e-05 1.309e-05 1.151e-04 -1.000 2.403e-04 -1.250 0.373 -0.643 -1.259 -1.479 -1.586 -1.622
0.00024632 -1.80000 10.07188 0.8087906241 2.4217603255    0.747  2.450  3.6909  1.577    7  0.000  0.527     0.00     0.00     0.00     0.00     0.00 -1    -1e-30      0.00 7.514e-01 2.483e-01 4.546e-05 1.313e-05 1.151e-04 -1.000 2.404e-04 -1.356 0.309 -0.732 -1.360 -1.586 -1.696 -1.734
0.00024632 -1.80000 10.07188 0.8088014126 2.4217640047    0.747  2.491  3.6883  1.525    7  0.000  0.522     0.00     0.00     0.00     0.00     0.00 -1    -1e-30      0.00 7.514e-01 2.484e-01 4.511e-05 1.339e-05 1.151e-04 -1.000 2.426e-04 -1.459 0.247 -0.818 -1.459 -1.690 -1.804 -1.843
0.00024632 -1.80000 10.07188 0.8088113070 2.4217673790    0.747  2.533  3.6857  1.473    7  0.000  0.512     6.93     5.51     3.90     3.02     2.45  3    -1e-30      0.00 7.513e-01 2.484e-01 4.440e-05 1.410e-05 1.151e-04 -1.000 2.681e-04 -1.562 0.188 -0.903 -1.558 -1.794 -1.911 -1.952
0.00024632 -1.80000 10.07188 0.8088203073 2.4217704482    0.747  2.575  3.6831  1.421    7  0.000  0.499     7.74     6.05     4.27     3.31     2.68  3    -1e-30      0.00 7.513e-01 2.485e-01 4.340e-05 1.524e-05 1.151e-04 -1.000 2.682e-04 -1.666 0.151 -0.986 -1.661 -1.902 -2.022 -2.065
0.00024632 -1.80000 10.07188 0.8088286519 2.4217732938    0.747  2.616  3.6804  1.369    7  0.000  0.486     8.66     6.65     4.68     3.63     2.94  3    -1e-30      0.00 7.512e-01 2.486e-01 4.231e-05 1.655e-05 1.151e-04 -1.000 2.680e-04 -1.771 0.121 -1.067 -1.764 -2.010 -2.134 -2.178
0.00024632 -1.80000 10.07188 0.8088364601 2.4217759564    0.747  2.658  3.6777  1.316    7  0.000  0.474     9.68     7.31     5.12     3.98     3.22  3    -1e-30      0.00 7.510e-01 2.487e-01 4.128e-05 1.781e-05 1.151e-04 -1.000 2.446e-04 -1.875 0.100 -1.144 -1.865 -2.117 -2.245 -2.291
0.00024632 -1.80000 10.07188 0.8088439107 2.4217784970    0.747  2.699  3.6750  1.264    7  0.000  0.464    10.81     8.04     5.60     4.36     3.53  3    -1e-30      0.00 7.509e-01 2.489e-01 4.038e-05 1.892e-05 1.152e-04 -1.000 2.681e-04 -1.978 0.085 -1.218 -1.965 -2.224 -2.355 -2.403
0.00024632 -1.80000 10.07188 0.8088510633 2.4217809359    0.747  2.740  3.6723  1.213    7  0.000  0.455    12.07     8.82     6.12     4.78     3.87  2    -1e-30      0.00 7.507e-01 2.490e-01 3.960e-05 1.988e-05 1.151e-04 -1.000 2.682e-04 -2.080 0.077 -1.289 -2.064 -2.329 -2.465 -2.514
0.00024632 -1.80000 10.07188 0.8088579178 2.4217832732    0.747  2.782  3.6696  1.160    7  0.000  0.448    13.49     9.70     6.70     5.24     4.24  2    -1e-30      0.00 7.506e-01 2.492e-01 3.894e-05 2.069e-05 1.151e-04 -1.000 2.681e-04 -2.184 0.077 -1.358 -2.164 -2.436 -2.575 -2.626
0.00024632 -1.80000 10.07188 0.8088640571 2.4217853665    0.747  2.824  3.6668  1.107    7  0.000  0.441    15.10    10.68     7.35     5.75     4.66  2    -1e-30      0.00 7.504e-01 2.493e-01 3.835e-05 2.142e-05 1.151e-04 -1.000 2.681e-04 -2.289 0.085 -1.425 -2.263 -2.544 -2.687 -2.740
0.00024632 -1.80000 10.07188 0.8088691831 2.4217871143    0.747  2.864  3.6641  1.056    7  0.000  0.436    16.84    11.71     8.03     6.29     5.09  2    -1e-30      0.00 7.503e-01 2.495e-01 3.788e-05 2.200e-05 1.150e-04 -1.000 2.682e-04 -2.389 0.101 -1.486 -2.358 -2.647 -2.794 -2.849
0.00024632 -1.80000 10.07188 0.8088735342 2.4217885979    0.747  2.905  3.6612  1.003    7  0.000  0.431    18.83    12.88     8.79     6.89     5.59  2    -1e-30      0.00 7.501e-01 2.496e-01 3.747e-05 2.253e-05 1.149e-04 -1.000 2.681e-04 -2.492 0.128 -1.544 -2.454 -2.752 -2.904 -2.961
0.00024632 -1.80000 10.07188 0.8088772297 2.4217898579    0.747  2.945  3.6584  0.952    7  0.000  0.428    20.99    14.12     9.60     7.54     6.11  2    -1e-30      0.00 7.499e-01 2.498e-01 3.710e-05 2.301e-05 1.148e-04 -1.000 2.449e-04 -2.592 0.171 -1.591 -2.546 -2.854 -3.011 -3.070
0.00024632 -1.80000 10.07188 0.8088807464 2.4217910569    0.747  2.986  3.6555  0.899    7  0.000  0.425    23.49    15.54    10.52     8.27     6.71  1    -1e-30      0.00 7.497e-01 2.500e-01 3.679e-05 2.345e-05 1.147e-04 -1.000 2.681e-04 -2.695 0.179 -1.647 -2.636 -2.954 -3.117 -3.178
0.00024632 -1.80000 10.07188 0.8088842630 2.4217922559    0.747  3.030  3.6524  0.844    7  0.000  0.423    26.45    17.19    11.58     9.12     7.40  1    -1e-30      0.00 7.495e-01 2.502e-01 3.654e-05 2.385e-05 1.145e-04 -1.000 2.682e-04 -2.804 0.181 -1.707 -2.731 -3.060 -3.229 -3.293
0.00024632 -1.80000 10.07188 0.8088874221 2.4217933330    0.747  3.075  3.6490  0.784    7  0.000  0.421    30.02    19.14    12.83    10.12     8.21  1    -1e-30      0.00 7.494e-01 2.504e-01 3.632e-05 2.428e-05 1.142e-04 -1.000 2.682e-04 -2.919 0.186 -1.768 -2.830 -3.171 -3.346 -3.413
0.00024632 -1.80000 10.07188 0.8088884950 2.4217936988    0.747  3.105  3.6468  0.746    7  0.000  0.421    32.58    20.52    13.71    10.83     8.79  1    -1e-30      0.00 7.493e-01 2.504e-01 3.619e-05 2.455e-05 1.141e-04 -1.000 2.682e-04 -2.993 0.190 -1.807 -2.893 -3.242 -3.421 -3.490
0.00024632 -1.80000 10.07188 0.8088886738 2.4217937598    0.747  3.133  3.6448  0.710    7  0.000  0.420    35.16    21.89    14.59    11.53     9.36  1    -1e-30      0.00 7.491e-01 2.506e-01 3.608e-05 2.485e-05 1.139e-04 -1.000 2.682e-04 -3.062 0.193 -1.843 -2.952 -3.308 -3.491 -3.562
0.00024632 -1.80000 10.07188 0.8088889718 2.4217938614    0.747  3.165  3.6423  0.668    7  0.000  0.419    38.46    23.63    15.69    12.42    10.08  1    -1e-30      0.00 7.489e-01 2.508e-01 3.592e-05 2.534e-05 1.135e-04 -1.000 2.682e-04 -3.143 0.199 -1.884 -3.020 -3.385 -3.574 -3.646
0.00024632 -1.80000 10.07188 0.8088894486 2.4217940240    0.747  3.200  3.6397  0.622    7  0.000  0.418    42.35    25.65    16.97    13.45    10.91  1    -1e-30      0.00 7.487e-01 2.511e-01 3.571e-05 2.592e-05 1.131e-04 -1.000 2.682e-04 -3.230 0.208 -1.924 -3.092 -3.467 -3.661 -3.736
0.00024632 -1.80000 10.07188 0.8088896871 2.4217941053    0.747  3.265  3.6320  0.527    8  0.527  0.421    51.90    30.49    20.01    15.90    12.91  1 -4.75e-07      0.00 7.460e-01 2.538e-01 3.526e-05 2.933e-05 1.138e-04 -1.000 2.112e-04 -3.392 0.296 -1.954 -3.206 -3.610 -3.820 -3.902
0.00024632 -1.80000 10.07188 0.8088897467 2.4217941256    0.746  3.062  3.6474  0.790    8  0.528  0.413    29.61    18.92    12.69    10.01     8.12  1 -2.01e-07      0.00 7.460e-01 2.538e-01 3.526e-05 2.933e-05 1.138e-04 -1.000 2.112e-04 -2.884 0.254 -1.716 -2.788 -3.133 -3.311 -3.379
0.00024632 -1.80000 10.07188 0.8088898659 2.4217941662    0.744  2.910  3.6591  0.988    8  0.528  0.413    19.44    13.23     9.02     7.08     5.73  2  -1.1e-07      0.00 7.460e-01 2.538e-01 3.526e-05 2.933e-05 1.138e-04 -1.000 2.111e-04 -2.505 0.209 -1.522 -2.461 -2.765 -2.920 -2.979
0.00024632 -1.80000 10.07188 0.8088901043 2.4217942475    0.740  2.706  3.6748  1.252    8  0.528  0.413    11.06     8.19     5.70     4.45     3.60  3 -5.25e-08      0.00 7.460e-01 2.538e-01 3.526e-05 2.933e-05 1.138e-04 -1.000 2.112e-04 -1.994 0.079 -1.231 -1.981 -2.241 -2.372 -2.420
0.00024632 -1.80000 10.07188 0.8088904023 2.4217943491    0.734  2.712  3.6741  1.240    8  0.528  0.413    11.33     8.36     5.81     4.54     3.67  2 -5.43e-08      0.00 7.460e-01 2.538e-01 3.526e-05 2.933e-05 1.138e-04 -1.000 2.112e-04 -2.010 0.086 -1.240 -1.996 -2.257 -2.390 -2.438
0.00024632 -1.80000 10.07188 0.8088907599 2.4217944710    0.726  2.805  3.6667  1.113    8  0.528  0.413    14.80    10.49     7.22     5.65     4.58  2  -7.7e-08      0.00 7.460e-01 2.538e-01 3.526e-05 2.933e-05 1.138e-04 -1.000 2.111e-04 -2.243 0.130 -1.379 -2.217 -2.498 -2.641 -2.694
0.00024632 -1.80000 10.07188 0.8088912368 2.4217946336    0.718  2.984  3.6527  0.873    8  0.528  0.413    24.59    16.13    10.88     8.58     6.95  1 -1.57e-07      0.00 7.460e-01 2.538e-01 3.526e-05 2.933e-05 1.138e-04 -1.000 2.112e-04 -2.689 0.267 -1.603 -2.618 -2.945 -3.112 -3.176
0.00024632 -1.80000 10.07188 0.8088917732 2.4217948165    0.708  3.142  3.6402  0.659    8  0.529  0.413    38.72    23.67    15.70    12.45    10.10  1 -3.11e-07      0.00 7.460e-01 2.538e-01 3.526e-05 2.933e-05 1.138e-04 -1.000 2.112e-04 -3.085 0.312 -1.798 -2.951 -3.322 -3.515 -3.589
0.00024632 -1.80000 10.07188 0.8088923693 2.4217950197    0.696  3.248  3.6318  0.512    8  0.529  0.413    52.83    30.75    20.15    16.05    13.03  1  -5.1e-07      0.00 7.460e-01 2.538e-01 3.526e-05 2.933e-05 1.138e-04 -1.000 2.112e-04 -3.350 0.355 -1.904 -3.162 -3.567 -3.778 -3.861
0.00024632 -1.80000 10.07188 0.8088930845 2.4217952636    0.684  3.308  3.6268  0.425    8  0.530  0.413    63.44    35.84    23.31    18.62    15.12  1 -6.91e-07      0.00 7.460e-01 2.538e-01 3.526e-05 2.933e-05 1.138e-04 -1.000 2.111e-04 -3.499 0.383 -1.947 -3.274 -3.703 -3.926 -4.013
0.00024632 -1.80000 10.07188 0.8088938594 2.4217955278    0.670  3.339  3.6241  0.373    8  0.530  0.413    70.57    39.12    25.33    20.28    16.46  1 -8.32e-07      0.00 7.460e-01 2.538e-01 3.526e-05 2.933e-05 1.138e-04 -1.000 2.112e-04 -3.577 0.403 -1.962 -3.329 -3.772 -4.003 -4.093
0.00024632 -1.80000 10.07188 0.8088946939 2.4217958123    0.655  3.359  3.6221  0.336    8  0.531  0.413    76.22    41.64    26.87    21.55    17.50  1 -9.57e-07      0.00 7.460e-01 2.538e-01 3.526e-05 2.933e-05 1.138e-04 -1.000 2.111e-04 -3.628 0.422 -1.965 -3.363 -3.817 -4.053 -4.145
0.00024632 -1.80000 10.07188 0.8088986278 2.4217971535    0.532 -9.999  4.0000  1.840    9  0.533  0.000     0.00     0.00     0.00     0.00     0.00 -1    -1e-30      0.00 7.460e-01 2.538e-01 3.526e-05 2.933e-05 1.138e-04 -1.000 2.111e-04 29.767 30.106 29.968 30.247 30.475 30.554 30.643
