# Zini     MH   logAge Mini        int_IMF         Mass   logL    logTe  logg  label   McoreTP C_O  period0  period1  period2  period3  period4  pmode  Mloss  tau1m   X   Y   Xc  Xn  Xo  Cexcess  Z 	 mbolmag  umag    gmag    rmag    imag    zmag    Ymag
0.00087196 -1.25000 10.06446 0.0900000036 1.0816895926    0.090 -3.206  3.4604  5.392    1  0.000  0.545     0.00     0.00     0.00     0.00     0.00 -1 -5.25e-17      0.00 7.470e-01 2.521e-01 1.620e-04 4.372e-05 3.965e-04 -1.000 9.012e-04 12.785 17.992 16.633 14.752 12.809 12.163 12.040
0.00087196 -1.25000 10.06446 0.0913254544 1.0942666053    0.091 -3.170  3.4655  5.383    1  0.000  0.545     0.00     0.00     0.00     0.00     0.00 -1 -5.73e-17      0.00 7.468e-01 2.523e-01 1.620e-04 4.372e-05 3.965e-04 -1.000 9.012e-04 12.694 17.890 16.427 14.554 12.699 12.078 11.956
0.00087196 -1.25000 10.06446 0.1000000015 1.1711064122    0.100 -2.945  3.4977  5.325    1  0.000  0.545     0.00     0.00     0.00     0.00     0.00 -1 -9.82e-17      0.00 7.456e-01 2.535e-01 1.620e-04 4.372e-05 3.965e-04 -1.000 9.011e-04 12.132 17.168 15.169 13.378 12.035 11.554 11.436
0.00087196 -1.25000 10.06446 0.1199999973 1.3193154249    0.120 -2.661  3.5301  5.250    1  0.000  0.545     0.00     0.00     0.00     0.00     0.00 -1 -1.88e-16      0.00 7.433e-01 2.558e-01 1.620e-04 4.372e-05 3.965e-04 -1.000 9.012e-04 11.422 16.059 13.854 12.200 11.258 10.881 10.770
0.00087196 -1.25000 10.06446 0.1400000006 1.4384526719    0.140 -2.479  3.5462  5.200    1  0.000  0.545     0.00     0.00     0.00     0.00     0.00 -1  -2.8e-16      0.00 7.416e-01 2.575e-01 1.620e-04 4.372e-05 3.965e-04 -1.000 9.012e-04 10.967 15.332 13.144 11.572 10.780 10.442 10.336
0.00087196 -1.25000 10.06446 0.1599999964 1.5372931554    0.160 -2.339  3.5566  5.159    1  0.000  0.545     0.00     0.00     0.00     0.00     0.00 -1 -3.79e-16      0.00 7.403e-01 2.588e-01 1.620e-04 4.372e-05 3.965e-04 -1.000 9.012e-04 10.617 14.792 12.640 11.124 10.417 10.101 10.000
0.00087196 -1.25000 10.06446 0.2000000179 1.6938791367    0.200 -2.118  3.5705  5.091    1  0.000  0.545     0.00     0.00     0.00     0.00     0.00 -1  -6.1e-16      0.00 7.390e-01 2.601e-01 1.620e-04 4.372e-05 3.965e-04 -1.000 9.013e-04 10.064 13.972 11.895 10.457 9.851 9.563 9.467
0.00087196 -1.25000 10.06446 0.2430727035 1.8224188764    0.243 -1.939  3.5803  5.036    1  0.000  0.545     0.00     0.00     0.00     0.00     0.00 -1 -1.08e-16      0.00 7.388e-01 2.603e-01 1.620e-04 4.372e-05 3.965e-04 -1.000 9.012e-04 9.617 13.344 11.325 9.946 9.396 9.125 9.033
0.00087196 -1.25000 10.06446 0.2500000000 1.8403257998    0.250 -1.913  3.5817  5.028    1  0.000  0.545     0.00     0.00     0.00     0.00     0.00 -1 -8.07e-17      0.00 7.387e-01 2.604e-01 1.620e-04 4.372e-05 3.965e-04 -1.000 9.012e-04 9.553 13.252 11.243 9.874 9.331 9.062 8.971
0.00087196 -1.25000 10.06446 0.3000000417 1.9529140366    0.300 -1.757  3.5902  4.984    1  0.000  0.545     0.00     0.00     0.00     0.00     0.00 -1 -3.48e-17      0.00 7.389e-01 2.602e-01 1.620e-04 4.372e-05 3.965e-04 -1.000 9.012e-04 9.161 12.700 10.751 9.437 8.933 8.679 8.591
0.00087196 -1.25000 10.06446 0.3499999940 2.0434174644    0.350 -1.629  3.5974  4.953    1  0.000  0.545     0.00     0.00     0.00     0.00     0.00 -1 -1.67e-15      0.00 7.463e-01 2.528e-01 1.620e-04 4.372e-05 3.965e-04 -1.000 9.012e-04 8.842 12.256 10.351 9.085 8.609 8.366 8.282
0.00087196 -1.25000 10.06446 0.4000000060 2.1185024399    0.400 -1.480  3.6085  4.906    1  0.000  0.545     0.00     0.00     0.00     0.00     0.00 -1 -2.32e-15      0.00 7.492e-01 2.499e-01 1.620e-04 4.372e-05 3.965e-04 -1.000 9.012e-04 8.470 11.700 9.859 8.667 8.229 8.003 7.925
0.00087196 -1.25000 10.06446 0.4500000179 2.1822809362    0.450 -1.303  3.6263  4.851    1  0.000  0.545     0.00     0.00     0.00     0.00     0.00 -1  -3.5e-15      0.00 7.492e-01 2.499e-01 1.620e-04 4.372e-05 3.965e-04 -1.000 9.011e-04 8.028 10.986 9.236 8.162 7.778 7.580 7.510
0.00087196 -1.25000 10.06446 0.5000000000 2.2374541529    0.500 -1.101  3.6545  4.807    1  0.000  0.545     0.00     0.00     0.00     0.00     0.00 -1 -5.57e-15      0.00 7.492e-01 2.499e-01 1.620e-04 4.372e-05 3.965e-04 -1.000 9.012e-04 7.521 10.062 8.461 7.568 7.264 7.108 7.052
0.00087196 -1.25000 10.06446 0.5500000715 2.2836583126    0.550 -0.880  3.6843  4.747    1  0.000  0.544     0.00     0.00     0.00     0.00     0.00 -1 -9.44e-15      0.00 7.825e-01 2.167e-01 1.420e-04 3.833e-05 3.478e-04 -1.000 7.617e-04 6.971 9.015 7.660 6.946 6.712 6.599 6.558
0.00087196 -1.25000 10.06446 0.6000000238 2.3211213258    0.600 -0.674  3.7127  4.692    1  0.000  0.544     0.00     0.00     0.00     0.00     0.00 -1 -1.55e-14      0.00 7.918e-01 2.075e-01 1.368e-04 3.694e-05 3.353e-04 -1.000 7.573e-04 6.454 8.063 6.971 6.390 6.205 6.128 6.103
0.00087196 -1.25000 10.06446 0.6046609879 2.3242524011    0.604 -0.654  3.7157  4.688    1  0.000  0.544     0.00     0.00     0.00     0.00     0.00 -1 -1.62e-14      0.00 7.927e-01 2.065e-01 1.362e-04 3.680e-05 3.341e-04 -1.000 7.617e-04 6.404 7.974 6.907 6.338 6.158 6.084 6.061
0.00087196 -1.25000 10.06446 0.6194614172 2.3338366082    0.619 -0.590  3.7251  4.673    1  0.000  0.543     0.00     0.00     0.00     0.00     0.00 -1 -1.89e-14      0.00 7.958e-01 2.035e-01 1.345e-04 3.633e-05 3.299e-04 -1.000 7.692e-04 6.246 7.696 6.706 6.174 6.009 5.945 5.927
0.00087196 -1.25000 10.06446 0.6321579218 2.3416484458    0.632 -0.536  3.7330  4.659    1  0.000  0.543     0.00     0.00     0.00     0.00     0.00 -1  -2.1e-14      0.00 7.985e-01 2.007e-01 1.329e-04 3.593e-05 3.262e-04 -1.000 7.946e-04 6.110 7.467 6.537 6.035 5.881 5.827 5.812
0.00087196 -1.25000 10.06446 0.6444676518 2.3488853392    0.644 -0.483  3.7405  4.644    1  0.000  0.543     0.00     0.00     0.00     0.00     0.00 -1 -1.55e-14      0.00 8.013e-01 1.980e-01 1.314e-04 3.551e-05 3.225e-04 -1.000 7.209e-04 5.977 7.253 6.377 5.901 5.758 5.711 5.701
0.00087196 -1.25000 10.06446 0.6499999762 2.3520353107    0.650 -0.459  3.7439  4.637    1  0.000  0.543     0.00     0.00     0.00     0.00     0.00 -1  -2.6e-14      0.00 8.026e-01 1.967e-01 1.307e-04 3.532e-05 3.208e-04 -1.000 7.209e-04 5.917 7.158 6.305 5.841 5.704 5.661 5.651
0.00087196 -1.25000 10.06446 0.6577097774 2.3563236077    0.657 -0.425  3.7482  4.626    1  0.000  0.543     0.00     0.00     0.00     0.00     0.00 -1 -2.82e-14      0.00 8.047e-01 1.946e-01 1.295e-04 3.500e-05 3.179e-04 -1.000 7.210e-04 5.833 7.031 6.207 5.759 5.628 5.589 5.582
0.00087196 -1.25000 10.06446 0.6709447503 2.3634214854    0.671 -0.367  3.7553  4.605    1  0.000  0.543     0.00     0.00     0.00     0.00     0.00 -1 -3.28e-14      0.00 8.086e-01 1.907e-01 1.273e-04 3.443e-05 3.128e-04 -1.000 7.210e-04 5.688 6.816 6.037 5.617 5.498 5.467 5.463
0.00087196 -1.25000 10.06446 0.6831977367 2.3697115862    0.683 -0.312  3.7617  4.584    1  0.000  0.542     0.00     0.00     0.00     0.00     0.00 -1 -3.78e-14      0.00 8.124e-01 1.868e-01 1.252e-04 3.386e-05 3.077e-04 -1.000 7.168e-04 5.551 6.620 5.881 5.484 5.376 5.351 5.350
0.00087196 -1.25000 10.06446 0.6944542527 2.3752657474    0.694 -0.261  3.7674  4.562    1  0.000  0.542     0.00     0.00     0.00     0.00     0.00 -1 -3.27e-14      0.00 8.161e-01 1.832e-01 1.231e-04 3.332e-05 3.029e-04 -1.000 7.083e-04 5.422 6.445 5.737 5.361 5.261 5.242 5.243
0.00087196 -1.25000 10.06446 0.6999999881 2.3779266974    0.700 -0.235  3.7701  4.551    1  0.000  0.542     0.00     0.00     0.00     0.00     0.00 -1 -4.63e-14      0.00 8.180e-01 1.813e-01 1.221e-04 3.304e-05 3.004e-04 -1.000 7.043e-04 5.358 6.358 5.665 5.299 5.203 5.187 5.189
0.00087196 -1.25000 10.06446 0.7013790607 2.3785808943    0.701 -0.229  3.7708  4.548    1  0.000  0.541     0.00     0.00     0.00     0.00     0.00 -1 -4.71e-14      0.00 8.186e-01 1.807e-01 1.217e-04 3.295e-05 2.996e-04 -1.000 6.989e-04 5.342 6.337 5.647 5.284 5.189 5.173 5.176
0.00087196 -1.25000 10.06446 0.7132406235 2.3840878039    0.713 -0.171  3.7763  4.520    1  0.000  0.540     0.00     0.00     0.00     0.00     0.00 -1  -5.5e-14      0.00 8.239e-01 1.755e-01 1.185e-04 3.217e-05 2.927e-04 -1.000 6.433e-04 5.198 6.151 5.489 5.147 5.060 5.051 5.055
0.00087196 -1.25000 10.06446 0.7242003083 2.3889920437    0.724 -0.116  3.7812  4.491    1  0.000  0.537     0.00     0.00     0.00     0.00     0.00 -1  -6.4e-14      0.00 8.290e-01 1.704e-01 1.152e-04 3.141e-05 2.859e-04 -1.000 6.209e-04 5.061 5.978 5.340 5.015 4.936 4.931 4.937
0.00087196 -1.25000 10.06446 0.7345670462 2.3934764059    0.734 -0.062  3.7856  4.460    1  0.000  0.535     0.00     0.00     0.00     0.00     0.00 -1 -7.46e-14      0.00 8.340e-01 1.653e-01 1.121e-04 3.064e-05 2.791e-04 -1.000 6.209e-04 4.924 5.815 5.192 4.883 4.811 4.811 4.818
0.00087196 -1.25000 10.06446 0.7436196208 2.3972749230    0.743 -0.012  3.7893  4.430    1  0.000  0.534     0.00     0.00     0.00     0.00     0.00 -1 -8.61e-14      0.00 8.387e-01 1.607e-01 1.092e-04 2.994e-05 2.729e-04 -1.000 6.233e-04 4.799 5.668 5.058 4.762 4.696 4.699 4.708
0.00087196 -1.25000 10.06446 0.7500000000 2.3998889087    0.749  0.025  3.7918  4.407    1  0.000  0.532     0.00     0.00     0.00     0.00     0.00 -1 -9.57e-14      0.00 8.421e-01 1.573e-01 1.071e-04 2.942e-05 2.684e-04 -1.000 6.209e-04 4.708 5.562 4.960 4.674 4.612 4.617 4.627
0.00087196 -1.25000 10.06446 0.7500497699 2.3999090980    0.750  0.025  3.7919  4.407    1  0.000  0.532     0.00     0.00     0.00     0.00     0.00 -1 -9.58e-14      0.00 8.421e-01 1.573e-01 1.071e-04 2.941e-05 2.683e-04 -1.000 6.210e-04 4.707 5.562 4.959 4.673 4.611 4.616 4.626
0.00087196 -1.25000 10.06446 0.7593258023 2.4036188758    0.759  0.082  3.7952  4.369    1  0.000  0.532     0.00     0.00     0.00     0.00     0.00 -1 -1.13e-13      0.00 8.464e-01 1.530e-01 1.050e-04 2.883e-05 2.631e-04 -1.000 6.210e-04 4.565 5.401 4.809 4.535 4.478 4.486 4.497
0.00087196 -1.25000 10.06446 0.7678720355 2.4069457123    0.767  0.138  3.7980  4.329    1  0.000  0.531     0.00     0.00     0.00     0.00     0.00 -1 -1.34e-13      0.00 8.499e-01 1.495e-01 1.033e-04 2.839e-05 2.592e-04 -1.000 6.210e-04 4.426 5.246 4.661 4.398 4.346 4.357 4.369
0.00087196 -1.25000 10.06446 0.7758213282 2.4099646308    0.775  0.193  3.8004  4.288    1  0.000  0.531     0.00     0.00     0.00     0.00     0.00 -1 -1.58e-13      0.00 8.528e-01 1.466e-01 1.020e-04 2.805e-05 2.562e-04 -1.000 6.093e-04 4.288 5.095 4.517 4.263 4.215 4.228 4.241
0.00087196 -1.25000 10.06446 0.7829264402 2.4126033709    0.782  0.245  3.8020  4.246    1  0.000  0.530     0.00     0.00     0.00     0.00     0.00 -1 -1.86e-13      0.00 8.548e-01 1.446e-01 1.012e-04 2.784e-05 2.545e-04 -1.000 6.035e-04 4.158 4.956 4.381 4.134 4.088 4.103 4.116
0.00087196 -1.25000 10.06446 0.7891529202 2.4148709302    0.788  0.294  3.8030  4.205    1  0.000  0.530     0.00     0.00     0.00     0.00     0.00 -1 -2.19e-13      0.00 8.550e-01 1.444e-01 1.013e-04 2.787e-05 2.548e-04 -1.000 6.189e-04 4.035 4.827 4.254 4.011 3.968 3.983 3.996
0.00087196 -1.25000 10.06446 0.7910405397 2.4155502595    0.790  0.310  3.8032  4.191    1  0.000  0.530     0.00     0.00     0.00     0.00     0.00 -1 -2.31e-13      0.00 8.550e-01 1.444e-01 1.013e-04 2.789e-05 2.550e-04 -1.000 6.232e-04 3.996 4.787 4.214 3.973 3.930 3.946 3.959
0.00087196 -1.25000 10.06446 0.7926844358 2.4161388459    0.792  0.324  3.8031  4.177    1  0.000  0.530     0.00     0.00     0.00     0.00     0.00 -1 -2.42e-13      0.00 8.550e-01 1.444e-01 1.014e-04 2.791e-05 2.552e-04 -1.000 6.264e-04 3.959 4.750 4.177 3.935 3.892 3.908 3.921
0.00087196 -1.25000 10.06446 0.7990199924 2.4183812227    0.798  0.384  3.8019  4.115    1  0.000  0.530     0.00     0.00     0.00     0.00     0.00 -1 -2.62e-13      0.00 8.549e-01 1.445e-01 1.017e-04 2.800e-05 2.559e-04 -1.000 6.391e-04 3.809 4.604 4.028 3.783 3.739 3.754 3.766
0.00087196 -1.25000 10.06446 0.8000000119 2.4187244405    0.799  0.395  3.8013  4.103    1  0.000  0.530     0.00     0.00     0.00     0.00     0.00 -1 -3.07e-13      0.00 8.549e-01 1.445e-01 1.017e-04 2.801e-05 2.561e-04 -1.000 6.407e-04 3.783 4.580 4.003 3.757 3.712 3.726 3.738
0.00087196 -1.25000 10.06446 0.8038103580 2.4200497408    0.803  0.435  3.7993  4.056    1  0.000  0.530     0.00     0.00     0.00     0.00     0.00 -1 -3.56e-13      0.00 8.539e-01 1.454e-01 1.024e-04 2.820e-05 2.578e-04 -1.000 6.406e-04 3.682 4.487 3.905 3.653 3.605 3.617 3.629
0.00087196 -1.25000 10.06446 0.8046385050 2.4203358748    0.803  0.445  3.7986  4.044    1  0.000  0.530     0.00     0.00     0.00     0.00     0.00 -1 -3.69e-13      0.00 8.537e-01 1.456e-01 1.026e-04 2.824e-05 2.582e-04 -1.000 6.407e-04 3.658 4.466 3.882 3.629 3.580 3.592 3.603
0.00087196 -1.25000 10.06446 0.8062114716 2.4208774915    0.805  0.465  3.7967  4.018    2  0.000  0.530     0.00     0.00     0.00     0.00     0.00 -1 -3.98e-13      0.00 8.533e-01 1.460e-01 1.029e-04 2.832e-05 2.589e-04 -1.000 6.407e-04 3.609 4.426 3.837 3.577 3.526 3.536 3.546
0.00087196 -1.25000 10.06446 0.8092861772 2.4219292104    0.808  0.507  3.7909  3.954    2  0.000  0.530     0.00     0.00     0.00     0.00     0.00 -1  -4.7e-13      0.00 8.526e-01 1.468e-01 1.034e-04 2.847e-05 2.603e-04 -1.000 6.407e-04 3.502 4.346 3.743 3.465 3.405 3.409 3.418
0.00087196 -1.25000 10.06446 0.8114894032 2.4226772010    0.810  0.542  3.7839  3.892    2  0.000  0.530     0.00     0.00     0.00     0.00     0.00 -1 -5.46e-13      0.00 8.487e-01 1.507e-01 1.062e-04 2.923e-05 2.672e-04 -1.000 5.824e-04 3.415 4.296 3.673 3.372 3.301 3.299 3.304
0.00087196 -1.25000 10.06446 0.8131290078 2.4232308191    0.812  0.570  3.7763  3.834    2  0.000  0.531     0.00     0.00     0.00     0.00     0.00 -1 -6.23e-13      0.00 8.287e-01 1.706e-01 1.184e-04 3.254e-05 2.971e-04 -1.000 6.309e-04 3.344 4.271 3.622 3.295 3.213 3.203 3.206
0.00087196 -1.25000 10.06446 0.8146519661 2.4237427560    0.813  0.598  3.7668  3.769    2  0.000  0.533     0.00     0.00     0.00     0.00     0.00 -1 -7.15e-13      0.00 8.024e-01 1.968e-01 1.326e-04 3.636e-05 3.314e-04 -1.000 7.558e-04 3.275 4.266 3.580 3.221 3.124 3.104 3.104
0.00087196 -1.25000 10.06446 0.8157346249 2.4241053513    0.814  0.621  3.7583  3.713    2  0.000  0.535     0.00     0.00     0.00     0.00     0.00 -1 -8.05e-13      0.00 7.860e-01 2.132e-01 1.408e-04 3.854e-05 3.508e-04 -1.000 7.995e-04 3.216 4.270 3.547 3.158 3.048 3.020 3.016
0.00087196 -1.25000 10.06446 0.8167223930 2.4244352024    0.815  0.653  3.7503  3.650    2  0.000  0.536     0.00     0.00     0.00     0.00     0.00 -1 -9.28e-13      0.00 7.759e-01 2.232e-01 1.457e-04 3.987e-05 3.626e-04 -1.000 8.161e-04 3.139 4.254 3.495 3.079 2.956 2.920 2.912
0.00087196 -1.25000 10.06446 0.8174899220 2.4246908750    0.816  0.687  3.7448  3.593    2  0.000  0.536     0.00     0.00     0.00     0.00     0.00 -1 -1.07e-12      0.00 7.706e-01 2.285e-01 1.484e-04 4.057e-05 3.689e-04 -1.000 8.342e-04 3.052 4.213 3.427 2.992 2.861 2.818 2.808
0.00087196 -1.25000 10.06446 0.8182260990 2.4249355856    0.816  0.730  3.7402  3.533    2  0.000  0.537     0.00     0.00     0.00     0.00     0.00 -1 -1.27e-12      0.00 7.668e-01 2.324e-01 1.502e-04 4.107e-05 3.733e-04 -1.000 8.814e-04 2.945 4.143 3.337 2.886 2.748 2.701 2.689
0.00087196 -1.25000 10.06446 0.8183418512 2.4249740165    0.816  0.738  3.7396  3.522    3  0.000  0.537     0.00     0.00     0.00     0.00     0.00 -1 -1.31e-12      0.00 7.662e-01 2.329e-01 1.505e-04 4.113e-05 3.738e-04 -1.000 8.844e-04 2.925 4.127 3.319 2.866 2.727 2.679 2.667
0.00087196 -1.25000 10.06446 0.8189511895 2.4251761165    0.817  0.783  3.7368  3.466    3  0.000  0.537     0.00     0.00     0.00     0.00     0.00 -1 -1.54e-12      0.00 7.637e-01 2.355e-01 1.515e-04 4.141e-05 3.763e-04 -1.000 8.898e-04 2.812 4.039 3.217 2.755 2.612 2.561 2.547
0.00087196 -1.25000 10.06446 0.8194645047 2.4253461003    0.818  0.824  3.7347  3.417    3  0.000  0.537     0.00     0.00     0.00     0.00     0.00 -1  -1.8e-12      0.00 7.616e-01 2.375e-01 1.522e-04 4.160e-05 3.781e-04 -1.000 8.299e-04 2.709 3.954 3.121 2.653 2.506 2.452 2.438
0.00087196 -1.25000 10.06446 0.8200340867 2.4255344304    0.818  0.874  3.7327  3.359    3  0.000  0.537     0.00     0.00     0.00     0.00     0.00 -1 -2.15e-12      0.00 7.594e-01 2.397e-01 1.529e-04 4.179e-05 3.797e-04 -1.000 8.826e-04 2.584 3.847 3.003 2.529 2.380 2.323 2.308
0.00087196 -1.25000 10.06446 0.8205605149 2.4257082245    0.818  0.925  3.7308  3.302    3  0.000  0.537     0.00     0.00     0.00     0.00     0.00 -1 -2.58e-12      0.00 7.574e-01 2.417e-01 1.534e-04 4.194e-05 3.810e-04 -1.000 8.255e-04 2.459 3.738 2.885 2.405 2.253 2.194 2.178
0.00087196 -1.25000 10.06446 0.8210887313 2.4258823513    0.819  0.979  3.7291  3.240    3  0.000  0.536     0.00     0.00     0.00     0.00     0.00 -1 -3.14e-12      0.00 7.553e-01 2.439e-01 1.537e-04 4.210e-05 3.822e-04 -1.000 8.718e-04 2.322 3.617 2.755 2.270 2.115 2.054 2.037
0.00087196 -1.25000 10.06446 0.8215565085 2.4260363394    0.819  1.032  3.7274  3.181    3  0.000  0.535     0.00     0.00     0.00     0.00     0.00 -1 -3.79e-12      0.00 7.534e-01 2.457e-01 1.536e-04 4.232e-05 3.830e-04 -1.000 8.359e-04 2.190 3.500 2.629 2.139 1.982 1.919 1.901
0.00087196 -1.25000 10.06446 0.8219532967 2.4261668005    0.820  1.081  3.7259  3.126    3  0.000  0.533     0.00     0.00     0.00     0.00     0.00 -1 -4.52e-12      0.00 7.517e-01 2.474e-01 1.533e-04 4.268e-05 3.836e-04 -1.000 8.739e-04 2.068 3.392 2.514 2.019 1.859 1.795 1.776
0.00087196 -1.25000 10.06446 0.8222639561 2.4262688421    0.820  1.122  3.7246  3.080    3  0.000  0.531     0.00     0.00     0.00     0.00     0.00 -1 -5.24e-12      0.00 7.505e-01 2.486e-01 1.528e-04 4.314e-05 3.841e-04 -1.000 8.362e-04 1.965 3.300 2.416 1.917 1.756 1.690 1.670
0.00087196 -1.25000 10.06446 0.8226078153 2.4263816854    0.820  1.171  3.7231  3.025    3  0.000  0.527     0.00     0.00     0.00     0.00     0.00 -1 -6.26e-12      0.00 7.492e-01 2.499e-01 1.520e-04 4.391e-05 3.844e-04 -1.000 8.673e-04 1.842 3.190 2.298 1.795 1.631 1.563 1.542
0.00087196 -1.25000 10.06446 0.8229366541 2.4264894980    0.820  1.223  3.7214  2.966    3  0.000  0.523     0.00     0.00     0.00     0.00     0.00 -1 -7.54e-12      0.00 7.480e-01 2.511e-01 1.509e-04 4.497e-05 3.848e-04 -1.000 8.728e-04 1.712 3.077 2.176 1.667 1.500 1.430 1.408
0.00087196 -1.25000 10.06446 0.8232344389 2.4265870439    0.821  1.275  3.7196  2.908    3  0.000  0.520     0.00     0.00     0.00     0.00     0.00 -1 -9.09e-12      0.00 7.470e-01 2.521e-01 1.499e-04 4.606e-05 3.851e-04 -1.000 8.920e-04 1.583 2.965 2.054 1.539 1.370 1.297 1.275
0.00087196 -1.25000 10.06446 0.8234944344 2.4266721447    0.821  1.324  3.7179  2.852    3  0.000  0.517     0.00     0.00     0.00     0.00     0.00 -1 -1.09e-11      0.00 7.463e-01 2.529e-01 1.491e-04 4.702e-05 3.853e-04 -1.000 8.435e-04 1.459 2.860 1.938 1.417 1.245 1.171 1.147
0.00087196 -1.25000 10.06446 0.8237293959 2.4267489983    0.821  1.373  3.7161  2.796    3  0.000  0.514     0.00     0.00     0.00     0.00     0.00 -1  -1.3e-11      0.00 7.458e-01 2.534e-01 1.485e-04 4.777e-05 3.854e-04 -1.000 8.797e-04 1.337 2.757 1.825 1.297 1.122 1.046 1.021
0.00087196 -1.25000 10.06446 0.8239408135 2.4268181079    0.821  1.421  3.7143  2.741    3  0.000  0.512     0.00     0.00     0.00     0.00     0.00 -1 -1.54e-11      0.00 7.454e-01 2.537e-01 1.480e-04 4.833e-05 3.855e-04 -1.000 8.524e-04 1.218 2.657 1.713 1.180 1.001 0.923 0.897
0.00087196 -1.25000 10.06446 0.8241370916 2.4268822321    0.821  1.470  3.7125  2.684    3  0.000  0.511     0.00     0.00     0.00     0.00     0.00 -1 -1.84e-11      0.00 7.452e-01 2.540e-01 1.477e-04 4.867e-05 3.856e-04 -1.000 8.603e-04 1.096 2.554 1.600 1.060 0.878 0.797 0.770
0.00087196 -1.25000 10.06446 0.8243108392 2.4269389662    0.821  1.517  3.7105  2.629    3  0.000  0.511     0.00     0.00     0.00     0.00     0.00 -1 -2.19e-11      0.00 7.451e-01 2.541e-01 1.476e-04 4.882e-05 3.856e-04 -1.000 8.605e-04 0.978 2.457 1.491 0.944 0.759 0.676 0.648
0.00087196 -1.25000 10.06446 0.8244728446 2.4269918414    0.821  1.565  3.7085  2.573    3  0.000  0.511     0.00     0.00     0.00     0.00     0.00 -1 -2.61e-11      0.00 7.450e-01 2.541e-01 1.476e-04 4.885e-05 3.856e-04 -1.000 8.608e-04 0.857 2.358 1.380 0.826 0.638 0.552 0.523
0.00087196 -1.25000 10.06446 0.8246160746 2.4270385687    0.821  1.612  3.7066  2.519    3  0.000  0.511     0.00     0.00     0.00     0.00     0.00 -1 -3.09e-11      0.00 7.450e-01 2.541e-01 1.476e-04 4.887e-05 3.856e-04 -1.000 8.610e-04 0.741 2.264 1.274 0.713 0.521 0.432 0.402
0.00087196 -1.25000 10.06446 0.8247436881 2.4270801857    0.821  1.657  3.7046  2.466    3  0.000  0.511     0.00     0.00     0.00     0.00     0.00 -1 -3.64e-11      0.00 7.450e-01 2.541e-01 1.476e-04 4.889e-05 3.856e-04 -1.000 8.613e-04 0.628 2.177 1.171 0.602 0.407 0.316 0.285
0.00087196 -1.25000 10.06446 0.8248621225 2.4271187959    0.821  1.702  3.7026  2.412    3  0.000  0.511     0.00     0.00     0.00     0.00     0.00 -1 -4.31e-11      0.00 7.450e-01 2.541e-01 1.476e-04 4.891e-05 3.856e-04 -1.000 8.616e-04 0.514 2.089 1.068 0.490 0.292 0.198 0.166
0.00087196 -1.25000 10.06446 0.8249671459 2.4271530234    0.820  1.746  3.7005  2.360    3  0.000  0.511     0.00     0.00     0.00     0.00     0.00 -1 -5.06e-11      0.00 7.450e-01 2.541e-01 1.476e-04 4.892e-05 3.856e-04 -1.000 8.617e-04 0.405 2.007 0.969 0.382 0.181 0.085 0.051
0.00087196 -1.25000 10.06446 0.8250662088 2.4271852991    0.820  1.791  3.6984  2.307    3  0.000  0.511     0.00     0.00     0.00     0.00     0.00 -1 -5.96e-11      0.00 7.450e-01 2.542e-01 1.475e-04 4.893e-05 3.856e-04 -1.000 8.618e-04 0.293 1.925 0.869 0.273 0.068 -0.030 -0.065
0.00087196 -1.25000 10.06446 0.8251554966 2.4272143824    0.820  1.834  3.6964  2.255    3  0.000  0.511     0.00     0.00     0.00     0.00     0.00 -1 -6.98e-11      0.00 7.450e-01 2.542e-01 1.475e-04 4.895e-05 3.856e-04 -1.000 8.619e-04 0.185 1.848 0.774 0.169 -0.041 -0.142 -0.178
0.00087196 -1.25000 10.06446 0.8252388835 2.4272415371    0.820  1.877  3.6942  2.204    3  0.000  0.511     0.00     0.00     0.00     0.00     0.00 -1 -8.18e-11      0.00 7.450e-01 2.542e-01 1.475e-04 4.896e-05 3.856e-04 -1.000 8.621e-04 0.079 1.771 0.679 0.065 -0.148 -0.252 -0.289
0.00087196 -1.25000 10.06446 0.8253188133 2.4272675601    0.820  1.919  3.6921  2.153    3  0.000  0.510     0.00     0.00     0.00     0.00     0.00 -1 -9.56e-11      0.00 7.450e-01 2.542e-01 1.475e-04 4.897e-05 3.856e-04 -1.000 8.622e-04 -0.027 1.696 0.586 -0.038 -0.255 -0.361 -0.399
0.00087196 -1.25000 10.06446 0.8254007697 2.4272942368    0.819  1.958  3.6901  2.106    3  0.000  0.510     0.00     0.00     0.00     0.00     0.00 -1 -1.11e-10      0.00 7.450e-01 2.542e-01 1.475e-04 4.898e-05 3.856e-04 -1.000 8.623e-04 -0.125 1.627 0.500 -0.133 -0.353 -0.463 -0.502
0.00087196 -1.25000 10.06446 0.8254752159 2.4273184637    0.819  1.982  3.6890  2.077    3  0.000  0.510     0.00     0.00     0.00     0.00     0.00 -1 -1.21e-10      0.00 7.450e-01 2.542e-01 1.475e-04 4.899e-05 3.856e-04 -1.000 8.624e-04 -0.186 1.583 0.446 -0.192 -0.414 -0.525 -0.565
0.00087196 -1.25000 10.06446 0.8255286217 2.4273358404    0.819  1.965  3.6902  2.099    3  0.000  0.510     0.00     0.00     0.00     0.00     0.00 -1 -1.15e-10      0.00 7.450e-01 2.542e-01 1.475e-04 4.900e-05 3.856e-04 -1.000 8.625e-04 -0.144 1.607 0.480 -0.152 -0.372 -0.481 -0.520
0.00087196 -1.25000 10.06446 0.8255472779 2.4273419100    0.819  1.959  3.6907  2.107    3  0.000  0.510     0.00     0.00     0.00     0.00     0.00 -1 -1.12e-10      0.00 7.449e-01 2.542e-01 1.475e-04 4.900e-05 3.856e-04 -1.000 8.626e-04 -0.127 1.617 0.494 -0.137 -0.356 -0.464 -0.503
0.00087196 -1.25000 10.06446 0.8256046176 2.4273605628    0.818  2.000  3.6885  2.057    3  0.000  0.510     0.00     0.00     0.00     0.00     0.00 -1 -1.29e-10      0.00 7.449e-01 2.542e-01 1.475e-04 4.901e-05 3.857e-04 -1.000 8.627e-04 -0.231 1.546 0.404 -0.236 -0.459 -0.570 -0.610
0.00087196 -1.25000 10.06446 0.8256589174 2.4273782239    0.818  2.041  3.6863  2.007    3  0.000  0.510     0.00     0.00     0.00     0.00     0.00 -1  -1.5e-10      0.00 7.449e-01 2.542e-01 1.475e-04 4.901e-05 3.857e-04 -1.000 8.628e-04 -0.333 1.479 0.317 -0.333 -0.560 -0.675 -0.716
0.00087196 -1.25000 10.06446 0.8257117867 2.4273954173    0.818  2.083  3.6840  1.955    3  0.000  0.510     0.00     0.00     0.00     0.00     0.00 -1 -1.75e-10      0.00 7.449e-01 2.542e-01 1.475e-04 4.902e-05 3.857e-04 -1.000 8.628e-04 -0.438 1.421 0.227 -0.436 -0.667 -0.784 -0.827
0.00087196 -1.25000 10.06446 0.8257609606 2.4274114065    0.817  2.125  3.6816  1.904    3  0.000  0.510     0.00     0.00     0.00     0.00     0.00 -1 -2.05e-10      0.00 7.449e-01 2.542e-01 1.475e-04 4.903e-05 3.857e-04 -1.000 8.629e-04 -0.542 1.369 0.140 -0.539 -0.773 -0.893 -0.938
0.00087196 -1.25000 10.06446 0.8258047700 2.4274256497    0.817  2.165  3.6793  1.854    3  0.000  0.510     0.00     0.00     0.00     0.00     0.00 -1 -2.38e-10      0.00 7.449e-01 2.542e-01 1.475e-04 4.903e-05 3.857e-04 -1.000 8.630e-04 -0.643 1.322 0.057 -0.638 -0.876 -0.999 -1.045
0.00087196 -1.25000 10.06446 0.8258455396 2.4274389029    0.816  2.205  3.6770  1.804    3  0.000  0.510     0.00     0.00     0.00     0.00     0.00 -1 -2.77e-10      0.00 7.449e-01 2.542e-01 1.475e-04 4.904e-05 3.857e-04 -1.000 8.631e-04 -0.743 1.279 -0.025 -0.736 -0.978 -1.103 -1.151
0.00087196 -1.25000 10.06446 0.8258832097 2.4274511473    0.816  2.245  3.6745  1.754    3  0.000  0.510     0.00     0.00     0.00     0.00     0.00 -1 -3.22e-10      0.00 7.449e-01 2.542e-01 1.475e-04 4.904e-05 3.857e-04 -1.000 8.631e-04 -0.843 1.239 -0.104 -0.833 -1.079 -1.208 -1.257
0.00087196 -1.25000 10.06446 0.8259182572 2.4274625381    0.815  2.285  3.6721  1.704    3  0.000  0.510     0.00     0.00     0.00     0.00     0.00 -1 -3.74e-10      0.00 7.449e-01 2.542e-01 1.475e-04 4.905e-05 3.857e-04 -1.000 8.632e-04 -0.944 1.201 -0.184 -0.930 -1.181 -1.312 -1.363
0.00087196 -1.25000 10.06446 0.8259495497 2.4274727075    0.815  2.324  3.6697  1.656    3  0.000  0.510     0.00     0.00     0.00     0.00     0.00 -1 -4.32e-10      0.00 7.449e-01 2.542e-01 1.475e-04 4.905e-05 3.857e-04 -1.000 8.631e-04 -1.040 1.168 -0.258 -1.024 -1.278 -1.413 -1.465
0.00087196 -1.25000 10.06446 0.8259789348 2.4274822562    0.814  2.363  3.6673  1.607    3  0.000  0.510     0.00     0.00     0.00     0.00     0.00 -1    -5e-10      0.00 7.449e-01 2.542e-01 1.475e-04 4.906e-05 3.857e-04 -1.000 8.633e-04 -1.137 1.140 -0.331 -1.117 -1.375 -1.513 -1.568
0.00087196 -1.25000 10.06446 0.8260121942 2.4274930630    0.813  2.410  3.6642  1.547    3  0.000  0.510     0.00     0.00     0.00     0.00     0.00 -1 -5.97e-10      0.00 7.449e-01 2.542e-01 1.475e-04 4.906e-05 3.857e-04 -1.000 8.633e-04 -1.256 1.112 -0.418 -1.229 -1.494 -1.635 -1.692
0.00087196 -1.25000 10.06446 0.8260420561 2.4275027650    0.812  2.457  3.6611  1.488    3  0.000  0.510     0.00     0.00     0.00     0.00     0.00 -1 -7.12e-10      0.00 7.449e-01 2.542e-01 1.475e-04 4.906e-05 3.857e-04 -1.000 8.634e-04 -1.371 1.089 -0.502 -1.339 -1.610 -1.755 -1.815
0.00087196 -1.25000 10.06446 0.8260698318 2.4275117884    0.811  2.503  3.6581  1.428    3  0.000  0.510     7.84     6.10     4.32     3.34     2.70  3 -8.49e-10      0.00 7.449e-01 2.542e-01 1.475e-04 4.907e-05 3.857e-04 -1.000 8.634e-04 -1.488 1.079 -0.581 -1.449 -1.725 -1.875 -1.937
0.00087196 -1.25000 10.06446 0.8260946274 2.4275198431    0.810  2.548  3.6550  1.370    3  0.000  0.510     8.86     6.78     4.77     3.69     2.99  3 -1.01e-09      0.00 7.449e-01 2.542e-01 1.475e-04 4.907e-05 3.857e-04 -1.000 8.634e-04 -1.601 1.056 -0.658 -1.549 -1.834 -1.989 -2.054
0.00087196 -1.25000 10.06446 0.8261173368 2.4275272197    0.809  2.593  3.6519  1.313    3  0.000  0.510    10.00     7.51     5.26     4.08     3.31  3 -1.19e-09      0.00 7.449e-01 2.542e-01 1.474e-04 4.907e-05 3.857e-04 -1.000 8.634e-04 -1.712 1.035 -0.733 -1.649 -1.941 -2.101 -2.168
0.00087196 -1.25000 10.06446 0.8261391521 2.4275343054    0.808  2.639  3.6488  1.253    3  0.000  0.510    11.34     8.36     5.83     4.53     3.67  3 -1.42e-09      0.00 7.449e-01 2.542e-01 1.474e-04 4.908e-05 3.857e-04 -1.000 8.636e-04 -1.828 1.013 -0.810 -1.751 -2.052 -2.217 -2.287
0.00087196 -1.25000 10.06446 0.8261580467 2.4275404421    0.806  2.682  3.6457  1.197    3  0.000  0.510    12.76     9.25     6.42     5.00     4.05  3 -1.68e-09      0.00 7.449e-01 2.542e-01 1.474e-04 4.908e-05 3.857e-04 -1.000 8.636e-04 -1.935 0.997 -0.879 -1.845 -2.154 -2.325 -2.397
0.00087196 -1.25000 10.06446 0.8261758089 2.4275462107    0.805  2.726  3.6425  1.140    3  0.000  0.510    14.39    10.25     7.08     5.52     4.47  2 -1.98e-09      0.00 7.449e-01 2.542e-01 1.474e-04 4.908e-05 3.857e-04 -1.000 8.636e-04 -2.044 0.982 -0.949 -1.939 -2.257 -2.434 -2.508
0.00087196 -1.25000 10.06446 0.8261926174 2.4275516693    0.803  2.770  3.6394  1.082    3  0.000  0.510    16.26    11.38     7.82     6.11     4.95  2 -2.35e-09      0.00 7.449e-01 2.542e-01 1.474e-04 4.908e-05 3.857e-04 -1.000 8.636e-04 -2.155 0.967 -1.020 -2.036 -2.362 -2.544 -2.621
0.00087196 -1.25000 10.06446 0.8262071609 2.4275563921    0.801  2.811  3.6363  1.028    3  0.000  0.510    18.23    12.55     8.59     6.72     5.44  2 -2.76e-09      0.00 7.449e-01 2.542e-01 1.474e-04 4.909e-05 3.857e-04 -1.000 8.636e-04 -2.258 0.960 -1.081 -2.122 -2.457 -2.645 -2.725
0.00087196 -1.25000 10.06446 0.8262212276 2.4275609599    0.799  2.854  3.6331  0.971    3  0.000  0.510    20.53    13.89     9.46     7.41     6.01  2 -3.25e-09      0.00 7.449e-01 2.542e-01 1.474e-04 4.909e-05 3.857e-04 -1.000 8.636e-04 -2.365 0.957 -1.142 -2.212 -2.556 -2.751 -2.833
0.00087196 -1.25000 10.06446 0.8262344003 2.4275652373    0.797  2.897  3.6300  0.915    3  0.000  0.510    23.13    15.37    10.42     8.18     6.63  2 -3.83e-09      0.00 7.449e-01 2.542e-01 1.474e-04 4.909e-05 3.857e-04 -1.000 8.637e-04 -2.472 0.957 -1.200 -2.301 -2.656 -2.857 -2.941
0.00087196 -1.25000 10.06446 0.8262457848 2.4275689338    0.794  2.936  3.6269  0.861    3  0.000  0.510    25.88    16.92    11.42     8.97     7.28  2 -4.47e-09      0.00 7.449e-01 2.542e-01 1.474e-04 4.909e-05 3.857e-04 -1.000 8.637e-04 -2.571 0.963 -1.248 -2.380 -2.746 -2.953 -3.041
0.00087196 -1.25000 10.06446 0.8262568116 2.4275725142    0.792  2.977  3.6237  0.806    3  0.000  0.510    29.03    18.66    12.54     9.87     8.01  1 -5.24e-09      0.00 7.449e-01 2.542e-01 1.474e-04 4.909e-05 3.857e-04 -1.000 8.637e-04 -2.673 0.967 -1.298 -2.461 -2.839 -3.053 -3.143
0.00087196 -1.25000 10.06446 0.8262674212 2.4275759589    0.789  3.019  3.6206  0.750    3  0.000  0.510    32.66    20.63    13.80    10.88     8.83  1 -6.17e-09      0.00 7.449e-01 2.542e-01 1.474e-04 4.909e-05 3.857e-04 -1.000 8.637e-04 -2.778 0.969 -1.351 -2.546 -2.934 -3.155 -3.248
0.00087196 -1.25000 10.06446 0.8262766600 2.4275789585    0.786  3.058  3.6175  0.698    3  0.000  0.510    36.51    22.68    15.10    11.93     9.68  1 -7.18e-09      0.00 7.449e-01 2.542e-01 1.474e-04 4.910e-05 3.857e-04 -1.000 8.637e-04 -2.875 0.975 -1.395 -2.622 -3.022 -3.249 -3.344
0.00087196 -1.25000 10.06446 0.8262858987 2.4275819580    0.782  3.099  3.6144  0.642    3  0.000  0.510    41.03    25.04    16.60    13.13    10.66  1 -8.43e-09      0.00 7.449e-01 2.542e-01 1.474e-04 4.910e-05 3.857e-04 -1.000 8.638e-04 -2.977 0.979 -1.442 -2.702 -3.114 -3.348 -3.446
0.00087196 -1.25000 10.06446 0.8262944221 2.4275847252    0.779  3.139  3.6113  0.587    3  0.000  0.510    46.01    27.61    18.22    14.43    11.72  1 -9.87e-09      0.00 7.449e-01 2.542e-01 1.474e-04 4.910e-05 3.857e-04 -1.000 8.638e-04 -3.078 0.981 -1.488 -2.780 -3.204 -3.444 -3.545
0.00087196 -1.25000 10.06446 0.8263022304 2.4275872601    0.775  3.178  3.6082  0.534    3  0.000  0.510    51.49    30.37    19.96    15.83    12.86  1 -1.15e-08      0.00 7.449e-01 2.542e-01 1.474e-04 4.910e-05 3.857e-04 -1.000 8.638e-04 -3.175 0.982 -1.528 -2.853 -3.290 -3.538 -3.641
0.00087196 -1.25000 10.06446 0.8263097405 2.4275896982    0.770  3.218  3.6051  0.479    3  0.000  0.510    57.76    33.48    21.90    17.40    14.14  1 -1.35e-08      0.00 7.449e-01 2.542e-01 1.474e-04 4.910e-05 3.857e-04 -1.000 8.638e-04 -3.274 0.980 -1.564 -2.926 -3.376 -3.632 -3.738
0.00087196 -1.25000 10.06446 0.8263167739 2.4275919815    0.765  3.257  3.6021  0.425    3  0.000  0.510    64.71    36.86    24.00    19.11    15.52  1 -1.57e-08      0.00 7.449e-01 2.542e-01 1.474e-04 4.910e-05 3.857e-04 -1.000 8.638e-04 -3.372 0.975 -1.595 -2.996 -3.462 -3.725 -3.835
0.00087196 -1.25000 10.06446 0.8263233900 2.4275941293    0.759  3.294  3.5992  0.373    3  0.000  0.510    72.23    40.44    26.22    20.91    16.99  1 -1.83e-08      0.00 7.449e-01 2.542e-01 1.474e-04 4.910e-05 3.857e-04 -1.000 8.638e-04 -3.466 0.971 -1.624 -3.062 -3.543 -3.815 -3.927
0.00087196 -1.25000 10.06446 0.8263283968 2.4275957546    0.755  3.322  3.5970  0.334    3  0.000  0.510    78.31    43.29    27.98    22.34    18.15  1 -2.05e-08      0.00 7.449e-01 2.542e-01 1.474e-04 4.910e-05 3.857e-04 -1.000 8.638e-04 -3.534 0.968 -1.642 -3.110 -3.602 -3.879 -3.994
0.00087196 -1.25000 10.06446 0.8263283968 2.4275957546    0.755  1.736  3.7460  2.516    4  0.000  0.519     0.00     0.00     0.00     0.00     0.00 -1    -1e-30      0.00 7.408e-01 2.583e-01 1.524e-04 4.719e-05 3.917e-04 -1.000 9.012e-04 0.431 1.551 0.783 0.373 0.249 0.205 0.194
0.00087196 -1.25000 10.06446 0.8263800144 2.4276125097    0.755  1.753  3.7447  2.493    4  0.000  0.519     0.00     0.00     0.00     0.00     0.00 -1    -1e-30      0.00 7.408e-01 2.583e-01 1.524e-04 4.719e-05 3.917e-04 -1.000 9.012e-04 0.388 1.519 0.745 0.330 0.204 0.158 0.147
0.00087196 -1.25000 10.06446 0.8264328241 2.4276296492    0.755  1.755  3.7445  2.491    4  0.000  0.519     0.00     0.00     0.00     0.00     0.00 -1    -1e-30      0.00 7.408e-01 2.583e-01 1.524e-04 4.719e-05 3.917e-04 -1.000 9.012e-04 0.382 1.514 0.740 0.325 0.198 0.152 0.141
0.00087196 -1.25000 10.06446 0.8264864683 2.4276470569    0.755  1.757  3.7447  2.490    4  0.000  0.519     0.00     0.00     0.00     0.00     0.00 -1    -1e-30      0.00 7.408e-01 2.583e-01 1.524e-04 4.719e-05 3.917e-04 -1.000 9.012e-04 0.378 1.509 0.736 0.321 0.194 0.149 0.137
0.00087196 -1.25000 10.06446 0.8265419602 2.4276650615    0.755  1.757  3.7450  2.491    4  0.000  0.519     0.00     0.00     0.00     0.00     0.00 -1    -1e-30      0.00 7.408e-01 2.583e-01 1.524e-04 4.719e-05 3.917e-04 -1.000 9.012e-04 0.377 1.505 0.733 0.319 0.193 0.148 0.137
0.00087196 -1.25000 10.06446 0.8265573382 2.4276700505    0.755  1.757  3.7452  2.491    4  0.000  0.519     0.00     0.00     0.00     0.00     0.00 -1    -1e-30      0.00 7.408e-01 2.583e-01 1.524e-04 4.719e-05 3.917e-04 -1.000 9.012e-04 0.377 1.503 0.732 0.319 0.193 0.149 0.137
0.00087196 -1.25000 10.06446 0.8265922070 2.4276813619    0.755  1.757  3.7456  2.493    4  0.000  0.519     0.00     0.00     0.00     0.00     0.00 -1    -1e-30      0.00 7.408e-01 2.583e-01 1.524e-04 4.719e-05 3.917e-04 -1.000 9.011e-04 0.377 1.500 0.730 0.319 0.194 0.150 0.139
0.00087196 -1.25000 10.06446 0.8266441226 2.4276982013    0.755  1.757  3.7463  2.497    4  0.000  0.519     0.00     0.00     0.00     0.00     0.00 -1    -1e-30      0.00 7.408e-01 2.583e-01 1.524e-04 4.719e-05 3.917e-04 -1.000 9.011e-04 0.379 1.496 0.729 0.321 0.196 0.153 0.142
0.00087196 -1.25000 10.06446 0.8266952038 2.4277147677    0.755  1.756  3.7471  2.501    4  0.000  0.519     0.00     0.00     0.00     0.00     0.00 -1    -1e-30      0.00 7.408e-01 2.583e-01 1.524e-04 4.719e-05 3.917e-04 -1.000 9.011e-04 0.381 1.491 0.728 0.323 0.200 0.157 0.147
0.00087196 -1.25000 10.06446 0.8267467022 2.4277314670    0.755  1.754  3.7480  2.506    4  0.000  0.519     0.00     0.00     0.00     0.00     0.00 -1    -1e-30      0.00 7.408e-01 2.583e-01 1.524e-04 4.719e-05 3.917e-04 -1.000 9.012e-04 0.384 1.487 0.728 0.325 0.204 0.163 0.153
0.00087196 -1.25000 10.06446 0.8267962337 2.4277475262    0.755  1.753  3.7489  2.511    4  0.000  0.519     0.00     0.00     0.00     0.00     0.00 -1    -1e-30      0.00 7.408e-01 2.583e-01 1.524e-04 4.719e-05 3.917e-04 -1.000 9.011e-04 0.387 1.483 0.727 0.328 0.208 0.168 0.158
0.00087196 -1.25000 10.06446 0.8268455267 2.4277635059    0.755  1.752  3.7497  2.515    4  0.000  0.519     0.00     0.00     0.00     0.00     0.00 -1    -1e-30      0.00 7.408e-01 2.583e-01 1.524e-04 4.719e-05 3.917e-04 -1.000 9.011e-04 0.390 1.478 0.726 0.330 0.212 0.172 0.163
0.00087196 -1.25000 10.06446 0.8268982172 2.4277805846    0.755  1.751  3.7506  2.519    4  0.000  0.519     0.00     0.00     0.00     0.00     0.00 -1    -1e-30      0.00 7.408e-01 2.583e-01 1.524e-04 4.719e-05 3.917e-04 -1.000 9.011e-04 0.393 1.474 0.726 0.333 0.216 0.177 0.168
0.00087196 -1.25000 10.06446 0.8269515038 2.4277978539    0.755  1.750  3.7514  2.524    4  0.000  0.519     0.00     0.00     0.00     0.00     0.00 -1    -1e-30      0.00 7.408e-01 2.583e-01 1.524e-04 4.719e-05 3.917e-04 -1.000 9.013e-04 0.395 1.470 0.725 0.335 0.220 0.181 0.173
0.00087196 -1.25000 10.06446 0.8270035982 2.4278147344    0.755  1.749  3.7521  2.527    4  0.000  0.519     0.00     0.00     0.00     0.00     0.00 -1    -1e-30      0.00 7.408e-01 2.583e-01 1.524e-04 4.719e-05 3.917e-04 -1.000 9.012e-04 0.397 1.467 0.724 0.336 0.222 0.185 0.177
0.00087196 -1.25000 10.06446 0.8270549178 2.4278313614    0.755  1.749  3.7526  2.530    4  0.000  0.519     0.00     0.00     0.00     0.00     0.00 -1    -1e-30      0.00 7.408e-01 2.583e-01 1.524e-04 4.719e-05 3.917e-04 -1.000 9.011e-04 0.398 1.464 0.723 0.337 0.224 0.188 0.180
0.00087196 -1.25000 10.06446 0.8270673752 2.4278353972    0.755  1.749  3.7527  2.530    4  0.000  0.519     0.00     0.00     0.00     0.00     0.00 -1    -1e-30      0.00 7.408e-01 2.583e-01 1.524e-04 4.719e-05 3.917e-04 -1.000 9.012e-04 0.398 1.463 0.722 0.338 0.225 0.188 0.180
0.00087196 -1.25000 10.06446 0.8270725608 2.4278370770    0.755  1.749  3.7528  2.531    4  0.000  0.519     0.00     0.00     0.00     0.00     0.00 -1    -1e-30      0.00 7.408e-01 2.583e-01 1.524e-04 4.719e-05 3.917e-04 -1.000 9.012e-04 0.398 1.463 0.722 0.338 0.225 0.188 0.180
0.00087196 -1.25000 10.06446 0.8271199465 2.4278524267    0.755  1.749  3.7531  2.532    4  0.000  0.519     0.00     0.00     0.00     0.00     0.00 -1    -1e-30      0.00 7.408e-01 2.583e-01 1.524e-04 4.719e-05 3.917e-04 -1.000 9.012e-04 0.399 1.460 0.721 0.338 0.226 0.189 0.181
0.00087196 -1.25000 10.06446 0.8271697760 2.4278685658    0.756  1.749  3.7534  2.533    4  0.000  0.519     0.00     0.00     0.00     0.00     0.00 -1    -1e-30      0.00 7.408e-01 2.583e-01 1.524e-04 4.719e-05 3.917e-04 -1.000 9.012e-04 0.398 1.458 0.720 0.337 0.225 0.189 0.182
0.00087196 -1.25000 10.06446 0.8272194266 2.4278846447    0.756  1.749  3.7535  2.533    4  0.000  0.519     0.00     0.00     0.00     0.00     0.00 -1    -1e-30      0.00 7.408e-01 2.583e-01 1.524e-04 4.719e-05 3.917e-04 -1.000 9.013e-04 0.397 1.455 0.718 0.336 0.224 0.189 0.181
0.00087196 -1.25000 10.06446 0.8272686601 2.4279005863    0.756  1.750  3.7535  2.532    4  0.000  0.519     0.00     0.00     0.00     0.00     0.00 -1    -1e-30      0.00 7.408e-01 2.583e-01 1.524e-04 4.719e-05 3.917e-04 -1.000 9.012e-04 0.395 1.454 0.716 0.334 0.222 0.186 0.179
0.00087196 -1.25000 10.06446 0.8273162842 2.4279160048    0.756  1.751  3.7533  2.531    4  0.000  0.519     0.00     0.00     0.00     0.00     0.00 -1    -1e-30      0.00 7.408e-01 2.583e-01 1.524e-04 4.719e-05 3.917e-04 -1.000 9.012e-04 0.392 1.452 0.714 0.331 0.220 0.184 0.176
0.00087196 -1.25000 10.06446 0.8273645639 2.4279316334    0.756  1.753  3.7530  2.528    4  0.000  0.519     0.00     0.00     0.00     0.00     0.00 -1    -1e-30      0.00 7.408e-01 2.583e-01 1.524e-04 4.719e-05 3.917e-04 -1.000 9.012e-04 0.388 1.451 0.711 0.328 0.215 0.179 0.171
0.00087196 -1.25000 10.06446 0.8274137378 2.4279475493    0.756  1.755  3.7525  2.524    4  0.000  0.519     0.00     0.00     0.00     0.00     0.00 -1    -1e-30      0.00 7.408e-01 2.583e-01 1.524e-04 4.719e-05 3.917e-04 -1.000 9.012e-04 0.384 1.450 0.708 0.323 0.210 0.173 0.165
0.00087196 -1.25000 10.06446 0.8274375200 2.4279552460    0.756  1.756  3.7522  2.522    4  0.000  0.519     0.00     0.00     0.00     0.00     0.00 -1    -1e-30      0.00 7.408e-01 2.583e-01 1.524e-04 4.719e-05 3.917e-04 -1.000 9.011e-04 0.381 1.449 0.707 0.320 0.206 0.169 0.161
0.00087196 -1.25000 10.06446 0.8274642229 2.4279638873    0.756  1.757  3.7519  2.519    4  0.000  0.519     0.00     0.00     0.00     0.00     0.00 -1    -1e-30      0.00 7.408e-01 2.583e-01 1.524e-04 4.719e-05 3.917e-04 -1.000 9.013e-04 0.377 1.449 0.705 0.317 0.202 0.165 0.156
0.00087196 -1.25000 10.06446 0.8275153041 2.4279804160    0.756  1.760  3.7511  2.512    4  0.000  0.519     0.00     0.00     0.00     0.00     0.00 -1    -1e-30      0.00 7.408e-01 2.583e-01 1.524e-04 4.719e-05 3.917e-04 -1.000 9.012e-04 0.370 1.447 0.700 0.309 0.193 0.155 0.146
0.00087196 -1.25000 10.06446 0.8275667429 2.4279970579    0.756  1.764  3.7502  2.505    4  0.000  0.519     0.00     0.00     0.00     0.00     0.00 -1    -1e-30      0.00 7.408e-01 2.583e-01 1.524e-04 4.719e-05 3.917e-04 -1.000 9.011e-04 0.361 1.446 0.695 0.301 0.184 0.144 0.135
0.00087196 -1.25000 10.06446 0.8276187181 2.4280138710    0.756  1.767  3.7492  2.498    4  0.000  0.519     0.00     0.00     0.00     0.00     0.00 -1    -1e-30      0.00 7.408e-01 2.583e-01 1.524e-04 4.719e-05 3.917e-04 -1.000 9.011e-04 0.351 1.444 0.690 0.292 0.173 0.133 0.123
0.00087196 -1.25000 10.06446 0.8276662230 2.4280292359    0.756  1.773  3.7479  2.488    4  0.000  0.519     0.00     0.00     0.00     0.00     0.00 -1    -1e-30      0.00 7.408e-01 2.583e-01 1.524e-04 4.719e-05 3.917e-04 -1.000 9.012e-04 0.338 1.442 0.682 0.279 0.158 0.116 0.106
0.00087196 -1.25000 10.06446 0.8277140856 2.4280447145    0.756  1.778  3.7466  2.477    4  0.000  0.519     0.00     0.00     0.00     0.00     0.00 -1    -1e-30      0.00 7.408e-01 2.583e-01 1.524e-04 4.719e-05 3.917e-04 -1.000 9.012e-04 0.324 1.439 0.673 0.266 0.142 0.099 0.088
0.00087196 -1.25000 10.06446 0.8277611732 2.4280599404    0.756  1.784  3.7454  2.466    4  0.000  0.519     0.00     0.00     0.00     0.00     0.00 -1    -1e-30      0.00 7.408e-01 2.583e-01 1.524e-04 4.719e-05 3.917e-04 -1.000 9.012e-04 0.310 1.435 0.664 0.252 0.127 0.082 0.071
0.00087196 -1.25000 10.06446 0.8278093338 2.4280755112    0.756  1.790  3.7441  2.454    4  0.000  0.519     0.00     0.00     0.00     0.00     0.00 -1    -1e-30      0.00 7.408e-01 2.583e-01 1.524e-04 4.719e-05 3.917e-04 -1.000 9.011e-04 0.294 1.431 0.653 0.236 0.108 0.062 0.051
0.00087196 -1.25000 10.06446 0.8278574347 2.4280910606    0.756  1.800  3.7422  2.438    4  0.000  0.519     0.00     0.00     0.00     0.00     0.00 -1    -1e-30      0.00 7.408e-01 2.583e-01 1.524e-04 4.719e-05 3.917e-04 -1.000 9.012e-04 0.271 1.423 0.637 0.214 0.083 0.035 0.023
0.00087196 -1.25000 10.06446 0.8279060721 2.4281067813    0.756  1.811  3.7401  2.418    4  0.000  0.519     0.00     0.00     0.00     0.00     0.00 -1    -1e-30      0.00 7.408e-01 2.583e-01 1.524e-04 4.719e-05 3.917e-04 -1.000 9.012e-04 0.242 1.412 0.616 0.185 0.051 0.001 -0.013
0.00087196 -1.25000 10.06446 0.8279553652 2.4281227118    0.756  1.828  3.7374  2.391    4  0.000  0.519     0.00     0.00     0.00     0.00     0.00 -1    -1e-30      0.00 7.408e-01 2.583e-01 1.524e-04 4.719e-05 3.917e-04 -1.000 9.012e-04 0.201 1.398 0.586 0.145 0.006 -0.047 -0.061
0.00087196 -1.25000 10.06446 0.8280035853 2.4281382935    0.756  1.862  3.7322  2.335    4  0.000  0.519     0.00     0.00     0.00     0.00     0.00 -1    -1e-30      0.00 7.408e-01 2.583e-01 1.524e-04 4.719e-05 3.917e-04 -1.000 9.012e-04 0.115 1.364 0.522 0.061 -0.086 -0.145 -0.162
0.00087196 -1.25000 10.06446 0.8280270696 2.4281458813    0.756  1.898  3.7271  2.279    4  0.000  0.519     0.00     0.00     0.00     0.00     0.00 -1    -1e-30      0.00 7.408e-01 2.583e-01 1.524e-04 4.719e-05 3.917e-04 -1.000 9.012e-04 0.024 1.326 0.453 -0.028 -0.183 -0.248 -0.268
0.00087196 -1.25000 10.06446 0.8280374408 2.4281492321    0.756  1.934  3.7223  2.224    4  0.000  0.519     0.00     0.00     0.00     0.00     0.00 -1    -1e-30      0.00 7.408e-01 2.583e-01 1.524e-04 4.719e-05 3.917e-04 -1.000 9.012e-04 -0.066 1.288 0.385 -0.115 -0.279 -0.348 -0.371
0.00087196 -1.25000 10.06446 0.8280419111 2.4281506764    0.756  1.971  3.7179  2.170    4  0.000  0.519     0.00     0.00     0.00     0.00     0.00 -1    -1e-30      0.00 7.408e-01 2.583e-01 1.524e-04 4.719e-05 3.917e-04 -1.000 9.011e-04 -0.156 1.248 0.315 -0.203 -0.374 -0.449 -0.473
0.00087196 -1.25000 10.06446 0.8280442357 2.4281514274    0.756  2.007  3.7138  2.117    4  0.000  0.519     0.00     0.00     0.00     0.00     0.00 -1    -1e-30      0.00 7.408e-01 2.583e-01 1.524e-04 4.719e-05 3.917e-04 -1.000 9.012e-04 -0.247 1.207 0.245 -0.290 -0.468 -0.548 -0.574
0.00087196 -1.25000 10.06446 0.8280455470 2.4281518511    0.757  2.041  3.7101  2.068    4  0.000  0.519     0.00     0.00     0.00     0.00     0.00 -1    -1e-30      0.00 7.408e-01 2.583e-01 1.524e-04 4.719e-05 3.917e-04 -1.000 9.011e-04 -0.333 1.166 0.178 -0.373 -0.557 -0.641 -0.669
0.00087196 -1.25000 10.06446 0.8280457258 2.4281519089    0.756  2.049  3.7093  2.058    7  0.000  0.519     0.00     0.00     0.00     0.00     0.00 -1 -9.49e-10      0.00 7.408e-01 2.567e-01 1.524e-04 4.719e-05 3.917e-04 -1.000 2.501e-03 -0.351 1.157 0.163 -0.390 -0.576 -0.661 -0.690
0.00087196 -1.25000 10.06446 0.8280457854 2.4281519281    0.756  2.049  3.7092  2.056    7  0.000  0.519     0.00     0.00     0.00     0.00     0.00 -1  -9.5e-10      0.00 7.408e-01 2.567e-01 1.524e-04 4.719e-05 3.917e-04 -1.000 2.501e-03 -0.353 1.156 0.162 -0.392 -0.578 -0.663 -0.692
0.00087196 -1.25000 10.06446 0.8280467391 2.4281522362    0.756  2.089  3.7055  2.001    7  0.000  0.519     0.00     0.00     0.00     0.00     0.00 -1 -1.22e-09      0.00 7.408e-01 2.567e-01 1.524e-04 4.719e-05 3.917e-04 -1.000 2.501e-03 -0.454 1.105 0.082 -0.488 -0.681 -0.770 -0.801
0.00087196 -1.25000 10.06446 0.8280476332 2.4281525251    0.756  2.129  3.7019  1.947    7  0.000  0.519     0.00     0.00     0.00     0.00     0.00 -1 -1.53e-09      0.00 7.408e-01 2.567e-01 1.524e-04 4.719e-05 3.917e-04 -1.000 2.501e-03 -0.552 1.058 0.003 -0.583 -0.782 -0.876 -0.909
0.00087196 -1.25000 10.06446 0.8280484676 2.4281527947    0.756  2.168  3.6984  1.895    7  0.000  0.519     0.00     0.00     0.00     0.00     0.00 -1 -1.92e-09      0.00 7.408e-01 2.567e-01 1.524e-04 4.719e-05 3.917e-04 -1.000 2.501e-03 -0.649 1.014 -0.073 -0.675 -0.880 -0.979 -1.014
0.00087196 -1.25000 10.06446 0.8280493617 2.4281530835    0.756  2.202  3.6953  1.848    7  0.000  0.519     0.00     0.00     0.00     0.00     0.00 -1 -2.35e-09      0.00 7.408e-01 2.567e-01 1.524e-04 4.719e-05 3.917e-04 -1.000 2.501e-03 -0.735 0.974 -0.140 -0.757 -0.968 -1.071 -1.107
0.00087196 -1.25000 10.06446 0.8280507326 2.4281535264    0.756  2.234  3.6927  1.806    7  0.000  0.519     0.00     0.00     0.00     0.00     0.00 -1 -2.82e-09      0.00 7.408e-01 2.567e-01 1.524e-04 4.719e-05 3.917e-04 -1.000 2.501e-03 -0.814 0.938 -0.202 -0.831 -1.047 -1.154 -1.192
0.00087196 -1.25000 10.06446 0.8280531764 2.4281543159    0.756  2.197  3.6959  1.855    7  0.000  0.519     0.00     0.00     0.00     0.00     0.00 -1 -2.26e-09      0.00 7.408e-01 2.567e-01 1.524e-04 4.719e-05 3.917e-04 -1.000 2.501e-03 -0.722 0.979 -0.131 -0.745 -0.955 -1.057 -1.093
0.00087196 -1.25000 10.06446 0.8280571699 2.4281556061    0.755  2.159  3.6993  1.907    7  0.000  0.519     0.00     0.00     0.00     0.00     0.00 -1 -1.82e-09      0.00 7.408e-01 2.567e-01 1.524e-04 4.719e-05 3.917e-04 -1.000 2.501e-03 -0.626 1.022 -0.056 -0.654 -0.858 -0.955 -0.989
0.00087196 -1.25000 10.06446 0.8280818462 2.4281635779    0.753  2.163  3.6987  1.899    7  0.000  0.519     0.00     0.00     0.00     0.00     0.00 -1 -1.88e-09      0.00 7.408e-01 2.567e-01 1.524e-04 4.719e-05 3.917e-04 -1.000 2.501e-03 -0.638 1.019 -0.064 -0.664 -0.869 -0.967 -1.002
0.00087196 -1.25000 10.06446 0.8280997276 2.4281693542    0.751  2.202  3.6952  1.844    7  0.000  0.519     0.00     0.00     0.00     0.00     0.00 -1 -2.39e-09      0.00 7.408e-01 2.567e-01 1.524e-04 4.719e-05 3.917e-04 -1.000 2.501e-03 -0.736 0.976 -0.140 -0.757 -0.969 -1.072 -1.108
0.00087196 -1.25000 10.06446 0.8281186223 2.4281754576    0.749  2.246  3.6914  1.784    7  0.000  0.519     0.00     0.00     0.00     0.00     0.00 -1 -3.13e-09      0.00 7.408e-01 2.567e-01 1.524e-04 4.719e-05 3.917e-04 -1.000 2.501e-03 -0.844 0.928 -0.224 -0.860 -1.078 -1.186 -1.225
0.00087196 -1.25000 10.06446 0.8281370401 2.4281814066    0.746  2.289  3.6877  1.725    7  0.000  0.519     0.00     0.00     0.00     0.00     0.00 -1 -4.03e-09      0.00 7.408e-01 2.567e-01 1.524e-04 4.719e-05 3.917e-04 -1.000 2.501e-03 -0.953 0.881 -0.308 -0.961 -1.187 -1.300 -1.341
0.00087196 -1.25000 10.06446 0.8281531334 2.4281866045    0.742  2.331  3.6842  1.666    7  0.000  0.519     0.00     0.00     0.00     0.00     0.00 -1 -5.21e-09      0.00 7.408e-01 2.567e-01 1.524e-04 4.719e-05 3.917e-04 -1.000 2.501e-03 -1.059 0.843 -0.389 -1.062 -1.294 -1.411 -1.454
0.00087196 -1.25000 10.06446 0.8281673789 2.4281912054    0.738  2.374  3.6807  1.608    7  0.000  0.519     0.00     0.00     0.00     0.00     0.00 -1 -6.75e-09      0.00 7.408e-01 2.567e-01 1.524e-04 4.719e-05 3.917e-04 -1.000 2.494e-03 -1.164 0.818 -0.468 -1.165 -1.402 -1.523 -1.569
0.00087196 -1.25000 10.06446 0.8281798363 2.4281952287    0.734  2.416  3.6772  1.549    7  0.000  0.519     0.00     0.00     0.00     0.00     0.00 -1 -8.73e-09      0.00 7.408e-01 2.568e-01 1.523e-04 4.719e-05 3.917e-04 -1.000 2.413e-03 -1.269 0.799 -0.544 -1.266 -1.509 -1.635 -1.683
0.00087196 -1.25000 10.06446 0.8281908035 2.4281987706    0.729  2.457  3.6738  1.490    7  0.000  0.519     0.00     0.00     0.00     0.00     0.00 -1 -1.13e-08      0.00 7.408e-01 2.568e-01 1.522e-04 4.722e-05 3.917e-04 -1.000 2.393e-03 -1.373 0.785 -0.618 -1.366 -1.615 -1.745 -1.795
0.00087196 -1.25000 10.06446 0.8282006383 2.4282019466    0.723  2.499  3.6704  1.432    7  0.000  0.518     0.00     0.00     0.00     0.00     0.00 -1 -1.45e-08      0.00 7.408e-01 2.568e-01 1.519e-04 4.733e-05 3.917e-04 -1.000 2.377e-03 -1.477 0.778 -0.688 -1.465 -1.721 -1.855 -1.908
0.00087196 -1.25000 10.06446 0.8282095194 2.4282048146    0.716  2.540  3.6669  1.372    7  0.000  0.514     8.48     6.54     4.60     3.58     2.89  3 -1.88e-08      0.00 7.408e-01 2.569e-01 1.510e-04 4.793e-05 3.917e-04 -1.000 2.292e-03 -1.581 0.783 -0.755 -1.563 -1.825 -1.964 -2.020
0.00087196 -1.25000 10.06446 0.8282176852 2.4282074516    0.708  2.582  3.6619  1.306    7  0.000  0.507     9.74     7.35     5.14     4.01     3.24  2 -2.45e-08      0.00 7.408e-01 2.569e-01 1.491e-04 4.980e-05 3.917e-04 -1.000 2.283e-03 -1.684 0.838 -0.803 -1.656 -1.929 -2.074 -2.134
0.00087196 -1.25000 10.06446 0.8282234669 2.4282093186    0.700  2.613  3.6542  1.239    7  0.000  0.500    11.19     8.27     5.75     4.49     3.63  2 -3.07e-08      0.00 7.408e-01 2.570e-01 1.471e-04 5.213e-05 3.917e-04 -1.000 2.274e-03 -1.762 0.975 -0.796 -1.709 -1.998 -2.155 -2.221
0.00087196 -1.25000 10.06446 0.8282305598 2.4282116090    0.688  2.654  3.6506  1.176    7  0.000  0.491    12.73     9.22     6.38     4.99     4.04  2 -3.99e-08      0.00 7.408e-01 2.570e-01 1.443e-04 5.556e-05 3.917e-04 -1.000 2.201e-03 -1.865 0.976 -0.857 -1.798 -2.096 -2.259 -2.328
0.00087196 -1.25000 10.06446 0.8282372952 2.4282137839    0.674  2.695  3.6474  1.113    7  0.000  0.482    14.49    10.28     7.07     5.55     4.49  2 -5.29e-08      0.00 7.407e-01 2.571e-01 1.417e-04 5.870e-05 3.917e-04 -1.000 2.200e-03 -1.968 0.972 -0.919 -1.886 -2.193 -2.362 -2.433
0.00087196 -1.25000 10.06446 0.8282437921 2.4282158817    0.655  2.736  3.6442  1.047    7  0.000  0.474    16.57    11.51     7.87     6.19     5.01  2 -7.14e-08      0.00 7.406e-01 2.572e-01 1.395e-04 6.142e-05 3.917e-04 -1.000 2.196e-03 -2.069 0.972 -0.979 -1.973 -2.289 -2.464 -2.537
0.00087196 -1.25000 10.06446 0.8282501698 2.4282179411    0.629  2.777  3.6411  0.976    7  0.000  0.468    19.11    12.95     8.80     6.95     5.62  1 -9.96e-08      0.00 7.406e-01 2.572e-01 1.376e-04 6.380e-05 3.917e-04 -1.000 2.183e-03 -2.173 0.975 -1.039 -2.063 -2.388 -2.568 -2.644
0.00087196 -1.25000 10.06446 0.8282559514 2.4282198079    0.596  2.819  3.6396  0.904    7  0.000  0.462    22.01    14.54     9.82     7.78     6.29  1 -1.45e-07      0.00 7.406e-01 2.573e-01 1.359e-04 6.585e-05 3.916e-04 -1.000 2.110e-03 -2.279 0.951 -1.113 -2.161 -2.492 -2.676 -2.753
0.00087196 -1.25000 10.06446 0.8282612562 2.4282215207    0.551  2.862  3.6444  0.847    7  0.000  0.457    24.48    15.80    10.61     8.44     6.83  1 -2.24e-07      0.00 7.405e-01 2.574e-01 1.343e-04 6.776e-05 3.916e-04 -1.000 2.107e-03 -2.385 0.784 -1.256 -2.289 -2.612 -2.789 -2.863
0.00087196 -1.25000 10.06446 0.8282637000 2.4282223098    0.510  2.884  3.6600  0.854    7  0.000  0.453    23.74    15.30    10.27     8.19     6.62  1 -2.76e-07      0.00 7.405e-01 2.574e-01 1.333e-04 6.903e-05 3.915e-04 -1.000 2.112e-03 -2.440 0.369 -1.477 -2.412 -2.700 -2.851 -2.913
0.00087196 -1.25000 10.06446 1.1015297174 2.4919369136    0.547 -9.999  3.5945  7.960    9  0.548  0.000     0.00     0.00     0.00     0.00     0.00 -1    -1e-30      0.00 7.280e-01 2.712e-01 1.207e-04 9.701e-05 3.954e-04 -1.000 8.320e-04 29.767 33.419 31.375 30.024 29.495 29.251 29.169
