# Zini     MH   logAge Mini        int_IMF         Mass   logL    logTe  logg  label   McoreTP C_O  period0  period1  period2  period3  period4  pmode  Mloss  tau1m   X   Y   Xc  Xn  Xo  Cexcess  Z 	 mbolmag  umag    gmag    rmag    imag    zmag    Ymag
0.00017443 -1.95000 10.04139 0.0919735953 1.1003306528    0.092 -3.119  3.5016  5.479    1  0.000  0.545     0.00     0.00     0.00     0.00     0.00 -1 -5.74e-17      0.00 7.481e-01 2.517e-01 3.241e-05 8.745e-06 7.931e-05 -1.000 1.802e-04 12.569 17.579 15.398 13.533 12.304 11.888 11.787
0.00017443 -1.95000 10.04139 0.0978537425 1.1529236959    0.098 -2.916  3.5308  5.419    1  0.000  0.545     0.00     0.00     0.00     0.00     0.00 -1 -9.53e-17      0.00 7.467e-01 2.531e-01 3.241e-05 8.745e-06 7.931e-05 -1.000 1.802e-04 12.060 16.774 14.433 12.712 11.807 11.456 11.352
0.00017443 -1.95000 10.04139 0.1019383520 1.1870970772    0.102 -2.782  3.5501  5.380    1  0.000  0.545     0.00     0.00     0.00     0.00     0.00 -1 -1.33e-16      0.00 7.457e-01 2.541e-01 3.241e-05 8.745e-06 7.932e-05 -1.000 1.803e-04 11.725 16.095 13.805 12.201 11.476 11.162 11.060
0.00017443 -1.95000 10.04139 0.1218678653 1.3315026885    0.122 -2.498  3.5792  5.290    1  0.000  0.545     0.00     0.00     0.00     0.00     0.00 -1  -2.6e-16      0.00 7.427e-01 2.571e-01 3.241e-05 8.745e-06 7.932e-05 -1.000 1.803e-04 11.014 14.747 12.688 11.296 10.766 10.499 10.408
0.00017443 -1.95000 10.04139 0.1417973787 1.4480672213    0.142 -2.318  3.5933  5.232    1  0.000  0.545     0.00     0.00     0.00     0.00     0.00 -1 -3.88e-16      0.00 7.407e-01 2.591e-01 3.241e-05 8.745e-06 7.932e-05 -1.000 1.803e-04 10.565 13.982 12.066 10.789 10.315 10.070 9.985
0.00017443 -1.95000 10.04139 0.1617268920 1.5450688191    0.162 -2.178  3.6024  5.186    1  0.000  0.545     0.00     0.00     0.00     0.00     0.00 -1  -5.3e-16      0.00 7.395e-01 2.603e-01 3.241e-05 8.745e-06 7.932e-05 -1.000 1.802e-04 10.215 13.441 11.610 10.406 9.962 9.731 9.650
0.00017443 -1.95000 10.04139 0.2015859336 1.6992318025    0.201 -1.961  3.6143  5.112    1  0.000  0.545     0.00     0.00     0.00     0.00     0.00 -1 -8.51e-16      0.00 7.387e-01 2.611e-01 3.241e-05 8.745e-06 7.932e-05 -1.000 1.803e-04 9.672 12.663 10.940 9.826 9.416 9.201 9.127
0.00017443 -1.95000 10.04139 0.2514097095 1.8438909636    0.251 -1.761  3.6251  5.052    1  0.000  0.545     0.00     0.00     0.00     0.00     0.00 -1 -1.29e-15      0.00 7.389e-01 2.610e-01 3.241e-05 8.746e-06 7.932e-05 -1.000 1.803e-04 9.173 11.964 10.332 9.294 8.912 8.714 8.645
0.00017443 -1.95000 10.04139 0.3012335300 1.9553776836    0.301 -1.608  3.6341  5.013    1  0.000  0.545     0.00     0.00     0.00     0.00     0.00 -1 -1.76e-15      0.00 7.390e-01 2.609e-01 3.240e-05 8.746e-06 7.932e-05 -1.000 1.803e-04 8.790 11.425 9.862 8.885 8.526 8.340 8.276
0.00017443 -1.95000 10.04139 0.3510572612 2.0451469002    0.351 -1.482  3.6423  4.986    1  0.000  0.544     0.00     0.00     0.00     0.00     0.00 -1 -2.25e-15      0.00 7.390e-01 2.608e-01 3.238e-05 8.747e-06 7.932e-05 -1.000 1.803e-04 8.474 10.973 9.473 8.546 8.207 8.033 7.974
0.00017443 -1.95000 10.04139 0.4008810520 2.1197145977    0.401 -1.357  3.6512  4.955    1  0.000  0.545     0.00     0.00     0.00     0.00     0.00 -1 -2.91e-15      0.00 7.503e-01 2.496e-01 3.241e-05 8.745e-06 7.931e-05 -1.000 1.803e-04 8.163 10.519 9.086 8.211 7.893 7.732 7.677
0.00017443 -1.95000 10.04139 0.4507048726 2.1831133537    0.450 -1.204  3.6661  4.912    1  0.000  0.545     0.00     0.00     0.00     0.00     0.00 -1  -4.1e-15      0.00 7.507e-01 2.491e-01 3.241e-05 8.745e-06 7.931e-05 -1.000 1.803e-04 7.779 9.901 8.588 7.795 7.508 7.368 7.321
0.00017443 -1.95000 10.04139 0.4668801129 2.2017632549    0.467 -1.146  3.6720  4.893    1  0.000  0.545     0.00     0.00     0.00     0.00     0.00 -1  -4.7e-15      0.00 7.508e-01 2.490e-01 3.240e-05 8.743e-06 7.929e-05 -1.000 1.803e-04 7.636 9.665 8.401 7.639 7.365 7.233 7.189
0.00017443 -1.95000 10.04139 0.5005286336 2.2379984371    0.500 -1.033  3.6837  4.857    1  0.000  0.545     0.00     0.00     0.00     0.00     0.00 -1 -6.14e-15      0.00 7.510e-01 2.488e-01 3.239e-05 8.739e-06 7.925e-05 -1.000 1.803e-04 7.352 9.206 8.040 7.336 7.085 6.968 6.930
0.00017443 -1.95000 10.04139 0.5503525138 2.2839498965    0.550 -0.832  3.7036  4.777    1  0.000  0.544     0.00     0.00     0.00     0.00     0.00 -1 -1.02e-14      0.00 7.820e-01 2.179e-01 2.861e-05 7.723e-06 7.007e-05 -1.000 9.996e-05 6.851 8.428 7.425 6.811 6.597 6.505 6.477
0.00017443 -1.95000 10.04139 0.6001762152 2.3212407025    0.600 -0.629  3.7283  4.710    1  0.000  0.544     0.00     0.00     0.00     0.00     0.00 -1 -1.68e-14      0.00 7.935e-01 2.064e-01 2.726e-05 7.364e-06 6.684e-05 -1.000 1.660e-04 6.343 7.630 6.805 6.290 6.119 6.055 6.040
0.00017443 -1.95000 10.04139 0.6102176309 2.3279133785    0.610 -0.586  3.7341  4.698    1  0.000  0.544     0.00     0.00     0.00     0.00     0.00 -1 -1.87e-14      0.00 7.963e-01 2.035e-01 2.693e-05 7.275e-06 6.604e-05 -1.000 1.417e-04 6.235 7.466 6.676 6.183 6.021 5.963 5.950
0.00017443 -1.95000 10.04139 0.6229847074 2.3360411236    0.623 -0.531  3.7414  4.681    1  0.000  0.543     0.00     0.00     0.00     0.00     0.00 -1 -2.14e-14      0.00 8.002e-01 1.997e-01 2.648e-05 7.156e-06 6.498e-05 -1.000 1.392e-04 6.098 7.259 6.512 6.046 5.896 5.846 5.837
0.00017443 -1.95000 10.04139 0.6343787909 2.3429779890    0.634 -0.482  3.7479  4.666    1  0.000  0.543     0.00     0.00     0.00     0.00     0.00 -1 -2.41e-14      0.00 8.038e-01 1.960e-01 2.607e-05 7.044e-06 6.397e-05 -1.000 1.547e-04 5.974 7.079 6.367 5.926 5.787 5.743 5.737
0.00017443 -1.95000 10.04139 0.6445287466 2.3489204648    0.644 -0.437  3.7537  4.651    1  0.000  0.543     0.00     0.00     0.00     0.00     0.00 -1  -2.7e-14      0.00 8.072e-01 1.926e-01 2.567e-05 6.940e-06 6.303e-05 -1.000 1.554e-04 5.864 6.921 6.239 5.819 5.690 5.652 5.649
0.00017443 -1.95000 10.04139 0.6499999762 2.3520353107    0.650 -0.413  3.7568  4.643    1  0.000  0.543     0.00     0.00     0.00     0.00     0.00 -1 -2.86e-14      0.00 8.092e-01 1.907e-01 2.546e-05 6.881e-06 6.251e-05 -1.000 1.382e-04 5.803 6.836 6.169 5.762 5.637 5.603 5.601
0.00017443 -1.95000 10.04139 0.6528158188 2.3536150256    0.653 -0.401  3.7583  4.639    1  0.000  0.543     0.00     0.00     0.00     0.00     0.00 -1 -2.96e-14      0.00 8.104e-01 1.895e-01 2.532e-05 6.845e-06 6.218e-05 -1.000 1.301e-04 5.772 6.792 6.134 5.732 5.610 5.577 5.575
0.00017443 -1.95000 10.04139 0.6648035645 2.3601683968    0.665 -0.347  3.7647  4.618    1  0.000  0.543     0.00     0.00     0.00     0.00     0.00 -1 -3.39e-14      0.00 8.157e-01 1.841e-01 2.470e-05 6.680e-06 6.071e-05 -1.000 1.671e-04 5.638 6.612 5.983 5.604 5.492 5.466 5.467
0.00017443 -1.95000 10.04139 0.6754554510 2.3657675950    0.675 -0.299  3.7702  4.599    1  0.000  0.542     0.00     0.00     0.00     0.00     0.00 -1 -3.84e-14      0.00 8.208e-01 1.790e-01 2.412e-05 6.525e-06 5.931e-05 -1.000 1.803e-04 5.517 6.454 5.848 5.489 5.386 5.366 5.368
0.00017443 -1.95000 10.04139 0.6859124303 2.3710702543    0.686 -0.251  3.7756  4.579    1  0.000  0.542     0.00     0.00     0.00     0.00     0.00 -1 -4.36e-14      0.00 8.261e-01 1.737e-01 2.350e-05 6.362e-06 5.785e-05 -1.000 1.732e-04 5.397 6.302 5.715 5.375 5.280 5.265 5.269
0.00017443 -1.95000 10.04139 0.6958599687 2.3759448525    0.696 -0.204  3.7806  4.558    1  0.000  0.541     0.00     0.00     0.00     0.00     0.00 -1 -4.58e-14      0.00 8.316e-01 1.683e-01 2.288e-05 6.196e-06 5.636e-05 -1.000 1.649e-04 5.279 6.155 5.586 5.264 5.177 5.166 5.172
0.00017443 -1.95000 10.04139 0.6999999881 2.3779266974    0.700 -0.184  3.7827  4.549    1  0.000  0.541     0.00     0.00     0.00     0.00     0.00 -1 -5.21e-14      0.00 8.339e-01 1.659e-01 2.261e-05 6.124e-06 5.572e-05 -1.000 1.424e-04 5.229 6.094 5.531 5.216 5.133 5.124 5.131
0.00017443 -1.95000 10.04139 0.7061638832 2.3808279254    0.706 -0.153  3.7856  4.534    1  0.000  0.540     0.00     0.00     0.00     0.00     0.00 -1 -5.66e-14      0.00 8.375e-01 1.624e-01 2.219e-05 6.021e-06 5.480e-05 -1.000 9.747e-05 5.154 6.004 5.449 5.145 5.066 5.060 5.068
0.00017443 -1.95000 10.04139 0.7166496515 2.3856317643    0.716 -0.100  3.7905  4.507    1  0.000  0.537     0.00     0.00     0.00     0.00     0.00 -1 -6.55e-14      0.00 8.434e-01 1.565e-01 2.151e-05 5.857e-06 5.336e-05 -1.000 1.391e-04 5.020 5.846 5.305 5.018 4.947 4.946 4.955
0.00017443 -1.95000 10.04139 0.7265347838 2.3900147167    0.726 -0.048  3.7950  4.478    1  0.000  0.535     0.00     0.00     0.00     0.00     0.00 -1 -7.58e-14      0.00 8.485e-01 1.514e-01 2.094e-05 5.720e-06 5.215e-05 -1.000 1.202e-04 4.889 5.694 5.163 4.892 4.828 4.832 4.843
0.00017443 -1.95000 10.04139 0.7352114320 2.3937503522    0.735  0.001  3.7989  4.451    1  0.000  0.533     0.00     0.00     0.00     0.00     0.00 -1  -8.7e-14      0.00 8.526e-01 1.473e-01 2.050e-05 5.616e-06 5.124e-05 -1.000 1.091e-04 4.768 5.555 5.033 4.775 4.718 4.725 4.737
0.00017443 -1.95000 10.04139 0.7437786460 2.3973407012    0.743  0.051  3.8026  4.420    1  0.000  0.532     0.00     0.00     0.00     0.00     0.00 -1 -1.01e-13      0.00 8.562e-01 1.437e-01 2.014e-05 5.530e-06 5.051e-05 -1.000 8.215e-05 4.642 5.414 4.898 4.653 4.602 4.613 4.626
0.00017443 -1.95000 10.04139 0.7500000000 2.3998889087    0.749  0.090  3.8053  4.396    1  0.000  0.530     0.00     0.00     0.00     0.00     0.00 -1 -1.13e-13      0.00 8.585e-01 1.414e-01 1.991e-05 5.479e-06 5.007e-05 -1.000 9.093e-05 4.545 5.307 4.794 4.559 4.512 4.526 4.540
0.00017443 -1.95000 10.04139 0.7536364198 2.4013559671    0.753  0.113  3.8069  4.382    1  0.000  0.530     0.00     0.00     0.00     0.00     0.00 -1  -1.2e-13      0.00 8.589e-01 1.410e-01 1.992e-05 5.484e-06 5.012e-05 -1.000 1.033e-04 4.488 5.243 4.733 4.503 4.459 4.474 4.489
0.00017443 -1.95000 10.04139 0.7610713840 2.4043053723    0.760  0.163  3.8103  4.349    1  0.000  0.530     0.00     0.00     0.00     0.00     0.00 -1 -1.39e-13      0.00 8.595e-01 1.404e-01 1.995e-05 5.495e-06 5.024e-05 -1.000 1.518e-04 4.362 5.104 4.598 4.381 4.342 4.360 4.376
0.00017443 -1.95000 10.04139 0.7700232267 2.4077697504    0.769  0.229  3.8142  4.304    1  0.000  0.529     0.00     0.00     0.00     0.00     0.00 -1  -1.7e-13      0.00 8.601e-01 1.398e-01 2.001e-05 5.511e-06 5.041e-05 -1.000 1.475e-04 4.199 4.927 4.423 4.220 4.187 4.210 4.227
0.00017443 -1.95000 10.04139 0.7782869935 2.4108866230    0.777  0.296  3.8175  4.255    1  0.000  0.529     0.00     0.00     0.00     0.00     0.00 -1 -2.08e-13      0.00 8.606e-01 1.393e-01 2.006e-05 5.529e-06 5.059e-05 -1.000 8.231e-05 4.031 4.748 4.245 4.053 4.027 4.052 4.070
0.00017443 -1.95000 10.04139 0.7837695479 2.4129128398    0.783  0.344  3.8194  4.218    1  0.000  0.529     0.00     0.00     0.00     0.00     0.00 -1 -2.42e-13      0.00 8.607e-01 1.392e-01 2.011e-05 5.544e-06 5.074e-05 -1.000 9.578e-05 3.911 4.621 4.119 3.934 3.911 3.938 3.956
0.00017443 -1.95000 10.04139 0.7889670134 2.4148038225    0.788  0.392  3.8207  4.178    1  0.000  0.528     0.00     0.00     0.00     0.00     0.00 -1 -2.82e-13      0.00 8.599e-01 1.400e-01 2.027e-05 5.587e-06 5.114e-05 -1.000 1.000e-04 3.791 4.495 3.994 3.813 3.793 3.821 3.840
0.00017443 -1.95000 10.04139 0.7932157516 2.4163284802    0.792  0.433  3.8213  4.141    1  0.000  0.528     0.00     0.00     0.00     0.00     0.00 -1 -3.25e-13      0.00 8.588e-01 1.411e-01 2.043e-05 5.633e-06 5.156e-05 -1.000 9.999e-05 3.687 4.388 3.886 3.709 3.690 3.719 3.737
0.00017443 -1.95000 10.04139 0.7949106097 2.4169314521    0.794  0.453  3.8209  4.121    1  0.000  0.528     0.00     0.00     0.00     0.00     0.00 -1 -3.47e-13      0.00 8.583e-01 1.416e-01 2.050e-05 5.651e-06 5.173e-05 -1.000 1.000e-04 3.639 4.340 3.837 3.660 3.640 3.669 3.688
0.00017443 -1.95000 10.04139 0.7995139360 2.4185543303    0.798  0.508  3.8190  4.060    1  0.000  0.528     0.00     0.00     0.00     0.00     0.00 -1 -4.19e-13      0.00 8.572e-01 1.427e-01 2.068e-05 5.701e-06 5.218e-05 -1.000 1.000e-04 3.500 4.206 3.700 3.519 3.497 3.524 3.541
0.00017443 -1.95000 10.04139 0.8000000119 2.4187244405    0.799  0.514  3.8186  4.052    1  0.000  0.528     0.00     0.00     0.00     0.00     0.00 -1 -4.29e-13      0.00 8.571e-01 1.428e-01 2.070e-05 5.706e-06 5.223e-05 -1.000 1.000e-04 3.484 4.191 3.685 3.502 3.479 3.506 3.524
0.00017443 -1.95000 10.04139 0.8026755452 2.4196565473    0.801  0.550  3.8165  4.010    1  0.000  0.528     0.00     0.00     0.00     0.00     0.00 -1 -4.88e-13      0.00 8.562e-01 1.437e-01 2.080e-05 5.734e-06 5.248e-05 -1.000 1.044e-04 3.395 4.107 3.598 3.410 3.385 3.409 3.427
0.00017443 -1.95000 10.04139 0.8034325838 2.4199189902    0.802  0.561  3.8156  3.996    1  0.000  0.528     0.00     0.00     0.00     0.00     0.00 -1 -5.09e-13      0.00 8.560e-01 1.439e-01 2.083e-05 5.742e-06 5.255e-05 -1.000 1.056e-04 3.368 4.082 3.572 3.382 3.356 3.379 3.396
0.00017443 -1.95000 10.04139 0.8040801883 2.4201430446    0.803  0.571  3.8145  3.981    2  0.000  0.528     0.00     0.00     0.00     0.00     0.00 -1 -5.32e-13      0.00 8.557e-01 1.441e-01 2.085e-05 5.748e-06 5.261e-05 -1.000 1.068e-04 3.342 4.059 3.548 3.355 3.327 3.349 3.366
0.00017443 -1.95000 10.04139 0.8062546253 2.4208923163    0.805  0.610  3.8092  3.923    2  0.000  0.529     0.00     0.00     0.00     0.00     0.00 -1 -6.18e-13      0.00 8.550e-01 1.448e-01 2.093e-05 5.770e-06 5.281e-05 -1.000 1.103e-04 3.246 3.980 3.463 3.254 3.218 3.235 3.250
0.00017443 -1.95000 10.04139 0.8079100251 2.4214596286    0.806  0.644  3.8025  3.863    2  0.000  0.529     0.00     0.00     0.00     0.00     0.00 -1 -7.15e-13      0.00 8.545e-01 1.454e-01 2.100e-05 5.787e-06 5.296e-05 -1.000 1.130e-04 3.161 3.918 3.392 3.163 3.116 3.127 3.140
0.00017443 -1.95000 10.04139 0.8092007041 2.4219000981    0.808  0.674  3.7946  3.801    2  0.000  0.529     0.00     0.00     0.00     0.00     0.00 -1 -8.23e-13      0.00 8.541e-01 1.458e-01 2.105e-05 5.800e-06 5.308e-05 -1.000 1.151e-04 3.084 3.873 3.334 3.079 3.021 3.024 3.034
0.00017443 -1.95000 10.04139 0.8102383018 2.4222530287    0.809  0.702  3.7857  3.739    2  0.000  0.529     0.00     0.00     0.00     0.00     0.00 -1 -9.42e-13      0.00 8.538e-01 1.461e-01 2.109e-05 5.812e-06 5.318e-05 -1.000 1.109e-04 3.016 3.843 3.288 3.004 2.932 2.926 2.933
0.00017443 -1.95000 10.04139 0.8111019135 2.4225459877    0.809  0.727  3.7767  3.678    2  0.000  0.529     0.00     0.00     0.00     0.00     0.00 -1 -1.07e-12      0.00 8.444e-01 1.555e-01 2.212e-05 6.091e-06 5.570e-05 -1.000 1.012e-04 2.953 3.824 3.249 2.935 2.849 2.834 2.838
0.00017443 -1.95000 10.04139 0.8118539453 2.4228005122    0.810  0.751  3.7685  3.621    2  0.000  0.532     0.00     0.00     0.00     0.00     0.00 -1 -1.21e-12      0.00 8.177e-01 1.821e-01 2.491e-05 6.840e-06 6.240e-05 -1.000 1.453e-04 2.893 3.809 3.210 2.870 2.770 2.748 2.748
0.00017443 -1.95000 10.04139 0.8125474453 2.4230347466    0.811  0.777  3.7607  3.564    2  0.000  0.534     0.00     0.00     0.00     0.00     0.00 -1 -1.37e-12      0.00 7.957e-01 2.042e-01 2.720e-05 7.452e-06 6.786e-05 -1.000 1.254e-04 2.827 3.789 3.167 2.800 2.688 2.658 2.655
0.00017443 -1.95000 10.04139 0.8132432699 2.4232693044    0.811  0.813  3.7536  3.501    2  0.000  0.536     0.00     0.00     0.00     0.00     0.00 -1  -1.6e-12      0.00 7.815e-01 2.183e-01 2.866e-05 7.843e-06 7.135e-05 -1.000 1.666e-04 2.739 3.748 3.101 2.709 2.586 2.549 2.543
0.00017443 -1.95000 10.04139 0.8137871623 2.4234523257    0.812  0.848  3.7488  3.447    2  0.000  0.536     0.00     0.00     0.00     0.00     0.00 -1 -1.84e-12      0.00 7.751e-01 2.247e-01 2.934e-05 8.023e-06 7.296e-05 -1.000 1.803e-04 2.650 3.692 3.027 2.619 2.488 2.446 2.438
0.00017443 -1.95000 10.04139 0.8143254519 2.4236331849    0.812  0.890  3.7449  3.389    2  0.000  0.536     0.00     0.00     0.00     0.00     0.00 -1 -2.17e-12      0.00 7.709e-01 2.289e-01 2.976e-05 8.138e-06 7.399e-05 -1.000 1.802e-04 2.544 3.614 2.934 2.512 2.375 2.329 2.319
0.00017443 -1.95000 10.04139 0.8144053817 2.4236600170    0.812  0.898  3.7445  3.380    2  0.000  0.536     0.00     0.00     0.00     0.00     0.00 -1 -2.23e-12      0.00 7.705e-01 2.294e-01 2.981e-05 8.150e-06 7.409e-05 -1.000 1.476e-04 2.526 3.600 2.917 2.494 2.357 2.309 2.300
0.00017443 -1.95000 10.04139 0.8148447275 2.4238073952    0.813  0.939  3.7421  3.330    3  0.000  0.537     0.00     0.00     0.00     0.00     0.00 -1 -2.59e-12      0.00 7.681e-01 2.317e-01 3.004e-05 8.210e-06 7.463e-05 -1.000 1.678e-04 2.423 3.514 2.822 2.391 2.250 2.200 2.190
0.00017443 -1.95000 10.04139 0.8153300881 2.4239699968    0.813  0.987  3.7398  3.272    3  0.000  0.537     0.00     0.00     0.00     0.00     0.00 -1  -3.1e-12      0.00 7.658e-01 2.341e-01 3.023e-05 8.262e-06 7.509e-05 -1.000 1.673e-04 2.302 3.409 2.709 2.270 2.125 2.072 2.061
0.00017443 -1.95000 10.04139 0.8157396913 2.4241070455    0.814  1.031  3.7380  3.221    3  0.000  0.537     0.00     0.00     0.00     0.00     0.00 -1 -3.63e-12      0.00 7.640e-01 2.358e-01 3.036e-05 8.298e-06 7.542e-05 -1.000 1.793e-04 2.192 3.314 2.605 2.161 2.013 1.958 1.946
0.00017443 -1.95000 10.04139 0.8161341548 2.4242388792    0.814  1.076  3.7364  3.170    3  0.000  0.537     0.00     0.00     0.00     0.00     0.00 -1 -4.27e-12      0.00 7.624e-01 2.374e-01 3.047e-05 8.328e-06 7.568e-05 -1.000 1.803e-04 2.080 3.214 2.499 2.049 1.899 1.842 1.829
0.00017443 -1.95000 10.04139 0.8165013790 2.4243614776    0.814  1.121  3.7348  3.119    3  0.000  0.537     0.00     0.00     0.00     0.00     0.00 -1 -5.01e-12      0.00 7.609e-01 2.389e-01 3.055e-05 8.353e-06 7.590e-05 -1.000 1.802e-04 1.968 3.115 2.393 1.938 1.786 1.728 1.713
0.00017443 -1.95000 10.04139 0.8168472648 2.4244768362    0.814  1.165  3.7334  3.069    3  0.000  0.537     0.00     0.00     0.00     0.00     0.00 -1 -5.89e-12      0.00 7.595e-01 2.403e-01 3.062e-05 8.375e-06 7.608e-05 -1.000 1.771e-04 1.856 3.013 2.286 1.827 1.672 1.612 1.597
0.00017443 -1.95000 10.04139 0.8171933889 2.4245921619    0.815  1.214  3.7319  3.015    3  0.000  0.536     0.00     0.00     0.00     0.00     0.00 -1    -7e-12      0.00 7.582e-01 2.416e-01 3.066e-05 8.397e-06 7.623e-05 -1.000 1.522e-04 1.736 2.904 2.170 1.707 1.550 1.488 1.473
0.00017443 -1.95000 10.04139 0.8174924850 2.4246917278    0.815  1.259  3.7305  2.964    3  0.000  0.536     0.00     0.00     0.00     0.00     0.00 -1 -8.24e-12      0.00 7.570e-01 2.428e-01 3.067e-05 8.421e-06 7.635e-05 -1.000 1.681e-04 1.623 2.802 2.062 1.595 1.436 1.372 1.356
0.00017443 -1.95000 10.04139 0.8177866936 2.4247895850    0.815  1.307  3.7290  2.910    3  0.000  0.535     0.00     0.00     0.00     0.00     0.00 -1 -9.79e-12      0.00 7.559e-01 2.439e-01 3.065e-05 8.456e-06 7.646e-05 -1.000 1.803e-04 1.503 2.694 1.947 1.475 1.314 1.249 1.231
0.00017443 -1.95000 10.04139 0.8180536628 2.4248783120    0.815  1.354  3.7276  2.857    3  0.000  0.533     0.00     0.00     0.00     0.00     0.00 -1 -1.16e-11      0.00 7.549e-01 2.449e-01 3.060e-05 8.506e-06 7.654e-05 -1.000 1.803e-04 1.384 2.587 1.834 1.358 1.194 1.127 1.109
0.00017443 -1.95000 10.04139 0.8182951212 2.4249585032    0.815  1.401  3.7261  2.805    3  0.000  0.531     0.00     0.00     0.00     0.00     0.00 -1 -1.37e-11      0.00 7.540e-01 2.458e-01 3.052e-05 8.571e-06 7.660e-05 -1.000 1.803e-04 1.268 2.483 1.723 1.242 1.076 1.008 0.989
0.00017443 -1.95000 10.04139 0.8185153604 2.4250315997    0.815  1.447  3.7246  2.753    3  0.000  0.530     0.00     0.00     0.00     0.00     0.00 -1 -1.62e-11      0.00 7.533e-01 2.465e-01 3.044e-05 8.648e-06 7.666e-05 -1.000 1.803e-04 1.153 2.381 1.614 1.128 0.959 0.889 0.870
0.00017443 -1.95000 10.04139 0.8187233210 2.4251005796    0.815  1.494  3.7231  2.699    3  0.000  0.528     0.00     0.00     0.00     0.00     0.00 -1 -1.92e-11      0.00 7.527e-01 2.471e-01 3.036e-05 8.733e-06 7.670e-05 -1.000 1.803e-04 1.034 2.274 1.501 1.010 0.839 0.767 0.747
0.00017443 -1.95000 10.04139 0.8189091682 2.4251621904    0.815  1.541  3.7215  2.647    3  0.000  0.526     0.00     0.00     0.00     0.00     0.00 -1 -2.27e-11      0.00 7.523e-01 2.476e-01 3.028e-05 8.815e-06 7.673e-05 -1.000 1.803e-04 0.918 2.171 1.390 0.895 0.722 0.648 0.627
0.00017443 -1.95000 10.04139 0.8190757632 2.4252173915    0.815  1.586  3.7199  2.595    3  0.000  0.525     0.00     0.00     0.00     0.00     0.00 -1 -2.68e-11      0.00 7.519e-01 2.479e-01 3.021e-05 8.880e-06 7.675e-05 -1.000 1.803e-04 0.805 2.070 1.283 0.783 0.607 0.532 0.510
0.00017443 -1.95000 10.04139 0.8192318678 2.4252690932    0.815  1.632  3.7184  2.543    3  0.000  0.524     0.00     0.00     0.00     0.00     0.00 -1 -3.16e-11      0.00 7.517e-01 2.482e-01 3.017e-05 8.928e-06 7.677e-05 -1.000 1.803e-04 0.689 1.969 1.174 0.668 0.490 0.413 0.390
0.00017443 -1.95000 10.04139 0.8193705678 2.4253150115    0.815  1.677  3.7168  2.492    3  0.000  0.524     0.00     0.00     0.00     0.00     0.00 -1 -3.72e-11      0.00 7.515e-01 2.483e-01 3.014e-05 8.957e-06 7.678e-05 -1.000 1.803e-04 0.578 1.872 1.069 0.558 0.377 0.298 0.274
0.00017443 -1.95000 10.04139 0.8195000291 2.4253578551    0.815  1.722  3.7152  2.439    3  0.000  0.523     0.00     0.00     0.00     0.00     0.00 -1 -4.39e-11      0.00 7.515e-01 2.484e-01 3.012e-05 8.975e-06 7.678e-05 -1.000 1.802e-04 0.464 1.775 0.962 0.445 0.261 0.180 0.156
0.00017443 -1.95000 10.04139 0.8196203709 2.4253976668    0.815  1.768  3.7135  2.387    3  0.000  0.523     0.00     0.00     0.00     0.00     0.00 -1 -5.18e-11      0.00 7.514e-01 2.484e-01 3.012e-05 8.982e-06 7.679e-05 -1.000 1.803e-04 0.349 1.678 0.854 0.330 0.144 0.061 0.036
0.00017443 -1.95000 10.04139 0.8197307587 2.4254341736    0.815  1.815  3.7118  2.334    3  0.000  0.523     0.00     0.00     0.00     0.00     0.00 -1 -6.12e-11      0.00 7.514e-01 2.484e-01 3.012e-05 8.984e-06 7.679e-05 -1.000 1.802e-04 0.234 1.581 0.746 0.216 0.027 -0.058 -0.084
0.00017443 -1.95000 10.04139 0.8198310733 2.4254673393    0.815  1.860  3.7101  2.281    3  0.000  0.523     0.00     0.00     0.00     0.00     0.00 -1 -7.22e-11      0.00 7.514e-01 2.484e-01 3.011e-05 8.986e-06 7.679e-05 -1.000 1.802e-04 0.120 1.486 0.640 0.103 -0.089 -0.176 -0.203
0.00017443 -1.95000 10.04139 0.8199250102 2.4254983879    0.814  1.906  3.7083  2.228    3  0.000  0.523     0.00     0.00     0.00     0.00     0.00 -1 -8.54e-11      0.00 7.514e-01 2.484e-01 3.011e-05 8.987e-06 7.679e-05 -1.000 1.803e-04 0.005 1.392 0.533 -0.011 -0.206 -0.295 -0.323
0.00017443 -1.95000 10.04139 0.8200106025 2.4255266713    0.814  1.952  3.7066  2.176    3  0.000  0.523     0.00     0.00     0.00     0.00     0.00 -1 -1.01e-10      0.00 7.514e-01 2.484e-01 3.011e-05 8.989e-06 7.679e-05 -1.000 1.803e-04 -0.109 1.298 0.428 -0.124 -0.321 -0.413 -0.441
0.00017443 -1.95000 10.04139 0.8200865388 2.4255517583    0.814  1.996  3.7048  2.124    3  0.000  0.523     0.00     0.00     0.00     0.00     0.00 -1 -1.18e-10      0.00 7.514e-01 2.484e-01 3.011e-05 8.990e-06 7.679e-05 -1.000 1.803e-04 -0.219 1.210 0.327 -0.232 -0.433 -0.526 -0.556
0.00017443 -1.95000 10.04139 0.8201565742 2.4255748911    0.813  2.039  3.7031  2.073    3  0.000  0.523     0.00     0.00     0.00     0.00     0.00 -1 -1.39e-10      0.00 7.514e-01 2.484e-01 3.011e-05 8.992e-06 7.679e-05 -1.000 1.803e-04 -0.328 1.122 0.226 -0.340 -0.544 -0.639 -0.670
0.00017443 -1.95000 10.04139 0.8202222586 2.4255965826    0.813  2.083  3.7014  2.022    3  0.000  0.523     0.00     0.00     0.00     0.00     0.00 -1 -1.63e-10      0.00 7.514e-01 2.484e-01 3.011e-05 8.993e-06 7.679e-05 -1.000 1.803e-04 -0.438 1.033 0.125 -0.448 -0.656 -0.753 -0.785
0.00017443 -1.95000 10.04139 0.8202811480 2.4256160267    0.813  2.126  3.6995  1.972    3  0.000  0.523     0.00     0.00     0.00     0.00     0.00 -1  -1.9e-10      0.00 7.514e-01 2.484e-01 3.011e-05 8.994e-06 7.679e-05 -1.000 1.802e-04 -0.544 0.951 0.029 -0.553 -0.763 -0.863 -0.896
0.00017443 -1.95000 10.04139 0.8203402758 2.4256355463    0.812  2.170  3.6977  1.920    3  0.000  0.523     0.00     0.00     0.00     0.00     0.00 -1 -2.24e-10      0.00 7.514e-01 2.484e-01 3.011e-05 8.995e-06 7.679e-05 -1.000 1.803e-04 -0.655 0.867 -0.071 -0.662 -0.875 -0.978 -1.011
0.00017443 -1.95000 10.04139 0.8204023242 2.4256560266    0.811  2.209  3.6962  1.875    3  0.000  0.523     0.00     0.00     0.00     0.00     0.00 -1 -2.59e-10      0.00 7.514e-01 2.484e-01 3.011e-05 8.996e-06 7.680e-05 -1.000 1.802e-04 -0.752 0.793 -0.160 -0.757 -0.974 -1.078 -1.113
0.00017443 -1.95000 10.04139 0.8204347491 2.4256667277    0.811  2.224  3.6956  1.858    3  0.000  0.523     0.00     0.00     0.00     0.00     0.00 -1 -2.74e-10      0.00 7.514e-01 2.484e-01 3.011e-05 8.997e-06 7.680e-05 -1.000 1.802e-04 -0.789 0.765 -0.193 -0.794 -1.012 -1.116 -1.151
0.00017443 -1.95000 10.04139 0.8204701543 2.4256784112    0.811  2.212  3.6964  1.872    3  0.000  0.523     0.00     0.00     0.00     0.00     0.00 -1 -2.65e-10      0.00 7.514e-01 2.484e-01 3.011e-05 8.997e-06 7.680e-05 -1.000 1.803e-04 -0.761 0.782 -0.169 -0.766 -0.983 -1.087 -1.121
0.00017443 -1.95000 10.04139 0.8204773664 2.4256807910    0.811  2.219  3.6960  1.863    3  0.000  0.523     0.00     0.00     0.00     0.00     0.00 -1 -2.71e-10      0.00 7.514e-01 2.484e-01 3.011e-05 8.997e-06 7.680e-05 -1.000 1.803e-04 -0.779 0.769 -0.185 -0.784 -1.001 -1.105 -1.140
0.00017443 -1.95000 10.04139 0.8205171227 2.4256939087    0.810  2.261  3.6941  1.814    3  0.000  0.523     0.00     0.00     0.00     0.00     0.00 -1 -3.13e-10      0.00 7.514e-01 2.484e-01 3.011e-05 8.998e-06 7.680e-05 -1.000 1.803e-04 -0.882 0.693 -0.278 -0.885 -1.106 -1.212 -1.248
0.00017443 -1.95000 10.04139 0.8205572367 2.4257071430    0.809  2.305  3.6923  1.763    3  0.000  0.523     0.00     0.00     0.00     0.00     0.00 -1 -3.67e-10      0.00 7.514e-01 2.484e-01 3.011e-05 8.999e-06 7.680e-05 -1.000 1.803e-04 -0.992 0.611 -0.377 -0.993 -1.217 -1.326 -1.363
0.00017443 -1.95000 10.04139 0.8205913305 2.4257183899    0.809  2.345  3.6904  1.715    3  0.000  0.523     0.00     0.00     0.00     0.00     0.00 -1 -4.25e-10      0.00 7.514e-01 2.484e-01 3.011e-05 8.999e-06 7.680e-05 -1.000 1.803e-04 -1.092 0.540 -0.465 -1.091 -1.318 -1.430 -1.467
0.00017443 -1.95000 10.04139 0.8206248283 2.4257294392    0.808  2.386  3.6885  1.665    3  0.000  0.523     0.00     0.00     0.00     0.00     0.00 -1 -4.95e-10      0.00 7.514e-01 2.484e-01 3.010e-05 9.000e-06 7.680e-05 -1.000 1.803e-04 -1.196 0.466 -0.557 -1.192 -1.424 -1.537 -1.576
0.00017443 -1.95000 10.04139 0.8206561804 2.4257397797    0.807  2.428  3.6867  1.616    3  0.000  0.523     0.00     0.00     0.00     0.00     0.00 -1 -5.78e-10      0.00 7.514e-01 2.485e-01 3.010e-05 9.000e-06 7.680e-05 -1.000 1.802e-04 -1.300 0.393 -0.649 -1.294 -1.529 -1.645 -1.685
0.00017443 -1.95000 10.04139 0.8206835389 2.4257488024    0.807  2.467  3.6847  1.568    3  0.000  0.523     0.00     0.00     0.00     0.00     0.00 -1 -6.69e-10      0.00 7.514e-01 2.485e-01 3.010e-05 9.001e-06 7.680e-05 -1.000 1.803e-04 -1.398 0.335 -0.733 -1.390 -1.629 -1.748 -1.789
0.00017443 -1.95000 10.04139 0.8207106590 2.4257577458    0.806  2.509  3.6828  1.518    3  0.000  0.523     6.46     5.18     3.69     2.84     2.30  3  -7.8e-10      0.00 7.514e-01 2.485e-01 3.010e-05 9.001e-06 7.680e-05 -1.000 1.803e-04 -1.503 0.279 -0.822 -1.493 -1.736 -1.857 -1.899
0.00017443 -1.95000 10.04139 0.8207347393 2.4257656861    0.805  2.549  3.6809  1.471    3  0.000  0.523     7.15     5.64     4.00     3.09     2.50  3 -9.03e-10      0.00 7.514e-01 2.485e-01 3.010e-05 9.002e-06 7.680e-05 -1.000 1.802e-04 -1.602 0.232 -0.905 -1.591 -1.838 -1.961 -2.005
0.00017443 -1.95000 10.04139 0.8207572103 2.4257730953    0.804  2.588  3.6789  1.423    3  0.000  0.523     7.91     6.15     4.35     3.36     2.72  3 -1.05e-09      0.00 7.514e-01 2.485e-01 3.010e-05 9.002e-06 7.680e-05 -1.000 1.803e-04 -1.701 0.192 -0.985 -1.689 -1.939 -2.065 -2.110
0.00017443 -1.95000 10.04139 0.8207786083 2.4257801503    0.803  2.628  3.6770  1.374    3  0.000  0.523     8.76     6.71     4.72     3.66     2.96  3 -1.21e-09      0.00 7.514e-01 2.485e-01 3.010e-05 9.003e-06 7.680e-05 -1.000 1.803e-04 -1.801 0.154 -1.065 -1.787 -2.042 -2.171 -2.217
0.00017443 -1.95000 10.04139 0.8208016157 2.4257877355    0.801  2.675  3.6745  1.317    3  0.000  0.523     9.88     7.44     5.21     4.04     3.27  3 -1.44e-09      0.00 7.514e-01 2.485e-01 3.010e-05 9.003e-06 7.680e-05 -1.000 1.803e-04 -1.917 0.122 -1.154 -1.901 -2.162 -2.294 -2.341
0.00017443 -1.95000 10.04139 0.8208201528 2.4257938464    0.800  2.715  3.6726  1.268    3  0.000  0.523    10.95     8.12     5.67     4.40     3.57  3 -1.68e-09      0.00 7.514e-01 2.485e-01 3.010e-05 9.003e-06 7.680e-05 -1.000 1.803e-04 -2.018 0.093 -1.231 -1.999 -2.266 -2.401 -2.449
0.00017443 -1.95000 10.04139 0.8208392859 2.4258001536    0.799  2.760  3.6701  1.213    3  0.000  0.523    12.31     8.97     6.23     4.85     3.93  3 -1.98e-09      0.00 7.514e-01 2.485e-01 3.010e-05 9.004e-06 7.680e-05 -1.000 1.803e-04 -2.130 0.078 -1.311 -2.108 -2.382 -2.520 -2.570
0.00017443 -1.95000 10.04139 0.8208550215 2.4258053405    0.797  2.800  3.6682  1.164    3  0.000  0.523    13.63     9.79     6.77     5.28     4.28  2  -2.3e-09      0.00 7.514e-01 2.485e-01 3.010e-05 9.004e-06 7.680e-05 -1.000 1.803e-04 -2.230 0.060 -1.383 -2.204 -2.483 -2.625 -2.676
0.00017443 -1.95000 10.04139 0.8208710551 2.4258106254    0.795  2.843  3.6656  1.110    3  0.000  0.523    15.28    10.79     7.43     5.80     4.70  2 -2.71e-09      0.00 7.514e-01 2.485e-01 3.010e-05 9.004e-06 7.680e-05 -1.000 1.802e-04 -2.337 0.063 -1.453 -2.306 -2.593 -2.739 -2.792
0.00017443 -1.95000 10.04139 0.8208844066 2.4258150261    0.793  2.881  3.6637  1.063    3  0.000  0.523    16.88    11.75     8.06     6.30     5.11  2 -3.13e-09      0.00 7.514e-01 2.485e-01 3.010e-05 9.005e-06 7.680e-05 -1.000 1.803e-04 -2.433 0.059 -1.518 -2.398 -2.692 -2.841 -2.895
0.00017443 -1.95000 10.04139 0.8208984137 2.4258196427    0.791  2.924  3.6612  1.008    3  0.000  0.523    18.92    12.95     8.85     6.93     5.61  2 -3.68e-09      0.00 7.514e-01 2.485e-01 3.010e-05 9.005e-06 7.680e-05 -1.000 1.803e-04 -2.541 0.075 -1.583 -2.500 -2.802 -2.955 -3.011
0.00017443 -1.95000 10.04139 0.8209125996 2.4258243180    0.789  2.971  3.6586  0.950    3  0.000  0.523    21.39    14.38     9.78     7.67     6.22  2 -4.39e-09      0.00 7.513e-01 2.485e-01 3.010e-05 9.005e-06 7.680e-05 -1.000 1.803e-04 -2.658 0.099 -1.648 -2.609 -2.922 -3.080 -3.138
0.00017443 -1.95000 10.04139 0.8209241033 2.4258281092    0.786  3.012  3.6561  0.898    3  0.000  0.523    23.89    15.80    10.69     8.40     6.81  2 -5.14e-09      0.00 7.513e-01 2.485e-01 3.010e-05 9.005e-06 7.680e-05 -1.000 1.803e-04 -2.761 0.106 -1.704 -2.700 -3.023 -3.186 -3.246
0.00017443 -1.95000 10.04139 0.8209340572 2.4258313896    0.784  3.049  3.6540  0.851    3  0.000  0.523    26.36    17.18    11.58     9.11     7.39  1 -5.92e-09      0.00 7.513e-01 2.485e-01 3.010e-05 9.005e-06 7.680e-05 -1.000 1.802e-04 -2.854 0.094 -1.761 -2.784 -3.115 -3.282 -3.344
0.00017443 -1.95000 10.04139 0.8209442496 2.4258347484    0.781  3.090  3.6515  0.798    3  0.000  0.523    29.43    18.86    12.67     9.98     8.09  1 -6.91e-09      0.00 7.513e-01 2.485e-01 3.010e-05 9.006e-06 7.680e-05 -1.000 1.802e-04 -2.955 0.090 -1.819 -2.874 -3.214 -3.387 -3.451
0.00017443 -1.95000 10.04139 0.8209546804 2.4258381858    0.777  3.134  3.6489  0.742    3  0.000  0.523    33.16    20.88    13.95    11.01     8.93  1 -8.18e-09      0.00 7.513e-01 2.485e-01 3.010e-05 9.006e-06 7.680e-05 -1.000 1.803e-04 -3.066 0.082 -1.884 -2.972 -3.323 -3.501 -3.567
0.00017443 -1.95000 10.04139 0.8209634423 2.4258410730    0.773  3.174  3.6464  0.690    3  0.000  0.523    36.96    22.89    15.24    12.04     9.77  1 -9.54e-09      0.00 7.513e-01 2.485e-01 3.010e-05 9.006e-06 7.680e-05 -1.000 1.803e-04 -3.165 0.078 -1.940 -3.058 -3.419 -3.602 -3.670
0.00017443 -1.95000 10.04139 0.8209722638 2.4258439799    0.769  3.216  3.6439  0.636    3  0.000  0.523    41.43    25.22    16.71    13.23    10.74  1 -1.12e-08      0.00 7.513e-01 2.485e-01 3.010e-05 9.006e-06 7.680e-05 -1.000 1.802e-04 -3.270 0.073 -1.998 -3.149 -3.520 -3.708 -3.779
0.00017443 -1.95000 10.04139 0.8209804296 2.4258466706    0.764  3.255  3.6415  0.584    3  0.000  0.523    46.17    27.65    18.24    14.46    11.74  1 -1.31e-08      0.00 7.513e-01 2.485e-01 3.010e-05 9.006e-06 7.680e-05 -1.000 1.803e-04 -3.368 0.072 -2.049 -3.234 -3.615 -3.809 -3.881
0.00017443 -1.95000 10.04139 0.8209827542 2.4258474366    0.763  3.265  3.6409  0.571    3  0.000  0.523    47.42    28.28    18.64    14.78    12.00  1 -1.37e-08      0.00 7.513e-01 2.485e-01 3.010e-05 9.006e-06 7.680e-05 -1.000 1.803e-04 -3.392 0.071 -2.062 -3.254 -3.638 -3.833 -3.906
0.00017443 -1.95000 10.04139 0.8209827542 2.4258474366    0.763  1.697  3.8543  2.992    4  0.000  0.531     0.00     0.00     0.00     0.00     0.00 -1    -1e-30      0.00 7.545e-01 2.453e-01 3.039e-05 8.536e-06 7.628e-05 -1.000 1.802e-04 0.527 1.046 0.541 0.525 0.589 0.628 0.653
0.00017443 -1.95000 10.04139 0.8209837079 2.4258477508    0.763  1.710  3.8457  2.945    4  0.000  0.531     0.00     0.00     0.00     0.00     0.00 -1    -1e-30      0.00 7.545e-01 2.453e-01 3.039e-05 8.536e-06 7.628e-05 -1.000 1.802e-04 0.494 1.038 0.529 0.485 0.533 0.567 0.591
0.00017443 -1.95000 10.04139 0.8210385442 2.4258658182    0.763  1.722  3.8419  2.918    4  0.000  0.531     0.00     0.00     0.00     0.00     0.00 -1    -1e-30      0.00 7.545e-01 2.453e-01 3.039e-05 8.536e-06 7.628e-05 -1.000 1.802e-04 0.466 1.020 0.509 0.453 0.494 0.526 0.549
0.00017443 -1.95000 10.04139 0.8210930228 2.4258837650    0.763  1.722  3.8427  2.921    4  0.000  0.531     0.00     0.00     0.00     0.00     0.00 -1    -1e-30      0.00 7.545e-01 2.453e-01 3.039e-05 8.536e-06 7.629e-05 -1.000 1.802e-04 0.464 1.016 0.506 0.452 0.494 0.527 0.550
0.00017443 -1.95000 10.04139 0.8211481571 2.4259019250    0.763  1.723  3.8438  2.925    4  0.000  0.531     0.00     0.00     0.00     0.00     0.00 -1    -1e-30      0.00 7.545e-01 2.453e-01 3.039e-05 8.536e-06 7.629e-05 -1.000 1.802e-04 0.463 1.012 0.502 0.452 0.496 0.530 0.553
0.00017443 -1.95000 10.04139 0.8212041855 2.4259203766    0.763  1.723  3.8452  2.931    4  0.000  0.531     0.00     0.00     0.00     0.00     0.00 -1    -1e-30      0.00 7.545e-01 2.453e-01 3.039e-05 8.536e-06 7.629e-05 -1.000 1.802e-04 0.463 1.007 0.498 0.453 0.500 0.534 0.557
0.00017443 -1.95000 10.04139 0.8212602139 2.4259388253    0.763  1.723  3.8466  2.936    4  0.000  0.531     0.00     0.00     0.00     0.00     0.00 -1    -1e-30      0.00 7.545e-01 2.453e-01 3.039e-05 8.536e-06 7.629e-05 -1.000 1.802e-04 0.463 1.003 0.494 0.454 0.504 0.538 0.562
0.00017443 -1.95000 10.04139 0.8213163018 2.4259572907    0.763  1.723  3.8481  2.942    4  0.000  0.531     0.00     0.00     0.00     0.00     0.00 -1    -1e-30      0.00 7.545e-01 2.453e-01 3.039e-05 8.536e-06 7.629e-05 -1.000 1.802e-04 0.463 0.998 0.491 0.456 0.508 0.543 0.568
0.00017443 -1.95000 10.04139 0.8213688135 2.4259745761    0.763  1.723  3.8494  2.948    4  0.000  0.531     0.00     0.00     0.00     0.00     0.00 -1    -1e-30      0.00 7.545e-01 2.453e-01 3.039e-05 8.536e-06 7.629e-05 -1.000 1.802e-04 0.464 0.995 0.488 0.457 0.512 0.548 0.573
0.00017443 -1.95000 10.04139 0.8214257360 2.4259933106    0.764  1.722  3.8507  2.953    4  0.000  0.531     0.00     0.00     0.00     0.00     0.00 -1    -1e-30      0.00 7.545e-01 2.453e-01 3.039e-05 8.536e-06 7.629e-05 -1.000 1.802e-04 0.464 0.991 0.485 0.458 0.516 0.552 0.577
0.00017443 -1.95000 10.04139 0.8214781880 2.4260105711    0.764  1.723  3.8514  2.956    4  0.000  0.531     0.00     0.00     0.00     0.00     0.00 -1    -1e-30      0.00 7.545e-01 2.453e-01 3.039e-05 8.536e-06 7.629e-05 -1.000 1.802e-04 0.464 0.989 0.483 0.459 0.518 0.554 0.580
0.00017443 -1.95000 10.04139 0.8215315938 2.4260281428    0.764  1.723  3.8519  2.958    4  0.000  0.531     0.00     0.00     0.00     0.00     0.00 -1    -1e-30      0.00 7.545e-01 2.453e-01 3.039e-05 8.536e-06 7.629e-05 -1.000 1.802e-04 0.463 0.987 0.481 0.459 0.518 0.555 0.581
0.00017443 -1.95000 10.04139 0.8215840459 2.4260453982    0.764  1.723  3.8517  2.957    4  0.000  0.531     0.00     0.00     0.00     0.00     0.00 -1    -1e-30      0.00 7.545e-01 2.453e-01 3.039e-05 8.536e-06 7.629e-05 -1.000 1.802e-04 0.462 0.986 0.480 0.457 0.517 0.554 0.579
0.00017443 -1.95000 10.04139 0.8216370940 2.4260628471    0.764  1.724  3.8512  2.954    4  0.000  0.531     0.00     0.00     0.00     0.00     0.00 -1    -1e-30      0.00 7.545e-01 2.453e-01 3.039e-05 8.536e-06 7.629e-05 -1.000 1.802e-04 0.460 0.986 0.480 0.455 0.514 0.550 0.576
0.00017443 -1.95000 10.04139 0.8216885924 2.4260797838    0.764  1.725  3.8502  2.949    4  0.000  0.531     0.00     0.00     0.00     0.00     0.00 -1    -1e-30      0.00 7.545e-01 2.453e-01 3.039e-05 8.536e-06 7.629e-05 -1.000 1.802e-04 0.458 0.986 0.480 0.452 0.508 0.545 0.569
0.00017443 -1.95000 10.04139 0.8216943741 2.4260816851    0.764  1.725  3.8501  2.948    4  0.000  0.531     0.00     0.00     0.00     0.00     0.00 -1    -1e-30      0.00 7.545e-01 2.453e-01 3.039e-05 8.536e-06 7.629e-05 -1.000 1.802e-04 0.458 0.986 0.480 0.451 0.508 0.544 0.569
0.00017443 -1.95000 10.04139 0.8217438459 2.4260979527    0.764  1.726  3.8484  2.941    4  0.000  0.531     0.00     0.00     0.00     0.00     0.00 -1    -1e-30      0.00 7.545e-01 2.453e-01 3.039e-05 8.536e-06 7.629e-05 -1.000 1.802e-04 0.454 0.988 0.481 0.447 0.500 0.535 0.560
0.00017443 -1.95000 10.04139 0.8217993379 2.4261161972    0.764  1.728  3.8459  2.929    4  0.000  0.531     0.00     0.00     0.00     0.00     0.00 -1    -1e-30      0.00 7.545e-01 2.453e-01 3.039e-05 8.536e-06 7.629e-05 -1.000 1.802e-04 0.450 0.992 0.483 0.440 0.489 0.523 0.547
0.00017443 -1.95000 10.04139 0.8218526244 2.4261337139    0.764  1.730  3.8427  2.914    4  0.000  0.531     0.00     0.00     0.00     0.00     0.00 -1    -1e-30      0.00 7.545e-01 2.453e-01 3.039e-05 8.536e-06 7.629e-05 -1.000 1.802e-04 0.445 0.996 0.486 0.433 0.475 0.508 0.531
0.00017443 -1.95000 10.04139 0.8219063282 2.4261513652    0.764  1.733  3.8388  2.896    4  0.000  0.531     0.00     0.00     0.00     0.00     0.00 -1    -1e-30      0.00 7.545e-01 2.453e-01 3.039e-05 8.536e-06 7.629e-05 -1.000 1.801e-04 0.439 1.003 0.490 0.423 0.459 0.489 0.511
0.00017443 -1.95000 10.04139 0.8219600320 2.4261690138    0.764  1.735  3.8341  2.874    4  0.000  0.531     0.00     0.00     0.00     0.00     0.00 -1    -1e-30      0.00 7.545e-01 2.453e-01 3.039e-05 8.536e-06 7.629e-05 -1.000 1.802e-04 0.431 1.010 0.495 0.413 0.439 0.467 0.488
0.00017443 -1.95000 10.04139 0.8220120072 2.4261860919    0.764  1.739  3.8288  2.849    4  0.000  0.531     0.00     0.00     0.00     0.00     0.00 -1    -1e-30      0.00 7.545e-01 2.453e-01 3.039e-05 8.536e-06 7.629e-05 -1.000 1.802e-04 0.423 1.020 0.501 0.401 0.418 0.442 0.462
0.00017443 -1.95000 10.04139 0.8220634460 2.4262029912    0.764  1.742  3.8229  2.822    4  0.000  0.531     0.00     0.00     0.00     0.00     0.00 -1    -1e-30      0.00 7.545e-01 2.453e-01 3.039e-05 8.536e-06 7.629e-05 -1.000 1.802e-04 0.414 1.033 0.509 0.388 0.395 0.415 0.433
0.00017443 -1.95000 10.04139 0.8220683932 2.4262046164    0.764  1.743  3.8223  2.820    4  0.000  0.531     0.00     0.00     0.00     0.00     0.00 -1    -1e-30      0.00 7.545e-01 2.453e-01 3.039e-05 8.536e-06 7.629e-05 -1.000 1.802e-04 0.413 1.034 0.510 0.387 0.392 0.413 0.430
0.00017443 -1.95000 10.04139 0.8220775127 2.4262076121    0.764  1.743  3.8212  2.815    4  0.000  0.531     0.00     0.00     0.00     0.00     0.00 -1    -1e-30      0.00 7.545e-01 2.453e-01 3.039e-05 8.536e-06 7.629e-05 -1.000 1.802e-04 0.411 1.037 0.511 0.385 0.388 0.407 0.425
0.00017443 -1.95000 10.04139 0.8221313357 2.4262252915    0.764  1.748  3.8146  2.784    4  0.000  0.531     0.00     0.00     0.00     0.00     0.00 -1    -1e-30      0.00 7.545e-01 2.453e-01 3.039e-05 8.536e-06 7.629e-05 -1.000 1.802e-04 0.401 1.052 0.520 0.371 0.362 0.377 0.392
0.00017443 -1.95000 10.04139 0.8221837878 2.4262425179    0.764  1.752  3.8081  2.754    4  0.000  0.531     0.00     0.00     0.00     0.00     0.00 -1    -1e-30      0.00 7.545e-01 2.453e-01 3.039e-05 8.536e-06 7.629e-05 -1.000 1.802e-04 0.390 1.068 0.530 0.357 0.337 0.347 0.361
0.00017443 -1.95000 10.04139 0.8222398758 2.4262609357    0.764  1.757  3.8009  2.720    4  0.000  0.531     0.00     0.00     0.00     0.00     0.00 -1    -1e-30      0.00 7.545e-01 2.453e-01 3.039e-05 8.536e-06 7.629e-05 -1.000 1.802e-04 0.378 1.089 0.541 0.343 0.310 0.314 0.325
0.00017443 -1.95000 10.04139 0.8222932220 2.4262784504    0.764  1.763  3.7940  2.687    4  0.000  0.531     0.00     0.00     0.00     0.00     0.00 -1    -1e-30      0.00 7.545e-01 2.453e-01 3.039e-05 8.536e-06 7.629e-05 -1.000 1.802e-04 0.364 1.109 0.551 0.327 0.282 0.281 0.289
0.00017443 -1.95000 10.04139 0.8223443627 2.4262952386    0.765  1.768  3.7880  2.657    4  0.000  0.531     0.00     0.00     0.00     0.00     0.00 -1    -1e-30      0.00 7.545e-01 2.453e-01 3.039e-05 8.536e-06 7.629e-05 -1.000 1.802e-04 0.350 1.125 0.558 0.313 0.257 0.250 0.257
0.00017443 -1.95000 10.04139 0.8223970532 2.4263125331    0.765  1.774  3.7823  2.628    4  0.000  0.531     0.00     0.00     0.00     0.00     0.00 -1    -1e-30      0.00 7.545e-01 2.453e-01 3.039e-05 8.536e-06 7.629e-05 -1.000 1.802e-04 0.334 1.140 0.563 0.297 0.231 0.220 0.224
0.00017443 -1.95000 10.04139 0.8224488497 2.4263295316    0.765  1.780  3.7779  2.605    4  0.000  0.531     0.00     0.00     0.00     0.00     0.00 -1    -1e-30      0.00 7.545e-01 2.453e-01 3.039e-05 8.536e-06 7.629e-05 -1.000 1.802e-04 0.320 1.150 0.564 0.282 0.209 0.193 0.196
0.00017443 -1.95000 10.04139 0.8225011826 2.4263467036    0.765  1.786  3.7737  2.582    4  0.000  0.531     0.00     0.00     0.00     0.00     0.00 -1    -1e-30      0.00 7.545e-01 2.453e-01 3.039e-05 8.536e-06 7.629e-05 -1.000 1.801e-04 0.304 1.159 0.563 0.266 0.185 0.166 0.167
0.00017443 -1.95000 10.04139 0.8225535750 2.4263638927    0.765  1.793  3.7699  2.560    4  0.000  0.531     0.00     0.00     0.00     0.00     0.00 -1    -1e-30      0.00 7.545e-01 2.453e-01 3.039e-05 8.536e-06 7.629e-05 -1.000 1.802e-04 0.286 1.164 0.559 0.249 0.161 0.138 0.137
0.00017443 -1.95000 10.04139 0.8226063251 2.4263811966    0.765  1.801  3.7665  2.539    4  0.000  0.531     0.00     0.00     0.00     0.00     0.00 -1    -1e-30      0.00 7.545e-01 2.453e-01 3.039e-05 8.536e-06 7.629e-05 -1.000 1.802e-04 0.268 1.167 0.553 0.231 0.137 0.111 0.109
0.00017443 -1.95000 10.04139 0.8226167560 2.4263846180    0.765  1.789  3.7710  2.569    4  0.000  0.531     0.00     0.00     0.00     0.00     0.00 -1    -1e-30      0.00 7.545e-01 2.453e-01 3.039e-05 8.536e-06 7.629e-05 -1.000 1.802e-04 0.297 1.169 0.566 0.260 0.174 0.152 0.152
0.00017443 -1.95000 10.04139 0.8226708770 2.4264023684    0.765  1.806  3.7638  2.523    4  0.000  0.531     0.00     0.00     0.00     0.00     0.00 -1    -1e-30      0.00 7.545e-01 2.453e-01 3.039e-05 8.536e-06 7.629e-05 -1.000 1.802e-04 0.256 1.172 0.551 0.219 0.121 0.092 0.089
0.00017443 -1.95000 10.04139 0.8227241635 2.4264198425    0.765  1.825  3.7574  2.478    4  0.000  0.531     0.00     0.00     0.00     0.00     0.00 -1    -1e-30      0.00 7.545e-01 2.453e-01 3.039e-05 8.536e-06 7.629e-05 -1.000 1.802e-04 0.206 1.164 0.525 0.170 0.061 0.026 0.020
0.00017443 -1.95000 10.04139 0.8227689266 2.4264345195    0.765  1.855  3.7501  2.419    4  0.000  0.531     0.00     0.00     0.00     0.00     0.00 -1    -1e-30      0.00 7.545e-01 2.453e-01 3.039e-05 8.536e-06 7.629e-05 -1.000 1.802e-04 0.134 1.141 0.480 0.099 -0.023 -0.066 -0.075
0.00017443 -1.95000 10.04139 0.8227931857 2.4264424729    0.765  1.887  3.7429  2.358    4  0.000  0.531     0.00     0.00     0.00     0.00     0.00 -1    -1e-30      0.00 7.545e-01 2.453e-01 3.039e-05 8.536e-06 7.629e-05 -1.000 1.802e-04 0.051 1.112 0.425 0.018 -0.116 -0.166 -0.178
0.00017443 -1.95000 10.04139 0.8228041530 2.4264460683    0.765  1.921  3.7365  2.298    4  0.000  0.531     0.00     0.00     0.00     0.00     0.00 -1    -1e-30      0.00 7.545e-01 2.453e-01 3.039e-05 8.536e-06 7.629e-05 -1.000 1.802e-04 -0.033 1.079 0.366 -0.065 -0.210 -0.267 -0.282
0.00017443 -1.95000 10.04139 0.8228090405 2.4264476706    0.765  1.956  3.7309  2.241    4  0.000  0.531     0.00     0.00     0.00     0.00     0.00 -1    -1e-30      0.00 7.545e-01 2.453e-01 3.039e-05 8.536e-06 7.629e-05 -1.000 1.802e-04 -0.121 1.039 0.300 -0.152 -0.306 -0.370 -0.387
0.00017443 -1.95000 10.04139 0.8228113651 2.4264484326    0.765  1.992  3.7262  2.186    4  0.000  0.531     0.00     0.00     0.00     0.00     0.00 -1    -1e-30      0.00 7.545e-01 2.453e-01 3.039e-05 8.536e-06 7.629e-05 -1.000 1.802e-04 -0.210 0.994 0.231 -0.239 -0.402 -0.470 -0.489
0.00017443 -1.95000 10.04139 0.8228123188 2.4264487453    0.765  2.016  3.7235  2.151    7  0.000  0.531     0.00     0.00     0.00     0.00     0.00 -1    -1e-30      0.00 7.545e-01 2.453e-01 3.039e-05 8.536e-06 7.629e-05 -1.000 1.802e-04 -0.270 0.959 0.182 -0.298 -0.465 -0.537 -0.557
0.00017443 -1.95000 10.04139 0.8228126764 2.4264488625    0.765  2.029  3.7222  2.134    7  0.000  0.531     0.00     0.00     0.00     0.00     0.00 -1    -1e-30      0.00 7.545e-01 2.453e-01 3.039e-05 8.536e-06 7.629e-05 -1.000 1.802e-04 -0.302 0.939 0.155 -0.330 -0.499 -0.572 -0.593
0.00017443 -1.95000 10.04139 0.8228138089 2.4264492338    0.765  2.073  3.7184  2.074    7  0.000  0.531     0.00     0.00     0.00     0.00     0.00 -1    -1e-30      0.00 7.545e-01 2.453e-01 3.039e-05 8.536e-06 7.629e-05 -1.000 1.802e-04 -0.414 0.866 0.061 -0.439 -0.615 -0.692 -0.715
0.00017443 -1.95000 10.04139 0.8228147030 2.4264495269    0.765  2.110  3.7156  2.027    7  0.000  0.531     0.00     0.00     0.00     0.00     0.00 -1    -1e-30      0.00 7.545e-01 2.453e-01 3.039e-05 8.536e-06 7.629e-05 -1.000 1.802e-04 -0.504 0.806 -0.016 -0.528 -0.708 -0.789 -0.813
0.00017443 -1.95000 10.04139 0.8228155375 2.4264498004    0.765  2.129  3.7143  2.001    7  0.000  0.531     0.00     0.00     0.00     0.00     0.00 -1    -1e-30      0.00 7.545e-01 2.453e-01 3.039e-05 8.536e-06 7.629e-05 -1.000 1.802e-04 -0.553 0.771 -0.059 -0.576 -0.759 -0.841 -0.866
0.00017443 -1.95000 10.04139 0.8228164911 2.4264501130    0.765  2.144  3.7133  1.983    7  0.000  0.531     0.00     0.00     0.00     0.00     0.00 -1    -1e-30      0.00 7.545e-01 2.453e-01 3.039e-05 8.536e-06 7.629e-05 -1.000 1.802e-04 -0.590 0.746 -0.091 -0.612 -0.797 -0.880 -0.906
0.00017443 -1.95000 10.04139 0.8228186369 2.4264508165    0.765  2.147  3.7133  1.980    7  0.000  0.531     0.00     0.00     0.00     0.00     0.00 -1    -1e-30      0.00 7.545e-01 2.453e-01 3.039e-05 8.536e-06 7.629e-05 -1.000 1.802e-04 -0.597 0.739 -0.098 -0.620 -0.805 -0.888 -0.913
0.00017443 -1.95000 10.04139 0.8228207231 2.4264515003    0.765  2.134  3.7142  1.997    7  0.000  0.531     0.00     0.00     0.00     0.00     0.00 -1    -1e-30      0.00 7.545e-01 2.453e-01 3.039e-05 8.536e-06 7.629e-05 -1.000 1.802e-04 -0.564 0.761 -0.070 -0.587 -0.770 -0.852 -0.878
0.00017443 -1.95000 10.04139 0.8228406310 2.4264580263    0.765  2.136  3.7138  1.993    7  0.000  0.531     0.00     0.00     0.00     0.00     0.00 -1    -1e-30      0.00 7.545e-01 2.453e-01 3.039e-05 8.536e-06 7.629e-05 -1.000 1.802e-04 -0.569 0.761 -0.072 -0.591 -0.775 -0.858 -0.883
0.00017443 -1.95000 10.04139 0.8228561282 2.4264631061    0.765  2.163  3.7117  1.958    7  0.000  0.531     0.00     0.00     0.00     0.00     0.00 -1    -1e-30      0.00 7.545e-01 2.453e-01 3.039e-05 8.536e-06 7.629e-05 -1.000 1.802e-04 -0.637 0.717 -0.130 -0.658 -0.846 -0.931 -0.957
0.00017443 -1.95000 10.04139 0.8228766322 2.4264698267    0.765  2.211  3.7083  1.896    7  0.000  0.531     0.00     0.00     0.00     0.00     0.00 -1    -1e-30      0.00 7.545e-01 2.453e-01 3.039e-05 8.536e-06 7.629e-05 -1.000 1.802e-04 -0.758 0.638 -0.234 -0.778 -0.972 -1.061 -1.089
0.00017443 -1.95000 10.04139 0.8228949904 2.4264758437    0.765  2.269  3.7044  1.823    7  0.000  0.531     0.00     0.00     0.00     0.00     0.00 -1    -1e-30      0.00 7.545e-01 2.453e-01 3.039e-05 8.536e-06 7.629e-05 -1.000 1.802e-04 -0.902 0.544 -0.357 -0.918 -1.119 -1.213 -1.243
0.00017443 -1.95000 10.04139 0.8229116797 2.4264813134    0.765  2.321  3.7012  1.757    7  0.000  0.531     0.00     0.00     0.00     0.00     0.00 -1    -1e-30      0.00 7.545e-01 2.453e-01 3.039e-05 8.536e-06 7.629e-05 -1.000 1.802e-04 -1.032 0.457 -0.470 -1.046 -1.253 -1.351 -1.383
0.00017443 -1.95000 10.04139 0.8229266405 2.4264862164    0.765  2.366  3.6985  1.702    7  0.000  0.531     0.00     0.00     0.00     0.00     0.00 -1    -1e-30      0.00 7.545e-01 2.453e-01 3.038e-05 8.537e-06 7.629e-05 -1.000 1.768e-04 -1.144 0.383 -0.566 -1.155 -1.367 -1.468 -1.502
0.00017443 -1.95000 10.04139 0.8229398727 2.4264905528    0.765  2.409  3.6959  1.649    7  0.000  0.531     0.00     0.00     0.00     0.00     0.00 -1    -1e-30      0.00 7.546e-01 2.453e-01 3.036e-05 8.541e-06 7.629e-05 -1.000 1.250e-04 -1.252 0.313 -0.658 -1.260 -1.477 -1.581 -1.616
0.00017443 -1.95000 10.04139 0.8229514956 2.4264943616    0.765  2.450  3.6935  1.597    7  0.000  0.529     0.00     0.00     0.00     0.00     0.00 -1    -1e-30      0.00 7.545e-01 2.453e-01 3.028e-05 8.577e-06 7.629e-05 -1.000 1.673e-04 -1.356 0.245 -0.748 -1.361 -1.583 -1.690 -1.727
0.00017443 -1.95000 10.04139 0.8229617476 2.4264977211    0.765  2.491  3.6911  1.547    7  0.000  0.524     0.00     0.00     0.00     0.00     0.00 -1    -1e-30      0.00 7.545e-01 2.454e-01 3.000e-05 8.777e-06 7.629e-05 -1.000 1.225e-04 -1.458 0.178 -0.835 -1.460 -1.686 -1.797 -1.834
0.00017443 -1.95000 10.04139 0.8229711056 2.4265007875    0.765  2.531  3.6888  1.497    7  0.000  0.513     6.64     5.30     3.77     2.92     2.36  3    -1e-30      0.00 7.544e-01 2.454e-01 2.940e-05 9.392e-06 7.631e-05 -1.000 1.801e-04 -1.558 0.114 -0.920 -1.557 -1.788 -1.902 -1.941
0.00017443 -1.95000 10.04139 0.8229796290 2.4265035804    0.765  2.572  3.6864  1.448    7  0.000  0.499     7.38     5.80     4.11     3.18     2.57  3    -1e-30      0.00 7.542e-01 2.456e-01 2.860e-05 1.035e-05 7.632e-05 -1.000 1.796e-04 -1.660 0.053 -1.005 -1.654 -1.890 -2.007 -2.048
0.00017443 -1.95000 10.04139 0.8229874969 2.4265061584    0.765  2.613  3.6840  1.397    7  0.000  0.485     8.21     6.36     4.48     3.48     2.81  3    -1e-30      0.00 7.541e-01 2.457e-01 2.783e-05 1.130e-05 7.634e-05 -1.000 1.741e-04 -1.762 0.007 -1.089 -1.755 -1.995 -2.115 -2.157
0.00017443 -1.95000 10.04139 0.8229947686 2.4265085411    0.765  2.653  3.6816  1.347    7  0.000  0.473     9.13     6.96     4.89     3.79     3.07  3    -1e-30      0.00 7.539e-01 2.459e-01 2.716e-05 1.212e-05 7.636e-05 -1.000 1.703e-04 -1.863 -0.027 -1.168 -1.854 -2.100 -2.223 -2.266
0.00017443 -1.95000 10.04139 0.8230016828 2.4265108065    0.765  2.693  3.6792  1.297    7  0.000  0.463    10.15     7.61     5.32     4.14     3.35  3    -1e-30      0.00 7.537e-01 2.461e-01 2.659e-05 1.283e-05 7.637e-05 -1.000 1.793e-04 -1.963 -0.055 -1.246 -1.953 -2.204 -2.331 -2.375
0.00017443 -1.95000 10.04139 0.8230082989 2.4265129742    0.765  2.733  3.6769  1.249    7  0.000  0.454    11.26     8.32     5.79     4.51     3.65  3    -1e-30      0.00 7.535e-01 2.463e-01 2.609e-05 1.345e-05 7.637e-05 -1.000 1.746e-04 -2.062 -0.076 -1.319 -2.049 -2.306 -2.436 -2.482
0.00017443 -1.95000 10.04139 0.8230146766 2.4265150638    0.765  2.772  3.6745  1.200    7  0.000  0.447    12.48     9.08     6.30     4.91     3.98  2    -1e-30      0.00 7.533e-01 2.465e-01 2.566e-05 1.398e-05 7.637e-05 -1.000 1.691e-04 -2.160 -0.090 -1.389 -2.144 -2.408 -2.540 -2.588
0.00017443 -1.95000 10.04139 0.8230206370 2.4265170167    0.765  2.812  3.6721  1.150    7  0.000  0.440    13.87     9.94     6.86     5.36     4.34  2    -1e-30      0.00 7.531e-01 2.467e-01 2.528e-05 1.445e-05 7.634e-05 -1.000 1.803e-04 -2.260 -0.099 -1.459 -2.241 -2.511 -2.648 -2.696
0.00017443 -1.95000 10.04139 0.8230257034 2.4265186766    0.765  2.852  3.6696  1.100    7  0.000  0.435    15.43    10.87     7.48     5.85     4.74  2    -1e-30      0.00 7.529e-01 2.469e-01 2.497e-05 1.484e-05 7.630e-05 -1.000 1.802e-04 -2.360 -0.098 -1.526 -2.338 -2.615 -2.755 -2.805
0.00017443 -1.95000 10.04139 0.8230301142 2.4265201216    0.765  2.892  3.6672  1.051    7  0.000  0.431    17.14    11.89     8.15     6.38     5.17  2    -1e-30      0.00 7.527e-01 2.471e-01 2.470e-05 1.519e-05 7.622e-05 -1.000 1.803e-04 -2.459 -0.091 -1.589 -2.432 -2.716 -2.860 -2.912
0.00017443 -1.95000 10.04139 0.8230338693 2.4265213519    0.765  2.932  3.6646  1.000    7  0.000  0.427    19.08    13.03     8.89     6.97     5.65  2    -1e-30      0.00 7.525e-01 2.473e-01 2.446e-05 1.553e-05 7.610e-05 -1.000 1.802e-04 -2.560 -0.074 -1.649 -2.527 -2.819 -2.968 -3.021
0.00017443 -1.95000 10.04139 0.8230372667 2.4265224649    0.765  2.972  3.6620  0.950    7  0.000  0.425    21.23    14.27     9.70     7.61     6.17  2    -1e-30      0.00 7.523e-01 2.475e-01 2.425e-05 1.585e-05 7.595e-05 -1.000 1.801e-04 -2.660 -0.042 -1.701 -2.620 -2.923 -3.075 -3.131
0.00017443 -1.95000 10.04139 0.8230408430 2.4265236366    0.765  3.015  3.6592  0.896    7  0.000  0.423    23.83    15.75    10.66     8.38     6.79  1    -1e-30      0.00 7.521e-01 2.477e-01 2.407e-05 1.617e-05 7.577e-05 -1.000 1.802e-04 -2.767 0.006 -1.752 -2.719 -3.033 -3.191 -3.249
0.00017443 -1.95000 10.04139 0.8230438232 2.4265246129    0.765  3.055  3.6565  0.845    7  0.000  0.421    26.53    17.25    11.63     9.15     7.42  1    -1e-30      0.00 7.519e-01 2.479e-01 2.396e-05 1.644e-05 7.561e-05 -1.000 1.793e-04 -2.867 0.026 -1.803 -2.808 -3.133 -3.296 -3.356
0.00017443 -1.95000 10.04139 0.8230451941 2.4265250621    0.765  3.079  3.6549  0.815    7  0.000  0.421    28.28    18.22    12.25     9.65     7.82  1    -1e-30      0.00 7.518e-01 2.480e-01 2.388e-05 1.664e-05 7.548e-05 -1.000 1.802e-04 -2.927 0.025 -1.836 -2.860 -3.191 -3.357 -3.418
0.00017443 -1.95000 10.04139 0.8230457902 2.4265252573    0.765  3.074  3.6551  0.820    7  0.000  0.420    27.98    18.05    12.14     9.56     7.76  1    -1e-30      0.00 7.517e-01 2.481e-01 2.383e-05 1.678e-05 7.538e-05 -1.000 1.803e-04 -2.916 0.028 -1.829 -2.851 -3.180 -3.346 -3.407
0.00017443 -1.95000 10.04139 0.8230459094 2.4265252964    0.765  3.077  3.6550  0.817    7  0.000  0.420    28.16    18.15    12.20     9.61     7.80  1    -1e-30      0.00 7.517e-01 2.481e-01 2.382e-05 1.680e-05 7.537e-05 -1.000 1.803e-04 -2.922 0.028 -1.832 -2.856 -3.186 -3.352 -3.414
0.00017443 -1.95000 10.04139 0.8230461478 2.4265253745    0.765  3.086  3.6544  0.805    7  0.000  0.420    28.89    18.55    12.46     9.82     7.96  1    -1e-30      0.00 7.517e-01 2.481e-01 2.380e-05 1.684e-05 7.535e-05 -1.000 1.802e-04 -2.946 0.027 -1.846 -2.877 -3.210 -3.377 -3.439
0.00017443 -1.95000 10.04139 0.8230463266 2.4265254331    0.765  3.094  3.6539  0.795    7  0.000  0.420    29.50    18.88    12.67     9.99     8.10  1    -1e-30      0.00 7.517e-01 2.482e-01 2.379e-05 1.687e-05 7.533e-05 -1.000 1.803e-04 -2.966 0.026 -1.857 -2.894 -3.229 -3.397 -3.460
0.00017443 -1.95000 10.04139 0.8230464458 2.4265254721    0.765  3.108  3.6529  0.777    7  0.000  0.420    30.65    19.51    13.08    10.31     8.36  1    -1e-30      0.00 7.517e-01 2.482e-01 2.377e-05 1.693e-05 7.529e-05 -1.000 1.803e-04 -3.001 0.027 -1.876 -2.925 -3.263 -3.434 -3.497
0.00017443 -1.95000 10.04139 0.8230466843 2.4265255502    0.765  3.131  3.6513  0.748    7  0.000  0.420    32.58    20.55    13.74    10.84     8.80  1    -1e-30      0.00 7.516e-01 2.482e-01 2.372e-05 1.707e-05 7.518e-05 -1.000 1.803e-04 -3.057 0.029 -1.906 -2.974 -3.318 -3.492 -3.556
0.00017443 -1.95000 10.04139 0.8230470419 2.4265256674    0.765  3.183  3.6476  0.681    7  0.000  0.419    37.57    23.20    15.43    12.20     9.90  1    -1e-30      0.00 7.512e-01 2.486e-01 2.350e-05 1.779e-05 7.467e-05 -1.000 1.803e-04 -3.187 0.036 -1.973 -3.086 -3.444 -3.625 -3.692
0.00017443 -1.95000 10.04139 0.8230476975 2.4265258822    0.765  3.241  3.6433  0.606    7  0.523  0.418    44.05    26.57    17.56    13.91    11.29  1    -1e-30      0.00 7.508e-01 2.490e-01 2.328e-05 1.857e-05 7.410e-05 -1.000 1.803e-04 -3.332 0.047 -2.044 -3.208 -3.582 -3.772 -3.843
0.00017443 -1.95000 10.04139 0.8230477571 2.4265259017    0.765  3.244  3.6431  0.602    7  0.523  0.418    44.46    26.78    17.69    14.02    11.38  1    -1e-30      0.00 7.507e-01 2.491e-01 2.325e-05 1.867e-05 7.403e-05 -1.000 1.803e-04 -3.341 0.047 -2.048 -3.215 -3.591 -3.781 -3.852
0.00017443 -1.95000 10.04139 0.8230478168 2.4265259212    0.765  3.244  3.6396  0.588    8  0.523  0.433    45.80    27.46    18.12    14.36    11.66  1 -3.84e-07      0.00 7.508e-01 2.491e-01 2.432e-05 1.868e-05 7.477e-05 -1.000 1.428e-04 -3.341 0.141 -1.999 -3.197 -3.583 -3.780 -3.854
0.00017443 -1.95000 10.04139 0.8230478764 2.4265259408    0.763  3.029  3.6550  0.864    8  0.523  0.434    25.47    16.66    11.24     8.85     7.17  1 -1.65e-07      0.00 7.508e-01 2.491e-01 2.432e-05 1.868e-05 7.477e-05 -1.000 1.428e-04 -2.801 0.115 -1.723 -2.736 -3.063 -3.229 -3.290
0.00017443 -1.95000 10.04139 0.8230479956 2.4265259798    0.761  2.877  3.6657  1.058    8  0.523  0.434    16.86    11.73     8.04     6.29     5.10  2 -9.66e-08      0.00 7.508e-01 2.491e-01 2.432e-05 1.868e-05 7.477e-05 -1.000 1.428e-04 -2.421 -0.005 -1.533 -2.391 -2.679 -2.825 -2.878
0.00017443 -1.95000 10.04139 0.8230482340 2.4265260579    0.755  2.665  3.6807  1.327    8  0.523  0.434     9.50     7.20     5.05     3.92     3.17  3 -4.95e-08      0.00 7.508e-01 2.491e-01 2.432e-05 1.868e-05 7.477e-05 -1.000 1.428e-04 -1.892 -0.029 -1.189 -1.882 -2.130 -2.255 -2.298
0.00017443 -1.95000 10.04139 0.8230485320 2.4265261556    0.748  2.671  3.6801  1.313    8  0.523  0.434     9.75     7.36     5.15     4.01     3.24  3 -5.09e-08      0.00 7.508e-01 2.491e-01 2.432e-05 1.868e-05 7.477e-05 -1.000 1.428e-04 -1.908 -0.026 -1.198 -1.898 -2.148 -2.273 -2.317
0.00017443 -1.95000 10.04139 0.8230488896 2.4265262727    0.739  2.756  3.6737  1.197    8  0.523  0.434    12.42     9.04     6.27     4.89     3.96  2 -6.71e-08      0.00 7.508e-01 2.491e-01 2.432e-05 1.868e-05 7.477e-05 -1.000 1.428e-04 -2.120 -0.025 -1.341 -2.104 -2.369 -2.503 -2.550
0.00017443 -1.95000 10.04139 0.8230493665 2.4265264289    0.728  2.942  3.6602  0.951    8  0.524  0.434    20.90    14.06     9.55     7.51     6.08  2 -1.27e-07      0.00 7.508e-01 2.491e-01 2.432e-05 1.868e-05 7.477e-05 -1.000 1.429e-04 -2.584 0.108 -1.598 -2.539 -2.847 -3.003 -3.060
0.00017443 -1.95000 10.04139 0.8230499625 2.4265266242    0.715  3.109  3.6479  0.727    8  0.524  0.434    33.59    21.00    14.01    11.09     8.99  1 -2.44e-07      0.00 7.508e-01 2.491e-01 2.432e-05 1.868e-05 7.477e-05 -1.000 1.428e-04 -3.003 0.180 -1.805 -2.903 -3.258 -3.438 -3.505
0.00017443 -1.95000 10.04139 0.8230505586 2.4265268195    0.700  3.222  3.6394  0.571    8  0.524  0.434    46.61    27.67    18.22    14.49    11.76  1 -3.97e-07      0.00 7.508e-01 2.491e-01 2.432e-05 1.868e-05 7.477e-05 -1.000 1.428e-04 -3.285 0.214 -1.935 -3.139 -3.527 -3.725 -3.799
0.00017443 -1.95000 10.04139 0.8230512738 2.4265270538    0.684  3.285  3.6345  0.478    8  0.525  0.434    56.63    32.56    21.27    16.97    13.77  1 -5.38e-07      0.00 7.508e-01 2.491e-01 2.432e-05 1.868e-05 7.477e-05 -1.000 1.427e-04 -3.443 0.244 -1.991 -3.264 -3.674 -3.884 -3.963
0.00017443 -1.95000 10.04139 0.8230520487 2.4265273076    0.667  3.318  3.6316  0.422    8  0.525  0.434    63.48    35.76    23.25    18.59    15.09  1 -6.47e-07      0.00 7.508e-01 2.491e-01 2.432e-05 1.868e-05 7.477e-05 -1.000 1.427e-04 -3.526 0.270 -2.009 -3.325 -3.750 -3.967 -4.049
0.00017443 -1.95000 10.04139 0.8230529428 2.4265276005    0.649  3.339  3.6296  0.382    8  0.526  0.434    68.97    38.22    24.76    19.84    16.10  1 -7.41e-07      0.00 7.508e-01 2.491e-01 2.432e-05 1.868e-05 7.477e-05 -1.000 1.428e-04 -3.578 0.296 -2.013 -3.361 -3.797 -4.019 -4.104
0.00017443 -1.95000 10.04139 0.8230572939 2.4265290260    0.528 -9.999  4.0000  1.868    9  0.528  0.000     0.00     0.00     0.00     0.00     0.00 -1    -1e-30      0.00 7.508e-01 2.491e-01 2.432e-05 1.868e-05 7.477e-05 -1.000 1.428e-04 29.767 30.109 29.971 30.250 30.478 30.557 30.645
