# Zini     MH   logAge Mini        int_IMF         Mass   logL    logTe  logg  label   McoreTP C_O  period0  period1  period2  period3  period4  pmode  Mloss  tau1m   X   Y   Xc  Xn  Xo  Cexcess  Z 	 mbolmag  umag    gmag    rmag    imag    zmag    Ymag
0.00069308 -1.35000 10.11394 0.0900000036 1.0816895926    0.090 -3.195  3.4665  5.406    1  0.000  0.545     0.00     0.00     0.00     0.00     0.00 -1  -5.3e-17      0.00 7.472e-01 2.521e-01 1.323e-04 3.568e-05 3.236e-04 -1.000 7.355e-04 12.759 17.941 16.440 14.545 12.722 12.121 12.005
0.00069308 -1.35000 10.11394 0.0976532549 1.1511987494    0.098 -2.985  3.4965  5.350    1  0.000  0.545     0.00     0.00     0.00     0.00     0.00 -1 -8.81e-17      0.00 7.458e-01 2.534e-01 1.323e-04 3.568e-05 3.236e-04 -1.000 7.356e-04 12.232 17.282 15.282 13.466 12.117 11.640 11.526
0.00069308 -1.35000 10.11394 0.1000000015 1.1711064122    0.100 -2.923  3.5052  5.334    1  0.000  0.545     0.00     0.00     0.00     0.00     0.00 -1 -1.02e-16      0.00 7.454e-01 2.539e-01 1.323e-04 3.568e-05 3.236e-04 -1.000 7.355e-04 12.079 17.051 14.959 13.177 11.946 11.499 11.386
0.00069308 -1.35000 10.11394 0.1200000048 1.3193154741    0.120 -2.639  3.5371  5.256    1  0.000  0.545     0.00     0.00     0.00     0.00     0.00 -1 -1.96e-16      0.00 7.427e-01 2.565e-01 1.323e-04 3.568e-05 3.236e-04 -1.000 7.356e-04 11.367 15.903 13.683 12.053 11.184 10.828 10.720
0.00069308 -1.35000 10.11394 0.1274510175 1.3665298564    0.127 -2.568  3.5433  5.236    1  0.000  0.545     0.00     0.00     0.00     0.00     0.00 -1  -2.3e-16      0.00 7.420e-01 2.573e-01 1.323e-04 3.568e-05 3.236e-04 -1.000 7.356e-04 11.189 15.619 13.408 11.811 10.998 10.657 10.551
0.00069308 -1.35000 10.11394 0.1400000006 1.4384526719    0.140 -2.457  3.5529  5.204    1  0.000  0.545     0.00     0.00     0.00     0.00     0.00 -1 -2.94e-16      0.00 7.408e-01 2.585e-01 1.323e-04 3.568e-05 3.236e-04 -1.000 7.356e-04 10.912 15.167 12.985 11.441 10.710 10.389 10.286
0.00069308 -1.35000 10.11394 0.1599999964 1.5372931554    0.160 -2.315  3.5632  5.162    1  0.000  0.545     0.00     0.00     0.00     0.00     0.00 -1  -3.3e-16      0.00 7.394e-01 2.599e-01 1.323e-04 3.568e-05 3.236e-04 -1.000 7.356e-04 10.557 14.614 12.484 10.998 10.346 10.046 9.947
0.00069308 -1.35000 10.11394 0.2000000179 1.6938791367    0.200 -2.093  3.5769  5.091    1  0.000  0.545     0.00     0.00     0.00     0.00     0.00 -1  -1.6e-16      0.00 7.381e-01 2.612e-01 1.323e-04 3.568e-05 3.236e-04 -1.000 7.355e-04 10.002 13.793 11.748 10.346 9.780 9.505 9.411
0.00069308 -1.35000 10.11394 0.2500000000 1.8403257998    0.250 -1.889  3.5880  5.029    1  0.000  0.545     0.00     0.00     0.00     0.00     0.00 -1 -7.07e-17      0.00 7.380e-01 2.613e-01 1.323e-04 3.568e-05 3.236e-04 -1.000 7.355e-04 9.492 13.063 11.100 9.773 9.263 9.006 8.917
0.00069308 -1.35000 10.11394 0.3000000417 1.9529140366    0.300 -1.734  3.5965  4.986    1  0.000  0.545     0.00     0.00     0.00     0.00     0.00 -1  -8.9e-18      0.00 7.383e-01 2.610e-01 1.322e-04 3.569e-05 3.236e-04 -1.000 7.356e-04 9.104 12.518 10.614 9.346 8.869 8.625 8.541
0.00069308 -1.35000 10.11394 0.3082140982 1.9690770531    0.308 -1.711  3.5978  4.981    1  0.000  0.545     0.00     0.00     0.00     0.00     0.00 -1  -3.5e-17      0.00 7.391e-01 2.602e-01 1.322e-04 3.569e-05 3.236e-04 -1.000 7.364e-04 9.048 12.440 10.544 9.285 8.813 8.571 8.487
0.00069308 -1.35000 10.11394 0.3499999940 2.0434174644    0.350 -1.607  3.6038  4.956    1  0.000  0.545     0.00     0.00     0.00     0.00     0.00 -1 -1.75e-15      0.00 7.429e-01 2.564e-01 1.322e-04 3.568e-05 3.236e-04 -1.000 7.356e-04 8.788 12.076 10.218 8.999 8.548 8.316 8.235
0.00069308 -1.35000 10.11394 0.4000000060 2.1185024399    0.400 -1.459  3.6151  4.912    1  0.000  0.545     0.00     0.00     0.00     0.00     0.00 -1 -2.42e-15      0.00 7.496e-01 2.496e-01 1.323e-04 3.568e-05 3.236e-04 -1.000 7.356e-04 8.418 11.520 9.729 8.587 8.171 7.956 7.881
0.00069308 -1.35000 10.11394 0.4381494820 2.1680267198    0.438 -1.322  3.6295  4.871    1  0.000  0.545     0.00     0.00     0.00     0.00     0.00 -1 -3.32e-15      0.00 7.497e-01 2.496e-01 1.323e-04 3.568e-05 3.236e-04 -1.000 7.356e-04 8.074 10.953 9.241 8.195 7.822 7.629 7.560
0.00069308 -1.35000 10.11394 0.4500000179 2.1822809362    0.450 -1.281  3.6337  4.859    1  0.000  0.545     0.00     0.00     0.00     0.00     0.00 -1 -3.65e-15      0.00 7.497e-01 2.496e-01 1.323e-04 3.568e-05 3.236e-04 -1.000 7.355e-04 7.974 10.789 9.099 8.081 7.720 7.533 7.467
0.00069308 -1.35000 10.11394 0.4692202806 2.2043918755    0.469 -1.201  3.6447  4.841    1  0.000  0.545     0.00     0.00     0.00     0.00     0.00 -1 -4.39e-15      0.00 7.497e-01 2.496e-01 1.323e-04 3.568e-05 3.236e-04 -1.000 7.355e-04 7.772 10.424 8.794 7.846 7.515 7.345 7.285
0.00069308 -1.35000 10.11394 0.5000000000 2.2374541529    0.500 -1.079  3.6615  4.814    1  0.000  0.545     0.00     0.00     0.00     0.00     0.00 -1 -5.81e-15      0.00 7.497e-01 2.496e-01 1.323e-04 3.568e-05 3.236e-04 -1.000 7.355e-04 7.467 9.859 8.337 7.493 7.206 7.061 7.009
0.00069308 -1.35000 10.11394 0.5500000715 2.2836583126    0.550 -0.855  3.6896  4.744    1  0.000  0.544     0.00     0.00     0.00     0.00     0.00 -1    -1e-14      0.00 7.869e-01 2.125e-01 1.139e-04 3.076e-05 2.792e-04 -1.000 6.177e-04 6.908 8.832 7.558 6.874 6.649 6.542 6.505
0.00069308 -1.35000 10.11394 0.6000000238 2.3211213258    0.600 -0.641  3.7189  4.684    1  0.000  0.544     0.00     0.00     0.00     0.00     0.00 -1 -1.67e-14      0.00 7.977e-01 2.017e-01 1.090e-04 2.945e-05 2.674e-04 -1.000 6.330e-04 6.372 7.877 6.861 6.306 6.129 6.058 6.037
0.00069308 -1.35000 10.11394 0.6085125804 2.3267981866    0.608 -0.603  3.7244  4.674    1  0.000  0.544     0.00     0.00     0.00     0.00     0.00 -1 -1.79e-14      0.00 7.997e-01 1.996e-01 1.081e-04 2.920e-05 2.651e-04 -1.000 6.283e-04 6.277 7.714 6.742 6.208 6.040 5.975 5.957
0.00069308 -1.35000 10.11394 0.6198182106 2.3340611649    0.619 -0.552  3.7316  4.660    1  0.000  0.543     0.00     0.00     0.00     0.00     0.00 -1 -4.73e-15      0.00 8.026e-01 1.968e-01 1.068e-04 2.885e-05 2.620e-04 -1.000 5.885e-04 6.150 7.502 6.585 6.078 5.922 5.865 5.850
0.00069308 -1.35000 10.11394 0.6303377748 2.3405507613    0.630 -0.504  3.7382  4.646    1  0.000  0.543     0.00     0.00     0.00     0.00     0.00 -1 -1.74e-20      0.00 8.054e-01 1.941e-01 1.055e-04 2.852e-05 2.590e-04 -1.000 5.884e-04 6.031 7.313 6.442 5.958 5.811 5.761 5.750
0.00069308 -1.35000 10.11394 0.6401257515 2.3463692632    0.640 -0.460  3.7442  4.633    1  0.000  0.543     0.00     0.00     0.00     0.00     0.00 -1 -2.01e-17      0.00 8.080e-01 1.914e-01 1.043e-04 2.820e-05 2.562e-04 -1.000 5.830e-04 5.919 7.140 6.309 5.847 5.709 5.666 5.657
0.00069308 -1.35000 10.11394 0.6496726274 2.3518506429    0.649 -0.416  3.7500  4.618    1  0.000  0.543     0.00     0.00     0.00     0.00     0.00 -1 -2.32e-14      0.00 8.107e-01 1.888e-01 1.031e-04 2.787e-05 2.533e-04 -1.000 5.465e-04 5.809 6.972 6.179 5.739 5.610 5.573 5.567
0.00069308 -1.35000 10.11394 0.6499999762 2.3520353107    0.650 -0.414  3.7502  4.617    1  0.000  0.543     0.00     0.00     0.00     0.00     0.00 -1 -2.94e-14      0.00 8.107e-01 1.887e-01 1.030e-04 2.786e-05 2.532e-04 -1.000 5.870e-04 5.805 6.967 6.174 5.735 5.607 5.570 5.563
0.00069308 -1.35000 10.11394 0.6593197584 2.3572045563    0.659 -0.370  3.7553  4.601    1  0.000  0.542     0.00     0.00     0.00     0.00     0.00 -1 -3.29e-14      0.00 8.140e-01 1.854e-01 1.016e-04 2.747e-05 2.497e-04 -1.000 5.825e-04 5.696 6.810 6.049 5.630 5.510 5.478 5.474
0.00069308 -1.35000 10.11394 0.6701992750 2.3630302496    0.670 -0.318  3.7612  4.579    1  0.000  0.542     0.00     0.00     0.00     0.00     0.00 -1 -1.55e-14      0.00 8.180e-01 1.815e-01 9.980e-05 2.700e-05 2.454e-04 -1.000 5.557e-04 5.566 6.626 5.901 5.504 5.393 5.367 5.366
0.00069308 -1.35000 10.11394 0.6805723310 2.3683857419    0.680 -0.267  3.7666  4.556    1  0.000  0.542     0.00     0.00     0.00     0.00     0.00 -1 -4.77e-17      0.00 8.220e-01 1.775e-01 9.802e-05 2.653e-05 2.412e-04 -1.000 5.335e-04 5.438 6.454 5.758 5.382 5.279 5.259 5.259
0.00069308 -1.35000 10.11394 0.6902365685 2.3732090689    0.690 -0.218  3.7716  4.533    1  0.000  0.542     0.00     0.00     0.00     0.00     0.00 -1 -3.56e-17      0.00 8.260e-01 1.735e-01 9.628e-05 2.606e-05 2.370e-04 -1.000 5.200e-04 5.316 6.294 5.623 5.264 5.169 5.154 5.156
0.00069308 -1.35000 10.11394 0.6992195845 2.3775551788    0.699 -0.171  3.7760  4.510    1  0.000  0.541     0.00     0.00     0.00     0.00     0.00 -1 -3.16e-14      0.00 8.298e-01 1.697e-01 9.456e-05 2.561e-05 2.330e-04 -1.000 4.898e-04 5.198 6.143 5.494 5.152 5.064 5.053 5.057
0.00069308 -1.35000 10.11394 0.6999999881 2.3779266974    0.700 -0.167  3.7764  4.507    1  0.000  0.541     0.00     0.00     0.00     0.00     0.00 -1 -5.68e-14      0.00 8.302e-01 1.693e-01 9.441e-05 2.557e-05 2.326e-04 -1.000 4.884e-04 5.188 6.129 5.483 5.142 5.054 5.044 5.048
0.00069308 -1.35000 10.11394 0.7096322775 2.3824349732    0.709 -0.113  3.7809  4.478    1  0.000  0.539     0.00     0.00     0.00     0.00     0.00 -1  -6.6e-14      0.00 8.353e-01 1.642e-01 9.188e-05 2.496e-05 2.271e-04 -1.000 4.884e-04 5.053 5.963 5.337 5.013 4.932 4.926 4.932
0.00069308 -1.35000 10.11394 0.7183825374 2.3864101372    0.718 -0.062  3.7849  4.447    1  0.000  0.537     0.00     0.00     0.00     0.00     0.00 -1 -7.65e-14      0.00 8.401e-01 1.594e-01 8.955e-05 2.438e-05 2.221e-04 -1.000 5.214e-04 4.924 5.811 5.198 4.888 4.814 4.812 4.819
0.00069308 -1.35000 10.11394 0.7266385555 2.3900600009    0.726 -0.010  3.7884  4.415    1  0.000  0.536     0.00     0.00     0.00     0.00     0.00 -1 -4.65e-16      0.00 8.446e-01 1.549e-01 8.733e-05 2.384e-05 2.173e-04 -1.000 5.127e-04 4.796 5.661 5.060 4.764 4.695 4.696 4.705
0.00069308 -1.35000 10.11394 0.7343644500 2.3933901624    0.734  0.041  3.7916  4.381    1  0.000  0.534     0.00     0.00     0.00     0.00     0.00 -1    -7e-19      0.00 8.488e-01 1.507e-01 8.528e-05 2.333e-05 2.128e-04 -1.000 4.885e-04 4.668 5.515 4.924 4.640 4.576 4.580 4.590
0.00069308 -1.35000 10.11394 0.7416398525 2.3964533074    0.741  0.092  3.7944  4.345    1  0.000  0.533     0.00     0.00     0.00     0.00     0.00 -1  -2.1e-16      0.00 8.526e-01 1.469e-01 8.341e-05 2.287e-05 2.087e-04 -1.000 4.934e-04 4.540 5.372 4.789 4.514 4.455 4.462 4.473
0.00069308 -1.35000 10.11394 0.7483848333 2.3992320334    0.748  0.143  3.7966  4.307    1  0.000  0.531     0.00     0.00     0.00     0.00     0.00 -1 -4.13e-14      0.00 8.559e-01 1.436e-01 8.180e-05 2.247e-05 2.052e-04 -1.000 4.745e-04 4.413 5.232 4.655 4.390 4.334 4.344 4.355
0.00069308 -1.35000 10.11394 0.7500000000 2.3998889087    0.749  0.155  3.7971  4.298    1  0.000  0.531     0.00     0.00     0.00     0.00     0.00 -1 -1.46e-13      0.00 8.567e-01 1.428e-01 8.142e-05 2.238e-05 2.044e-04 -1.000 4.701e-04 4.381 5.198 4.623 4.359 4.304 4.314 4.325
0.00069308 -1.35000 10.11394 0.7562014461 2.4023810345    0.755  0.206  3.7988  4.258    1  0.000  0.530     0.00     0.00     0.00     0.00     0.00 -1 -1.71e-13      0.00 8.585e-01 1.410e-01 8.081e-05 2.223e-05 2.031e-04 -1.000 4.521e-04 4.256 5.063 4.492 4.235 4.183 4.194 4.206
0.00069308 -1.35000 10.11394 0.7622323036 2.4047599334    0.761  0.258  3.8001  4.214    1  0.000  0.530     0.00     0.00     0.00     0.00     0.00 -1 -2.02e-13      0.00 8.584e-01 1.411e-01 8.098e-05 2.228e-05 2.036e-04 -1.000 4.657e-04 4.125 4.924 4.356 4.104 4.055 4.067 4.080
0.00069308 -1.35000 10.11394 0.7640606165 2.4054725942    0.763  0.275  3.8003  4.199    1  0.000  0.530     0.00     0.00     0.00     0.00     0.00 -1 -2.15e-13      0.00 8.583e-01 1.412e-01 8.108e-05 2.230e-05 2.038e-04 -1.000 4.702e-04 4.082 4.880 4.312 4.062 4.013 4.026 4.038
0.00069308 -1.35000 10.11394 0.7655476928 2.4060493580    0.765  0.290  3.8002  4.184    1  0.000  0.530     0.00     0.00     0.00     0.00     0.00 -1 -2.26e-13      0.00 8.582e-01 1.413e-01 8.116e-05 2.233e-05 2.040e-04 -1.000 4.731e-04 4.045 4.843 4.275 4.024 3.976 3.988 4.000
0.00069308 -1.35000 10.11394 0.7713039517 2.4082578369    0.770  0.351  3.7990  4.121    1  0.000  0.530     0.00     0.00     0.00     0.00     0.00 -1 -3.33e-14      0.00 8.578e-01 1.417e-01 8.150e-05 2.242e-05 2.049e-04 -1.000 4.900e-04 3.892 4.694 4.123 3.870 3.820 3.831 3.843
0.00069308 -1.35000 10.11394 0.7756552696 2.4099022938    0.774  0.403  3.7964  4.062    1  0.000  0.530     0.00     0.00     0.00     0.00     0.00 -1 -1.88e-16      0.00 8.575e-01 1.420e-01 8.179e-05 2.251e-05 2.057e-04 -1.000 5.121e-04 3.762 4.576 3.998 3.737 3.684 3.693 3.703
0.00069308 -1.35000 10.11394 0.7763949037 2.4101797104    0.775  0.413  3.7958  4.050    1  0.000  0.530     0.00     0.00     0.00     0.00     0.00 -1 -5.31e-17      0.00 8.574e-01 1.420e-01 8.184e-05 2.252e-05 2.059e-04 -1.000 5.168e-04 3.739 4.555 3.975 3.713 3.659 3.667 3.677
0.00069308 -1.35000 10.11394 0.7777798772 2.4106975448    0.777  0.432  3.7938  4.023    2  0.000  0.530     0.00     0.00     0.00     0.00     0.00 -1 -9.53e-17      0.00 8.570e-01 1.425e-01 8.223e-05 2.263e-05 2.068e-04 -1.000 5.092e-04 3.689 4.514 3.930 3.662 3.604 3.611 3.620
0.00069308 -1.35000 10.11394 0.7805142403 2.4117137067    0.779  0.476  3.7882  3.959    2  0.000  0.530     0.00     0.00     0.00     0.00     0.00 -1 -3.07e-16      0.00 8.556e-01 1.439e-01 8.330e-05 2.293e-05 2.095e-04 -1.000 5.114e-04 3.581 4.433 3.834 3.548 3.483 3.484 3.491
0.00069308 -1.35000 10.11394 0.7825114131 2.4124507504    0.781  0.512  3.7813  3.896    2  0.000  0.530     0.00     0.00     0.00     0.00     0.00 -1 -7.47e-16      0.00 8.506e-01 1.489e-01 8.639e-05 2.377e-05 2.172e-04 -1.000 4.936e-04 3.489 4.377 3.759 3.450 3.374 3.368 3.373
0.00069308 -1.35000 10.11394 0.7840357423 2.4130103894    0.783  0.544  3.7737  3.834    2  0.000  0.531     0.00     0.00     0.00     0.00     0.00 -1  -1.5e-15      0.00 8.300e-01 1.695e-01 9.674e-05 2.658e-05 2.426e-04 -1.000 5.284e-04 3.410 4.345 3.699 3.365 3.277 3.264 3.266
0.00069308 -1.35000 10.11394 0.7852713466 2.4134621936    0.784  0.572  3.7655  3.774    2  0.000  0.533     0.00     0.00     0.00     0.00     0.00 -1 -2.69e-15      0.00 8.060e-01 1.934e-01 1.070e-04 2.934e-05 2.674e-04 -1.000 6.135e-04 3.339 4.329 3.652 3.289 3.189 3.167 3.166
0.00069308 -1.35000 10.11394 0.7863521576 2.4138560583    0.785  0.603  3.7568  3.709    2  0.000  0.535     0.00     0.00     0.00     0.00     0.00 -1 -1.38e-17      0.00 7.882e-01 2.111e-01 1.141e-04 3.124e-05 2.844e-04 -1.000 6.504e-04 3.263 4.315 3.601 3.209 3.095 3.064 3.060
0.00069308 -1.35000 10.11394 0.7871974707 2.4141632373    0.786  0.636  3.7499  3.649    2  0.000  0.536     0.00     0.00     0.00     0.00     0.00 -1 -3.04e-17      0.00 7.788e-01 2.205e-01 1.179e-04 3.226e-05 2.934e-04 -1.000 6.513e-04 3.179 4.285 3.540 3.124 2.999 2.962 2.954
0.00069308 -1.35000 10.11394 0.7878556252 2.4144018797    0.786  0.671  3.7451  3.594    2  0.000  0.536     0.00     0.00     0.00     0.00     0.00 -1 -5.77e-17      0.00 7.736e-01 2.257e-01 1.200e-04 3.282e-05 2.984e-04 -1.000 6.636e-04 3.091 4.236 3.469 3.036 2.904 2.861 2.852
0.00069308 -1.35000 10.11394 0.7884076238 2.4146016775    0.787  0.708  3.7416  3.544    2  0.000  0.536     0.00     0.00     0.00     0.00     0.00 -1 -1.01e-16      0.00 7.704e-01 2.290e-01 1.213e-04 3.317e-05 3.016e-04 -1.000 6.827e-04 3.000 4.172 3.390 2.945 2.808 2.761 2.750
0.00069308 -1.35000 10.11394 0.7885040045 2.4146365298    0.787  0.714  3.7410  3.536    2  0.000  0.536     0.00     0.00     0.00     0.00     0.00 -1 -1.11e-16      0.00 7.698e-01 2.295e-01 1.215e-04 3.323e-05 3.021e-04 -1.000 6.721e-04 2.984 4.161 3.376 2.929 2.791 2.744 2.733
0.00069308 -1.35000 10.11394 0.7886103392 2.4146749703    0.787  0.723  3.7405  3.525    2  0.000  0.537     0.00     0.00     0.00     0.00     0.00 -1 -1.25e-16      0.00 7.693e-01 2.300e-01 1.218e-04 3.328e-05 3.025e-04 -1.000 6.846e-04 2.964 4.144 3.357 2.909 2.770 2.722 2.710
0.00069308 -1.35000 10.11394 0.7891702652 2.4148771894    0.787  0.768  3.7378  3.470    3  0.000  0.537     0.00     0.00     0.00     0.00     0.00 -1 -2.24e-16      0.00 7.666e-01 2.327e-01 1.227e-04 3.353e-05 3.048e-04 -1.000 7.288e-04 2.851 4.054 3.254 2.797 2.654 2.603 2.590
0.00069308 -1.35000 10.11394 0.7896423936 2.4150474439    0.788  0.809  3.7358  3.420    3  0.000  0.537     0.00     0.00     0.00     0.00     0.00 -1 -3.72e-16      0.00 7.645e-01 2.348e-01 1.233e-04 3.371e-05 3.064e-04 -1.000 6.669e-04 2.747 3.968 3.157 2.694 2.548 2.495 2.481
0.00069308 -1.35000 10.11394 0.7901667356 2.4152362529    0.788  0.859  3.7338  3.363    3  0.000  0.537     0.00     0.00     0.00     0.00     0.00 -1 -6.63e-16      0.00 7.623e-01 2.370e-01 1.239e-04 3.387e-05 3.078e-04 -1.000 6.977e-04 2.621 3.859 3.039 2.570 2.421 2.365 2.350
0.00069308 -1.35000 10.11394 0.7906517386 2.4154106401    0.789  0.909  3.7320  3.306    3  0.000  0.537     0.00     0.00     0.00     0.00     0.00 -1 -1.15e-15      0.00 7.604e-01 2.390e-01 1.244e-04 3.400e-05 3.090e-04 -1.000 6.869e-04 2.496 3.750 2.920 2.446 2.294 2.236 2.220
0.00069308 -1.35000 10.11394 0.7911387086 2.4155854872    0.789  0.964  3.7303  3.244    3  0.000  0.537     0.00     0.00     0.00     0.00     0.00 -1 -2.02e-15      0.00 7.583e-01 2.410e-01 1.248e-04 3.412e-05 3.100e-04 -1.000 7.249e-04 2.360 3.627 2.790 2.310 2.156 2.096 2.079
0.00069308 -1.35000 10.11394 0.7915703058 2.4157402458    0.790  1.017  3.7287  3.186    3  0.000  0.536     0.00     0.00     0.00     0.00     0.00 -1 -3.39e-15      0.00 7.566e-01 2.427e-01 1.250e-04 3.423e-05 3.108e-04 -1.000 6.784e-04 2.228 3.510 2.665 2.180 2.023 1.962 1.944
0.00069308 -1.35000 10.11394 0.7919366956 2.4158714707    0.790  1.065  3.7272  3.131    3  0.000  0.535     0.00     0.00     0.00     0.00     0.00 -1 -5.34e-15      0.00 7.550e-01 2.443e-01 1.250e-04 3.434e-05 3.114e-04 -1.000 7.028e-04 2.106 3.401 2.549 2.060 1.901 1.837 1.819
0.00069308 -1.35000 10.11394 0.7922235727 2.4159741202    0.790  1.107  3.7260  3.085    3  0.000  0.535     0.00     0.00     0.00     0.00     0.00 -1  -7.7e-15      0.00 7.539e-01 2.455e-01 1.249e-04 3.446e-05 3.118e-04 -1.000 6.731e-04 2.003 3.309 2.451 1.958 1.797 1.732 1.713
0.00069308 -1.35000 10.11394 0.7925414443 2.4160877601    0.790  1.156  3.7245  3.030    3  0.000  0.533     0.00     0.00     0.00     0.00     0.00 -1 -1.17e-14      0.00 7.526e-01 2.467e-01 1.247e-04 3.466e-05 3.121e-04 -1.000 7.298e-04 1.879 3.198 2.332 1.835 1.672 1.605 1.585
0.00069308 -1.35000 10.11394 0.7928454280 2.4161963372    0.791  1.208  3.7229  2.971    3  0.000  0.531     0.00     0.00     0.00     0.00     0.00 -1 -1.78e-14      0.00 7.515e-01 2.478e-01 1.244e-04 3.498e-05 3.125e-04 -1.000 6.993e-04 1.749 3.083 2.209 1.706 1.541 1.472 1.451
0.00069308 -1.35000 10.11394 0.7931209207 2.4162946551    0.791  1.260  3.7212  2.913    3  0.000  0.529     0.00     0.00     0.00     0.00     0.00 -1 -2.64e-14      0.00 7.506e-01 2.487e-01 1.240e-04 3.534e-05 3.127e-04 -1.000 7.097e-04 1.620 2.969 2.086 1.578 1.410 1.339 1.317
0.00069308 -1.35000 10.11394 0.7933614850 2.4163804435    0.791  1.310  3.7196  2.856    3  0.000  0.527     0.00     0.00     0.00     0.00     0.00 -1 -3.78e-14      0.00 7.499e-01 2.494e-01 1.236e-04 3.574e-05 3.129e-04 -1.000 6.871e-04 1.495 2.861 1.968 1.455 1.284 1.211 1.188
0.00069308 -1.35000 10.11394 0.7935790420 2.4164579758    0.791  1.359  3.7178  2.800    3  0.000  0.526     0.00     0.00     0.00     0.00     0.00 -1 -5.32e-14      0.00 7.494e-01 2.499e-01 1.232e-04 3.608e-05 3.130e-04 -1.000 7.296e-04 1.372 2.756 1.853 1.334 1.160 1.085 1.061
0.00069308 -1.35000 10.11394 0.7937747836 2.4165276917    0.791  1.408  3.7161  2.745    3  0.000  0.524     0.00     0.00     0.00     0.00     0.00 -1 -7.34e-14      0.00 7.490e-01 2.503e-01 1.230e-04 3.635e-05 3.131e-04 -1.000 6.911e-04 1.251 2.653 1.740 1.214 1.038 0.960 0.936
0.00069308 -1.35000 10.11394 0.7939566374 2.4165924260    0.791  1.457  3.7143  2.688    3  0.000  0.524     0.00     0.00     0.00     0.00     0.00 -1 -1.01e-13      0.00 7.488e-01 2.505e-01 1.228e-04 3.653e-05 3.132e-04 -1.000 6.939e-04 1.127 2.548 1.624 1.092 0.913 0.833 0.807
0.00069308 -1.35000 10.11394 0.7941176295 2.4166497056    0.791  1.506  3.7124  2.632    3  0.000  0.523     0.00     0.00     0.00     0.00     0.00 -1 -1.35e-13      0.00 7.487e-01 2.506e-01 1.228e-04 3.662e-05 3.132e-04 -1.000 6.918e-04 1.006 2.447 1.512 0.973 0.791 0.709 0.682
0.00069308 -1.35000 10.11394 0.7942677736 2.4167031016    0.791  1.555  3.7105  2.575    3  0.000  0.523     0.00     0.00     0.00     0.00     0.00 -1  -1.8e-13      0.00 7.487e-01 2.506e-01 1.228e-04 3.664e-05 3.132e-04 -1.000 6.881e-04 0.883 2.343 1.397 0.852 0.666 0.582 0.554
0.00069308 -1.35000 10.11394 0.7944005132 2.4167502886    0.791  1.603  3.7085  2.519    3  0.000  0.523     0.00     0.00     0.00     0.00     0.00 -1 -2.36e-13      0.00 7.487e-01 2.507e-01 1.228e-04 3.665e-05 3.132e-04 -1.000 6.878e-04 0.763 2.245 1.287 0.735 0.546 0.459 0.430
0.00069308 -1.35000 10.11394 0.7945188880 2.4167923539    0.791  1.649  3.7066  2.465    3  0.000  0.523     0.00     0.00     0.00     0.00     0.00 -1 -3.05e-13      0.00 7.486e-01 2.507e-01 1.227e-04 3.665e-05 3.132e-04 -1.000 6.878e-04 0.646 2.152 1.181 0.620 0.428 0.339 0.309
0.00069308 -1.35000 10.11394 0.7946286798 2.4168313562    0.791  1.697  3.7046  2.410    3  0.000  0.523     0.00     0.00     0.00     0.00     0.00 -1 -3.92e-13      0.00 7.486e-01 2.507e-01 1.227e-04 3.666e-05 3.132e-04 -1.000 6.878e-04 0.529 2.060 1.073 0.504 0.308 0.217 0.186
0.00069308 -1.35000 10.11394 0.7947261333 2.4168659652    0.791  1.742  3.7025  2.356    3  0.000  0.523     0.00     0.00     0.00     0.00     0.00 -1 -4.96e-13      0.00 7.486e-01 2.507e-01 1.227e-04 3.666e-05 3.132e-04 -1.000 6.879e-04 0.415 1.973 0.969 0.392 0.193 0.099 0.067
0.00069308 -1.35000 10.11394 0.7948180437 2.4168985966    0.790  1.789  3.7005  2.301    3  0.000  0.523     0.00     0.00     0.00     0.00     0.00 -1 -6.26e-13      0.00 7.486e-01 2.507e-01 1.227e-04 3.667e-05 3.132e-04 -1.000 6.879e-04 0.298 1.884 0.864 0.277 0.074 -0.022 -0.055
0.00069308 -1.35000 10.11394 0.7949008346 2.4169279829    0.790  1.834  3.6984  2.247    3  0.000  0.523     0.00     0.00     0.00     0.00     0.00 -1 -7.83e-13      0.00 7.486e-01 2.507e-01 1.227e-04 3.667e-05 3.132e-04 -1.000 6.879e-04 0.185 1.800 0.762 0.166 -0.040 -0.139 -0.173
0.00069308 -1.35000 10.11394 0.7949782014 2.4169554376    0.790  1.880  3.6962  2.193    3  0.000  0.523     0.00     0.00     0.00     0.00     0.00 -1 -9.75e-13      0.00 7.486e-01 2.507e-01 1.227e-04 3.667e-05 3.132e-04 -1.000 6.878e-04 0.071 1.716 0.660 0.056 -0.155 -0.257 -0.292
0.00069308 -1.35000 10.11394 0.7950524092 2.4169817654    0.790  1.926  3.6940  2.138    3  0.000  0.523     0.00     0.00     0.00     0.00     0.00 -1 -1.21e-12      0.00 7.486e-01 2.507e-01 1.227e-04 3.668e-05 3.132e-04 -1.000 6.879e-04 -0.044 1.632 0.558 -0.056 -0.271 -0.375 -0.412
0.00069308 -1.35000 10.11394 0.7951285243 2.4170087641    0.789  1.969  3.6918  2.086    3  0.000  0.523     0.00     0.00     0.00     0.00     0.00 -1  -1.5e-12      0.00 7.486e-01 2.507e-01 1.227e-04 3.668e-05 3.132e-04 -1.000 6.879e-04 -0.151 1.555 0.463 -0.161 -0.379 -0.486 -0.524
0.00069308 -1.35000 10.11394 0.7951976061 2.4170332629    0.789  1.995  3.6907  2.055    3  0.000  0.523     0.00     0.00     0.00     0.00     0.00 -1 -1.75e-12      0.00 7.486e-01 2.507e-01 1.227e-04 3.668e-05 3.133e-04 -1.000 6.879e-04 -0.218 1.505 0.403 -0.226 -0.446 -0.555 -0.594
0.00069308 -1.35000 10.11394 0.7952495813 2.4170516918    0.789  1.979  3.6918  2.075    3  0.000  0.523     0.00     0.00     0.00     0.00     0.00 -1 -1.75e-12      0.00 7.486e-01 2.507e-01 1.227e-04 3.669e-05 3.133e-04 -1.000 6.879e-04 -0.179 1.529 0.436 -0.188 -0.406 -0.514 -0.552
0.00069308 -1.35000 10.11394 0.7952530384 2.4170529175    0.789  1.978  3.6919  2.076    3  0.000  0.523     0.00     0.00     0.00     0.00     0.00 -1 -1.74e-12      0.00 7.486e-01 2.507e-01 1.227e-04 3.669e-05 3.133e-04 -1.000 6.879e-04 -0.176 1.530 0.438 -0.186 -0.404 -0.511 -0.549
0.00069308 -1.35000 10.11394 0.7952733040 2.4170601023    0.788  1.995  3.6911  2.056    3  0.000  0.523     0.00     0.00     0.00     0.00     0.00 -1 -1.87e-12      0.00 7.486e-01 2.507e-01 1.227e-04 3.669e-05 3.133e-04 -1.000 6.879e-04 -0.218 1.501 0.402 -0.226 -0.446 -0.554 -0.592
0.00069308 -1.35000 10.11394 0.7953222990 2.4170774708    0.788  2.037  3.6889  2.006    3  0.000  0.523     0.00     0.00     0.00     0.00     0.00 -1 -2.24e-12      0.00 7.486e-01 2.507e-01 1.227e-04 3.669e-05 3.133e-04 -1.000 6.880e-04 -0.322 1.428 0.311 -0.326 -0.550 -0.661 -0.701
0.00069308 -1.35000 10.11394 0.7953671217 2.4170933581    0.788  2.077  3.6868  1.956    3  0.000  0.523     0.00     0.00     0.00     0.00     0.00 -1 -2.67e-12      0.00 7.486e-01 2.507e-01 1.227e-04 3.669e-05 3.133e-04 -1.000 6.879e-04 -0.423 1.364 0.224 -0.424 -0.651 -0.765 -0.806
0.00069308 -1.35000 10.11394 0.7954100370 2.4171085675    0.787  2.119  3.6846  1.906    3  0.000  0.523     0.00     0.00     0.00     0.00     0.00 -1 -3.19e-12      0.00 7.486e-01 2.508e-01 1.227e-04 3.669e-05 3.133e-04 -1.000 6.879e-04 -0.527 1.304 0.135 -0.525 -0.756 -0.873 -0.916
0.00069308 -1.35000 10.11394 0.7954495549 2.4171225710    0.787  2.160  3.6823  1.855    3  0.000  0.523     0.00     0.00     0.00     0.00     0.00 -1  -3.8e-12      0.00 7.486e-01 2.508e-01 1.227e-04 3.669e-05 3.133e-04 -1.000 6.879e-04 -0.629 1.252 0.049 -0.626 -0.861 -0.980 -1.024
0.00069308 -1.35000 10.11394 0.7954862118 2.4171355594    0.787  2.201  3.6800  1.805    3  0.000  0.523     0.00     0.00     0.00     0.00     0.00 -1 -4.53e-12      0.00 7.486e-01 2.508e-01 1.227e-04 3.670e-05 3.133e-04 -1.000 6.880e-04 -0.733 1.202 -0.037 -0.727 -0.966 -1.088 -1.134
0.00069308 -1.35000 10.11394 0.7955184579 2.4171469837    0.786  2.240  3.6777  1.757    3  0.000  0.523     0.00     0.00     0.00     0.00     0.00 -1 -5.32e-12      0.00 7.486e-01 2.508e-01 1.227e-04 3.670e-05 3.133e-04 -1.000 6.879e-04 -0.830 1.160 -0.116 -0.822 -1.065 -1.190 -1.237
0.00069308 -1.35000 10.11394 0.7955496907 2.4171580481    0.786  2.280  3.6754  1.706    3  0.000  0.523     0.00     0.00     0.00     0.00     0.00 -1 -6.29e-12      0.00 7.485e-01 2.508e-01 1.227e-04 3.670e-05 3.133e-04 -1.000 6.880e-04 -0.931 1.118 -0.197 -0.921 -1.167 -1.295 -1.344
0.00069308 -1.35000 10.11394 0.7955836654 2.4171700826    0.785  2.328  3.6725  1.647    3  0.000  0.523     0.00     0.00     0.00     0.00     0.00 -1 -7.64e-12      0.00 7.485e-01 2.508e-01 1.227e-04 3.670e-05 3.133e-04 -1.000 6.880e-04 -1.050 1.073 -0.291 -1.036 -1.288 -1.420 -1.470
0.00069308 -1.35000 10.11394 0.7956094146 2.4171792027    0.784  2.367  3.6702  1.598    3  0.000  0.523     0.00     0.00     0.00     0.00     0.00 -1 -8.94e-12      0.00 7.485e-01 2.508e-01 1.227e-04 3.670e-05 3.133e-04 -1.000 6.880e-04 -1.148 1.039 -0.367 -1.131 -1.387 -1.522 -1.574
0.00069308 -1.35000 10.11394 0.7956376076 2.4171891876    0.783  2.413  3.6673  1.540    3  0.000  0.523     0.00     0.00     0.00     0.00     0.00 -1 -1.08e-11      0.00 7.485e-01 2.508e-01 1.227e-04 3.670e-05 3.133e-04 -1.000 6.880e-04 -1.263 1.008 -0.454 -1.242 -1.504 -1.642 -1.696
0.00069308 -1.35000 10.11394 0.7956588268 2.4171967021    0.783  2.451  3.6649  1.492    3  0.000  0.523     0.00     0.00     0.00     0.00     0.00 -1 -1.25e-11      0.00 7.485e-01 2.508e-01 1.227e-04 3.670e-05 3.133e-04 -1.000 6.879e-04 -1.357 0.986 -0.523 -1.332 -1.598 -1.739 -1.795
0.00069308 -1.35000 10.11394 0.7956827879 2.4172051870    0.782  2.496  3.6620  1.435    3  0.000  0.523     0.00     0.00     0.00     0.00     0.00 -1 -1.49e-11      0.00 7.485e-01 2.508e-01 1.227e-04 3.670e-05 3.133e-04 -1.000 6.880e-04 -1.471 0.969 -0.603 -1.440 -1.712 -1.857 -1.915
0.00069308 -1.35000 10.11394 0.7957043648 2.4172128272    0.781  2.541  3.6591  1.379    3  0.000  0.523     8.60     6.61     4.65     3.61     2.92  3 -1.78e-11      0.00 7.485e-01 2.508e-01 1.227e-04 3.671e-05 3.133e-04 -1.000 6.880e-04 -1.581 0.959 -0.679 -1.544 -1.822 -1.972 -2.032
0.00069308 -1.35000 10.11394 0.7957243323 2.4172198971    0.780  2.585  3.6562  1.322    3  0.000  0.523     9.70     7.32     5.13     3.98     3.23  3 -2.11e-11      0.00 7.485e-01 2.508e-01 1.227e-04 3.671e-05 3.133e-04 -1.000 6.879e-04 -1.692 0.946 -0.752 -1.644 -1.930 -2.084 -2.147
0.00069308 -1.35000 10.11394 0.7957420349 2.4172261647    0.779  2.627  3.6533  1.267    3  0.000  0.523    10.87     8.07     5.63     4.38     3.55  3 -2.49e-11      0.00 7.485e-01 2.508e-01 1.227e-04 3.671e-05 3.133e-04 -1.000 6.879e-04 -1.798 0.925 -0.823 -1.738 -2.032 -2.191 -2.256
0.00069308 -1.35000 10.11394 0.7957588434 2.4172321155    0.777  2.670  3.6504  1.212    3  0.000  0.523    12.23     8.92     6.20     4.83     3.91  3 -2.94e-11      0.00 7.485e-01 2.508e-01 1.227e-04 3.671e-05 3.133e-04 -1.000 6.880e-04 -1.905 0.905 -0.895 -1.835 -2.136 -2.300 -2.368
0.00069308 -1.35000 10.11394 0.7957741618 2.4172375384    0.776  2.712  3.6474  1.157    3  0.000  0.523    13.73     9.85     6.81     5.31     4.30  2 -3.46e-11      0.00 7.485e-01 2.508e-01 1.227e-04 3.671e-05 3.133e-04 -1.000 6.880e-04 -2.011 0.888 -0.964 -1.927 -2.237 -2.406 -2.476
0.00069308 -1.35000 10.11394 0.7957879901 2.4172424336    0.774  2.753  3.6446  1.104    3  0.000  0.523    15.35    10.83     7.45     5.83     4.72  2 -4.04e-11      0.00 7.485e-01 2.508e-01 1.227e-04 3.671e-05 3.133e-04 -1.000 6.880e-04 -2.113 0.873 -1.029 -2.016 -2.333 -2.508 -2.580
0.00069308 -1.35000 10.11394 0.7958009243 2.4172470122    0.773  2.794  3.6417  1.051    3  0.000  0.523    17.17    11.91     8.16     6.39     5.18  2 -4.72e-11      0.00 7.485e-01 2.508e-01 1.227e-04 3.671e-05 3.133e-04 -1.000 6.880e-04 -2.214 0.860 -1.094 -2.105 -2.430 -2.609 -2.684
0.00069308 -1.35000 10.11394 0.7958133221 2.4172514007    0.771  2.836  3.6387  0.996    3  0.000  0.523    19.28    13.15     8.97     7.03     5.70  2 -5.54e-11      0.00 7.485e-01 2.508e-01 1.227e-04 3.671e-05 3.133e-04 -1.000 6.880e-04 -2.319 0.851 -1.157 -2.194 -2.528 -2.713 -2.790
0.00069308 -1.35000 10.11394 0.7958237529 2.4172550928    0.769  2.873  3.6359  0.947    3  0.000  0.523    21.41    14.38     9.77     7.67     6.22  2 -6.39e-11      0.00 7.485e-01 2.508e-01 1.227e-04 3.671e-05 3.133e-04 -1.000 6.880e-04 -2.413 0.851 -1.209 -2.273 -2.616 -2.806 -2.886
0.00069308 -1.35000 10.11394 0.7958341241 2.4172587637    0.767  2.913  3.6331  0.894    3  0.000  0.523    23.90    15.79    10.68     8.40     6.81  2 -7.42e-11      0.00 7.485e-01 2.508e-01 1.227e-04 3.671e-05 3.133e-04 -1.000 6.880e-04 -2.512 0.851 -1.262 -2.356 -2.708 -2.905 -2.986
0.00069308 -1.35000 10.11394 0.7958437800 2.4172621814    0.765  2.952  3.6301  0.842    3  0.000  0.523    26.70    17.35    11.69     9.20     7.46  1 -8.62e-11      0.00 7.485e-01 2.508e-01 1.227e-04 3.671e-05 3.133e-04 -1.000 6.880e-04 -2.611 0.855 -1.313 -2.437 -2.800 -3.002 -3.086
0.00069308 -1.35000 10.11394 0.7958522439 2.4172651770    0.763  2.989  3.6273  0.793    3  0.000  0.523    29.62    18.95    12.71    10.02     8.13  1 -9.91e-11      0.00 7.485e-01 2.508e-01 1.227e-04 3.671e-05 3.133e-04 -1.000 6.880e-04 -2.702 0.859 -1.358 -2.510 -2.883 -3.091 -3.178
0.00069308 -1.35000 10.11394 0.7958604097 2.4172680671    0.760  3.026  3.6246  0.743    3  0.000  0.523    32.91    20.72    13.85    10.93     8.87  1 -1.14e-10      0.00 7.485e-01 2.508e-01 1.227e-04 3.671e-05 3.133e-04 -1.000 6.880e-04 -2.796 0.861 -1.405 -2.586 -2.969 -3.183 -3.272
0.00069308 -1.35000 10.11394 0.7958682775 2.4172708516    0.757  3.065  3.6217  0.691    3  0.000  0.523    36.67    22.71    15.12    11.95     9.70  1 -1.32e-10      0.00 7.485e-01 2.508e-01 1.227e-04 3.671e-05 3.133e-04 -1.000 6.880e-04 -2.891 0.866 -1.450 -2.662 -3.056 -3.276 -3.368
0.00069308 -1.35000 10.11394 0.7958751917 2.4172732986    0.754  3.100  3.6190  0.643    3  0.000  0.523    40.58    24.75    16.40    12.99    10.54  1 -1.51e-10      0.00 7.485e-01 2.508e-01 1.227e-04 3.671e-05 3.133e-04 -1.000 6.880e-04 -2.981 0.869 -1.493 -2.733 -3.137 -3.363 -3.457
0.00069308 -1.35000 10.11394 0.7958821058 2.4172757455    0.751  3.138  3.6162  0.593    3  0.000  0.523    45.14    27.08    17.88    14.18    11.51  1 -1.74e-10      0.00 7.485e-01 2.508e-01 1.227e-04 3.671e-05 3.133e-04 -1.000 6.880e-04 -3.074 0.872 -1.535 -2.806 -3.220 -3.453 -3.549
0.00069308 -1.35000 10.11394 0.7958884835 2.4172780025    0.748  3.174  3.6134  0.543    3  0.000  0.523    50.10    29.59    19.45    15.45    12.54  1 -1.99e-10      0.00 7.485e-01 2.508e-01 1.227e-04 3.671e-05 3.133e-04 -1.000 6.880e-04 -3.165 0.873 -1.576 -2.877 -3.302 -3.541 -3.640
0.00069308 -1.35000 10.11394 0.7958944440 2.4172801119    0.744  3.210  3.6107  0.494    3  0.000  0.523    55.59    32.31    21.15    16.82    13.66  1 -2.29e-10      0.00 7.485e-01 2.508e-01 1.227e-04 3.671e-05 3.133e-04 -1.000 6.880e-04 -3.255 0.875 -1.613 -2.946 -3.382 -3.627 -3.729
0.00069308 -1.35000 10.11394 0.7959000468 2.4172820946    0.740  3.245  3.6080  0.445    3  0.000  0.523    61.59    35.22    22.97    18.29    14.86  1 -2.61e-10      0.00 7.485e-01 2.508e-01 1.227e-04 3.671e-05 3.133e-04 -1.000 6.880e-04 -3.344 0.873 -1.642 -3.010 -3.460 -3.712 -3.816
0.00069308 -1.35000 10.11394 0.7959052920 2.4172839508    0.735  3.279  3.6054  0.399    3  0.000  0.523    67.95    38.27    24.86    19.83    16.11  1 -2.98e-10      0.00 7.485e-01 2.508e-01 1.227e-04 3.672e-05 3.133e-04 -1.000 6.880e-04 -3.428 0.869 -1.668 -3.070 -3.534 -3.793 -3.900
0.00069308 -1.35000 10.11394 0.7959111333 2.4172860178    0.729  3.316  3.6026  0.347    3  0.000  0.523    75.71    41.91    27.11    21.66    17.60  1 -3.44e-10      0.00 7.485e-01 2.508e-01 1.227e-04 3.672e-05 3.133e-04 -1.000 6.880e-04 -3.520 0.866 -1.697 -3.137 -3.615 -3.881 -3.991
0.00069308 -1.35000 10.11394 0.7959111333 2.4172860178    0.723  1.714  3.7645  2.593    4  0.000  0.521     0.00     0.00     0.00     0.00     0.00 -1    -1e-30      0.00 7.413e-01 2.580e-01 1.250e-04 3.816e-05 3.202e-04 -1.000 7.356e-04 0.485 1.448 0.765 0.426 0.333 0.308 0.305
0.00069308 -1.35000 10.11394 0.7959636450 2.4173045986    0.723  1.731  3.7624  2.568    4  0.000  0.521     0.00     0.00     0.00     0.00     0.00 -1    -1e-30      0.00 7.413e-01 2.580e-01 1.250e-04 3.816e-05 3.202e-04 -1.000 7.356e-04 0.444 1.422 0.732 0.385 0.288 0.261 0.257
0.00069308 -1.35000 10.11394 0.7960125208 2.4173218904    0.723  1.733  3.7625  2.567    4  0.000  0.521     0.00     0.00     0.00     0.00     0.00 -1    -1e-30      0.00 7.413e-01 2.580e-01 1.250e-04 3.816e-05 3.202e-04 -1.000 7.356e-04 0.438 1.415 0.726 0.380 0.283 0.256 0.252
0.00069308 -1.35000 10.11394 0.7960621119 2.4173394326    0.723  1.733  3.7630  2.568    4  0.000  0.521     0.00     0.00     0.00     0.00     0.00 -1    -1e-30      0.00 7.413e-01 2.580e-01 1.250e-04 3.816e-05 3.202e-04 -1.000 7.356e-04 0.436 1.409 0.722 0.378 0.282 0.255 0.251
0.00069308 -1.35000 10.11394 0.7961124182 2.4173572254    0.723  1.734  3.7639  2.571    4  0.000  0.521     0.00     0.00     0.00     0.00     0.00 -1    -1e-30      0.00 7.413e-01 2.580e-01 1.250e-04 3.816e-05 3.202e-04 -1.000 7.356e-04 0.436 1.403 0.718 0.377 0.283 0.257 0.254
0.00069308 -1.35000 10.11394 0.7961636782 2.4173753528    0.723  1.733  3.7651  2.577    4  0.000  0.521     0.00     0.00     0.00     0.00     0.00 -1    -1e-30      0.00 7.413e-01 2.580e-01 1.250e-04 3.816e-05 3.202e-04 -1.000 7.356e-04 0.437 1.395 0.714 0.378 0.285 0.261 0.258
0.00069308 -1.35000 10.11394 0.7962144613 2.4173933089    0.723  1.732  3.7666  2.583    4  0.000  0.521     0.00     0.00     0.00     0.00     0.00 -1    -1e-30      0.00 7.413e-01 2.580e-01 1.250e-04 3.816e-05 3.202e-04 -1.000 7.356e-04 0.439 1.387 0.711 0.380 0.290 0.267 0.265
0.00069308 -1.35000 10.11394 0.7962656021 2.4174113888    0.723  1.731  3.7684  2.592    4  0.000  0.521     0.00     0.00     0.00     0.00     0.00 -1    -1e-30      0.00 7.413e-01 2.580e-01 1.250e-04 3.816e-05 3.202e-04 -1.000 7.356e-04 0.442 1.378 0.707 0.382 0.296 0.274 0.273
0.00069308 -1.35000 10.11394 0.7963178754 2.4174298663    0.723  1.730  3.7703  2.601    4  0.000  0.521     0.00     0.00     0.00     0.00     0.00 -1    -1e-30      0.00 7.413e-01 2.580e-01 1.250e-04 3.816e-05 3.202e-04 -1.000 7.356e-04 0.446 1.367 0.703 0.386 0.302 0.283 0.282
0.00069308 -1.35000 10.11394 0.7963700891 2.4174483199    0.723  1.728  3.7723  2.610    4  0.000  0.521     0.00     0.00     0.00     0.00     0.00 -1    -1e-30      0.00 7.413e-01 2.580e-01 1.250e-04 3.816e-05 3.202e-04 -1.000 7.356e-04 0.449 1.357 0.699 0.389 0.309 0.292 0.292
0.00069308 -1.35000 10.11394 0.7964181900 2.4174653176    0.724  1.727  3.7740  2.618    4  0.000  0.521     0.00     0.00     0.00     0.00     0.00 -1    -1e-30      0.00 7.413e-01 2.580e-01 1.250e-04 3.816e-05 3.202e-04 -1.000 7.356e-04 0.452 1.348 0.695 0.392 0.315 0.299 0.300
0.00069308 -1.35000 10.11394 0.7964672446 2.4174826498    0.724  1.726  3.7757  2.626    4  0.000  0.521     0.00     0.00     0.00     0.00     0.00 -1    -1e-30      0.00 7.413e-01 2.580e-01 1.250e-04 3.816e-05 3.202e-04 -1.000 7.356e-04 0.454 1.339 0.692 0.394 0.321 0.306 0.308
0.00069308 -1.35000 10.11394 0.7965199947 2.4175012850    0.724  1.725  3.7772  2.633    4  0.000  0.521     0.00     0.00     0.00     0.00     0.00 -1    -1e-30      0.00 7.413e-01 2.580e-01 1.250e-04 3.816e-05 3.202e-04 -1.000 7.356e-04 0.456 1.331 0.688 0.396 0.326 0.313 0.315
0.00069308 -1.35000 10.11394 0.7965724468 2.4175198121    0.724  1.725  3.7784  2.638    4  0.000  0.521     0.00     0.00     0.00     0.00     0.00 -1    -1e-30      0.00 7.413e-01 2.580e-01 1.250e-04 3.816e-05 3.202e-04 -1.000 7.356e-04 0.458 1.324 0.685 0.398 0.330 0.318 0.320
0.00069308 -1.35000 10.11394 0.7966223955 2.4175374523    0.724  1.724  3.7794  2.643    4  0.000  0.521     0.00     0.00     0.00     0.00     0.00 -1    -1e-30      0.00 7.413e-01 2.580e-01 1.250e-04 3.816e-05 3.202e-04 -1.000 7.356e-04 0.459 1.318 0.683 0.399 0.332 0.321 0.324
0.00069308 -1.35000 10.11394 0.7966277599 2.4175393467    0.724  1.724  3.7795  2.643    4  0.000  0.521     0.00     0.00     0.00     0.00     0.00 -1    -1e-30      0.00 7.413e-01 2.580e-01 1.250e-04 3.816e-05 3.202e-04 -1.000 7.356e-04 0.459 1.317 0.683 0.399 0.333 0.322 0.325
0.00069308 -1.35000 10.11394 0.7966337204 2.4175414515    0.724  1.724  3.7796  2.644    4  0.000  0.521     0.00     0.00     0.00     0.00     0.00 -1    -1e-30      0.00 7.413e-01 2.580e-01 1.250e-04 3.816e-05 3.202e-04 -1.000 7.356e-04 0.459 1.317 0.682 0.399 0.333 0.322 0.325
0.00069308 -1.35000 10.11394 0.7966858149 2.4175598463    0.724  1.724  3.7799  2.645    4  0.000  0.521     0.00     0.00     0.00     0.00     0.00 -1    -1e-30      0.00 7.413e-01 2.580e-01 1.250e-04 3.816e-05 3.202e-04 -1.000 7.356e-04 0.459 1.314 0.681 0.399 0.333 0.322 0.326
0.00069308 -1.35000 10.11394 0.7967398763 2.4175789326    0.724  1.725  3.7798  2.644    4  0.000  0.521     0.00     0.00     0.00     0.00     0.00 -1    -1e-30      0.00 7.413e-01 2.580e-01 1.250e-04 3.816e-05 3.202e-04 -1.000 7.356e-04 0.458 1.314 0.680 0.398 0.332 0.321 0.324
0.00069308 -1.35000 10.11394 0.7967909575 2.4175969641    0.724  1.726  3.7793  2.641    4  0.000  0.521     0.00     0.00     0.00     0.00     0.00 -1    -1e-30      0.00 7.413e-01 2.580e-01 1.250e-04 3.816e-05 3.202e-04 -1.000 7.356e-04 0.455 1.315 0.679 0.395 0.328 0.317 0.320
0.00069308 -1.35000 10.11394 0.7968423367 2.4176150980    0.724  1.727  3.7783  2.636    4  0.000  0.521     0.00     0.00     0.00     0.00     0.00 -1    -1e-30      0.00 7.413e-01 2.580e-01 1.250e-04 3.816e-05 3.202e-04 -1.000 7.356e-04 0.452 1.318 0.680 0.392 0.323 0.311 0.314
0.00069308 -1.35000 10.11394 0.7968936563 2.4176332083    0.724  1.729  3.7769  2.628    4  0.000  0.521     0.00     0.00     0.00     0.00     0.00 -1    -1e-30      0.00 7.413e-01 2.580e-01 1.250e-04 3.816e-05 3.202e-04 -1.000 7.356e-04 0.447 1.324 0.680 0.387 0.316 0.303 0.305
0.00069308 -1.35000 10.11394 0.7969441414 2.4176510214    0.724  1.731  3.7751  2.619    4  0.000  0.521     0.00     0.00     0.00     0.00     0.00 -1    -1e-30      0.00 7.413e-01 2.580e-01 1.250e-04 3.816e-05 3.202e-04 -1.000 7.356e-04 0.442 1.330 0.681 0.382 0.307 0.292 0.293
0.00069308 -1.35000 10.11394 0.7969954014 2.4176691053    0.724  1.734  3.7730  2.608    4  0.000  0.521     0.00     0.00     0.00     0.00     0.00 -1    -1e-30      0.00 7.413e-01 2.580e-01 1.250e-04 3.816e-05 3.202e-04 -1.000 7.356e-04 0.435 1.338 0.682 0.375 0.297 0.279 0.280
0.00069308 -1.35000 10.11394 0.7970048785 2.4176724484    0.724  1.735  3.7726  2.606    4  0.000  0.521     0.00     0.00     0.00     0.00     0.00 -1    -1e-30      0.00 7.413e-01 2.580e-01 1.250e-04 3.816e-05 3.202e-04 -1.000 7.356e-04 0.433 1.339 0.682 0.373 0.294 0.277 0.277
0.00069308 -1.35000 10.11394 0.7970142961 2.4176757704    0.724  1.735  3.7722  2.603    4  0.000  0.521     0.00     0.00     0.00     0.00     0.00 -1    -1e-30      0.00 7.413e-01 2.580e-01 1.250e-04 3.816e-05 3.202e-04 -1.000 7.356e-04 0.432 1.341 0.682 0.372 0.292 0.274 0.274
0.00069308 -1.35000 10.11394 0.7970616221 2.4176924632    0.724  1.739  3.7699  2.591    4  0.000  0.521     0.00     0.00     0.00     0.00     0.00 -1    -1e-30      0.00 7.413e-01 2.580e-01 1.250e-04 3.816e-05 3.202e-04 -1.000 7.356e-04 0.423 1.348 0.682 0.363 0.280 0.259 0.259
0.00069308 -1.35000 10.11394 0.7971080542 2.4177088384    0.724  1.742  3.7676  2.578    4  0.000  0.521     0.00     0.00     0.00     0.00     0.00 -1    -1e-30      0.00 7.413e-01 2.580e-01 1.250e-04 3.816e-05 3.202e-04 -1.000 7.356e-04 0.414 1.355 0.681 0.354 0.266 0.244 0.242
0.00069308 -1.35000 10.11394 0.7971561551 2.4177257999    0.724  1.747  3.7652  2.564    4  0.000  0.521     0.00     0.00     0.00     0.00     0.00 -1    -1e-30      0.00 7.413e-01 2.580e-01 1.250e-04 3.816e-05 3.202e-04 -1.000 7.356e-04 0.403 1.360 0.679 0.343 0.251 0.227 0.224
0.00069308 -1.35000 10.11394 0.7972052097 2.4177430952    0.724  1.752  3.7629  2.550    4  0.000  0.521     0.00     0.00     0.00     0.00     0.00 -1    -1e-30      0.00 7.413e-01 2.580e-01 1.250e-04 3.816e-05 3.202e-04 -1.000 7.356e-04 0.391 1.365 0.676 0.332 0.236 0.209 0.205
0.00069308 -1.35000 10.11394 0.7972514629 2.4177594006    0.724  1.757  3.7607  2.536    4  0.000  0.521     0.00     0.00     0.00     0.00     0.00 -1    -1e-30      0.00 7.413e-01 2.580e-01 1.250e-04 3.816e-05 3.202e-04 -1.000 7.356e-04 0.378 1.367 0.672 0.319 0.219 0.190 0.186
0.00069308 -1.35000 10.11394 0.7972994447 2.4177763131    0.725  1.763  3.7584  2.521    4  0.000  0.521     0.00     0.00     0.00     0.00     0.00 -1    -1e-30      0.00 7.413e-01 2.580e-01 1.250e-04 3.816e-05 3.202e-04 -1.000 7.356e-04 0.363 1.370 0.665 0.305 0.201 0.169 0.164
0.00069308 -1.35000 10.11394 0.7973462939 2.4177928241    0.725  1.768  3.7565  2.508    4  0.000  0.521     0.00     0.00     0.00     0.00     0.00 -1    -1e-30      0.00 7.413e-01 2.580e-01 1.250e-04 3.816e-05 3.202e-04 -1.000 7.356e-04 0.349 1.370 0.659 0.291 0.184 0.151 0.144
0.00069308 -1.35000 10.11394 0.7973930836 2.4178093119    0.725  1.774  3.7550  2.496    4  0.000  0.521     0.00     0.00     0.00     0.00     0.00 -1    -1e-30      0.00 7.413e-01 2.580e-01 1.250e-04 3.816e-05 3.202e-04 -1.000 7.356e-04 0.336 1.370 0.652 0.279 0.169 0.134 0.127
0.00069308 -1.35000 10.11394 0.7974403501 2.4178259654    0.725  1.783  3.7526  2.478    4  0.000  0.521     0.00     0.00     0.00     0.00     0.00 -1    -1e-30      0.00 7.413e-01 2.580e-01 1.250e-04 3.816e-05 3.202e-04 -1.000 7.356e-04 0.313 1.366 0.639 0.256 0.143 0.105 0.097
0.00069308 -1.35000 10.11394 0.7974898219 2.4178433936    0.725  1.795  3.7499  2.455    4  0.000  0.521     0.00     0.00     0.00     0.00     0.00 -1    -1e-30      0.00 7.413e-01 2.580e-01 1.250e-04 3.816e-05 3.202e-04 -1.000 7.356e-04 0.284 1.358 0.620 0.227 0.109 0.068 0.059
0.00069308 -1.35000 10.11394 0.7975383997 2.4178605043    0.725  1.809  3.7468  2.428    4  0.000  0.521     0.00     0.00     0.00     0.00     0.00 -1    -1e-30      0.00 7.413e-01 2.580e-01 1.250e-04 3.816e-05 3.202e-04 -1.000 7.356e-04 0.247 1.347 0.595 0.191 0.068 0.024 0.014
0.00069308 -1.35000 10.11394 0.7975854874 2.4178770879    0.725  1.841  3.7410  2.373    4  0.000  0.521     0.00     0.00     0.00     0.00     0.00 -1    -1e-30      0.00 7.413e-01 2.580e-01 1.250e-04 3.816e-05 3.202e-04 -1.000 7.356e-04 0.168 1.317 0.540 0.114 -0.019 -0.069 -0.082
0.00069308 -1.35000 10.11394 0.7976065874 2.4178845183    0.725  1.873  3.7356  2.320    4  0.000  0.521     0.00     0.00     0.00     0.00     0.00 -1    -1e-30      0.00 7.413e-01 2.580e-01 1.250e-04 3.816e-05 3.202e-04 -1.000 7.356e-04 0.089 1.289 0.482 0.036 -0.106 -0.162 -0.177
0.00069308 -1.35000 10.11394 0.7976179123 2.4178885062    0.725  1.907  3.7302  2.264    4  0.000  0.521     0.00     0.00     0.00     0.00     0.00 -1    -1e-30      0.00 7.413e-01 2.580e-01 1.250e-04 3.816e-05 3.202e-04 -1.000 7.356e-04 0.003 1.255 0.419 -0.048 -0.199 -0.260 -0.278
0.00069308 -1.35000 10.11394 0.7976233959 2.4178904371    0.725  1.940  3.7255  2.212    4  0.000  0.521     0.00     0.00     0.00     0.00     0.00 -1    -1e-30      0.00 7.413e-01 2.580e-01 1.250e-04 3.816e-05 3.202e-04 -1.000 7.356e-04 -0.080 1.222 0.356 -0.128 -0.287 -0.354 -0.374
0.00069308 -1.35000 10.11394 0.7976264954 2.4178915285    0.725  1.976  3.7208  2.157    4  0.000  0.521     0.00     0.00     0.00     0.00     0.00 -1    -1e-30      0.00 7.413e-01 2.580e-01 1.250e-04 3.816e-05 3.202e-04 -1.000 7.356e-04 -0.171 1.182 0.287 -0.217 -0.384 -0.456 -0.478
0.00069308 -1.35000 10.11394 0.7976281643 2.4178921162    0.725  2.011  3.7168  2.106    4  0.000  0.521     0.00     0.00     0.00     0.00     0.00 -1    -1e-30      0.00 7.413e-01 2.580e-01 1.250e-04 3.816e-05 3.202e-04 -1.000 7.356e-04 -0.257 1.142 0.220 -0.300 -0.474 -0.551 -0.575
0.00069308 -1.35000 10.11394 0.7976289988 2.4178924100    0.725  2.037  3.7140  2.069    4  0.000  0.521     0.00     0.00     0.00     0.00     0.00 -1    -1e-30      0.00 7.413e-01 2.580e-01 1.250e-04 3.816e-05 3.202e-04 -1.000 7.356e-04 -0.322 1.111 0.169 -0.363 -0.541 -0.621 -0.647
0.00069308 -1.35000 10.11394 0.7976290584 2.4178924310    0.725  2.038  3.7139  2.068    7  0.000  0.521     0.00     0.00     0.00     0.00     0.00 -1 -9.84e-10      0.00 7.413e-01 2.564e-01 1.250e-04 3.816e-05 3.202e-04 -1.000 2.336e-03 -0.324 1.109 0.167 -0.365 -0.543 -0.623 -0.649
0.00069308 -1.35000 10.11394 0.7976292968 2.4178925149    0.725  2.049  3.7128  2.052    7  0.000  0.521     0.00     0.00     0.00     0.00     0.00 -1 -1.06e-09      0.00 7.413e-01 2.564e-01 1.250e-04 3.816e-05 3.202e-04 -1.000 2.336e-03 -0.352 1.094 0.144 -0.392 -0.573 -0.654 -0.681
0.00069308 -1.35000 10.11394 0.7976303101 2.4178928717    0.725  2.089  3.7089  1.997    7  0.000  0.521     0.00     0.00     0.00     0.00     0.00 -1 -1.36e-09      0.00 7.413e-01 2.564e-01 1.250e-04 3.816e-05 3.202e-04 -1.000 2.336e-03 -0.454 1.040 0.063 -0.490 -0.677 -0.763 -0.792
0.00069308 -1.35000 10.11394 0.7976312041 2.4178931865    0.725  2.123  3.7059  1.950    7  0.000  0.521     0.00     0.00     0.00     0.00     0.00 -1 -1.66e-09      0.00 7.413e-01 2.564e-01 1.250e-04 3.816e-05 3.202e-04 -1.000 2.336e-03 -0.539 0.998 -0.005 -0.572 -0.765 -0.854 -0.885
0.00069308 -1.35000 10.11394 0.7976320982 2.4178935014    0.725  2.150  3.7035  1.914    7  0.000  0.521     0.00     0.00     0.00     0.00     0.00 -1 -1.95e-09      0.00 7.413e-01 2.564e-01 1.250e-04 3.816e-05 3.202e-04 -1.000 2.336e-03 -0.606 0.966 -0.058 -0.636 -0.833 -0.926 -0.958
0.00069308 -1.35000 10.11394 0.7976329923 2.4178938162    0.725  2.165  3.7022  1.894    7  0.000  0.521     0.00     0.00     0.00     0.00     0.00 -1 -2.12e-09      0.00 7.413e-01 2.564e-01 1.250e-04 3.816e-05 3.202e-04 -1.000 2.336e-03 -0.642 0.948 -0.087 -0.671 -0.870 -0.965 -0.997
0.00069308 -1.35000 10.11394 0.7976351976 2.4178945927    0.724  2.165  3.7021  1.894    7  0.000  0.521     0.00     0.00     0.00     0.00     0.00 -1 -2.12e-09      0.00 7.413e-01 2.564e-01 1.250e-04 3.816e-05 3.202e-04 -1.000 2.336e-03 -0.642 0.947 -0.088 -0.672 -0.871 -0.966 -0.998
0.00069308 -1.35000 10.11394 0.7976371050 2.4178952643    0.724  2.150  3.7035  1.914    7  0.000  0.521     0.00     0.00     0.00     0.00     0.00 -1 -1.95e-09      0.00 7.413e-01 2.564e-01 1.250e-04 3.816e-05 3.202e-04 -1.000 2.336e-03 -0.605 0.965 -0.058 -0.636 -0.833 -0.926 -0.957
0.00069308 -1.35000 10.11394 0.7976420522 2.4178970062    0.724  2.141  3.7044  1.927    7  0.000  0.521     0.00     0.00     0.00     0.00     0.00 -1 -1.85e-09      0.00 7.413e-01 2.564e-01 1.250e-04 3.816e-05 3.202e-04 -1.000 2.336e-03 -0.582 0.976 -0.040 -0.613 -0.809 -0.900 -0.931
0.00069308 -1.35000 10.11394 0.7976714969 2.4179073734    0.721  2.157  3.7029  1.903    7  0.000  0.521     0.00     0.00     0.00     0.00     0.00 -1 -2.06e-09      0.00 7.413e-01 2.564e-01 1.250e-04 3.816e-05 3.202e-04 -1.000 2.336e-03 -0.622 0.958 -0.071 -0.652 -0.850 -0.943 -0.975
0.00069308 -1.35000 10.11394 0.7976897955 2.4179138157    0.719  2.187  3.7000  1.860    7  0.000  0.521     0.00     0.00     0.00     0.00     0.00 -1 -2.49e-09      0.00 7.413e-01 2.564e-01 1.250e-04 3.816e-05 3.202e-04 -1.000 2.336e-03 -0.699 0.922 -0.132 -0.725 -0.929 -1.026 -1.059
0.00069308 -1.35000 10.11394 0.7977097034 2.4179208242    0.716  2.234  3.6960  1.795    7  0.000  0.521     0.00     0.00     0.00     0.00     0.00 -1  -3.3e-09      0.00 7.413e-01 2.564e-01 1.250e-04 3.816e-05 3.202e-04 -1.000 2.336e-03 -0.815 0.868 -0.223 -0.836 -1.047 -1.149 -1.185
0.00069308 -1.35000 10.11394 0.7977289557 2.4179276015    0.713  2.281  3.6920  1.730    7  0.000  0.521     0.00     0.00     0.00     0.00     0.00 -1 -4.42e-09      0.00 7.413e-01 2.564e-01 1.250e-04 3.816e-05 3.202e-04 -1.000 2.336e-03 -0.932 0.813 -0.315 -0.947 -1.166 -1.273 -1.311
0.00069308 -1.35000 10.11394 0.7977458239 2.4179335392    0.709  2.325  3.6884  1.669    7  0.000  0.521     0.00     0.00     0.00     0.00     0.00 -1 -5.85e-09      0.00 7.413e-01 2.564e-01 1.250e-04 3.816e-05 3.202e-04 -1.000 2.336e-03 -1.043 0.762 -0.403 -1.052 -1.278 -1.390 -1.431
0.00069308 -1.35000 10.11394 0.7977606058 2.4179387424    0.704  2.369  3.6848  1.608    7  0.000  0.521     0.00     0.00     0.00     0.00     0.00 -1 -7.67e-09      0.00 7.413e-01 2.564e-01 1.250e-04 3.816e-05 3.202e-04 -1.000 2.314e-03 -1.153 0.718 -0.487 -1.156 -1.388 -1.505 -1.548
0.00069308 -1.35000 10.11394 0.7977736592 2.4179433369    0.699  2.413  3.6813  1.546    7  0.000  0.521     0.00     0.00     0.00     0.00     0.00 -1 -1.01e-08      0.00 7.413e-01 2.565e-01 1.249e-04 3.816e-05 3.202e-04 -1.000 2.251e-03 -1.263 0.691 -0.570 -1.264 -1.501 -1.623 -1.668
0.00069308 -1.35000 10.11394 0.7977851033 2.4179473648    0.692  2.457  3.6778  1.484    7  0.000  0.521     0.00     0.00     0.00     0.00     0.00 -1 -1.32e-08      0.00 7.413e-01 2.565e-01 1.248e-04 3.820e-05 3.202e-04 -1.000 2.225e-03 -1.373 0.670 -0.650 -1.369 -1.614 -1.739 -1.786
0.00069308 -1.35000 10.11394 0.7977954149 2.4179509940    0.685  2.501  3.6743  1.422    7  0.000  0.519     7.52     5.91     4.17     3.24     2.62  3 -1.75e-08      0.00 7.413e-01 2.565e-01 1.243e-04 3.846e-05 3.202e-04 -1.000 2.160e-03 -1.482 0.658 -0.727 -1.475 -1.726 -1.856 -1.905
0.00069308 -1.35000 10.11394 0.7978047729 2.4179542874    0.676  2.545  3.6706  1.357    7  0.000  0.513     8.61     6.62     4.65     3.62     2.93  2 -2.33e-08      0.00 7.413e-01 2.566e-01 1.230e-04 3.958e-05 3.202e-04 -1.000 2.116e-03 -1.593 0.657 -0.801 -1.581 -1.839 -1.974 -2.026
0.00069308 -1.35000 10.11394 0.7978134155 2.4179573291    0.665  2.590  3.6640  1.279    7  0.000  0.502    10.13     7.60     5.30     4.14     3.35  2 -3.17e-08      0.00 7.413e-01 2.567e-01 1.206e-04 4.220e-05 3.202e-04 -1.000 2.042e-03 -1.705 0.750 -0.841 -1.680 -1.952 -2.095 -2.152
0.00069308 -1.35000 10.11394 0.7978215218 2.4179601819    0.650  2.635  3.6570  1.196    7  0.000  0.489    12.01     8.77     6.07     4.76     3.85  2 -4.38e-08      0.00 7.413e-01 2.567e-01 1.176e-04 4.570e-05 3.202e-04 -1.000 2.014e-03 -1.818 0.865 -0.870 -1.775 -2.062 -2.216 -2.278
0.00069308 -1.35000 10.11394 0.7978289723 2.4179628039    0.632  2.679  3.6538  1.127    7  0.000  0.478    13.83     9.87     6.79     5.34     4.32  2 -6.03e-08      0.00 7.412e-01 2.568e-01 1.150e-04 4.890e-05 3.202e-04 -1.000 1.979e-03 -1.928 0.856 -0.940 -1.872 -2.169 -2.328 -2.393
0.00069308 -1.35000 10.11394 0.7978361249 2.4179653210    0.607  2.723  3.6513  1.056    7  0.000  0.469    15.95    11.11     7.60     5.99     4.85  1 -8.58e-08      0.00 7.412e-01 2.569e-01 1.127e-04 5.168e-05 3.202e-04 -1.000 1.982e-03 -2.037 0.834 -1.016 -1.972 -2.276 -2.439 -2.506
0.00069308 -1.35000 10.11394 0.7978430986 2.4179677750    0.571  2.768  3.6516  0.986    7  0.000  0.461    18.29    12.42     8.44     6.68     5.40  1  -1.3e-07      0.00 7.411e-01 2.570e-01 1.108e-04 5.405e-05 3.202e-04 -1.000 1.929e-03 -2.149 0.756 -1.119 -2.086 -2.391 -2.554 -2.621
0.00069308 -1.35000 10.11394 0.7978481054 2.4179695369    0.533  2.803  3.6589  0.950    7  0.000  0.454    19.45    13.01     8.81     7.00     5.66  1 -1.82e-07      0.00 7.411e-01 2.570e-01 1.094e-04 5.579e-05 3.201e-04 -1.000 1.928e-03 -2.236 0.530 -1.273 -2.203 -2.493 -2.645 -2.707
0.00069308 -1.35000 10.11394 0.7978497744 2.4179701242    0.509  2.814  3.6655  0.945    7  0.000  0.452    19.47    12.98     8.78     6.98     5.64  1 -2.04e-07      0.00 7.410e-01 2.571e-01 1.087e-04 5.666e-05 3.201e-04 -1.000 1.910e-03 -2.266 0.284 -1.384 -2.248 -2.525 -2.668 -2.724
0.00069308 -1.35000 10.11394 1.1150141954 2.4941653365    0.550 -9.999  3.5434  7.965    9  0.550  0.000     0.00     0.00     0.00     0.00     0.00 -1    -1e-30      0.00 7.284e-01 2.710e-01 9.721e-05 8.145e-05 3.220e-04 -1.000 6.408e-04 29.767 34.407 32.127 30.473 29.530 29.183 29.087
