# Zini     MH   logAge Mini        int_IMF         Mass   logL    logTe  logg  label   McoreTP C_O  period0  period1  period2  period3  period4  pmode  Mloss  tau1m   X   Y   Xc  Xn  Xo  Cexcess  Z 	 mbolmag  umag    gmag    rmag    imag    zmag    Ymag
0.0013794 -1.05000 10.04922 0.0900000036 1.0816895926    0.090 -3.232  3.4472  5.365    1  0.000  0.545     0.00     0.00     0.00     0.00     0.00 -1  -5.1e-17      0.00 7.455e-01 2.530e-01 2.632e-04 7.102e-05 6.441e-04 -1.000 1.464e-03 12.850 18.093 17.043 15.233 13.019 12.262 12.105
0.0013794 -1.05000 10.04922 0.0952065438 1.1297697433    0.095 -3.102  3.4656  5.333    1  0.000  0.545     0.00     0.00     0.00     0.00     0.00 -1 -6.94e-17      0.00 7.449e-01 2.536e-01 2.632e-04 7.102e-05 6.441e-04 -1.000 1.464e-03 12.526 17.723 16.280 14.479 12.598 11.943 11.798
0.0013794 -1.05000 10.04922 0.1000000015 1.1711064122    0.100 -2.989  3.4816  5.305    1  0.000  0.545     0.00     0.00     0.00     0.00     0.00 -1 -9.08e-17      0.00 7.444e-01 2.542e-01 2.632e-04 7.102e-05 6.441e-04 -1.000 1.464e-03 12.243 17.366 15.628 13.856 12.242 11.667 11.530
0.0013794 -1.05000 10.04922 0.1199999973 1.3193154249    0.120 -2.707  3.5148  5.235    1  0.000  0.545     0.00     0.00     0.00     0.00     0.00 -1 -1.72e-16      0.00 7.424e-01 2.561e-01 2.632e-04 7.102e-05 6.442e-04 -1.000 1.464e-03 11.538 16.336 14.236 12.563 11.428 10.988 10.867
0.0013794 -1.05000 10.04922 0.1400000006 1.4384526719    0.140 -2.523  3.5322  5.188    1  0.000  0.545     0.00     0.00     0.00     0.00     0.00 -1 -2.57e-16      0.00 7.409e-01 2.577e-01 2.632e-04 7.102e-05 6.442e-04 -1.000 1.464e-03 11.078 15.623 13.470 11.869 10.927 10.542 10.428
0.0013794 -1.05000 10.04922 0.1599999964 1.5372931554    0.160 -2.383  3.5432  5.150    1  0.000  0.545     0.00     0.00     0.00     0.00     0.00 -1 -3.47e-16      0.00 7.397e-01 2.589e-01 2.632e-04 7.102e-05 6.442e-04 -1.000 1.464e-03 10.727 15.091 12.944 11.393 10.555 10.200 10.090
0.0013794 -1.05000 10.04922 0.2000000179 1.6938791367    0.200 -2.163  3.5578  5.084    1  0.000  0.545     0.00     0.00     0.00     0.00     0.00 -1 -5.55e-16      0.00 7.382e-01 2.603e-01 2.632e-04 7.102e-05 6.442e-04 -1.000 1.464e-03 10.176 14.291 12.181 10.698 9.983 9.662 9.559
0.0013794 -1.05000 10.04922 0.2500000000 1.8403257998    0.250 -1.957  3.5692  5.022    1  0.000  0.545     0.00     0.00     0.00     0.00     0.00 -1 -3.22e-16      0.00 7.379e-01 2.607e-01 2.632e-04 7.102e-05 6.442e-04 -1.000 1.464e-03 9.663 13.574 11.514 10.086 9.457 9.161 9.063
0.0013794 -1.05000 10.04922 0.3000000119 1.9529139769    0.300 -1.799  3.5779  4.977    1  0.000  0.545     0.00     0.00     0.00     0.00     0.00 -1 -6.92e-17      0.00 7.380e-01 2.605e-01 2.632e-04 7.103e-05 6.442e-04 -1.000 1.464e-03 9.266 13.032 11.011 9.629 9.051 8.772 8.678
0.0013794 -1.05000 10.04922 0.3299601674 2.0092940693    0.330 -1.718  3.5824  4.956    1  0.000  0.545     0.00     0.00     0.00     0.00     0.00 -1 -9.33e-16      0.00 7.436e-01 2.549e-01 2.632e-04 7.102e-05 6.441e-04 -1.000 1.464e-03 9.065 12.755 10.757 9.399 8.846 8.575 8.483
0.0013794 -1.05000 10.04922 0.3499999642 2.0434174156    0.350 -1.668  3.5852  4.943    1  0.000  0.545     0.00     0.00     0.00     0.00     0.00 -1 -1.54e-15      0.00 7.469e-01 2.516e-01 2.632e-04 7.102e-05 6.441e-04 -1.000 1.464e-03 8.940 12.583 10.600 9.258 8.719 8.452 8.362
0.0013794 -1.05000 10.04922 0.4000000060 2.1185024399    0.400 -1.516  3.5964  4.893    1  0.000  0.545     0.00     0.00     0.00     0.00     0.00 -1 -2.17e-15      0.00 7.475e-01 2.510e-01 2.632e-04 7.102e-05 6.441e-04 -1.000 1.464e-03 8.560 12.022 10.097 8.820 8.330 8.083 7.999
0.0013794 -1.05000 10.04922 0.4499999881 2.1822809009    0.450 -1.339  3.6133  4.835    1  0.000  0.545     0.00     0.00     0.00     0.00     0.00 -1 -3.28e-15      0.00 7.475e-01 2.510e-01 2.632e-04 7.102e-05 6.441e-04 -1.000 1.464e-03 8.118 11.326 9.478 8.307 7.877 7.657 7.580
0.0013794 -1.05000 10.04922 0.4889055789 2.2258495554    0.489 -1.181  3.6345  4.798    1  0.000  0.545     0.00     0.00     0.00     0.00     0.00 -1 -4.73e-15      0.00 7.475e-01 2.510e-01 2.632e-04 7.102e-05 6.441e-04 -1.000 1.464e-03 7.722 10.633 8.871 7.834 7.473 7.287 7.220
0.0013794 -1.05000 10.04922 0.5000000000 2.2374541529    0.500 -1.138  3.6403  4.788    1  0.000  0.545     0.00     0.00     0.00     0.00     0.00 -1 -5.22e-15      0.00 7.475e-01 2.510e-01 2.632e-04 7.102e-05 6.441e-04 -1.000 1.464e-03 7.615 10.445 8.707 7.708 7.364 7.187 7.123
0.0013794 -1.05000 10.04922 0.5500000715 2.2836583126    0.550 -0.916  3.6727  4.737    1  0.000  0.544     0.00     0.00     0.00     0.00     0.00 -1 -8.79e-15      0.00 7.796e-01 2.191e-01 2.323e-04 6.271e-05 5.690e-04 -1.000 1.302e-03 7.061 9.374 7.849 7.058 6.803 6.675 6.627
0.0013794 -1.05000 10.04922 0.6000000238 2.3211213258    0.600 -0.712  3.7021  4.689    1  0.000  0.544     0.00     0.00     0.00     0.00     0.00 -1 -1.42e-14      0.00 7.872e-01 2.116e-01 2.256e-04 6.094e-05 5.531e-04 -1.000 1.244e-03 6.551 8.365 7.125 6.492 6.293 6.204 6.173
0.0013794 -1.05000 10.04922 0.6053224802 2.3246922778    0.605 -0.690  3.7056  4.684    1  0.000  0.544     0.00     0.00     0.00     0.00     0.00 -1  -1.5e-14      0.00 7.881e-01 2.107e-01 2.248e-04 6.072e-05 5.512e-04 -1.000 1.245e-03 6.495 8.258 7.050 6.432 6.239 6.154 6.125
0.0013794 -1.05000 10.04922 0.6228835583 2.3359782345    0.623 -0.617  3.7169  4.668    1  0.000  0.544     0.00     0.00     0.00     0.00     0.00 -1 -1.78e-14      0.00 7.910e-01 2.077e-01 2.221e-04 6.000e-05 5.447e-04 -1.000 1.252e-03 6.312 7.915 6.807 6.237 6.063 5.992 5.968
0.0013794 -1.05000 10.04922 0.6391814351 2.3458168368    0.639 -0.549  3.7272  4.653    1  0.000  0.543     0.00     0.00     0.00     0.00     0.00 -1 -2.09e-14      0.00 7.939e-01 2.049e-01 2.195e-04 5.929e-05 5.384e-04 -1.000 1.210e-03 6.142 7.611 6.589 6.061 5.903 5.843 5.825
0.0013794 -1.05000 10.04922 0.6499999762 2.3520353107    0.650 -0.504  3.7339  4.642    1  0.000  0.543     0.00     0.00     0.00     0.00     0.00 -1 -2.33e-14      0.00 7.958e-01 2.029e-01 2.176e-04 5.882e-05 5.341e-04 -1.000 1.229e-03 6.029 7.419 6.449 5.945 5.797 5.744 5.730
0.0013794 -1.05000 10.04922 0.6546943784 2.3546602298    0.654 -0.484  3.7365  4.636    1  0.000  0.543     0.00     0.00     0.00     0.00     0.00 -1 -2.44e-14      0.00 7.969e-01 2.019e-01 2.167e-04 5.858e-05 5.320e-04 -1.000 1.214e-03 5.980 7.340 6.390 5.896 5.751 5.701 5.688
0.0013794 -1.05000 10.04922 0.6696237326 2.3627275115    0.669 -0.421  3.7448  4.616    1  0.000  0.543     0.00     0.00     0.00     0.00     0.00 -1 -2.86e-14      0.00 8.002e-01 1.986e-01 2.138e-04 5.779e-05 5.250e-04 -1.000 1.190e-03 5.823 7.093 6.203 5.739 5.606 5.566 5.557
0.0013794 -1.05000 10.04922 0.6833623052 2.3697943041    0.683 -0.363  3.7522  4.596    1  0.000  0.543     0.00     0.00     0.00     0.00     0.00 -1 -3.31e-14      0.00 8.035e-01 1.953e-01 2.109e-04 5.704e-05 5.182e-04 -1.000 1.172e-03 5.677 6.870 6.031 5.595 5.474 5.442 5.436
0.0013794 -1.05000 10.04922 0.6960541606 2.3760384192    0.696 -0.308  3.7588  4.576    1  0.000  0.543     0.00     0.00     0.00     0.00     0.00 -1 -3.54e-14      0.00 8.067e-01 1.921e-01 2.082e-04 5.631e-05 5.116e-04 -1.000 1.163e-03 5.540 6.667 5.872 5.462 5.351 5.325 5.322
0.0013794 -1.05000 10.04922 0.6999999285 2.3779266691    0.700 -0.291  3.7609  4.569    1  0.000  0.542     0.00     0.00     0.00     0.00     0.00 -1 -3.98e-14      0.00 8.077e-01 1.911e-01 2.073e-04 5.607e-05 5.096e-04 -1.000 1.146e-03 5.497 6.605 5.823 5.420 5.312 5.289 5.287
0.0013794 -1.05000 10.04922 0.7041224241 2.3798735181    0.704 -0.273  3.7629  4.562    1  0.000  0.542     0.00     0.00     0.00     0.00     0.00 -1 -4.18e-14      0.00 8.090e-01 1.899e-01 2.060e-04 5.578e-05 5.069e-04 -1.000 1.130e-03 5.452 6.542 5.771 5.376 5.272 5.250 5.249
0.0013794 -1.05000 10.04922 0.7136343718 2.3842670005    0.713 -0.230  3.7675  4.543    1  0.000  0.540     0.00     0.00     0.00     0.00     0.00 -1 -4.68e-14      0.00 8.121e-01 1.868e-01 2.028e-04 5.507e-05 5.008e-04 -1.000 1.153e-03 5.345 6.394 5.651 5.273 5.176 5.159 5.159
0.0013794 -1.05000 10.04922 0.7226871252 2.3883250973    0.722 -0.188  3.7718  4.524    1  0.000  0.538     0.00     0.00     0.00     0.00     0.00 -1 -5.22e-14      0.00 8.151e-01 1.838e-01 1.998e-04 5.436e-05 4.946e-04 -1.000 1.102e-03 5.241 6.254 5.535 5.173 5.082 5.070 5.072
0.0013794 -1.05000 10.04922 0.7314740419 2.3921537541    0.731 -0.147  3.7758  4.504    1  0.000  0.537     0.00     0.00     0.00     0.00     0.00 -1 -5.84e-14      0.00 8.182e-01 1.807e-01 1.967e-04 5.365e-05 4.883e-04 -1.000 1.071e-03 5.138 6.119 5.422 5.074 4.989 4.981 4.985
0.0013794 -1.05000 10.04922 0.7399181724 2.3957346879    0.740 -0.106  3.7795  4.483    1  0.000  0.535     0.00     0.00     0.00     0.00     0.00 -1 -6.54e-14      0.00 8.213e-01 1.776e-01 1.936e-04 5.293e-05 4.820e-04 -1.000 1.101e-03 5.035 5.986 5.309 4.975 4.896 4.892 4.897
0.0013794 -1.05000 10.04922 0.7500000000 2.3998889087    0.750 -0.056  3.7837  4.455    1  0.000  0.534     0.00     0.00     0.00     0.00     0.00 -1 -7.53e-14      0.00 8.253e-01 1.736e-01 1.898e-04 5.202e-05 4.740e-04 -1.000 1.078e-03 4.909 5.832 5.172 4.854 4.781 4.780 4.787
0.0013794 -1.05000 10.04922 0.7514276505 2.4004668197    0.751 -0.048  3.7842  4.451    1  0.000  0.534     0.00     0.00     0.00     0.00     0.00 -1 -7.69e-14      0.00 8.260e-01 1.729e-01 1.892e-04 5.187e-05 4.726e-04 -1.000 1.071e-03 4.891 5.811 5.153 4.836 4.764 4.764 4.771
0.0013794 -1.05000 10.04922 0.7601248026 2.4039335540    0.760 -0.003  3.7873  4.422    1  0.000  0.533     0.00     0.00     0.00     0.00     0.00 -1 -8.77e-14      0.00 8.302e-01 1.687e-01 1.856e-04 5.090e-05 4.639e-04 -1.000 1.064e-03 4.777 5.676 5.031 4.725 4.658 4.661 4.669
0.0013794 -1.05000 10.04922 0.7682841420 2.4071039853    0.768  0.042  3.7900  4.393    1  0.000  0.533     0.00     0.00     0.00     0.00     0.00 -1    -1e-13      0.00 8.342e-01 1.647e-01 1.822e-04 4.999e-05 4.558e-04 -1.000 1.054e-03 4.664 5.546 4.911 4.616 4.553 4.558 4.567
0.0013794 -1.05000 10.04922 0.7762500644 2.4101254330    0.776  0.089  3.7926  4.361    1  0.000  0.532     0.00     0.00     0.00     0.00     0.00 -1 -1.15e-13      0.00 8.380e-01 1.610e-01 1.789e-04 4.912e-05 4.480e-04 -1.000 1.046e-03 4.548 5.414 4.788 4.503 4.444 4.452 4.461
0.0013794 -1.05000 10.04922 0.7867837548 2.4140129916    0.786  0.153  3.7956  4.314    1  0.000  0.532     0.00     0.00     0.00     0.00     0.00 -1  -1.4e-13      0.00 8.427e-01 1.563e-01 1.748e-04 4.800e-05 4.381e-04 -1.000 9.986e-04 4.386 5.234 4.617 4.343 4.290 4.301 4.311
0.0013794 -1.05000 10.04922 0.7966549993 2.4175489655    0.796  0.218  3.7978  4.264    1  0.000  0.531     0.00     0.00     0.00     0.00     0.00 -1  -1.7e-13      0.00 8.464e-01 1.526e-01 1.715e-04 4.714e-05 4.304e-04 -1.000 9.945e-04 4.225 5.058 4.449 4.184 4.134 4.147 4.158
0.0013794 -1.05000 10.04922 0.8000000119 2.4187244405    0.799  0.240  3.7984  4.246    1  0.000  0.531     0.00     0.00     0.00     0.00     0.00 -1 -1.83e-13      0.00 8.474e-01 1.516e-01 1.706e-04 4.690e-05 4.283e-04 -1.000 1.005e-03 4.169 4.998 4.391 4.128 4.080 4.093 4.104
0.0013794 -1.05000 10.04922 0.8000130653 2.4187290054    0.799  0.241  3.7984  4.246    1  0.000  0.531     0.00     0.00     0.00     0.00     0.00 -1 -1.83e-13      0.00 8.474e-01 1.516e-01 1.706e-04 4.690e-05 4.283e-04 -1.000 1.005e-03 4.169 4.998 4.391 4.128 4.079 4.093 4.104
0.0013794 -1.05000 10.04922 0.8070104122 2.4211516596    0.806  0.291  3.7994  4.203    1  0.000  0.531     0.00     0.00     0.00     0.00     0.00 -1 -2.16e-13      0.00 8.469e-01 1.520e-01 1.712e-04 4.708e-05 4.299e-04 -1.000 1.025e-03 4.041 4.864 4.260 4.002 3.955 3.969 3.981
0.0013794 -1.05000 10.04922 0.8072246909 2.4212250863    0.806  0.293  3.7994  4.201    1  0.000  0.531     0.00     0.00     0.00     0.00     0.00 -1 -2.17e-13      0.00 8.469e-01 1.520e-01 1.713e-04 4.708e-05 4.300e-04 -1.000 1.025e-03 4.037 4.859 4.255 3.998 3.951 3.965 3.977
0.0013794 -1.05000 10.04922 0.8102618456 2.4222610249    0.809  0.317  3.7994  4.178    1  0.000  0.531     0.00     0.00     0.00     0.00     0.00 -1 -2.35e-13      0.00 8.466e-01 1.524e-01 1.717e-04 4.720e-05 4.311e-04 -1.000 1.025e-03 3.976 4.798 4.194 3.936 3.890 3.904 3.915
0.0013794 -1.05000 10.04922 0.8164346814 2.4243392200    0.815  0.370  3.7983  4.124    1  0.000  0.531     0.00     0.00     0.00     0.00     0.00 -1  -2.8e-13      0.00 8.459e-01 1.531e-01 1.726e-04 4.746e-05 4.335e-04 -1.000 9.975e-04 3.845 4.671 4.063 3.803 3.755 3.768 3.780
0.0013794 -1.05000 10.04922 0.8216412663 2.4260642193    0.820  0.419  3.7958  4.068    1  0.000  0.531     0.00     0.00     0.00     0.00     0.00 -1 -3.34e-13      0.00 8.449e-01 1.541e-01 1.739e-04 4.784e-05 4.369e-04 -1.000 1.020e-03 3.722 4.559 3.945 3.677 3.626 3.637 3.647
0.0013794 -1.05000 10.04922 0.8226444125 2.4263936890    0.821  0.429  3.7951  4.056    1  0.000  0.530     0.00     0.00     0.00     0.00     0.00 -1 -3.47e-13      0.00 8.447e-01 1.543e-01 1.742e-04 4.791e-05 4.376e-04 -1.000 1.025e-03 3.697 4.537 3.921 3.652 3.600 3.610 3.620
0.0013794 -1.05000 10.04922 0.8259258866 2.4274650176    0.824  0.467  3.7909  4.003    2  0.000  0.530     0.00     0.00     0.00     0.00     0.00 -1 -4.01e-13      0.00 8.428e-01 1.561e-01 1.769e-04 4.864e-05 4.443e-04 -1.000 1.032e-03 3.603 4.465 3.837 3.555 3.496 3.502 3.511
0.0013794 -1.05000 10.04922 0.8294130564 2.4285928233    0.828  0.510  3.7837  3.933    2  0.000  0.531     0.00     0.00     0.00     0.00     0.00 -1 -4.79e-13      0.00 8.362e-01 1.627e-01 1.854e-04 5.096e-05 4.654e-04 -1.000 1.059e-03 3.495 4.397 3.746 3.439 3.370 3.369 3.375
0.0013794 -1.05000 10.04922 0.8318020105 2.4293591751    0.830  0.542  3.7754  3.868    2  0.000  0.532     0.00     0.00     0.00     0.00     0.00 -1 -5.55e-13      0.00 8.210e-01 1.779e-01 2.007e-04 5.512e-05 5.029e-04 -1.000 1.130e-03 3.414 4.371 3.687 3.353 3.271 3.262 3.265
0.0013794 -1.05000 10.04922 0.8335554600 2.4299184501    0.832  0.567  3.7661  3.808    2  0.000  0.534     0.00     0.00     0.00     0.00     0.00 -1 -6.29e-13      0.00 7.982e-01 2.005e-01 2.191e-04 6.006e-05 5.472e-04 -1.000 1.237e-03 3.354 4.378 3.654 3.287 3.191 3.173 3.172
0.0013794 -1.05000 10.04922 0.8349902034 2.4303740627    0.833  0.590  3.7563  3.746    2  0.000  0.535     0.00     0.00     0.00     0.00     0.00 -1 -7.12e-13      0.00 7.813e-01 2.174e-01 2.321e-04 6.352e-05 5.781e-04 -1.000 1.318e-03 3.296 4.398 3.627 3.226 3.115 3.086 3.081
0.0013794 -1.05000 10.04922 0.8361045122 2.4307266787    0.834  0.617  3.7478  3.686    2  0.000  0.536     0.00     0.00     0.00     0.00     0.00 -1  -8.1e-13      0.00 7.723e-01 2.263e-01 2.389e-04 6.535e-05 5.943e-04 -1.000 1.342e-03 3.228 4.401 3.588 3.158 3.034 2.996 2.988
0.0013794 -1.05000 10.04922 0.8370059133 2.4310111316    0.835  0.650  3.7416  3.628    2  0.000  0.536     0.00     0.00     0.00     0.00     0.00 -1 -9.34e-13      0.00 7.672e-01 2.314e-01 2.428e-04 6.639e-05 6.036e-04 -1.000 1.366e-03 3.146 4.372 3.528 3.076 2.943 2.898 2.886
0.0013794 -1.05000 10.04922 0.8377190232 2.4312356673    0.836  0.684  3.7373  3.577    2  0.000  0.537     0.00     0.00     0.00     0.00     0.00 -1 -1.07e-12      0.00 7.640e-01 2.346e-01 2.452e-04 6.703e-05 6.092e-04 -1.000 1.407e-03 3.059 4.325 3.458 2.992 2.852 2.802 2.789
0.0013794 -1.05000 10.04922 0.8380723596 2.4313467588    0.836  0.704  3.7354  3.550    2  0.000  0.537     0.00     0.00     0.00     0.00     0.00 -1 -1.16e-12      0.00 7.625e-01 2.361e-01 2.462e-04 6.730e-05 6.117e-04 -1.000 1.418e-03 3.011 4.294 3.417 2.945 2.802 2.750 2.736
0.0013794 -1.05000 10.04922 0.8381966949 2.4313858252    0.836  0.712  3.7348  3.540    2  0.000  0.537     0.00     0.00     0.00     0.00     0.00 -1 -1.19e-12      0.00 7.621e-01 2.365e-01 2.465e-04 6.737e-05 6.123e-04 -1.000 1.418e-03 2.991 4.279 3.399 2.925 2.781 2.729 2.714
0.0013794 -1.05000 10.04922 0.8388507962 2.4315911254    0.837  0.756  3.7321  3.485    3  0.000  0.537     0.00     0.00     0.00     0.00     0.00 -1  -1.4e-12      0.00 7.597e-01 2.389e-01 2.479e-04 6.774e-05 6.156e-04 -1.000 1.407e-03 2.881 4.192 3.299 2.816 2.668 2.613 2.597
0.0013794 -1.05000 10.04922 0.8394018412 2.4317637943    0.837  0.797  3.7301  3.437    3  0.000  0.537     0.00     0.00     0.00     0.00     0.00 -1 -1.63e-12      0.00 7.577e-01 2.409e-01 2.488e-04 6.801e-05 6.181e-04 -1.000 1.376e-03 2.778 4.109 3.204 2.716 2.564 2.507 2.489
0.0013794 -1.05000 10.04922 0.8400133252 2.4319550966    0.838  0.846  3.7281  3.380    3  0.000  0.537     0.00     0.00     0.00     0.00     0.00 -1 -1.94e-12      0.00 7.555e-01 2.431e-01 2.497e-04 6.828e-05 6.203e-04 -1.000 1.425e-03 2.656 4.006 3.090 2.595 2.441 2.380 2.362
0.0013794 -1.05000 10.04922 0.8405784369 2.4321316069    0.838  0.895  3.7264  3.324    3  0.000  0.536     0.00     0.00     0.00     0.00     0.00 -1 -2.32e-12      0.00 7.534e-01 2.452e-01 2.503e-04 6.853e-05 6.221e-04 -1.000 1.384e-03 2.533 3.899 2.974 2.473 2.316 2.254 2.235
0.0013794 -1.05000 10.04922 0.8411453962 2.4323084202    0.839  0.949  3.7246  3.263    3  0.000  0.535     0.00     0.00     0.00     0.00     0.00 -1 -2.82e-12      0.00 7.511e-01 2.475e-01 2.502e-04 6.890e-05 6.237e-04 -1.000 1.385e-03 2.398 3.781 2.846 2.340 2.180 2.116 2.096
0.0013794 -1.05000 10.04922 0.8416475058 2.4324647805    0.839  1.001  3.7230  3.205    3  0.000  0.533     0.00     0.00     0.00     0.00     0.00 -1  -3.4e-12      0.00 7.491e-01 2.495e-01 2.494e-04 6.962e-05 6.249e-04 -1.000 1.394e-03 2.267 3.665 2.722 2.211 2.049 1.982 1.961
0.0013794 -1.05000 10.04922 0.8420735002 2.4325972700    0.840  1.049  3.7215  3.151    3  0.000  0.529     0.00     0.00     0.00     0.00     0.00 -1 -4.04e-12      0.00 7.474e-01 2.512e-01 2.480e-04 7.086e-05 6.258e-04 -1.000 1.416e-03 2.147 3.558 2.608 2.092 1.928 1.860 1.838
0.0013794 -1.05000 10.04922 0.8424068689 2.4327008443    0.840  1.090  3.7202  3.106    3  0.000  0.525     0.00     0.00     0.00     0.00     0.00 -1 -4.67e-12      0.00 7.461e-01 2.525e-01 2.465e-04 7.232e-05 6.264e-04 -1.000 1.429e-03 2.046 3.469 2.512 1.992 1.826 1.756 1.734
0.0013794 -1.05000 10.04922 0.8427760005 2.4328154198    0.840  1.138  3.7187  3.051    3  0.000  0.521     0.00     0.00     0.00     0.00     0.00 -1 -5.56e-12      0.00 7.448e-01 2.538e-01 2.445e-04 7.447e-05 6.269e-04 -1.000 1.413e-03 1.924 3.363 2.397 1.873 1.704 1.632 1.609
0.0013794 -1.05000 10.04922 0.8431289196 2.4329248552    0.840  1.189  3.7170  2.993    3  0.000  0.515     0.00     0.00     0.00     0.00     0.00 -1 -6.68e-12      0.00 7.436e-01 2.550e-01 2.422e-04 7.713e-05 6.274e-04 -1.000 1.430e-03 1.797 3.254 2.278 1.747 1.576 1.502 1.478
0.0013794 -1.05000 10.04922 0.8434485197 2.4330238680    0.841  1.240  3.7152  2.935    3  0.000  0.510     0.00     0.00     0.00     0.00     0.00 -1 -8.02e-12      0.00 7.426e-01 2.560e-01 2.401e-04 7.966e-05 6.278e-04 -1.000 1.447e-03 1.670 3.147 2.160 1.623 1.448 1.372 1.347
0.0013794 -1.05000 10.04922 0.8437275290 2.4331102351    0.841  1.288  3.7134  2.880    3  0.000  0.507     0.00     0.00     0.00     0.00     0.00 -1 -9.56e-12      0.00 7.419e-01 2.567e-01 2.386e-04 8.148e-05 6.281e-04 -1.000 1.399e-03 1.549 3.046 2.047 1.504 1.326 1.248 1.222
0.0013794 -1.05000 10.04922 0.8439797759 2.4331882614    0.841  1.336  3.7116  2.825    3  0.000  0.505     0.00     0.00     0.00     0.00     0.00 -1 -1.14e-11      0.00 7.414e-01 2.572e-01 2.376e-04 8.282e-05 6.283e-04 -1.000 1.401e-03 1.430 2.948 1.937 1.387 1.206 1.125 1.098
0.0013794 -1.05000 10.04922 0.8442066312 2.4332583877    0.841  1.383  3.7098  2.771    3  0.000  0.502     0.00     0.00     0.00     0.00     0.00 -1 -1.35e-11      0.00 7.410e-01 2.575e-01 2.367e-04 8.394e-05 6.284e-04 -1.000 1.449e-03 1.313 2.852 1.829 1.272 1.089 1.006 0.977
0.0013794 -1.05000 10.04922 0.8444173336 2.4333234819    0.841  1.430  3.7079  2.716    3  0.000  0.502     0.00     0.00     0.00     0.00     0.00 -1  -1.6e-11      0.00 7.409e-01 2.577e-01 2.363e-04 8.441e-05 6.285e-04 -1.000 1.419e-03 1.195 2.756 1.720 1.157 0.970 0.884 0.854
0.0013794 -1.05000 10.04922 0.8446037769 2.4333810504    0.841  1.476  3.7060  2.663    3  0.000  0.501     0.00     0.00     0.00     0.00     0.00 -1 -1.89e-11      0.00 7.408e-01 2.578e-01 2.361e-04 8.462e-05 6.285e-04 -1.000 1.453e-03 1.080 2.665 1.616 1.045 0.855 0.766 0.736
0.0013794 -1.05000 10.04922 0.8447776437 2.4334347093    0.841  1.523  3.7040  2.608    3  0.000  0.501     0.00     0.00     0.00     0.00     0.00 -1 -2.24e-11      0.00 7.408e-01 2.578e-01 2.361e-04 8.466e-05 6.285e-04 -1.000 1.454e-03 0.964 2.573 1.510 0.932 0.738 0.647 0.615
0.0013794 -1.05000 10.04922 0.8449313641 2.4334821294    0.841  1.567  3.7020  2.555    3  0.000  0.501     0.00     0.00     0.00     0.00     0.00 -1 -2.64e-11      0.00 7.407e-01 2.578e-01 2.361e-04 8.469e-05 6.285e-04 -1.000 1.454e-03 0.852 2.485 1.409 0.823 0.625 0.532 0.499
0.0013794 -1.05000 10.04922 0.8450683951 2.4335243844    0.841  1.611  3.7000  2.504    3  0.000  0.501     0.00     0.00     0.00     0.00     0.00 -1 -3.09e-11      0.00 7.407e-01 2.578e-01 2.361e-04 8.472e-05 6.285e-04 -1.000 1.454e-03 0.744 2.400 1.311 0.718 0.517 0.421 0.387
0.0013794 -1.05000 10.04922 0.8451954126 2.4335635376    0.841  1.654  3.6980  2.453    3  0.000  0.501     0.00     0.00     0.00     0.00     0.00 -1 -3.63e-11      0.00 7.407e-01 2.578e-01 2.360e-04 8.475e-05 6.285e-04 -1.000 1.455e-03 0.635 2.322 1.214 0.612 0.408 0.309 0.274
0.0013794 -1.05000 10.04922 0.8453081846 2.4335982883    0.841  1.696  3.6959  2.403    3  0.000  0.501     0.00     0.00     0.00     0.00     0.00 -1 -4.23e-11      0.00 7.407e-01 2.578e-01 2.360e-04 8.477e-05 6.285e-04 -1.000 1.455e-03 0.531 2.248 1.122 0.511 0.303 0.202 0.165
0.0013794 -1.05000 10.04922 0.8454144597 2.4336310271    0.841  1.738  3.6938  2.352    3  0.000  0.501     0.00     0.00     0.00     0.00     0.00 -1 -4.95e-11      0.00 7.407e-01 2.578e-01 2.360e-04 8.479e-05 6.285e-04 -1.000 1.455e-03 0.425 2.174 1.029 0.408 0.196 0.093 0.055
0.0013794 -1.05000 10.04922 0.8455102444 2.4336605262    0.841  1.779  3.6918  2.303    3  0.000  0.501     0.00     0.00     0.00     0.00     0.00 -1 -5.75e-11      0.00 7.407e-01 2.578e-01 2.360e-04 8.481e-05 6.285e-04 -1.000 1.455e-03 0.324 2.103 0.939 0.310 0.094 -0.012 -0.051
0.0013794 -1.05000 10.04922 0.8455998302 2.4336881093    0.841  1.818  3.6897  2.255    3  0.000  0.501     0.00     0.00     0.00     0.00     0.00 -1 -6.66e-11      0.00 7.407e-01 2.578e-01 2.360e-04 8.483e-05 6.286e-04 -1.000 1.455e-03 0.224 2.035 0.852 0.213 -0.006 -0.115 -0.155
0.0013794 -1.05000 10.04922 0.8456855416 2.4337144932    0.840  1.857  3.6877  2.209    3  0.000  0.501     0.00     0.00     0.00     0.00     0.00 -1 -7.67e-11      0.00 7.407e-01 2.579e-01 2.360e-04 8.485e-05 6.286e-04 -1.000 1.456e-03 0.129 1.972 0.770 0.122 -0.101 -0.213 -0.254
0.0013794 -1.05000 10.04922 0.8457735181 2.4337415679    0.840  1.890  3.6860  2.169    3  0.000  0.501     0.00     0.00     0.00     0.00     0.00 -1 -8.68e-11      0.00 7.407e-01 2.579e-01 2.360e-04 8.487e-05 6.286e-04 -1.000 1.456e-03 0.046 1.918 0.699 0.043 -0.183 -0.297 -0.340
0.0013794 -1.05000 10.04922 0.8458534479 2.4337661606    0.840  1.913  3.6849  2.141    3  0.000  0.501     0.00     0.00     0.00     0.00     0.00 -1 -9.49e-11      0.00 7.407e-01 2.579e-01 2.360e-04 8.489e-05 6.286e-04 -1.000 1.456e-03 -0.011 1.878 0.649 -0.012 -0.240 -0.356 -0.399
0.0013794 -1.05000 10.04922 0.8459347486 2.4337911697    0.840  1.887  3.6868  2.174    3  0.000  0.501     0.00     0.00     0.00     0.00     0.00 -1 -8.69e-11      0.00 7.407e-01 2.579e-01 2.359e-04 8.491e-05 6.286e-04 -1.000 1.456e-03 0.052 1.912 0.700 0.047 -0.177 -0.291 -0.333
0.0013794 -1.05000 10.04922 0.8459491730 2.4337956062    0.840  1.882  3.6871  2.180    3  0.000  0.501     0.00     0.00     0.00     0.00     0.00 -1 -8.52e-11      0.00 7.407e-01 2.579e-01 2.359e-04 8.491e-05 6.286e-04 -1.000 1.456e-03 0.064 1.919 0.710 0.059 -0.165 -0.278 -0.320
0.0013794 -1.05000 10.04922 0.8460087776 2.4338139371    0.839  1.919  3.6851  2.136    3  0.000  0.501     0.00     0.00     0.00     0.00     0.00 -1 -9.67e-11      0.00 7.407e-01 2.579e-01 2.359e-04 8.492e-05 6.286e-04 -1.000 1.456e-03 -0.027 1.859 0.631 -0.029 -0.256 -0.372 -0.415
0.0013794 -1.05000 10.04922 0.8460745215 2.4338341526    0.839  1.960  3.6828  2.085    3  0.000  0.501     0.00     0.00     0.00     0.00     0.00 -1 -1.12e-10      0.00 7.407e-01 2.579e-01 2.359e-04 8.494e-05 6.286e-04 -1.000 1.456e-03 -0.131 1.795 0.544 -0.127 -0.359 -0.478 -0.522
0.0013794 -1.05000 10.04922 0.8461380601 2.4338536865    0.839  2.002  3.6804  2.033    3  0.000  0.501     0.00     0.00     0.00     0.00     0.00 -1 -1.31e-10      0.00 7.407e-01 2.579e-01 2.359e-04 8.495e-05 6.286e-04 -1.000 1.456e-03 -0.236 1.728 0.455 -0.227 -0.463 -0.585 -0.631
0.0013794 -1.05000 10.04922 0.8461961150 2.4338715316    0.838  2.043  3.6780  1.982    3  0.000  0.501     0.00     0.00     0.00     0.00     0.00 -1 -1.53e-10      0.00 7.407e-01 2.579e-01 2.359e-04 8.496e-05 6.286e-04 -1.000 1.457e-03 -0.339 1.671 0.370 -0.326 -0.566 -0.691 -0.739
0.0013794 -1.05000 10.04922 0.8462510705 2.4338884214    0.838  2.085  3.6756  1.930    3  0.000  0.501     0.00     0.00     0.00     0.00     0.00 -1 -1.79e-10      0.00 7.406e-01 2.579e-01 2.359e-04 8.497e-05 6.286e-04 -1.000 1.457e-03 -0.443 1.624 0.285 -0.428 -0.672 -0.800 -0.849
0.0013794 -1.05000 10.04922 0.8463006020 2.4339036421    0.838  2.125  3.6731  1.880    3  0.000  0.501     0.00     0.00     0.00     0.00     0.00 -1 -2.08e-10      0.00 7.406e-01 2.579e-01 2.359e-04 8.499e-05 6.286e-04 -1.000 1.457e-03 -0.544 1.583 0.204 -0.526 -0.774 -0.905 -0.956
0.0013794 -1.05000 10.04922 0.8463466763 2.4339177986    0.837  2.166  3.6706  1.829    3  0.000  0.501     0.00     0.00     0.00     0.00     0.00 -1 -2.43e-10      0.00 7.406e-01 2.579e-01 2.359e-04 8.500e-05 6.286e-04 -1.000 1.457e-03 -0.645 1.542 0.123 -0.625 -0.876 -1.010 -1.063
0.0013794 -1.05000 10.04922 0.8463888764 2.4339307631    0.837  2.206  3.6680  1.779    3  0.000  0.501     0.00     0.00     0.00     0.00     0.00 -1 -2.82e-10      0.00 7.406e-01 2.579e-01 2.359e-04 8.500e-05 6.286e-04 -1.000 1.457e-03 -0.745 1.507 0.046 -0.721 -0.977 -1.114 -1.168
0.0013794 -1.05000 10.04922 0.8464280367 2.4339427925    0.836  2.246  3.6655  1.728    3  0.000  0.501     0.00     0.00     0.00     0.00     0.00 -1 -3.28e-10      0.00 7.406e-01 2.579e-01 2.359e-04 8.501e-05 6.286e-04 -1.000 1.457e-03 -0.845 1.474 -0.030 -0.817 -1.077 -1.217 -1.273
0.0013794 -1.05000 10.04922 0.8464635015 2.4339536855    0.836  2.285  3.6630  1.679    3  0.000  0.501     0.00     0.00     0.00     0.00     0.00 -1  -3.8e-10      0.00 7.406e-01 2.579e-01 2.359e-04 8.502e-05 6.286e-04 -1.000 1.457e-03 -0.943 1.446 -0.103 -0.910 -1.173 -1.316 -1.375
0.0013794 -1.05000 10.04922 0.8464971185 2.4339640100    0.835  2.324  3.6604  1.629    3  0.000  0.501     0.00     0.00     0.00     0.00     0.00 -1  -4.4e-10      0.00 7.406e-01 2.579e-01 2.359e-04 8.503e-05 6.286e-04 -1.000 1.457e-03 -1.041 1.420 -0.176 -1.003 -1.271 -1.417 -1.478
0.0013794 -1.05000 10.04922 0.8465276957 2.4339734001    0.835  2.363  3.6577  1.579    3  0.000  0.501     0.00     0.00     0.00     0.00     0.00 -1  -5.1e-10      0.00 7.406e-01 2.579e-01 2.358e-04 8.503e-05 6.286e-04 -1.000 1.457e-03 -1.138 1.399 -0.245 -1.093 -1.366 -1.515 -1.578
0.0013794 -1.05000 10.04922 0.8465560079 2.4339820940    0.834  2.402  3.6552  1.530    3  0.000  0.501     0.00     0.00     0.00     0.00     0.00 -1  -5.9e-10      0.00 7.406e-01 2.579e-01 2.358e-04 8.504e-05 6.286e-04 -1.000 1.457e-03 -1.234 1.379 -0.314 -1.183 -1.459 -1.613 -1.678
0.0013794 -1.05000 10.04922 0.8465820551 2.4339900917    0.833  2.439  3.6526  1.482    3  0.000  0.501     0.00     0.00     0.00     0.00     0.00 -1  -6.8e-10      0.00 7.406e-01 2.579e-01 2.358e-04 8.505e-05 6.286e-04 -1.000 1.457e-03 -1.328 1.362 -0.380 -1.269 -1.551 -1.708 -1.775
0.0013794 -1.05000 10.04922 0.8466117382 2.4339992052    0.832  2.486  3.6493  1.422    3  0.000  0.500     0.00     0.00     0.00     0.00     0.00 -1 -8.11e-10      0.00 7.406e-01 2.579e-01 2.358e-04 8.505e-05 6.286e-04 -1.000 1.457e-03 -1.444 1.340 -0.458 -1.372 -1.661 -1.824 -1.894
0.0013794 -1.05000 10.04922 0.8466340899 2.4340060672    0.831  2.523  3.6467  1.373    3  0.000  0.500     8.88     6.78     4.77     3.70     2.99  3 -9.36e-10      0.00 7.406e-01 2.579e-01 2.358e-04 8.506e-05 6.286e-04 -1.000 1.458e-03 -1.538 1.322 -0.520 -1.454 -1.750 -1.917 -1.989
0.0013794 -1.05000 10.04922 0.8466587067 2.4340136241    0.830  2.567  3.6435  1.316    3  0.000  0.500    10.02     7.52     5.27     4.09     3.31  3 -1.11e-09      0.00 7.406e-01 2.579e-01 2.358e-04 8.506e-05 6.286e-04 -1.000 1.458e-03 -1.649 1.305 -0.593 -1.550 -1.855 -2.028 -2.102
0.0013794 -1.05000 10.04922 0.8466818333 2.4340207232    0.829  2.612  3.6402  1.257    3  0.000  0.500    11.34     8.36     5.83     4.53     3.67  3 -1.32e-09      0.00 7.406e-01 2.579e-01 2.358e-04 8.507e-05 6.286e-04 -1.000 1.458e-03 -1.761 1.289 -0.666 -1.648 -1.961 -2.140 -2.217
0.0013794 -1.05000 10.04922 0.8466994166 2.4340261203    0.828  2.649  3.6376  1.209    3  0.000  0.500    12.54     9.12     6.33     4.93     3.99  3 -1.52e-09      0.00 7.406e-01 2.579e-01 2.358e-04 8.507e-05 6.286e-04 -1.000 1.458e-03 -1.853 1.275 -0.724 -1.726 -2.047 -2.231 -2.310
0.0013794 -1.05000 10.04922 0.8467186093 2.4340320112    0.826  2.692  3.6344  1.152    3  0.000  0.500    14.13    10.09     6.98     5.44     4.40  3 -1.79e-09      0.00 7.406e-01 2.579e-01 2.358e-04 8.508e-05 6.286e-04 -1.000 1.458e-03 -1.960 1.264 -0.790 -1.817 -2.147 -2.336 -2.418
0.0013794 -1.05000 10.04922 0.8467369080 2.4340376273    0.825  2.736  3.6311  1.095    3  0.000  0.500    15.95    11.20     7.71     6.01     4.87  2 -2.11e-09      0.00 7.406e-01 2.579e-01 2.358e-04 8.508e-05 6.286e-04 -1.000 1.458e-03 -2.070 1.254 -0.857 -1.909 -2.248 -2.444 -2.528
0.0013794 -1.05000 10.04922 0.8467541337 2.4340429139    0.823  2.780  3.6278  1.036    3  0.000  0.500    18.04    12.44     8.52     6.66     5.40  2 -2.51e-09      0.00 7.406e-01 2.579e-01 2.358e-04 8.508e-05 6.286e-04 -1.000 1.458e-03 -2.181 1.244 -0.922 -2.002 -2.351 -2.552 -2.639
0.0013794 -1.05000 10.04922 0.8467689157 2.4340474503    0.821  2.821  3.6246  0.981    3  0.000  0.500    20.24    13.73     9.36     7.32     5.94  2 -2.94e-09      0.00 7.406e-01 2.579e-01 2.358e-04 8.509e-05 6.286e-04 -1.000 1.458e-03 -2.283 1.243 -0.978 -2.084 -2.443 -2.651 -2.741
0.0013794 -1.05000 10.04922 0.8467831016 2.4340518036    0.819  2.863  3.6214  0.926    3  0.000  0.500    22.75    15.17    10.30     8.07     6.55  2 -3.45e-09      0.00 7.406e-01 2.579e-01 2.358e-04 8.509e-05 6.286e-04 -1.000 1.458e-03 -2.388 1.244 -1.032 -2.169 -2.539 -2.753 -2.845
0.0013794 -1.05000 10.04922 0.8467965126 2.4340559190    0.817  2.906  3.6180  0.869    3  0.000  0.500    25.65    16.81    11.36     8.91     7.23  2 -4.07e-09      0.00 7.406e-01 2.579e-01 2.358e-04 8.509e-05 6.287e-04 -1.000 1.458e-03 -2.494 1.247 -1.084 -2.252 -2.634 -2.856 -2.951
0.0013794 -1.05000 10.04922 0.8468086123 2.4340596318    0.814  2.947  3.6148  0.813    3  0.000  0.500    28.81    18.56    12.48     9.82     7.97  2 -4.78e-09      0.00 7.406e-01 2.579e-01 2.358e-04 8.509e-05 6.287e-04 -1.000 1.458e-03 -2.597 1.250 -1.133 -2.333 -2.727 -2.955 -3.053
0.0013794 -1.05000 10.04922 0.8468197584 2.4340630519    0.812  2.987  3.6116  0.759    3  0.000  0.500    32.30    20.47    13.70    10.79     8.76  1 -5.59e-09      0.00 7.406e-01 2.579e-01 2.358e-04 8.510e-05 6.287e-04 -1.000 1.458e-03 -2.698 1.253 -1.181 -2.412 -2.817 -3.053 -3.153
0.0013794 -1.05000 10.04922 0.8468302488 2.4340662707    0.809  3.027  3.6084  0.704    3  0.000  0.500    36.23    22.57    15.04    11.86     9.63  1 -6.54e-09      0.00 7.406e-01 2.579e-01 2.358e-04 8.510e-05 6.287e-04 -1.000 1.458e-03 -2.798 1.255 -1.227 -2.489 -2.907 -3.149 -3.252
0.0013794 -1.05000 10.04922 0.8468403816 2.4340693797    0.806  3.068  3.6052  0.649    3  0.000  0.500    40.72    24.93    16.54    13.07    10.61  1 -7.68e-09      0.00 7.406e-01 2.579e-01 2.358e-04 8.510e-05 6.287e-04 -1.000 1.458e-03 -2.901 1.253 -1.271 -2.566 -2.997 -3.247 -3.353
0.0013794 -1.05000 10.04922 0.8468492031 2.4340720863    0.802  3.107  3.6021  0.596    3  0.000  0.500    45.47    27.39    18.09    14.32    11.63  1 -8.93e-09      0.00 7.406e-01 2.579e-01 2.358e-04 8.510e-05 6.287e-04 -1.000 1.458e-03 -2.996 1.254 -1.310 -2.637 -3.081 -3.338 -3.446
0.0013794 -1.05000 10.04922 0.8468577862 2.4340747197    0.798  3.146  3.5990  0.542    3  0.000  0.500    50.91    30.15    19.83    15.72    12.77  1 -1.04e-08      0.00 7.406e-01 2.579e-01 2.358e-04 8.511e-05 6.287e-04 -1.000 1.458e-03 -3.095 1.249 -1.350 -2.709 -3.167 -3.431 -3.542
0.0013794 -1.05000 10.04922 0.8468658328 2.4340771884    0.794  3.185  3.5958  0.488    3  0.000  0.500    57.01    33.20    21.74    17.25    14.02  1 -1.22e-08      0.00 7.406e-01 2.579e-01 2.358e-04 8.511e-05 6.287e-04 -1.000 1.458e-03 -3.192 1.242 -1.385 -2.779 -3.251 -3.523 -3.637
0.0013794 -1.05000 10.04922 0.8468732834 2.4340794743    0.790  3.223  3.5927  0.435    3  0.000  0.500    63.70    36.47    23.78    18.90    15.36  1 -1.42e-08      0.00 7.406e-01 2.579e-01 2.358e-04 8.511e-05 6.287e-04 -1.000 1.458e-03 -3.287 1.235 -1.413 -2.844 -3.333 -3.613 -3.730
0.0013794 -1.05000 10.04922 0.8468801379 2.4340815772    0.785  3.260  3.5896  0.384    3  0.000  0.500    70.98    39.98    25.96    20.67    16.80  1 -1.64e-08      0.00 7.406e-01 2.579e-01 2.358e-04 8.511e-05 6.287e-04 -1.000 1.458e-03 -3.379 1.229 -1.438 -2.907 -3.412 -3.700 -3.820
0.0013794 -1.05000 10.04922 0.8468865156 2.4340835338    0.780  3.295  3.5867  0.334    3  0.000  0.500    78.82    43.68    28.24    22.52    18.31  1 -1.89e-08      0.00 7.406e-01 2.579e-01 2.358e-04 8.511e-05 6.287e-04 -1.000 1.458e-03 -3.467 1.217 -1.459 -2.963 -3.486 -3.783 -3.905
0.0013794 -1.05000 10.04922 0.8468927741 2.4340854537    0.774  3.329  3.5838  0.285    3  0.000  0.500    87.39    47.66    30.69    24.51    19.93  1 -2.18e-08      0.00 7.406e-01 2.579e-01 2.358e-04 8.511e-05 6.287e-04 -1.000 1.458e-03 -3.553 1.201 -1.480 -3.019 -3.559 -3.864 -3.989
0.0013794 -1.05000 10.04922 0.8468942046 2.4340858926    0.772  3.336  3.5832  0.274    3  0.000  0.500    89.29    48.53    31.22    24.95    20.28  1 -2.25e-08      0.00 7.406e-01 2.579e-01 2.358e-04 8.511e-05 6.287e-04 -1.000 1.458e-03 -3.571 1.199 -1.483 -3.030 -3.573 -3.880 -4.006
0.0013794 -1.05000 10.04922 0.8468942046 2.4340858926    0.772  1.737  3.7335  2.475    4  0.000  0.514     0.00     0.00     0.00     0.00     0.00 -1    -1e-30      0.00 7.394e-01 2.592e-01 2.433e-04 7.932e-05 6.328e-04 -1.000 1.418e-03 0.428 1.702 0.829 0.368 0.224 0.168 0.151
0.0013794 -1.05000 10.04922 0.8469502926 2.4341030978    0.772  1.753  3.7324  2.454    4  0.000  0.514     0.00     0.00     0.00     0.00     0.00 -1    -1e-30      0.00 7.394e-01 2.592e-01 2.433e-04 7.932e-05 6.328e-04 -1.000 1.418e-03 0.387 1.674 0.793 0.326 0.181 0.123 0.106
0.0013794 -1.05000 10.04922 0.8470035195 2.4341194229    0.772  1.756  3.7322  2.450    4  0.000  0.514     0.00     0.00     0.00     0.00     0.00 -1    -1e-30      0.00 7.394e-01 2.592e-01 2.433e-04 7.932e-05 6.328e-04 -1.000 1.418e-03 0.379 1.668 0.785 0.319 0.173 0.115 0.097
0.0013794 -1.05000 10.04922 0.8470561504 2.4341355629    0.772  1.758  3.7323  2.449    4  0.000  0.514     0.00     0.00     0.00     0.00     0.00 -1    -1e-30      0.00 7.394e-01 2.592e-01 2.433e-04 7.932e-05 6.328e-04 -1.000 1.418e-03 0.375 1.663 0.781 0.315 0.169 0.111 0.094
0.0013794 -1.05000 10.04922 0.8471104503 2.4341522123    0.773  1.759  3.7326  2.450    4  0.000  0.514     0.00     0.00     0.00     0.00     0.00 -1    -1e-30      0.00 7.394e-01 2.592e-01 2.433e-04 7.932e-05 6.328e-04 -1.000 1.418e-03 0.374 1.658 0.778 0.313 0.168 0.110 0.093
0.0013794 -1.05000 10.04922 0.8471646309 2.4341688227    0.773  1.758  3.7331  2.452    4  0.000  0.514     0.00     0.00     0.00     0.00     0.00 -1    -1e-30      0.00 7.394e-01 2.592e-01 2.433e-04 7.932e-05 6.328e-04 -1.000 1.418e-03 0.374 1.654 0.777 0.314 0.169 0.112 0.095
0.0013794 -1.05000 10.04922 0.8472194672 2.4341856316    0.773  1.757  3.7337  2.456    4  0.000  0.514     0.00     0.00     0.00     0.00     0.00 -1    -1e-30      0.00 7.394e-01 2.592e-01 2.433e-04 7.932e-05 6.328e-04 -1.000 1.418e-03 0.376 1.649 0.776 0.315 0.172 0.116 0.099
0.0013794 -1.05000 10.04922 0.8472739458 2.4342023284    0.773  1.756  3.7344  2.460    4  0.000  0.514     0.00     0.00     0.00     0.00     0.00 -1    -1e-30      0.00 7.394e-01 2.592e-01 2.433e-04 7.932e-05 6.328e-04 -1.000 1.418e-03 0.379 1.645 0.776 0.318 0.176 0.120 0.104
0.0013794 -1.05000 10.04922 0.8473289609 2.4342191871    0.773  1.755  3.7352  2.464    4  0.000  0.514     0.00     0.00     0.00     0.00     0.00 -1    -1e-30      0.00 7.394e-01 2.592e-01 2.433e-04 7.932e-05 6.328e-04 -1.000 1.418e-03 0.383 1.641 0.776 0.321 0.180 0.125 0.109
0.0013794 -1.05000 10.04922 0.8473850489 2.4342363720    0.773  1.754  3.7359  2.468    4  0.000  0.514     0.00     0.00     0.00     0.00     0.00 -1    -1e-30      0.00 7.394e-01 2.592e-01 2.433e-04 7.932e-05 6.328e-04 -1.000 1.418e-03 0.386 1.637 0.776 0.324 0.184 0.130 0.114
0.0013794 -1.05000 10.04922 0.8474420905 2.4342538464    0.773  1.752  3.7366  2.472    4  0.000  0.514     0.00     0.00     0.00     0.00     0.00 -1    -1e-30      0.00 7.394e-01 2.592e-01 2.433e-04 7.932e-05 6.328e-04 -1.000 1.418e-03 0.389 1.632 0.776 0.326 0.188 0.135 0.119
0.0013794 -1.05000 10.04922 0.8474937677 2.4342696751    0.773  1.752  3.7373  2.476    4  0.000  0.514     0.00     0.00     0.00     0.00     0.00 -1    -1e-30      0.00 7.394e-01 2.592e-01 2.433e-04 7.932e-05 6.328e-04 -1.000 1.418e-03 0.391 1.628 0.776 0.328 0.191 0.139 0.123
0.0013794 -1.05000 10.04922 0.8475512266 2.4342872721    0.773  1.751  3.7379  2.479    4  0.000  0.514     0.00     0.00     0.00     0.00     0.00 -1    -1e-30      0.00 7.394e-01 2.592e-01 2.433e-04 7.932e-05 6.328e-04 -1.000 1.418e-03 0.393 1.624 0.775 0.330 0.194 0.142 0.127
0.0013794 -1.05000 10.04922 0.8476067781 2.4343042824    0.773  1.750  3.7384  2.482    4  0.000  0.514     0.00     0.00     0.00     0.00     0.00 -1    -1e-30      0.00 7.394e-01 2.592e-01 2.433e-04 7.932e-05 6.328e-04 -1.000 1.418e-03 0.395 1.621 0.775 0.332 0.196 0.145 0.130
0.0013794 -1.05000 10.04922 0.8476610184 2.4343208886    0.773  1.749  3.7388  2.484    4  0.000  0.514     0.00     0.00     0.00     0.00     0.00 -1    -1e-30      0.00 7.394e-01 2.592e-01 2.433e-04 7.932e-05 6.328e-04 -1.000 1.418e-03 0.396 1.618 0.774 0.333 0.198 0.147 0.133
0.0013794 -1.05000 10.04922 0.8476669788 2.4343227133    0.773  1.749  3.7389  2.484    4  0.000  0.514     0.00     0.00     0.00     0.00     0.00 -1    -1e-30      0.00 7.394e-01 2.592e-01 2.433e-04 7.932e-05 6.328e-04 -1.000 1.418e-03 0.396 1.617 0.774 0.333 0.198 0.147 0.133
0.0013794 -1.05000 10.04922 0.8476845622 2.4343280961    0.773  1.749  3.7390  2.485    4  0.000  0.514     0.00     0.00     0.00     0.00     0.00 -1    -1e-30      0.00 7.394e-01 2.592e-01 2.433e-04 7.932e-05 6.328e-04 -1.000 1.418e-03 0.397 1.616 0.774 0.333 0.198 0.148 0.134
0.0013794 -1.05000 10.04922 0.8477423787 2.4343457935    0.773  1.749  3.7393  2.486    4  0.000  0.514     0.00     0.00     0.00     0.00     0.00 -1    -1e-30      0.00 7.394e-01 2.592e-01 2.433e-04 7.932e-05 6.328e-04 -1.000 1.418e-03 0.397 1.613 0.772 0.333 0.199 0.149 0.135
0.0013794 -1.05000 10.04922 0.8478000760 2.4343634516    0.773  1.749  3.7396  2.487    4  0.000  0.514     0.00     0.00     0.00     0.00     0.00 -1    -1e-30      0.00 7.394e-01 2.592e-01 2.433e-04 7.932e-05 6.328e-04 -1.000 1.418e-03 0.396 1.610 0.771 0.333 0.199 0.149 0.135
0.0013794 -1.05000 10.04922 0.8478580117 2.4343811799    0.773  1.750  3.7397  2.487    4  0.000  0.514     0.00     0.00     0.00     0.00     0.00 -1    -1e-30      0.00 7.394e-01 2.592e-01 2.433e-04 7.932e-05 6.328e-04 -1.000 1.418e-03 0.395 1.608 0.769 0.331 0.198 0.148 0.134
0.0013794 -1.05000 10.04922 0.8479125500 2.4343978660    0.773  1.751  3.7397  2.486    4  0.000  0.514     0.00     0.00     0.00     0.00     0.00 -1    -1e-30      0.00 7.394e-01 2.592e-01 2.433e-04 7.932e-05 6.328e-04 -1.000 1.418e-03 0.393 1.605 0.767 0.329 0.195 0.146 0.132
0.0013794 -1.05000 10.04922 0.8479658961 2.4344141850    0.773  1.752  3.7396  2.485    4  0.000  0.514     0.00     0.00     0.00     0.00     0.00 -1    -1e-30      0.00 7.394e-01 2.592e-01 2.433e-04 7.932e-05 6.328e-04 -1.000 1.418e-03 0.390 1.603 0.764 0.326 0.192 0.143 0.129
0.0013794 -1.05000 10.04922 0.8480207324 2.4344309574    0.774  1.754  3.7394  2.482    4  0.000  0.514     0.00     0.00     0.00     0.00     0.00 -1    -1e-30      0.00 7.394e-01 2.592e-01 2.433e-04 7.932e-05 6.328e-04 -1.000 1.418e-03 0.386 1.602 0.761 0.322 0.188 0.138 0.124
0.0013794 -1.05000 10.04922 0.8480605483 2.4344431341    0.774  1.755  3.7392  2.480    4  0.000  0.514     0.00     0.00     0.00     0.00     0.00 -1    -1e-30      0.00 7.394e-01 2.592e-01 2.433e-04 7.932e-05 6.328e-04 -1.000 1.418e-03 0.382 1.600 0.758 0.318 0.184 0.134 0.120
0.0013794 -1.05000 10.04922 0.8480734825 2.4344470894    0.774  1.756  3.7391  2.479    4  0.000  0.514     0.00     0.00     0.00     0.00     0.00 -1    -1e-30      0.00 7.394e-01 2.592e-01 2.433e-04 7.932e-05 6.328e-04 -1.000 1.418e-03 0.381 1.600 0.757 0.317 0.183 0.132 0.118
0.0013794 -1.05000 10.04922 0.8481275439 2.4344636199    0.774  1.758  3.7386  2.475    4  0.000  0.514     0.00     0.00     0.00     0.00     0.00 -1    -1e-30      0.00 7.394e-01 2.592e-01 2.433e-04 7.932e-05 6.328e-04 -1.000 1.418e-03 0.375 1.598 0.753 0.311 0.176 0.125 0.111
0.0013794 -1.05000 10.04922 0.8481804729 2.4344798019    0.774  1.761  3.7381  2.470    4  0.000  0.514     0.00     0.00     0.00     0.00     0.00 -1    -1e-30      0.00 7.394e-01 2.592e-01 2.433e-04 7.932e-05 6.328e-04 -1.000 1.418e-03 0.367 1.596 0.748 0.304 0.168 0.117 0.102
0.0013794 -1.05000 10.04922 0.8482350111 2.4344964734    0.774  1.765  3.7375  2.464    4  0.000  0.514     0.00     0.00     0.00     0.00     0.00 -1    -1e-30      0.00 7.394e-01 2.592e-01 2.433e-04 7.932e-05 6.328e-04 -1.000 1.418e-03 0.358 1.594 0.742 0.295 0.158 0.106 0.091
0.0013794 -1.05000 10.04922 0.8482878208 2.4345126142    0.774  1.768  3.7368  2.457    4  0.000  0.514     0.00     0.00     0.00     0.00     0.00 -1    -1e-30      0.00 7.394e-01 2.592e-01 2.433e-04 7.932e-05 6.328e-04 -1.000 1.418e-03 0.349 1.592 0.735 0.286 0.148 0.095 0.080
0.0013794 -1.05000 10.04922 0.8483421206 2.4345292081    0.774  1.773  3.7360  2.450    4  0.000  0.514     0.00     0.00     0.00     0.00     0.00 -1    -1e-30      0.00 7.394e-01 2.592e-01 2.433e-04 7.932e-05 6.328e-04 -1.000 1.418e-03 0.338 1.589 0.728 0.276 0.136 0.082 0.067
0.0013794 -1.05000 10.04922 0.8483948112 2.4345453078    0.774  1.778  3.7351  2.441    4  0.000  0.514     0.00     0.00     0.00     0.00     0.00 -1    -1e-30      0.00 7.394e-01 2.592e-01 2.433e-04 7.932e-05 6.328e-04 -1.000 1.418e-03 0.326 1.585 0.719 0.263 0.122 0.068 0.051
0.0013794 -1.05000 10.04922 0.8484480381 2.4345615691    0.774  1.783  3.7343  2.433    4  0.000  0.514     0.00     0.00     0.00     0.00     0.00 -1    -1e-30      0.00 7.394e-01 2.592e-01 2.433e-04 7.932e-05 6.328e-04 -1.000 1.418e-03 0.312 1.580 0.709 0.250 0.108 0.052 0.036
0.0013794 -1.05000 10.04922 0.8485012650 2.4345778280    0.774  1.790  3.7332  2.422    4  0.000  0.514     0.00     0.00     0.00     0.00     0.00 -1    -1e-30      0.00 7.394e-01 2.592e-01 2.433e-04 7.932e-05 6.328e-04 -1.000 1.418e-03 0.296 1.576 0.697 0.234 0.090 0.033 0.016
0.0013794 -1.05000 10.04922 0.8485544920 2.4345940846    0.774  1.797  3.7320  2.410    4  0.000  0.514     0.00     0.00     0.00     0.00     0.00 -1    -1e-30      0.00 7.394e-01 2.592e-01 2.433e-04 7.932e-05 6.328e-04 -1.000 1.418e-03 0.277 1.569 0.684 0.216 0.070 0.012 -0.006
0.0013794 -1.05000 10.04922 0.8486073613 2.4346102296    0.774  1.798  3.7319  2.408    4  0.000  0.514     0.00     0.00     0.00     0.00     0.00 -1    -1e-30      0.00 7.394e-01 2.592e-01 2.433e-04 7.932e-05 6.328e-04 -1.000 1.418e-03 0.275 1.568 0.682 0.214 0.068 0.009 -0.008
0.0013794 -1.05000 10.04922 0.8486621380 2.4346269546    0.774  1.815  3.7293  2.381    4  0.000  0.514     0.00     0.00     0.00     0.00     0.00 -1    -1e-30      0.00 7.394e-01 2.592e-01 2.433e-04 7.932e-05 6.328e-04 -1.000 1.418e-03 0.233 1.554 0.651 0.173 0.022 -0.039 -0.058
0.0013794 -1.05000 10.04922 0.8487160206 2.4346434043    0.774  1.842  3.7254  2.339    4  0.000  0.514     0.00     0.00     0.00     0.00     0.00 -1    -1e-30      0.00 7.394e-01 2.592e-01 2.433e-04 7.932e-05 6.328e-04 -1.000 1.418e-03 0.165 1.530 0.600 0.107 -0.050 -0.115 -0.136
0.0013794 -1.05000 10.04922 0.8487533331 2.4346547939    0.774  1.878  3.7207  2.284    4  0.000  0.514     0.00     0.00     0.00     0.00     0.00 -1    -1e-30      0.00 7.394e-01 2.592e-01 2.433e-04 7.932e-05 6.328e-04 -1.000 1.418e-03 0.075 1.495 0.533 0.020 -0.144 -0.215 -0.238
0.0013794 -1.05000 10.04922 0.8487710953 2.4346602154    0.774  1.914  3.7161  2.229    4  0.000  0.514     0.00     0.00     0.00     0.00     0.00 -1    -1e-30      0.00 7.394e-01 2.592e-01 2.433e-04 7.932e-05 6.328e-04 -1.000 1.418e-03 -0.016 1.460 0.464 -0.067 -0.240 -0.316 -0.342
0.0013794 -1.05000 10.04922 0.8487790227 2.4346626350    0.774  1.950  3.7119  2.177    4  0.000  0.514     0.00     0.00     0.00     0.00     0.00 -1    -1e-30      0.00 7.394e-01 2.592e-01 2.433e-04 7.932e-05 6.328e-04 -1.000 1.418e-03 -0.104 1.425 0.398 -0.151 -0.331 -0.412 -0.440
0.0013794 -1.05000 10.04922 0.8487828374 2.4346637992    0.774  1.985  3.7078  2.126    4  0.000  0.514     0.00     0.00     0.00     0.00     0.00 -1    -1e-30      0.00 7.394e-01 2.592e-01 2.433e-04 7.932e-05 6.328e-04 -1.000 1.418e-03 -0.191 1.391 0.332 -0.234 -0.421 -0.507 -0.537
0.0013794 -1.05000 10.04922 0.8487848639 2.4346644178    0.774  2.021  3.7038  2.073    4  0.000  0.514     0.00     0.00     0.00     0.00     0.00 -1    -1e-30      0.00 7.394e-01 2.592e-01 2.433e-04 7.932e-05 6.328e-04 -1.000 1.418e-03 -0.283 1.353 0.262 -0.321 -0.515 -0.606 -0.639
0.0013794 -1.05000 10.04922 0.8487861156 2.4346647998    0.774  2.057  3.7002  2.023    4  0.000  0.514     0.00     0.00     0.00     0.00     0.00 -1    -1e-30      0.00 7.394e-01 2.592e-01 2.433e-04 7.932e-05 6.328e-04 -1.000 1.418e-03 -0.372 1.314 0.194 -0.405 -0.605 -0.701 -0.735
0.0013794 -1.05000 10.04922 0.8487861753 2.4346648180    0.774  2.060  3.6998  2.018    7  0.000  0.514     0.00     0.00     0.00     0.00     0.00 -1 -9.84e-10      0.00 7.394e-01 2.575e-01 2.433e-04 7.932e-05 6.328e-04 -1.000 3.064e-03 -0.380 1.311 0.188 -0.413 -0.614 -0.710 -0.745
0.0013794 -1.05000 10.04922 0.8487871885 2.4346651272    0.774  2.100  3.6961  1.963    7  0.000  0.514     0.00     0.00     0.00     0.00     0.00 -1 -1.24e-09      0.00 7.394e-01 2.575e-01 2.433e-04 7.932e-05 6.328e-04 -1.000 3.064e-03 -0.479 1.270 0.112 -0.506 -0.714 -0.815 -0.852
0.0013794 -1.05000 10.04922 0.8487880230 2.4346653819    0.774  2.133  3.6930  1.918    7  0.000  0.514     0.00     0.00     0.00     0.00     0.00 -1  -1.5e-09      0.00 7.394e-01 2.575e-01 2.433e-04 7.932e-05 6.328e-04 -1.000 3.064e-03 -0.562 1.236 0.048 -0.584 -0.798 -0.903 -0.941
0.0013794 -1.05000 10.04922 0.8487888575 2.4346656366    0.774  2.159  3.6906  1.882    7  0.000  0.514     0.00     0.00     0.00     0.00     0.00 -1 -1.74e-09      0.00 7.394e-01 2.575e-01 2.433e-04 7.932e-05 6.328e-04 -1.000 3.064e-03 -0.627 1.210 -0.001 -0.645 -0.863 -0.972 -1.011
0.0013794 -1.05000 10.04922 0.8487897515 2.4346659095    0.774  2.166  3.6899  1.872    7  0.000  0.514     0.00     0.00     0.00     0.00     0.00 -1 -1.81e-09      0.00 7.394e-01 2.575e-01 2.433e-04 7.932e-05 6.328e-04 -1.000 3.064e-03 -0.645 1.203 -0.015 -0.663 -0.882 -0.991 -1.031
0.0013794 -1.05000 10.04922 0.8487911820 2.4346663461    0.774  2.168  3.6897  1.869    7  0.000  0.514     0.00     0.00     0.00     0.00     0.00 -1 -1.83e-09      0.00 7.394e-01 2.575e-01 2.433e-04 7.932e-05 6.328e-04 -1.000 3.064e-03 -0.651 1.201 -0.019 -0.668 -0.887 -0.997 -1.037
0.0013794 -1.05000 10.04922 0.8487931490 2.4346669464    0.774  2.152  3.6912  1.891    7  0.000  0.514     0.00     0.00     0.00     0.00     0.00 -1 -1.67e-09      0.00 7.394e-01 2.575e-01 2.433e-04 7.932e-05 6.328e-04 -1.000 3.064e-03 -0.610 1.217 0.012 -0.630 -0.846 -0.954 -0.993
0.0013794 -1.05000 10.04922 0.8487954736 2.4346676559    0.774  2.143  3.6921  1.904    7  0.000  0.514     0.00     0.00     0.00     0.00     0.00 -1 -1.59e-09      0.00 7.394e-01 2.575e-01 2.433e-04 7.932e-05 6.328e-04 -1.000 3.064e-03 -0.587 1.226 0.029 -0.608 -0.823 -0.929 -0.968
0.0013794 -1.05000 10.04922 0.8488044739 2.4346704027    0.773  2.136  3.6927  1.913    7  0.000  0.514     0.00     0.00     0.00     0.00     0.00 -1 -1.54e-09      0.00 7.394e-01 2.575e-01 2.433e-04 7.932e-05 6.328e-04 -1.000 3.064e-03 -0.570 1.233 0.043 -0.591 -0.805 -0.911 -0.949
0.0013794 -1.05000 10.04922 0.8488322496 2.4346788793    0.771  2.164  3.6900  1.873    7  0.000  0.514     0.00     0.00     0.00     0.00     0.00 -1 -1.83e-09      0.00 7.394e-01 2.575e-01 2.433e-04 7.932e-05 6.328e-04 -1.000 3.064e-03 -0.641 1.206 -0.011 -0.658 -0.877 -0.986 -1.026
0.0013794 -1.05000 10.04922 0.8488497138 2.4346842087    0.769  2.202  3.6865  1.820    7  0.000  0.514     0.00     0.00     0.00     0.00     0.00 -1 -2.28e-09      0.00 7.394e-01 2.575e-01 2.433e-04 7.932e-05 6.328e-04 -1.000 3.064e-03 -0.735 1.173 -0.081 -0.745 -0.971 -1.085 -1.127
0.0013794 -1.05000 10.04922 0.8488692641 2.4346901744    0.767  2.254  3.6818  1.748    7  0.000  0.514     0.00     0.00     0.00     0.00     0.00 -1 -3.08e-09      0.00 7.394e-01 2.575e-01 2.433e-04 7.932e-05 6.328e-04 -1.000 3.064e-03 -0.865 1.141 -0.176 -0.869 -1.102 -1.222 -1.267
0.0013794 -1.05000 10.04922 0.8488870263 2.4346955942    0.764  2.307  3.6770  1.675    7  0.000  0.514     0.00     0.00     0.00     0.00     0.00 -1 -4.23e-09      0.00 7.394e-01 2.575e-01 2.433e-04 7.932e-05 6.328e-04 -1.000 3.064e-03 -0.997 1.117 -0.272 -0.997 -1.237 -1.362 -1.411
0.0013794 -1.05000 10.04922 0.8489024639 2.4347003044    0.761  2.353  3.6730  1.610    7  0.000  0.514     0.00     0.00     0.00     0.00     0.00 -1 -5.54e-09      0.00 7.394e-01 2.575e-01 2.433e-04 7.932e-05 6.328e-04 -1.000 3.064e-03 -1.114 1.098 -0.354 -1.108 -1.355 -1.485 -1.536
0.0013794 -1.05000 10.04922 0.8489160538 2.4347044508    0.757  2.398  3.6691  1.548    7  0.000  0.514     0.00     0.00     0.00     0.00     0.00 -1 -7.18e-09      0.00 7.394e-01 2.576e-01 2.433e-04 7.932e-05 6.328e-04 -1.000 3.058e-03 -1.224 1.085 -0.430 -1.213 -1.465 -1.600 -1.654
0.0013794 -1.05000 10.04922 0.8489279747 2.4347080878    0.752  2.440  3.6654  1.488    7  0.000  0.514     0.00     0.00     0.00     0.00     0.00 -1 -9.25e-09      0.00 7.394e-01 2.576e-01 2.432e-04 7.932e-05 6.328e-04 -1.000 2.988e-03 -1.330 1.080 -0.500 -1.312 -1.571 -1.710 -1.768
0.0013794 -1.05000 10.04922 0.8489385247 2.4347113064    0.747  2.482  3.6618  1.429    7  0.000  0.514     0.00     0.00     0.00     0.00     0.00 -1 -1.18e-08      0.00 7.394e-01 2.576e-01 2.431e-04 7.936e-05 6.328e-04 -1.000 2.964e-03 -1.434 1.084 -0.566 -1.409 -1.674 -1.818 -1.878
0.0013794 -1.05000 10.04922 0.8489480019 2.4347141977    0.742  2.523  3.6582  1.370    7  0.000  0.512     8.61     6.62     4.66     3.62     2.93  3 -1.51e-08      0.00 7.394e-01 2.577e-01 2.425e-04 7.965e-05 6.328e-04 -1.000 2.944e-03 -1.537 1.094 -0.629 -1.503 -1.775 -1.924 -1.987
0.0013794 -1.05000 10.04922 0.8489566445 2.4347168343    0.735  2.564  3.6533  1.305    7  0.000  0.509     9.86     7.43     5.20     4.05     3.27  3 -1.94e-08      0.00 7.394e-01 2.577e-01 2.411e-04 8.073e-05 6.328e-04 -1.000 2.881e-03 -1.641 1.122 -0.679 -1.587 -1.870 -2.027 -2.094
0.0013794 -1.05000 10.04922 0.8489645720 2.4347192526    0.727  2.605  3.6460  1.230    7  0.000  0.503    11.53     8.48     5.90     4.60     3.72  2 -2.53e-08      0.00 7.394e-01 2.578e-01 2.386e-04 8.328e-05 6.328e-04 -1.000 2.864e-03 -1.744 1.201 -0.703 -1.658 -1.959 -2.128 -2.201
0.0013794 -1.05000 10.04922 0.8489702344 2.4347209800    0.720  2.637  3.6415  1.176    7  0.000  0.497    12.90     9.33     6.46     5.05     4.09  2 -3.09e-08      0.00 7.394e-01 2.578e-01 2.359e-04 8.644e-05 6.328e-04 -1.000 2.849e-03 -1.823 1.241 -0.731 -1.716 -2.028 -2.205 -2.281
0.0013794 -1.05000 10.04922 0.8489772677 2.4347231255    0.709  2.678  3.6380  1.114    7  0.000  0.490    14.65    10.39     7.15     5.60     4.54  2 -3.98e-08      0.00 7.394e-01 2.578e-01 2.324e-04 9.069e-05 6.328e-04 -1.000 2.826e-03 -1.925 1.244 -0.788 -1.801 -2.123 -2.306 -2.385
0.0013794 -1.05000 10.04922 0.8489839435 2.4347251619    0.695  2.718  3.6344  1.051    7  0.000  0.483    16.68    11.59     7.94     6.23     5.05  2 -5.23e-08      0.00 7.393e-01 2.579e-01 2.293e-04 9.456e-05 6.328e-04 -1.000 2.787e-03 -2.025 1.252 -0.842 -1.883 -2.215 -2.404 -2.486
0.0013794 -1.05000 10.04922 0.8489905000 2.4347271619    0.677  2.758  3.6309  0.985    7  0.000  0.477    19.07    12.97     8.83     6.95     5.63  2 -6.95e-08      0.00 7.393e-01 2.579e-01 2.265e-04 9.797e-05 6.328e-04 -1.000 2.816e-03 -2.126 1.263 -0.895 -1.965 -2.307 -2.503 -2.588
0.0013794 -1.05000 10.04922 0.8489967585 2.4347290710    0.653  2.800  3.6275  0.914    7  0.000  0.471    22.00    14.61     9.88     7.81     6.32  1 -9.56e-08      0.00 7.392e-01 2.580e-01 2.240e-04 1.010e-04 6.328e-04 -1.000 2.794e-03 -2.231 1.280 -0.944 -2.048 -2.402 -2.605 -2.693
0.0013794 -1.05000 10.04922 0.8490023017 2.4347307618    0.624  2.840  3.6250  0.845    7  0.000  0.467    25.27    16.37    11.01     8.72     7.06  1 -1.34e-07      0.00 7.392e-01 2.581e-01 2.219e-04 1.036e-04 6.328e-04 -1.000 2.734e-03 -2.330 1.279 -0.999 -2.132 -2.495 -2.704 -2.795
0.0013794 -1.05000 10.04922 0.8490074873 2.4347323436    0.586  2.883  3.6246  0.773    7  0.000  0.463    29.12    18.35    12.26     9.75     7.89  1 -1.99e-07      0.00 7.391e-01 2.581e-01 2.200e-04 1.060e-04 6.328e-04 -1.000 2.744e-03 -2.439 1.229 -1.087 -2.237 -2.604 -2.815 -2.906
0.0013794 -1.05000 10.04922 0.8490114212 2.4347335435    0.543  2.926  3.6338  0.734    7  0.000  0.459    31.20    19.31    12.85    10.26     8.30  1 -2.99e-07      0.00 7.390e-01 2.582e-01 2.183e-04 1.081e-04 6.327e-04 -1.000 2.718e-03 -2.544 0.955 -1.292 -2.398 -2.741 -2.935 -3.020
0.0013794 -1.05000 10.04922 0.8490130305 2.4347340344    0.511  2.945  3.6534  0.766    7  0.000  0.457    28.73    17.93    11.95     9.55     7.72  1 -3.51e-07      0.00 7.390e-01 2.583e-01 2.173e-04 1.093e-04 6.327e-04 -1.000 2.764e-03 -2.593 0.466 -1.555 -2.546 -2.842 -3.002 -3.072
0.0013794 -1.05000 10.04922 1.0957379341 2.4909603871    0.545 -9.999  3.6194  7.955    9  0.545  0.000     0.00     0.00     0.00     0.00     0.00 -1    -1e-30      0.00 7.258e-01 2.727e-01 2.008e-04 1.499e-04 6.442e-04 -1.000 1.417e-03 29.767 32.909 31.068 29.909 29.494 29.288 29.217
