# Zini     MH   logAge Mini        int_IMF         Mass   logL    logTe  logg  label   McoreTP C_O  period0  period1  period2  period3  period4  pmode  Mloss  tau1m   X   Y   Xc  Xn  Xo  Cexcess  Z 	 mbolmag  umag    gmag    rmag    imag    zmag    Ymag
0.0010968 -1.15000 10.00860 0.0900000036 1.0816895926    0.090 -3.218  3.4539  5.378    1  0.000  0.545     0.00     0.00     0.00     0.00     0.00 -1 -5.19e-17      0.00 7.467e-01 2.522e-01 2.038e-04 5.498e-05 4.986e-04 -1.000 1.133e-03 12.816 18.041 16.839 14.990 12.908 12.209 12.073
0.0010968 -1.15000 10.00860 0.0959846824 1.1366618334    0.096 -3.065  3.4758  5.340    1  0.000  0.545     0.00     0.00     0.00     0.00     0.00 -1 -7.48e-17      0.00 7.459e-01 2.529e-01 2.038e-04 5.498e-05 4.986e-04 -1.000 1.133e-03 12.431 17.595 15.947 14.126 12.428 11.841 11.712
0.0010968 -1.15000 10.00860 0.1000000015 1.1711064122    0.100 -2.967  3.4898  5.316    1  0.000  0.545     0.00     0.00     0.00     0.00     0.00 -1 -9.44e-17      0.00 7.455e-01 2.534e-01 2.038e-04 5.498e-05 4.986e-04 -1.000 1.133e-03 12.187 17.274 15.391 13.601 12.133 11.610 11.485
0.0010968 -1.15000 10.00860 0.1199999899 1.3193153758    0.120 -2.684  3.5226  5.243    1  0.000  0.545     0.00     0.00     0.00     0.00     0.00 -1  -1.8e-16      0.00 7.436e-01 2.553e-01 2.038e-04 5.498e-05 4.987e-04 -1.000 1.133e-03 11.479 16.202 14.039 12.370 11.340 10.935 10.820
0.0010968 -1.15000 10.00860 0.1400000006 1.4384526719    0.140 -2.502  3.5393  5.194    1  0.000  0.545     0.00     0.00     0.00     0.00     0.00 -1 -2.68e-16      0.00 7.422e-01 2.567e-01 2.038e-04 5.498e-05 4.987e-04 -1.000 1.133e-03 11.024 15.486 13.306 11.715 10.853 10.494 10.385
0.0010968 -1.15000 10.00860 0.1599999964 1.5372931554    0.160 -2.362  3.5498  5.156    1  0.000  0.545     0.00     0.00     0.00     0.00     0.00 -1 -3.61e-16      0.00 7.410e-01 2.578e-01 2.038e-04 5.498e-05 4.987e-04 -1.000 1.133e-03 10.676 14.956 12.796 11.258 10.489 10.155 10.050
0.0010968 -1.15000 10.00860 0.2000000179 1.6938791367    0.200 -2.143  3.5641  5.090    1  0.000  0.545     0.00     0.00     0.00     0.00     0.00 -1 -5.76e-16      0.00 7.397e-01 2.592e-01 2.038e-04 5.498e-05 4.987e-04 -1.000 1.133e-03 10.128 14.147 12.046 10.581 9.924 9.621 9.521
0.0010968 -1.15000 10.00860 0.2500000000 1.8403257998    0.250 -1.938  3.5754  5.028    1  0.000  0.545     0.00     0.00     0.00     0.00     0.00 -1 -5.69e-16      0.00 7.393e-01 2.596e-01 2.038e-04 5.498e-05 4.987e-04 -1.000 1.133e-03 9.615 13.428 11.387 9.984 9.401 9.119 9.025
0.0010968 -1.15000 10.00860 0.3000000417 1.9529140366    0.300 -1.780  3.5839  4.982    1  0.000  0.545     0.00     0.00     0.00     0.00     0.00 -1 -9.63e-16      0.00 7.394e-01 2.595e-01 2.038e-04 5.498e-05 4.987e-04 -1.000 1.133e-03 9.219 12.880 10.888 9.536 8.998 8.731 8.641
0.0010968 -1.15000 10.00860 0.3499999940 2.0434174644    0.350 -1.651  3.5911  4.949    1  0.000  0.545     0.00     0.00     0.00     0.00     0.00 -1 -1.59e-15      0.00 7.478e-01 2.510e-01 2.038e-04 5.498e-05 4.986e-04 -1.000 1.133e-03 8.897 12.430 10.483 9.175 8.670 8.415 8.328
0.0010968 -1.15000 10.00860 0.4000000060 2.1185024399    0.400 -1.501  3.6021  4.901    1  0.000  0.545     0.00     0.00     0.00     0.00     0.00 -1 -2.22e-15      0.00 7.485e-01 2.504e-01 2.038e-04 5.498e-05 4.986e-04 -1.000 1.133e-03 8.522 11.875 9.988 8.749 8.287 8.050 7.968
0.0010968 -1.15000 10.00860 0.4500000179 2.1822809362    0.450 -1.325  3.6192  4.845    1  0.000  0.545     0.00     0.00     0.00     0.00     0.00 -1 -3.35e-15      0.00 7.485e-01 2.504e-01 2.038e-04 5.498e-05 4.986e-04 -1.000 1.133e-03 8.083 11.177 9.373 8.244 7.837 7.627 7.554
0.0010968 -1.15000 10.00860 0.5000000000 2.2374541529    0.500 -1.124  3.6468  4.801    1  0.000  0.545     0.00     0.00     0.00     0.00     0.00 -1 -5.31e-15      0.00 7.485e-01 2.504e-01 2.038e-04 5.498e-05 4.986e-04 -1.000 1.133e-03 7.581 10.276 8.600 7.651 7.327 7.159 7.099
0.0010968 -1.15000 10.00860 0.5500000715 2.2836583126    0.550 -0.907  3.6779  4.749    1  0.000  0.544     0.00     0.00     0.00     0.00     0.00 -1 -8.85e-15      0.00 7.779e-01 2.211e-01 1.816e-04 4.903e-05 4.449e-04 -1.000 1.020e-03 7.038 9.225 7.779 7.025 6.780 6.659 6.614
0.0010968 -1.15000 10.00860 0.6000000238 2.3211213258    0.600 -0.707  3.7059  4.699    1  0.000  0.544     0.00     0.00     0.00     0.00     0.00 -1 -1.42e-14      0.00 7.856e-01 2.134e-01 1.763e-04 4.760e-05 4.321e-04 -1.000 9.609e-04 6.538 8.269 7.091 6.478 6.284 6.199 6.170
0.0010968 -1.15000 10.00860 0.6080285311 2.3264802821    0.608 -0.675  3.7110  4.692    1  0.000  0.544     0.00     0.00     0.00     0.00     0.00 -1 -1.54e-14      0.00 7.869e-01 2.121e-01 1.753e-04 4.735e-05 4.298e-04 -1.000 9.762e-04 6.456 8.114 6.981 6.390 6.205 6.126 6.100
0.0010968 -1.15000 10.00860 0.6250865459 2.3373426382    0.625 -0.605  3.7216  4.677    1  0.000  0.544     0.00     0.00     0.00     0.00     0.00 -1 -1.81e-14      0.00 7.898e-01 2.092e-01 1.732e-04 4.679e-05 4.248e-04 -1.000 9.832e-04 6.282 7.797 6.755 6.208 6.039 5.972 5.952
0.0010968 -1.15000 10.00860 0.6411803365 2.3469839856    0.641 -0.539  3.7315  4.662    1  0.000  0.543     0.00     0.00     0.00     0.00     0.00 -1 -2.11e-14      0.00 7.927e-01 2.063e-01 1.711e-04 4.624e-05 4.199e-04 -1.000 9.731e-04 6.118 7.512 6.549 6.039 5.885 5.830 5.814
0.0010968 -1.15000 10.00860 0.6499999762 2.3520353107    0.650 -0.503  3.7368  4.653    1  0.000  0.543     0.00     0.00     0.00     0.00     0.00 -1  -2.3e-14      0.00 7.943e-01 2.047e-01 1.700e-04 4.593e-05 4.171e-04 -1.000 1.007e-03 6.028 7.364 6.439 5.948 5.801 5.751 5.739
0.0010968 -1.15000 10.00860 0.6510393023 2.3526202126    0.651 -0.499  3.7374  4.652    1  0.000  0.543     0.00     0.00     0.00     0.00     0.00 -1 -2.33e-14      0.00 7.946e-01 2.044e-01 1.698e-04 4.589e-05 4.167e-04 -1.000 1.006e-03 6.017 7.347 6.426 5.937 5.792 5.742 5.730
0.0010968 -1.15000 10.00860 0.6675021648 2.3616063693    0.667 -0.431  3.7464  4.631    1  0.000  0.543     0.00     0.00     0.00     0.00     0.00 -1 -2.75e-14      0.00 7.984e-01 2.007e-01 1.672e-04 4.520e-05 4.105e-04 -1.000 9.304e-04 5.849 7.083 6.226 5.769 5.638 5.598 5.589
0.0010968 -1.15000 10.00860 0.6827883720 2.3695056263    0.683 -0.369  3.7545  4.611    1  0.000  0.543     0.00     0.00     0.00     0.00     0.00 -1 -3.22e-14      0.00 8.020e-01 1.970e-01 1.647e-04 4.452e-05 4.044e-04 -1.000 9.155e-04 5.691 6.845 6.041 5.615 5.496 5.465 5.460
0.0010968 -1.15000 10.00860 0.6968503594 2.3764214215    0.697 -0.310  3.7616  4.590    1  0.000  0.542     0.00     0.00     0.00     0.00     0.00 -1 -3.73e-14      0.00 8.057e-01 1.934e-01 1.621e-04 4.386e-05 3.985e-04 -1.000 9.072e-04 5.545 6.631 5.872 5.473 5.366 5.342 5.340
0.0010968 -1.15000 10.00860 0.6999999881 2.3779266974    0.700 -0.297  3.7632  4.584    1  0.000  0.542     0.00     0.00     0.00     0.00     0.00 -1 -3.86e-14      0.00 8.065e-01 1.926e-01 1.616e-04 4.370e-05 3.971e-04 -1.000 9.071e-04 5.512 6.584 5.834 5.441 5.336 5.314 5.313
0.0010968 -1.15000 10.00860 0.7074310780 2.3814171692    0.707 -0.265  3.7668  4.572    1  0.000  0.541     0.00     0.00     0.00     0.00     0.00 -1  -4.2e-14      0.00 8.089e-01 1.902e-01 1.596e-04 4.324e-05 3.931e-04 -1.000 9.067e-04 5.432 6.474 5.745 5.365 5.265 5.247 5.247
0.0010968 -1.15000 10.00860 0.7177200913 2.3861130919    0.717 -0.220  3.7716  4.553    1  0.000  0.539     0.00     0.00     0.00     0.00     0.00 -1 -4.72e-14      0.00 8.124e-01 1.867e-01 1.567e-04 4.259e-05 3.873e-04 -1.000 8.889e-04 5.321 6.323 5.620 5.258 5.166 5.152 5.155
0.0010968 -1.15000 10.00860 0.7274406552 2.3904095231    0.727 -0.177  3.7760  4.533    1  0.000  0.538     0.00     0.00     0.00     0.00     0.00 -1 -5.29e-14      0.00 8.160e-01 1.831e-01 1.539e-04 4.193e-05 3.815e-04 -1.000 8.691e-04 5.214 6.181 5.501 5.156 5.070 5.061 5.065
0.0010968 -1.15000 10.00860 0.7366924286 2.3943778766    0.736 -0.136  3.7801  4.513    1  0.000  0.536     0.00     0.00     0.00     0.00     0.00 -1 -5.91e-14      0.00 8.196e-01 1.796e-01 1.511e-04 4.127e-05 3.757e-04 -1.000 8.294e-04 5.109 6.045 5.386 5.056 4.976 4.971 4.977
0.0010968 -1.15000 10.00860 0.7456729412 2.3981217651    0.745 -0.094  3.7839  4.492    1  0.000  0.535     0.00     0.00     0.00     0.00     0.00 -1 -6.62e-14      0.00 8.232e-01 1.760e-01 1.482e-04 4.059e-05 3.697e-04 -1.000 8.066e-04 5.006 5.918 5.274 4.957 4.883 4.882 4.888
0.0010968 -1.15000 10.00860 0.7500000000 2.3998889087    0.750 -0.074  3.7857  4.481    1  0.000  0.534     0.00     0.00     0.00     0.00     0.00 -1 -7.01e-14      0.00 8.250e-01 1.742e-01 1.468e-04 4.025e-05 3.667e-04 -1.000 8.118e-04 4.954 5.856 5.218 4.907 4.836 4.836 4.844
0.0010968 -1.15000 10.00860 0.7563127875 2.4024253491    0.756 -0.044  3.7879  4.464    1  0.000  0.533     0.00     0.00     0.00     0.00     0.00 -1 -7.64e-14      0.00 8.283e-01 1.709e-01 1.447e-04 3.968e-05 3.616e-04 -1.000 8.181e-04 4.879 5.766 5.137 4.835 4.767 4.769 4.778
0.0010968 -1.15000 10.00860 0.7661573291 2.4062850619    0.766  0.005  3.7913  4.434    1  0.000  0.533     0.00     0.00     0.00     0.00     0.00 -1 -8.78e-14      0.00 8.332e-01 1.659e-01 1.415e-04 3.883e-05 3.540e-04 -1.000 8.057e-04 4.757 5.624 5.007 4.717 4.654 4.660 4.669
0.0010968 -1.15000 10.00860 0.7750466466 2.4096735591    0.774  0.051  3.7944  4.405    1  0.000  0.532     0.00     0.00     0.00     0.00     0.00 -1    -1e-13      0.00 8.375e-01 1.617e-01 1.388e-04 3.810e-05 3.476e-04 -1.000 8.017e-04 4.642 5.491 4.884 4.605 4.548 4.556 4.566
0.0010968 -1.15000 10.00860 0.7833862901 2.4127722571    0.783  0.096  3.7971  4.376    1  0.000  0.532     0.00     0.00     0.00     0.00     0.00 -1 -1.15e-13      0.00 8.413e-01 1.579e-01 1.364e-04 3.747e-05 3.420e-04 -1.000 7.980e-04 4.529 5.362 4.763 4.494 4.442 4.453 4.464
0.0010968 -1.15000 10.00860 0.7915282845 2.4157251867    0.791  0.143  3.7997  4.344    1  0.000  0.531     0.00     0.00     0.00     0.00     0.00 -1 -1.32e-13      0.00 8.447e-01 1.545e-01 1.343e-04 3.691e-05 3.370e-04 -1.000 7.955e-04 4.412 5.230 4.639 4.380 4.332 4.345 4.357
0.0010968 -1.15000 10.00860 0.8000000119 2.4187244405    0.799  0.194  3.8021  4.307    1  0.000  0.531     0.00     0.00     0.00     0.00     0.00 -1 -1.53e-13      0.00 8.479e-01 1.513e-01 1.324e-04 3.640e-05 3.324e-04 -1.000 7.847e-04 4.284 5.090 4.505 4.255 4.210 4.226 4.239
0.0010968 -1.15000 10.00860 0.8065000772 2.4209766028    0.806  0.235  3.8039  4.277    1  0.000  0.530     0.00     0.00     0.00     0.00     0.00 -1 -1.73e-13      0.00 8.488e-01 1.504e-01 1.321e-04 3.634e-05 3.320e-04 -1.000 7.822e-04 4.183 4.980 4.398 4.155 4.113 4.131 4.144
0.0010968 -1.15000 10.00860 0.8156431317 2.4240747520    0.815  0.295  3.8058  4.229    1  0.000  0.530     0.00     0.00     0.00     0.00     0.00 -1 -2.09e-13      0.00 8.491e-01 1.501e-01 1.324e-04 3.641e-05 3.328e-04 -1.000 7.895e-04 4.031 4.818 4.240 4.005 3.966 3.986 3.999
0.0010968 -1.15000 10.00860 0.8228070140 2.4264470062    0.822  0.347  3.8067  4.185    1  0.000  0.530     0.00     0.00     0.00     0.00     0.00 -1 -2.49e-13      0.00 8.480e-01 1.512e-01 1.335e-04 3.673e-05 3.357e-04 -1.000 7.934e-04 3.903 4.684 4.108 3.876 3.840 3.860 3.874
0.0010968 -1.15000 10.00860 0.8230263591 2.4265188914    0.822  0.348  3.8068  4.183    1  0.000  0.530     0.00     0.00     0.00     0.00     0.00 -1  -2.5e-13      0.00 8.479e-01 1.513e-01 1.335e-04 3.674e-05 3.358e-04 -1.000 7.934e-04 3.899 4.679 4.103 3.872 3.836 3.856 3.870
0.0010968 -1.15000 10.00860 0.8261017799 2.4275221665    0.825  0.373  3.8066  4.160    1  0.000  0.530     0.00     0.00     0.00     0.00     0.00 -1 -2.71e-13      0.00 8.474e-01 1.518e-01 1.340e-04 3.689e-05 3.371e-04 -1.000 7.933e-04 3.837 4.618 4.041 3.810 3.774 3.794 3.808
0.0010968 -1.15000 10.00860 0.8323702812 2.4295407258    0.831  0.427  3.8053  4.104    1  0.000  0.530     0.00     0.00     0.00     0.00     0.00 -1 -3.23e-13      0.00 8.462e-01 1.530e-01 1.351e-04 3.720e-05 3.400e-04 -1.000 7.893e-04 3.704 4.489 3.909 3.675 3.637 3.656 3.669
0.0010968 -1.15000 10.00860 0.8376760483 2.4312221483    0.836  0.477  3.8025  4.045    1  0.000  0.530     0.00     0.00     0.00     0.00     0.00 -1 -3.88e-13      0.00 8.452e-01 1.540e-01 1.361e-04 3.747e-05 3.425e-04 -1.000 7.928e-04 3.578 4.374 3.788 3.546 3.504 3.520 3.532
0.0010968 -1.15000 10.00860 0.8387002349 2.4315439020    0.837  0.487  3.8017  4.033    1  0.000  0.530     0.00     0.00     0.00     0.00     0.00 -1 -4.04e-13      0.00 8.450e-01 1.542e-01 1.363e-04 3.752e-05 3.430e-04 -1.000 7.933e-04 3.552 4.351 3.763 3.519 3.477 3.492 3.504
0.0010968 -1.15000 10.00860 0.8419539928 2.4325601173    0.840  0.525  3.7970  3.978    2  0.000  0.530     0.00     0.00     0.00     0.00     0.00 -1 -4.68e-13      0.00 8.441e-01 1.551e-01 1.373e-04 3.780e-05 3.455e-04 -1.000 7.967e-04 3.458 4.278 3.679 3.420 3.370 3.381 3.392
0.0010968 -1.15000 10.00860 0.8454017043 2.4336270982    0.844  0.569  3.7890  3.903    2  0.000  0.530     0.00     0.00     0.00     0.00     0.00 -1 -5.62e-13      0.00 8.417e-01 1.575e-01 1.402e-04 3.857e-05 3.525e-04 -1.000 8.035e-04 3.347 4.208 3.587 3.302 3.241 3.244 3.252
0.0010968 -1.15000 10.00860 0.8477578759 2.4343505366    0.846  0.602  3.7798  3.835    2  0.000  0.531     0.00     0.00     0.00     0.00     0.00 -1 -6.56e-13      0.00 8.323e-01 1.669e-01 1.478e-04 4.063e-05 3.711e-04 -1.000 8.234e-04 3.265 4.179 3.529 3.213 3.137 3.131 3.136
0.0010968 -1.15000 10.00860 0.8494842649 2.4348776781    0.848  0.626  3.7698  3.772    2  0.000  0.533     0.00     0.00     0.00     0.00     0.00 -1 -7.44e-13      0.00 8.048e-01 1.943e-01 1.653e-04 4.534e-05 4.133e-04 -1.000 9.108e-04 3.206 4.187 3.498 3.148 3.057 3.041 3.041
0.0010968 -1.15000 10.00860 0.8499999642 2.4350346659    0.848  0.633  3.7663  3.751    2  0.000  0.534     0.00     0.00     0.00     0.00     0.00 -1 -7.75e-13      0.00 7.961e-01 2.030e-01 1.707e-04 4.679e-05 4.263e-04 -1.000 9.468e-04 3.188 4.195 3.490 3.128 3.031 3.012 3.011
0.0010968 -1.15000 10.00860 0.8504570723 2.4351736344    0.849  0.639  3.7631  3.732    2  0.000  0.535     0.00     0.00     0.00     0.00     0.00 -1 -8.04e-13      0.00 7.883e-01 2.107e-01 1.755e-04 4.808e-05 4.378e-04 -1.000 9.786e-04 3.172 4.202 3.484 3.110 3.009 2.986 2.984
0.0010968 -1.15000 10.00860 0.8515391946 2.4355019342    0.850  0.659  3.7545  3.678    2  0.000  0.536     0.00     0.00     0.00     0.00     0.00 -1 -8.96e-13      0.00 7.764e-01 2.226e-01 1.829e-04 5.004e-05 4.552e-04 -1.000 1.028e-03 3.121 4.219 3.461 3.057 2.942 2.911 2.905
0.0010968 -1.15000 10.00860 0.8525164723 2.4357976021    0.851  0.688  3.7469  3.619    2  0.000  0.536     0.00     0.00     0.00     0.00     0.00 -1 -1.02e-12      0.00 7.694e-01 2.296e-01 1.872e-04 5.119e-05 4.654e-04 -1.000 1.058e-03 3.049 4.209 3.415 2.985 2.858 2.818 2.810
0.0010968 -1.15000 10.00860 0.8534155488 2.4360689232    0.851  0.729  3.7412  3.556    2  0.000  0.537     0.00     0.00     0.00     0.00     0.00 -1 -1.21e-12      0.00 7.650e-01 2.339e-01 1.898e-04 5.189e-05 4.716e-04 -1.000 1.118e-03 2.947 4.154 3.333 2.883 2.748 2.702 2.691
0.0010968 -1.15000 10.00860 0.8539152741 2.4362194450    0.852  0.756  3.7384  3.518    2  0.000  0.537     0.00     0.00     0.00     0.00     0.00 -1 -1.34e-12      0.00 7.630e-01 2.359e-01 1.910e-04 5.219e-05 4.743e-04 -1.000 1.113e-03 2.879 4.110 3.275 2.817 2.677 2.628 2.615
0.0010968 -1.15000 10.00860 0.8541418314 2.4362876194    0.852  0.771  3.7374  3.499    2  0.000  0.537     0.00     0.00     0.00     0.00     0.00 -1 -1.42e-12      0.00 7.621e-01 2.367e-01 1.913e-04 5.230e-05 4.753e-04 -1.000 1.114e-03 2.842 4.081 3.242 2.780 2.639 2.589 2.576
0.0010968 -1.15000 10.00860 0.8547418118 2.4364679615    0.853  0.812  3.7349  3.449    3  0.000  0.537     0.00     0.00     0.00     0.00     0.00 -1 -1.65e-12      0.00 7.600e-01 2.389e-01 1.923e-04 5.256e-05 4.777e-04 -1.000 1.096e-03 2.740 4.002 3.149 2.680 2.535 2.482 2.467
0.0010968 -1.15000 10.00860 0.8553222418 2.4366421502    0.853  0.855  3.7328  3.397    3  0.000  0.537     0.00     0.00     0.00     0.00     0.00 -1 -1.93e-12      0.00 7.580e-01 2.410e-01 1.931e-04 5.278e-05 4.796e-04 -1.000 1.060e-03 2.633 3.914 3.050 2.573 2.425 2.370 2.354
0.0010968 -1.15000 10.00860 0.8558825850 2.4368100532    0.854  0.900  3.7309  3.345    3  0.000  0.537     0.00     0.00     0.00     0.00     0.00 -1 -2.27e-12      0.00 7.560e-01 2.429e-01 1.937e-04 5.296e-05 4.812e-04 -1.000 1.113e-03 2.520 3.817 2.943 2.461 2.311 2.253 2.236
0.0010968 -1.15000 10.00860 0.8564632535 2.4369837799    0.854  0.951  3.7290  3.287    3  0.000  0.536     0.00     0.00     0.00     0.00     0.00 -1 -2.73e-12      0.00 7.539e-01 2.451e-01 1.941e-04 5.316e-05 4.825e-04 -1.000 1.052e-03 2.393 3.708 2.824 2.336 2.182 2.122 2.105
0.0010968 -1.15000 10.00860 0.8569483757 2.4371287131    0.855  0.997  3.7275  3.235    3  0.000  0.535     0.00     0.00     0.00     0.00     0.00 -1 -3.22e-12      0.00 7.519e-01 2.470e-01 1.940e-04 5.342e-05 4.836e-04 -1.000 1.063e-03 2.278 3.608 2.716 2.223 2.067 2.005 1.987
0.0010968 -1.15000 10.00860 0.8574399352 2.4372753772    0.855  1.047  3.7259  3.179    3  0.000  0.532     0.00     0.00     0.00     0.00     0.00 -1 -3.86e-12      0.00 7.500e-01 2.489e-01 1.933e-04 5.400e-05 4.845e-04 -1.000 1.092e-03 2.152 3.496 2.596 2.099 1.940 1.877 1.857
0.0010968 -1.15000 10.00860 0.8578838706 2.4374076658    0.855  1.096  3.7243  3.123    3  0.000  0.528     0.00     0.00     0.00     0.00     0.00 -1  -4.6e-12      0.00 7.482e-01 2.507e-01 1.920e-04 5.515e-05 4.852e-04 -1.000 1.083e-03 2.030 3.388 2.480 1.978 1.817 1.751 1.731
0.0010968 -1.15000 10.00860 0.8583123684 2.4375352049    0.856  1.148  3.7227  3.065    3  0.000  0.522     0.00     0.00     0.00     0.00     0.00 -1 -5.54e-12      0.00 7.465e-01 2.524e-01 1.902e-04 5.698e-05 4.857e-04 -1.000 1.104e-03 1.900 3.274 2.357 1.850 1.687 1.619 1.598
0.0010968 -1.15000 10.00860 0.8586764336 2.4376434511    0.856  1.196  3.7211  3.011    3  0.000  0.517     0.00     0.00     0.00     0.00     0.00 -1 -6.58e-12      0.00 7.452e-01 2.537e-01 1.883e-04 5.908e-05 4.862e-04 -1.000 1.062e-03 1.780 3.168 2.244 1.731 1.566 1.496 1.474
0.0010968 -1.15000 10.00860 0.8590108156 2.4377427788    0.856  1.244  3.7194  2.956    3  0.000  0.511     0.00     0.00     0.00     0.00     0.00 -1 -7.83e-12      0.00 7.441e-01 2.549e-01 1.863e-04 6.141e-05 4.865e-04 -1.000 1.088e-03 1.660 3.065 2.130 1.612 1.444 1.372 1.349
0.0010968 -1.15000 10.00860 0.8593169451 2.4378336361    0.856  1.292  3.7177  2.901    3  0.000  0.506     0.00     0.00     0.00     0.00     0.00 -1 -9.32e-12      0.00 7.431e-01 2.558e-01 1.845e-04 6.358e-05 4.868e-04 -1.000 1.130e-03 1.540 2.963 2.018 1.494 1.323 1.249 1.225
0.0010968 -1.15000 10.00860 0.8596045971 2.4379189417    0.857  1.341  3.7159  2.845    3  0.000  0.502     0.00     0.00     0.00     0.00     0.00 -1 -1.11e-11      0.00 7.423e-01 2.566e-01 1.831e-04 6.529e-05 4.870e-04 -1.000 1.098e-03 1.417 2.860 1.903 1.373 1.199 1.123 1.098
0.0010968 -1.15000 10.00860 0.8598470688 2.4379907976    0.857  1.386  3.7142  2.793    3  0.000  0.499     0.00     0.00     0.00     0.00     0.00 -1 -1.31e-11      0.00 7.419e-01 2.570e-01 1.823e-04 6.640e-05 4.871e-04 -1.000 1.069e-03 1.304 2.766 1.799 1.262 1.085 1.007 0.981
0.0010968 -1.15000 10.00860 0.8600805402 2.4380599424    0.857  1.434  3.7123  2.738    3  0.000  0.497     0.00     0.00     0.00     0.00     0.00 -1 -1.56e-11      0.00 7.415e-01 2.574e-01 1.815e-04 6.741e-05 4.872e-04 -1.000 1.120e-03 1.186 2.668 1.689 1.146 0.966 0.885 0.858
0.0010968 -1.15000 10.00860 0.8602973819 2.4381241234    0.857  1.482  3.7104  2.683    3  0.000  0.496     0.00     0.00     0.00     0.00     0.00 -1 -1.86e-11      0.00 7.412e-01 2.577e-01 1.811e-04 6.792e-05 4.872e-04 -1.000 1.117e-03 1.065 2.569 1.578 1.028 0.845 0.761 0.733
0.0010968 -1.15000 10.00860 0.8604919314 2.4381816747    0.857  1.529  3.7084  2.628    3  0.000  0.495     0.00     0.00     0.00     0.00     0.00 -1  -2.2e-11      0.00 7.411e-01 2.577e-01 1.809e-04 6.810e-05 4.873e-04 -1.000 1.130e-03 0.948 2.475 1.471 0.913 0.726 0.640 0.611
0.0010968 -1.15000 10.00860 0.8606707454 2.4382345447    0.857  1.576  3.7064  2.572    3  0.000  0.495     0.00     0.00     0.00     0.00     0.00 -1 -2.62e-11      0.00 7.411e-01 2.578e-01 1.809e-04 6.815e-05 4.873e-04 -1.000 1.130e-03 0.830 2.381 1.364 0.799 0.608 0.520 0.489
0.0010968 -1.15000 10.00860 0.8608246446 2.4382800280    0.857  1.620  3.7044  2.521    3  0.000  0.495     0.00     0.00     0.00     0.00     0.00 -1 -3.08e-11      0.00 7.411e-01 2.578e-01 1.809e-04 6.818e-05 4.873e-04 -1.000 1.130e-03 0.720 2.293 1.264 0.691 0.497 0.406 0.375
0.0010968 -1.15000 10.00860 0.8609747291 2.4383243659    0.857  1.667  3.7023  2.465    3  0.000  0.495     0.00     0.00     0.00     0.00     0.00 -1 -3.65e-11      0.00 7.411e-01 2.578e-01 1.808e-04 6.820e-05 4.873e-04 -1.000 1.130e-03 0.603 2.204 1.158 0.577 0.379 0.286 0.253
0.0010968 -1.15000 10.00860 0.8611077666 2.4383636529    0.857  1.712  3.7002  2.412    3  0.000  0.495     0.00     0.00     0.00     0.00     0.00 -1 -4.31e-11      0.00 7.411e-01 2.578e-01 1.808e-04 6.823e-05 4.873e-04 -1.000 1.130e-03 0.490 2.120 1.056 0.466 0.265 0.169 0.135
0.0010968 -1.15000 10.00860 0.8612330556 2.4384006389    0.857  1.758  3.6980  2.357    3  0.000  0.495     0.00     0.00     0.00     0.00     0.00 -1  -5.1e-11      0.00 7.411e-01 2.578e-01 1.808e-04 6.825e-05 4.873e-04 -1.000 1.130e-03 0.375 2.037 0.954 0.354 0.149 0.050 0.015
0.0010968 -1.15000 10.00860 0.8613482714 2.4384346403    0.856  1.804  3.6957  2.302    3  0.000  0.495     0.00     0.00     0.00     0.00     0.00 -1 -6.04e-11      0.00 7.411e-01 2.578e-01 1.808e-04 6.828e-05 4.873e-04 -1.000 1.130e-03 0.261 1.956 0.853 0.243 0.034 -0.068 -0.104
0.0010968 -1.15000 10.00860 0.8614519238 2.4384652204    0.856  1.848  3.6935  2.249    3  0.000  0.495     0.00     0.00     0.00     0.00     0.00 -1 -7.11e-11      0.00 7.411e-01 2.578e-01 1.808e-04 6.830e-05 4.873e-04 -1.000 1.130e-03 0.151 1.879 0.756 0.136 -0.077 -0.182 -0.219
0.0010968 -1.15000 10.00860 0.8615536094 2.4384952119    0.856  1.893  3.6911  2.194    3  0.000  0.495     0.00     0.00     0.00     0.00     0.00 -1 -8.41e-11      0.00 7.411e-01 2.578e-01 1.808e-04 6.832e-05 4.873e-04 -1.000 1.130e-03 0.037 1.800 0.656 0.026 -0.191 -0.299 -0.338
0.0010968 -1.15000 10.00860 0.8616499901 2.4385236313    0.856  1.935  3.6889  2.143    3  0.000  0.495     0.00     0.00     0.00     0.00     0.00 -1 -9.81e-11      0.00 7.411e-01 2.578e-01 1.808e-04 6.833e-05 4.873e-04 -1.000 1.130e-03 -0.067 1.729 0.566 -0.074 -0.296 -0.406 -0.447
0.0010968 -1.15000 10.00860 0.8617727757 2.4385598260    0.855  1.972  3.6871  2.099    3  0.000  0.495     0.00     0.00     0.00     0.00     0.00 -1 -1.13e-10      0.00 7.410e-01 2.578e-01 1.807e-04 6.836e-05 4.873e-04 -1.000 1.130e-03 -0.160 1.666 0.485 -0.164 -0.388 -0.502 -0.543
0.0010968 -1.15000 10.00860 0.8618370891 2.4385787795    0.855  1.952  3.6885  2.124    3  0.000  0.495     0.00     0.00     0.00     0.00     0.00 -1 -1.06e-10      0.00 7.410e-01 2.578e-01 1.807e-04 6.837e-05 4.873e-04 -1.000 1.130e-03 -0.110 1.693 0.525 -0.117 -0.339 -0.450 -0.490
0.0010968 -1.15000 10.00860 0.8618680239 2.4385878950    0.855  1.941  3.6893  2.138    3  0.000  0.495     0.00     0.00     0.00     0.00     0.00 -1 -1.02e-10      0.00 7.410e-01 2.578e-01 1.807e-04 6.838e-05 4.873e-04 -1.000 1.130e-03 -0.082 1.708 0.548 -0.091 -0.312 -0.422 -0.462
0.0010968 -1.15000 10.00860 0.8619276881 2.4386054741    0.855  1.977  3.6873  2.094    3  0.000  0.495     0.00     0.00     0.00     0.00     0.00 -1 -1.15e-10      0.00 7.410e-01 2.578e-01 1.807e-04 6.839e-05 4.873e-04 -1.000 1.130e-03 -0.173 1.649 0.470 -0.178 -0.402 -0.515 -0.556
0.0010968 -1.15000 10.00860 0.8619935513 2.4386248763    0.855  2.018  3.6850  2.044    3  0.000  0.495     0.00     0.00     0.00     0.00     0.00 -1 -1.34e-10      0.00 7.410e-01 2.578e-01 1.807e-04 6.840e-05 4.873e-04 -1.000 1.130e-03 -0.276 1.583 0.383 -0.275 -0.504 -0.620 -0.662
0.0010968 -1.15000 10.00860 0.8620571494 2.4386436080    0.854  2.060  3.6827  1.993    3  0.000  0.495     0.00     0.00     0.00     0.00     0.00 -1 -1.56e-10      0.00 7.410e-01 2.578e-01 1.807e-04 6.841e-05 4.873e-04 -1.000 1.130e-03 -0.379 1.519 0.294 -0.375 -0.607 -0.726 -0.770
0.0010968 -1.15000 10.00860 0.8621153235 2.4386607394    0.854  2.100  3.6804  1.942    3  0.000  0.495     0.00     0.00     0.00     0.00     0.00 -1 -1.81e-10      0.00 7.410e-01 2.578e-01 1.807e-04 6.842e-05 4.873e-04 -1.000 1.130e-03 -0.481 1.470 0.210 -0.475 -0.711 -0.833 -0.878
0.0010968 -1.15000 10.00860 0.8621703982 2.4386769557    0.854  2.142  3.6779  1.891    3  0.000  0.494     0.00     0.00     0.00     0.00     0.00 -1 -2.12e-10      0.00 7.410e-01 2.579e-01 1.807e-04 6.843e-05 4.873e-04 -1.000 1.130e-03 -0.584 1.425 0.125 -0.576 -0.816 -0.940 -0.988
0.0010968 -1.15000 10.00860 0.8622200489 2.4386915728    0.853  2.182  3.6755  1.841    3  0.000  0.494     0.00     0.00     0.00     0.00     0.00 -1 -2.46e-10      0.00 7.410e-01 2.579e-01 1.807e-04 6.844e-05 4.873e-04 -1.000 1.130e-03 -0.684 1.384 0.045 -0.674 -0.918 -1.045 -1.094
0.0010968 -1.15000 10.00860 0.8622661829 2.4387051529    0.853  2.222  3.6730  1.791    3  0.000  0.494     0.00     0.00     0.00     0.00     0.00 -1 -2.86e-10      0.00 7.410e-01 2.579e-01 1.807e-04 6.845e-05 4.873e-04 -1.000 1.130e-03 -0.785 1.345 -0.035 -0.772 -1.020 -1.150 -1.201
0.0010968 -1.15000 10.00860 0.8623084426 2.4387175910    0.852  2.262  3.6706  1.741    3  0.000  0.494     0.00     0.00     0.00     0.00     0.00 -1 -3.32e-10      0.00 7.410e-01 2.579e-01 1.807e-04 6.846e-05 4.874e-04 -1.000 1.130e-03 -0.884 1.309 -0.113 -0.869 -1.120 -1.253 -1.306
0.0010968 -1.15000 10.00860 0.8623476624 2.4387291332    0.852  2.301  3.6680  1.691    3  0.000  0.494     0.00     0.00     0.00     0.00     0.00 -1 -3.85e-10      0.00 7.410e-01 2.579e-01 1.807e-04 6.847e-05 4.874e-04 -1.000 1.130e-03 -0.983 1.279 -0.188 -0.964 -1.219 -1.356 -1.410
0.0010968 -1.15000 10.00860 0.8623832464 2.4387396044    0.851  2.340  3.6656  1.642    3  0.000  0.494     0.00     0.00     0.00     0.00     0.00 -1 -4.45e-10      0.00 7.410e-01 2.579e-01 1.807e-04 6.847e-05 4.874e-04 -1.000 1.130e-03 -1.079 1.253 -0.260 -1.056 -1.316 -1.455 -1.511
0.0010968 -1.15000 10.00860 0.8624168634 2.4387494958    0.850  2.379  3.6630  1.593    3  0.000  0.494     0.00     0.00     0.00     0.00     0.00 -1 -5.15e-10      0.00 7.410e-01 2.579e-01 1.807e-04 6.848e-05 4.874e-04 -1.000 1.130e-03 -1.177 1.230 -0.331 -1.149 -1.412 -1.555 -1.613
0.0010968 -1.15000 10.00860 0.8624475002 2.4387585096    0.850  2.417  3.6604  1.544    3  0.000  0.494     0.00     0.00     0.00     0.00     0.00 -1 -5.95e-10      0.00 7.410e-01 2.579e-01 1.806e-04 6.849e-05 4.874e-04 -1.000 1.130e-03 -1.272 1.210 -0.400 -1.239 -1.507 -1.653 -1.714
0.0010968 -1.15000 10.00860 0.8624759316 2.4387668738    0.849  2.455  3.6579  1.496    3  0.000  0.494     0.00     0.00     0.00     0.00     0.00 -1 -6.87e-10      0.00 7.410e-01 2.579e-01 1.806e-04 6.849e-05 4.874e-04 -1.000 1.130e-03 -1.367 1.193 -0.467 -1.327 -1.600 -1.750 -1.812
0.0010968 -1.15000 10.00860 0.8625019789 2.4387745361    0.848  2.492  3.6554  1.449    3  0.000  0.494     0.00     0.00     0.00     0.00     0.00 -1 -7.89e-10      0.00 7.410e-01 2.579e-01 1.806e-04 6.850e-05 4.874e-04 -1.000 1.130e-03 -1.459 1.172 -0.531 -1.410 -1.689 -1.842 -1.907
0.0010968 -1.15000 10.00860 0.8625317216 2.4387832848    0.847  2.537  3.6522  1.390    3  0.000  0.494     8.62     6.61     4.66     3.60     2.92  3 -9.37e-10      0.00 7.410e-01 2.579e-01 1.806e-04 6.850e-05 4.874e-04 -1.000 1.130e-03 -1.572 1.149 -0.608 -1.510 -1.797 -1.956 -2.023
0.0010968 -1.15000 10.00860 0.8625540733 2.4387898590    0.846  2.573  3.6497  1.344    3  0.000  0.494     9.51     7.19     5.05     3.91     3.17  3 -1.08e-09      0.00 7.410e-01 2.579e-01 1.806e-04 6.851e-05 4.874e-04 -1.000 1.130e-03 -1.662 1.132 -0.669 -1.591 -1.884 -2.047 -2.116
0.0010968 -1.15000 10.00860 0.8625787497 2.4387971166    0.845  2.616  3.6467  1.288    3  0.000  0.494    10.68     7.94     5.56     4.31     3.49  3 -1.27e-09      0.00 7.410e-01 2.579e-01 1.806e-04 6.851e-05 4.874e-04 -1.000 1.130e-03 -1.769 1.115 -0.738 -1.684 -1.986 -2.154 -2.225
0.0010968 -1.15000 10.00860 0.8626019359 2.4388039354    0.844  2.659  3.6435  1.231    3  0.000  0.494    12.03     8.80     6.12     4.76     3.85  3 -1.49e-09      0.00 7.410e-01 2.579e-01 1.806e-04 6.852e-05 4.874e-04 -1.000 1.130e-03 -1.878 1.099 -0.809 -1.779 -2.088 -2.262 -2.336
0.0010968 -1.15000 10.00860 0.8626195788 2.4388091237    0.843  2.694  3.6410  1.185    3  0.000  0.494    13.26     9.56     6.63     5.16     4.18  3 -1.71e-09      0.00 7.410e-01 2.579e-01 1.806e-04 6.852e-05 4.874e-04 -1.000 1.130e-03 -1.966 1.086 -0.866 -1.855 -2.172 -2.350 -2.426
0.0010968 -1.15000 10.00860 0.8626387715 2.4388147675    0.841  2.735  3.6380  1.131    3  0.000  0.494    14.85    10.53     7.27     5.66     4.59  3    -2e-09      0.00 7.410e-01 2.579e-01 1.806e-04 6.852e-05 4.874e-04 -1.000 1.130e-03 -2.069 1.074 -0.930 -1.943 -2.268 -2.452 -2.530
0.0010968 -1.15000 10.00860 0.8626570702 2.4388201481    0.840  2.777  3.6349  1.076    3  0.000  0.494    16.67    11.63     7.99     6.23     5.05  2 -2.35e-09      0.00 7.410e-01 2.579e-01 1.806e-04 6.853e-05 4.874e-04 -1.000 1.130e-03 -2.173 1.065 -0.993 -2.031 -2.365 -2.554 -2.635
0.0010968 -1.15000 10.00860 0.8626743555 2.4388252305    0.838  2.819  3.6317  1.020    3  0.000  0.494    18.74    12.86     8.80     6.87     5.57  2 -2.77e-09      0.00 7.410e-01 2.579e-01 1.806e-04 6.853e-05 4.874e-04 -1.000 1.130e-03 -2.279 1.057 -1.056 -2.120 -2.463 -2.658 -2.742
0.0010968 -1.15000 10.00860 0.8626891971 2.4388295942    0.836  2.858  3.6287  0.969    3  0.000  0.494    20.87    14.10     9.61     7.51     6.10  2 -3.21e-09      0.00 7.410e-01 2.579e-01 1.806e-04 6.853e-05 4.874e-04 -1.000 1.130e-03 -2.375 1.056 -1.109 -2.199 -2.551 -2.752 -2.838
0.0010968 -1.15000 10.00860 0.8627034426 2.4388337824    0.834  2.897  3.6257  0.917    3  0.000  0.494    23.29    15.49    10.51     8.23     6.68  2 -3.74e-09      0.00 7.410e-01 2.579e-01 1.806e-04 6.854e-05 4.874e-04 -1.000 1.130e-03 -2.473 1.058 -1.159 -2.278 -2.641 -2.848 -2.937
0.0010968 -1.15000 10.00860 0.8627168536 2.4388377252    0.832  2.937  3.6226  0.863    3  0.000  0.494    26.07    17.06    11.52     9.04     7.33  2 -4.37e-09      0.00 7.410e-01 2.579e-01 1.806e-04 6.854e-05 4.874e-04 -1.000 1.130e-03 -2.573 1.064 -1.208 -2.358 -2.731 -2.945 -3.037
0.0010968 -1.15000 10.00860 0.8627289534 2.4388412824    0.830  2.975  3.6196  0.812    3  0.000  0.494    29.04    18.70    12.58     9.88     8.02  2 -5.07e-09      0.00 7.410e-01 2.579e-01 1.806e-04 6.854e-05 4.874e-04 -1.000 1.130e-03 -2.669 1.066 -1.256 -2.434 -2.818 -3.039 -3.132
0.0010968 -1.15000 10.00860 0.8627401590 2.4388445766    0.827  3.013  3.6167  0.762    3  0.000  0.494    32.27    20.46    13.71    10.79     8.76  1 -5.86e-09      0.00 7.410e-01 2.579e-01 1.806e-04 6.854e-05 4.874e-04 -1.000 1.130e-03 -2.762 1.070 -1.300 -2.508 -2.902 -3.129 -3.225
0.0010968 -1.15000 10.00860 0.8627506495 2.4388476604    0.824  3.050  3.6138  0.711    3  0.000  0.494    35.86    22.39    14.94    11.77     9.56  1 -6.77e-09      0.00 7.410e-01 2.579e-01 1.806e-04 6.854e-05 4.874e-04 -1.000 1.130e-03 -2.855 1.074 -1.343 -2.580 -2.985 -3.218 -3.317
0.0010968 -1.15000 10.00860 0.8627608418 2.4388506566    0.821  3.088  3.6108  0.660    3  0.000  0.494    39.92    24.54    16.30    12.87    10.45  1 -7.85e-09      0.00 7.410e-01 2.579e-01 1.806e-04 6.855e-05 4.874e-04 -1.000 1.130e-03 -2.949 1.078 -1.385 -2.653 -3.070 -3.309 -3.410
0.0010968 -1.15000 10.00860 0.8627696037 2.4388532321    0.818  3.122  3.6080  0.613    3  0.000  0.494    44.08    26.70    17.67    13.97    11.34  1 -8.99e-09      0.00 7.410e-01 2.579e-01 1.806e-04 6.855e-05 4.874e-04 -1.000 1.130e-03 -3.036 1.079 -1.423 -2.718 -3.146 -3.392 -3.496
0.0010968 -1.15000 10.00860 0.8627781868 2.4388557551    0.815  3.158  3.6052  0.564    3  0.000  0.494    48.83    29.14    19.21    15.20    12.35  1 -1.04e-08      0.00 7.410e-01 2.579e-01 1.806e-04 6.855e-05 4.874e-04 -1.000 1.130e-03 -3.125 1.078 -1.460 -2.785 -3.225 -3.477 -3.583
0.0010968 -1.15000 10.00860 0.8627863526 2.4388581554    0.811  3.193  3.6024  0.515    3  0.000  0.494    54.08    31.78    20.87    16.54    13.44  1 -1.19e-08      0.00 7.410e-01 2.579e-01 1.806e-04 6.855e-05 4.874e-04 -1.000 1.130e-03 -3.214 1.076 -1.495 -2.851 -3.302 -3.561 -3.670
0.0010968 -1.15000 10.00860 0.8627938032 2.4388603453    0.807  3.227  3.5997  0.468    3  0.000  0.494    59.66    34.55    22.60    17.93    14.57  1 -1.36e-08      0.00 7.410e-01 2.579e-01 1.806e-04 6.855e-05 4.874e-04 -1.000 1.130e-03 -3.298 1.073 -1.524 -2.911 -3.376 -3.642 -3.753
0.0010968 -1.15000 10.00860 0.8628005981 2.4388623425    0.803  3.260  3.5971  0.423    3  0.000  0.494    65.58    37.45    24.40    19.39    15.76  1 -1.55e-08      0.00 7.410e-01 2.579e-01 1.806e-04 6.855e-05 4.874e-04 -1.000 1.130e-03 -3.380 1.067 -1.547 -2.968 -3.446 -3.719 -3.832
0.0010968 -1.15000 10.00860 0.8628070354 2.4388642346    0.799  3.291  3.5946  0.380    3  0.000  0.494    71.80    40.44    26.25    20.89    16.98  1 -1.76e-08      0.00 7.410e-01 2.579e-01 1.806e-04 6.856e-05 4.874e-04 -1.000 1.130e-03 -3.457 1.062 -1.569 -3.021 -3.513 -3.792 -3.908
0.0010968 -1.15000 10.00860 0.8628132939 2.4388660741    0.794  3.321  3.5922  0.338    3  0.000  0.494    78.42    43.58    28.19    22.46    18.26  1 -1.99e-08      0.00 7.410e-01 2.579e-01 1.806e-04 6.856e-05 4.874e-04 -1.000 1.130e-03 -3.532 1.058 -1.589 -3.072 -3.577 -3.863 -3.981
0.0010968 -1.15000 10.00860 0.8628147244 2.4388664945    0.793  3.327  3.5916  0.329    3  0.000  0.494    79.93    44.28    28.62    22.82    18.55  1 -2.04e-08      0.00 7.410e-01 2.579e-01 1.806e-04 6.856e-05 4.874e-04 -1.000 1.130e-03 -3.548 1.057 -1.593 -3.083 -3.590 -3.878 -3.996
0.0010968 -1.15000 10.00860 0.8628147244 2.4388664945    0.793  1.753  3.7360  2.480    4  0.000  0.517     0.00     0.00     0.00     0.00     0.00 -1    -1e-30      0.00 7.401e-01 2.588e-01 1.901e-04 6.038e-05 4.914e-04 -1.000 1.120e-03 0.388 1.615 0.780 0.331 0.190 0.136 0.120
0.0010968 -1.15000 10.00860 0.8628810048 2.4388859735    0.793  1.769  3.7348  2.459    4  0.000  0.517     0.00     0.00     0.00     0.00     0.00 -1    -1e-30      0.00 7.401e-01 2.588e-01 1.901e-04 6.038e-05 4.914e-04 -1.000 1.120e-03 0.347 1.586 0.743 0.290 0.147 0.092 0.076
0.0010968 -1.15000 10.00860 0.8629450798 2.4389048011    0.793  1.772  3.7347  2.456    4  0.000  0.517     0.00     0.00     0.00     0.00     0.00 -1    -1e-30      0.00 7.401e-01 2.588e-01 1.901e-04 6.038e-05 4.914e-04 -1.000 1.120e-03 0.339 1.580 0.736 0.282 0.139 0.083 0.067
0.0010968 -1.15000 10.00860 0.8630103469 2.4389239756    0.793  1.774  3.7347  2.454    4  0.000  0.517     0.00     0.00     0.00     0.00     0.00 -1    -1e-30      0.00 7.401e-01 2.588e-01 1.901e-04 6.038e-05 4.914e-04 -1.000 1.120e-03 0.334 1.575 0.732 0.277 0.135 0.079 0.063
0.0010968 -1.15000 10.00860 0.8630759716 2.4389432518    0.793  1.775  3.7350  2.454    4  0.000  0.517     0.00     0.00     0.00     0.00     0.00 -1    -1e-30      0.00 7.401e-01 2.588e-01 1.901e-04 6.038e-05 4.914e-04 -1.000 1.120e-03 0.332 1.570 0.728 0.275 0.133 0.078 0.062
0.0010968 -1.15000 10.00860 0.8631421328 2.4389626822    0.793  1.775  3.7355  2.456    4  0.000  0.517     0.00     0.00     0.00     0.00     0.00 -1    -1e-30      0.00 7.401e-01 2.588e-01 1.901e-04 6.038e-05 4.914e-04 -1.000 1.120e-03 0.332 1.566 0.726 0.275 0.133 0.079 0.063
0.0010968 -1.15000 10.00860 0.8632093072 2.4389824067    0.793  1.775  3.7361  2.459    4  0.000  0.517     0.00     0.00     0.00     0.00     0.00 -1    -1e-30      0.00 7.401e-01 2.588e-01 1.901e-04 6.038e-05 4.914e-04 -1.000 1.120e-03 0.334 1.561 0.725 0.276 0.136 0.081 0.066
0.0010968 -1.15000 10.00860 0.8632752895 2.4390017777    0.793  1.774  3.7367  2.463    4  0.000  0.517     0.00     0.00     0.00     0.00     0.00 -1    -1e-30      0.00 7.401e-01 2.588e-01 1.901e-04 6.038e-05 4.914e-04 -1.000 1.120e-03 0.336 1.557 0.724 0.278 0.138 0.085 0.070
0.0010968 -1.15000 10.00860 0.8633431196 2.4390216876    0.794  1.773  3.7374  2.467    4  0.000  0.517     0.00     0.00     0.00     0.00     0.00 -1    -1e-30      0.00 7.401e-01 2.588e-01 1.901e-04 6.038e-05 4.914e-04 -1.000 1.120e-03 0.338 1.552 0.724 0.280 0.142 0.089 0.074
0.0010968 -1.15000 10.00860 0.8634069562 2.4390404221    0.794  1.772  3.7381  2.470    4  0.000  0.517     0.00     0.00     0.00     0.00     0.00 -1    -1e-30      0.00 7.401e-01 2.588e-01 1.901e-04 6.038e-05 4.914e-04 -1.000 1.120e-03 0.341 1.548 0.723 0.282 0.145 0.093 0.079
0.0010968 -1.15000 10.00860 0.8634763360 2.4390607797    0.794  1.771  3.7388  2.474    4  0.000  0.517     0.00     0.00     0.00     0.00     0.00 -1    -1e-30      0.00 7.401e-01 2.588e-01 1.901e-04 6.038e-05 4.914e-04 -1.000 1.120e-03 0.343 1.543 0.723 0.284 0.148 0.097 0.083
0.0010968 -1.15000 10.00860 0.8635376096 2.4390787556    0.794  1.770  3.7394  2.477    4  0.000  0.517     0.00     0.00     0.00     0.00     0.00 -1    -1e-30      0.00 7.401e-01 2.588e-01 1.901e-04 6.038e-05 4.914e-04 -1.000 1.120e-03 0.345 1.540 0.722 0.286 0.151 0.100 0.086
0.0010968 -1.15000 10.00860 0.8636052012 2.4390985817    0.794  1.769  3.7400  2.480    4  0.000  0.517     0.00     0.00     0.00     0.00     0.00 -1    -1e-30      0.00 7.401e-01 2.588e-01 1.901e-04 6.039e-05 4.914e-04 -1.000 1.120e-03 0.346 1.535 0.721 0.287 0.153 0.103 0.090
0.0010968 -1.15000 10.00860 0.8636708856 2.4391178449    0.794  1.769  3.7405  2.483    4  0.000  0.517     0.00     0.00     0.00     0.00     0.00 -1    -1e-30      0.00 7.401e-01 2.588e-01 1.901e-04 6.039e-05 4.914e-04 -1.000 1.120e-03 0.348 1.532 0.721 0.288 0.155 0.106 0.092
0.0010968 -1.15000 10.00860 0.8637359142 2.4391369125    0.794  1.769  3.7409  2.485    4  0.000  0.516     0.00     0.00     0.00     0.00     0.00 -1    -1e-30      0.00 7.401e-01 2.588e-01 1.901e-04 6.039e-05 4.914e-04 -1.000 1.120e-03 0.349 1.529 0.720 0.289 0.157 0.108 0.094
0.0010968 -1.15000 10.00860 0.8637508154 2.4391412813    0.794  1.768  3.7410  2.485    4  0.000  0.516     0.00     0.00     0.00     0.00     0.00 -1    -1e-30      0.00 7.401e-01 2.588e-01 1.901e-04 6.039e-05 4.914e-04 -1.000 1.120e-03 0.349 1.528 0.719 0.289 0.157 0.108 0.095
0.0010968 -1.15000 10.00860 0.8638130426 2.4391595237    0.794  1.768  3.7414  2.487    4  0.000  0.516     0.00     0.00     0.00     0.00     0.00 -1    -1e-30      0.00 7.401e-01 2.588e-01 1.901e-04 6.039e-05 4.914e-04 -1.000 1.120e-03 0.349 1.526 0.718 0.289 0.157 0.109 0.096
0.0010968 -1.15000 10.00860 0.8638810515 2.4391794575    0.794  1.769  3.7417  2.488    4  0.000  0.516     0.00     0.00     0.00     0.00     0.00 -1    -1e-30      0.00 7.401e-01 2.588e-01 1.901e-04 6.039e-05 4.914e-04 -1.000 1.120e-03 0.349 1.523 0.717 0.288 0.157 0.109 0.096
0.0010968 -1.15000 10.00860 0.8639425039 2.4391974665    0.794  1.769  3.7418  2.488    4  0.000  0.516     0.00     0.00     0.00     0.00     0.00 -1    -1e-30      0.00 7.401e-01 2.588e-01 1.901e-04 6.039e-05 4.914e-04 -1.000 1.120e-03 0.348 1.520 0.715 0.287 0.157 0.109 0.096
0.0010968 -1.15000 10.00860 0.8640072346 2.4392164330    0.794  1.770  3.7419  2.488    4  0.000  0.516     0.00     0.00     0.00     0.00     0.00 -1    -1e-30      0.00 7.401e-01 2.588e-01 1.901e-04 6.039e-05 4.914e-04 -1.000 1.120e-03 0.346 1.518 0.713 0.286 0.155 0.107 0.094
0.0010968 -1.15000 10.00860 0.8640722632 2.4392354835    0.794  1.771  3.7419  2.487    4  0.000  0.516     0.00     0.00     0.00     0.00     0.00 -1    -1e-30      0.00 7.401e-01 2.588e-01 1.901e-04 6.039e-05 4.914e-04 -1.000 1.120e-03 0.343 1.516 0.710 0.283 0.152 0.104 0.092
0.0010968 -1.15000 10.00860 0.8641384840 2.4392548799    0.794  1.772  3.7417  2.485    4  0.000  0.516     0.00     0.00     0.00     0.00     0.00 -1    -1e-30      0.00 7.401e-01 2.588e-01 1.901e-04 6.039e-05 4.914e-04 -1.000 1.120e-03 0.340 1.513 0.707 0.279 0.149 0.101 0.088
0.0010968 -1.15000 10.00860 0.8642054796 2.4392744997    0.795  1.774  3.7415  2.482    4  0.000  0.516     0.00     0.00     0.00     0.00     0.00 -1    -1e-30      0.00 7.401e-01 2.588e-01 1.901e-04 6.039e-05 4.914e-04 -1.000 1.120e-03 0.335 1.511 0.704 0.275 0.144 0.095 0.082
0.0010968 -1.15000 10.00860 0.8642171621 2.4392779206    0.795  1.774  3.7414  2.482    4  0.000  0.516     0.00     0.00     0.00     0.00     0.00 -1    -1e-30      0.00 7.401e-01 2.588e-01 1.901e-04 6.039e-05 4.914e-04 -1.000 1.120e-03 0.334 1.511 0.703 0.274 0.143 0.094 0.081
0.0010968 -1.15000 10.00860 0.8642319441 2.4392822489    0.795  1.775  3.7413  2.481    4  0.000  0.516     0.00     0.00     0.00     0.00     0.00 -1    -1e-30      0.00 7.401e-01 2.588e-01 1.901e-04 6.039e-05 4.914e-04 -1.000 1.120e-03 0.333 1.510 0.702 0.273 0.141 0.093 0.080
0.0010968 -1.15000 10.00860 0.8642935157 2.4393002760    0.795  1.777  3.7410  2.477    4  0.000  0.516     0.00     0.00     0.00     0.00     0.00 -1    -1e-30      0.00 7.401e-01 2.588e-01 1.901e-04 6.039e-05 4.914e-04 -1.000 1.120e-03 0.327 1.508 0.698 0.267 0.135 0.086 0.073
0.0010968 -1.15000 10.00860 0.8643536568 2.4393178814    0.795  1.780  3.7405  2.472    4  0.000  0.516     0.00     0.00     0.00     0.00     0.00 -1    -1e-30      0.00 7.401e-01 2.588e-01 1.901e-04 6.039e-05 4.914e-04 -1.000 1.120e-03 0.321 1.505 0.693 0.261 0.128 0.079 0.065
0.0010968 -1.15000 10.00860 0.8644154668 2.4393359724    0.795  1.783  3.7399  2.467    4  0.000  0.516     0.00     0.00     0.00     0.00     0.00 -1    -1e-30      0.00 7.401e-01 2.588e-01 1.901e-04 6.039e-05 4.914e-04 -1.000 1.120e-03 0.313 1.503 0.688 0.253 0.119 0.070 0.056
0.0010968 -1.15000 10.00860 0.8644751906 2.4393534500    0.795  1.786  3.7394  2.462    4  0.000  0.516     0.00     0.00     0.00     0.00     0.00 -1    -1e-30      0.00 7.401e-01 2.588e-01 1.901e-04 6.040e-05 4.914e-04 -1.000 1.120e-03 0.305 1.500 0.682 0.246 0.111 0.060 0.046
0.0010968 -1.15000 10.00860 0.8645365238 2.4393713956    0.795  1.791  3.7385  2.454    4  0.000  0.516     0.00     0.00     0.00     0.00     0.00 -1    -1e-30      0.00 7.401e-01 2.588e-01 1.901e-04 6.040e-05 4.914e-04 -1.000 1.120e-03 0.293 1.497 0.674 0.234 0.098 0.046 0.032
0.0010968 -1.15000 10.00860 0.8645959496 2.4393887804    0.795  1.796  3.7375  2.445    4  0.000  0.516     0.00     0.00     0.00     0.00     0.00 -1    -1e-30      0.00 7.401e-01 2.588e-01 1.901e-04 6.040e-05 4.914e-04 -1.000 1.120e-03 0.280 1.494 0.665 0.221 0.084 0.031 0.016
0.0010968 -1.15000 10.00860 0.8646557331 2.4394062670    0.795  1.802  3.7365  2.435    4  0.000  0.516     0.00     0.00     0.00     0.00     0.00 -1    -1e-30      0.00 7.401e-01 2.588e-01 1.901e-04 6.040e-05 4.914e-04 -1.000 1.120e-03 0.266 1.490 0.655 0.207 0.068 0.014 -0.001
0.0010968 -1.15000 10.00860 0.8647154570 2.4394237334    0.795  1.808  3.7355  2.424    4  0.000  0.516     0.00     0.00     0.00     0.00     0.00 -1    -1e-30      0.00 7.401e-01 2.588e-01 1.901e-04 6.040e-05 4.914e-04 -1.000 1.120e-03 0.250 1.484 0.643 0.192 0.051 -0.004 -0.020
0.0010968 -1.15000 10.00860 0.8647750616 2.4394411622    0.795  1.815  3.7344  2.413    4  0.000  0.516     0.00     0.00     0.00     0.00     0.00 -1    -1e-30      0.00 7.401e-01 2.588e-01 1.901e-04 6.040e-05 4.914e-04 -1.000 1.120e-03 0.233 1.478 0.631 0.175 0.032 -0.024 -0.040
0.0010968 -1.15000 10.00860 0.8648341894 2.4394584488    0.795  1.821  3.7335  2.404    4  0.000  0.516     0.00     0.00     0.00     0.00     0.00 -1    -1e-30      0.00 7.401e-01 2.588e-01 1.901e-04 6.040e-05 4.914e-04 -1.000 1.120e-03 0.218 1.472 0.619 0.161 0.016 -0.041 -0.057
0.0010968 -1.15000 10.00860 0.8648953438 2.4394763250    0.795  1.836  3.7313  2.380    4  0.000  0.516     0.00     0.00     0.00     0.00     0.00 -1    -1e-30      0.00 7.401e-01 2.588e-01 1.901e-04 6.040e-05 4.914e-04 -1.000 1.120e-03 0.181 1.458 0.592 0.125 -0.024 -0.083 -0.101
0.0010968 -1.15000 10.00860 0.8649553061 2.4394938500    0.795  1.862  3.7276  2.339    4  0.000  0.516     0.00     0.00     0.00     0.00     0.00 -1    -1e-30      0.00 7.401e-01 2.588e-01 1.901e-04 6.040e-05 4.914e-04 -1.000 1.120e-03 0.116 1.433 0.543 0.061 -0.093 -0.157 -0.176
0.0010968 -1.15000 10.00860 0.8649967313 2.4395059556    0.795  1.896  3.7231  2.287    4  0.000  0.516     0.00     0.00     0.00     0.00     0.00 -1    -1e-30      0.00 7.401e-01 2.588e-01 1.901e-04 6.040e-05 4.914e-04 -1.000 1.120e-03 0.031 1.398 0.478 -0.022 -0.183 -0.252 -0.273
0.0010968 -1.15000 10.00860 0.8650165200 2.4395117379    0.795  1.930  3.7188  2.235    4  0.000  0.516     0.00     0.00     0.00     0.00     0.00 -1    -1e-30      0.00 7.401e-01 2.588e-01 1.901e-04 6.040e-05 4.914e-04 -1.000 1.120e-03 -0.056 1.360 0.411 -0.106 -0.275 -0.348 -0.372
0.0010968 -1.15000 10.00860 0.8650252819 2.4395142981    0.795  1.965  3.7147  2.185    4  0.000  0.516     0.00     0.00     0.00     0.00     0.00 -1    -1e-30      0.00 7.401e-01 2.588e-01 1.901e-04 6.040e-05 4.914e-04 -1.000 1.120e-03 -0.141 1.324 0.346 -0.188 -0.363 -0.442 -0.468
0.0010968 -1.15000 10.00860 0.8650295138 2.4395155346    0.795  1.998  3.7110  2.136    4  0.000  0.516     0.00     0.00     0.00     0.00     0.00 -1    -1e-30      0.00 7.401e-01 2.588e-01 1.901e-04 6.040e-05 4.914e-04 -1.000 1.120e-03 -0.225 1.287 0.281 -0.268 -0.450 -0.533 -0.561
0.0010968 -1.15000 10.00860 0.8650317788 2.4395161964    0.795  2.032  3.7073  2.087    4  0.000  0.516     0.00     0.00     0.00     0.00     0.00 -1    -1e-30      0.00 7.401e-01 2.588e-01 1.901e-04 6.040e-05 4.914e-04 -1.000 1.120e-03 -0.311 1.248 0.215 -0.350 -0.539 -0.626 -0.656
0.0010968 -1.15000 10.00860 0.8650330901 2.4395165795    0.795  2.062  3.7043  2.046    4  0.000  0.516     0.00     0.00     0.00     0.00     0.00 -1    -1e-30      0.00 7.401e-01 2.588e-01 1.901e-04 6.040e-05 4.914e-04 -1.000 1.120e-03 -0.386 1.214 0.157 -0.421 -0.615 -0.706 -0.737
0.0010968 -1.15000 10.00860 0.8650332689 2.4395166317    0.795  2.066  3.7040  2.041    7  0.000  0.516     0.00     0.00     0.00     0.00     0.00 -1 -9.17e-10      0.00 7.401e-01 2.572e-01 1.901e-04 6.040e-05 4.914e-04 -1.000 2.731e-03 -0.394 1.210 0.150 -0.429 -0.623 -0.715 -0.747
0.0010968 -1.15000 10.00860 0.8650341630 2.4395168930    0.795  2.097  3.7011  1.998    7  0.000  0.516     0.00     0.00     0.00     0.00     0.00 -1  -1.1e-09      0.00 7.401e-01 2.572e-01 1.901e-04 6.040e-05 4.914e-04 -1.000 2.731e-03 -0.472 1.170 0.088 -0.504 -0.703 -0.798 -0.832
0.0010968 -1.15000 10.00860 0.8650352359 2.4395172065    0.795  2.132  3.6979  1.950    7  0.000  0.516     0.00     0.00     0.00     0.00     0.00 -1 -1.36e-09      0.00 7.401e-01 2.572e-01 1.901e-04 6.040e-05 4.914e-04 -1.000 2.731e-03 -0.560 1.130 0.019 -0.588 -0.793 -0.892 -0.927
0.0010968 -1.15000 10.00860 0.8650363684 2.4395175373    0.795  2.165  3.6950  1.906    7  0.000  0.516     0.00     0.00     0.00     0.00     0.00 -1 -1.63e-09      0.00 7.401e-01 2.572e-01 1.901e-04 6.040e-05 4.914e-04 -1.000 2.731e-03 -0.642 1.095 -0.045 -0.664 -0.875 -0.978 -1.015
0.0010968 -1.15000 10.00860 0.8650392294 2.4395183733    0.795  2.198  3.6922  1.861    7  0.000  0.516     0.00     0.00     0.00     0.00     0.00 -1 -1.97e-09      0.00 7.401e-01 2.572e-01 1.901e-04 6.040e-05 4.914e-04 -1.000 2.731e-03 -0.724 1.058 -0.109 -0.742 -0.958 -1.065 -1.103
0.0010968 -1.15000 10.00860 0.8650420904 2.4395192092    0.795  2.195  3.6925  1.865    7  0.000  0.516     0.00     0.00     0.00     0.00     0.00 -1 -1.94e-09      0.00 7.401e-01 2.572e-01 1.901e-04 6.040e-05 4.914e-04 -1.000 2.731e-03 -0.717 1.061 -0.104 -0.736 -0.951 -1.057 -1.096
0.0010968 -1.15000 10.00860 0.8650751710 2.4395288741    0.793  2.179  3.6937  1.884    7  0.000  0.516     0.00     0.00     0.00     0.00     0.00 -1  -1.8e-09      0.00 7.401e-01 2.572e-01 1.901e-04 6.040e-05 4.914e-04 -1.000 2.731e-03 -0.678 1.080 -0.073 -0.699 -0.912 -1.017 -1.055
0.0010968 -1.15000 10.00860 0.8651034832 2.4395371452    0.791  2.212  3.6907  1.839    7  0.000  0.516     0.00     0.00     0.00     0.00     0.00 -1 -2.19e-09      0.00 7.401e-01 2.572e-01 1.901e-04 6.040e-05 4.914e-04 -1.000 2.731e-03 -0.760 1.045 -0.136 -0.776 -0.995 -1.103 -1.142
0.0010968 -1.15000 10.00860 0.8651226759 2.4395427518    0.789  2.247  3.6877  1.791    7  0.000  0.516     0.00     0.00     0.00     0.00     0.00 -1 -2.68e-09      0.00 7.401e-01 2.572e-01 1.901e-04 6.040e-05 4.914e-04 -1.000 2.731e-03 -0.847 1.010 -0.202 -0.857 -1.082 -1.194 -1.236
0.0010968 -1.15000 10.00860 0.8651389480 2.4395475050    0.787  2.280  3.6847  1.745    7  0.000  0.516     0.00     0.00     0.00     0.00     0.00 -1 -3.25e-09      0.00 7.401e-01 2.572e-01 1.901e-04 6.040e-05 4.914e-04 -1.000 2.731e-03 -0.931 0.982 -0.265 -0.936 -1.165 -1.282 -1.325
0.0010968 -1.15000 10.00860 0.8651574254 2.4395529021    0.785  2.323  3.6811  1.686    7  0.000  0.516     0.00     0.00     0.00     0.00     0.00 -1 -4.21e-09      0.00 7.401e-01 2.572e-01 1.901e-04 6.040e-05 4.914e-04 -1.000 2.731e-03 -1.037 0.957 -0.344 -1.039 -1.274 -1.395 -1.441
0.0010968 -1.15000 10.00860 0.8651743531 2.4395578464    0.782  2.364  3.6776  1.630    7  0.000  0.516     0.00     0.00     0.00     0.00     0.00 -1 -5.37e-09      0.00 7.401e-01 2.572e-01 1.901e-04 6.040e-05 4.914e-04 -1.000 2.731e-03 -1.139 0.936 -0.419 -1.138 -1.379 -1.503 -1.551
0.0010968 -1.15000 10.00860 0.8651896119 2.4395623029    0.778  2.404  3.6742  1.574    7  0.000  0.516     0.00     0.00     0.00     0.00     0.00 -1 -6.76e-09      0.00 7.401e-01 2.572e-01 1.901e-04 6.040e-05 4.914e-04 -1.000 2.721e-03 -1.240 0.919 -0.491 -1.235 -1.481 -1.610 -1.660
0.0010968 -1.15000 10.00860 0.8652033806 2.4395663242    0.774  2.445  3.6708  1.518    7  0.000  0.516     0.00     0.00     0.00     0.00     0.00 -1 -8.61e-09      0.00 7.401e-01 2.573e-01 1.900e-04 6.041e-05 4.914e-04 -1.000 2.653e-03 -1.341 0.906 -0.562 -1.332 -1.584 -1.717 -1.769
0.0010968 -1.15000 10.00860 0.8652156591 2.4395699101    0.770  2.485  3.6675  1.462    7  0.000  0.516     0.00     0.00     0.00     0.00     0.00 -1 -1.09e-08      0.00 7.401e-01 2.573e-01 1.899e-04 6.045e-05 4.914e-04 -1.000 2.632e-03 -1.441 0.902 -0.628 -1.426 -1.684 -1.821 -1.876
0.0010968 -1.15000 10.00860 0.8652268052 2.4395731651    0.765  2.524  3.6641  1.405    7  0.000  0.515     8.07     6.26     4.42     3.43     2.77  3 -1.38e-08      0.00 7.401e-01 2.573e-01 1.894e-04 6.067e-05 4.914e-04 -1.000 2.620e-03 -1.541 0.907 -0.692 -1.519 -1.784 -1.925 -1.983
0.0010968 -1.15000 10.00860 0.8652368784 2.4395761068    0.759  2.564  3.6599  1.346    7  0.000  0.512     9.12     6.95     4.88     3.79     3.07  3 -1.76e-08      0.00 7.401e-01 2.574e-01 1.884e-04 6.144e-05 4.914e-04 -1.000 2.569e-03 -1.639 0.937 -0.744 -1.608 -1.880 -2.028 -2.089
0.0010968 -1.15000 10.00860 0.8652461171 2.4395788047    0.752  2.603  3.6530  1.275    7  0.000  0.506    10.58     7.89     5.50     4.29     3.47  3 -2.26e-08      0.00 7.401e-01 2.574e-01 1.864e-04 6.348e-05 4.914e-04 -1.000 2.532e-03 -1.737 1.026 -0.766 -1.680 -1.968 -2.126 -2.193
0.0010968 -1.15000 10.00860 0.8652504086 2.4395800579    0.748  2.623  3.6500  1.241    7  0.000  0.502    11.36     8.38     5.83     4.54     3.68  2 -2.56e-08      0.00 7.400e-01 2.574e-01 1.850e-04 6.512e-05 4.915e-04 -1.000 2.531e-03 -1.787 1.053 -0.784 -1.718 -2.013 -2.176 -2.245
0.0010968 -1.15000 10.00860 0.8652586341 2.4395824598    0.739  2.661  3.6458  1.181    7  0.000  0.494    12.87     9.32     6.45     5.04     4.08  2 -3.26e-08      0.00 7.400e-01 2.575e-01 1.822e-04 6.849e-05 4.915e-04 -1.000 2.517e-03 -1.883 1.071 -0.831 -1.796 -2.101 -2.272 -2.344
0.0010968 -1.15000 10.00860 0.8652665615 2.4395847746    0.728  2.700  3.6425  1.122    7  0.000  0.487    14.53    10.32     7.11     5.57     4.51  2 -4.17e-08      0.00 7.399e-01 2.576e-01 1.796e-04 7.174e-05 4.916e-04 -1.000 2.486e-03 -1.981 1.073 -0.887 -1.878 -2.192 -2.368 -2.443
0.0010968 -1.15000 10.00860 0.8652741909 2.4395870024    0.715  2.739  3.6391  1.061    7  0.000  0.480    16.45    11.47     7.86     6.17     4.99  2 -5.39e-08      0.00 7.398e-01 2.577e-01 1.772e-04 7.465e-05 4.916e-04 -1.000 2.452e-03 -2.078 1.078 -0.942 -1.959 -2.283 -2.465 -2.543
0.0010968 -1.15000 10.00860 0.8652815819 2.4395891605    0.698  2.778  3.6356  0.998    7  0.000  0.475    18.71    12.78     8.71     6.85     5.55  2 -7.09e-08      0.00 7.397e-01 2.578e-01 1.752e-04 7.720e-05 4.916e-04 -1.000 2.447e-03 -2.176 1.088 -0.993 -2.039 -2.372 -2.561 -2.641
0.0010968 -1.15000 10.00860 0.8652883172 2.4395911271    0.677  2.816  3.6323  0.934    7  0.000  0.470    21.31    14.25     9.66     7.61     6.17  1 -9.43e-08      0.00 7.397e-01 2.579e-01 1.734e-04 7.943e-05 4.917e-04 -1.000 2.438e-03 -2.271 1.109 -1.037 -2.115 -2.459 -2.654 -2.738
0.0010968 -1.15000 10.00860 0.8652946949 2.4395929893    0.651  2.855  3.6293  0.866    7  0.000  0.465    24.42    15.95    10.75     8.50     6.88  1 -1.29e-07      0.00 7.396e-01 2.580e-01 1.718e-04 8.142e-05 4.917e-04 -1.000 2.418e-03 -2.368 1.125 -1.083 -2.194 -2.549 -2.750 -2.837
0.0010968 -1.15000 10.00860 0.8652998805 2.4395945034    0.621  2.891  3.6273  0.801    7  0.000  0.462    27.75    17.71    11.86     9.41     7.62  1 -1.78e-07      0.00 7.395e-01 2.581e-01 1.705e-04 8.297e-05 4.916e-04 -1.000 2.404e-03 -2.458 1.122 -1.135 -2.271 -2.634 -2.840 -2.929
0.0010968 -1.15000 10.00860 0.8653036356 2.4395955998    0.592  2.923  3.6276  0.750    7  0.000  0.459    30.69    19.19    12.80    10.18     8.25  1  -2.4e-07      0.00 7.395e-01 2.582e-01 1.695e-04 8.421e-05 4.916e-04 -1.000 2.366e-03 -2.538 1.071 -1.207 -2.353 -2.717 -2.923 -3.011
0.0010968 -1.15000 10.00860 0.8653068542 2.4395965395    0.560  2.954  3.6317  0.711    7  0.000  0.457    33.01    20.30    13.48    10.76     8.71  1 -3.25e-07      0.00 7.394e-01 2.582e-01 1.686e-04 8.534e-05 4.915e-04 -1.000 2.354e-03 -2.615 0.935 -1.323 -2.454 -2.809 -3.008 -3.094
0.0010968 -1.15000 10.00860 0.8653091788 2.4395972182    0.518  2.980  3.6438  0.700    7  0.000  0.454    33.32    20.30    13.46    10.77     8.72  1 -4.19e-07      0.00 7.393e-01 2.583e-01 1.677e-04 8.647e-05 4.915e-04 -1.000 2.429e-03 -2.680 0.616 -1.522 -2.584 -2.910 -3.087 -3.164
0.0010968 -1.15000 10.00860 1.0941306353 2.4906872793    0.546 -9.999  3.6501  7.955    9  0.546  0.000     0.00     0.00     0.00     0.00     0.00 -1    -1e-30      0.00 7.272e-01 2.718e-01 1.538e-04 1.188e-04 4.981e-04 -1.000 1.081e-03 29.767 32.422 30.759 29.804 29.482 29.323 29.268
