# Zini     MH   logAge Mini        int_IMF         Mass   logL    logTe  logg  label   McoreTP C_O  period0  period1  period2  period3  period4  pmode  Mloss  tau1m   X   Y   Xc  Xn  Xo  Cexcess  Z 	 mbolmag  umag    gmag    rmag    imag    zmag    Ymag
0.00123 -1.10000 10.00860 0.0900000036 1.0816895926    0.090 -3.225  3.4505  5.372    1  0.000  0.545     0.00     0.00     0.00     0.00     0.00 -1 -5.14e-17      0.00 7.462e-01 2.525e-01 2.335e-04 6.300e-05 5.714e-04 -1.000 1.299e-03 12.834 18.068 16.944 15.115 12.963 12.234 12.088
0.00123 -1.10000 10.00860 0.0957525745 1.1346136419    0.096 -3.080  3.4712  5.336    1  0.000  0.545     0.00     0.00     0.00     0.00     0.00 -1 -7.26e-17      0.00 7.455e-01 2.532e-01 2.335e-04 6.300e-05 5.714e-04 -1.000 1.299e-03 12.470 17.649 16.092 14.280 12.500 11.882 11.747
0.00123 -1.10000 10.00860 0.1000000089 1.1711064744    0.100 -2.978  3.4856  5.311    1  0.000  0.545     0.00     0.00     0.00     0.00     0.00 -1 -9.25e-17      0.00 7.450e-01 2.537e-01 2.335e-04 6.300e-05 5.714e-04 -1.000 1.299e-03 12.215 17.320 15.511 13.730 12.188 11.638 11.508
0.00123 -1.10000 10.00860 0.1200000048 1.3193154741    0.120 -2.696  3.5187  5.239    1  0.000  0.545     0.00     0.00     0.00     0.00     0.00 -1 -1.76e-16      0.00 7.432e-01 2.555e-01 2.335e-04 6.300e-05 5.714e-04 -1.000 1.299e-03 11.509 16.272 14.137 12.464 11.384 10.962 10.844
0.00123 -1.10000 10.00860 0.1400000006 1.4384526719    0.140 -2.513  3.5357  5.191    1  0.000  0.545     0.00     0.00     0.00     0.00     0.00 -1 -2.62e-16      0.00 7.418e-01 2.569e-01 2.335e-04 6.300e-05 5.714e-04 -1.000 1.299e-03 11.052 15.557 13.390 11.793 10.891 10.519 10.407
0.00123 -1.10000 10.00860 0.1599999964 1.5372931554    0.160 -2.373  3.5465  5.153    1  0.000  0.545     0.00     0.00     0.00     0.00     0.00 -1 -3.53e-16      0.00 7.407e-01 2.580e-01 2.335e-04 6.300e-05 5.714e-04 -1.000 1.299e-03 10.703 15.027 12.873 11.327 10.524 10.179 10.072
0.00123 -1.10000 10.00860 0.2000000179 1.6938791367    0.200 -2.154  3.5609  5.089    1  0.000  0.545     0.00     0.00     0.00     0.00     0.00 -1 -5.63e-16      0.00 7.393e-01 2.594e-01 2.335e-04 6.300e-05 5.714e-04 -1.000 1.299e-03 10.155 14.225 12.117 10.642 9.956 9.644 9.543
0.00123 -1.10000 10.00860 0.2500000000 1.8403257998    0.250 -1.949  3.5723  5.026    1  0.000  0.545     0.00     0.00     0.00     0.00     0.00 -1 -5.14e-16      0.00 7.389e-01 2.598e-01 2.335e-04 6.300e-05 5.714e-04 -1.000 1.299e-03 9.642 13.506 11.454 10.037 9.432 9.143 9.047
0.00123 -1.10000 10.00860 0.3000000417 1.9529140366    0.300 -1.790  3.5809  4.981    1  0.000  0.545     0.00     0.00     0.00     0.00     0.00 -1 -6.98e-16      0.00 7.390e-01 2.597e-01 2.335e-04 6.301e-05 5.714e-04 -1.000 1.299e-03 9.245 12.961 10.953 9.584 9.027 8.754 8.662
0.00123 -1.10000 10.00860 0.3499999940 2.0434174644    0.350 -1.660  3.5881  4.947    1  0.000  0.545     0.00     0.00     0.00     0.00     0.00 -1 -1.56e-15      0.00 7.474e-01 2.513e-01 2.335e-04 6.300e-05 5.714e-04 -1.000 1.299e-03 8.920 12.510 10.544 9.218 8.696 8.436 8.347
0.00123 -1.10000 10.00860 0.3965204358 2.1136810479    0.396 -1.519  3.5984  4.901    1  0.000  0.545     0.00     0.00     0.00     0.00     0.00 -1 -2.14e-15      0.00 7.480e-01 2.507e-01 2.335e-04 6.300e-05 5.714e-04 -1.000 1.299e-03 8.568 11.989 10.078 8.815 8.336 8.093 8.010
0.00123 -1.10000 10.00860 0.4000000358 2.1185024810    0.400 -1.509  3.5992  4.898    1  0.000  0.545     0.00     0.00     0.00     0.00     0.00 -1 -2.19e-15      0.00 7.480e-01 2.507e-01 2.335e-04 6.300e-05 5.714e-04 -1.000 1.299e-03 8.544 11.953 10.045 8.787 8.311 8.069 7.986
0.00123 -1.10000 10.00860 0.4500000179 2.1822809362    0.450 -1.334  3.6160  4.841    1  0.000  0.545     0.00     0.00     0.00     0.00     0.00 -1  -3.3e-15      0.00 7.480e-01 2.507e-01 2.335e-04 6.300e-05 5.714e-04 -1.000 1.299e-03 8.105 11.259 9.431 8.280 7.861 7.646 7.571
0.00123 -1.10000 10.00860 0.5000000000 2.2374541529    0.500 -1.134  3.6432  4.795    1  0.000  0.545     0.00     0.00     0.00     0.00     0.00 -1 -5.23e-15      0.00 7.480e-01 2.507e-01 2.335e-04 6.300e-05 5.714e-04 -1.000 1.299e-03 7.605 10.373 8.664 7.687 7.352 7.179 7.117
0.00123 -1.10000 10.00860 0.5500000715 2.2836583126    0.550 -0.916  3.6747  4.745    1  0.000  0.544     0.00     0.00     0.00     0.00     0.00 -1  -8.7e-15      0.00 7.774e-01 2.215e-01 2.083e-04 5.622e-05 5.101e-04 -1.000 1.169e-03 7.061 9.321 7.830 7.055 6.803 6.678 6.631
0.00123 -1.10000 10.00860 0.6000000238 2.3211213258    0.600 -0.716  3.7032  4.697    1  0.000  0.544     0.00     0.00     0.00     0.00     0.00 -1  -1.4e-14      0.00 7.847e-01 2.142e-01 2.026e-04 5.469e-05 4.964e-04 -1.000 1.110e-03 6.561 8.347 7.129 6.502 6.305 6.217 6.186
0.00123 -1.10000 10.00860 0.6085278392 2.3268081986    0.608 -0.682  3.7086  4.690    1  0.000  0.544     0.00     0.00     0.00     0.00     0.00 -1 -1.51e-14      0.00 7.861e-01 2.128e-01 2.014e-04 5.440e-05 4.938e-04 -1.000 1.115e-03 6.474 8.180 7.012 6.409 6.220 6.139 6.111
0.00123 -1.10000 10.00860 0.6266150475 2.3382828237    0.626 -0.608  3.7199  4.674    1  0.000  0.544     0.00     0.00     0.00     0.00     0.00 -1  -1.8e-14      0.00 7.890e-01 2.099e-01 1.990e-04 5.375e-05 4.880e-04 -1.000 1.121e-03 6.290 7.839 6.770 6.215 6.044 5.976 5.955
0.00123 -1.10000 10.00860 0.6437016726 2.3484442990    0.643 -0.539  3.7304  4.659    1  0.000  0.543     0.00     0.00     0.00     0.00     0.00 -1 -2.12e-14      0.00 7.919e-01 2.069e-01 1.966e-04 5.312e-05 4.823e-04 -1.000 1.112e-03 6.117 7.535 6.550 6.036 5.881 5.825 5.809
0.00123 -1.10000 10.00860 0.6499999762 2.3520353107    0.650 -0.513  3.7343  4.653    1  0.000  0.543     0.00     0.00     0.00     0.00     0.00 -1 -2.25e-14      0.00 7.930e-01 2.058e-01 1.957e-04 5.287e-05 4.801e-04 -1.000 1.139e-03 6.052 7.428 6.472 5.971 5.822 5.770 5.756
0.00123 -1.10000 10.00860 0.6533486247 2.3539121736    0.653 -0.499  3.7361  4.649    1  0.000  0.543     0.00     0.00     0.00     0.00     0.00 -1 -2.33e-14      0.00 7.937e-01 2.051e-01 1.951e-04 5.273e-05 4.788e-04 -1.000 1.136e-03 6.019 7.373 6.431 5.936 5.790 5.740 5.727
0.00123 -1.10000 10.00860 0.6698334813 2.3628379096    0.670 -0.432  3.7451  4.629    1  0.000  0.543     0.00     0.00     0.00     0.00     0.00 -1 -2.74e-14      0.00 7.974e-01 2.016e-01 1.923e-04 5.198e-05 4.721e-04 -1.000 1.077e-03 5.851 7.108 6.231 5.769 5.636 5.595 5.586
0.00123 -1.10000 10.00860 0.6851434708 2.3706866571    0.685 -0.370  3.7532  4.608    1  0.000  0.543     0.00     0.00     0.00     0.00     0.00 -1 -3.21e-14      0.00 8.009e-01 1.980e-01 1.896e-04 5.125e-05 4.656e-04 -1.000 1.060e-03 5.694 6.869 6.046 5.615 5.495 5.463 5.457
0.00123 -1.10000 10.00860 0.6992296576 2.3775599803    0.699 -0.311  3.7604  4.588    1  0.000  0.543     0.00     0.00     0.00     0.00     0.00 -1 -3.73e-14      0.00 8.044e-01 1.946e-01 1.869e-04 5.055e-05 4.592e-04 -1.000 1.040e-03 5.548 6.652 5.876 5.473 5.364 5.340 5.338
0.00123 -1.10000 10.00860 0.6999999881 2.3779266974    0.700 -0.308  3.7608  4.586    1  0.000  0.543     0.00     0.00     0.00     0.00     0.00 -1 -3.76e-14      0.00 8.045e-01 1.944e-01 1.867e-04 5.051e-05 4.589e-04 -1.000 1.040e-03 5.540 6.641 5.867 5.465 5.357 5.333 5.331
0.00123 -1.10000 10.00860 0.7097700834 2.3824984513    0.710 -0.267  3.7656  4.570    1  0.000  0.541     0.00     0.00     0.00     0.00     0.00 -1 -4.18e-14      0.00 8.075e-01 1.914e-01 1.840e-04 4.988e-05 4.534e-04 -1.000 1.039e-03 5.437 6.496 5.750 5.365 5.265 5.245 5.245
0.00123 -1.10000 10.00860 0.7200803757 2.3871685905    0.720 -0.222  3.7705  4.551    1  0.000  0.539     0.00     0.00     0.00     0.00     0.00 -1  -4.7e-14      0.00 8.108e-01 1.881e-01 1.809e-04 4.919e-05 4.473e-04 -1.000 1.014e-03 5.325 6.344 5.626 5.259 5.165 5.151 5.153
0.00123 -1.10000 10.00860 0.7298207283 2.3914414628    0.730 -0.179  3.7749  4.532    1  0.000  0.537     0.00     0.00     0.00     0.00     0.00 -1 -5.26e-14      0.00 8.142e-01 1.848e-01 1.779e-04 4.850e-05 4.413e-04 -1.000 1.002e-03 5.219 6.201 5.507 5.157 5.070 5.060 5.064
0.00123 -1.10000 10.00860 0.7390910983 2.3953881025    0.739 -0.138  3.7790  4.513    1  0.000  0.536     0.00     0.00     0.00     0.00     0.00 -1 -5.88e-14      0.00 8.175e-01 1.815e-01 1.750e-04 4.781e-05 4.352e-04 -1.000 9.543e-04 5.115 6.065 5.393 5.057 4.977 4.971 4.976
0.00123 -1.10000 10.00860 0.7480893731 2.3991115191    0.748 -0.097  3.7828  4.492    1  0.000  0.534     0.00     0.00     0.00     0.00     0.00 -1 -6.58e-14      0.00 8.210e-01 1.781e-01 1.720e-04 4.710e-05 4.290e-04 -1.000 9.390e-04 5.012 5.936 5.280 4.959 4.884 4.882 4.889
0.00123 -1.10000 10.00860 0.7500000000 2.3998889087    0.750 -0.088  3.7836  4.487    1  0.000  0.534     0.00     0.00     0.00     0.00     0.00 -1 -6.74e-14      0.00 8.217e-01 1.774e-01 1.713e-04 4.695e-05 4.277e-04 -1.000 9.436e-04 4.990 5.909 5.256 4.937 4.864 4.862 4.869
0.00123 -1.10000 10.00860 0.7587656379 2.4033978061    0.758 -0.046  3.7868  4.463    1  0.000  0.533     0.00     0.00     0.00     0.00     0.00 -1 -7.58e-14      0.00 8.260e-01 1.730e-01 1.681e-04 4.609e-05 4.200e-04 -1.000 9.633e-04 4.886 5.785 5.145 4.837 4.769 4.770 4.778
0.00123 -1.10000 10.00860 0.7686304450 2.4072368350    0.768  0.002  3.7902  4.434    1  0.000  0.533     0.00     0.00     0.00     0.00     0.00 -1  -8.7e-14      0.00 8.308e-01 1.683e-01 1.646e-04 4.514e-05 4.115e-04 -1.000 9.366e-04 4.765 5.643 5.015 4.720 4.657 4.661 4.670
0.00123 -1.10000 10.00860 0.7775380611 2.4106072839    0.777  0.048  3.7932  4.405    1  0.000  0.532     0.00     0.00     0.00     0.00     0.00 -1 -9.93e-14      0.00 8.350e-01 1.641e-01 1.614e-04 4.431e-05 4.041e-04 -1.000 9.268e-04 4.651 5.511 4.893 4.609 4.551 4.558 4.568
0.00123 -1.10000 10.00860 0.7858947515 2.4136895243    0.785  0.092  3.7959  4.376    1  0.000  0.532     0.00     0.00     0.00     0.00     0.00 -1 -1.13e-13      0.00 8.388e-01 1.603e-01 1.586e-04 4.355e-05 3.973e-04 -1.000 9.179e-04 4.539 5.383 4.774 4.500 4.446 4.456 4.467
0.00123 -1.10000 10.00860 0.7940533757 2.4166268479    0.793  0.139  3.7984  4.344    1  0.000  0.532     0.00     0.00     0.00     0.00     0.00 -1  -1.3e-13      0.00 8.423e-01 1.568e-01 1.560e-04 4.285e-05 3.911e-04 -1.000 9.122e-04 4.423 5.252 4.651 4.387 4.337 4.350 4.361
0.00123 -1.10000 10.00860 0.8000000715 2.4187244613    0.799  0.174  3.8001  4.319    1  0.000  0.531     0.00     0.00     0.00     0.00     0.00 -1 -1.44e-13      0.00 8.447e-01 1.544e-01 1.542e-04 4.236e-05 3.868e-04 -1.000 8.949e-04 4.335 5.154 4.558 4.300 4.253 4.267 4.280
0.00123 -1.10000 10.00860 0.8018144369 2.4193573336    0.801  0.185  3.8006  4.311    1  0.000  0.531     0.00     0.00     0.00     0.00     0.00 -1 -1.49e-13      0.00 8.450e-01 1.541e-01 1.539e-04 4.230e-05 3.862e-04 -1.000 8.919e-04 4.308 5.125 4.530 4.274 4.228 4.242 4.255
0.00123 -1.10000 10.00860 0.8090193272 2.4218382973    0.808  0.229  3.8025  4.279    1  0.000  0.531     0.00     0.00     0.00     0.00     0.00 -1 -1.71e-13      0.00 8.463e-01 1.528e-01 1.531e-04 4.210e-05 3.845e-04 -1.000 8.855e-04 4.198 5.004 4.414 4.165 4.122 4.139 4.152
0.00123 -1.10000 10.00860 0.8181720376 2.4249176325    0.817  0.289  3.8043  4.231    1  0.000  0.530     0.00     0.00     0.00     0.00     0.00 -1 -2.05e-13      0.00 8.470e-01 1.521e-01 1.530e-04 4.207e-05 3.844e-04 -1.000 9.011e-04 4.049 4.845 4.259 4.017 3.977 3.996 4.009
0.00123 -1.10000 10.00860 0.8253433704 2.4272755540    0.824  0.339  3.8053  4.188    1  0.000  0.530     0.00     0.00     0.00     0.00     0.00 -1 -2.43e-13      0.00 8.462e-01 1.529e-01 1.538e-04 4.232e-05 3.867e-04 -1.000 9.091e-04 3.923 4.713 4.129 3.892 3.854 3.873 3.886
0.00123 -1.10000 10.00860 0.8255629539 2.4273470097    0.824  0.340  3.8053  4.187    1  0.000  0.530     0.00     0.00     0.00     0.00     0.00 -1 -2.44e-13      0.00 8.462e-01 1.529e-01 1.539e-04 4.233e-05 3.868e-04 -1.000 9.091e-04 3.919 4.709 4.125 3.888 3.850 3.869 3.883
0.00123 -1.10000 10.00860 0.8287239075 2.4283708069    0.827  0.365  3.8051  4.163    1  0.000  0.530     0.00     0.00     0.00     0.00     0.00 -1 -2.64e-13      0.00 8.457e-01 1.534e-01 1.544e-04 4.247e-05 3.880e-04 -1.000 9.091e-04 3.857 4.648 4.063 3.826 3.788 3.807 3.820
0.00123 -1.10000 10.00860 0.8351554871 2.4304264340    0.834  0.418  3.8039  4.108    1  0.000  0.530     0.00     0.00     0.00     0.00     0.00 -1 -3.16e-13      0.00 8.448e-01 1.543e-01 1.554e-04 4.275e-05 3.907e-04 -1.000 9.014e-04 3.724 4.519 3.930 3.691 3.651 3.669 3.682
0.00123 -1.10000 10.00860 0.8405876756 2.4321344903    0.839  0.469  3.8011  4.049    1  0.000  0.530     0.00     0.00     0.00     0.00     0.00 -1 -3.78e-13      0.00 8.439e-01 1.552e-01 1.563e-04 4.302e-05 3.931e-04 -1.000 9.081e-04 3.598 4.404 3.809 3.562 3.519 3.534 3.546
0.00123 -1.10000 10.00860 0.8416350484 2.4324609038    0.840  0.479  3.8004  4.037    1  0.000  0.530     0.00     0.00     0.00     0.00     0.00 -1 -3.94e-13      0.00 8.437e-01 1.554e-01 1.565e-04 4.307e-05 3.936e-04 -1.000 9.091e-04 3.573 4.381 3.785 3.536 3.491 3.506 3.518
0.00123 -1.10000 10.00860 0.8449913859 2.4335006397    0.843  0.517  3.7957  3.982    2  0.000  0.530     0.00     0.00     0.00     0.00     0.00 -1 -4.56e-13      0.00 8.426e-01 1.565e-01 1.580e-04 4.346e-05 3.972e-04 -1.000 9.170e-04 3.479 4.310 3.701 3.437 3.386 3.396 3.406
0.00123 -1.10000 10.00860 0.8485525846 2.4345935021    0.847  0.560  3.7878  3.909    2  0.000  0.530     0.00     0.00     0.00     0.00     0.00 -1 -5.46e-13      0.00 8.385e-01 1.605e-01 1.631e-04 4.486e-05 4.099e-04 -1.000 9.410e-04 3.369 4.242 3.611 3.320 3.257 3.260 3.267
0.00123 -1.10000 10.00860 0.8500000238 2.4350346840    0.848  0.579  3.7827  3.870    2  0.000  0.531     0.00     0.00     0.00     0.00     0.00 -1 -5.96e-13      0.00 8.328e-01 1.662e-01 1.687e-04 4.639e-05 4.237e-04 -1.000 9.628e-04 3.322 4.224 3.576 3.269 3.198 3.196 3.201
0.00123 -1.10000 10.00860 0.8510282636 2.4353470450    0.849  0.593  3.7786  3.841    2  0.000  0.531     0.00     0.00     0.00     0.00     0.00 -1 -6.36e-13      0.00 8.274e-01 1.716e-01 1.738e-04 4.776e-05 4.361e-04 -1.000 9.811e-04 3.288 4.215 3.553 3.232 3.155 3.148 3.152
0.00123 -1.10000 10.00860 0.8525297046 2.4358016000    0.851  0.612  3.7705  3.790    2  0.000  0.533     0.00     0.00     0.00     0.00     0.00 -1 -7.06e-13      0.00 8.055e-01 1.934e-01 1.896e-04 5.201e-05 4.741e-04 -1.000 1.057e-03 3.240 4.223 3.528 3.179 3.089 3.074 3.075
0.00123 -1.10000 10.00860 0.8537681103 2.4361751389    0.852  0.628  3.7621  3.740    2  0.000  0.535     0.00     0.00     0.00     0.00     0.00 -1 -7.75e-13      0.00 7.866e-01 2.122e-01 2.025e-04 5.546e-05 5.049e-04 -1.000 1.141e-03 3.199 4.244 3.512 3.134 3.031 3.008 3.005
0.00123 -1.10000 10.00860 0.8548886776 2.4365120620    0.853  0.648  3.7534  3.686    2  0.000  0.536     0.00     0.00     0.00     0.00     0.00 -1 -8.63e-13      0.00 7.752e-01 2.236e-01 2.104e-04 5.755e-05 5.235e-04 -1.000 1.185e-03 3.149 4.265 3.491 3.082 2.966 2.933 2.927
0.00123 -1.10000 10.00860 0.8559004068 2.4368153892    0.854  0.677  3.7457  3.627    2  0.000  0.536     0.00     0.00     0.00     0.00     0.00 -1 -9.86e-13      0.00 7.684e-01 2.304e-01 2.150e-04 5.879e-05 5.345e-04 -1.000 1.212e-03 3.077 4.256 3.445 3.009 2.882 2.841 2.832
0.00123 -1.10000 10.00860 0.8568308353 2.4370936145    0.855  0.718  3.7399  3.563    2  0.000  0.537     0.00     0.00     0.00     0.00     0.00 -1 -1.17e-12      0.00 7.641e-01 2.347e-01 2.179e-04 5.956e-05 5.414e-04 -1.000 1.265e-03 2.974 4.203 3.363 2.908 2.772 2.724 2.712
0.00123 -1.10000 10.00860 0.8573479652 2.4372479513    0.855  0.746  3.7371  3.525    2  0.000  0.537     0.00     0.00     0.00     0.00     0.00 -1  -1.3e-12      0.00 7.621e-01 2.367e-01 2.192e-04 5.990e-05 5.444e-04 -1.000 1.258e-03 2.906 4.160 3.306 2.842 2.700 2.650 2.637
0.00123 -1.10000 10.00860 0.8575781584 2.4373165833    0.856  0.760  3.7361  3.506    2  0.000  0.537     0.00     0.00     0.00     0.00     0.00 -1 -1.37e-12      0.00 7.612e-01 2.375e-01 2.196e-04 6.002e-05 5.454e-04 -1.000 1.261e-03 2.869 4.132 3.273 2.805 2.663 2.612 2.597
0.00123 -1.10000 10.00860 0.8581876159 2.4374980884    0.856  0.801  3.7336  3.456    3  0.000  0.537     0.00     0.00     0.00     0.00     0.00 -1 -1.59e-12      0.00 7.591e-01 2.397e-01 2.206e-04 6.031e-05 5.480e-04 -1.000 1.251e-03 2.768 4.053 3.181 2.705 2.559 2.505 2.490
0.00123 -1.10000 10.00860 0.8587772846 2.4376734181    0.857  0.844  3.7315  3.405    3  0.000  0.537     0.00     0.00     0.00     0.00     0.00 -1 -1.86e-12      0.00 7.571e-01 2.417e-01 2.215e-04 6.055e-05 5.502e-04 -1.000 1.227e-03 2.660 3.966 3.082 2.599 2.450 2.393 2.377
0.00123 -1.10000 10.00860 0.8593467474 2.4378424773    0.857  0.889  3.7297  3.353    3  0.000  0.537     0.00     0.00     0.00     0.00     0.00 -1 -2.19e-12      0.00 7.551e-01 2.436e-01 2.222e-04 6.075e-05 5.519e-04 -1.000 1.272e-03 2.548 3.870 2.976 2.488 2.336 2.277 2.260
0.00123 -1.10000 10.00860 0.8599368334 2.4380173874    0.858  0.939  3.7278  3.295    3  0.000  0.536     0.00     0.00     0.00     0.00     0.00 -1 -2.63e-12      0.00 7.529e-01 2.458e-01 2.225e-04 6.100e-05 5.534e-04 -1.000 1.229e-03 2.422 3.761 2.858 2.364 2.209 2.148 2.129
0.00123 -1.10000 10.00860 0.8604299426 2.4381633405    0.858  0.985  3.7263  3.244    3  0.000  0.535     0.00     0.00     0.00     0.00     0.00 -1  -3.1e-12      0.00 7.510e-01 2.478e-01 2.223e-04 6.136e-05 5.546e-04 -1.000 1.231e-03 2.308 3.662 2.750 2.251 2.094 2.031 2.012
0.00123 -1.10000 10.00860 0.8609296679 2.4383110558    0.859  1.035  3.7247  3.188    3  0.000  0.531     0.00     0.00     0.00     0.00     0.00 -1 -3.71e-12      0.00 7.490e-01 2.497e-01 2.213e-04 6.218e-05 5.556e-04 -1.000 1.251e-03 2.183 3.551 2.631 2.128 1.968 1.903 1.883
0.00123 -1.10000 10.00860 0.8613809347 2.4384442777    0.859  1.084  3.7231  3.133    3  0.000  0.527     0.00     0.00     0.00     0.00     0.00 -1 -4.41e-12      0.00 7.472e-01 2.516e-01 2.196e-04 6.376e-05 5.563e-04 -1.000 1.254e-03 2.060 3.443 2.515 2.007 1.845 1.778 1.757
0.00123 -1.10000 10.00860 0.8618166447 2.4385727548    0.859  1.135  3.7215  3.075    3  0.000  0.521     0.00     0.00     0.00     0.00     0.00 -1 -5.31e-12      0.00 7.455e-01 2.532e-01 2.172e-04 6.613e-05 5.570e-04 -1.000 1.277e-03 1.932 3.330 2.393 1.880 1.715 1.646 1.624
0.00123 -1.10000 10.00860 0.8621869087 2.4386818165    0.860  1.183  3.7199  3.021    3  0.000  0.515     0.00     0.00     0.00     0.00     0.00 -1 -6.31e-12      0.00 7.442e-01 2.545e-01 2.150e-04 6.871e-05 5.574e-04 -1.000 1.246e-03 1.812 3.225 2.280 1.762 1.595 1.524 1.501
0.00123 -1.10000 10.00860 0.8625269532 2.4387818823    0.860  1.231  3.7182  2.966    3  0.000  0.509     0.00     0.00     0.00     0.00     0.00 -1  -7.5e-12      0.00 7.431e-01 2.557e-01 2.127e-04 7.146e-05 5.578e-04 -1.000 1.265e-03 1.692 3.123 2.168 1.644 1.474 1.401 1.378
0.00123 -1.10000 10.00860 0.8628382683 2.4388734142    0.860  1.279  3.7165  2.912    3  0.000  0.504     0.00     0.00     0.00     0.00     0.00 -1 -8.91e-12      0.00 7.421e-01 2.566e-01 2.106e-04 7.395e-05 5.581e-04 -1.000 1.292e-03 1.573 3.022 2.057 1.526 1.354 1.279 1.254
0.00123 -1.10000 10.00860 0.8631308079 2.4389593566    0.860  1.328  3.7147  2.856    3  0.000  0.500     0.00     0.00     0.00     0.00     0.00 -1 -1.06e-11      0.00 7.414e-01 2.574e-01 2.091e-04 7.586e-05 5.584e-04 -1.000 1.255e-03 1.451 2.920 1.943 1.406 1.230 1.153 1.127
0.00123 -1.10000 10.00860 0.8633774519 2.4390317637    0.860  1.373  3.7130  2.804    3  0.000  0.497     0.00     0.00     0.00     0.00     0.00 -1 -1.25e-11      0.00 7.409e-01 2.578e-01 2.081e-04 7.711e-05 5.585e-04 -1.000 1.232e-03 1.338 2.827 1.839 1.296 1.117 1.038 1.011
0.00123 -1.10000 10.00860 0.8636149764 2.4391014487    0.860  1.420  3.7111  2.750    3  0.000  0.495     0.00     0.00     0.00     0.00     0.00 -1 -1.49e-11      0.00 7.405e-01 2.582e-01 2.073e-04 7.822e-05 5.586e-04 -1.000 1.278e-03 1.221 2.730 1.730 1.180 0.998 0.917 0.889
0.00123 -1.10000 10.00860 0.8638355732 2.4391661279    0.860  1.468  3.7092  2.694    3  0.000  0.494     0.00     0.00     0.00     0.00     0.00 -1 -1.77e-11      0.00 7.403e-01 2.585e-01 2.068e-04 7.875e-05 5.586e-04 -1.000 1.266e-03 1.101 2.633 1.620 1.063 0.878 0.794 0.765
0.00123 -1.10000 10.00860 0.8640335202 2.4392241339    0.861  1.514  3.7072  2.639    3  0.000  0.494     0.00     0.00     0.00     0.00     0.00 -1  -2.1e-11      0.00 7.402e-01 2.585e-01 2.067e-04 7.898e-05 5.587e-04 -1.000 1.290e-03 0.984 2.540 1.514 0.950 0.761 0.674 0.644
0.00123 -1.10000 10.00860 0.8642154336 2.4392774145    0.861  1.561  3.7052  2.584    3  0.000  0.493     0.00     0.00     0.00     0.00     0.00 -1 -2.49e-11      0.00 7.402e-01 2.586e-01 2.066e-04 7.904e-05 5.587e-04 -1.000 1.290e-03 0.867 2.447 1.407 0.836 0.643 0.554 0.523
0.00123 -1.10000 10.00860 0.8643720150 2.4393232549    0.860  1.605  3.7032  2.533    3  0.000  0.493     0.00     0.00     0.00     0.00     0.00 -1 -2.92e-11      0.00 7.401e-01 2.586e-01 2.066e-04 7.908e-05 5.587e-04 -1.000 1.290e-03 0.758 2.361 1.308 0.729 0.534 0.442 0.409
0.00123 -1.10000 10.00860 0.8645247221 2.4393679427    0.860  1.651  3.7011  2.478    3  0.000  0.493     0.00     0.00     0.00     0.00     0.00 -1 -3.46e-11      0.00 7.401e-01 2.586e-01 2.066e-04 7.911e-05 5.587e-04 -1.000 1.290e-03 0.642 2.272 1.204 0.617 0.417 0.322 0.289
0.00123 -1.10000 10.00860 0.8646600246 2.4394075221    0.860  1.696  3.6990  2.425    3  0.000  0.493     0.00     0.00     0.00     0.00     0.00 -1 -4.08e-11      0.00 7.401e-01 2.586e-01 2.066e-04 7.914e-05 5.587e-04 -1.000 1.290e-03 0.531 2.190 1.104 0.508 0.304 0.207 0.172
0.00123 -1.10000 10.00860 0.8647875786 2.4394448219    0.860  1.741  3.6968  2.371    3  0.000  0.493     0.00     0.00     0.00     0.00     0.00 -1 -4.82e-11      0.00 7.401e-01 2.586e-01 2.066e-04 7.917e-05 5.587e-04 -1.000 1.290e-03 0.417 2.110 1.003 0.397 0.190 0.089 0.053
0.00123 -1.10000 10.00860 0.8649048209 2.4394790951    0.860  1.786  3.6945  2.316    3  0.000  0.493     0.00     0.00     0.00     0.00     0.00 -1  -5.7e-11      0.00 7.401e-01 2.586e-01 2.065e-04 7.919e-05 5.587e-04 -1.000 1.290e-03 0.304 2.030 0.903 0.287 0.076 -0.027 -0.064
0.00123 -1.10000 10.00860 0.8650102615 2.4395099092    0.860  1.830  3.6923  2.264    3  0.000  0.493     0.00     0.00     0.00     0.00     0.00 -1 -6.69e-11      0.00 7.401e-01 2.586e-01 2.065e-04 7.921e-05 5.587e-04 -1.000 1.290e-03 0.195 1.954 0.808 0.182 -0.033 -0.139 -0.178
0.00123 -1.10000 10.00860 0.8651138544 2.4395401749    0.860  1.874  3.6900  2.210    3  0.000  0.493     0.00     0.00     0.00     0.00     0.00 -1 -7.89e-11      0.00 7.401e-01 2.586e-01 2.065e-04 7.924e-05 5.587e-04 -1.000 1.290e-03 0.084 1.877 0.710 0.073 -0.146 -0.255 -0.295
0.00123 -1.10000 10.00860 0.8652118444 2.4395687960    0.859  1.915  3.6878  2.161    3  0.000  0.493     0.00     0.00     0.00     0.00     0.00 -1 -9.17e-11      0.00 7.401e-01 2.586e-01 2.065e-04 7.926e-05 5.587e-04 -1.000 1.289e-03 -0.017 1.811 0.623 -0.023 -0.246 -0.358 -0.400
0.00123 -1.10000 10.00860 0.8653368354 2.4396052928    0.859  1.951  3.6860  2.117    3  0.000  0.493     0.00     0.00     0.00     0.00     0.00 -1 -1.05e-10      0.00 7.401e-01 2.586e-01 2.065e-04 7.929e-05 5.587e-04 -1.000 1.289e-03 -0.109 1.749 0.544 -0.111 -0.337 -0.452 -0.494
0.00123 -1.10000 10.00860 0.8654053807 2.4396253026    0.859  1.931  3.6875  2.143    3  0.000  0.493     0.00     0.00     0.00     0.00     0.00 -1 -9.83e-11      0.00 7.401e-01 2.586e-01 2.065e-04 7.930e-05 5.587e-04 -1.000 1.289e-03 -0.057 1.777 0.586 -0.062 -0.286 -0.398 -0.439
0.00123 -1.10000 10.00860 0.8654383421 2.4396349234    0.859  1.919  3.6884  2.158    3  0.000  0.493     0.00     0.00     0.00     0.00     0.00 -1 -9.41e-11      0.00 7.401e-01 2.586e-01 2.065e-04 7.931e-05 5.587e-04 -1.000 1.289e-03 -0.027 1.793 0.609 -0.035 -0.257 -0.368 -0.409
0.00123 -1.10000 10.00860 0.8655006886 2.4396531188    0.859  1.956  3.6864  2.114    3  0.000  0.493     0.00     0.00     0.00     0.00     0.00 -1 -1.07e-10      0.00 7.401e-01 2.586e-01 2.064e-04 7.932e-05 5.587e-04 -1.000 1.289e-03 -0.119 1.734 0.531 -0.122 -0.348 -0.462 -0.504
0.00123 -1.10000 10.00860 0.8655695915 2.4396732242    0.858  1.997  3.6841  2.063    3  0.000  0.493     0.00     0.00     0.00     0.00     0.00 -1 -1.24e-10      0.00 7.401e-01 2.586e-01 2.064e-04 7.934e-05 5.587e-04 -1.000 1.289e-03 -0.222 1.668 0.444 -0.220 -0.450 -0.567 -0.610
0.00123 -1.10000 10.00860 0.8656361103 2.4396926304    0.858  2.038  3.6817  2.012    3  0.000  0.493     0.00     0.00     0.00     0.00     0.00 -1 -1.45e-10      0.00 7.401e-01 2.586e-01 2.064e-04 7.935e-05 5.587e-04 -1.000 1.289e-03 -0.326 1.602 0.355 -0.319 -0.554 -0.674 -0.719
0.00123 -1.10000 10.00860 0.8656969070 2.4397103643    0.858  2.079  3.6793  1.961    3  0.000  0.493     0.00     0.00     0.00     0.00     0.00 -1 -1.69e-10      0.00 7.401e-01 2.586e-01 2.064e-04 7.936e-05 5.587e-04 -1.000 1.289e-03 -0.428 1.550 0.270 -0.419 -0.657 -0.780 -0.827
0.00123 -1.10000 10.00860 0.8657544851 2.4397271567    0.857  2.121  3.6768  1.910    3  0.000  0.493     0.00     0.00     0.00     0.00     0.00 -1 -1.97e-10      0.00 7.401e-01 2.587e-01 2.064e-04 7.938e-05 5.587e-04 -1.000 1.289e-03 -0.532 1.505 0.186 -0.521 -0.762 -0.888 -0.937
0.00123 -1.10000 10.00860 0.8658064008 2.4397422954    0.857  2.161  3.6744  1.860    3  0.000  0.493     0.00     0.00     0.00     0.00     0.00 -1 -2.29e-10      0.00 7.401e-01 2.587e-01 2.064e-04 7.939e-05 5.588e-04 -1.000 1.289e-03 -0.632 1.463 0.105 -0.619 -0.864 -0.993 -1.043
0.00123 -1.10000 10.00860 0.8658546209 2.4397563547    0.857  2.201  3.6719  1.809    3  0.000  0.493     0.00     0.00     0.00     0.00     0.00 -1 -2.66e-10      0.00 7.401e-01 2.587e-01 2.064e-04 7.940e-05 5.588e-04 -1.000 1.289e-03 -0.733 1.424 0.025 -0.718 -0.966 -1.098 -1.150
0.00123 -1.10000 10.00860 0.8658988476 2.4397692480    0.856  2.241  3.6694  1.759    3  0.000  0.493     0.00     0.00     0.00     0.00     0.00 -1  -3.1e-10      0.00 7.400e-01 2.587e-01 2.064e-04 7.941e-05 5.588e-04 -1.000 1.289e-03 -0.833 1.388 -0.053 -0.814 -1.067 -1.202 -1.255
0.00123 -1.10000 10.00860 0.8659397960 2.4397811843    0.856  2.281  3.6669  1.709    3  0.000  0.493     0.00     0.00     0.00     0.00     0.00 -1 -3.59e-10      0.00 7.400e-01 2.587e-01 2.064e-04 7.942e-05 5.588e-04 -1.000 1.289e-03 -0.932 1.357 -0.128 -0.909 -1.166 -1.304 -1.360
0.00123 -1.10000 10.00860 0.8659769893 2.4397920248    0.855  2.320  3.6644  1.660    3  0.000  0.493     0.00     0.00     0.00     0.00     0.00 -1 -4.16e-10      0.00 7.400e-01 2.587e-01 2.064e-04 7.942e-05 5.588e-04 -1.000 1.289e-03 -1.029 1.330 -0.200 -1.002 -1.263 -1.404 -1.461
0.00123 -1.10000 10.00860 0.8660121560 2.4398022737    0.854  2.359  3.6618  1.610    3  0.000  0.493     0.00     0.00     0.00     0.00     0.00 -1 -4.81e-10      0.00 7.400e-01 2.587e-01 2.064e-04 7.943e-05 5.588e-04 -1.000 1.289e-03 -1.127 1.305 -0.272 -1.094 -1.360 -1.504 -1.564
0.00123 -1.10000 10.00860 0.8660441637 2.4398116011    0.854  2.397  3.6592  1.561    3  0.000  0.493     0.00     0.00     0.00     0.00     0.00 -1 -5.57e-10      0.00 7.400e-01 2.587e-01 2.064e-04 7.944e-05 5.588e-04 -1.000 1.289e-03 -1.222 1.285 -0.342 -1.185 -1.454 -1.602 -1.664
0.00123 -1.10000 10.00860 0.8660739064 2.4398202678    0.853  2.435  3.6566  1.512    3  0.000  0.493     0.00     0.00     0.00     0.00     0.00 -1 -6.43e-10      0.00 7.400e-01 2.587e-01 2.064e-04 7.944e-05 5.588e-04 -1.000 1.289e-03 -1.318 1.267 -0.409 -1.273 -1.548 -1.699 -1.762
0.00123 -1.10000 10.00860 0.8661011457 2.4398282044    0.852  2.472  3.6541  1.465    3  0.000  0.493     0.00     0.00     0.00     0.00     0.00 -1  -7.4e-10      0.00 7.400e-01 2.587e-01 2.064e-04 7.945e-05 5.588e-04 -1.000 1.289e-03 -1.411 1.248 -0.473 -1.357 -1.637 -1.792 -1.858
0.00123 -1.10000 10.00860 0.8661322594 2.4398372691    0.851  2.518  3.6509  1.406    3  0.000  0.493     8.36     6.43     4.54     3.51     2.84  3  -8.8e-10      0.00 7.400e-01 2.587e-01 2.063e-04 7.946e-05 5.588e-04 -1.000 1.289e-03 -1.525 1.225 -0.551 -1.459 -1.747 -1.907 -1.976
0.00123 -1.10000 10.00860 0.8661556244 2.4398440758    0.850  2.555  3.6483  1.358    3  0.000  0.493     9.23     7.01     4.93     3.81     3.09  3 -1.01e-09      0.00 7.400e-01 2.587e-01 2.063e-04 7.946e-05 5.588e-04 -1.000 1.289e-03 -1.616 1.208 -0.612 -1.539 -1.834 -1.999 -2.069
0.00123 -1.10000 10.00860 0.8661813736 2.4398515766    0.849  2.598  3.6452  1.302    3  0.000  0.493    10.39     7.76     5.43     4.21     3.41  3 -1.19e-09      0.00 7.400e-01 2.587e-01 2.063e-04 7.947e-05 5.588e-04 -1.000 1.289e-03 -1.725 1.191 -0.683 -1.634 -1.936 -2.107 -2.180
0.00123 -1.10000 10.00860 0.8662056327 2.4398586429    0.848  2.642  3.6420  1.244    3  0.000  0.493    11.73     8.60     6.00     4.65     3.77  3 -1.41e-09      0.00 7.400e-01 2.587e-01 2.063e-04 7.947e-05 5.588e-04 -1.000 1.289e-03 -1.835 1.175 -0.754 -1.729 -2.041 -2.217 -2.292
0.00123 -1.10000 10.00860 0.8662241101 2.4398640247    0.847  2.678  3.6394  1.198    3  0.000  0.493    12.94     9.36     6.50     5.05     4.09  3 -1.62e-09      0.00 7.400e-01 2.587e-01 2.063e-04 7.948e-05 5.588e-04 -1.000 1.289e-03 -1.925 1.162 -0.812 -1.807 -2.125 -2.306 -2.383
0.00123 -1.10000 10.00860 0.8662441969 2.4398698751    0.845  2.720  3.6363  1.143    3  0.000  0.493    14.52    10.33     7.14     5.56     4.50  3  -1.9e-09      0.00 7.400e-01 2.587e-01 2.063e-04 7.948e-05 5.588e-04 -1.000 1.289e-03 -2.029 1.151 -0.876 -1.895 -2.222 -2.408 -2.488
0.00123 -1.10000 10.00860 0.8662632704 2.4398754299    0.844  2.762  3.6331  1.087    3  0.000  0.493    16.33    11.43     7.86     6.13     4.97  2 -2.24e-09      0.00 7.400e-01 2.587e-01 2.063e-04 7.949e-05 5.588e-04 -1.000 1.289e-03 -2.135 1.141 -0.941 -1.985 -2.321 -2.513 -2.595
0.00123 -1.10000 10.00860 0.8662813902 2.4398807068    0.842  2.805  3.6299  1.030    3  0.000  0.493    18.41    12.66     8.67     6.77     5.49  2 -2.64e-09      0.00 7.400e-01 2.587e-01 2.063e-04 7.949e-05 5.588e-04 -1.000 1.289e-03 -2.243 1.133 -1.005 -2.075 -2.421 -2.619 -2.704
0.00123 -1.10000 10.00860 0.8662968874 2.4398852198    0.840  2.845  3.6268  0.977    3  0.000  0.493    20.55    13.91     9.49     7.42     6.02  2 -3.08e-09      0.00 7.400e-01 2.587e-01 2.063e-04 7.949e-05 5.588e-04 -1.000 1.289e-03 -2.342 1.132 -1.058 -2.155 -2.510 -2.715 -2.802
0.00123 -1.10000 10.00860 0.8663117886 2.4398895589    0.838  2.885  3.6238  0.924    3  0.000  0.493    23.00    15.32    10.40     8.15     6.61  2  -3.6e-09      0.00 7.400e-01 2.587e-01 2.063e-04 7.950e-05 5.588e-04 -1.000 1.289e-03 -2.442 1.134 -1.110 -2.237 -2.602 -2.813 -2.903
0.00123 -1.10000 10.00860 0.8663257957 2.4398936376    0.836  2.926  3.6205  0.869    3  0.000  0.493    25.81    16.91    11.43     8.96     7.27  2 -4.22e-09      0.00 7.400e-01 2.587e-01 2.063e-04 7.950e-05 5.588e-04 -1.000 1.289e-03 -2.544 1.138 -1.161 -2.318 -2.695 -2.912 -3.005
0.00123 -1.10000 10.00860 0.8663384914 2.4398973343    0.834  2.965  3.6175  0.816    3  0.000  0.493    28.83    18.59    12.51     9.83     7.98  2 -4.91e-09      0.00 7.400e-01 2.587e-01 2.063e-04 7.950e-05 5.588e-04 -1.000 1.289e-03 -2.643 1.140 -1.208 -2.396 -2.783 -3.007 -3.103
0.00123 -1.10000 10.00860 0.8663501740 2.4399007359    0.831  3.004  3.6145  0.764    3  0.000  0.493    32.14    20.40    13.67    10.75     8.73  2 -5.71e-09      0.00 7.400e-01 2.587e-01 2.063e-04 7.950e-05 5.588e-04 -1.000 1.289e-03 -2.739 1.144 -1.254 -2.471 -2.870 -3.100 -3.198
0.00123 -1.10000 10.00860 0.8663611412 2.4399039291    0.829  3.042  3.6114  0.712    3  0.000  0.493    35.83    22.38    14.94    11.77     9.55  1 -6.62e-09      0.00 7.400e-01 2.587e-01 2.063e-04 7.951e-05 5.588e-04 -1.000 1.289e-03 -2.834 1.147 -1.299 -2.545 -2.955 -3.192 -3.293
0.00123 -1.10000 10.00860 0.8663718104 2.4399070354    0.825  3.081  3.6083  0.659    3  0.000  0.493    40.04    24.61    16.35    12.90    10.48  1 -7.72e-09      0.00 7.400e-01 2.587e-01 2.063e-04 7.951e-05 5.588e-04 -1.000 1.289e-03 -2.932 1.149 -1.342 -2.619 -3.042 -3.286 -3.389
0.00123 -1.10000 10.00860 0.8663809896 2.4399097079    0.822  3.117  3.6055  0.610    3  0.000  0.493    44.38    26.87    17.78    14.05    11.41  1 -8.88e-09      0.00 7.400e-01 2.587e-01 2.063e-04 7.951e-05 5.588e-04 -1.000 1.289e-03 -3.022 1.150 -1.379 -2.686 -3.121 -3.371 -3.477
0.00123 -1.10000 10.00860 0.8663899899 2.4399123282    0.819  3.154  3.6025  0.559    3  0.000  0.493    49.36    29.42    19.39    15.34    12.46  1 -1.03e-08      0.00 7.400e-01 2.587e-01 2.063e-04 7.951e-05 5.588e-04 -1.000 1.289e-03 -3.115 1.147 -1.418 -2.756 -3.202 -3.460 -3.568
0.00123 -1.10000 10.00860 0.8663984537 2.4399147922    0.815  3.191  3.5996  0.509    3  0.000  0.492    54.89    32.20    21.13    16.75    13.61  1 -1.19e-08      0.00 7.400e-01 2.587e-01 2.063e-04 7.951e-05 5.588e-04 -1.000 1.289e-03 -3.207 1.144 -1.454 -2.823 -3.283 -3.547 -3.658
0.00123 -1.10000 10.00860 0.8664062619 2.4399170654    0.811  3.226  3.5967  0.460    3  0.000  0.492    60.84    35.15    22.97    18.23    14.82  1 -1.37e-08      0.00 7.400e-01 2.587e-01 2.063e-04 7.952e-05 5.588e-04 -1.000 1.289e-03 -3.295 1.138 -1.481 -2.885 -3.359 -3.631 -3.744
0.00123 -1.10000 10.00860 0.8664134145 2.4399191476    0.807  3.260  3.5939  0.412    3  0.000  0.492    67.21    38.25    24.90    19.79    16.09  1 -1.57e-08      0.00 7.400e-01 2.587e-01 2.063e-04 7.952e-05 5.588e-04 -1.000 1.289e-03 -3.381 1.133 -1.505 -2.943 -3.432 -3.711 -3.827
0.00123 -1.10000 10.00860 0.8664200902 2.4399210910    0.802  3.293  3.5912  0.366    3  0.000  0.492    73.97    41.50    26.91    21.42    17.41  1 -1.79e-08      0.00 7.400e-01 2.587e-01 2.063e-04 7.952e-05 5.588e-04 -1.000 1.289e-03 -3.462 1.128 -1.527 -2.999 -3.502 -3.788 -3.907
0.00123 -1.10000 10.00860 0.8664266467 2.4399229996    0.797  3.324  3.5886  0.321    3  0.000  0.492    81.26    44.93    29.03    23.14    18.82  1 -2.04e-08      0.00 7.400e-01 2.587e-01 2.063e-04 7.952e-05 5.588e-04 -1.000 1.289e-03 -3.541 1.120 -1.548 -3.052 -3.570 -3.863 -3.984
0.00123 -1.10000 10.00860 0.8664281368 2.4399234334    0.796  3.331  3.5880  0.312    3  0.000  0.492    82.88    45.69    29.49    23.52    19.12  1  -2.1e-08      0.00 7.400e-01 2.587e-01 2.063e-04 7.952e-05 5.588e-04 -1.000 1.289e-03 -3.557 1.118 -1.551 -3.062 -3.583 -3.878 -4.000
0.00123 -1.10000 10.00860 0.8664281368 2.4399234334    0.796  1.751  3.7334  2.473    4  0.000  0.515     0.00     0.00     0.00     0.00     0.00 -1    -1e-30      0.00 7.397e-01 2.590e-01 2.167e-04 6.991e-05 5.622e-04 -1.000 1.269e-03 0.392 1.656 0.794 0.334 0.189 0.132 0.115
0.00123 -1.10000 10.00860 0.8664946556 2.4399427954    0.796  1.768  3.7323  2.452    4  0.000  0.515     0.00     0.00     0.00     0.00     0.00 -1    -1e-30      0.00 7.397e-01 2.590e-01 2.167e-04 6.991e-05 5.622e-04 -1.000 1.269e-03 0.351 1.627 0.758 0.293 0.147 0.089 0.071
0.00123 -1.10000 10.00860 0.8665589690 2.4399615122    0.796  1.771  3.7321  2.448    4  0.000  0.515     0.00     0.00     0.00     0.00     0.00 -1    -1e-30      0.00 7.397e-01 2.590e-01 2.167e-04 6.991e-05 5.622e-04 -1.000 1.269e-03 0.343 1.621 0.751 0.285 0.139 0.080 0.063
0.00123 -1.10000 10.00860 0.8666245341 2.4399805901    0.796  1.772  3.7322  2.447    4  0.000  0.515     0.00     0.00     0.00     0.00     0.00 -1    -1e-30      0.00 7.397e-01 2.590e-01 2.167e-04 6.991e-05 5.622e-04 -1.000 1.269e-03 0.339 1.616 0.746 0.281 0.134 0.076 0.059
0.00123 -1.10000 10.00860 0.8666903973 2.4399997513    0.796  1.773  3.7325  2.447    4  0.000  0.515     0.00     0.00     0.00     0.00     0.00 -1    -1e-30      0.00 7.397e-01 2.590e-01 2.167e-04 6.991e-05 5.622e-04 -1.000 1.269e-03 0.337 1.611 0.743 0.279 0.133 0.075 0.057
0.00123 -1.10000 10.00860 0.8667567968 2.4400190652    0.796  1.773  3.7329  2.449    4  0.000  0.515     0.00     0.00     0.00     0.00     0.00 -1    -1e-30      0.00 7.397e-01 2.590e-01 2.167e-04 6.991e-05 5.622e-04 -1.000 1.269e-03 0.337 1.607 0.741 0.279 0.133 0.076 0.059
0.00123 -1.10000 10.00860 0.8668242693 2.4400386876    0.796  1.773  3.7335  2.452    4  0.000  0.515     0.00     0.00     0.00     0.00     0.00 -1    -1e-30      0.00 7.397e-01 2.590e-01 2.167e-04 6.991e-05 5.622e-04 -1.000 1.269e-03 0.338 1.603 0.740 0.280 0.136 0.079 0.062
0.00123 -1.10000 10.00860 0.8668904901 2.4400579427    0.796  1.772  3.7342  2.456    4  0.000  0.515     0.00     0.00     0.00     0.00     0.00 -1    -1e-30      0.00 7.397e-01 2.590e-01 2.167e-04 6.991e-05 5.622e-04 -1.000 1.269e-03 0.341 1.598 0.740 0.282 0.139 0.083 0.066
0.00123 -1.10000 10.00860 0.8669585586 2.4400777314    0.796  1.771  3.7349  2.460    4  0.000  0.515     0.00     0.00     0.00     0.00     0.00 -1    -1e-30      0.00 7.397e-01 2.590e-01 2.167e-04 6.991e-05 5.622e-04 -1.000 1.269e-03 0.344 1.594 0.739 0.284 0.142 0.087 0.071
0.00123 -1.10000 10.00860 0.8670226932 2.4400963733    0.796  1.770  3.7355  2.463    4  0.000  0.515     0.00     0.00     0.00     0.00     0.00 -1    -1e-30      0.00 7.397e-01 2.590e-01 2.167e-04 6.991e-05 5.622e-04 -1.000 1.269e-03 0.346 1.590 0.739 0.286 0.146 0.091 0.075
0.00123 -1.10000 10.00860 0.8670923114 2.4401166055    0.796  1.769  3.7362  2.467    4  0.000  0.515     0.00     0.00     0.00     0.00     0.00 -1    -1e-30      0.00 7.397e-01 2.590e-01 2.167e-04 6.991e-05 5.622e-04 -1.000 1.269e-03 0.348 1.586 0.739 0.288 0.149 0.095 0.079
0.00123 -1.10000 10.00860 0.8671538234 2.4401344787    0.796  1.768  3.7367  2.470    4  0.000  0.515     0.00     0.00     0.00     0.00     0.00 -1    -1e-30      0.00 7.397e-01 2.590e-01 2.167e-04 6.991e-05 5.622e-04 -1.000 1.269e-03 0.350 1.582 0.738 0.290 0.151 0.098 0.083
0.00123 -1.10000 10.00860 0.8672216535 2.4401541844    0.796  1.767  3.7373  2.473    4  0.000  0.515     0.00     0.00     0.00     0.00     0.00 -1    -1e-30      0.00 7.397e-01 2.590e-01 2.167e-04 6.991e-05 5.622e-04 -1.000 1.269e-03 0.352 1.578 0.737 0.292 0.154 0.101 0.086
0.00123 -1.10000 10.00860 0.8672875762 2.4401733326    0.797  1.767  3.7378  2.476    4  0.000  0.515     0.00     0.00     0.00     0.00     0.00 -1    -1e-30      0.00 7.397e-01 2.590e-01 2.167e-04 6.992e-05 5.622e-04 -1.000 1.269e-03 0.353 1.574 0.737 0.293 0.156 0.104 0.089
0.00123 -1.10000 10.00860 0.8673529029 2.4401923044    0.797  1.766  3.7383  2.478    4  0.000  0.515     0.00     0.00     0.00     0.00     0.00 -1    -1e-30      0.00 7.397e-01 2.590e-01 2.167e-04 6.992e-05 5.622e-04 -1.000 1.269e-03 0.354 1.571 0.736 0.293 0.157 0.106 0.091
0.00123 -1.10000 10.00860 0.8673678041 2.4401966314    0.797  1.766  3.7384  2.479    4  0.000  0.515     0.00     0.00     0.00     0.00     0.00 -1    -1e-30      0.00 7.397e-01 2.590e-01 2.167e-04 6.992e-05 5.622e-04 -1.000 1.269e-03 0.354 1.570 0.735 0.294 0.157 0.106 0.091
0.00123 -1.10000 10.00860 0.8674303889 2.4402148031    0.797  1.766  3.7387  2.480    4  0.000  0.515     0.00     0.00     0.00     0.00     0.00 -1    -1e-30      0.00 7.397e-01 2.590e-01 2.167e-04 6.992e-05 5.622e-04 -1.000 1.269e-03 0.355 1.567 0.734 0.294 0.158 0.107 0.093
0.00123 -1.10000 10.00860 0.8674988747 2.4402346847    0.797  1.766  3.7390  2.481    4  0.000  0.515     0.00     0.00     0.00     0.00     0.00 -1    -1e-30      0.00 7.397e-01 2.590e-01 2.167e-04 6.992e-05 5.622e-04 -1.000 1.269e-03 0.354 1.564 0.732 0.293 0.158 0.107 0.093
0.00123 -1.10000 10.00860 0.8675607443 2.4402526425    0.797  1.767  3.7391  2.481    4  0.000  0.515     0.00     0.00     0.00     0.00     0.00 -1    -1e-30      0.00 7.397e-01 2.590e-01 2.167e-04 6.992e-05 5.622e-04 -1.000 1.269e-03 0.353 1.561 0.731 0.292 0.157 0.107 0.093
0.00123 -1.10000 10.00860 0.8676258326 2.4402715313    0.797  1.767  3.7392  2.481    4  0.000  0.515     0.00     0.00     0.00     0.00     0.00 -1    -1e-30      0.00 7.397e-01 2.590e-01 2.167e-04 6.992e-05 5.622e-04 -1.000 1.269e-03 0.352 1.558 0.729 0.290 0.156 0.105 0.091
0.00123 -1.10000 10.00860 0.8676912189 2.4402905034    0.797  1.768  3.7392  2.480    4  0.000  0.515     0.00     0.00     0.00     0.00     0.00 -1    -1e-30      0.00 7.397e-01 2.590e-01 2.167e-04 6.992e-05 5.622e-04 -1.000 1.269e-03 0.349 1.556 0.726 0.288 0.153 0.103 0.089
0.00123 -1.10000 10.00860 0.8677579165 2.4403098525    0.797  1.770  3.7391  2.478    4  0.000  0.515     0.00     0.00     0.00     0.00     0.00 -1    -1e-30      0.00 7.397e-01 2.590e-01 2.167e-04 6.992e-05 5.622e-04 -1.000 1.269e-03 0.346 1.554 0.723 0.284 0.149 0.099 0.085
0.00123 -1.10000 10.00860 0.8678252697 2.4403293884    0.797  1.771  3.7389  2.475    4  0.000  0.515     0.00     0.00     0.00     0.00     0.00 -1    -1e-30      0.00 7.397e-01 2.590e-01 2.167e-04 6.992e-05 5.622e-04 -1.000 1.269e-03 0.341 1.552 0.720 0.280 0.145 0.094 0.080
0.00123 -1.10000 10.00860 0.8678370714 2.4403328111    0.797  1.772  3.7388  2.475    4  0.000  0.515     0.00     0.00     0.00     0.00     0.00 -1    -1e-30      0.00 7.397e-01 2.590e-01 2.167e-04 6.992e-05 5.622e-04 -1.000 1.269e-03 0.340 1.552 0.719 0.279 0.144 0.093 0.079
0.00123 -1.10000 10.00860 0.8678516150 2.4403370289    0.797  1.772  3.7387  2.474    4  0.000  0.515     0.00     0.00     0.00     0.00     0.00 -1    -1e-30      0.00 7.397e-01 2.590e-01 2.167e-04 6.992e-05 5.622e-04 -1.000 1.269e-03 0.339 1.551 0.718 0.278 0.142 0.091 0.077
0.00123 -1.10000 10.00860 0.8679121733 2.4403545897    0.797  1.775  3.7384  2.471    4  0.000  0.515     0.00     0.00     0.00     0.00     0.00 -1    -1e-30      0.00 7.397e-01 2.590e-01 2.167e-04 6.992e-05 5.622e-04 -1.000 1.269e-03 0.334 1.549 0.714 0.272 0.136 0.085 0.071
0.00123 -1.10000 10.00860 0.8679713011 2.4403717329    0.797  1.777  3.7380  2.466    4  0.000  0.515     0.00     0.00     0.00     0.00     0.00 -1    -1e-30      0.00 7.397e-01 2.590e-01 2.167e-04 6.992e-05 5.622e-04 -1.000 1.269e-03 0.327 1.547 0.710 0.266 0.130 0.078 0.063
0.00123 -1.10000 10.00860 0.8680321574 2.4403893745    0.797  1.780  3.7375  2.462    4  0.000  0.515     0.00     0.00     0.00     0.00     0.00 -1    -1e-30      0.00 7.397e-01 2.590e-01 2.167e-04 6.992e-05 5.622e-04 -1.000 1.269e-03 0.320 1.545 0.704 0.259 0.122 0.069 0.054
0.00123 -1.10000 10.00860 0.8680909276 2.4404064087    0.797  1.783  3.7370  2.457    4  0.000  0.515     0.00     0.00     0.00     0.00     0.00 -1    -1e-30      0.00 7.397e-01 2.590e-01 2.167e-04 6.992e-05 5.622e-04 -1.000 1.269e-03 0.313 1.542 0.699 0.252 0.114 0.061 0.046
0.00123 -1.10000 10.00860 0.8681512475 2.4404238893    0.797  1.788  3.7361  2.449    4  0.000  0.515     0.00     0.00     0.00     0.00     0.00 -1    -1e-30      0.00 7.397e-01 2.590e-01 2.167e-04 6.992e-05 5.622e-04 -1.000 1.269e-03 0.301 1.540 0.691 0.241 0.101 0.047 0.032
0.00123 -1.10000 10.00860 0.8682097793 2.4404408490    0.798  1.793  3.7352  2.440    4  0.000  0.515     0.00     0.00     0.00     0.00     0.00 -1    -1e-30      0.00 7.397e-01 2.590e-01 2.167e-04 6.992e-05 5.622e-04 -1.000 1.269e-03 0.289 1.536 0.682 0.229 0.087 0.032 0.016
0.00123 -1.10000 10.00860 0.8682685494 2.4404578751    0.798  1.798  3.7343  2.431    4  0.000  0.515     0.00     0.00     0.00     0.00     0.00 -1    -1e-30      0.00 7.397e-01 2.590e-01 2.167e-04 6.992e-05 5.622e-04 -1.000 1.269e-03 0.275 1.532 0.673 0.215 0.073 0.017 0.000
0.00123 -1.10000 10.00860 0.8683273792 2.4404749159    0.798  1.803  3.7334  2.422    4  0.000  0.515     0.00     0.00     0.00     0.00     0.00 -1    -1e-30      0.00 7.397e-01 2.590e-01 2.167e-04 6.992e-05 5.622e-04 -1.000 1.269e-03 0.262 1.528 0.663 0.202 0.058 0.001 -0.016
0.00123 -1.10000 10.00860 0.8683861494 2.4404919367    0.798  1.811  3.7323  2.410    4  0.000  0.515     0.00     0.00     0.00     0.00     0.00 -1    -1e-30      0.00 7.397e-01 2.590e-01 2.167e-04 6.993e-05 5.622e-04 -1.000 1.269e-03 0.243 1.521 0.649 0.184 0.038 -0.020 -0.037
0.00123 -1.10000 10.00860 0.8684443235 2.4405087823    0.798  1.819  3.7311  2.397    4  0.000  0.515     0.00     0.00     0.00     0.00     0.00 -1    -1e-30      0.00 7.397e-01 2.590e-01 2.167e-04 6.993e-05 5.622e-04 -1.000 1.269e-03 0.223 1.513 0.634 0.165 0.017 -0.043 -0.061
0.00123 -1.10000 10.00860 0.8685045242 2.4405262120    0.798  1.833  3.7289  2.374    4  0.000  0.515     0.00     0.00     0.00     0.00     0.00 -1    -1e-30      0.00 7.397e-01 2.590e-01 2.167e-04 6.993e-05 5.622e-04 -1.000 1.269e-03 0.186 1.500 0.607 0.129 -0.023 -0.085 -0.104
0.00123 -1.10000 10.00860 0.8685635924 2.4405433111    0.798  1.860  3.7252  2.333    4  0.000  0.515     0.00     0.00     0.00     0.00     0.00 -1    -1e-30      0.00 7.397e-01 2.591e-01 2.167e-04 6.993e-05 5.622e-04 -1.000 1.269e-03 0.121 1.475 0.558 0.065 -0.092 -0.158 -0.179
0.00123 -1.10000 10.00860 0.8686044216 2.4405551288    0.798  1.894  3.7208  2.281    4  0.000  0.515     0.00     0.00     0.00     0.00     0.00 -1    -1e-30      0.00 7.397e-01 2.591e-01 2.167e-04 6.993e-05 5.622e-04 -1.000 1.269e-03 0.035 1.440 0.492 -0.018 -0.183 -0.254 -0.277
0.00123 -1.10000 10.00860 0.8686239123 2.4405607698    0.798  1.929  3.7165  2.229    4  0.000  0.515     0.00     0.00     0.00     0.00     0.00 -1    -1e-30      0.00 7.397e-01 2.591e-01 2.167e-04 6.993e-05 5.622e-04 -1.000 1.269e-03 -0.053 1.404 0.426 -0.102 -0.274 -0.350 -0.376
0.00123 -1.10000 10.00860 0.8686325550 2.4405632711    0.798  1.964  3.7124  2.178    4  0.000  0.515     0.00     0.00     0.00     0.00     0.00 -1    -1e-30      0.00 7.397e-01 2.591e-01 2.167e-04 6.993e-05 5.622e-04 -1.000 1.269e-03 -0.139 1.369 0.360 -0.185 -0.364 -0.445 -0.473
0.00123 -1.10000 10.00860 0.8686366677 2.4405644613    0.798  1.998  3.7086  2.129    4  0.000  0.515     0.00     0.00     0.00     0.00     0.00 -1    -1e-30      0.00 7.397e-01 2.591e-01 2.167e-04 6.993e-05 5.622e-04 -1.000 1.269e-03 -0.225 1.332 0.294 -0.267 -0.453 -0.538 -0.568
0.00123 -1.10000 10.00860 0.8686389327 2.4405651168    0.798  2.032  3.7049  2.079    4  0.000  0.515     0.00     0.00     0.00     0.00     0.00 -1    -1e-30      0.00 7.397e-01 2.591e-01 2.167e-04 6.993e-05 5.622e-04 -1.000 1.269e-03 -0.311 1.295 0.228 -0.348 -0.541 -0.631 -0.662
0.00123 -1.10000 10.00860 0.8686402440 2.4405654963    0.798  2.062  3.7020  2.038    4  0.000  0.515     0.00     0.00     0.00     0.00     0.00 -1    -1e-30      0.00 7.397e-01 2.591e-01 2.167e-04 6.993e-05 5.622e-04 -1.000 1.269e-03 -0.384 1.261 0.172 -0.418 -0.615 -0.709 -0.742
0.00123 -1.10000 10.00860 0.8686403632 2.4405655308    0.798  2.065  3.7017  2.034    7  0.000  0.515     0.00     0.00     0.00     0.00     0.00 -1 -9.13e-10      0.00 7.397e-01 2.574e-01 2.167e-04 6.993e-05 5.622e-04 -1.000 2.897e-03 -0.392 1.258 0.165 -0.426 -0.624 -0.718 -0.751
0.00123 -1.10000 10.00860 0.8686413169 2.4405658068    0.798  2.097  3.6987  1.990    7  0.000  0.515     0.00     0.00     0.00     0.00     0.00 -1  -1.1e-09      0.00 7.397e-01 2.574e-01 2.167e-04 6.993e-05 5.622e-04 -1.000 2.897e-03 -0.473 1.219 0.102 -0.502 -0.706 -0.803 -0.838
0.00123 -1.10000 10.00860 0.8686423898 2.4405661173    0.798  2.134  3.6954  1.940    7  0.000  0.515     0.00     0.00     0.00     0.00     0.00 -1 -1.36e-09      0.00 7.397e-01 2.574e-01 2.167e-04 6.993e-05 5.622e-04 -1.000 2.897e-03 -0.564 1.181 0.031 -0.588 -0.798 -0.900 -0.937
0.00123 -1.10000 10.00860 0.8686435223 2.4405664450    0.798  2.165  3.6925  1.896    7  0.000  0.515     0.00     0.00     0.00     0.00     0.00 -1 -1.63e-09      0.00 7.397e-01 2.574e-01 2.167e-04 6.993e-05 5.622e-04 -1.000 2.897e-03 -0.644 1.147 -0.030 -0.664 -0.878 -0.984 -1.023
0.00123 -1.10000 10.00860 0.8686464429 2.4405672902    0.798  2.202  3.6894  1.847    7  0.000  0.515     0.00     0.00     0.00     0.00     0.00 -1 -2.01e-09      0.00 7.397e-01 2.574e-01 2.167e-04 6.993e-05 5.622e-04 -1.000 2.897e-03 -0.734 1.108 -0.101 -0.749 -0.970 -1.080 -1.120
0.00123 -1.10000 10.00860 0.8686493635 2.4405681355    0.797  2.195  3.6900  1.856    7  0.000  0.515     0.00     0.00     0.00     0.00     0.00 -1 -1.94e-09      0.00 7.397e-01 2.574e-01 2.167e-04 6.993e-05 5.622e-04 -1.000 2.897e-03 -0.718 1.113 -0.089 -0.734 -0.954 -1.063 -1.103
0.00123 -1.10000 10.00860 0.8686828613 2.4405778290    0.795  2.180  3.6912  1.876    7  0.000  0.515     0.00     0.00     0.00     0.00     0.00 -1  -1.8e-09      0.00 7.397e-01 2.574e-01 2.167e-04 6.993e-05 5.622e-04 -1.000 2.897e-03 -0.679 1.132 -0.058 -0.697 -0.914 -1.022 -1.061
0.00123 -1.10000 10.00860 0.8687117100 2.4405861766    0.793  2.211  3.6883  1.832    7  0.000  0.515     0.00     0.00     0.00     0.00     0.00 -1 -2.17e-09      0.00 7.397e-01 2.574e-01 2.167e-04 6.993e-05 5.622e-04 -1.000 2.897e-03 -0.758 1.102 -0.117 -0.770 -0.993 -1.105 -1.146
0.00123 -1.10000 10.00860 0.8687311411 2.4405917987    0.792  2.247  3.6851  1.782    7  0.000  0.515     0.00     0.00     0.00     0.00     0.00 -1 -2.67e-09      0.00 7.397e-01 2.574e-01 2.167e-04 6.993e-05 5.622e-04 -1.000 2.897e-03 -0.847 1.071 -0.184 -0.854 -1.082 -1.198 -1.241
0.00123 -1.10000 10.00860 0.8687476516 2.4405965756    0.790  2.280  3.6822  1.736    7  0.000  0.515     0.00     0.00     0.00     0.00     0.00 -1 -3.23e-09      0.00 7.397e-01 2.574e-01 2.167e-04 6.993e-05 5.622e-04 -1.000 2.897e-03 -0.931 1.051 -0.246 -0.935 -1.168 -1.287 -1.332
0.00123 -1.10000 10.00860 0.8687664270 2.4406020075    0.787  2.321  3.6787  1.680    7  0.000  0.515     0.00     0.00     0.00     0.00     0.00 -1 -4.13e-09      0.00 7.397e-01 2.574e-01 2.167e-04 6.993e-05 5.622e-04 -1.000 2.897e-03 -1.032 1.029 -0.320 -1.033 -1.271 -1.394 -1.442
0.00123 -1.10000 10.00860 0.8687835932 2.4406069736    0.784  2.361  3.6753  1.625    7  0.000  0.515     0.00     0.00     0.00     0.00     0.00 -1 -5.25e-09      0.00 7.397e-01 2.574e-01 2.167e-04 6.993e-05 5.622e-04 -1.000 2.896e-03 -1.133 1.011 -0.392 -1.129 -1.373 -1.500 -1.550
0.00123 -1.10000 10.00860 0.8687990904 2.4406114567    0.781  2.402  3.6718  1.568    7  0.000  0.515     0.00     0.00     0.00     0.00     0.00 -1  -6.6e-09      0.00 7.397e-01 2.574e-01 2.166e-04 6.993e-05 5.622e-04 -1.000 2.884e-03 -1.234 0.996 -0.464 -1.226 -1.475 -1.607 -1.659
0.00123 -1.10000 10.00860 0.8688130975 2.4406155086    0.777  2.442  3.6683  1.512    7  0.000  0.515     0.00     0.00     0.00     0.00     0.00 -1 -8.41e-09      0.00 7.397e-01 2.575e-01 2.166e-04 6.994e-05 5.622e-04 -1.000 2.818e-03 -1.335 0.986 -0.533 -1.322 -1.577 -1.713 -1.768
0.00123 -1.10000 10.00860 0.8688255548 2.4406191120    0.773  2.482  3.6649  1.455    7  0.000  0.515     0.00     0.00     0.00     0.00     0.00 -1 -1.06e-08      0.00 7.397e-01 2.575e-01 2.165e-04 6.997e-05 5.622e-04 -1.000 2.797e-03 -1.436 0.985 -0.599 -1.416 -1.677 -1.817 -1.875
0.00123 -1.10000 10.00860 0.8688368797 2.4406223878    0.767  2.523  3.6615  1.398    7  0.000  0.513     8.20     6.35     4.48     3.47     2.81  3 -1.35e-08      0.00 7.397e-01 2.575e-01 2.160e-04 7.019e-05 5.622e-04 -1.000 2.786e-03 -1.536 0.991 -0.662 -1.509 -1.777 -1.922 -1.982
0.00123 -1.10000 10.00860 0.8688470125 2.4406253186    0.762  2.562  3.6573  1.339    7  0.000  0.511     9.28     7.05     4.95     3.84     3.11  3 -1.71e-08      0.00 7.397e-01 2.576e-01 2.151e-04 7.090e-05 5.622e-04 -1.000 2.746e-03 -1.635 1.021 -0.713 -1.596 -1.872 -2.023 -2.087
0.00123 -1.10000 10.00860 0.8688564897 2.4406280598    0.755  2.602  3.6510  1.270    7  0.000  0.505    10.71     7.97     5.56     4.33     3.50  3  -2.2e-08      0.00 7.397e-01 2.576e-01 2.129e-04 7.302e-05 5.622e-04 -1.000 2.698e-03 -1.735 1.080 -0.746 -1.671 -1.961 -2.122 -2.191
0.00123 -1.10000 10.00860 0.8688608408 2.4406293183    0.751  2.622  3.6475  1.234    7  0.000  0.502    11.54     8.50     5.91     4.61     3.73  2  -2.5e-08      0.00 7.396e-01 2.577e-01 2.114e-04 7.472e-05 5.622e-04 -1.000 2.697e-03 -1.784 1.118 -0.757 -1.705 -2.004 -2.170 -2.242
0.00123 -1.10000 10.00860 0.8688691258 2.4406317145    0.742  2.661  3.6430  1.172    7  0.000  0.494    13.14     9.48     6.56     5.12     4.15  2 -3.19e-08      0.00 7.396e-01 2.577e-01 2.084e-04 7.834e-05 5.623e-04 -1.000 2.687e-03 -1.882 1.144 -0.802 -1.782 -2.092 -2.267 -2.342
0.00123 -1.10000 10.00860 0.8688771725 2.4406340418    0.731  2.700  3.6396  1.112    7  0.000  0.487    14.84    10.52     7.24     5.67     4.59  2 -4.08e-08      0.00 7.395e-01 2.578e-01 2.055e-04 8.192e-05 5.623e-04 -1.000 2.657e-03 -1.980 1.147 -0.859 -1.865 -2.184 -2.364 -2.442
0.00123 -1.10000 10.00860 0.8688849807 2.4406363000    0.718  2.739  3.6361  1.051    7  0.000  0.481    16.83    11.69     8.01     6.28     5.09  2 -5.27e-08      0.00 7.394e-01 2.579e-01 2.029e-04 8.512e-05 5.624e-04 -1.000 2.614e-03 -2.078 1.154 -0.911 -1.944 -2.274 -2.461 -2.541
0.00123 -1.10000 10.00860 0.8688924313 2.4406384548    0.701  2.779  3.6326  0.987    7  0.000  0.475    19.19    13.06     8.89     6.99     5.66  2 -6.94e-08      0.00 7.393e-01 2.580e-01 2.007e-04 8.793e-05 5.624e-04 -1.000 2.625e-03 -2.178 1.167 -0.962 -2.025 -2.365 -2.558 -2.642
0.00123 -1.10000 10.00860 0.8688992262 2.4406404199    0.680  2.818  3.6291  0.922    7  0.000  0.470    21.89    14.58     9.87     7.78     6.30  1 -9.26e-08      0.00 7.393e-01 2.581e-01 1.987e-04 9.041e-05 5.624e-04 -1.000 2.622e-03 -2.274 1.189 -1.005 -2.101 -2.452 -2.653 -2.739
0.00123 -1.10000 10.00860 0.8689057231 2.4406422988    0.655  2.857  3.6259  0.852    7  0.000  0.466    25.15    16.35    11.01     8.71     7.05  1 -1.27e-07      0.00 7.392e-01 2.582e-01 1.969e-04 9.260e-05 5.624e-04 -1.000 2.596e-03 -2.373 1.205 -1.051 -2.180 -2.542 -2.750 -2.839
0.00123 -1.10000 10.00860 0.8689110279 2.4406438330    0.625  2.896  3.6236  0.785    7  0.000  0.463    28.80    18.27    12.22     9.70     7.86  1 -1.77e-07      0.00 7.391e-01 2.583e-01 1.955e-04 9.436e-05 5.624e-04 -1.000 2.595e-03 -2.469 1.206 -1.103 -2.260 -2.632 -2.845 -2.936
0.00123 -1.10000 10.00860 0.8689148426 2.4406449361    0.595  2.930  3.6235  0.729    7  0.000  0.460    32.14    19.96    13.29    10.58     8.56  1 -2.41e-07      0.00 7.391e-01 2.584e-01 1.943e-04 9.580e-05 5.624e-04 -1.000 2.549e-03 -2.554 1.163 -1.173 -2.344 -2.718 -2.932 -3.024
0.00123 -1.10000 10.00860 0.8689181209 2.4406458842    0.561  2.963  3.6273  0.685    7  0.000  0.457    34.89    21.26    14.10    11.26     9.11  1 -3.33e-07      0.00 7.390e-01 2.584e-01 1.933e-04 9.709e-05 5.623e-04 -1.000 2.536e-03 -2.638 1.028 -1.294 -2.451 -2.816 -3.023 -3.113
0.00123 -1.10000 10.00860 0.8689204454 2.4406465564    0.518  2.990  3.6404  0.676    7  0.000  0.455    35.09    21.19    14.03    11.23     9.09  1 -4.36e-07      0.00 7.389e-01 2.585e-01 1.923e-04 9.828e-05 5.622e-04 -1.000 2.594e-03 -2.706 0.684 -1.512 -2.595 -2.926 -3.109 -3.189
0.00123 -1.10000 10.00860 1.0949344635 2.4908239789    0.545 -9.999  3.6513  7.954    9  0.546  0.000     0.00     0.00     0.00     0.00     0.00 -1    -1e-30      0.00 7.265e-01 2.722e-01 1.773e-04 1.344e-04 5.712e-04 -1.000 1.249e-03 29.767 32.422 30.753 29.800 29.482 29.325 29.270
