# Zini     MH   logAge Mini        int_IMF         Mass   logL    logTe  logg  label   McoreTP C_O  period0  period1  period2  period3  period4  pmode  Mloss  tau1m   X   Y   Xc  Xn  Xo  Cexcess  Z 	 mbolmag  umag    gmag    rmag    imag    zmag    Ymag
0.00069308 -1.35000 10.04139 0.0900000036 1.0816895926    0.090 -3.197  3.4662  5.406    1  0.000  0.545     0.00     0.00     0.00     0.00     0.00 -1 -5.28e-17      0.00 7.476e-01 2.517e-01 1.323e-04 3.568e-05 3.236e-04 -1.000 7.355e-04 12.762 17.945 16.450 14.554 12.727 12.124 12.008
0.00069308 -1.35000 10.04139 0.0981555358 1.1555116055    0.098 -2.973  3.4982  5.347    1  0.000  0.545     0.00     0.00     0.00     0.00     0.00 -1 -9.06e-17      0.00 7.464e-01 2.529e-01 1.323e-04 3.568e-05 3.236e-04 -1.000 7.356e-04 12.202 17.240 15.219 13.409 12.084 11.613 11.498
0.00069308 -1.35000 10.04139 0.1000000015 1.1711064122    0.100 -2.925  3.5050  5.335    1  0.000  0.545     0.00     0.00     0.00     0.00     0.00 -1 -1.02e-16      0.00 7.461e-01 2.532e-01 1.323e-04 3.568e-05 3.236e-04 -1.000 7.355e-04 12.082 17.056 14.966 13.184 11.950 11.502 11.389
0.00069308 -1.35000 10.04139 0.1200000048 1.3193154741    0.120 -2.640  3.5369  5.257    1  0.000  0.545     0.00     0.00     0.00     0.00     0.00 -1 -1.96e-16      0.00 7.438e-01 2.554e-01 1.323e-04 3.568e-05 3.236e-04 -1.000 7.356e-04 11.370 15.910 13.689 12.058 11.187 10.831 10.723
0.00069308 -1.35000 10.04139 0.1371172518 1.4226923051    0.137 -2.483  3.5506  5.212    1  0.000  0.545     0.00     0.00     0.00     0.00     0.00 -1 -2.76e-16      0.00 7.424e-01 2.569e-01 1.323e-04 3.568e-05 3.236e-04 -1.000 7.355e-04 10.978 15.278 13.086 11.528 10.779 10.453 10.350
0.00069308 -1.35000 10.04139 0.1400000006 1.4384526719    0.140 -2.459  3.5527  5.205    1  0.000  0.545     0.00     0.00     0.00     0.00     0.00 -1 -2.92e-16      0.00 7.422e-01 2.571e-01 1.323e-04 3.568e-05 3.236e-04 -1.000 7.356e-04 10.917 15.176 12.994 11.448 10.715 10.394 10.291
0.00069308 -1.35000 10.04139 0.1599999964 1.5372931554    0.160 -2.318  3.5630  5.164    1  0.000  0.545     0.00     0.00     0.00     0.00     0.00 -1 -3.95e-16      0.00 7.409e-01 2.584e-01 1.323e-04 3.568e-05 3.236e-04 -1.000 7.356e-04 10.566 14.627 12.495 11.008 10.355 10.054 9.955
0.00069308 -1.35000 10.04139 0.2000000179 1.6938791367    0.200 -2.098  3.5767  5.095    1  0.000  0.545     0.00     0.00     0.00     0.00     0.00 -1 -6.36e-16      0.00 7.396e-01 2.597e-01 1.323e-04 3.568e-05 3.236e-04 -1.000 7.356e-04 10.014 13.808 11.762 10.359 9.793 9.517 9.423
0.00069308 -1.35000 10.04139 0.2500000000 1.8403257998    0.250 -1.893  3.5879  5.032    1  0.000  0.545     0.00     0.00     0.00     0.00     0.00 -1 -4.01e-16      0.00 7.394e-01 2.599e-01 1.323e-04 3.568e-05 3.236e-04 -1.000 7.356e-04 9.502 13.077 11.112 9.785 9.274 9.016 8.928
0.00069308 -1.35000 10.04139 0.3000000417 1.9529140366    0.300 -1.736  3.5964  4.989    1  0.000  0.545     0.00     0.00     0.00     0.00     0.00 -1 -4.12e-16      0.00 7.396e-01 2.597e-01 1.322e-04 3.569e-05 3.236e-04 -1.000 7.355e-04 9.111 12.528 10.622 9.353 8.877 8.632 8.548
0.00069308 -1.35000 10.04139 0.3454724252 2.0359338902    0.345 -1.620  3.6030  4.961    1  0.000  0.545     0.00     0.00     0.00     0.00     0.00 -1  -1.7e-15      0.00 7.434e-01 2.559e-01 1.322e-04 3.568e-05 3.236e-04 -1.000 7.355e-04 8.821 12.122 10.259 9.035 8.581 8.348 8.267
0.00069308 -1.35000 10.04139 0.3499999940 2.0434174644    0.350 -1.609  3.6036  4.958    1  0.000  0.545     0.00     0.00     0.00     0.00     0.00 -1 -1.73e-15      0.00 7.437e-01 2.556e-01 1.322e-04 3.568e-05 3.236e-04 -1.000 7.355e-04 8.794 12.085 10.226 9.006 8.554 8.321 8.241
0.00069308 -1.35000 10.04139 0.4000000060 2.1185024399    0.400 -1.464  3.6147  4.915    1  0.000  0.545     0.00     0.00     0.00     0.00     0.00 -1 -2.39e-15      0.00 7.496e-01 2.496e-01 1.323e-04 3.568e-05 3.236e-04 -1.000 7.356e-04 8.429 11.537 9.744 8.599 8.183 7.967 7.892
0.00069308 -1.35000 10.04139 0.4500000179 2.1822809362    0.450 -1.289  3.6328  4.863    1  0.000  0.545     0.00     0.00     0.00     0.00     0.00 -1 -3.57e-15      0.00 7.497e-01 2.496e-01 1.323e-04 3.568e-05 3.236e-04 -1.000 7.355e-04 7.992 10.821 9.126 8.102 7.738 7.550 7.484
0.00069308 -1.35000 10.04139 0.5000000000 2.2374541529    0.500 -1.090  3.6598  4.819    1  0.000  0.545     0.00     0.00     0.00     0.00     0.00 -1 -5.63e-15      0.00 7.497e-01 2.496e-01 1.323e-04 3.568e-05 3.236e-04 -1.000 7.355e-04 7.496 9.917 8.381 7.526 7.235 7.088 7.035
0.00069308 -1.35000 10.04139 0.5500000715 2.2836583126    0.550 -0.876  3.6875  4.756    1  0.000  0.544     0.00     0.00     0.00     0.00     0.00 -1 -9.45e-15      0.00 7.814e-01 2.180e-01 1.167e-04 3.149e-05 2.858e-04 -1.000 6.293e-04 6.959 8.919 7.624 6.929 6.699 6.590 6.552
0.00069308 -1.35000 10.04139 0.6000000238 2.3211213258    0.600 -0.671  3.7151  4.700    1  0.000  0.544     0.00     0.00     0.00     0.00     0.00 -1 -1.54e-14      0.00 7.906e-01 2.088e-01 1.124e-04 3.036e-05 2.756e-04 -1.000 6.118e-04 6.449 8.004 6.956 6.385 6.202 6.127 6.104
0.00069308 -1.35000 10.04139 0.6145830750 2.3307362015    0.614 -0.610  3.7241  4.685    1  0.000  0.544     0.00     0.00     0.00     0.00     0.00 -1 -1.79e-14      0.00 7.937e-01 2.057e-01 1.110e-04 2.999e-05 2.722e-04 -1.000 6.290e-04 6.295 7.736 6.761 6.226 6.057 5.992 5.974
0.00069308 -1.35000 10.04139 0.6289066076 2.3396825274    0.629 -0.549  3.7329  4.669    1  0.000  0.543     0.00     0.00     0.00     0.00     0.00 -1 -2.07e-14      0.00 7.969e-01 2.025e-01 1.095e-04 2.960e-05 2.688e-04 -1.000 6.081e-04 6.143 7.483 6.574 6.071 5.917 5.861 5.847
0.00069308 -1.35000 10.04139 0.6411827207 2.3469853727    0.641 -0.497  3.7403  4.655    1  0.000  0.543     0.00     0.00     0.00     0.00     0.00 -1 -2.33e-14      0.00 7.997e-01 1.997e-01 1.083e-04 2.926e-05 2.657e-04 -1.000 6.330e-04 6.013 7.274 6.417 5.940 5.796 5.748 5.738
0.00069308 -1.35000 10.04139 0.6499999762 2.3520353107    0.650 -0.460  3.7456  4.645    1  0.000  0.543     0.00     0.00     0.00     0.00     0.00 -1 -2.57e-14      0.00 8.018e-01 1.976e-01 1.073e-04 2.900e-05 2.634e-04 -1.000 5.915e-04 5.919 7.128 6.304 5.848 5.712 5.670 5.662
0.00069308 -1.35000 10.04139 0.6513000131 2.3527665961    0.651 -0.454  3.7463  4.643    1  0.000  0.543     0.00     0.00     0.00     0.00     0.00 -1  -2.6e-14      0.00 8.021e-01 1.973e-01 1.071e-04 2.896e-05 2.630e-04 -1.000 5.888e-04 5.905 7.107 6.288 5.834 5.699 5.658 5.650
0.00069308 -1.35000 10.04139 0.6654286385 2.3605026665    0.665 -0.393  3.7539  4.622    1  0.000  0.543     0.00     0.00     0.00     0.00     0.00 -1 -3.04e-14      0.00 8.064e-01 1.930e-01 1.052e-04 2.845e-05 2.585e-04 -1.000 5.885e-04 5.753 6.882 6.111 5.686 5.563 5.530 5.526
0.00069308 -1.35000 10.04139 0.6788415909 2.3675052558    0.679 -0.335  3.7609  4.600    1  0.000  0.542     0.00     0.00     0.00     0.00     0.00 -1 -3.53e-14      0.00 8.107e-01 1.887e-01 1.033e-04 2.795e-05 2.539e-04 -1.000 5.885e-04 5.607 6.671 5.943 5.545 5.434 5.408 5.406
0.00069308 -1.35000 10.04139 0.6912589073 2.3737102447    0.691 -0.280  3.7672  4.578    1  0.000  0.542     0.00     0.00     0.00     0.00     0.00 -1 -4.07e-14      0.00 8.149e-01 1.845e-01 1.014e-04 2.744e-05 2.494e-04 -1.000 5.871e-04 5.470 6.483 5.789 5.414 5.312 5.292 5.293
0.00069308 -1.35000 10.04139 0.6999999881 2.3779266974    0.700 -0.241  3.7715  4.561    1  0.000  0.542     0.00     0.00     0.00     0.00     0.00 -1 -4.51e-14      0.00 8.180e-01 1.814e-01 1.000e-04 2.707e-05 2.461e-04 -1.000 5.884e-04 5.371 6.351 5.679 5.319 5.224 5.209 5.211
0.00069308 -1.35000 10.04139 0.7005112767 2.3781695853    0.700 -0.238  3.7717  4.560    1  0.000  0.542     0.00     0.00     0.00     0.00     0.00 -1 -4.54e-14      0.00 8.183e-01 1.811e-01 9.992e-05 2.705e-05 2.459e-04 -1.000 5.877e-04 5.366 6.343 5.673 5.314 5.219 5.204 5.206
0.00069308 -1.35000 10.04139 0.7094524503 2.3823520960    0.709 -0.197  3.7759  4.541    1  0.000  0.540     0.00     0.00     0.00     0.00     0.00 -1 -5.08e-14      0.00 8.225e-01 1.770e-01 9.784e-05 2.655e-05 2.415e-04 -1.000 5.264e-04 5.262 6.208 5.558 5.215 5.126 5.115 5.120
0.00069308 -1.35000 10.04139 0.7214600444 2.3877818896    0.721 -0.139  3.7813  4.512    1  0.000  0.538     0.00     0.00     0.00     0.00     0.00 -1 -5.93e-14      0.00 8.284e-01 1.711e-01 9.497e-05 2.585e-05 2.353e-04 -1.000 4.985e-04 5.118 6.027 5.401 5.077 4.997 4.992 4.998
0.00069308 -1.35000 10.04139 0.7325547338 2.3926173470    0.732 -0.084  3.7861  4.483    1  0.000  0.536     0.00     0.00     0.00     0.00     0.00 -1 -6.92e-14      0.00 8.340e-01 1.655e-01 9.220e-05 2.518e-05 2.294e-04 -1.000 4.884e-04 4.980 5.860 5.251 4.945 4.872 4.871 4.879
0.00069308 -1.35000 10.04139 0.7430492640 2.3970387378    0.743 -0.029  3.7905  4.452    1  0.000  0.534     0.00     0.00     0.00     0.00     0.00 -1 -8.08e-14      0.00 8.394e-01 1.602e-01 8.957e-05 2.454e-05 2.237e-04 -1.000 4.884e-04 4.842 5.697 5.103 4.813 4.747 4.750 4.759
0.00069308 -1.35000 10.04139 0.7500000000 2.3998889087    0.750  0.009  3.7933  4.429    1  0.000  0.532     0.00     0.00     0.00     0.00     0.00 -1    -9e-14      0.00 8.430e-01 1.566e-01 8.781e-05 2.411e-05 2.199e-04 -1.000 4.884e-04 4.747 5.588 5.002 4.721 4.660 4.666 4.676
0.00069308 -1.35000 10.04139 0.7588058710 2.4034136967    0.758  0.059  3.7966  4.397    1  0.000  0.532     0.00     0.00     0.00     0.00     0.00 -1 -1.04e-13      0.00 8.464e-01 1.531e-01 8.636e-05 2.373e-05 2.165e-04 -1.000 4.884e-04 4.622 5.445 4.868 4.600 4.544 4.553 4.564
0.00069308 -1.35000 10.04139 0.7682182193 2.4070786803    0.768  0.116  3.8001  4.359    1  0.000  0.531     0.00     0.00     0.00     0.00     0.00 -1 -1.23e-13      0.00 8.498e-01 1.497e-01 8.502e-05 2.337e-05 2.134e-04 -1.000 4.884e-04 4.479 5.283 4.716 4.460 4.410 4.422 4.435
0.00069308 -1.35000 10.04139 0.7768904567 2.4103652390    0.776  0.173  3.8030  4.319    1  0.000  0.531     0.00     0.00     0.00     0.00     0.00 -1 -1.46e-13      0.00 8.525e-01 1.470e-01 8.400e-05 2.310e-05 2.110e-04 -1.000 4.884e-04 4.338 5.128 4.566 4.322 4.276 4.291 4.305
0.00069308 -1.35000 10.04139 0.7849572897 2.4133475123    0.784  0.229  3.8054  4.277    1  0.000  0.530     0.00     0.00     0.00     0.00     0.00 -1 -1.73e-13      0.00 8.548e-01 1.447e-01 8.321e-05 2.289e-05 2.093e-04 -1.000 4.869e-04 4.198 4.976 4.419 4.184 4.142 4.160 4.174
0.00069308 -1.35000 10.04139 0.7921676636 2.4159541216    0.791  0.282  3.8072  4.235    1  0.000  0.530     0.00     0.00     0.00     0.00     0.00 -1 -2.05e-13      0.00 8.562e-01 1.433e-01 8.278e-05 2.278e-05 2.083e-04 -1.000 5.134e-04 4.065 4.835 4.280 4.052 4.013 4.032 4.047
0.00069308 -1.35000 10.04139 0.7984865308 2.4181939891    0.797  0.333  3.8081  4.192    1  0.000  0.529     0.00     0.00     0.00     0.00     0.00 -1 -2.41e-13      0.00 8.562e-01 1.433e-01 8.296e-05 2.284e-05 2.089e-04 -1.000 5.359e-04 3.939 4.703 4.150 3.926 3.890 3.909 3.924
0.00069308 -1.35000 10.04139 0.8000000119 2.4187244405    0.799  0.345  3.8083  4.181    1  0.000  0.529     0.00     0.00     0.00     0.00     0.00 -1 -2.51e-13      0.00 8.561e-01 1.434e-01 8.302e-05 2.286e-05 2.091e-04 -1.000 5.410e-04 3.908 4.671 4.118 3.895 3.859 3.879 3.894
0.00069308 -1.35000 10.04139 0.8001835942 2.4187886263    0.799  0.346  3.8084  4.180    1  0.000  0.529     0.00     0.00     0.00     0.00     0.00 -1 -2.52e-13      0.00 8.561e-01 1.434e-01 8.305e-05 2.287e-05 2.091e-04 -1.000 5.413e-04 3.904 4.667 4.115 3.892 3.856 3.876 3.891
0.00069308 -1.35000 10.04139 0.8003984690 2.4188637098    0.799  0.348  3.8084  4.178    1  0.000  0.529     0.00     0.00     0.00     0.00     0.00 -1 -2.54e-13      0.00 8.560e-01 1.435e-01 8.308e-05 2.288e-05 2.092e-04 -1.000 5.413e-04 3.900 4.663 4.110 3.887 3.851 3.871 3.886
0.00069308 -1.35000 10.04139 0.8024413586 2.4195752464    0.801  0.366  3.8083  4.161    1  0.000  0.529     0.00     0.00     0.00     0.00     0.00 -1  -2.7e-13      0.00 8.554e-01 1.440e-01 8.341e-05 2.297e-05 2.100e-04 -1.000 5.413e-04 3.854 4.616 4.063 3.841 3.805 3.825 3.840
0.00069308 -1.35000 10.04139 0.8082709312 2.4215829578    0.807  0.422  3.8072  4.103    1  0.000  0.529     0.00     0.00     0.00     0.00     0.00 -1 -3.25e-13      0.00 8.538e-01 1.456e-01 8.432e-05 2.322e-05 2.123e-04 -1.000 5.413e-04 3.715 4.481 3.925 3.700 3.663 3.681 3.696
0.00069308 -1.35000 10.04139 0.8131581545 2.4232406373    0.812  0.475  3.8042  4.041    1  0.000  0.529     0.00     0.00     0.00     0.00     0.00 -1 -3.94e-13      0.00 8.525e-01 1.470e-01 8.508e-05 2.343e-05 2.142e-04 -1.000 5.413e-04 3.582 4.358 3.796 3.563 3.522 3.538 3.551
0.00069308 -1.35000 10.04139 0.8139871359 2.4235195467    0.813  0.485  3.8034  4.028    1  0.000  0.529     0.00     0.00     0.00     0.00     0.00 -1 -4.11e-13      0.00 8.523e-01 1.472e-01 8.521e-05 2.346e-05 2.145e-04 -1.000 5.413e-04 3.557 4.337 3.773 3.537 3.495 3.511 3.523
0.00069308 -1.35000 10.04139 0.8155077696 2.4240294665    0.814  0.505  3.8012  4.000    2  0.000  0.529     0.00     0.00     0.00     0.00     0.00 -1 -4.43e-13      0.00 8.518e-01 1.476e-01 8.544e-05 2.353e-05 2.151e-04 -1.000 5.413e-04 3.507 4.296 3.728 3.486 3.440 3.453 3.465
0.00069308 -1.35000 10.04139 0.8184841871 2.4250212562    0.817  0.548  3.7949  3.934    2  0.000  0.529     0.00     0.00     0.00     0.00     0.00 -1 -5.25e-13      0.00 8.510e-01 1.484e-01 8.590e-05 2.365e-05 2.163e-04 -1.000 5.414e-04 3.400 4.217 3.635 3.373 3.318 3.325 3.335
0.00069308 -1.35000 10.04139 0.8206202984 2.4257279450    0.819  0.583  3.7873  3.870    2  0.000  0.530     0.00     0.00     0.00     0.00     0.00 -1 -6.12e-13      0.00 8.487e-01 1.507e-01 8.740e-05 2.406e-05 2.200e-04 -1.000 5.154e-04 3.313 4.167 3.565 3.278 3.212 3.212 3.219
0.00069308 -1.35000 10.04139 0.8222116828 2.4262516782    0.821  0.611  3.7790  3.809    2  0.000  0.530     0.00     0.00     0.00     0.00     0.00 -1 -7.01e-13      0.00 8.342e-01 1.653e-01 9.506e-05 2.614e-05 2.388e-04 -1.000 5.356e-04 3.242 4.141 3.515 3.200 3.121 3.113 3.117
0.00069308 -1.35000 10.04139 0.8236912489 2.4267365242    0.822  0.639  3.7688  3.741    2  0.000  0.533     0.00     0.00     0.00     0.00     0.00 -1 -8.07e-13      0.00 8.085e-01 1.909e-01 1.065e-04 2.920e-05 2.662e-04 -1.000 5.885e-04 3.172 4.137 3.474 3.124 3.030 3.011 3.011
0.00069308 -1.35000 10.04139 0.8247438073 2.4270802245    0.823  0.662  3.7601  3.683    2  0.000  0.535     0.00     0.00     0.00     0.00     0.00 -1  -9.1e-13      0.00 7.885e-01 2.108e-01 1.143e-04 3.130e-05 2.849e-04 -1.000 6.470e-04 3.114 4.140 3.441 3.061 2.953 2.926 2.923
0.00069308 -1.35000 10.04139 0.8257046938 2.4273931107    0.824  0.693  3.7519  3.621    2  0.000  0.536     0.00     0.00     0.00     0.00     0.00 -1 -1.05e-12      0.00 7.769e-01 2.224e-01 1.189e-04 3.252e-05 2.958e-04 -1.000 6.621e-04 3.038 4.127 3.392 2.984 2.863 2.827 2.820
0.00069308 -1.35000 10.04139 0.8264517188 2.4276357809    0.825  0.727  3.7463  3.565    2  0.000  0.536     0.00     0.00     0.00     0.00     0.00 -1 -1.21e-12      0.00 7.711e-01 2.282e-01 1.212e-04 3.314e-05 3.013e-04 -1.000 6.874e-04 2.953 4.086 3.326 2.898 2.768 2.727 2.718
0.00069308 -1.35000 10.04139 0.8271685839 2.4278681797    0.825  0.769  3.7417  3.505    2  0.000  0.537     0.00     0.00     0.00     0.00     0.00 -1 -1.42e-12      0.00 7.672e-01 2.322e-01 1.227e-04 3.355e-05 3.050e-04 -1.000 6.827e-04 2.849 4.017 3.237 2.794 2.657 2.611 2.600
0.00069308 -1.35000 10.04139 0.8272836208 2.4279054301    0.825  0.777  3.7412  3.494    2  0.000  0.537     0.00     0.00     0.00     0.00     0.00 -1 -1.47e-12      0.00 7.666e-01 2.327e-01 1.229e-04 3.360e-05 3.054e-04 -1.000 6.923e-04 2.828 4.001 3.218 2.773 2.636 2.589 2.577
0.00069308 -1.35000 10.04139 0.8278893232 2.4281013680    0.826  0.822  3.7383  3.438    3  0.000  0.537     0.00     0.00     0.00     0.00     0.00 -1 -1.74e-12      0.00 7.640e-01 2.353e-01 1.238e-04 3.383e-05 3.075e-04 -1.000 7.219e-04 2.714 3.911 3.115 2.661 2.519 2.468 2.456
0.00069308 -1.35000 10.04139 0.8283995986 2.4282661805    0.826  0.864  3.7362  3.388    3  0.000  0.537     0.00     0.00     0.00     0.00     0.00 -1 -2.02e-12      0.00 7.620e-01 2.373e-01 1.244e-04 3.399e-05 3.089e-04 -1.000 6.908e-04 2.610 3.825 3.018 2.557 2.412 2.359 2.345
0.00069308 -1.35000 10.04139 0.8289659023 2.4284488164    0.827  0.914  3.7341  3.330    3  0.000  0.537     0.00     0.00     0.00     0.00     0.00 -1 -2.43e-12      0.00 7.598e-01 2.395e-01 1.249e-04 3.415e-05 3.103e-04 -1.000 7.136e-04 2.484 3.717 2.900 2.432 2.284 2.229 2.214
0.00069308 -1.35000 10.04139 0.8294892907 2.4286173569    0.827  0.965  3.7323  3.272    3  0.000  0.537     0.00     0.00     0.00     0.00     0.00 -1 -2.92e-12      0.00 7.578e-01 2.415e-01 1.253e-04 3.427e-05 3.113e-04 -1.000 6.923e-04 2.358 3.607 2.780 2.307 2.156 2.099 2.083
0.00069308 -1.35000 10.04139 0.8300145268 2.4287862467    0.828  1.020  3.7305  3.210    3  0.000  0.536     0.00     0.00     0.00     0.00     0.00 -1 -3.55e-12      0.00 7.557e-01 2.436e-01 1.255e-04 3.440e-05 3.122e-04 -1.000 6.994e-04 2.220 3.485 2.650 2.171 2.017 1.958 1.941
0.00069308 -1.35000 10.04139 0.8304796219 2.4289355930    0.828  1.073  3.7288  3.150    3  0.000  0.535     0.00     0.00     0.00     0.00     0.00 -1  -4.3e-12      0.00 7.538e-01 2.455e-01 1.255e-04 3.460e-05 3.129e-04 -1.000 6.885e-04 2.088 3.367 2.523 2.040 1.883 1.822 1.804
0.00069308 -1.35000 10.04139 0.8308742642 2.4290621656    0.828  1.122  3.7272  3.095    3  0.000  0.533     0.00     0.00     0.00     0.00     0.00 -1 -5.12e-12      0.00 7.522e-01 2.471e-01 1.251e-04 3.491e-05 3.134e-04 -1.000 7.066e-04 1.965 3.258 2.407 1.919 1.760 1.696 1.678
0.00069308 -1.35000 10.04139 0.8311831951 2.4291611516    0.829  1.163  3.7260  3.049    3  0.000  0.530     0.00     0.00     0.00     0.00     0.00 -1 -5.94e-12      0.00 7.509e-01 2.484e-01 1.247e-04 3.533e-05 3.138e-04 -1.000 6.960e-04 1.862 3.166 2.309 1.817 1.656 1.591 1.571
0.00069308 -1.35000 10.04139 0.8315252066 2.4292706386    0.829  1.213  3.7244  2.993    3  0.000  0.527     0.00     0.00     0.00     0.00     0.00 -1 -7.11e-12      0.00 7.496e-01 2.497e-01 1.239e-04 3.604e-05 3.141e-04 -1.000 7.074e-04 1.737 3.056 2.190 1.693 1.530 1.463 1.443
0.00069308 -1.35000 10.04139 0.8318521976 2.4293752203    0.829  1.265  3.7226  2.934    3  0.000  0.522     0.00     0.00     0.00     0.00     0.00 -1 -8.58e-12      0.00 7.484e-01 2.509e-01 1.230e-04 3.702e-05 3.144e-04 -1.000 7.060e-04 1.607 2.942 2.067 1.564 1.398 1.329 1.308
0.00069308 -1.35000 10.04139 0.8321483731 2.4294698647    0.829  1.317  3.7209  2.875    3  0.000  0.518     0.00     0.00     0.00     0.00     0.00 -1 -1.03e-11      0.00 7.475e-01 2.518e-01 1.221e-04 3.803e-05 3.146e-04 -1.000 7.248e-04 1.477 2.829 1.944 1.435 1.267 1.196 1.174
0.00069308 -1.35000 10.04139 0.8324069381 2.4295524271    0.829  1.367  3.7192  2.819    3  0.000  0.515     0.00     0.00     0.00     0.00     0.00 -1 -1.24e-11      0.00 7.467e-01 2.526e-01 1.214e-04 3.889e-05 3.148e-04 -1.000 7.033e-04 1.353 2.722 1.827 1.313 1.142 1.068 1.045
0.00069308 -1.35000 10.04139 0.8326407075 2.4296270213    0.829  1.416  3.7174  2.763    3  0.000  0.512     0.00     0.00     0.00     0.00     0.00 -1 -1.48e-11      0.00 7.462e-01 2.531e-01 1.208e-04 3.956e-05 3.149e-04 -1.000 7.061e-04 1.231 2.618 1.713 1.192 1.018 0.943 0.919
0.00069308 -1.35000 10.04139 0.8328509331 2.4296940617    0.830  1.464  3.7156  2.707    3  0.000  0.511     0.00     0.00     0.00     0.00     0.00 -1 -1.76e-11      0.00 7.459e-01 2.534e-01 1.204e-04 4.004e-05 3.149e-04 -1.000 7.038e-04 1.110 2.516 1.601 1.074 0.897 0.819 0.794
0.00069308 -1.35000 10.04139 0.8330461979 2.4297562963    0.830  1.513  3.7138  2.651    3  0.000  0.509     0.00     0.00     0.00     0.00     0.00 -1  -2.1e-11      0.00 7.456e-01 2.537e-01 1.201e-04 4.036e-05 3.150e-04 -1.000 7.199e-04 0.988 2.413 1.487 0.953 0.773 0.693 0.667
0.00069308 -1.35000 10.04139 0.8332189918 2.4298113410    0.830  1.560  3.7119  2.596    3  0.000  0.509     0.00     0.00     0.00     0.00     0.00 -1  -2.5e-11      0.00 7.455e-01 2.538e-01 1.200e-04 4.050e-05 3.150e-04 -1.000 7.200e-04 0.869 2.314 1.377 0.837 0.653 0.571 0.544
0.00069308 -1.35000 10.04139 0.8333801627 2.4298626595    0.829  1.609  3.7099  2.540    3  0.000  0.509     0.00     0.00     0.00     0.00     0.00 -1 -2.98e-11      0.00 7.455e-01 2.538e-01 1.200e-04 4.054e-05 3.150e-04 -1.000 7.202e-04 0.748 2.213 1.265 0.718 0.531 0.446 0.418
0.00069308 -1.35000 10.04139 0.8335226774 2.4299080187    0.829  1.656  3.7080  2.485    3  0.000  0.509     0.00     0.00     0.00     0.00     0.00 -1 -3.54e-11      0.00 7.454e-01 2.538e-01 1.200e-04 4.055e-05 3.150e-04 -1.000 7.204e-04 0.631 2.119 1.158 0.603 0.413 0.326 0.297
0.00069308 -1.35000 10.04139 0.8336496353 2.4299484114    0.829  1.701  3.7060  2.432    3  0.000  0.509     0.00     0.00     0.00     0.00     0.00 -1 -4.17e-11      0.00 7.454e-01 2.539e-01 1.200e-04 4.057e-05 3.150e-04 -1.000 7.205e-04 0.517 2.031 1.054 0.491 0.298 0.208 0.178
0.00069308 -1.35000 10.04139 0.8337674141 2.4299858711    0.829  1.747  3.7040  2.378    3  0.000  0.509     0.00     0.00     0.00     0.00     0.00 -1 -4.93e-11      0.00 7.454e-01 2.539e-01 1.200e-04 4.058e-05 3.150e-04 -1.000 7.206e-04 0.403 1.942 0.950 0.379 0.182 0.090 0.059
0.00069308 -1.35000 10.04139 0.8338719010 2.4300190931    0.829  1.791  3.7020  2.326    3  0.000  0.509     0.00     0.00     0.00     0.00     0.00 -1  -5.8e-11      0.00 7.454e-01 2.539e-01 1.200e-04 4.059e-05 3.150e-04 -1.000 7.207e-04 0.293 1.859 0.850 0.270 0.070 -0.024 -0.057
0.00069308 -1.35000 10.04139 0.8339704275 2.4300504112    0.829  1.836  3.7000  2.273    3  0.000  0.508     0.00     0.00     0.00     0.00     0.00 -1 -6.84e-11      0.00 7.454e-01 2.539e-01 1.200e-04 4.060e-05 3.150e-04 -1.000 7.207e-04 0.181 1.774 0.749 0.161 -0.043 -0.140 -0.174
0.00069308 -1.35000 10.04139 0.8340592384 2.4300786337    0.829  1.879  3.6979  2.221    3  0.000  0.508     0.00     0.00     0.00     0.00     0.00 -1 -8.02e-11      0.00 7.454e-01 2.539e-01 1.200e-04 4.061e-05 3.150e-04 -1.000 7.208e-04 0.073 1.695 0.652 0.055 -0.152 -0.252 -0.287
0.00069308 -1.35000 10.04139 0.8341422081 2.4301049938    0.828  1.922  3.6958  2.170    3  0.000  0.508     0.00     0.00     0.00     0.00     0.00 -1 -9.39e-11      0.00 7.454e-01 2.539e-01 1.200e-04 4.062e-05 3.151e-04 -1.000 7.210e-04 -0.035 1.616 0.557 -0.050 -0.261 -0.363 -0.399
0.00069308 -1.35000 10.04139 0.8342217207 2.4301302499    0.828  1.964  3.6937  2.119    3  0.000  0.508     0.00     0.00     0.00     0.00     0.00 -1  -1.1e-10      0.00 7.454e-01 2.539e-01 1.199e-04 4.063e-05 3.151e-04 -1.000 7.210e-04 -0.141 1.540 0.463 -0.153 -0.368 -0.473 -0.510
0.00069308 -1.35000 10.04139 0.8343032598 2.4301561439    0.828  2.003  3.6918  2.072    3  0.000  0.508     0.00     0.00     0.00     0.00     0.00 -1 -1.27e-10      0.00 7.454e-01 2.539e-01 1.199e-04 4.064e-05 3.151e-04 -1.000 7.211e-04 -0.238 1.470 0.377 -0.247 -0.466 -0.573 -0.611
0.00069308 -1.35000 10.04139 0.8343773484 2.4301796668    0.827  2.029  3.6906  2.041    3  0.000  0.508     0.00     0.00     0.00     0.00     0.00 -1  -1.4e-10      0.00 7.454e-01 2.539e-01 1.199e-04 4.064e-05 3.151e-04 -1.000 7.211e-04 -0.303 1.422 0.319 -0.311 -0.532 -0.640 -0.679
0.00069308 -1.35000 10.04139 0.8344286084 2.4301959390    0.827  2.012  3.6918  2.062    3  0.000  0.508     0.00     0.00     0.00     0.00     0.00 -1 -1.33e-10      0.00 7.454e-01 2.539e-01 1.199e-04 4.065e-05 3.151e-04 -1.000 7.212e-04 -0.261 1.448 0.354 -0.271 -0.489 -0.596 -0.634
0.00069308 -1.35000 10.04139 0.8344466090 2.4302016526    0.827  2.006  3.6922  2.070    3  0.000  0.508     0.00     0.00     0.00     0.00     0.00 -1  -1.3e-10      0.00 7.454e-01 2.539e-01 1.199e-04 4.065e-05 3.151e-04 -1.000 7.212e-04 -0.245 1.457 0.367 -0.256 -0.473 -0.580 -0.618
0.00069308 -1.35000 10.04139 0.8345026374 2.4302194348    0.827  2.047  3.6901  2.021    3  0.000  0.508     0.00     0.00     0.00     0.00     0.00 -1 -1.49e-10      0.00 7.454e-01 2.539e-01 1.199e-04 4.066e-05 3.151e-04 -1.000 7.212e-04 -0.348 1.385 0.277 -0.355 -0.576 -0.686 -0.725
0.00069308 -1.35000 10.04139 0.8345556855 2.4302362687    0.826  2.088  3.6880  1.971    3  0.000  0.508     0.00     0.00     0.00     0.00     0.00 -1 -1.73e-10      0.00 7.454e-01 2.539e-01 1.199e-04 4.066e-05 3.151e-04 -1.000 7.213e-04 -0.449 1.319 0.190 -0.452 -0.677 -0.790 -0.830
0.00069308 -1.35000 10.04139 0.8346074224 2.4302526841    0.826  2.129  3.6857  1.920    3  0.000  0.508     0.00     0.00     0.00     0.00     0.00 -1 -2.02e-10      0.00 7.454e-01 2.539e-01 1.199e-04 4.067e-05 3.151e-04 -1.000 7.213e-04 -0.554 1.254 0.101 -0.553 -0.782 -0.898 -0.940
0.00069308 -1.35000 10.04139 0.8346554041 2.4302679060    0.826  2.171  3.6834  1.869    3  0.000  0.508     0.00     0.00     0.00     0.00     0.00 -1 -2.36e-10      0.00 7.453e-01 2.539e-01 1.199e-04 4.067e-05 3.151e-04 -1.000 7.214e-04 -0.658 1.200 0.012 -0.655 -0.889 -1.007 -1.050
0.00069308 -1.35000 10.04139 0.8346982598 2.4302815000    0.825  2.211  3.6812  1.820    3  0.000  0.508     0.00     0.00     0.00     0.00     0.00 -1 -2.74e-10      0.00 7.453e-01 2.539e-01 1.199e-04 4.068e-05 3.151e-04 -1.000 7.215e-04 -0.758 1.151 -0.071 -0.754 -0.991 -1.112 -1.156
0.00069308 -1.35000 10.04139 0.8347380757 2.4302941283    0.825  2.251  3.6789  1.771    3  0.000  0.508     0.00     0.00     0.00     0.00     0.00 -1 -3.18e-10      0.00 7.453e-01 2.539e-01 1.199e-04 4.068e-05 3.151e-04 -1.000 7.215e-04 -0.858 1.105 -0.154 -0.852 -1.092 -1.216 -1.262
0.00069308 -1.35000 10.04139 0.8347749114 2.4303058101    0.824  2.291  3.6765  1.721    3  0.000  0.508     0.00     0.00     0.00     0.00     0.00 -1 -3.69e-10      0.00 7.453e-01 2.539e-01 1.199e-04 4.069e-05 3.151e-04 -1.000 7.215e-04 -0.957 1.064 -0.233 -0.949 -1.193 -1.320 -1.367
0.00069308 -1.35000 10.04139 0.8348091245 2.4303166591    0.823  2.331  3.6742  1.672    3  0.000  0.508     0.00     0.00     0.00     0.00     0.00 -1 -4.28e-10      0.00 7.453e-01 2.539e-01 1.199e-04 4.069e-05 3.151e-04 -1.000 7.215e-04 -1.056 1.025 -0.312 -1.045 -1.294 -1.423 -1.472
0.00069308 -1.35000 10.04139 0.8348397613 2.4303263733    0.823  2.368  3.6719  1.624    3  0.000  0.508     0.00     0.00     0.00     0.00     0.00 -1 -4.94e-10      0.00 7.453e-01 2.539e-01 1.199e-04 4.069e-05 3.151e-04 -1.000 7.216e-04 -1.151 0.992 -0.386 -1.137 -1.390 -1.522 -1.573
0.00069308 -1.35000 10.04139 0.8348683715 2.4303354441    0.822  2.407  3.6695  1.577    3  0.000  0.508     0.00     0.00     0.00     0.00     0.00 -1  -5.7e-10      0.00 7.453e-01 2.539e-01 1.199e-04 4.070e-05 3.151e-04 -1.000 7.217e-04 -1.246 0.961 -0.459 -1.229 -1.486 -1.622 -1.674
0.00069308 -1.35000 10.04139 0.8349009156 2.4303457613    0.821  2.453  3.6666  1.518    3  0.000  0.508     0.00     0.00     0.00     0.00     0.00 -1 -6.78e-10      0.00 7.453e-01 2.539e-01 1.199e-04 4.070e-05 3.151e-04 -1.000 7.216e-04 -1.362 0.931 -0.545 -1.340 -1.603 -1.742 -1.797
0.00069308 -1.35000 10.04139 0.8349300623 2.4303550006    0.820  2.498  3.6637  1.461    3  0.000  0.508     0.00     0.00     0.00     0.00     0.00 -1 -8.04e-10      0.00 7.453e-01 2.540e-01 1.199e-04 4.070e-05 3.151e-04 -1.000 7.217e-04 -1.475 0.910 -0.627 -1.448 -1.716 -1.859 -1.916
0.00069308 -1.35000 10.04139 0.8349572420 2.4303636158    0.819  2.544  3.6608  1.403    3  0.000  0.508     8.30     6.40     4.52     3.50     2.83  3 -9.55e-10      0.00 7.453e-01 2.540e-01 1.199e-04 4.071e-05 3.151e-04 -1.000 7.217e-04 -1.589 0.897 -0.706 -1.555 -1.831 -1.978 -2.037
0.00069308 -1.35000 10.04139 0.8349814415 2.4303712858    0.818  2.587  3.6579  1.347    3  0.000  0.508     9.33     7.08     4.98     3.86     3.12  3 -1.13e-09      0.00 7.453e-01 2.540e-01 1.199e-04 4.071e-05 3.151e-04 -1.000 7.217e-04 -1.698 0.893 -0.778 -1.657 -1.939 -2.090 -2.152
0.00069308 -1.35000 10.04139 0.8350036740 2.4303783318    0.817  2.630  3.6550  1.292    3  0.000  0.508    10.49     7.82     5.47     4.25     3.44  3 -1.33e-09      0.00 7.453e-01 2.540e-01 1.199e-04 4.071e-05 3.151e-04 -1.000 7.217e-04 -1.806 0.871 -0.850 -1.753 -2.043 -2.199 -2.263
0.00069308 -1.35000 10.04139 0.8350249529 2.4303850753    0.816  2.675  3.6519  1.234    3  0.000  0.508    11.83     8.68     6.04     4.69     3.80  3 -1.57e-09      0.00 7.453e-01 2.540e-01 1.199e-04 4.071e-05 3.151e-04 -1.000 7.218e-04 -1.917 0.849 -0.925 -1.853 -2.150 -2.312 -2.378
0.00069308 -1.35000 10.04139 0.8350434303 2.4303909306    0.814  2.716  3.6490  1.180    3  0.000  0.508    13.26     9.56     6.63     5.16     4.18  3 -1.84e-09      0.00 7.453e-01 2.540e-01 1.199e-04 4.071e-05 3.151e-04 -1.000 7.218e-04 -2.021 0.833 -0.993 -1.945 -2.250 -2.416 -2.485
0.00069308 -1.35000 10.04139 0.8350607753 2.4303964268    0.813  2.758  3.6461  1.126    3  0.000  0.508    14.87    10.54     7.27     5.67     4.60  2 -2.16e-09      0.00 7.453e-01 2.540e-01 1.199e-04 4.072e-05 3.151e-04 -1.000 7.218e-04 -2.126 0.817 -1.061 -2.036 -2.349 -2.521 -2.592
0.00069308 -1.35000 10.04139 0.8350772262 2.4304016395    0.811  2.801  3.6431  1.071    3  0.000  0.508    16.70    11.65     8.00     6.25     5.06  2 -2.55e-09      0.00 7.453e-01 2.540e-01 1.199e-04 4.072e-05 3.151e-04 -1.000 7.217e-04 -2.232 0.803 -1.129 -2.129 -2.450 -2.627 -2.701
0.00069308 -1.35000 10.04139 0.8350914121 2.4304061342    0.809  2.840  3.6402  1.019    3  0.000  0.508    18.62    12.78     8.74     6.83     5.54  2 -2.96e-09      0.00 7.453e-01 2.540e-01 1.199e-04 4.072e-05 3.151e-04 -1.000 7.218e-04 -2.330 0.793 -1.189 -2.213 -2.543 -2.725 -2.800
0.00069308 -1.35000 10.04139 0.8351051211 2.4304104777    0.807  2.880  3.6373  0.966    3  0.000  0.508    20.83    14.06     9.57     7.50     6.08  2 -3.46e-09      0.00 7.453e-01 2.540e-01 1.199e-04 4.072e-05 3.151e-04 -1.000 7.218e-04 -2.431 0.790 -1.247 -2.299 -2.638 -2.825 -2.903
0.00069308 -1.35000 10.04139 0.8351180553 2.4304145756    0.805  2.921  3.6344  0.912    3  0.000  0.508    23.31    15.48    10.50     8.23     6.68  2 -4.04e-09      0.00 7.453e-01 2.540e-01 1.199e-04 4.072e-05 3.151e-04 -1.000 7.218e-04 -2.533 0.790 -1.302 -2.384 -2.732 -2.926 -3.007
0.00069308 -1.35000 10.04139 0.8351291418 2.4304180879    0.803  2.959  3.6315  0.862    3  0.000  0.508    25.89    16.93    11.43     8.98     7.29  2 -4.68e-09      0.00 7.453e-01 2.540e-01 1.199e-04 4.072e-05 3.151e-04 -1.000 7.218e-04 -2.626 0.795 -1.350 -2.460 -2.819 -3.018 -3.101
0.00069308 -1.35000 10.04139 0.8351399302 2.4304215057    0.800  2.997  3.6286  0.811    3  0.000  0.508    28.84    18.56    12.48     9.82     7.97  1 -5.43e-09      0.00 7.453e-01 2.540e-01 1.199e-04 4.073e-05 3.151e-04 -1.000 7.218e-04 -2.722 0.799 -1.398 -2.538 -2.907 -3.112 -3.198
0.00069308 -1.35000 10.04139 0.8351502419 2.4304247724    0.798  3.036  3.6257  0.759    3  0.000  0.508    32.17    20.37    13.64    10.75     8.72  1 -6.31e-09      0.00 7.453e-01 2.540e-01 1.199e-04 4.073e-05 3.151e-04 -1.000 7.219e-04 -2.820 0.801 -1.446 -2.617 -2.996 -3.208 -3.296
0.00069308 -1.35000 10.04139 0.8351593614 2.4304276613    0.795  3.072  3.6229  0.710    3  0.000  0.508    35.67    22.25    14.83    11.70     9.50  1 -7.28e-09      0.00 7.453e-01 2.540e-01 1.199e-04 4.073e-05 3.151e-04 -1.000 7.219e-04 -2.911 0.806 -1.490 -2.690 -3.079 -3.296 -3.387
0.00069308 -1.35000 10.04139 0.8351683021 2.4304304936    0.792  3.110  3.6200  0.658    3  0.000  0.508    39.72    24.38    16.19    12.79    10.39  1 -8.44e-09      0.00 7.453e-01 2.540e-01 1.199e-04 4.073e-05 3.151e-04 -1.000 7.219e-04 -3.005 0.812 -1.535 -2.765 -3.165 -3.389 -3.482
0.00069308 -1.35000 10.04139 0.8351766467 2.4304331369    0.788  3.147  3.6172  0.608    3  0.000  0.508    44.15    26.68    17.64    13.96    11.33  1 -9.77e-09      0.00 7.453e-01 2.540e-01 1.199e-04 4.073e-05 3.151e-04 -1.000 7.219e-04 -3.098 0.815 -1.577 -2.838 -3.248 -3.479 -3.574
0.00069308 -1.35000 10.04139 0.8351842761 2.4304355536    0.784  3.183  3.6145  0.559    3  0.000  0.508    48.91    29.10    19.16    15.19    12.34  1 -1.12e-08      0.00 7.453e-01 2.540e-01 1.199e-04 4.073e-05 3.151e-04 -1.000 7.219e-04 -3.188 0.817 -1.617 -2.907 -3.329 -3.565 -3.663
0.00069308 -1.35000 10.04139 0.8351916075 2.4304378759    0.780  3.219  3.6117  0.510    3  0.000  0.508    54.31    31.80    20.86    16.55    13.45  1  -1.3e-08      0.00 7.453e-01 2.540e-01 1.199e-04 4.073e-05 3.151e-04 -1.000 7.218e-04 -3.279 0.820 -1.656 -2.977 -3.410 -3.652 -3.753
0.00069308 -1.35000 10.04139 0.8351985216 2.4304400659    0.776  3.255  3.6090  0.460    3  0.000  0.508    60.19    34.70    22.66    18.02    14.64  1 -1.49e-08      0.00 7.453e-01 2.540e-01 1.199e-04 4.073e-05 3.151e-04 -1.000 7.219e-04 -3.368 0.820 -1.687 -3.043 -3.488 -3.738 -3.841
0.00069308 -1.35000 10.04139 0.8352049589 2.4304421049    0.771  3.289  3.6064  0.414    3  0.000  0.508    66.37    37.69    24.52    19.52    15.86  1 -1.71e-08      0.00 7.453e-01 2.540e-01 1.199e-04 4.073e-05 3.151e-04 -1.000 7.219e-04 -3.452 0.817 -1.713 -3.103 -3.562 -3.818 -3.924
0.00069308 -1.35000 10.04139 0.8352098465 2.4304436530    0.767  3.313  3.6045  0.379    3  0.000  0.508    71.33    40.05    25.99    20.71    16.83  1  -1.9e-08      0.00 7.453e-01 2.540e-01 1.199e-04 4.073e-05 3.151e-04 -1.000 7.219e-04 -3.513 0.815 -1.731 -3.147 -3.615 -3.877 -3.985
0.00069308 -1.35000 10.04139 0.8352098465 2.4304436530    0.767  1.743  3.7494  2.529    4  0.000  0.521     0.00     0.00     0.00     0.00     0.00 -1    -1e-30      0.00 7.413e-01 2.580e-01 1.250e-04 3.816e-05 3.202e-04 -1.000 7.356e-04 0.412 1.490 0.752 0.357 0.237 0.196 0.187
0.00069308 -1.35000 10.04139 0.8352609873 2.4304598501    0.767  1.761  3.7479  2.505    4  0.000  0.521     0.00     0.00     0.00     0.00     0.00 -1    -1e-30      0.00 7.413e-01 2.580e-01 1.250e-04 3.816e-05 3.202e-04 -1.000 7.356e-04 0.367 1.458 0.713 0.313 0.190 0.148 0.138
0.00069308 -1.35000 10.04139 0.8353137374 2.4304765545    0.767  1.764  3.7477  2.502    4  0.000  0.521     0.00     0.00     0.00     0.00     0.00 -1    -1e-30      0.00 7.413e-01 2.580e-01 1.250e-04 3.816e-05 3.202e-04 -1.000 7.355e-04 0.361 1.453 0.708 0.307 0.184 0.142 0.132
0.00069308 -1.35000 10.04139 0.8353658915 2.4304930677    0.767  1.765  3.7479  2.501    4  0.000  0.521     0.00     0.00     0.00     0.00     0.00 -1    -1e-30      0.00 7.413e-01 2.580e-01 1.250e-04 3.816e-05 3.202e-04 -1.000 7.356e-04 0.357 1.448 0.704 0.303 0.181 0.138 0.128
0.00069308 -1.35000 10.04139 0.8354198933 2.4305101635    0.767  1.766  3.7482  2.502    4  0.000  0.521     0.00     0.00     0.00     0.00     0.00 -1    -1e-30      0.00 7.413e-01 2.580e-01 1.250e-04 3.816e-05 3.202e-04 -1.000 7.356e-04 0.356 1.443 0.700 0.301 0.179 0.137 0.128
0.00069308 -1.35000 10.04139 0.8354731798 2.4305270304    0.767  1.766  3.7488  2.504    4  0.000  0.521     0.00     0.00     0.00     0.00     0.00 -1    -1e-30      0.00 7.413e-01 2.580e-01 1.250e-04 3.816e-05 3.202e-04 -1.000 7.356e-04 0.355 1.438 0.698 0.301 0.180 0.139 0.129
0.00069308 -1.35000 10.04139 0.8355279565 2.4305443663    0.767  1.765  3.7495  2.508    4  0.000  0.521     0.00     0.00     0.00     0.00     0.00 -1    -1e-30      0.00 7.413e-01 2.580e-01 1.250e-04 3.816e-05 3.202e-04 -1.000 7.355e-04 0.357 1.433 0.696 0.301 0.182 0.141 0.132
0.00069308 -1.35000 10.04139 0.8355817199 2.4305613791    0.767  1.765  3.7504  2.512    4  0.000  0.521     0.00     0.00     0.00     0.00     0.00 -1    -1e-30      0.00 7.413e-01 2.580e-01 1.250e-04 3.816e-05 3.202e-04 -1.000 7.356e-04 0.359 1.428 0.695 0.303 0.185 0.146 0.137
0.00069308 -1.35000 10.04139 0.8356359601 2.4305785401    0.767  1.763  3.7513  2.517    4  0.000  0.521     0.00     0.00     0.00     0.00     0.00 -1    -1e-30      0.00 7.413e-01 2.580e-01 1.250e-04 3.816e-05 3.202e-04 -1.000 7.356e-04 0.361 1.424 0.693 0.305 0.189 0.151 0.142
0.00069308 -1.35000 10.04139 0.8356881142 2.4305950387    0.767  1.762  3.7523  2.522    4  0.000  0.521     0.00     0.00     0.00     0.00     0.00 -1    -1e-30      0.00 7.413e-01 2.580e-01 1.250e-04 3.816e-05 3.202e-04 -1.000 7.355e-04 0.364 1.419 0.692 0.308 0.193 0.155 0.147
0.00069308 -1.35000 10.04139 0.8357400298 2.4306114596    0.768  1.762  3.7531  2.526    4  0.000  0.521     0.00     0.00     0.00     0.00     0.00 -1    -1e-30      0.00 7.413e-01 2.580e-01 1.250e-04 3.816e-05 3.202e-04 -1.000 7.356e-04 0.366 1.415 0.691 0.310 0.197 0.160 0.152
0.00069308 -1.35000 10.04139 0.8357954621 2.4306289901    0.768  1.761  3.7540  2.531    4  0.000  0.521     0.00     0.00     0.00     0.00     0.00 -1    -1e-30      0.00 7.413e-01 2.580e-01 1.250e-04 3.816e-05 3.202e-04 -1.000 7.356e-04 0.368 1.410 0.690 0.312 0.200 0.164 0.157
0.00069308 -1.35000 10.04139 0.8358516693 2.4306467630    0.768  1.760  3.7549  2.535    4  0.000  0.521     0.00     0.00     0.00     0.00     0.00 -1    -1e-30      0.00 7.413e-01 2.580e-01 1.250e-04 3.816e-05 3.202e-04 -1.000 7.356e-04 0.370 1.405 0.688 0.314 0.204 0.169 0.162
0.00069308 -1.35000 10.04139 0.8359065056 2.4306640998    0.768  1.759  3.7556  2.539    4  0.000  0.521     0.00     0.00     0.00     0.00     0.00 -1    -1e-30      0.00 7.413e-01 2.580e-01 1.250e-04 3.816e-05 3.202e-04 -1.000 7.355e-04 0.372 1.401 0.687 0.315 0.206 0.172 0.165
0.00069308 -1.35000 10.04139 0.8359606266 2.4306812078    0.768  1.759  3.7562  2.541    4  0.000  0.521     0.00     0.00     0.00     0.00     0.00 -1    -1e-30      0.00 7.413e-01 2.580e-01 1.250e-04 3.816e-05 3.202e-04 -1.000 7.355e-04 0.373 1.397 0.685 0.316 0.208 0.175 0.168
0.00069308 -1.35000 10.04139 0.8359736800 2.4306853337    0.768  1.759  3.7564  2.542    4  0.000  0.521     0.00     0.00     0.00     0.00     0.00 -1    -1e-30      0.00 7.413e-01 2.580e-01 1.250e-04 3.816e-05 3.202e-04 -1.000 7.356e-04 0.373 1.396 0.685 0.316 0.209 0.175 0.169
0.00069308 -1.35000 10.04139 0.8359791636 2.4306870669    0.768  1.759  3.7564  2.542    4  0.000  0.521     0.00     0.00     0.00     0.00     0.00 -1    -1e-30      0.00 7.413e-01 2.580e-01 1.250e-04 3.816e-05 3.202e-04 -1.000 7.356e-04 0.373 1.396 0.685 0.316 0.209 0.175 0.169
0.00069308 -1.35000 10.04139 0.8360291719 2.4307028718    0.768  1.759  3.7568  2.544    4  0.000  0.521     0.00     0.00     0.00     0.00     0.00 -1    -1e-30      0.00 7.413e-01 2.580e-01 1.250e-04 3.816e-05 3.202e-04 -1.000 7.356e-04 0.373 1.393 0.683 0.316 0.209 0.176 0.170
0.00069308 -1.35000 10.04139 0.8360816836 2.4307194656    0.768  1.759  3.7571  2.545    4  0.000  0.521     0.00     0.00     0.00     0.00     0.00 -1    -1e-30      0.00 7.413e-01 2.580e-01 1.250e-04 3.816e-05 3.202e-04 -1.000 7.356e-04 0.373 1.390 0.681 0.315 0.209 0.176 0.170
0.00069308 -1.35000 10.04139 0.8361340165 2.4307360005    0.768  1.760  3.7572  2.545    4  0.000  0.521     0.00     0.00     0.00     0.00     0.00 -1    -1e-30      0.00 7.413e-01 2.580e-01 1.250e-04 3.816e-05 3.202e-04 -1.000 7.356e-04 0.371 1.388 0.680 0.314 0.208 0.175 0.169
0.00069308 -1.35000 10.04139 0.8361859918 2.4307524200    0.768  1.760  3.7571  2.543    4  0.000  0.521     0.00     0.00     0.00     0.00     0.00 -1    -1e-30      0.00 7.413e-01 2.580e-01 1.250e-04 3.816e-05 3.202e-04 -1.000 7.356e-04 0.369 1.386 0.678 0.311 0.205 0.173 0.167
0.00069308 -1.35000 10.04139 0.8362361789 2.4307682724    0.768  1.762  3.7569  2.541    4  0.000  0.521     0.00     0.00     0.00     0.00     0.00 -1    -1e-30      0.00 7.413e-01 2.580e-01 1.250e-04 3.816e-05 3.202e-04 -1.000 7.356e-04 0.366 1.385 0.675 0.309 0.202 0.169 0.163
0.00069308 -1.35000 10.04139 0.8362870812 2.4307843485    0.768  1.763  3.7565  2.538    4  0.000  0.521     0.00     0.00     0.00     0.00     0.00 -1    -1e-30      0.00 7.413e-01 2.580e-01 1.250e-04 3.816e-05 3.202e-04 -1.000 7.356e-04 0.362 1.384 0.673 0.305 0.198 0.164 0.158
0.00069308 -1.35000 10.04139 0.8363389373 2.4308007235    0.768  1.765  3.7560  2.534    4  0.000  0.521     0.00     0.00     0.00     0.00     0.00 -1    -1e-30      0.00 7.413e-01 2.580e-01 1.250e-04 3.816e-05 3.202e-04 -1.000 7.356e-04 0.357 1.383 0.670 0.300 0.192 0.158 0.151
0.00069308 -1.35000 10.04139 0.8363639712 2.4308086278    0.768  1.766  3.7556  2.532    4  0.000  0.521     0.00     0.00     0.00     0.00     0.00 -1    -1e-30      0.00 7.413e-01 2.580e-01 1.250e-04 3.816e-05 3.202e-04 -1.000 7.356e-04 0.354 1.383 0.669 0.297 0.188 0.154 0.147
0.00069308 -1.35000 10.04139 0.8363924623 2.4308176231    0.768  1.768  3.7552  2.528    4  0.000  0.521     0.00     0.00     0.00     0.00     0.00 -1    -1e-30      0.00 7.413e-01 2.580e-01 1.250e-04 3.816e-05 3.202e-04 -1.000 7.356e-04 0.350 1.383 0.667 0.293 0.184 0.149 0.142
0.00069308 -1.35000 10.04139 0.8364469409 2.4308348211    0.768  1.771  3.7542  2.521    4  0.000  0.521     0.00     0.00     0.00     0.00     0.00 -1    -1e-30      0.00 7.413e-01 2.580e-01 1.250e-04 3.816e-05 3.202e-04 -1.000 7.355e-04 0.342 1.383 0.663 0.286 0.175 0.139 0.132
0.00069308 -1.35000 10.04139 0.8365017176 2.4308521107    0.768  1.775  3.7531  2.513    4  0.000  0.521     0.00     0.00     0.00     0.00     0.00 -1    -1e-30      0.00 7.413e-01 2.580e-01 1.250e-04 3.816e-05 3.202e-04 -1.000 7.356e-04 0.333 1.382 0.658 0.277 0.164 0.127 0.119
0.00069308 -1.35000 10.04139 0.8365571499 2.4308696046    0.768  1.779  3.7520  2.505    4  0.000  0.521     0.00     0.00     0.00     0.00     0.00 -1    -1e-30      0.00 7.413e-01 2.580e-01 1.250e-04 3.816e-05 3.202e-04 -1.000 7.356e-04 0.323 1.381 0.652 0.267 0.152 0.114 0.106
0.00069308 -1.35000 10.04139 0.8366076946 2.4308855537    0.768  1.783  3.7508  2.496    4  0.000  0.521     0.00     0.00     0.00     0.00     0.00 -1    -1e-30      0.00 7.413e-01 2.580e-01 1.250e-04 3.816e-05 3.202e-04 -1.000 7.356e-04 0.312 1.379 0.646 0.256 0.139 0.100 0.091
0.00069308 -1.35000 10.04139 0.8366586566 2.4309016322    0.769  1.788  3.7496  2.486    4  0.000  0.521     0.00     0.00     0.00     0.00     0.00 -1    -1e-30      0.00 7.413e-01 2.580e-01 1.250e-04 3.816e-05 3.202e-04 -1.000 7.356e-04 0.300 1.376 0.639 0.245 0.125 0.085 0.076
0.00069308 -1.35000 10.04139 0.8367087841 2.4309174452    0.769  1.792  3.7487  2.478    4  0.000  0.521     0.00     0.00     0.00     0.00     0.00 -1    -1e-30      0.00 7.413e-01 2.580e-01 1.250e-04 3.816e-05 3.202e-04 -1.000 7.356e-04 0.290 1.374 0.632 0.234 0.113 0.072 0.062
0.00069308 -1.35000 10.04139 0.8367600441 2.4309336132    0.769  1.798  3.7472  2.467    4  0.000  0.521     0.00     0.00     0.00     0.00     0.00 -1    -1e-30      0.00 7.413e-01 2.580e-01 1.250e-04 3.816e-05 3.202e-04 -1.000 7.356e-04 0.275 1.371 0.622 0.220 0.097 0.054 0.043
0.00069308 -1.35000 10.04139 0.8368112445 2.4309497601    0.769  1.808  3.7451  2.448    4  0.000  0.521     0.00     0.00     0.00     0.00     0.00 -1    -1e-30      0.00 7.413e-01 2.580e-01 1.250e-04 3.816e-05 3.202e-04 -1.000 7.356e-04 0.250 1.364 0.607 0.196 0.069 0.024 0.013
0.00069308 -1.35000 10.04139 0.8368629813 2.4309660740    0.769  1.821  3.7426  2.426    4  0.000  0.521     0.00     0.00     0.00     0.00     0.00 -1    -1e-30      0.00 7.413e-01 2.580e-01 1.250e-04 3.816e-05 3.202e-04 -1.000 7.356e-04 0.219 1.354 0.585 0.165 0.034 -0.014 -0.026
0.00069308 -1.35000 10.04139 0.8369153738 2.4309825921    0.769  1.838  3.7394  2.395    4  0.000  0.521     0.00     0.00     0.00     0.00     0.00 -1    -1e-30      0.00 7.413e-01 2.580e-01 1.250e-04 3.816e-05 3.202e-04 -1.000 7.356e-04 0.174 1.337 0.553 0.122 -0.015 -0.066 -0.080
0.00069308 -1.35000 10.04139 0.8369666338 2.4309987510    0.769  1.873  3.7339  2.339    4  0.000  0.521     0.00     0.00     0.00     0.00     0.00 -1    -1e-30      0.00 7.413e-01 2.580e-01 1.250e-04 3.816e-05 3.202e-04 -1.000 7.356e-04 0.088 1.303 0.489 0.037 -0.108 -0.166 -0.182
0.00069308 -1.35000 10.04139 0.8369916677 2.4310066417    0.769  1.909  3.7287  2.282    4  0.000  0.521     0.00     0.00     0.00     0.00     0.00 -1    -1e-30      0.00 7.413e-01 2.580e-01 1.250e-04 3.816e-05 3.202e-04 -1.000 7.356e-04 -0.002 1.265 0.421 -0.052 -0.205 -0.268 -0.287
0.00069308 -1.35000 10.04139 0.8370026350 2.4310100984    0.769  1.944  3.7240  2.228    4  0.000  0.521     0.00     0.00     0.00     0.00     0.00 -1    -1e-30      0.00 7.413e-01 2.580e-01 1.250e-04 3.816e-05 3.202e-04 -1.000 7.356e-04 -0.091 1.227 0.353 -0.138 -0.299 -0.368 -0.389
0.00069308 -1.35000 10.04139 0.8370074034 2.4310116013    0.769  1.979  3.7198  2.176    4  0.000  0.521     0.00     0.00     0.00     0.00     0.00 -1    -1e-30      0.00 7.413e-01 2.580e-01 1.250e-04 3.816e-05 3.202e-04 -1.000 7.356e-04 -0.177 1.186 0.286 -0.222 -0.390 -0.464 -0.487
0.00069308 -1.35000 10.04139 0.8370099068 2.4310123903    0.769  2.013  3.7160  2.127    4  0.000  0.521     0.00     0.00     0.00     0.00     0.00 -1    -1e-30      0.00 7.413e-01 2.580e-01 1.250e-04 3.816e-05 3.202e-04 -1.000 7.356e-04 -0.263 1.146 0.219 -0.304 -0.479 -0.557 -0.582
0.00069308 -1.35000 10.04139 0.8370112777 2.4310128223    0.769  2.045  3.7126  2.081    4  0.000  0.521     0.00     0.00     0.00     0.00     0.00 -1    -1e-30      0.00 7.413e-01 2.580e-01 1.250e-04 3.816e-05 3.202e-04 -1.000 7.356e-04 -0.342 1.106 0.156 -0.381 -0.562 -0.644 -0.671
0.00069308 -1.35000 10.04139 0.8370115161 2.4310128975    0.769  2.052  3.7118  2.071    7  0.000  0.521     0.00     0.00     0.00     0.00     0.00 -1 -8.97e-10      0.00 7.413e-01 2.564e-01 1.250e-04 3.816e-05 3.202e-04 -1.000 2.336e-03 -0.361 1.096 0.141 -0.399 -0.582 -0.664 -0.691
0.00069308 -1.35000 10.04139 0.8370115757 2.4310129163    0.769  2.053  3.7117  2.070    7  0.000  0.521     0.00     0.00     0.00     0.00     0.00 -1 -9.01e-10      0.00 7.413e-01 2.564e-01 1.250e-04 3.816e-05 3.202e-04 -1.000 2.336e-03 -0.363 1.095 0.140 -0.401 -0.584 -0.666 -0.694
0.00069308 -1.35000 10.04139 0.8370125294 2.4310132168    0.769  2.093  3.7081  2.016    7  0.000  0.521     0.00     0.00     0.00     0.00     0.00 -1 -1.15e-09      0.00 7.413e-01 2.564e-01 1.250e-04 3.816e-05 3.202e-04 -1.000 2.336e-03 -0.462 1.041 0.060 -0.497 -0.685 -0.772 -0.801
0.00069308 -1.35000 10.04139 0.8370134830 2.4310135174    0.769  2.132  3.7047  1.963    7  0.000  0.521     0.00     0.00     0.00     0.00     0.00 -1 -1.45e-09      0.00 7.413e-01 2.564e-01 1.250e-04 3.816e-05 3.202e-04 -1.000 2.336e-03 -0.560 0.990 -0.020 -0.591 -0.786 -0.877 -0.908
0.00069308 -1.35000 10.04139 0.8370143771 2.4310137992    0.769  2.168  3.7016  1.914    7  0.000  0.521     0.00     0.00     0.00     0.00     0.00 -1 -1.79e-09      0.00 7.413e-01 2.564e-01 1.250e-04 3.816e-05 3.202e-04 -1.000 2.336e-03 -0.650 0.944 -0.092 -0.678 -0.878 -0.973 -1.006
0.00069308 -1.35000 10.04139 0.8370153308 2.4310140998    0.769  2.198  3.6991  1.874    7  0.000  0.521     0.00     0.00     0.00     0.00     0.00 -1 -2.13e-09      0.00 7.413e-01 2.564e-01 1.250e-04 3.816e-05 3.202e-04 -1.000 2.336e-03 -0.725 0.906 -0.153 -0.750 -0.955 -1.053 -1.087
0.00069308 -1.35000 10.04139 0.8370167613 2.4310145506    0.768  2.216  3.6977  1.851    7  0.000  0.521     0.00     0.00     0.00     0.00     0.00 -1 -2.37e-09      0.00 7.413e-01 2.564e-01 1.250e-04 3.816e-05 3.202e-04 -1.000 2.336e-03 -0.770 0.883 -0.189 -0.793 -1.001 -1.101 -1.136
0.00069308 -1.35000 10.04139 0.8370193243 2.4310153584    0.768  2.184  3.7004  1.893    7  0.000  0.521     0.00     0.00     0.00     0.00     0.00 -1 -1.97e-09      0.00 7.413e-01 2.564e-01 1.250e-04 3.816e-05 3.202e-04 -1.000 2.335e-03 -0.691 0.921 -0.127 -0.718 -0.921 -1.017 -1.051
0.00069308 -1.35000 10.04139 0.8370235562 2.4310166921    0.768  2.153  3.7030  1.935    7  0.000  0.521     0.00     0.00     0.00     0.00     0.00 -1 -1.64e-09      0.00 7.413e-01 2.564e-01 1.250e-04 3.816e-05 3.202e-04 -1.000 2.336e-03 -0.612 0.962 -0.062 -0.641 -0.839 -0.933 -0.964
0.00069308 -1.35000 10.04139 0.8370495439 2.4310248821    0.766  2.165  3.7019  1.917    7  0.000  0.521     0.00     0.00     0.00     0.00     0.00 -1 -1.77e-09      0.00 7.413e-01 2.564e-01 1.250e-04 3.816e-05 3.202e-04 -1.000 2.336e-03 -0.642 0.948 -0.086 -0.671 -0.871 -0.965 -0.998
0.00069308 -1.35000 10.04139 0.8370683789 2.4310308176    0.764  2.202  3.6987  1.866    7  0.000  0.521     0.00     0.00     0.00     0.00     0.00 -1 -2.23e-09      0.00 7.413e-01 2.564e-01 1.250e-04 3.816e-05 3.202e-04 -1.000 2.336e-03 -0.736 0.902 -0.161 -0.760 -0.966 -1.065 -1.099
0.00069308 -1.35000 10.04139 0.8370882273 2.4310370721    0.762  2.251  3.6946  1.799    7  0.000  0.521     0.00     0.00     0.00     0.00     0.00 -1 -3.01e-09      0.00 7.413e-01 2.564e-01 1.250e-04 3.816e-05 3.202e-04 -1.000 2.336e-03 -0.858 0.844 -0.258 -0.877 -1.090 -1.194 -1.231
0.00069308 -1.35000 10.04139 0.8371075988 2.4310431760    0.759  2.298  3.6908  1.736    7  0.000  0.521     0.00     0.00     0.00     0.00     0.00 -1 -3.98e-09      0.00 7.413e-01 2.564e-01 1.250e-04 3.816e-05 3.202e-04 -1.000 2.336e-03 -0.974 0.787 -0.350 -0.987 -1.207 -1.316 -1.355
0.00069308 -1.35000 10.04139 0.8371245861 2.4310485284    0.756  2.341  3.6873  1.676    7  0.000  0.521     0.00     0.00     0.00     0.00     0.00 -1 -5.18e-09      0.00 7.413e-01 2.564e-01 1.250e-04 3.816e-05 3.202e-04 -1.000 2.335e-03 -1.083 0.736 -0.436 -1.090 -1.317 -1.431 -1.472
0.00069308 -1.35000 10.04139 0.8371395469 2.4310532421    0.752  2.385  3.6839  1.617    7  0.000  0.521     0.00     0.00     0.00     0.00     0.00 -1 -6.76e-09      0.00 7.413e-01 2.564e-01 1.250e-04 3.816e-05 3.202e-04 -1.000 2.315e-03 -1.192 0.696 -0.520 -1.194 -1.427 -1.545 -1.589
0.00069308 -1.35000 10.04139 0.8371527195 2.4310573922    0.747  2.428  3.6805  1.558    7  0.000  0.521     0.00     0.00     0.00     0.00     0.00 -1 -8.82e-09      0.00 7.413e-01 2.565e-01 1.249e-04 3.817e-05 3.202e-04 -1.000 2.256e-03 -1.300 0.668 -0.602 -1.299 -1.538 -1.660 -1.706
0.00069308 -1.35000 10.04139 0.8371642232 2.4310610164    0.742  2.470  3.6772  1.499    7  0.000  0.521     0.00     0.00     0.00     0.00     0.00 -1 -1.14e-08      0.00 7.413e-01 2.565e-01 1.248e-04 3.820e-05 3.202e-04 -1.000 2.211e-03 -1.406 0.646 -0.679 -1.402 -1.647 -1.773 -1.820
0.00069308 -1.35000 10.04139 0.8371745348 2.4310642649    0.736  2.513  3.6739  1.440    7  0.000  0.519     7.40     5.83     4.12     3.20     2.58  3 -1.48e-08      0.00 7.413e-01 2.566e-01 1.244e-04 3.841e-05 3.202e-04 -1.000 2.172e-03 -1.511 0.633 -0.754 -1.503 -1.754 -1.885 -1.935
0.00069308 -1.35000 10.04139 0.8371838927 2.4310672129    0.729  2.555  3.6700  1.378    7  0.000  0.514     8.42     6.50     4.57     3.55     2.87  3 -1.92e-08      0.00 7.413e-01 2.566e-01 1.234e-04 3.928e-05 3.202e-04 -1.000 2.107e-03 -1.617 0.640 -0.821 -1.604 -1.863 -1.998 -2.051
0.00069308 -1.35000 10.04139 0.8371924758 2.4310699167    0.721  2.597  3.6631  1.303    7  0.000  0.505     9.85     7.42     5.19     4.04     3.27  2 -2.55e-08      0.00 7.412e-01 2.567e-01 1.215e-04 4.129e-05 3.202e-04 -1.000 2.085e-03 -1.723 0.743 -0.853 -1.696 -1.969 -2.114 -2.172
0.00069308 -1.35000 10.04139 0.8371985555 2.4310718319    0.713  2.630  3.6581  1.246    7  0.000  0.498    11.09     8.21     5.71     4.46     3.61  2 -3.17e-08      0.00 7.412e-01 2.567e-01 1.197e-04 4.339e-05 3.202e-04 -1.000 2.065e-03 -1.804 0.833 -0.873 -1.765 -2.049 -2.200 -2.262
0.00069308 -1.35000 10.04139 0.8372060061 2.4310741789    0.701  2.672  3.6545  1.182    7  0.000  0.488    12.64     9.17     6.34     4.96     4.02  2 -4.18e-08      0.00 7.412e-01 2.568e-01 1.174e-04 4.625e-05 3.202e-04 -1.000 2.028e-03 -1.909 0.832 -0.935 -1.856 -2.149 -2.307 -2.371
0.00069308 -1.35000 10.04139 0.8372131586 2.4310764319    0.686  2.713  3.6512  1.118    7  0.000  0.479    14.42    10.25     7.05     5.53     4.48  2 -5.58e-08      0.00 7.411e-01 2.569e-01 1.153e-04 4.880e-05 3.202e-04 -1.000 2.026e-03 -2.013 0.828 -0.999 -1.947 -2.249 -2.413 -2.480
0.00069308 -1.35000 10.04139 0.8372199535 2.4310785723    0.666  2.755  3.6479  1.050    7  0.000  0.471    16.53    11.49     7.86     6.18     5.00  2 -7.55e-08      0.00 7.410e-01 2.570e-01 1.135e-04 5.100e-05 3.202e-04 -1.000 2.022e-03 -2.117 0.829 -1.060 -2.037 -2.348 -2.517 -2.587
0.00069308 -1.35000 10.04139 0.8372266293 2.4310806751    0.639  2.798  3.6448  0.977    7  0.000  0.464    19.14    12.98     8.82     6.96     5.63  1 -1.07e-07      0.00 7.409e-01 2.571e-01 1.119e-04 5.299e-05 3.202e-04 -1.000 1.994e-03 -2.225 0.830 -1.122 -2.130 -2.450 -2.625 -2.698
0.00069308 -1.35000 10.04139 0.8372327685 2.4310826088    0.604  2.842  3.6431  0.902    7  0.000  0.459    22.21    14.66     9.90     7.84     6.34  1 -1.58e-07      0.00 7.409e-01 2.572e-01 1.105e-04 5.471e-05 3.202e-04 -1.000 1.952e-03 -2.334 0.811 -1.196 -2.230 -2.558 -2.737 -2.811
0.00069308 -1.35000 10.04139 0.8372383714 2.4310843736    0.554  2.887  3.6486  0.841    7  0.000  0.453    24.82    15.99    10.73     8.54     6.91  1 -2.51e-07      0.00 7.408e-01 2.573e-01 1.092e-04 5.628e-05 3.201e-04 -1.000 1.947e-03 -2.447 0.625 -1.353 -2.369 -2.687 -2.857 -2.928
0.00069308 -1.35000 10.04139 0.8372409344 2.4310851809    0.511  2.911  3.6647  0.847    7  0.000  0.450    24.12    15.51    10.40     8.30     6.71  1 -3.16e-07      0.00 7.407e-01 2.573e-01 1.083e-04 5.731e-05 3.200e-04 -1.000 1.959e-03 -2.506 0.124 -1.599 -2.488 -2.769 -2.914 -2.972
0.00069308 -1.35000 10.04139 1.1150141954 2.4941653365    0.550 -9.999  3.6090  7.964    9  0.550  0.000     0.00     0.00     0.00     0.00     0.00 -1    -1e-30      0.00 7.284e-01 2.710e-01 9.721e-05 8.145e-05 3.220e-04 -1.000 6.408e-04 29.767 33.065 31.168 29.943 29.496 29.275 29.199
