# Zini     MH   logAge Mini        int_IMF         Mass   logL    logTe  logg  label   McoreTP C_O  period0  period1  period2  period3  period4  pmode  Mloss  tau1m   X   Y   Xc  Xn  Xo  Cexcess  Z 	 mbolmag  umag    gmag    rmag    imag    zmag    Ymag
0.00021956 -1.85000 10.00000 0.0900000036 1.0816895926    0.090 -3.203  3.4859  5.491    1  0.000  0.545     0.00     0.00     0.00     0.00     0.00 -1 -4.73e-17      0.00 7.488e-01 2.510e-01 4.145e-05 1.118e-05 1.014e-04 -1.000 2.305e-04 12.777 17.864 15.915 13.986 12.540 12.074 11.975
0.00021956 -1.85000 10.00000 0.0901364908 1.0829957891    0.090 -3.197  3.4867  5.489    1  0.000  0.545     0.00     0.00     0.00     0.00     0.00 -1 -4.79e-17      0.00 7.487e-01 2.510e-01 4.145e-05 1.118e-05 1.014e-04 -1.000 2.305e-04 12.763 17.849 15.886 13.960 12.526 12.063 11.964
0.00021956 -1.85000 10.00000 0.0970817655 1.1462564228    0.097 -2.933  3.5257  5.412    1  0.000  0.545     0.00     0.00     0.00     0.00     0.00 -1 -9.27e-17      0.00 7.472e-01 2.525e-01 4.145e-05 1.118e-05 1.014e-04 -1.000 2.306e-04 12.101 16.880 14.573 12.828 11.865 11.501 11.396
0.00021956 -1.85000 10.00000 0.1000000015 1.1711064122    0.100 -2.827  3.5411  5.382    1  0.000  0.545     0.00     0.00     0.00     0.00     0.00 -1 -1.21e-16      0.00 7.466e-01 2.532e-01 4.145e-05 1.118e-05 1.014e-04 -1.000 2.306e-04 11.838 16.371 14.066 12.410 11.601 11.268 11.165
0.00021956 -1.85000 10.00000 0.1199999973 1.3193154249    0.120 -2.533  3.5720  5.290    1  0.000  0.545     0.00     0.00     0.00     0.00     0.00 -1 -2.41e-16      0.00 7.439e-01 2.559e-01 4.145e-05 1.118e-05 1.014e-04 -1.000 2.306e-04 11.104 15.000 12.883 11.435 10.863 10.584 10.490
0.00021956 -1.85000 10.00000 0.1399999857 1.4384525915    0.140 -2.351  3.5868  5.234    1  0.000  0.545     0.00     0.00     0.00     0.00     0.00 -1 -3.62e-16      0.00 7.420e-01 2.578e-01 4.145e-05 1.119e-05 1.014e-04 -1.000 2.306e-04 10.647 14.217 12.236 10.903 10.402 10.147 10.058
0.00021956 -1.85000 10.00000 0.1599999964 1.5372931554    0.160 -2.208  3.5964  5.188    1  0.000  0.545     0.00     0.00     0.00     0.00     0.00 -1 -4.96e-16      0.00 7.407e-01 2.590e-01 4.145e-05 1.119e-05 1.014e-04 -1.000 2.306e-04 10.291 13.654 11.764 10.508 10.043 9.802 9.718
0.00021956 -1.85000 10.00000 0.2000000179 1.6938791367    0.200 -1.988  3.6087  5.114    1  0.000  0.545     0.00     0.00     0.00     0.00     0.00 -1    -8e-16      0.00 7.397e-01 2.600e-01 4.145e-05 1.119e-05 1.014e-04 -1.000 2.306e-04 9.740 12.855 11.075 9.915 9.488 9.265 9.188
0.00021956 -1.85000 10.00000 0.2500000000 1.8403257998    0.250 -1.785  3.6197  5.052    1  0.000  0.545     0.00     0.00     0.00     0.00     0.00 -1 -1.23e-15      0.00 7.398e-01 2.600e-01 4.145e-05 1.119e-05 1.014e-04 -1.000 2.306e-04 9.232 12.141 10.451 9.371 8.975 8.769 8.697
0.00021956 -1.85000 10.00000 0.3000000417 1.9529140366    0.300 -1.629  3.6287  5.011    1  0.000  0.545     0.00     0.00     0.00     0.00     0.00 -1 -1.68e-15      0.00 7.399e-01 2.598e-01 4.144e-05 1.119e-05 1.014e-04 -1.000 2.306e-04 8.843 11.591 9.971 8.954 8.582 8.389 8.322
0.00021956 -1.85000 10.00000 0.3499999940 2.0434174644    0.350 -1.501  3.6369  4.983    1  0.000  0.544     0.00     0.00     0.00     0.00     0.00 -1 -2.16e-15      0.00 7.399e-01 2.599e-01 4.142e-05 1.119e-05 1.014e-04 -1.000 2.306e-04 8.523 11.136 9.576 8.611 8.259 8.078 8.016
0.00021956 -1.85000 10.00000 0.4000000060 2.1185024399    0.400 -1.375  3.6461  4.952    1  0.000  0.545     0.00     0.00     0.00     0.00     0.00 -1  -2.8e-15      0.00 7.503e-01 2.494e-01 4.145e-05 1.118e-05 1.014e-04 -1.000 2.305e-04 8.209 10.673 9.179 8.271 7.942 7.774 7.716
0.00021956 -1.85000 10.00000 0.4500000179 2.1822809362    0.450 -1.220  3.6615  4.909    1  0.000  0.545     0.00     0.00     0.00     0.00     0.00 -1 -3.97e-15      0.00 7.507e-01 2.491e-01 4.145e-05 1.118e-05 1.014e-04 -1.000 2.306e-04 7.819 10.041 8.664 7.844 7.549 7.403 7.354
0.00021956 -1.85000 10.00000 0.5000000000 2.2374541529    0.500 -1.046  3.6805  4.857    1  0.000  0.545     0.00     0.00     0.00     0.00     0.00 -1 -5.96e-15      0.00 7.507e-01 2.491e-01 4.145e-05 1.118e-05 1.014e-04 -1.000 2.306e-04 7.385 9.310 8.092 7.373 7.118 6.998 6.958
0.00021956 -1.85000 10.00000 0.5500000715 2.2836583126    0.550 -0.848  3.7008  4.782    1  0.000  0.544     0.00     0.00     0.00     0.00     0.00 -1 -9.77e-15      0.00 7.791e-01 2.208e-01 3.702e-05 9.992e-06 9.066e-05 -1.000 1.419e-04 6.891 8.524 7.477 6.851 6.635 6.539 6.510
0.00021956 -1.85000 10.00000 0.6000000238 2.3211213258    0.600 -0.649  3.7253  4.719    1  0.000  0.544     0.00     0.00     0.00     0.00     0.00 -1 -1.59e-14      0.00 7.893e-01 2.104e-01 3.549e-05 9.585e-06 8.700e-05 -1.000 2.300e-04 6.394 7.728 6.866 6.339 6.164 6.097 6.080
0.00021956 -1.85000 10.00000 0.6007871628 2.3216540205    0.600 -0.646  3.7257  4.718    1  0.000  0.544     0.00     0.00     0.00     0.00     0.00 -1  -1.6e-14      0.00 7.895e-01 2.102e-01 3.547e-05 9.578e-06 8.693e-05 -1.000 2.304e-04 6.385 7.715 6.856 6.331 6.157 6.090 6.074
0.00021956 -1.85000 10.00000 0.6133851409 2.3299661819    0.613 -0.594  3.7328  4.703    1  0.000  0.544     0.00     0.00     0.00     0.00     0.00 -1 -1.82e-14      0.00 7.928e-01 2.070e-01 3.500e-05 9.454e-06 8.581e-05 -1.000 2.206e-04 6.255 7.510 6.697 6.199 6.037 5.978 5.965
0.00021956 -1.85000 10.00000 0.6280391216 2.3391540415    0.628 -0.533  3.7411  4.685    1  0.000  0.544     0.00     0.00     0.00     0.00     0.00 -1 -2.11e-14      0.00 7.967e-01 2.031e-01 3.442e-05 9.300e-06 8.444e-05 -1.000 2.005e-04 6.103 7.278 6.515 6.048 5.898 5.848 5.839
0.00021956 -1.85000 10.00000 0.6415407658 2.3471935486    0.641 -0.477  3.7486  4.668    1  0.000  0.543     0.00     0.00     0.00     0.00     0.00 -1 -2.42e-14      0.00 8.006e-01 1.992e-01 3.386e-05 9.150e-06 8.309e-05 -1.000 1.862e-04 5.962 7.071 6.350 5.910 5.773 5.731 5.725
0.00021956 -1.85000 10.00000 0.6499999762 2.3520353107    0.650 -0.441  3.7533  4.657    1  0.000  0.543     0.00     0.00     0.00     0.00     0.00 -1 -2.64e-14      0.00 8.032e-01 1.966e-01 3.349e-05 9.051e-06 8.220e-05 -1.000 2.100e-04 5.873 6.943 6.247 5.825 5.695 5.658 5.654
0.00021956 -1.85000 10.00000 0.6625064015 2.3589337130    0.662 -0.388  3.7599  4.639    1  0.000  0.543     0.00     0.00     0.00     0.00     0.00 -1 -3.02e-14      0.00 8.080e-01 1.919e-01 3.280e-05 8.868e-06 8.056e-05 -1.000 1.726e-04 5.740 6.756 6.094 5.697 5.579 5.549 5.547
0.00021956 -1.85000 10.00000 0.6769284606 2.3665259542    0.677 -0.326  3.7673  4.616    1  0.000  0.542     0.00     0.00     0.00     0.00     0.00 -1 -3.54e-14      0.00 8.139e-01 1.859e-01 3.194e-05 8.640e-06 7.851e-05 -1.000 1.712e-04 5.586 6.549 5.921 5.551 5.444 5.421 5.423
0.00021956 -1.85000 10.00000 0.6906220913 2.3733982622    0.690 -0.267  3.7742  4.593    1  0.000  0.542     0.00     0.00     0.00     0.00     0.00 -1 -4.12e-14      0.00 8.200e-01 1.798e-01 3.106e-05 8.405e-06 7.640e-05 -1.000 2.204e-04 5.437 6.357 5.756 5.410 5.314 5.297 5.301
0.00021956 -1.85000 10.00000 0.6999999881 2.3779266974    0.700 -0.225  3.7788  4.576    1  0.000  0.542     0.00     0.00     0.00     0.00     0.00 -1 -4.59e-14      0.00 8.245e-01 1.753e-01 3.042e-05 8.233e-06 7.486e-05 -1.000 2.203e-04 5.333 6.225 5.641 5.312 5.223 5.211 5.217
0.00021956 -1.85000 10.00000 0.7008619308 2.3783359280    0.701 -0.222  3.7792  4.574    1  0.000  0.542     0.00     0.00     0.00     0.00     0.00 -1 -4.64e-14      0.00 8.250e-01 1.748e-01 3.034e-05 8.215e-06 7.470e-05 -1.000 2.193e-04 5.324 6.213 5.631 5.303 5.214 5.203 5.209
0.00021956 -1.85000 10.00000 0.7134119868 2.3841658201    0.713 -0.164  3.7850  4.548    1  0.000  0.539     0.00     0.00     0.00     0.00     0.00 -1 -5.41e-14      0.00 8.320e-01 1.678e-01 2.926e-05 7.951e-06 7.237e-05 -1.000 1.922e-04 5.181 6.039 5.475 5.167 5.088 5.082 5.090
0.00021956 -1.85000 10.00000 0.7255027890 2.3895635599    0.725 -0.107  3.7905  4.520    1  0.000  0.536     0.00     0.00     0.00     0.00     0.00 -1 -6.31e-14      0.00 8.386e-01 1.612e-01 2.827e-05 7.711e-06 7.024e-05 -1.000 1.204e-04 5.038 5.869 5.320 5.032 4.961 4.961 4.971
0.00021956 -1.85000 10.00000 0.7362635732 2.3941964616    0.736 -0.055  3.7952  4.492    1  0.000  0.534     0.00     0.00     0.00     0.00     0.00 -1 -7.29e-14      0.00 8.441e-01 1.557e-01 2.746e-05 7.513e-06 6.851e-05 -1.000 1.444e-04 4.907 5.716 5.178 4.907 4.844 4.848 4.859
0.00021956 -1.85000 10.00000 0.7464091182 2.3984240788    0.746 -0.003  3.7995  4.464    1  0.000  0.532     0.00     0.00     0.00     0.00     0.00 -1 -8.43e-14      0.00 8.490e-01 1.509e-01 2.677e-05 7.349e-06 6.708e-05 -1.000 1.266e-04 4.778 5.566 5.039 4.782 4.726 4.735 4.747
0.00021956 -1.85000 10.00000 0.7500000000 2.3998889087    0.750  0.016  3.8010  4.453    1  0.000  0.531     0.00     0.00     0.00     0.00     0.00 -1 -8.89e-14      0.00 8.505e-01 1.493e-01 2.655e-05 7.297e-06 6.662e-05 -1.000 1.204e-04 4.730 5.513 4.987 4.736 4.683 4.693 4.706
0.00021956 -1.85000 10.00000 0.7579330802 2.4030685417    0.757  0.058  3.8044  4.429    1  0.000  0.531     0.00     0.00     0.00     0.00     0.00 -1    -1e-13      0.00 8.516e-01 1.482e-01 2.653e-05 7.294e-06 6.661e-05 -1.000 1.338e-04 4.624 5.393 4.873 4.634 4.586 4.599 4.613
0.00021956 -1.85000 10.00000 0.7676224113 2.4068497469    0.767  0.113  3.8086  4.396    1  0.000  0.530     0.00     0.00     0.00     0.00     0.00 -1 -1.17e-13      0.00 8.528e-01 1.471e-01 2.651e-05 7.294e-06 6.665e-05 -1.000 1.207e-04 4.487 5.239 4.725 4.501 4.459 4.477 4.492
0.00021956 -1.85000 10.00000 0.7762051225 2.4101085866    0.775  0.165  3.8123  4.363    1  0.000  0.530     0.00     0.00     0.00     0.00     0.00 -1 -1.37e-13      0.00 8.536e-01 1.462e-01 2.651e-05 7.299e-06 6.672e-05 -1.000 1.666e-04 4.356 5.095 4.585 4.373 4.338 4.359 4.376
0.00021956 -1.85000 10.00000 0.7843952775 2.4131420239    0.784  0.219  3.8158  4.328    1  0.000  0.529     0.00     0.00     0.00     0.00     0.00 -1  -1.6e-13      0.00 8.544e-01 1.455e-01 2.653e-05 7.306e-06 6.682e-05 -1.000 1.523e-04 4.223 4.949 4.442 4.242 4.212 4.237 4.254
0.00021956 -1.85000 10.00000 0.7919440269 2.4158740950    0.791  0.272  3.8189  4.292    1  0.000  0.529     0.00     0.00     0.00     0.00     0.00 -1 -1.87e-13      0.00 8.550e-01 1.449e-01 2.656e-05 7.317e-06 6.693e-05 -1.000 1.345e-04 4.091 4.806 4.301 4.111 4.087 4.114 4.133
0.00021956 -1.85000 10.00000 0.7988528609 2.4183225941    0.798  0.324  3.8215  4.254    1  0.000  0.529     0.00     0.00     0.00     0.00     0.00 -1  -2.2e-13      0.00 8.554e-01 1.444e-01 2.660e-05 7.330e-06 6.707e-05 -1.000 1.204e-04 3.961 4.667 4.163 3.982 3.962 3.992 4.011
0.00021956 -1.85000 10.00000 0.8000000119 2.4187244405    0.799  0.333  3.8219  4.248    1  0.000  0.529     0.00     0.00     0.00     0.00     0.00 -1 -2.26e-13      0.00 8.555e-01 1.444e-01 2.661e-05 7.332e-06 6.709e-05 -1.000 1.204e-04 3.939 4.644 4.139 3.960 3.941 3.971 3.991
0.00021956 -1.85000 10.00000 0.8066321611 2.4210219351    0.806  0.386  3.8242  4.207    1  0.000  0.529     0.00     0.00     0.00     0.00     0.00 -1 -2.66e-13      0.00 8.550e-01 1.448e-01 2.671e-05 7.361e-06 6.736e-05 -1.000 1.399e-04 3.805 4.502 3.998 3.827 3.812 3.845 3.864
0.00021956 -1.85000 10.00000 0.8140791655 2.4235504696    0.813  0.451  3.8259  4.153    1  0.000  0.529     0.00     0.00     0.00     0.00     0.00 -1 -3.27e-13      0.00 8.527e-01 1.472e-01 2.706e-05 7.457e-06 6.823e-05 -1.000 1.564e-04 3.643 4.332 3.828 3.664 3.653 3.687 3.707
0.00021956 -1.85000 10.00000 0.8151733279 2.4239175046    0.814  0.461  3.8260  4.144    1  0.000  0.529     0.00     0.00     0.00     0.00     0.00 -1  -3.4e-13      0.00 8.523e-01 1.475e-01 2.712e-05 7.472e-06 6.836e-05 -1.000 1.583e-04 3.617 4.306 3.802 3.639 3.628 3.662 3.682
0.00021956 -1.85000 10.00000 0.8168899417 2.4244910619    0.816  0.479  3.8258  4.126    1  0.000  0.529     0.00     0.00     0.00     0.00     0.00 -1 -3.61e-13      0.00 8.518e-01 1.480e-01 2.720e-05 7.495e-06 6.857e-05 -1.000 1.615e-04 3.573 4.262 3.757 3.594 3.583 3.617 3.637
0.00021956 -1.85000 10.00000 0.8217573762 2.4261024014    0.820  0.531  3.8244  4.070    1  0.000  0.529     0.00     0.00     0.00     0.00     0.00 -1 -4.31e-13      0.00 8.502e-01 1.496e-01 2.744e-05 7.560e-06 6.917e-05 -1.000 1.703e-04 3.442 4.133 3.626 3.460 3.447 3.480 3.499
0.00021956 -1.85000 10.00000 0.8258042932 2.4274254946    0.824  0.581  3.8212  4.010    1  0.000  0.529     0.00     0.00     0.00     0.00     0.00 -1 -5.18e-13      0.00 8.489e-01 1.509e-01 2.764e-05 7.614e-06 6.966e-05 -1.000 1.776e-04 3.317 4.016 3.505 3.331 3.314 3.343 3.362
0.00021956 -1.85000 10.00000 0.8264877796 2.4276474824    0.825  0.590  3.8204  3.998    1  0.000  0.529     0.00     0.00     0.00     0.00     0.00 -1 -5.37e-13      0.00 8.487e-01 1.511e-01 2.767e-05 7.623e-06 6.974e-05 -1.000 1.788e-04 3.294 3.995 3.484 3.308 3.289 3.318 3.336
0.00021956 -1.85000 10.00000 0.8271880746 2.4278744919    0.826  0.601  3.8192  3.983    2  0.000  0.529     0.00     0.00     0.00     0.00     0.00 -1 -5.61e-13      0.00 8.485e-01 1.513e-01 2.771e-05 7.633e-06 6.982e-05 -1.000 1.801e-04 3.269 3.973 3.460 3.281 3.261 3.289 3.306
0.00021956 -1.85000 10.00000 0.8295390010 2.4286333518    0.828  0.638  3.8137  3.924    2  0.000  0.529     0.00     0.00     0.00     0.00     0.00 -1 -6.49e-13      0.00 8.478e-01 1.521e-01 2.782e-05 7.664e-06 7.011e-05 -1.000 1.842e-04 3.174 3.894 3.376 3.182 3.154 3.176 3.192
0.00021956 -1.85000 10.00000 0.8313283920 2.4292076457    0.830  0.672  3.8066  3.864    2  0.000  0.529     0.00     0.00     0.00     0.00     0.00 -1 -7.51e-13      0.00 8.472e-01 1.526e-01 2.791e-05 7.688e-06 7.032e-05 -1.000 1.874e-04 3.091 3.835 3.308 3.092 3.053 3.068 3.082
0.00021956 -1.85000 10.00000 0.8327233195 2.4296533708    0.831  0.701  3.7983  3.802    2  0.000  0.529     0.00     0.00     0.00     0.00     0.00 -1 -8.63e-13      0.00 8.468e-01 1.531e-01 2.798e-05 7.706e-06 7.049e-05 -1.000 1.900e-04 3.017 3.792 3.253 3.011 2.959 2.966 2.977
0.00021956 -1.85000 10.00000 0.8338445425 2.4300103953    0.832  0.728  3.7890  3.738    2  0.000  0.529     0.00     0.00     0.00     0.00     0.00 -1 -9.87e-13      0.00 8.457e-01 1.541e-01 2.825e-05 7.779e-06 7.115e-05 -1.000 1.907e-04 2.950 3.765 3.210 2.937 2.871 2.869 2.877
0.00021956 -1.85000 10.00000 0.8347777724 2.4303067174    0.833  0.752  3.7792  3.675    2  0.000  0.530     0.00     0.00     0.00     0.00     0.00 -1 -1.12e-12      0.00 8.389e-01 1.609e-01 2.930e-05 8.063e-06 7.370e-05 -1.000 1.785e-04 2.890 3.752 3.175 2.870 2.788 2.777 2.781
0.00021956 -1.85000 10.00000 0.8355902433 2.4305640760    0.834  0.774  3.7701  3.617    2  0.000  0.532     0.00     0.00     0.00     0.00     0.00 -1 -1.26e-12      0.00 8.174e-01 1.824e-01 3.211e-05 8.817e-06 8.043e-05 -1.000 1.805e-04 2.834 3.746 3.144 2.808 2.712 2.692 2.693
0.00021956 -1.85000 10.00000 0.8363394141 2.4308008741    0.834  0.798  3.7617  3.560    2  0.000  0.534     0.00     0.00     0.00     0.00     0.00 -1 -1.42e-12      0.00 7.948e-01 2.050e-01 3.501e-05 9.592e-06 8.734e-05 -1.000 1.924e-04 2.774 3.736 3.108 2.744 2.635 2.606 2.604
0.00021956 -1.85000 10.00000 0.8370910883 2.4310379737    0.835  0.831  3.7540  3.497    2  0.000  0.536     0.00     0.00     0.00     0.00     0.00 -1 -1.65e-12      0.00 7.795e-01 2.202e-01 3.697e-05 1.011e-05 9.200e-05 -1.000 2.203e-04 2.693 3.708 3.052 2.661 2.539 2.502 2.497
0.00021956 -1.85000 10.00000 0.8376786709 2.4312229733    0.836  0.866  3.7489  3.442    2  0.000  0.536     0.00     0.00     0.00     0.00     0.00 -1  -1.9e-12      0.00 7.731e-01 2.267e-01 3.780e-05 1.034e-05 9.400e-05 -1.000 2.256e-04 2.606 3.655 2.980 2.572 2.442 2.400 2.393
0.00021956 -1.85000 10.00000 0.8382600546 2.4314057278    0.836  0.907  3.7448  3.384    2  0.000  0.536     0.00     0.00     0.00     0.00     0.00 -1 -2.23e-12      0.00 7.689e-01 2.309e-01 3.836e-05 1.049e-05 9.532e-05 -1.000 2.203e-04 2.502 3.582 2.891 2.468 2.331 2.285 2.275
0.00021956 -1.85000 10.00000 0.8384382725 2.4314616911    0.836  0.922  3.7438  3.365    2  0.000  0.537     0.00     0.00     0.00     0.00     0.00 -1 -2.37e-12      0.00 7.680e-01 2.318e-01 3.846e-05 1.051e-05 9.558e-05 -1.000 2.035e-04 2.464 3.551 2.855 2.429 2.292 2.244 2.234
0.00021956 -1.85000 10.00000 0.8389165401 2.4316117399    0.837  0.965  3.7414  3.313    3  0.000  0.537     0.00     0.00     0.00     0.00     0.00 -1 -2.76e-12      0.00 7.657e-01 2.341e-01 3.873e-05 1.058e-05 9.620e-05 -1.000 2.292e-04 2.357 3.462 2.757 2.323 2.181 2.131 2.120
0.00021956 -1.85000 10.00000 0.8394395113 2.4317755886    0.837  1.015  3.7390  3.254    3  0.000  0.537     0.00     0.00     0.00     0.00     0.00 -1 -3.32e-12      0.00 7.634e-01 2.364e-01 3.895e-05 1.065e-05 9.675e-05 -1.000 2.295e-04 2.233 3.356 2.641 2.198 2.053 2.000 1.988
0.00021956 -1.85000 10.00000 0.8398834467 2.4319144910    0.838  1.061  3.7372  3.201    3  0.000  0.537     0.00     0.00     0.00     0.00     0.00 -1 -3.92e-12      0.00 7.616e-01 2.381e-01 3.911e-05 1.069e-05 9.712e-05 -1.000 2.295e-04 2.119 3.256 2.533 2.085 1.936 1.881 1.868
0.00021956 -1.85000 10.00000 0.8403075337 2.4320470255    0.838  1.107  3.7355  3.148    3  0.000  0.537     0.00     0.00     0.00     0.00     0.00 -1 -4.64e-12      0.00 7.600e-01 2.398e-01 3.923e-05 1.072e-05 9.743e-05 -1.000 2.306e-04 2.002 3.153 2.422 1.969 1.818 1.761 1.747
0.00021956 -1.85000 10.00000 0.8407382965 2.4321814888    0.838  1.158  3.7338  3.091    3  0.000  0.537     0.00     0.00     0.00     0.00     0.00 -1 -5.56e-12      0.00 7.583e-01 2.415e-01 3.932e-05 1.076e-05 9.770e-05 -1.000 2.256e-04 1.875 3.039 2.302 1.843 1.689 1.630 1.615
0.00021956 -1.85000 10.00000 0.8411341310 2.4323049096    0.839  1.208  3.7322  3.034    3  0.000  0.536     0.00     0.00     0.00     0.00     0.00 -1 -6.67e-12      0.00 7.567e-01 2.431e-01 3.935e-05 1.079e-05 9.791e-05 -1.000 2.028e-04 1.749 2.925 2.181 1.718 1.562 1.501 1.485
0.00021956 -1.85000 10.00000 0.8414893746 2.4324155606    0.839  1.257  3.7306  2.979    3  0.000  0.535     0.00     0.00     0.00     0.00     0.00 -1 -7.95e-12      0.00 7.553e-01 2.445e-01 3.933e-05 1.084e-05 9.808e-05 -1.000 1.812e-04 1.627 2.815 2.064 1.596 1.437 1.375 1.358
0.00021956 -1.85000 10.00000 0.8417999148 2.4325121993    0.839  1.304  3.7292  2.927    3  0.000  0.533     0.00     0.00     0.00     0.00     0.00 -1  -9.4e-12      0.00 7.541e-01 2.457e-01 3.925e-05 1.091e-05 9.821e-05 -1.000 2.295e-04 1.511 2.711 1.953 1.480 1.320 1.256 1.238
0.00021956 -1.85000 10.00000 0.8421024084 2.4326062552    0.839  1.353  3.7276  2.872    3  0.000  0.531     0.00     0.00     0.00     0.00     0.00 -1 -1.12e-11      0.00 7.529e-01 2.469e-01 3.910e-05 1.103e-05 9.831e-05 -1.000 2.305e-04 1.388 2.601 1.836 1.359 1.196 1.130 1.112
0.00021956 -1.85000 10.00000 0.8423925638 2.4326964018    0.839  1.404  3.7260  2.814    3  0.000  0.528     0.00     0.00     0.00     0.00     0.00 -1 -1.35e-11      0.00 7.518e-01 2.479e-01 3.889e-05 1.122e-05 9.840e-05 -1.000 2.300e-04 1.260 2.487 1.714 1.231 1.066 0.998 0.979
0.00021956 -1.85000 10.00000 0.8426358700 2.4327719380    0.839  1.451  3.7244  2.761    3  0.000  0.525     0.00     0.00     0.00     0.00     0.00 -1  -1.6e-11      0.00 7.511e-01 2.487e-01 3.869e-05 1.142e-05 9.847e-05 -1.000 2.296e-04 1.143 2.383 1.603 1.115 0.947 0.878 0.858
0.00021956 -1.85000 10.00000 0.8428577185 2.4328407688    0.839  1.497  3.7229  2.708    3  0.000  0.522     0.00     0.00     0.00     0.00     0.00 -1 -1.89e-11      0.00 7.504e-01 2.494e-01 3.849e-05 1.163e-05 9.851e-05 -1.000 2.300e-04 1.027 2.280 1.492 1.000 0.830 0.758 0.738
0.00021956 -1.85000 10.00000 0.8430662751 2.4329054377    0.839  1.545  3.7213  2.654    3  0.000  0.519     0.00     0.00     0.00     0.00     0.00 -1 -2.24e-11      0.00 7.498e-01 2.499e-01 3.831e-05 1.184e-05 9.855e-05 -1.000 2.280e-04 0.908 2.174 1.379 0.882 0.709 0.636 0.614
0.00021956 -1.85000 10.00000 0.8432507515 2.4329626091    0.839  1.591  3.7197  2.602    3  0.000  0.517     0.00     0.00     0.00     0.00     0.00 -1 -2.64e-11      0.00 7.495e-01 2.503e-01 3.817e-05 1.200e-05 9.858e-05 -1.000 2.267e-04 0.793 2.073 1.271 0.768 0.593 0.518 0.496
0.00021956 -1.85000 10.00000 0.8434261084 2.4330169277    0.839  1.638  3.7181  2.548    3  0.000  0.516     0.00     0.00     0.00     0.00     0.00 -1 -3.14e-11      0.00 7.492e-01 2.506e-01 3.807e-05 1.211e-05 9.860e-05 -1.000 2.286e-04 0.674 1.969 1.159 0.651 0.473 0.396 0.373
0.00021956 -1.85000 10.00000 0.8435807228 2.4330647995    0.839  1.684  3.7164  2.496    3  0.000  0.515     0.00     0.00     0.00     0.00     0.00 -1 -3.71e-11      0.00 7.490e-01 2.507e-01 3.801e-05 1.218e-05 9.862e-05 -1.000 2.307e-04 0.560 1.870 1.052 0.538 0.357 0.278 0.254
0.00021956 -1.85000 10.00000 0.8437182307 2.4331073579    0.839  1.728  3.7148  2.445    3  0.000  0.514     0.00     0.00     0.00     0.00     0.00 -1 -4.35e-11      0.00 7.490e-01 2.508e-01 3.798e-05 1.222e-05 9.862e-05 -1.000 2.306e-04 0.449 1.778 0.948 0.428 0.245 0.164 0.139
0.00021956 -1.85000 10.00000 0.8438493609 2.4331479275    0.839  1.774  3.7131  2.392    3  0.000  0.514     0.00     0.00     0.00     0.00     0.00 -1 -5.14e-11      0.00 7.489e-01 2.508e-01 3.797e-05 1.224e-05 9.863e-05 -1.000 2.306e-04 0.335 1.681 0.841 0.314 0.128 0.045 0.019
0.00021956 -1.85000 10.00000 0.8439679742 2.4331846120    0.839  1.819  3.7114  2.340    3  0.000  0.514     0.00     0.00     0.00     0.00     0.00 -1 -6.05e-11      0.00 7.489e-01 2.508e-01 3.796e-05 1.224e-05 9.863e-05 -1.000 2.305e-04 0.222 1.586 0.735 0.202 0.013 -0.072 -0.098
0.00021956 -1.85000 10.00000 0.8440724015 2.4332168994    0.839  1.862  3.7097  2.290    3  0.000  0.514     0.00     0.00     0.00     0.00     0.00 -1 -7.08e-11      0.00 7.489e-01 2.508e-01 3.796e-05 1.224e-05 9.863e-05 -1.000 2.305e-04 0.114 1.498 0.635 0.095 -0.097 -0.183 -0.211
0.00021956 -1.85000 10.00000 0.8441683650 2.4332465617    0.839  1.905  3.7081  2.241    3  0.000  0.514     0.00     0.00     0.00     0.00     0.00 -1 -8.26e-11      0.00 7.489e-01 2.509e-01 3.796e-05 1.224e-05 9.863e-05 -1.000 2.305e-04 0.008 1.411 0.537 -0.010 -0.204 -0.293 -0.321
0.00021956 -1.85000 10.00000 0.8442611694 2.4332752403    0.838  1.949  3.7064  2.190    3  0.000  0.514     0.00     0.00     0.00     0.00     0.00 -1 -9.71e-11      0.00 7.489e-01 2.509e-01 3.796e-05 1.225e-05 9.863e-05 -1.000 2.306e-04 -0.103 1.321 0.434 -0.119 -0.317 -0.408 -0.437
0.00021956 -1.85000 10.00000 0.8443424702 2.4333003579    0.838  1.991  3.7046  2.141    3  0.000  0.514     0.00     0.00     0.00     0.00     0.00 -1 -1.13e-10      0.00 7.489e-01 2.509e-01 3.796e-05 1.225e-05 9.863e-05 -1.000 2.306e-04 -0.208 1.238 0.338 -0.223 -0.423 -0.517 -0.546
0.00021956 -1.85000 10.00000 0.8444172144 2.4333234451    0.838  2.033  3.7029  2.092    3  0.000  0.514     0.00     0.00     0.00     0.00     0.00 -1 -1.32e-10      0.00 7.489e-01 2.509e-01 3.796e-05 1.225e-05 9.864e-05 -1.000 2.306e-04 -0.311 1.155 0.243 -0.325 -0.529 -0.624 -0.655
0.00021956 -1.85000 10.00000 0.8444879651 2.4333452944    0.837  2.074  3.7012  2.043    3  0.000  0.514     0.00     0.00     0.00     0.00     0.00 -1 -1.54e-10      0.00 7.489e-01 2.509e-01 3.795e-05 1.225e-05 9.864e-05 -1.000 2.306e-04 -0.416 1.071 0.147 -0.428 -0.635 -0.732 -0.764
0.00021956 -1.85000 10.00000 0.8445503116 2.4333645448    0.837  2.114  3.6994  1.996    3  0.000  0.514     0.00     0.00     0.00     0.00     0.00 -1 -1.78e-10      0.00 7.489e-01 2.509e-01 3.795e-05 1.225e-05 9.864e-05 -1.000 2.306e-04 -0.515 0.994 0.057 -0.526 -0.736 -0.835 -0.868
0.00021956 -1.85000 10.00000 0.8446102738 2.4333830559    0.837  2.153  3.6978  1.950    3  0.000  0.514     0.00     0.00     0.00     0.00     0.00 -1 -2.05e-10      0.00 7.489e-01 2.509e-01 3.795e-05 1.226e-05 9.864e-05 -1.000 2.306e-04 -0.614 0.921 -0.031 -0.622 -0.835 -0.937 -0.970
0.00021956 -1.85000 10.00000 0.8446725607 2.4334022815    0.836  2.189  3.6963  1.909    3  0.000  0.514     0.00     0.00     0.00     0.00     0.00 -1 -2.34e-10      0.00 7.489e-01 2.509e-01 3.795e-05 1.226e-05 9.864e-05 -1.000 2.306e-04 -0.701 0.855 -0.110 -0.709 -0.924 -1.028 -1.062
0.00021956 -1.85000 10.00000 0.8447281718 2.4334194438    0.836  2.215  3.6952  1.878    3  0.000  0.514     0.00     0.00     0.00     0.00     0.00 -1 -2.58e-10      0.00 7.489e-01 2.509e-01 3.795e-05 1.226e-05 9.864e-05 -1.000 2.306e-04 -0.767 0.806 -0.169 -0.773 -0.990 -1.095 -1.130
0.00021956 -1.85000 10.00000 0.8447686434 2.4334319322    0.835  2.200  3.6962  1.896    3  0.000  0.514     0.00     0.00     0.00     0.00     0.00 -1 -2.47e-10      0.00 7.489e-01 2.509e-01 3.795e-05 1.226e-05 9.864e-05 -1.000 2.305e-04 -0.731 0.828 -0.139 -0.738 -0.954 -1.058 -1.092
0.00021956 -1.85000 10.00000 0.8447740078 2.4334335874    0.835  2.199  3.6963  1.898    3  0.000  0.514     0.00     0.00     0.00     0.00     0.00 -1 -2.45e-10      0.00 7.489e-01 2.509e-01 3.795e-05 1.226e-05 9.864e-05 -1.000 2.306e-04 -0.726 0.831 -0.135 -0.734 -0.949 -1.053 -1.087
0.00021956 -1.85000 10.00000 0.8448033929 2.4334426538    0.835  2.225  3.6950  1.867    3  0.000  0.514     0.00     0.00     0.00     0.00     0.00 -1 -2.68e-10      0.00 7.489e-01 2.509e-01 3.795e-05 1.226e-05 9.864e-05 -1.000 2.305e-04 -0.793 0.783 -0.195 -0.799 -1.017 -1.122 -1.157
0.00021956 -1.85000 10.00000 0.8448479176 2.4334563900    0.834  2.267  3.6932  1.817    3  0.000  0.514     0.00     0.00     0.00     0.00     0.00 -1 -3.11e-10      0.00 7.489e-01 2.509e-01 3.795e-05 1.226e-05 9.864e-05 -1.000 2.306e-04 -0.897 0.707 -0.288 -0.901 -1.123 -1.230 -1.266
0.00021956 -1.85000 10.00000 0.8448893428 2.4334691685    0.834  2.308  3.6913  1.769    3  0.000  0.514     0.00     0.00     0.00     0.00     0.00 -1 -3.61e-10      0.00 7.489e-01 2.509e-01 3.795e-05 1.226e-05 9.864e-05 -1.000 2.306e-04 -0.999 0.633 -0.378 -1.001 -1.226 -1.336 -1.373
0.00021956 -1.85000 10.00000 0.8449276090 2.4334809712    0.833  2.348  3.6894  1.721    3  0.000  0.514     0.00     0.00     0.00     0.00     0.00 -1 -4.18e-10      0.00 7.489e-01 2.509e-01 3.795e-05 1.226e-05 9.864e-05 -1.000 2.306e-04 -1.099 0.564 -0.466 -1.098 -1.327 -1.439 -1.478
0.00021956 -1.85000 10.00000 0.8449611664 2.4334913206    0.833  2.385  3.6876  1.676    3  0.000  0.514     0.00     0.00     0.00     0.00     0.00 -1  -4.8e-10      0.00 7.489e-01 2.509e-01 3.795e-05 1.226e-05 9.864e-05 -1.000 2.306e-04 -1.192 0.500 -0.548 -1.189 -1.421 -1.536 -1.575
0.00021956 -1.85000 10.00000 0.8449938893 2.4335014117    0.832  2.424  3.6858  1.629    3  0.000  0.514     0.00     0.00     0.00     0.00     0.00 -1 -5.55e-10      0.00 7.489e-01 2.509e-01 3.795e-05 1.227e-05 9.864e-05 -1.000 2.306e-04 -1.290 0.434 -0.632 -1.283 -1.519 -1.636 -1.677
0.00021956 -1.85000 10.00000 0.8450226784 2.4335102889    0.831  2.460  3.6839  1.585    3  0.000  0.514     0.00     0.00     0.00     0.00     0.00 -1 -6.35e-10      0.00 7.489e-01 2.509e-01 3.794e-05 1.227e-05 9.864e-05 -1.000 2.305e-04 -1.381 0.387 -0.709 -1.373 -1.612 -1.732 -1.773
0.00021956 -1.85000 10.00000 0.8450506330 2.4335189082    0.831  2.498  3.6822  1.540    3  0.000  0.514     0.00     0.00     0.00     0.00     0.00 -1  -7.3e-10      0.00 7.489e-01 2.509e-01 3.794e-05 1.227e-05 9.864e-05 -1.000 2.306e-04 -1.475 0.337 -0.790 -1.467 -1.709 -1.831 -1.874
0.00021956 -1.85000 10.00000 0.8450754285 2.4335265528    0.830  2.534  3.6803  1.496    3  0.000  0.514     6.84     5.43     3.86     2.98     2.41  3 -8.34e-10      0.00 7.489e-01 2.509e-01 3.794e-05 1.227e-05 9.865e-05 -1.000 2.305e-04 -1.565 0.296 -0.865 -1.555 -1.801 -1.925 -1.969
0.00021956 -1.85000 10.00000 0.8451042771 2.4335354464    0.829  2.578  3.6780  1.442    3  0.000  0.514     7.66     5.98     4.23     3.27     2.65  3 -9.84e-10      0.00 7.488e-01 2.509e-01 3.794e-05 1.227e-05 9.865e-05 -1.000 2.306e-04 -1.676 0.254 -0.953 -1.664 -1.915 -2.042 -2.087
0.00021956 -1.85000 10.00000 0.8451299667 2.4335433656    0.828  2.621  3.6758  1.391    3  0.000  0.514     8.55     6.57     4.63     3.58     2.90  3 -1.15e-09      0.00 7.488e-01 2.509e-01 3.794e-05 1.227e-05 9.865e-05 -1.000 2.305e-04 -1.782 0.218 -1.037 -1.768 -2.024 -2.154 -2.200
0.00021956 -1.85000 10.00000 0.8451501131 2.4335495756    0.827  2.656  3.6739  1.347    3  0.000  0.514     9.37     7.10     4.99     3.87     3.13  3 -1.32e-09      0.00 7.488e-01 2.509e-01 3.794e-05 1.227e-05 9.865e-05 -1.000 2.306e-04 -1.871 0.194 -1.104 -1.854 -2.115 -2.248 -2.296
0.00021956 -1.85000 10.00000 0.8451715708 2.4335561894    0.826  2.697  3.6718  1.297    3  0.000  0.514    10.40     7.77     5.43     4.22     3.41  3 -1.53e-09      0.00 7.488e-01 2.509e-01 3.794e-05 1.227e-05 9.865e-05 -1.000 2.306e-04 -1.972 0.169 -1.181 -1.953 -2.219 -2.355 -2.404
0.00021956 -1.85000 10.00000 0.8451887369 2.4335614802    0.824  2.731  3.6699  1.254    3  0.000  0.514    11.38     8.39     5.85     4.54     3.68  3 -1.74e-09      0.00 7.488e-01 2.509e-01 3.794e-05 1.227e-05 9.865e-05 -1.000 2.306e-04 -2.059 0.154 -1.243 -2.037 -2.308 -2.447 -2.497
0.00021956 -1.85000 10.00000 0.8452067971 2.4335670462    0.823  2.770  3.6678  1.207    3  0.000  0.514    12.59     9.14     6.35     4.94     4.00  3 -2.01e-09      0.00 7.488e-01 2.509e-01 3.794e-05 1.227e-05 9.865e-05 -1.000 2.306e-04 -2.155 0.143 -1.311 -2.130 -2.407 -2.549 -2.600
0.00021956 -1.85000 10.00000 0.8452240825 2.4335723732    0.822  2.809  3.6656  1.157    3  0.000  0.514    13.95     9.99     6.91     5.38     4.36  2 -2.33e-09      0.00 7.488e-01 2.509e-01 3.794e-05 1.227e-05 9.865e-05 -1.000 2.306e-04 -2.254 0.137 -1.379 -2.224 -2.508 -2.653 -2.706
0.00021956 -1.85000 10.00000 0.8452402949 2.4335773693    0.820  2.849  3.6633  1.108    3  0.000  0.514    15.48    10.91     7.52     5.86     4.75  2 -2.71e-09      0.00 7.488e-01 2.509e-01 3.794e-05 1.227e-05 9.865e-05 -1.000 2.305e-04 -2.352 0.139 -1.443 -2.318 -2.608 -2.757 -2.812
0.00021956 -1.85000 10.00000 0.8452543616 2.4335817040    0.818  2.885  3.6612  1.063    3  0.000  0.514    17.03    11.84     8.13     6.35     5.14  2  -3.1e-09      0.00 7.488e-01 2.509e-01 3.794e-05 1.227e-05 9.865e-05 -1.000 2.306e-04 -2.443 0.145 -1.500 -2.404 -2.701 -2.853 -2.909
0.00021956 -1.85000 10.00000 0.8452680707 2.4335859284    0.817  2.923  3.6590  1.015    3  0.000  0.514    18.81    12.89     8.82     6.89     5.59  2 -3.58e-09      0.00 7.488e-01 2.509e-01 3.794e-05 1.227e-05 9.865e-05 -1.000 2.306e-04 -2.537 0.161 -1.555 -2.492 -2.796 -2.952 -3.011
0.00021956 -1.85000 10.00000 0.8452800512 2.4335896200    0.815  2.957  3.6569  0.971    3  0.000  0.514    20.64    13.96     9.51     7.44     6.04  2 -4.08e-09      0.00 7.488e-01 2.509e-01 3.794e-05 1.227e-05 9.865e-05 -1.000 2.307e-04 -2.624 0.169 -1.605 -2.570 -2.883 -3.043 -3.103
0.00021956 -1.85000 10.00000 0.8452916145 2.4335931829    0.813  2.993  3.6549  0.926    3  0.000  0.514    22.67    15.12    10.27     8.05     6.53  2 -4.68e-09      0.00 7.488e-01 2.509e-01 3.794e-05 1.227e-05 9.865e-05 -1.000 2.306e-04 -2.713 0.158 -1.660 -2.650 -2.970 -3.134 -3.196
0.00021956 -1.85000 10.00000 0.8453024030 2.4335965069    0.810  3.028  3.6526  0.881    3  0.000  0.514    24.95    16.41    11.10     8.71     7.07  2 -5.35e-09      0.00 7.488e-01 2.509e-01 3.794e-05 1.227e-05 9.865e-05 -1.000 2.305e-04 -2.800 0.156 -1.710 -2.728 -3.056 -3.225 -3.288
0.00021956 -1.85000 10.00000 0.8453118801 2.4335994268    0.808  3.061  3.6507  0.840    3  0.000  0.514    27.21    17.67    11.91     9.36     7.59  1 -6.06e-09      0.00 7.488e-01 2.509e-01 3.794e-05 1.227e-05 9.865e-05 -1.000 2.305e-04 -2.882 0.148 -1.758 -2.800 -3.136 -3.308 -3.373
0.00021956 -1.85000 10.00000 0.8453210592 2.4336022549    0.806  3.094  3.6485  0.797    3  0.000  0.514    29.78    19.08    12.82    10.08     8.18  1 -6.87e-09      0.00 7.488e-01 2.509e-01 3.794e-05 1.227e-05 9.865e-05 -1.000 2.305e-04 -2.964 0.146 -1.805 -2.872 -3.216 -3.393 -3.460
0.00021956 -1.85000 10.00000 0.8453296423 2.4336048992    0.803  3.126  3.6464  0.754    3  0.000  0.514    32.54    20.58    13.77    10.85     8.81  1 -7.79e-09      0.00 7.488e-01 2.509e-01 3.794e-05 1.227e-05 9.865e-05 -1.000 2.305e-04 -3.045 0.144 -1.850 -2.942 -3.294 -3.475 -3.544
0.00021956 -1.85000 10.00000 0.8453375101 2.4336073231    0.801  3.157  3.6445  0.715    3  0.000  0.514    35.37    22.10    14.74    11.63     9.44  1 -8.76e-09      0.00 7.488e-01 2.509e-01 3.794e-05 1.227e-05 9.865e-05 -1.000 2.306e-04 -3.123 0.139 -1.895 -3.010 -3.369 -3.553 -3.624
0.00021956 -1.85000 10.00000 0.8453452587 2.4336097103    0.798  3.189  3.6424  0.672    3  0.000  0.514    38.65    23.83    15.84    12.51    10.16  1 -9.93e-09      0.00 7.488e-01 2.509e-01 3.794e-05 1.227e-05 9.865e-05 -1.000 2.306e-04 -3.203 0.139 -1.938 -3.079 -3.446 -3.635 -3.707
0.00021956 -1.85000 10.00000 0.8453521729 2.4336118403    0.795  3.219  3.6405  0.633    3  0.000  0.514    41.95    25.55    16.93    13.39    10.87  1 -1.11e-08      0.00 7.488e-01 2.509e-01 3.794e-05 1.227e-05 9.865e-05 -1.000 2.306e-04 -3.277 0.139 -1.977 -3.143 -3.518 -3.711 -3.785
0.00021956 -1.85000 10.00000 0.8453589678 2.4336139336    0.791  3.248  3.6386  0.595    3  0.000  0.514    45.47    27.36    18.07    14.31    11.62  1 -1.25e-08      0.00 7.488e-01 2.509e-01 3.794e-05 1.227e-05 9.865e-05 -1.000 2.306e-04 -3.350 0.139 -2.014 -3.204 -3.587 -3.784 -3.860
0.00021956 -1.85000 10.00000 0.8453645706 2.4336156596    0.788  3.271  3.6372  0.565    3  0.000  0.514    48.42    28.86    19.02    15.07    12.24  1 -1.37e-08      0.00 7.488e-01 2.509e-01 3.794e-05 1.227e-05 9.865e-05 -1.000 2.306e-04 -3.407 0.138 -2.041 -3.251 -3.640 -3.841 -3.918
0.00021956 -1.85000 10.00000 0.8453645706 2.4336156596    0.788  1.727  3.7994  2.757    4  0.000  0.529     0.00     0.00     0.00     0.00     0.00 -1    -1e-30      0.00 7.523e-01 2.475e-01 3.902e-05 1.115e-05 9.842e-05 -1.000 2.306e-04 0.452 1.176 0.621 0.415 0.379 0.383 0.394
0.00021956 -1.85000 10.00000 0.8454212546 2.4336331200    0.788  1.748  3.7903  2.699    4  0.000  0.529     0.00     0.00     0.00     0.00     0.00 -1    -1e-30      0.00 7.523e-01 2.475e-01 3.902e-05 1.115e-05 9.842e-05 -1.000 2.306e-04 0.399 1.168 0.599 0.360 0.308 0.304 0.312
0.00021956 -1.85000 10.00000 0.8454763889 2.4336501005    0.789  1.750  3.7903  2.697    4  0.000  0.529     0.00     0.00     0.00     0.00     0.00 -1    -1e-30      0.00 7.523e-01 2.475e-01 3.902e-05 1.115e-05 9.842e-05 -1.000 2.305e-04 0.394 1.163 0.593 0.355 0.303 0.299 0.306
0.00021956 -1.85000 10.00000 0.8455334306 2.4336676658    0.789  1.751  3.7909  2.699    4  0.000  0.529     0.00     0.00     0.00     0.00     0.00 -1    -1e-30      0.00 7.522e-01 2.475e-01 3.902e-05 1.115e-05 9.842e-05 -1.000 2.305e-04 0.392 1.157 0.589 0.353 0.302 0.299 0.306
0.00021956 -1.85000 10.00000 0.8455899954 2.4336850815    0.789  1.752  3.7919  2.703    4  0.000  0.529     0.00     0.00     0.00     0.00     0.00 -1    -1e-30      0.00 7.522e-01 2.475e-01 3.902e-05 1.115e-05 9.842e-05 -1.000 2.306e-04 0.390 1.151 0.584 0.351 0.303 0.300 0.308
0.00021956 -1.85000 10.00000 0.8456469774 2.4337026230    0.789  1.752  3.7932  2.708    4  0.000  0.529     0.00     0.00     0.00     0.00     0.00 -1    -1e-30      0.00 7.522e-01 2.475e-01 3.902e-05 1.115e-05 9.843e-05 -1.000 2.306e-04 0.390 1.144 0.579 0.351 0.304 0.303 0.311
0.00021956 -1.85000 10.00000 0.8457047939 2.4337204186    0.789  1.752  3.7948  2.714    4  0.000  0.529     0.00     0.00     0.00     0.00     0.00 -1    -1e-30      0.00 7.522e-01 2.475e-01 3.902e-05 1.115e-05 9.843e-05 -1.000 2.306e-04 0.389 1.136 0.573 0.351 0.307 0.307 0.316
0.00021956 -1.85000 10.00000 0.8457620144 2.4337380280    0.789  1.752  3.7966  2.721    4  0.000  0.529     0.00     0.00     0.00     0.00     0.00 -1    -1e-30      0.00 7.522e-01 2.475e-01 3.902e-05 1.115e-05 9.843e-05 -1.000 2.306e-04 0.390 1.127 0.567 0.352 0.311 0.313 0.322
0.00021956 -1.85000 10.00000 0.8458204865 2.4337560198    0.789  1.752  3.7985  2.729    4  0.000  0.529     0.00     0.00     0.00     0.00     0.00 -1    -1e-30      0.00 7.522e-01 2.475e-01 3.902e-05 1.115e-05 9.843e-05 -1.000 2.307e-04 0.391 1.118 0.561 0.353 0.316 0.319 0.329
0.00021956 -1.85000 10.00000 0.8458780050 2.4337737153    0.789  1.751  3.8004  2.737    4  0.000  0.529     0.00     0.00     0.00     0.00     0.00 -1    -1e-30      0.00 7.522e-01 2.475e-01 3.902e-05 1.115e-05 9.843e-05 -1.000 2.305e-04 0.391 1.110 0.556 0.354 0.320 0.325 0.335
0.00021956 -1.85000 10.00000 0.8459313512 2.4337901247    0.789  1.751  3.8019  2.744    4  0.000  0.529     0.00     0.00     0.00     0.00     0.00 -1    -1e-30      0.00 7.522e-01 2.476e-01 3.902e-05 1.115e-05 9.843e-05 -1.000 2.306e-04 0.392 1.103 0.551 0.355 0.324 0.330 0.341
0.00021956 -1.85000 10.00000 0.8459911346 2.4338085115    0.789  1.751  3.8035  2.750    4  0.000  0.529     0.00     0.00     0.00     0.00     0.00 -1    -1e-30      0.00 7.522e-01 2.476e-01 3.902e-05 1.115e-05 9.843e-05 -1.000 2.307e-04 0.392 1.096 0.546 0.356 0.327 0.334 0.346
0.00021956 -1.85000 10.00000 0.8460505009 2.4338267669    0.789  1.751  3.8047  2.755    4  0.000  0.529     0.00     0.00     0.00     0.00     0.00 -1    -1e-30      0.00 7.522e-01 2.476e-01 3.902e-05 1.115e-05 9.843e-05 -1.000 2.306e-04 0.392 1.090 0.542 0.356 0.330 0.338 0.350
0.00021956 -1.85000 10.00000 0.8461081386 2.4338444880    0.789  1.751  3.8054  2.758    4  0.000  0.529     0.00     0.00     0.00     0.00     0.00 -1    -1e-30      0.00 7.522e-01 2.476e-01 3.902e-05 1.115e-05 9.843e-05 -1.000 2.306e-04 0.392 1.087 0.539 0.356 0.331 0.339 0.352
0.00021956 -1.85000 10.00000 0.8461660743 2.4338622980    0.789  1.752  3.8058  2.759    4  0.000  0.529     0.00     0.00     0.00     0.00     0.00 -1    -1e-30      0.00 7.522e-01 2.476e-01 3.902e-05 1.115e-05 9.843e-05 -1.000 2.305e-04 0.391 1.084 0.537 0.355 0.331 0.340 0.352
0.00021956 -1.85000 10.00000 0.8461725116 2.4338642767    0.789  1.752  3.8058  2.759    4  0.000  0.529     0.00     0.00     0.00     0.00     0.00 -1    -1e-30      0.00 7.522e-01 2.476e-01 3.902e-05 1.115e-05 9.843e-05 -1.000 2.305e-04 0.391 1.084 0.537 0.355 0.331 0.340 0.352
0.00021956 -1.85000 10.00000 0.8462262154 2.4338807829    0.789  1.752  3.8054  2.756    4  0.000  0.529     0.00     0.00     0.00     0.00     0.00 -1    -1e-30      0.00 7.522e-01 2.476e-01 3.902e-05 1.115e-05 9.843e-05 -1.000 2.306e-04 0.389 1.084 0.536 0.353 0.328 0.336 0.349
0.00021956 -1.85000 10.00000 0.8462845683 2.4338987153    0.789  1.753  3.8045  2.752    4  0.000  0.529     0.00     0.00     0.00     0.00     0.00 -1    -1e-30      0.00 7.522e-01 2.476e-01 3.902e-05 1.115e-05 9.844e-05 -1.000 2.306e-04 0.386 1.086 0.537 0.350 0.324 0.331 0.343
0.00021956 -1.85000 10.00000 0.8463416696 2.4339162603    0.789  1.755  3.8030  2.744    4  0.000  0.529     0.00     0.00     0.00     0.00     0.00 -1    -1e-30      0.00 7.522e-01 2.476e-01 3.902e-05 1.115e-05 9.844e-05 -1.000 2.307e-04 0.383 1.089 0.539 0.346 0.317 0.324 0.335
0.00021956 -1.85000 10.00000 0.8463960290 2.4339329604    0.790  1.756  3.8010  2.735    4  0.000  0.529     0.00     0.00     0.00     0.00     0.00 -1    -1e-30      0.00 7.522e-01 2.476e-01 3.902e-05 1.115e-05 9.844e-05 -1.000 2.305e-04 0.379 1.095 0.541 0.342 0.309 0.314 0.325
0.00021956 -1.85000 10.00000 0.8464521766 2.4339502072    0.790  1.758  3.7984  2.723    4  0.000  0.529     0.00     0.00     0.00     0.00     0.00 -1    -1e-30      0.00 7.522e-01 2.476e-01 3.902e-05 1.116e-05 9.844e-05 -1.000 2.306e-04 0.374 1.102 0.545 0.336 0.299 0.302 0.312
0.00021956 -1.85000 10.00000 0.8465119004 2.4339685496    0.790  1.761  3.7950  2.707    4  0.000  0.529     0.00     0.00     0.00     0.00     0.00 -1    -1e-30      0.00 7.522e-01 2.476e-01 3.902e-05 1.116e-05 9.844e-05 -1.000 2.306e-04 0.368 1.113 0.551 0.329 0.286 0.286 0.295
0.00021956 -1.85000 10.00000 0.8465679288 2.4339857543    0.790  1.763  3.7914  2.690    4  0.000  0.529     0.00     0.00     0.00     0.00     0.00 -1    -1e-30      0.00 7.522e-01 2.476e-01 3.902e-05 1.116e-05 9.844e-05 -1.000 2.306e-04 0.361 1.124 0.556 0.322 0.272 0.270 0.277
0.00021956 -1.85000 10.00000 0.8465939760 2.4339937518    0.790  1.765  3.7897  2.681    4  0.000  0.529     0.00     0.00     0.00     0.00     0.00 -1    -1e-30      0.00 7.522e-01 2.476e-01 3.902e-05 1.116e-05 9.844e-05 -1.000 2.306e-04 0.358 1.130 0.559 0.318 0.266 0.261 0.268
0.00021956 -1.85000 10.00000 0.8466468453 2.4340099830    0.790  1.768  3.7860  2.663    4  0.000  0.529     0.00     0.00     0.00     0.00     0.00 -1    -1e-30      0.00 7.522e-01 2.476e-01 3.902e-05 1.116e-05 9.844e-05 -1.000 2.306e-04 0.350 1.141 0.564 0.310 0.251 0.243 0.249
0.00021956 -1.85000 10.00000 0.8467028141 2.4340271631    0.790  1.772  3.7821  2.644    4  0.000  0.529     0.00     0.00     0.00     0.00     0.00 -1    -1e-30      0.00 7.522e-01 2.476e-01 3.902e-05 1.116e-05 9.844e-05 -1.000 2.306e-04 0.341 1.153 0.569 0.301 0.235 0.224 0.228
0.00021956 -1.85000 10.00000 0.8467581272 2.4340441395    0.790  1.775  3.7785  2.626    4  0.000  0.529     0.00     0.00     0.00     0.00     0.00 -1    -1e-30      0.00 7.522e-01 2.476e-01 3.902e-05 1.116e-05 9.844e-05 -1.000 2.306e-04 0.331 1.163 0.572 0.291 0.219 0.205 0.207
0.00021956 -1.85000 10.00000 0.8468146920 2.4340614973    0.790  1.780  3.7748  2.607    4  0.000  0.529     0.00     0.00     0.00     0.00     0.00 -1    -1e-30      0.00 7.522e-01 2.476e-01 3.902e-05 1.116e-05 9.844e-05 -1.000 2.306e-04 0.320 1.174 0.574 0.280 0.201 0.183 0.185
0.00021956 -1.85000 10.00000 0.8468686938 2.4340780662    0.790  1.784  3.7717  2.590    4  0.000  0.529     0.00     0.00     0.00     0.00     0.00 -1    -1e-30      0.00 7.521e-01 2.476e-01 3.902e-05 1.116e-05 9.844e-05 -1.000 2.306e-04 0.309 1.182 0.573 0.269 0.185 0.164 0.164
0.00021956 -1.85000 10.00000 0.8469225764 2.4340945961    0.790  1.789  3.7692  2.576    4  0.000  0.529     0.00     0.00     0.00     0.00     0.00 -1    -1e-30      0.00 7.521e-01 2.476e-01 3.902e-05 1.116e-05 9.845e-05 -1.000 2.306e-04 0.298 1.186 0.571 0.258 0.169 0.146 0.145
0.00021956 -1.85000 10.00000 0.8469758630 2.4341109407    0.790  1.795  3.7664  2.559    4  0.000  0.529     0.00     0.00     0.00     0.00     0.00 -1    -1e-30      0.00 7.521e-01 2.476e-01 3.902e-05 1.116e-05 9.845e-05 -1.000 2.306e-04 0.283 1.190 0.567 0.243 0.150 0.124 0.122
0.00021956 -1.85000 10.00000 0.8470298052 2.4341274840    0.790  1.801  3.7634  2.540    4  0.000  0.529     0.00     0.00     0.00     0.00     0.00 -1    -1e-30      0.00 7.521e-01 2.476e-01 3.902e-05 1.116e-05 9.845e-05 -1.000 2.305e-04 0.266 1.191 0.561 0.227 0.128 0.099 0.096
0.00021956 -1.85000 10.00000 0.8470835090 2.4341439519    0.790  1.809  3.7606  2.521    4  0.000  0.529     0.00     0.00     0.00     0.00     0.00 -1    -1e-30      0.00 7.521e-01 2.476e-01 3.902e-05 1.116e-05 9.845e-05 -1.000 2.306e-04 0.248 1.190 0.553 0.208 0.105 0.073 0.069
0.00021956 -1.85000 10.00000 0.8471186757 2.4341547341    0.790  1.807  3.7616  2.527    4  0.000  0.529     0.00     0.00     0.00     0.00     0.00 -1    -1e-30      0.00 7.521e-01 2.476e-01 3.902e-05 1.116e-05 9.845e-05 -1.000 2.306e-04 0.252 1.189 0.554 0.213 0.111 0.080 0.076
0.00021956 -1.85000 10.00000 0.8471715450 2.4341709422    0.790  1.820  3.7572  2.497    4  0.000  0.529     0.00     0.00     0.00     0.00     0.00 -1    -1e-30      0.00 7.521e-01 2.476e-01 3.902e-05 1.116e-05 9.845e-05 -1.000 2.306e-04 0.221 1.187 0.540 0.182 0.073 0.038 0.032
0.00021956 -1.85000 10.00000 0.8472262025 2.4341876960    0.790  1.836  3.7525  2.462    4  0.000  0.529     0.00     0.00     0.00     0.00     0.00 -1    -1e-30      0.00 7.521e-01 2.476e-01 3.902e-05 1.116e-05 9.845e-05 -1.000 2.306e-04 0.180 1.178 0.516 0.142 0.024 -0.016 -0.023
0.00021956 -1.85000 10.00000 0.8472796679 2.4342040819    0.790  1.863  3.7464  2.411    4  0.000  0.529     0.00     0.00     0.00     0.00     0.00 -1    -1e-30      0.00 7.521e-01 2.477e-01 3.902e-05 1.116e-05 9.845e-05 -1.000 2.305e-04 0.113 1.156 0.472 0.076 -0.052 -0.098 -0.108
0.00021956 -1.85000 10.00000 0.8473119736 2.4342139818    0.791  1.894  3.7403  2.355    4  0.000  0.529     0.00     0.00     0.00     0.00     0.00 -1    -1e-30      0.00 7.521e-01 2.477e-01 3.902e-05 1.116e-05 9.845e-05 -1.000 2.306e-04 0.036 1.125 0.419 0.000 -0.138 -0.190 -0.203
0.00021956 -1.85000 10.00000 0.8473281264 2.4342189314    0.791  1.927  3.7345  2.299    4  0.000  0.529     0.00     0.00     0.00     0.00     0.00 -1    -1e-30      0.00 7.521e-01 2.477e-01 3.902e-05 1.116e-05 9.845e-05 -1.000 2.306e-04 -0.048 1.091 0.358 -0.082 -0.230 -0.289 -0.304
0.00021956 -1.85000 10.00000 0.8473350406 2.4342210500    0.791  1.960  3.7295  2.246    4  0.000  0.529     0.00     0.00     0.00     0.00     0.00 -1    -1e-30      0.00 7.521e-01 2.477e-01 3.902e-05 1.116e-05 9.845e-05 -1.000 2.306e-04 -0.131 1.052 0.295 -0.164 -0.320 -0.384 -0.402
0.00021956 -1.85000 10.00000 0.8473381996 2.4342220179    0.791  1.994  3.7252  2.195    4  0.000  0.529     0.00     0.00     0.00     0.00     0.00 -1    -1e-30      0.00 7.521e-01 2.477e-01 3.902e-05 1.116e-05 9.845e-05 -1.000 2.306e-04 -0.215 1.009 0.229 -0.246 -0.410 -0.479 -0.499
0.00021956 -1.85000 10.00000 0.8473398089 2.4342225110    0.791  2.026  3.7217  2.148    4  0.000  0.529     0.00     0.00     0.00     0.00     0.00 -1    -1e-30      0.00 7.521e-01 2.477e-01 3.902e-05 1.116e-05 9.845e-05 -1.000 2.306e-04 -0.296 0.963 0.164 -0.326 -0.495 -0.568 -0.590
0.00021956 -1.85000 10.00000 0.8473398685 2.4342225293    0.791  2.029  3.7214  2.145    4  0.000  0.529     0.00     0.00     0.00     0.00     0.00 -1    -1e-30      0.00 7.521e-01 2.477e-01 3.902e-05 1.116e-05 9.845e-05 -1.000 2.306e-04 -0.302 0.959 0.159 -0.332 -0.502 -0.575 -0.596
0.00021956 -1.85000 10.00000 0.8473399282 2.4342225476    0.791  2.029  3.7214  2.144    7  0.000  0.529     0.00     0.00     0.00     0.00     0.00 -1    -1e-30      0.00 7.521e-01 2.477e-01 3.902e-05 1.116e-05 9.845e-05 -1.000 2.306e-04 -0.303 0.958 0.158 -0.333 -0.503 -0.576 -0.597
0.00021956 -1.85000 10.00000 0.8473405838 2.4342227485    0.791  2.052  3.7194  2.114    7  0.000  0.529     0.00     0.00     0.00     0.00     0.00 -1    -1e-30      0.00 7.521e-01 2.477e-01 3.902e-05 1.116e-05 9.845e-05 -1.000 2.306e-04 -0.360 0.921 0.110 -0.388 -0.562 -0.637 -0.660
0.00021956 -1.85000 10.00000 0.8473417759 2.4342231137    0.791  2.096  3.7158  2.055    7  0.000  0.529     0.00     0.00     0.00     0.00     0.00 -1    -1e-30      0.00 7.521e-01 2.477e-01 3.902e-05 1.116e-05 9.845e-05 -1.000 2.306e-04 -0.470 0.849 0.016 -0.497 -0.677 -0.756 -0.781
0.00021956 -1.85000 10.00000 0.8473427892 2.4342234242    0.791  2.133  3.7131  2.008    7  0.000  0.529     0.00     0.00     0.00     0.00     0.00 -1    -1e-30      0.00 7.521e-01 2.477e-01 3.902e-05 1.116e-05 9.845e-05 -1.000 2.306e-04 -0.562 0.787 -0.063 -0.587 -0.772 -0.854 -0.880
0.00021956 -1.85000 10.00000 0.8473438621 2.4342237529    0.791  2.166  3.7108  1.965    7  0.000  0.529     0.00     0.00     0.00     0.00     0.00 -1    -1e-30      0.00 7.521e-01 2.477e-01 3.902e-05 1.116e-05 9.845e-05 -1.000 2.306e-04 -0.646 0.731 -0.135 -0.669 -0.858 -0.944 -0.970
0.00021956 -1.85000 10.00000 0.8473463058 2.4342245017    0.791  2.177  3.7102  1.952    7  0.000  0.529     0.00     0.00     0.00     0.00     0.00 -1    -1e-30      0.00 7.521e-01 2.477e-01 3.902e-05 1.116e-05 9.845e-05 -1.000 2.305e-04 -0.673 0.711 -0.160 -0.696 -0.886 -0.972 -0.999
0.00021956 -1.85000 10.00000 0.8473482728 2.4342251044    0.791  2.163  3.7113  1.970    7  0.000  0.529     0.00     0.00     0.00     0.00     0.00 -1    -1e-30      0.00 7.521e-01 2.477e-01 3.902e-05 1.116e-05 9.845e-05 -1.000 2.305e-04 -0.638 0.732 -0.131 -0.662 -0.850 -0.935 -0.962
0.00021956 -1.85000 10.00000 0.8473560214 2.4342274785    0.791  2.148  3.7123  1.989    7  0.000  0.529     0.00     0.00     0.00     0.00     0.00 -1    -1e-30      0.00 7.521e-01 2.477e-01 3.902e-05 1.116e-05 9.845e-05 -1.000 2.305e-04 -0.600 0.759 -0.097 -0.624 -0.810 -0.894 -0.920
0.00021956 -1.85000 10.00000 0.8473889232 2.4342375589    0.791  2.174  3.7101  1.954    7  0.000  0.529     0.00     0.00     0.00     0.00     0.00 -1    -1e-30      0.00 7.521e-01 2.477e-01 3.902e-05 1.116e-05 9.845e-05 -1.000 2.305e-04 -0.665 0.720 -0.151 -0.688 -0.878 -0.965 -0.992
0.00021956 -1.85000 10.00000 0.8474088311 2.4342436579    0.791  2.217  3.7071  1.900    7  0.000  0.529     0.00     0.00     0.00     0.00     0.00 -1    -1e-30      0.00 7.521e-01 2.477e-01 3.902e-05 1.116e-05 9.845e-05 -1.000 2.306e-04 -0.772 0.653 -0.242 -0.793 -0.988 -1.078 -1.107
0.00021956 -1.85000 10.00000 0.8474243879 2.4342484236    0.791  2.255  3.7045  1.851    7  0.000  0.529     0.00     0.00     0.00     0.00     0.00 -1    -1e-30      0.00 7.521e-01 2.477e-01 3.902e-05 1.116e-05 9.845e-05 -1.000 2.306e-04 -0.867 0.591 -0.324 -0.886 -1.086 -1.179 -1.210
0.00021956 -1.85000 10.00000 0.8474425077 2.4342539742    0.791  2.300  3.7016  1.795    7  0.000  0.529     0.00     0.00     0.00     0.00     0.00 -1    -1e-30      0.00 7.521e-01 2.477e-01 3.902e-05 1.116e-05 9.845e-05 -1.000 2.306e-04 -0.979 0.518 -0.420 -0.996 -1.201 -1.298 -1.330
0.00021956 -1.85000 10.00000 0.8474599719 2.4342593237    0.791  2.342  3.6990  1.741    7  0.000  0.529     0.00     0.00     0.00     0.00     0.00 -1    -1e-30      0.00 7.521e-01 2.477e-01 3.901e-05 1.116e-05 9.845e-05 -1.000 2.305e-04 -1.086 0.449 -0.511 -1.100 -1.310 -1.410 -1.444
0.00021956 -1.85000 10.00000 0.8474755883 2.4342641070    0.791  2.384  3.6964  1.690    7  0.000  0.529     0.00     0.00     0.00     0.00     0.00 -1    -1e-30      0.00 7.521e-01 2.477e-01 3.901e-05 1.116e-05 9.845e-05 -1.000 2.306e-04 -1.190 0.382 -0.600 -1.201 -1.416 -1.519 -1.554
0.00021956 -1.85000 10.00000 0.8474894762 2.4342683607    0.791  2.425  3.6939  1.638    7  0.000  0.528     0.00     0.00     0.00     0.00     0.00 -1    -1e-30      0.00 7.521e-01 2.477e-01 3.897e-05 1.118e-05 9.846e-05 -1.000 2.306e-04 -1.293 0.317 -0.688 -1.301 -1.521 -1.627 -1.663
0.00021956 -1.85000 10.00000 0.8475019336 2.4342721761    0.791  2.466  3.6914  1.588    7  0.000  0.526     0.00     0.00     0.00     0.00     0.00 -1    -1e-30      0.00 7.520e-01 2.477e-01 3.884e-05 1.125e-05 9.847e-05 -1.000 2.306e-04 -1.395 0.252 -0.775 -1.399 -1.624 -1.734 -1.772
0.00021956 -1.85000 10.00000 0.8475131989 2.4342756262    0.791  2.507  3.6890  1.537    7  0.000  0.521     6.17     4.98     3.55     2.74     2.22  3    -1e-30      0.00 7.519e-01 2.478e-01 3.848e-05 1.156e-05 9.848e-05 -1.000 2.305e-04 -1.497 0.188 -0.861 -1.498 -1.728 -1.841 -1.880
0.00021956 -1.85000 10.00000 0.8475233316 2.4342787295    0.791  2.548  3.6866  1.487    7  0.000  0.511     6.87     5.45     3.87     2.99     2.42  3    -1e-30      0.00 7.518e-01 2.479e-01 3.779e-05 1.228e-05 9.850e-05 -1.000 2.306e-04 -1.599 0.127 -0.946 -1.595 -1.830 -1.946 -1.987
0.00021956 -1.85000 10.00000 0.8475325108 2.4342815406    0.791  2.588  3.6841  1.437    7  0.000  0.498     7.63     5.97     4.22     3.27     2.64  3    -1e-30      0.00 7.517e-01 2.481e-01 3.691e-05 1.333e-05 9.852e-05 -1.000 2.248e-04 -1.700 0.081 -1.028 -1.694 -1.933 -2.053 -2.095
0.00021956 -1.85000 10.00000 0.8475409746 2.4342841326    0.791  2.628  3.6817  1.387    7  0.000  0.487     8.48     6.53     4.60     3.57     2.89  3    -1e-30      0.00 7.515e-01 2.483e-01 3.605e-05 1.438e-05 9.853e-05 -1.000 2.103e-04 -1.800 0.047 -1.107 -1.792 -2.037 -2.159 -2.203
0.00021956 -1.85000 10.00000 0.8475489020 2.4342865602    0.791  2.668  3.6792  1.337    7  0.000  0.476     9.42     7.14     5.01     3.89     3.15  3    -1e-30      0.00 7.514e-01 2.484e-01 3.530e-05 1.531e-05 9.855e-05 -1.000 2.118e-04 -1.899 0.020 -1.183 -1.890 -2.140 -2.266 -2.310
0.00021956 -1.85000 10.00000 0.8475564122 2.4342888601    0.791  2.708  3.6767  1.288    7  0.000  0.467    10.47     7.82     5.46     4.25     3.44  3    -1e-30      0.00 7.512e-01 2.486e-01 3.463e-05 1.613e-05 9.856e-05 -1.000 2.262e-04 -1.999 0.000 -1.257 -1.987 -2.243 -2.372 -2.418
0.00021956 -1.85000 10.00000 0.8475636840 2.4342910868    0.791  2.747  3.6743  1.238    7  0.000  0.459    11.63     8.55     5.95     4.63     3.75  3    -1e-30      0.00 7.511e-01 2.487e-01 3.406e-05 1.684e-05 9.856e-05 -1.000 1.955e-04 -2.098 -0.014 -1.328 -2.083 -2.345 -2.477 -2.525
0.00021956 -1.85000 10.00000 0.8475707173 2.4342932406    0.791  2.787  3.6717  1.187    7  0.000  0.453    12.95     9.37     6.49     5.06     4.10  2    -1e-30      0.00 7.509e-01 2.489e-01 3.356e-05 1.746e-05 9.855e-05 -1.000 1.788e-04 -2.199 -0.021 -1.398 -2.181 -2.449 -2.585 -2.635
0.00021956 -1.85000 10.00000 0.8475771546 2.4342952117    0.791  2.828  3.6691  1.136    7  0.000  0.447    14.42    10.27     7.09     5.53     4.48  2    -1e-30      0.00 7.507e-01 2.491e-01 3.312e-05 1.801e-05 9.853e-05 -1.000 2.298e-04 -2.300 -0.021 -1.466 -2.278 -2.554 -2.694 -2.745
0.00021956 -1.85000 10.00000 0.8475831151 2.4342970369    0.791  2.871  3.6663  1.082    7  0.000  0.442    16.17    11.33     7.78     6.08     4.93  2    -1e-30      0.00 7.505e-01 2.493e-01 3.271e-05 1.852e-05 9.846e-05 -1.000 2.305e-04 -2.407 -0.013 -1.533 -2.380 -2.663 -2.808 -2.861
0.00021956 -1.85000 10.00000 0.8475883603 2.4342986430    0.791  2.915  3.6634  1.026    7  0.000  0.437    18.21    12.53     8.58     6.71     5.44  2    -1e-30      0.00 7.503e-01 2.495e-01 3.236e-05 1.898e-05 9.835e-05 -1.000 2.306e-04 -2.518 0.008 -1.599 -2.484 -2.777 -2.926 -2.981
0.00021956 -1.85000 10.00000 0.8475923538 2.4342998658    0.791  2.956  3.6606  0.974    7  0.000  0.434    20.33    13.77     9.38     7.35     5.96  2    -1e-30      0.00 7.501e-01 2.497e-01 3.209e-05 1.938e-05 9.822e-05 -1.000 2.306e-04 -2.621 0.040 -1.654 -2.580 -2.882 -3.036 -3.093
0.00021956 -1.85000 10.00000 0.8475957513 2.4343009061    0.791  2.993  3.6581  0.927    7  0.000  0.432    22.46    14.99    10.17     7.98     6.47  2    -1e-30      0.00 7.500e-01 2.498e-01 3.187e-05 1.972e-05 9.806e-05 -1.000 2.306e-04 -2.713 0.081 -1.697 -2.664 -2.976 -3.134 -3.193
0.00021956 -1.85000 10.00000 0.8475991488 2.4343019463    0.791  3.031  3.6555  0.879    7  0.000  0.430    24.91    16.37    11.07     8.69     7.05  1    -1e-30      0.00 7.498e-01 2.500e-01 3.170e-05 2.004e-05 9.789e-05 -1.000 2.306e-04 -2.808 0.083 -1.750 -2.748 -3.069 -3.233 -3.294
0.00021956 -1.85000 10.00000 0.8476021290 2.4343028589    0.791  3.085  3.6517  0.810    7  0.000  0.429    28.81    18.54    12.46     9.81     7.96  1    -1e-30      0.00 7.497e-01 2.501e-01 3.157e-05 2.033e-05 9.771e-05 -1.000 2.305e-04 -2.942 0.087 -1.822 -2.864 -3.199 -3.370 -3.435
0.00021956 -1.85000 10.00000 0.8476049304 2.4343037166    0.791  3.195  3.6435  0.667    7  0.000  0.428    38.97    23.99    15.94    12.59    10.22  1    -1e-30      0.00 7.490e-01 2.508e-01 3.111e-05 2.183e-05 9.665e-05 -1.000 2.297e-04 -3.217 0.102 -1.964 -3.098 -3.463 -3.650 -3.721
0.00021956 -1.85000 10.00000 0.8476051092 2.4343037714    0.791  3.206  3.6427  0.653    7  0.000  0.428    40.20    24.63    16.34    12.92    10.49  1    -1e-30      0.00 7.490e-01 2.508e-01 3.109e-05 2.189e-05 9.660e-05 -1.000 2.295e-04 -3.245 0.106 -1.977 -3.122 -3.489 -3.678 -3.750
0.00021956 -1.85000 10.00000 0.8476053476 2.4343038444    0.791  3.223  3.6414  0.631    7  0.000  0.427    42.11    25.62    16.98    13.42    10.90  1    -1e-30      0.00 7.489e-01 2.509e-01 3.096e-05 2.223e-05 9.638e-05 -1.000 2.296e-04 -3.287 0.111 -1.997 -3.156 -3.529 -3.721 -3.794
0.00021956 -1.85000 10.00000 0.8476055861 2.4343039174    0.791  3.248  3.6394  0.597    7  0.000  0.427    45.20    27.22    17.98    14.23    11.56  1    -1e-30      0.00 7.487e-01 2.511e-01 3.082e-05 2.265e-05 9.608e-05 -1.000 2.299e-04 -3.351 0.118 -2.026 -3.209 -3.589 -3.785 -3.860
0.00021956 -1.85000 10.00000 0.8476061821 2.4343040999    0.791  3.292  3.6361  0.541    7  0.000  0.426    50.95    30.15    19.83    15.72    12.77  1    -1e-30      0.00 7.485e-01 2.513e-01 3.065e-05 2.323e-05 9.567e-05 -1.000 2.304e-04 -3.459 0.129 -2.072 -3.296 -3.690 -3.893 -3.971
0.00021956 -1.85000 10.00000 0.8476063013 2.4343041364    0.791  3.303  3.6353  0.526    7  0.540  0.426    52.57    30.96    20.34    16.13    13.10  1    -1e-30      0.00 7.484e-01 2.513e-01 3.060e-05 2.337e-05 9.556e-05 -1.000 2.305e-04 -3.488 0.131 -2.084 -3.319 -3.717 -3.921 -4.000
0.00021956 -1.85000 10.00000 0.8476064205 2.4343041729    0.791  3.308  3.6349  0.519    7  0.528  0.426    53.33    31.35    20.58    16.32    13.26  1    -1e-30      0.00 7.484e-01 2.514e-01 3.058e-05 2.346e-05 9.549e-05 -1.000 2.306e-04 -3.501 0.133 -2.089 -3.330 -3.729 -3.934 -4.014
0.00021956 -1.85000 10.00000 0.8476064801 2.4343041911    0.791  3.319  3.6308  0.492    8  0.528  0.436    56.52    32.94    21.58    17.13    13.91  1 -5.13e-07      0.00 7.473e-01 2.525e-01 3.107e-05 2.470e-05 9.648e-05 -1.000 1.787e-04 -3.528 0.221 -2.052 -3.332 -3.745 -3.959 -4.042
0.00021956 -1.85000 10.00000 0.8476065397 2.4343042094    0.789  3.119  3.6460  0.752    8  0.528  0.429    32.54    20.56    13.76    10.84     8.80  1 -2.23e-07      0.00 7.473e-01 2.525e-01 3.107e-05 2.470e-05 9.648e-05 -1.000 1.787e-04 -3.027 0.174 -1.826 -2.922 -3.275 -3.456 -3.525
0.00021956 -1.85000 10.00000 0.8476066589 2.4343042459    0.786  2.971  3.6572  0.943    8  0.528  0.429    21.69    14.55     9.89     7.75     6.29  2 -1.27e-07      0.00 7.473e-01 2.525e-01 3.107e-05 2.470e-05 9.648e-05 -1.000 1.787e-04 -2.658 0.149 -1.634 -2.605 -2.918 -3.078 -3.138
0.00021956 -1.85000 10.00000 0.8476068974 2.4343043189    0.781  2.760  3.6731  1.215    8  0.528  0.429    12.16     8.88     6.17     4.81     3.89  3 -6.14e-08      0.00 7.473e-01 2.525e-01 3.107e-05 2.470e-05 9.648e-05 -1.000 1.787e-04 -2.129 -0.002 -1.345 -2.113 -2.377 -2.512 -2.560
0.00021956 -1.85000 10.00000 0.8476071954 2.4343044101    0.773  2.765  3.6724  1.203    8  0.528  0.429    12.44     9.06     6.28     4.90     3.97  2 -6.32e-08      0.00 7.473e-01 2.525e-01 3.107e-05 2.470e-05 9.648e-05 -1.000 1.787e-04 -2.142 0.008 -1.351 -2.125 -2.392 -2.527 -2.576
0.00021956 -1.85000 10.00000 0.8476076126 2.4343045379    0.763  2.851  3.6656  1.084    8  0.529  0.429    15.96    11.19     7.69     6.02     4.87  2 -8.59e-08      0.00 7.473e-01 2.525e-01 3.107e-05 2.470e-05 9.648e-05 -1.000 1.787e-04 -2.358 0.064 -1.474 -2.328 -2.614 -2.759 -2.813
0.00021956 -1.85000 10.00000 0.8476080894 2.4343046839    0.752  3.028  3.6517  0.846    8  0.529  0.429    26.38    17.16    11.56     9.11     7.38  1 -1.68e-07      0.00 7.473e-01 2.525e-01 3.107e-05 2.470e-05 9.648e-05 -1.000 1.788e-04 -2.799 0.202 -1.689 -2.722 -3.055 -3.225 -3.289
0.00021956 -1.85000 10.00000 0.8476086855 2.4343048664    0.738  3.186  3.6393  0.630    8  0.529  0.429    41.58    25.23    16.70    13.24    10.74  1 -3.26e-07      0.00 7.473e-01 2.525e-01 3.107e-05 2.470e-05 9.648e-05 -1.000 1.787e-04 -3.194 0.252 -1.878 -3.053 -3.431 -3.627 -3.702
0.00021956 -1.85000 10.00000 0.8476093411 2.4343050671    0.723  3.291  3.6308  0.481    8  0.530  0.429    56.82    32.83    21.46    17.09    13.88  1 -5.29e-07      0.00 7.473e-01 2.525e-01 3.107e-05 2.470e-05 9.648e-05 -1.000 1.787e-04 -3.458 0.300 -1.977 -3.261 -3.675 -3.890 -3.973
0.00021956 -1.85000 10.00000 0.8476101160 2.4343053044    0.707  3.349  3.6258  0.393    8  0.530  0.429    68.26    38.26    24.83    19.83    16.11  1 -7.13e-07      0.00 7.473e-01 2.525e-01 3.107e-05 2.470e-05 9.648e-05 -1.000 1.786e-04 -3.603 0.330 -2.011 -3.366 -3.806 -4.033 -4.121
0.00021956 -1.85000 10.00000 0.8476109505 2.4343055599    0.689  3.378  3.6230  0.342    8  0.531  0.429    75.85    41.71    26.95    21.57    17.52  1 -8.52e-07      0.00 7.473e-01 2.525e-01 3.107e-05 2.470e-05 9.648e-05 -1.000 1.787e-04 -3.676 0.356 -2.017 -3.415 -3.869 -4.105 -4.196
0.00021956 -1.85000 10.00000 0.8476118445 2.4343058336    0.670  3.396  3.6211  0.304    8  0.531  0.429    81.81    44.31    28.53    22.89    18.58  1 -9.72e-07      0.00 7.473e-01 2.525e-01 3.107e-05 2.470e-05 9.648e-05 -1.000 1.787e-04 -3.720 0.381 -2.012 -3.441 -3.906 -4.147 -4.240
0.00021956 -1.85000 10.00000 0.8476163149 2.4343072023    0.533 -9.999  4.0000  1.833    9  0.534  0.000     0.00     0.00     0.00     0.00     0.00 -1    -1e-30      0.00 7.473e-01 2.525e-01 3.107e-05 2.470e-05 9.648e-05 -1.000 1.787e-04 29.767 30.107 29.969 30.248 30.476 30.555 30.644
