# Zini     MH   logAge Mini        int_IMF         Mass   logL    logTe  logg  label   McoreTP C_O  period0  period1  period2  period3  period4  pmode  Mloss  tau1m   X   Y   Xc  Xn  Xo  Cexcess  Z 	 mbolmag  umag    gmag    rmag    imag    zmag    Ymag
0.0001957 -1.90000 10.03342 0.0903137699 1.0846885349    0.090 -3.190  3.4897  5.494    1  0.000  0.545     0.00     0.00     0.00     0.00     0.00 -1 -4.84e-17      0.00 7.486e-01 2.512e-01 3.540e-05 9.550e-06 8.661e-05 -1.000 1.969e-04 12.745 17.816 15.786 13.872 12.491 12.042 11.943
0.0001957 -1.90000 10.03342 0.0912773237 1.0938140603    0.091 -3.152  3.4953  5.483    1  0.000  0.545     0.00     0.00     0.00     0.00     0.00 -1 -5.32e-17      0.00 7.483e-01 2.515e-01 3.540e-05 9.550e-06 8.661e-05 -1.000 1.969e-04 12.649 17.696 15.598 13.707 12.397 11.962 11.861
0.0001957 -1.90000 10.03342 0.0987571254 1.1606395745    0.099 -2.869  3.5369  5.401    1  0.000  0.545     0.00     0.00     0.00     0.00     0.00 -1 -1.08e-16      0.00 7.465e-01 2.533e-01 3.540e-05 9.550e-06 8.662e-05 -1.000 1.968e-04 11.942 16.551 14.228 12.546 11.698 11.358 11.254
0.0001957 -1.90000 10.03342 0.1003081650 1.1736754597    0.100 -2.813  3.5451  5.385    1  0.000  0.545     0.00     0.00     0.00     0.00     0.00 -1 -1.24e-16      0.00 7.462e-01 2.537e-01 3.540e-05 9.550e-06 8.662e-05 -1.000 1.969e-04 11.802 16.265 13.964 12.330 11.559 11.234 11.132
0.0001957 -1.90000 10.03342 0.1036337838 1.2007630403    0.104 -2.760  3.5506  5.368    1  0.000  0.545     0.00     0.00     0.00     0.00     0.00 -1  -1.4e-16      0.00 7.456e-01 2.542e-01 3.540e-05 9.550e-06 8.662e-05 -1.000 1.968e-04 11.671 16.028 13.749 12.151 11.427 11.113 11.012
0.0001957 -1.90000 10.03342 0.1202969477 1.3212693602    0.120 -2.520  3.5756  5.292    1  0.000  0.545     0.00     0.00     0.00     0.00     0.00 -1 -2.47e-16      0.00 7.432e-01 2.566e-01 3.540e-05 9.550e-06 8.662e-05 -1.000 1.968e-04 11.070 14.885 12.796 11.375 10.825 10.552 10.459
0.0001957 -1.90000 10.03342 0.1402857602 1.4399919546    0.140 -2.337  3.5902  5.235    1  0.000  0.545     0.00     0.00     0.00     0.00     0.00 -1 -3.73e-16      0.00 7.411e-01 2.587e-01 3.540e-05 9.551e-06 8.662e-05 -1.000 1.969e-04 10.612 14.099 12.153 10.850 10.365 10.115 10.028
0.0001957 -1.90000 10.03342 0.1602745354 1.5385365924    0.160 -2.194  3.5997  5.188    1  0.000  0.545     0.00     0.00     0.00     0.00     0.00 -1 -5.12e-16      0.00 7.398e-01 2.600e-01 3.540e-05 9.551e-06 8.662e-05 -1.000 1.969e-04 10.255 13.543 11.685 10.458 10.005 9.769 9.687
0.0001957 -1.90000 10.03342 0.2002521455 1.6947337812    0.200 -1.974  3.6119  5.113    1  0.000  0.545     0.00     0.00     0.00     0.00     0.00 -1 -8.27e-16      0.00 7.389e-01 2.609e-01 3.540e-05 9.551e-06 8.662e-05 -1.000 1.968e-04 9.706 12.751 11.002 9.868 9.451 9.233 9.157
0.0001957 -1.90000 10.03342 0.2502241135 1.8408943289    0.250 -1.772  3.6228  5.052    1  0.000  0.545     0.00     0.00     0.00     0.00     0.00 -1 -1.26e-15      0.00 7.391e-01 2.607e-01 3.540e-05 9.551e-06 8.662e-05 -1.000 1.968e-04 9.201 12.044 10.385 9.329 8.942 8.740 8.670
0.0001957 -1.90000 10.03342 0.3001961410 1.9533065853    0.300 -1.617  3.6319  5.012    1  0.000  0.545     0.00     0.00     0.00     0.00     0.00 -1 -1.73e-15      0.00 7.392e-01 2.606e-01 3.539e-05 9.552e-06 8.662e-05 -1.000 1.968e-04 8.813 11.497 9.909 8.915 8.550 8.362 8.297
0.0001957 -1.90000 10.03342 0.3501680791 2.0436928651    0.350 -1.490  3.6402  4.985    1  0.000  0.544     0.00     0.00     0.00     0.00     0.00 -1 -2.21e-15      0.00 7.391e-01 2.608e-01 3.537e-05 9.553e-06 8.662e-05 -1.000 1.968e-04 8.495 11.041 9.515 8.573 8.229 8.053 7.992
0.0001957 -1.90000 10.03342 0.3976682425 2.1152775412    0.398 -1.371  3.6488  4.955    1  0.000  0.545     0.00     0.00     0.00     0.00     0.00 -1 -2.83e-15      0.00 7.498e-01 2.500e-01 3.539e-05 9.550e-06 8.661e-05 -1.000 1.969e-04 8.197 10.605 9.142 8.252 7.928 7.764 7.708
0.0001957 -1.90000 10.03342 0.4001400769 2.1186953837    0.400 -1.365  3.6492  4.954    1  0.000  0.545     0.00     0.00     0.00     0.00     0.00 -1 -2.86e-15      0.00 7.503e-01 2.495e-01 3.540e-05 9.550e-06 8.661e-05 -1.000 1.968e-04 8.182 10.583 9.124 8.236 7.913 7.750 7.694
0.0001957 -1.90000 10.03342 0.4501120746 2.1824133859    0.450 -1.210  3.6644  4.911    1  0.000  0.545     0.00     0.00     0.00     0.00     0.00 -1 -4.05e-15      0.00 7.507e-01 2.491e-01 3.540e-05 9.550e-06 8.661e-05 -1.000 1.968e-04 7.795 9.957 8.617 7.814 7.525 7.382 7.334
0.0001957 -1.90000 10.03342 0.5000840425 2.2375407721    0.500 -1.037  3.6826  4.857    1  0.000  0.545     0.00     0.00     0.00     0.00     0.00 -1 -6.08e-15      0.00 7.508e-01 2.490e-01 3.539e-05 9.549e-06 8.660e-05 -1.000 1.968e-04 7.364 9.245 8.058 7.348 7.097 6.979 6.940
0.0001957 -1.90000 10.03342 0.5500560999 2.2837046950    0.550 -0.837  3.7027  4.778    1  0.000  0.544     0.00     0.00     0.00     0.00     0.00 -1 -1.01e-14      0.00 7.814e-01 2.185e-01 3.132e-05 8.455e-06 7.672e-05 -1.000 1.000e-04 6.863 8.461 7.440 6.823 6.608 6.515 6.487
0.0001957 -1.90000 10.03342 0.5856950879 2.3111528989    0.585 -0.691  3.7206  4.730    1  0.000  0.544     0.00     0.00     0.00     0.00     0.00 -1 -1.44e-14      0.00 7.894e-01 2.104e-01 3.029e-05 8.180e-06 7.424e-05 -1.000 1.700e-04 6.497 7.876 6.990 6.445 6.262 6.189 6.170
0.0001957 -1.90000 10.03342 0.6000280380 2.3211403119    0.600 -0.634  3.7275  4.712    1  0.000  0.544     0.00     0.00     0.00     0.00     0.00 -1 -1.66e-14      0.00 7.926e-01 2.072e-01 2.988e-05 8.072e-06 7.327e-05 -1.000 1.933e-04 6.356 7.660 6.820 6.302 6.130 6.065 6.050
0.0001957 -1.90000 10.03342 0.6135295033 2.3300591598    0.613 -0.577  3.7352  4.695    1  0.000  0.544     0.00     0.00     0.00     0.00     0.00 -1 -1.91e-14      0.00 7.964e-01 2.035e-01 2.940e-05 7.943e-06 7.212e-05 -1.000 1.544e-04 6.212 7.438 6.647 6.158 5.999 5.942 5.930
0.0001957 -1.90000 10.03342 0.6263700128 2.3381324573    0.626 -0.522  3.7425  4.679    1  0.000  0.543     0.00     0.00     0.00     0.00     0.00 -1 -2.18e-14      0.00 8.002e-01 1.997e-01 2.892e-05 7.815e-06 7.096e-05 -1.000 1.588e-04 6.075 7.231 6.484 6.022 5.874 5.826 5.817
0.0001957 -1.90000 10.03342 0.6378282309 2.3450219303    0.638 -0.473  3.7491  4.663    1  0.000  0.543     0.00     0.00     0.00     0.00     0.00 -1 -2.47e-14      0.00 8.038e-01 1.961e-01 2.847e-05 7.693e-06 6.987e-05 -1.000 1.630e-04 5.951 7.051 6.340 5.902 5.765 5.723 5.717
0.0001957 -1.90000 10.03342 0.6480342746 2.3509231709    0.648 -0.428  3.7548  4.649    1  0.000  0.543     0.00     0.00     0.00     0.00     0.00 -1 -2.75e-14      0.00 8.071e-01 1.927e-01 2.804e-05 7.580e-06 6.885e-05 -1.000 1.800e-04 5.841 6.894 6.211 5.796 5.668 5.632 5.629
0.0001957 -1.90000 10.03342 0.6499999762 2.3520353107    0.650 -0.420  3.7559  4.646    1  0.000  0.543     0.00     0.00     0.00     0.00     0.00 -1 -2.81e-14      0.00 8.078e-01 1.920e-01 2.796e-05 7.557e-06 6.865e-05 -1.000 1.553e-04 5.819 6.863 6.186 5.775 5.649 5.615 5.612
0.0001957 -1.90000 10.03342 0.6563149095 2.3555563446    0.656 -0.392  3.7593  4.636    1  0.000  0.543     0.00     0.00     0.00     0.00     0.00 -1 -3.02e-14      0.00 8.105e-01 1.894e-01 2.763e-05 7.469e-06 6.785e-05 -1.000 1.335e-04 5.750 6.766 6.107 5.708 5.589 5.558 5.556
0.0001957 -1.90000 10.03342 0.6683567166 2.3620589416    0.668 -0.339  3.7656  4.616    1  0.000  0.542     0.00     0.00     0.00     0.00     0.00 -1 -3.46e-14      0.00 8.158e-01 1.841e-01 2.695e-05 7.290e-06 6.625e-05 -1.000 1.804e-04 5.616 6.588 5.957 5.581 5.471 5.447 5.448
0.0001957 -1.90000 10.03342 0.6790567636 2.3676150025    0.679 -0.290  3.7712  4.597    1  0.000  0.542     0.00     0.00     0.00     0.00     0.00 -1 -3.92e-14      0.00 8.208e-01 1.790e-01 2.632e-05 7.121e-06 6.473e-05 -1.000 1.968e-04 5.496 6.431 5.823 5.467 5.366 5.346 5.349
0.0001957 -1.90000 10.03342 0.6895613074 2.3728771019    0.689 -0.242  3.7765  4.577    1  0.000  0.542     0.00     0.00     0.00     0.00     0.00 -1 -4.45e-14      0.00 8.261e-01 1.737e-01 2.565e-05 6.943e-06 6.314e-05 -1.000 1.906e-04 5.375 6.278 5.690 5.353 5.260 5.246 5.251
0.0001957 -1.90000 10.03342 0.6995542049 2.3777145948    0.699 -0.195  3.7815  4.556    1  0.000  0.541     0.00     0.00     0.00     0.00     0.00 -1 -4.98e-14      0.00 8.314e-01 1.684e-01 2.497e-05 6.763e-06 6.152e-05 -1.000 1.834e-04 5.258 6.132 5.562 5.242 5.157 5.148 5.154
0.0001957 -1.90000 10.03342 0.6999999881 2.3779266974    0.700 -0.193  3.7817  4.555    1  0.000  0.541     0.00     0.00     0.00     0.00     0.00 -1 -5.06e-14      0.00 8.317e-01 1.681e-01 2.494e-05 6.755e-06 6.145e-05 -1.000 1.806e-04 5.253 6.126 5.556 5.237 5.152 5.143 5.150
0.0001957 -1.90000 10.03342 0.7098084092 2.3825161004    0.710 -0.146  3.7863  4.532    1  0.000  0.539     0.00     0.00     0.00     0.00     0.00 -1 -5.76e-14      0.00 8.374e-01 1.625e-01 2.421e-05 6.576e-06 5.987e-05 -1.000 9.936e-05 5.134 5.983 5.427 5.124 5.047 5.042 5.050
0.0001957 -1.90000 10.03342 0.7203407288 2.3872845311    0.720 -0.093  3.7911  4.504    1  0.000  0.537     0.00     0.00     0.00     0.00     0.00 -1 -6.67e-14      0.00 8.432e-01 1.567e-01 2.348e-05 6.400e-06 5.832e-05 -1.000 1.547e-04 5.002 5.826 5.283 4.998 4.928 4.928 4.938
0.0001957 -1.90000 10.03342 0.7302709222 2.3916357857    0.730 -0.040  3.7956  4.476    1  0.000  0.535     0.00     0.00     0.00     0.00     0.00 -1 -7.71e-14      0.00 8.483e-01 1.516e-01 2.287e-05 6.252e-06 5.702e-05 -1.000 1.348e-04 4.871 5.675 5.142 4.873 4.810 4.815 4.826
0.0001957 -1.90000 10.03342 0.7389879823 2.3953448292    0.739  0.008  3.7994  4.448    1  0.000  0.533     0.00     0.00     0.00     0.00     0.00 -1 -8.84e-14      0.00 8.524e-01 1.475e-01 2.240e-05 6.141e-06 5.604e-05 -1.000 1.183e-04 4.750 5.537 5.012 4.757 4.700 4.708 4.721
0.0001957 -1.90000 10.03342 0.7475957870 2.3989099475    0.747  0.058  3.8031  4.418    1  0.000  0.531     0.00     0.00     0.00     0.00     0.00 -1 -1.02e-13      0.00 8.560e-01 1.439e-01 2.201e-05 6.049e-06 5.526e-05 -1.000 9.693e-05 4.625 5.397 4.878 4.635 4.585 4.597 4.610
0.0001957 -1.90000 10.03342 0.7500000000 2.3998889087    0.749  0.072  3.8042  4.409    1  0.000  0.531     0.00     0.00     0.00     0.00     0.00 -1 -1.06e-13      0.00 8.569e-01 1.430e-01 2.191e-05 6.027e-06 5.506e-05 -1.000 9.710e-05 4.589 5.357 4.840 4.601 4.552 4.565 4.579
0.0001957 -1.90000 10.03342 0.7575532198 2.4029180360    0.757  0.119  3.8075  4.380    1  0.000  0.530     0.00     0.00     0.00     0.00     0.00 -1 -1.22e-13      0.00 8.577e-01 1.422e-01 2.193e-05 6.037e-06 5.518e-05 -1.000 1.081e-04 4.472 5.226 4.713 4.486 4.443 4.459 4.474
0.0001957 -1.90000 10.03342 0.7650170326 2.4058438369    0.764  0.169  3.8109  4.348    1  0.000  0.530     0.00     0.00     0.00     0.00     0.00 -1 -1.41e-13      0.00 8.583e-01 1.415e-01 2.196e-05 6.048e-06 5.531e-05 -1.000 1.598e-04 4.347 5.089 4.580 4.364 4.327 4.346 4.362
0.0001957 -1.90000 10.03342 0.7740030885 2.4092804027    0.773  0.234  3.8147  4.303    1  0.000  0.529     0.00     0.00     0.00     0.00     0.00 -1 -1.71e-13      0.00 8.590e-01 1.408e-01 2.202e-05 6.066e-06 5.548e-05 -1.000 1.495e-04 4.186 4.914 4.408 4.205 4.174 4.197 4.214
0.0001957 -1.90000 10.03342 0.7822979093 2.4123721647    0.781  0.300  3.8180  4.255    1  0.000  0.529     0.00     0.00     0.00     0.00     0.00 -1  -2.1e-13      0.00 8.595e-01 1.404e-01 2.208e-05 6.084e-06 5.567e-05 -1.000 9.714e-05 4.021 4.737 4.232 4.041 4.016 4.042 4.060
0.0001957 -1.90000 10.03342 0.7878008485 2.4143820356    0.787  0.347  3.8198  4.218    1  0.000  0.529     0.00     0.00     0.00     0.00     0.00 -1 -2.43e-13      0.00 8.597e-01 1.402e-01 2.213e-05 6.100e-06 5.583e-05 -1.000 9.929e-05 3.903 4.613 4.109 3.924 3.902 3.930 3.949
0.0001957 -1.90000 10.03342 0.7930175066 2.4162577578    0.792  0.394  3.8211  4.179    1  0.000  0.528     0.00     0.00     0.00     0.00     0.00 -1 -2.82e-13      0.00 8.589e-01 1.410e-01 2.230e-05 6.147e-06 5.626e-05 -1.000 9.996e-05 3.785 4.489 3.985 3.806 3.787 3.816 3.835
0.0001957 -1.90000 10.03342 0.7972817421 2.4177700736    0.796  0.434  3.8217  4.143    1  0.000  0.528     0.00     0.00     0.00     0.00     0.00 -1 -3.24e-13      0.00 8.578e-01 1.421e-01 2.248e-05 6.197e-06 5.672e-05 -1.000 1.000e-04 3.684 4.385 3.880 3.704 3.686 3.716 3.735
0.0001957 -1.90000 10.03342 0.7990273833 2.4183838148    0.798  0.454  3.8213  4.123    1  0.000  0.528     0.00     0.00     0.00     0.00     0.00 -1 -3.46e-13      0.00 8.574e-01 1.425e-01 2.255e-05 6.217e-06 5.690e-05 -1.000 9.999e-05 3.635 4.337 3.832 3.655 3.636 3.665 3.684
0.0001957 -1.90000 10.03342 0.8000000119 2.4187244405    0.799  0.465  3.8211  4.112    1  0.000  0.528     0.00     0.00     0.00     0.00     0.00 -1 -3.59e-13      0.00 8.572e-01 1.427e-01 2.259e-05 6.228e-06 5.701e-05 -1.000 1.000e-04 3.608 4.310 3.804 3.627 3.608 3.637 3.656
0.0001957 -1.90000 10.03342 0.8026555181 2.4196495967    0.801  0.495  3.8205  4.081    1  0.000  0.528     0.00     0.00     0.00     0.00     0.00 -1 -3.96e-13      0.00 8.563e-01 1.436e-01 2.270e-05 6.258e-06 5.728e-05 -1.000 1.053e-04 3.533 4.236 3.729 3.551 3.531 3.560 3.578
0.0001957 -1.90000 10.03342 0.8070498109 2.4211651637    0.806  0.552  3.8172  4.013    1  0.000  0.529     0.00     0.00     0.00     0.00     0.00 -1 -4.87e-13      0.00 8.549e-01 1.450e-01 2.289e-05 6.308e-06 5.773e-05 -1.000 1.140e-04 3.391 4.102 3.591 3.405 3.381 3.406 3.423
0.0001957 -1.90000 10.03342 0.8078301549 2.4214323181    0.806  0.563  3.8163  3.999    1  0.000  0.529     0.00     0.00     0.00     0.00     0.00 -1 -5.09e-13      0.00 8.546e-01 1.453e-01 2.292e-05 6.317e-06 5.781e-05 -1.000 1.155e-04 3.363 4.077 3.565 3.376 3.351 3.375 3.392
0.0001957 -1.90000 10.03342 0.8084939122 2.4216590918    0.807  0.573  3.8152  3.985    2  0.000  0.529     0.00     0.00     0.00     0.00     0.00 -1 -5.32e-13      0.00 8.544e-01 1.455e-01 2.294e-05 6.324e-06 5.787e-05 -1.000 1.169e-04 3.337 4.054 3.541 3.349 3.323 3.346 3.363
0.0001957 -1.90000 10.03342 0.8107221723 2.4224172583    0.809  0.611  3.8099  3.927    2  0.000  0.529     0.00     0.00     0.00     0.00     0.00 -1 -6.15e-13      0.00 8.537e-01 1.462e-01 2.304e-05 6.349e-06 5.810e-05 -1.000 1.213e-04 3.242 3.974 3.456 3.249 3.214 3.233 3.248
0.0001957 -1.90000 10.03342 0.8124181628 2.4229911154    0.811  0.645  3.8032  3.867    2  0.000  0.529     0.00     0.00     0.00     0.00     0.00 -1 -7.12e-13      0.00 8.531e-01 1.467e-01 2.311e-05 6.368e-06 5.827e-05 -1.000 1.246e-04 3.157 3.913 3.385 3.158 3.113 3.125 3.138
0.0001957 -1.90000 10.03342 0.8137403131 2.4234365719    0.812  0.676  3.7953  3.805    2  0.000  0.529     0.00     0.00     0.00     0.00     0.00 -1  -8.2e-13      0.00 8.527e-01 1.472e-01 2.316e-05 6.383e-06 5.840e-05 -1.000 1.272e-04 3.081 3.868 3.328 3.075 3.018 3.022 3.032
0.0001957 -1.90000 10.03342 0.8148030043 2.4237934070    0.813  0.703  3.7863  3.743    2  0.000  0.529     0.00     0.00     0.00     0.00     0.00 -1 -9.38e-13      0.00 8.524e-01 1.475e-01 2.320e-05 6.395e-06 5.851e-05 -1.000 1.284e-04 3.013 3.839 3.282 3.000 2.929 2.924 2.931
0.0001957 -1.90000 10.03342 0.8156874776 2.4240895842    0.814  0.728  3.7773  3.682    2  0.000  0.529     0.00     0.00     0.00     0.00     0.00 -1 -1.06e-12      0.00 8.436e-01 1.563e-01 2.426e-05 6.679e-06 6.108e-05 -1.000 1.237e-04 2.951 3.822 3.244 2.932 2.847 2.833 2.837
0.0001957 -1.90000 10.03342 0.8164575100 2.4243468386    0.815  0.751  3.7689  3.626    2  0.000  0.532     0.00     0.00     0.00     0.00     0.00 -1  -1.2e-12      0.00 8.175e-01 1.823e-01 2.721e-05 7.472e-06 6.816e-05 -1.000 1.655e-04 2.892 3.809 3.207 2.868 2.769 2.748 2.748
0.0001957 -1.90000 10.03342 0.8171676397 2.4245835864    0.815  0.777  3.7610  3.569    2  0.000  0.534     0.00     0.00     0.00     0.00     0.00 -1 -1.36e-12      0.00 7.955e-01 2.044e-01 2.971e-05 8.140e-06 7.413e-05 -1.000 1.397e-04 2.828 3.792 3.166 2.799 2.689 2.659 2.656
0.0001957 -1.90000 10.03342 0.8178800344 2.4248206143    0.816  0.811  3.7537  3.505    2  0.000  0.536     0.00     0.00     0.00     0.00     0.00 -1 -1.58e-12      0.00 7.812e-01 2.186e-01 3.134e-05 8.576e-06 7.801e-05 -1.000 1.825e-04 2.742 3.754 3.102 2.710 2.588 2.551 2.545
0.0001957 -1.90000 10.03342 0.8184369802 2.4250055908    0.816  0.847  3.7489  3.451    2  0.000  0.536     0.00     0.00     0.00     0.00     0.00 -1 -1.82e-12      0.00 7.747e-01 2.251e-01 3.208e-05 8.775e-06 7.979e-05 -1.000 1.969e-04 2.654 3.699 3.029 2.621 2.491 2.449 2.441
0.0001957 -1.90000 10.03342 0.8189879656 2.4251883031    0.817  0.889  3.7449  3.393    2  0.000  0.536     0.00     0.00     0.00     0.00     0.00 -1 -2.15e-12      0.00 7.704e-01 2.294e-01 3.255e-05 8.901e-06 8.092e-05 -1.000 1.968e-04 2.548 3.623 2.937 2.515 2.379 2.332 2.323
0.0001957 -1.90000 10.03342 0.8190692663 2.4252152393    0.817  0.896  3.7445  3.384    2  0.000  0.536     0.00     0.00     0.00     0.00     0.00 -1 -2.21e-12      0.00 7.700e-01 2.298e-01 3.260e-05 8.913e-06 8.103e-05 -1.000 1.675e-04 2.530 3.609 2.921 2.497 2.360 2.313 2.303
0.0001957 -1.90000 10.03342 0.8195158839 2.4253631010    0.817  0.937  3.7421  3.334    3  0.000  0.537     0.00     0.00     0.00     0.00     0.00 -1 -2.56e-12      0.00 7.677e-01 2.321e-01 3.284e-05 8.977e-06 8.160e-05 -1.000 1.839e-04 2.428 3.523 2.826 2.394 2.253 2.204 2.193
0.0001957 -1.90000 10.03342 0.8200093508 2.4255262578    0.818  0.985  3.7397  3.276    3  0.000  0.537     0.00     0.00     0.00     0.00     0.00 -1 -3.06e-12      0.00 7.653e-01 2.345e-01 3.306e-05 9.034e-06 8.211e-05 -1.000 1.952e-04 2.307 3.419 2.713 2.273 2.128 2.076 2.065
0.0001957 -1.90000 10.03342 0.8204256892 2.4256637378    0.818  1.029  3.7380  3.226    3  0.000  0.537     0.00     0.00     0.00     0.00     0.00 -1 -3.59e-12      0.00 7.636e-01 2.362e-01 3.320e-05 9.073e-06 8.246e-05 -1.000 1.968e-04 2.197 3.323 2.609 2.164 2.017 1.962 1.950
0.0001957 -1.90000 10.03342 0.8208266497 2.4257959882    0.819  1.074  3.7363  3.174    3  0.000  0.537     0.00     0.00     0.00     0.00     0.00 -1 -4.22e-12      0.00 7.620e-01 2.378e-01 3.331e-05 9.105e-06 8.274e-05 -1.000 1.969e-04 2.085 3.224 2.503 2.052 1.902 1.846 1.833
0.0001957 -1.90000 10.03342 0.8211998343 2.4259189437    0.819  1.119  3.7348  3.124    3  0.000  0.537     0.00     0.00     0.00     0.00     0.00 -1 -4.95e-12      0.00 7.605e-01 2.393e-01 3.340e-05 9.132e-06 8.298e-05 -1.000 1.968e-04 1.973 3.125 2.397 1.942 1.789 1.731 1.717
0.0001957 -1.90000 10.03342 0.8215514421 2.4260346727    0.819  1.164  3.7334  3.073    3  0.000  0.537     0.00     0.00     0.00     0.00     0.00 -1 -5.82e-12      0.00 7.591e-01 2.408e-01 3.347e-05 9.156e-06 8.317e-05 -1.000 1.920e-04 1.861 3.024 2.290 1.830 1.676 1.616 1.601
0.0001957 -1.90000 10.03342 0.8219032288 2.4261503466    0.819  1.212  3.7319  3.019    3  0.000  0.536     0.00     0.00     0.00     0.00     0.00 -1 -6.92e-12      0.00 7.577e-01 2.422e-01 3.351e-05 9.181e-06 8.334e-05 -1.000 1.677e-04 1.740 2.914 2.174 1.710 1.554 1.492 1.476
0.0001957 -1.90000 10.03342 0.8222072124 2.4262502103    0.820  1.257  3.7304  2.968    3  0.000  0.535     0.00     0.00     0.00     0.00     0.00 -1 -8.14e-12      0.00 7.565e-01 2.434e-01 3.351e-05 9.210e-06 8.347e-05 -1.000 1.836e-04 1.628 2.812 2.067 1.598 1.439 1.376 1.360
0.0001957 -1.90000 10.03342 0.8225061297 2.4263483268    0.820  1.305  3.7289  2.914    3  0.000  0.534     0.00     0.00     0.00     0.00     0.00 -1 -9.67e-12      0.00 7.553e-01 2.445e-01 3.347e-05 9.255e-06 8.358e-05 -1.000 1.968e-04 1.508 2.704 1.952 1.479 1.317 1.253 1.235
0.0001957 -1.90000 10.03342 0.8227774501 2.4264373140    0.820  1.352  3.7275  2.861    3  0.000  0.532     0.00     0.00     0.00     0.00     0.00 -1 -1.15e-11      0.00 7.543e-01 2.455e-01 3.341e-05 9.320e-06 8.367e-05 -1.000 1.969e-04 1.389 2.598 1.838 1.361 1.197 1.131 1.113
0.0001957 -1.90000 10.03342 0.8230228424 2.4265177392    0.820  1.399  3.7260  2.809    3  0.000  0.530     0.00     0.00     0.00     0.00     0.00 -1 -1.35e-11      0.00 7.534e-01 2.464e-01 3.331e-05 9.406e-06 8.374e-05 -1.000 1.969e-04 1.273 2.494 1.728 1.246 1.080 1.012 0.993
0.0001957 -1.90000 10.03342 0.8232465982 2.4265910252    0.820  1.445  3.7245  2.757    3  0.000  0.528     0.00     0.00     0.00     0.00     0.00 -1  -1.6e-11      0.00 7.527e-01 2.471e-01 3.320e-05 9.505e-06 8.379e-05 -1.000 1.969e-04 1.158 2.392 1.618 1.131 0.963 0.893 0.874
0.0001957 -1.90000 10.03342 0.8234578967 2.4266601890    0.820  1.492  3.7230  2.704    3  0.000  0.526     0.00     0.00     0.00     0.00     0.00 -1  -1.9e-11      0.00 7.521e-01 2.477e-01 3.310e-05 9.616e-06 8.384e-05 -1.000 1.968e-04 1.039 2.286 1.505 1.014 0.843 0.771 0.751
0.0001957 -1.90000 10.03342 0.8236467242 2.4267219630    0.820  1.538  3.7215  2.651    3  0.000  0.525     0.00     0.00     0.00     0.00     0.00 -1 -2.24e-11      0.00 7.516e-01 2.482e-01 3.300e-05 9.721e-06 8.387e-05 -1.000 1.969e-04 0.924 2.183 1.396 0.899 0.726 0.653 0.632
0.0001957 -1.90000 10.03342 0.8238160014 2.4267773134    0.820  1.584  3.7199  2.600    3  0.000  0.523     0.00     0.00     0.00     0.00     0.00 -1 -2.64e-11      0.00 7.512e-01 2.486e-01 3.292e-05 9.801e-06 8.390e-05 -1.000 1.968e-04 0.811 2.083 1.289 0.787 0.612 0.536 0.515
0.0001957 -1.90000 10.03342 0.8239746094 2.4268291515    0.820  1.630  3.7183  2.547    3  0.000  0.522     0.00     0.00     0.00     0.00     0.00 -1 -3.12e-11      0.00 7.510e-01 2.488e-01 3.286e-05 9.860e-06 8.391e-05 -1.000 1.969e-04 0.696 1.982 1.180 0.673 0.495 0.418 0.395
0.0001957 -1.90000 10.03342 0.8241155148 2.4268751846    0.820  1.674  3.7167  2.496    3  0.000  0.522     0.00     0.00     0.00     0.00     0.00 -1 -3.66e-11      0.00 7.509e-01 2.489e-01 3.283e-05 9.896e-06 8.392e-05 -1.000 1.969e-04 0.584 1.885 1.075 0.563 0.383 0.304 0.280
0.0001957 -1.90000 10.03342 0.8242470026 2.4269181247    0.820  1.720  3.7151  2.444    3  0.000  0.521     0.00     0.00     0.00     0.00     0.00 -1 -4.32e-11      0.00 7.508e-01 2.490e-01 3.281e-05 9.917e-06 8.393e-05 -1.000 1.969e-04 0.471 1.790 0.969 0.451 0.267 0.186 0.162
0.0001957 -1.90000 10.03342 0.8243693113 2.4269580530    0.820  1.765  3.7134  2.392    3  0.000  0.521     0.00     0.00     0.00     0.00     0.00 -1  -5.1e-11      0.00 7.508e-01 2.490e-01 3.280e-05 9.926e-06 8.393e-05 -1.000 1.970e-04 0.356 1.693 0.861 0.337 0.151 0.068 0.043
0.0001957 -1.90000 10.03342 0.8244814277 2.4269946420    0.820  1.811  3.7118  2.339    3  0.000  0.521     0.00     0.00     0.00     0.00     0.00 -1 -6.02e-11      0.00 7.508e-01 2.490e-01 3.280e-05 9.929e-06 8.393e-05 -1.000 1.969e-04 0.242 1.597 0.754 0.223 0.034 -0.051 -0.077
0.0001957 -1.90000 10.03342 0.8245834112 2.4270279143    0.819  1.856  3.7100  2.287    3  0.000  0.521     0.00     0.00     0.00     0.00     0.00 -1 -7.09e-11      0.00 7.508e-01 2.490e-01 3.280e-05 9.931e-06 8.393e-05 -1.000 1.969e-04 0.129 1.503 0.649 0.111 -0.081 -0.168 -0.195
0.0001957 -1.90000 10.03342 0.8246787786 2.4270590194    0.819  1.902  3.7083  2.234    3  0.000  0.521     0.00     0.00     0.00     0.00     0.00 -1 -8.38e-11      0.00 7.508e-01 2.490e-01 3.280e-05 9.932e-06 8.394e-05 -1.000 1.969e-04 0.015 1.409 0.543 -0.002 -0.197 -0.286 -0.314
0.0001957 -1.90000 10.03342 0.8247657418 2.4270873763    0.819  1.947  3.7065  2.182    3  0.000  0.521     0.00     0.00     0.00     0.00     0.00 -1 -9.87e-11      0.00 7.507e-01 2.491e-01 3.280e-05 9.934e-06 8.394e-05 -1.000 1.968e-04 -0.098 1.317 0.438 -0.114 -0.312 -0.403 -0.431
0.0001957 -1.90000 10.03342 0.8248429298 2.4271125398    0.819  1.991  3.7047  2.131    3  0.000  0.521     0.00     0.00     0.00     0.00     0.00 -1 -1.16e-10      0.00 7.507e-01 2.491e-01 3.280e-05 9.936e-06 8.394e-05 -1.000 1.969e-04 -0.207 1.230 0.339 -0.221 -0.422 -0.515 -0.545
0.0001957 -1.90000 10.03342 0.8249140382 2.4271357166    0.818  2.034  3.7030  2.081    3  0.000  0.521     0.00     0.00     0.00     0.00     0.00 -1 -1.35e-10      0.00 7.507e-01 2.491e-01 3.280e-05 9.937e-06 8.394e-05 -1.000 1.969e-04 -0.315 1.143 0.240 -0.328 -0.531 -0.627 -0.657
0.0001957 -1.90000 10.03342 0.8249807358 2.4271574516    0.818  2.077  3.7013  2.031    3  0.000  0.521     0.00     0.00     0.00     0.00     0.00 -1 -1.59e-10      0.00 7.507e-01 2.491e-01 3.280e-05 9.938e-06 8.394e-05 -1.000 1.969e-04 -0.423 1.055 0.140 -0.435 -0.641 -0.739 -0.770
0.0001957 -1.90000 10.03342 0.8250405788 2.4271769495    0.817  2.119  3.6995  1.981    3  0.000  0.521     0.00     0.00     0.00     0.00     0.00 -1 -1.85e-10      0.00 7.507e-01 2.491e-01 3.279e-05 9.940e-06 8.394e-05 -1.000 1.969e-04 -0.527 0.975 0.046 -0.537 -0.747 -0.847 -0.879
0.0001957 -1.90000 10.03342 0.8251006603 2.4271965217    0.817  2.162  3.6977  1.931    3  0.000  0.521     0.00     0.00     0.00     0.00     0.00 -1 -2.17e-10      0.00 7.507e-01 2.491e-01 3.279e-05 9.941e-06 8.394e-05 -1.000 1.969e-04 -0.636 0.894 -0.052 -0.643 -0.857 -0.959 -0.992
0.0001957 -1.90000 10.03342 0.8251636624 2.4272170419    0.816  2.199  3.6962  1.887    3  0.000  0.521     0.00     0.00     0.00     0.00     0.00 -1 -2.49e-10      0.00 7.507e-01 2.491e-01 3.279e-05 9.942e-06 8.394e-05 -1.000 1.968e-04 -0.728 0.823 -0.136 -0.734 -0.951 -1.055 -1.089
0.0001957 -1.90000 10.03342 0.8251965642 2.4272277567    0.816  2.215  3.6956  1.869    3  0.000  0.521     0.00     0.00     0.00     0.00     0.00 -1 -2.64e-10      0.00 7.507e-01 2.491e-01 3.279e-05 9.943e-06 8.394e-05 -1.000 1.969e-04 -0.767 0.794 -0.171 -0.772 -0.990 -1.094 -1.129
0.0001957 -1.90000 10.03342 0.8252347708 2.4272401980    0.816  2.202  3.6964  1.885    3  0.000  0.521     0.00     0.00     0.00     0.00     0.00 -1 -2.54e-10      0.00 7.507e-01 2.491e-01 3.279e-05 9.944e-06 8.394e-05 -1.000 1.969e-04 -0.735 0.814 -0.144 -0.742 -0.957 -1.061 -1.095
0.0001957 -1.90000 10.03342 0.8252422214 2.4272426239    0.815  2.209  3.6961  1.877    3  0.000  0.521     0.00     0.00     0.00     0.00     0.00 -1  -2.6e-10      0.00 7.507e-01 2.491e-01 3.279e-05 9.944e-06 8.394e-05 -1.000 1.969e-04 -0.753 0.801 -0.160 -0.759 -0.976 -1.080 -1.114
0.0001957 -1.90000 10.03342 0.8252835870 2.4272560920    0.815  2.251  3.6942  1.827    3  0.000  0.521     0.00     0.00     0.00     0.00     0.00 -1    -3e-10      0.00 7.507e-01 2.491e-01 3.279e-05 9.944e-06 8.394e-05 -1.000 1.969e-04 -0.857 0.725 -0.253 -0.862 -1.082 -1.188 -1.224
0.0001957 -1.90000 10.03342 0.8253253698 2.4272696944    0.814  2.295  3.6923  1.775    3  0.000  0.521     0.00     0.00     0.00     0.00     0.00 -1 -3.53e-10      0.00 7.507e-01 2.491e-01 3.279e-05 9.945e-06 8.394e-05 -1.000 1.969e-04 -0.968 0.642 -0.353 -0.970 -1.194 -1.303 -1.339
0.0001957 -1.90000 10.03342 0.8253608346 2.4272812387    0.814  2.335  3.6904  1.727    3  0.000  0.521     0.00     0.00     0.00     0.00     0.00 -1 -4.09e-10      0.00 7.507e-01 2.491e-01 3.279e-05 9.946e-06 8.394e-05 -1.000 1.969e-04 -1.068 0.571 -0.442 -1.068 -1.295 -1.407 -1.444
0.0001957 -1.90000 10.03342 0.8253957629 2.4272926073    0.813  2.377  3.6884  1.677    3  0.000  0.521     0.00     0.00     0.00     0.00     0.00 -1 -4.77e-10      0.00 7.507e-01 2.491e-01 3.279e-05 9.947e-06 8.394e-05 -1.000 1.969e-04 -1.173 0.498 -0.534 -1.170 -1.401 -1.515 -1.554
0.0001957 -1.90000 10.03342 0.8254283667 2.4273032182    0.812  2.419  3.6865  1.626    3  0.000  0.521     0.00     0.00     0.00     0.00     0.00 -1 -5.58e-10      0.00 7.507e-01 2.491e-01 3.279e-05 9.947e-06 8.394e-05 -1.000 1.969e-04 -1.279 0.425 -0.626 -1.272 -1.507 -1.624 -1.664
0.0001957 -1.90000 10.03342 0.8254568577 2.4273124899    0.812  2.459  3.6845  1.579    3  0.000  0.521     0.00     0.00     0.00     0.00     0.00 -1 -6.46e-10      0.00 7.507e-01 2.491e-01 3.279e-05 9.948e-06 8.394e-05 -1.000 1.969e-04 -1.377 0.369 -0.710 -1.369 -1.608 -1.727 -1.768
0.0001957 -1.90000 10.03342 0.8254851103 2.4273216833    0.811  2.501  3.6826  1.528    3  0.000  0.521     6.34     5.09     3.63     2.80     2.26  3 -7.54e-10      0.00 7.507e-01 2.491e-01 3.279e-05 9.948e-06 8.395e-05 -1.000 1.969e-04 -1.482 0.312 -0.801 -1.474 -1.716 -1.837 -1.879
0.0001957 -1.90000 10.03342 0.8255102038 2.4273298481    0.810  2.541  3.6806  1.480    3  0.000  0.521     7.02     5.55     3.94     3.05     2.46  3 -8.75e-10      0.00 7.507e-01 2.491e-01 3.279e-05 9.949e-06 8.395e-05 -1.000 1.969e-04 -1.582 0.265 -0.884 -1.572 -1.819 -1.942 -1.986
0.0001957 -1.90000 10.03342 0.8255335689 2.4273374499    0.809  2.581  3.6786  1.432    3  0.000  0.521     7.78     6.06     4.29     3.32     2.68  3 -1.01e-09      0.00 7.507e-01 2.491e-01 3.279e-05 9.949e-06 8.395e-05 -1.000 1.969e-04 -1.682 0.225 -0.964 -1.670 -1.921 -2.047 -2.092
0.0001957 -1.90000 10.03342 0.8255558610 2.4273447023    0.808  2.621  3.6767  1.383    3  0.000  0.521     8.62     6.62     4.66     3.61     2.92  3 -1.18e-09      0.00 7.507e-01 2.491e-01 3.279e-05 9.950e-06 8.395e-05 -1.000 1.969e-04 -1.784 0.187 -1.045 -1.770 -2.025 -2.154 -2.200
0.0001957 -1.90000 10.03342 0.8255798221 2.4273524971    0.807  2.668  3.6741  1.325    3  0.000  0.521     9.74     7.35     5.15     4.00     3.24  3 -1.41e-09      0.00 7.507e-01 2.491e-01 3.279e-05 9.950e-06 8.395e-05 -1.000 1.969e-04 -1.901 0.157 -1.134 -1.884 -2.146 -2.279 -2.326
0.0001957 -1.90000 10.03342 0.8255991340 2.4273587790    0.805  2.709  3.6721  1.275    3  0.000  0.521    10.81     8.03     5.61     4.36     3.53  3 -1.64e-09      0.00 7.507e-01 2.491e-01 3.279e-05 9.951e-06 8.395e-05 -1.000 1.969e-04 -2.003 0.128 -1.213 -1.984 -2.251 -2.387 -2.435
0.0001957 -1.90000 10.03342 0.8256189823 2.4273652352    0.804  2.755  3.6696  1.219    3  0.000  0.521    12.18     8.89     6.18     4.81     3.89  3 -1.94e-09      0.00 7.507e-01 2.491e-01 3.279e-05 9.951e-06 8.395e-05 -1.000 1.969e-04 -2.117 0.114 -1.293 -2.094 -2.368 -2.507 -2.557
0.0001957 -1.90000 10.03342 0.8256354332 2.4273705859    0.802  2.795  3.6675  1.170    3  0.000  0.521    13.50     9.71     6.72     5.24     4.24  2 -2.25e-09      0.00 7.507e-01 2.491e-01 3.279e-05 9.951e-06 8.395e-05 -1.000 1.969e-04 -2.217 0.097 -1.365 -2.191 -2.470 -2.613 -2.665
0.0001957 -1.90000 10.03342 0.8256521225 2.4273760140    0.800  2.839  3.6649  1.114    3  0.000  0.521    15.17    10.72     7.39     5.77     4.67  2 -2.66e-09      0.00 7.507e-01 2.491e-01 3.279e-05 9.952e-06 8.395e-05 -1.000 1.969e-04 -2.326 0.100 -1.436 -2.295 -2.582 -2.729 -2.782
0.0001957 -1.90000 10.03342 0.8256660104 2.4273805307    0.799  2.877  3.6629  1.066    3  0.000  0.521    16.78    11.69     8.02     6.27     5.08  2 -3.08e-09      0.00 7.507e-01 2.491e-01 3.279e-05 9.952e-06 8.395e-05 -1.000 1.969e-04 -2.424 0.098 -1.501 -2.387 -2.682 -2.831 -2.886
0.0001957 -1.90000 10.03342 0.8256806135 2.4273852799    0.796  2.921  3.6603  1.011    3  0.000  0.521    18.84    12.91     8.82     6.90     5.60  2 -3.63e-09      0.00 7.507e-01 2.491e-01 3.279e-05 9.952e-06 8.395e-05 -1.000 1.969e-04 -2.533 0.116 -1.566 -2.491 -2.793 -2.948 -3.005
0.0001957 -1.90000 10.03342 0.8256953955 2.4273900870    0.794  2.969  3.6577  0.952    3  0.000  0.521    21.36    14.36     9.77     7.66     6.21  2 -4.34e-09      0.00 7.507e-01 2.491e-01 3.278e-05 9.953e-06 8.395e-05 -1.000 1.969e-04 -2.652 0.137 -1.633 -2.601 -2.914 -3.073 -3.132
0.0001957 -1.90000 10.03342 0.8257073760 2.4273939830    0.791  3.011  3.6551  0.898    3  0.000  0.521    23.91    15.81    10.70     8.40     6.82  2  -5.1e-09      0.00 7.507e-01 2.491e-01 3.278e-05 9.953e-06 8.395e-05 -1.000 1.969e-04 -2.756 0.132 -1.693 -2.693 -3.016 -3.181 -3.242
0.0001957 -1.90000 10.03342 0.8257176280 2.4273973167    0.789  3.048  3.6529  0.850    3  0.000  0.521    26.43    17.22    11.61     9.13     7.41  1 -5.89e-09      0.00 7.507e-01 2.491e-01 3.278e-05 9.953e-06 8.395e-05 -1.000 1.969e-04 -2.851 0.121 -1.751 -2.778 -3.109 -3.278 -3.341
0.0001957 -1.90000 10.03342 0.8257282972 2.4274007860    0.786  3.090  3.6503  0.797    3  0.000  0.521    29.58    18.95    12.73    10.02     8.13  1  -6.9e-09      0.00 7.507e-01 2.491e-01 3.278e-05 9.953e-06 8.395e-05 -1.000 1.969e-04 -2.954 0.118 -1.810 -2.869 -3.211 -3.385 -3.450
0.0001957 -1.90000 10.03342 0.8257391453 2.4274043134    0.782  3.135  3.6476  0.738    3  0.000  0.521    33.43    21.03    14.05    11.09     9.00  1  -8.2e-09      0.00 7.507e-01 2.491e-01 3.278e-05 9.954e-06 8.395e-05 -1.000 1.969e-04 -3.068 0.109 -1.876 -2.969 -3.321 -3.500 -3.568
0.0001957 -1.90000 10.03342 0.8257482648 2.4274072786    0.778  3.175  3.6450  0.686    3  0.000  0.521    37.34    23.11    15.37    12.15     9.86  1 -9.59e-09      0.00 7.507e-01 2.491e-01 3.278e-05 9.954e-06 8.395e-05 -1.000 1.969e-04 -3.168 0.107 -1.932 -3.056 -3.418 -3.603 -3.673
0.0001957 -1.90000 10.03342 0.8257574439 2.4274102631    0.774  3.218  3.6424  0.630    3  0.000  0.521    42.00    25.53    16.91    13.38    10.86  1 -1.13e-08      0.00 7.507e-01 2.491e-01 3.278e-05 9.954e-06 8.395e-05 -1.000 1.969e-04 -3.276 0.103 -1.990 -3.149 -3.522 -3.712 -3.784
0.0001957 -1.90000 10.03342 0.8257660270 2.4274130538    0.769  3.259  3.6398  0.577    3  0.000  0.521    46.97    28.07    18.51    14.67    11.91  1 -1.33e-08      0.00 7.507e-01 2.491e-01 3.278e-05 9.954e-06 8.395e-05 -1.000 1.969e-04 -3.377 0.103 -2.043 -3.236 -3.619 -3.815 -3.890
0.0001957 -1.90000 10.03342 0.8257684112 2.4274138290    0.768  3.269  3.6393  0.564    3  0.000  0.521    48.26    28.72    18.92    15.00    12.18  1 -1.39e-08      0.00 7.507e-01 2.491e-01 3.278e-05 9.954e-06 8.395e-05 -1.000 1.969e-04 -3.402 0.102 -2.055 -3.256 -3.642 -3.840 -3.915
0.0001957 -1.90000 10.03342 0.8257684112 2.4274138290    0.768  1.705  3.8341  2.906    4  0.000  0.531     0.00     0.00     0.00     0.00     0.00 -1    -1e-30      0.00 7.542e-01 2.456e-01 3.318e-05 9.333e-06 8.333e-05 -1.000 1.969e-04 0.507 1.090 0.572 0.488 0.514 0.542 0.563
0.0001957 -1.90000 10.03342 0.8257694244 2.4274141584    0.768  1.715  3.8275  2.870    4  0.000  0.531     0.00     0.00     0.00     0.00     0.00 -1    -1e-30      0.00 7.542e-01 2.456e-01 3.318e-05 9.333e-06 8.333e-05 -1.000 1.969e-04 0.482 1.087 0.565 0.459 0.473 0.497 0.517
0.0001957 -1.90000 10.03342 0.8258258700 2.4274325090    0.768  1.728  3.8222  2.836    4  0.000  0.531     0.00     0.00     0.00     0.00     0.00 -1    -1e-30      0.00 7.542e-01 2.456e-01 3.318e-05 9.333e-06 8.333e-05 -1.000 1.969e-04 0.449 1.073 0.546 0.422 0.427 0.448 0.465
0.0001957 -1.90000 10.03342 0.8258818984 2.4274507211    0.768  1.730  3.8229  2.837    4  0.000  0.531     0.00     0.00     0.00     0.00     0.00 -1    -1e-30      0.00 7.542e-01 2.456e-01 3.318e-05 9.333e-06 8.333e-05 -1.000 1.969e-04 0.446 1.067 0.541 0.419 0.425 0.446 0.464
0.0001957 -1.90000 10.03342 0.8259387016 2.4274691822    0.768  1.730  3.8241  2.842    4  0.000  0.531     0.00     0.00     0.00     0.00     0.00 -1    -1e-30      0.00 7.542e-01 2.456e-01 3.318e-05 9.333e-06 8.333e-05 -1.000 1.968e-04 0.445 1.061 0.536 0.419 0.427 0.449 0.467
0.0001957 -1.90000 10.03342 0.8259963393 2.4274879115    0.768  1.730  3.8257  2.848    4  0.000  0.531     0.00     0.00     0.00     0.00     0.00 -1    -1e-30      0.00 7.542e-01 2.456e-01 3.318e-05 9.333e-06 8.333e-05 -1.000 1.969e-04 0.444 1.055 0.531 0.419 0.430 0.453 0.472
0.0001957 -1.90000 10.03342 0.8260540366 2.4275066571    0.768  1.730  3.8274  2.855    4  0.000  0.531     0.00     0.00     0.00     0.00     0.00 -1    -1e-30      0.00 7.542e-01 2.456e-01 3.318e-05 9.333e-06 8.333e-05 -1.000 1.969e-04 0.444 1.049 0.526 0.420 0.434 0.458 0.477
0.0001957 -1.90000 10.03342 0.8261117339 2.4275253998    0.768  1.730  3.8293  2.862    4  0.000  0.531     0.00     0.00     0.00     0.00     0.00 -1    -1e-30      0.00 7.542e-01 2.456e-01 3.318e-05 9.333e-06 8.333e-05 -1.000 1.968e-04 0.445 1.042 0.521 0.421 0.439 0.465 0.484
0.0001957 -1.90000 10.03342 0.8261657953 2.4275429586    0.768  1.730  3.8311  2.870    4  0.000  0.531     0.00     0.00     0.00     0.00     0.00 -1    -1e-30      0.00 7.542e-01 2.456e-01 3.318e-05 9.333e-06 8.333e-05 -1.000 1.968e-04 0.445 1.036 0.517 0.423 0.444 0.471 0.491
0.0001957 -1.90000 10.03342 0.8262243867 2.4275619857    0.768  1.730  3.8328  2.877    4  0.000  0.531     0.00     0.00     0.00     0.00     0.00 -1    -1e-30      0.00 7.542e-01 2.456e-01 3.318e-05 9.333e-06 8.333e-05 -1.000 1.969e-04 0.446 1.031 0.513 0.425 0.450 0.477 0.497
0.0001957 -1.90000 10.03342 0.8262783289 2.4275795003    0.768  1.730  3.8341  2.882    4  0.000  0.531     0.00     0.00     0.00     0.00     0.00 -1    -1e-30      0.00 7.542e-01 2.456e-01 3.318e-05 9.333e-06 8.333e-05 -1.000 1.968e-04 0.446 1.027 0.510 0.426 0.453 0.481 0.502
0.0001957 -1.90000 10.03342 0.8263333440 2.4275973606    0.768  1.730  3.8351  2.886    4  0.000  0.531     0.00     0.00     0.00     0.00     0.00 -1    -1e-30      0.00 7.542e-01 2.456e-01 3.318e-05 9.333e-06 8.333e-05 -1.000 1.969e-04 0.446 1.024 0.507 0.427 0.455 0.484 0.505
0.0001957 -1.90000 10.03342 0.8263872862 2.4276148699    0.768  1.730  3.8355  2.888    4  0.000  0.531     0.00     0.00     0.00     0.00     0.00 -1    -1e-30      0.00 7.542e-01 2.456e-01 3.318e-05 9.333e-06 8.333e-05 -1.000 1.969e-04 0.445 1.021 0.505 0.426 0.456 0.484 0.506
0.0001957 -1.90000 10.03342 0.8264418840 2.4276325893    0.768  1.730  3.8355  2.887    4  0.000  0.531     0.00     0.00     0.00     0.00     0.00 -1    -1e-30      0.00 7.542e-01 2.456e-01 3.318e-05 9.333e-06 8.333e-05 -1.000 1.968e-04 0.444 1.020 0.504 0.425 0.455 0.483 0.505
0.0001957 -1.90000 10.03342 0.8264948726 2.4276497839    0.769  1.731  3.8350  2.885    4  0.000  0.531     0.00     0.00     0.00     0.00     0.00 -1    -1e-30      0.00 7.542e-01 2.456e-01 3.318e-05 9.333e-06 8.333e-05 -1.000 1.968e-04 0.442 1.020 0.503 0.423 0.452 0.480 0.501
0.0001957 -1.90000 10.03342 0.8265008330 2.4276517179    0.769  1.731  3.8349  2.884    4  0.000  0.531     0.00     0.00     0.00     0.00     0.00 -1    -1e-30      0.00 7.542e-01 2.456e-01 3.318e-05 9.333e-06 8.333e-05 -1.000 1.969e-04 0.442 1.020 0.503 0.423 0.451 0.479 0.501
0.0001957 -1.90000 10.03342 0.8265518546 2.4276682715    0.769  1.732  3.8337  2.878    4  0.000  0.531     0.00     0.00     0.00     0.00     0.00 -1    -1e-30      0.00 7.542e-01 2.456e-01 3.318e-05 9.333e-06 8.333e-05 -1.000 1.969e-04 0.440 1.021 0.504 0.419 0.445 0.473 0.494
0.0001957 -1.90000 10.03342 0.8266090751 2.4276868335    0.769  1.734  3.8316  2.869    4  0.000  0.531     0.00     0.00     0.00     0.00     0.00 -1    -1e-30      0.00 7.542e-01 2.456e-01 3.318e-05 9.333e-06 8.333e-05 -1.000 1.969e-04 0.436 1.025 0.506 0.414 0.436 0.463 0.483
0.0001957 -1.90000 10.03342 0.8266639709 2.4277046387    0.769  1.735  3.8289  2.856    4  0.000  0.531     0.00     0.00     0.00     0.00     0.00 -1    -1e-30      0.00 7.542e-01 2.456e-01 3.318e-05 9.333e-06 8.333e-05 -1.000 1.970e-04 0.431 1.029 0.508 0.408 0.425 0.450 0.469
0.0001957 -1.90000 10.03342 0.8267193437 2.4277225958    0.769  1.738  3.8254  2.840    4  0.000  0.531     0.00     0.00     0.00     0.00     0.00 -1    -1e-30      0.00 7.542e-01 2.456e-01 3.318e-05 9.333e-06 8.333e-05 -1.000 1.969e-04 0.426 1.037 0.513 0.400 0.411 0.433 0.452
0.0001957 -1.90000 10.03342 0.8267747164 2.4277405501    0.769  1.740  3.8211  2.820    4  0.000  0.531     0.00     0.00     0.00     0.00     0.00 -1    -1e-30      0.00 7.542e-01 2.456e-01 3.318e-05 9.333e-06 8.333e-05 -1.000 1.969e-04 0.419 1.046 0.518 0.391 0.394 0.414 0.431
0.0001957 -1.90000 10.03342 0.8268283010 2.4277579219    0.769  1.744  3.8161  2.797    4  0.000  0.531     0.00     0.00     0.00     0.00     0.00 -1    -1e-30      0.00 7.542e-01 2.456e-01 3.318e-05 9.333e-06 8.333e-05 -1.000 1.969e-04 0.411 1.058 0.525 0.381 0.375 0.391 0.407
0.0001957 -1.90000 10.03342 0.8268813491 2.4277751173    0.769  1.747  3.8106  2.772    4  0.000  0.531     0.00     0.00     0.00     0.00     0.00 -1    -1e-30      0.00 7.542e-01 2.456e-01 3.318e-05 9.333e-06 8.333e-05 -1.000 1.968e-04 0.403 1.072 0.533 0.370 0.354 0.366 0.380
0.0001957 -1.90000 10.03342 0.8268864155 2.4277767595    0.769  1.747  3.8101  2.769    4  0.000  0.531     0.00     0.00     0.00     0.00     0.00 -1    -1e-30      0.00 7.542e-01 2.456e-01 3.318e-05 9.333e-06 8.333e-05 -1.000 1.968e-04 0.402 1.073 0.534 0.368 0.352 0.364 0.378
0.0001957 -1.90000 10.03342 0.8268958330 2.4277798118    0.769  1.748  3.8091  2.764    4  0.000  0.531     0.00     0.00     0.00     0.00     0.00 -1    -1e-30      0.00 7.542e-01 2.456e-01 3.318e-05 9.333e-06 8.333e-05 -1.000 1.969e-04 0.400 1.076 0.536 0.366 0.348 0.359 0.373
0.0001957 -1.90000 10.03342 0.8269511461 2.4277977380    0.769  1.752  3.8029  2.736    4  0.000  0.531     0.00     0.00     0.00     0.00     0.00 -1    -1e-30      0.00 7.542e-01 2.456e-01 3.318e-05 9.333e-06 8.333e-05 -1.000 1.969e-04 0.390 1.094 0.546 0.355 0.325 0.332 0.343
0.0001957 -1.90000 10.03342 0.8270050883 2.4278152172    0.769  1.756  3.7971  2.708    4  0.000  0.531     0.00     0.00     0.00     0.00     0.00 -1    -1e-30      0.00 7.542e-01 2.456e-01 3.318e-05 9.333e-06 8.333e-05 -1.000 1.969e-04 0.380 1.112 0.556 0.343 0.303 0.305 0.314
0.0001957 -1.90000 10.03342 0.8270627260 2.4278338910    0.769  1.761  3.7908  2.678    4  0.000  0.531     0.00     0.00     0.00     0.00     0.00 -1    -1e-30      0.00 7.542e-01 2.456e-01 3.318e-05 9.333e-06 8.333e-05 -1.000 1.969e-04 0.368 1.131 0.565 0.329 0.278 0.275 0.282
0.0001957 -1.90000 10.03342 0.8271176219 2.4278516737    0.769  1.766  3.7847  2.649    4  0.000  0.531     0.00     0.00     0.00     0.00     0.00 -1    -1e-30      0.00 7.542e-01 2.456e-01 3.318e-05 9.333e-06 8.333e-05 -1.000 1.969e-04 0.354 1.149 0.573 0.315 0.254 0.245 0.250
0.0001957 -1.90000 10.03342 0.8271701932 2.4278687009    0.769  1.772  3.7798  2.623    4  0.000  0.531     0.00     0.00     0.00     0.00     0.00 -1    -1e-30      0.00 7.542e-01 2.456e-01 3.318e-05 9.333e-06 8.333e-05 -1.000 1.969e-04 0.341 1.162 0.577 0.301 0.231 0.218 0.221
0.0001957 -1.90000 10.03342 0.8272244334 2.4278862660    0.769  1.778  3.7753  2.600    4  0.000  0.531     0.00     0.00     0.00     0.00     0.00 -1    -1e-30      0.00 7.542e-01 2.456e-01 3.318e-05 9.333e-06 8.333e-05 -1.000 1.969e-04 0.326 1.174 0.578 0.287 0.209 0.191 0.193
0.0001957 -1.90000 10.03342 0.8272777200 2.4279035196    0.769  1.783  3.7718  2.580    4  0.000  0.531     0.00     0.00     0.00     0.00     0.00 -1    -1e-30      0.00 7.542e-01 2.456e-01 3.318e-05 9.333e-06 8.333e-05 -1.000 1.969e-04 0.312 1.181 0.576 0.273 0.188 0.167 0.168
0.0001957 -1.90000 10.03342 0.8273314834 2.4279209251    0.769  1.790  3.7686  2.561    4  0.000  0.531     0.00     0.00     0.00     0.00     0.00 -1    -1e-30      0.00 7.542e-01 2.456e-01 3.318e-05 9.333e-06 8.333e-05 -1.000 1.969e-04 0.296 1.185 0.572 0.257 0.167 0.143 0.142
0.0001957 -1.90000 10.03342 0.8273853660 2.4279383666    0.770  1.797  3.7655  2.541    4  0.000  0.531     0.00     0.00     0.00     0.00     0.00 -1    -1e-30      0.00 7.542e-01 2.456e-01 3.318e-05 9.333e-06 8.333e-05 -1.000 1.969e-04 0.278 1.186 0.566 0.240 0.144 0.117 0.115
0.0001957 -1.90000 10.03342 0.8274395466 2.4279559019    0.770  1.799  3.7645  2.535    4  0.000  0.531     0.00     0.00     0.00     0.00     0.00 -1    -1e-30      0.00 7.542e-01 2.456e-01 3.318e-05 9.333e-06 8.333e-05 -1.000 1.968e-04 0.272 1.186 0.563 0.233 0.136 0.108 0.105
0.0001957 -1.90000 10.03342 0.8274503350 2.4279593932    0.770  1.791  3.7678  2.557    4  0.000  0.531     0.00     0.00     0.00     0.00     0.00 -1    -1e-30      0.00 7.542e-01 2.456e-01 3.318e-05 9.333e-06 8.333e-05 -1.000 1.969e-04 0.293 1.187 0.572 0.254 0.163 0.138 0.137
0.0001957 -1.90000 10.03342 0.8275059462 2.4279773881    0.770  1.808  3.7610  2.512    4  0.000  0.531     0.00     0.00     0.00     0.00     0.00 -1    -1e-30      0.00 7.542e-01 2.456e-01 3.318e-05 9.333e-06 8.333e-05 -1.000 1.970e-04 0.250 1.186 0.554 0.212 0.109 0.078 0.073
0.0001957 -1.90000 10.03342 0.8275606632 2.4279950911    0.770  1.829  3.7549  2.467    4  0.000  0.531     0.00     0.00     0.00     0.00     0.00 -1    -1e-30      0.00 7.542e-01 2.456e-01 3.318e-05 9.333e-06 8.333e-05 -1.000 1.969e-04 0.198 1.176 0.526 0.161 0.048 0.010 0.003
0.0001957 -1.90000 10.03342 0.8276067376 2.4280099958    0.770  1.858  3.7479  2.409    4  0.000  0.531     0.00     0.00     0.00     0.00     0.00 -1    -1e-30      0.00 7.542e-01 2.456e-01 3.318e-05 9.333e-06 8.333e-05 -1.000 1.969e-04 0.124 1.152 0.478 0.088 -0.037 -0.082 -0.092
0.0001957 -1.90000 10.03342 0.8276317120 2.4280180739    0.770  1.892  3.7410  2.349    4  0.000  0.531     0.00     0.00     0.00     0.00     0.00 -1    -1e-30      0.00 7.542e-01 2.456e-01 3.318e-05 9.333e-06 8.333e-05 -1.000 1.969e-04 0.040 1.119 0.421 0.006 -0.131 -0.183 -0.196
0.0001957 -1.90000 10.03342 0.8276429772 2.4280217176    0.770  1.926  3.7350  2.290    4  0.000  0.531     0.00     0.00     0.00     0.00     0.00 -1    -1e-30      0.00 7.542e-01 2.456e-01 3.318e-05 9.333e-06 8.333e-05 -1.000 1.969e-04 -0.045 1.084 0.359 -0.078 -0.225 -0.284 -0.299
0.0001957 -1.90000 10.03342 0.8276480436 2.4280233563    0.770  1.961  3.7297  2.234    4  0.000  0.531     0.00     0.00     0.00     0.00     0.00 -1    -1e-30      0.00 7.542e-01 2.456e-01 3.318e-05 9.333e-06 8.333e-05 -1.000 1.969e-04 -0.134 1.042 0.292 -0.165 -0.322 -0.386 -0.404
0.0001957 -1.90000 10.03342 0.8276504278 2.4280241274    0.770  1.998  3.7251  2.179    4  0.000  0.531     0.00     0.00     0.00     0.00     0.00 -1    -1e-30      0.00 7.542e-01 2.456e-01 3.318e-05 9.333e-06 8.333e-05 -1.000 1.969e-04 -0.224 0.995 0.221 -0.254 -0.418 -0.488 -0.507
0.0001957 -1.90000 10.03342 0.8276513815 2.4280244358    0.770  2.022  3.7225  2.145    7  0.000  0.531     0.00     0.00     0.00     0.00     0.00 -1    -1e-30      0.00 7.542e-01 2.456e-01 3.318e-05 9.333e-06 8.333e-05 -1.000 1.969e-04 -0.284 0.960 0.172 -0.313 -0.481 -0.554 -0.575
0.0001957 -1.90000 10.03342 0.8276517391 2.4280245515    0.770  2.035  3.7213  2.127    7  0.000  0.531     0.00     0.00     0.00     0.00     0.00 -1    -1e-30      0.00 7.542e-01 2.456e-01 3.318e-05 9.333e-06 8.333e-05 -1.000 1.968e-04 -0.317 0.939 0.144 -0.345 -0.515 -0.589 -0.611
0.0001957 -1.90000 10.03342 0.8276528716 2.4280249178    0.770  2.078  3.7177  2.069    7  0.000  0.531     0.00     0.00     0.00     0.00     0.00 -1    -1e-30      0.00 7.542e-01 2.456e-01 3.318e-05 9.333e-06 8.333e-05 -1.000 1.969e-04 -0.426 0.868 0.052 -0.452 -0.629 -0.706 -0.730
0.0001957 -1.90000 10.03342 0.8276537657 2.4280252070    0.770  2.113  3.7151  2.023    7  0.000  0.531     0.00     0.00     0.00     0.00     0.00 -1    -1e-30      0.00 7.542e-01 2.456e-01 3.318e-05 9.333e-06 8.333e-05 -1.000 1.968e-04 -0.513 0.809 -0.023 -0.538 -0.719 -0.800 -0.825
0.0001957 -1.90000 10.03342 0.8276546597 2.4280254961    0.770  2.131  3.7138  2.001    7  0.000  0.531     0.00     0.00     0.00     0.00     0.00 -1    -1e-30      0.00 7.542e-01 2.456e-01 3.318e-05 9.333e-06 8.333e-05 -1.000 1.969e-04 -0.557 0.778 -0.061 -0.581 -0.765 -0.847 -0.872
0.0001957 -1.90000 10.03342 0.8276556134 2.4280258046    0.770  2.141  3.7132  1.988    7  0.000  0.531     0.00     0.00     0.00     0.00     0.00 -1    -1e-30      0.00 7.542e-01 2.456e-01 3.318e-05 9.333e-06 8.333e-05 -1.000 1.969e-04 -0.582 0.761 -0.083 -0.606 -0.790 -0.873 -0.899
0.0001957 -1.90000 10.03342 0.8276578188 2.4280265178    0.770  2.135  3.7138  1.996    7  0.000  0.531     0.00     0.00     0.00     0.00     0.00 -1    -1e-30      0.00 7.542e-01 2.456e-01 3.318e-05 9.333e-06 8.333e-05 -1.000 1.969e-04 -0.568 0.768 -0.072 -0.592 -0.776 -0.858 -0.883
0.0001957 -1.90000 10.03342 0.8276599646 2.4280272118    0.770  2.128  3.7143  2.006    7  0.000  0.531     0.00     0.00     0.00     0.00     0.00 -1    -1e-30      0.00 7.542e-01 2.456e-01 3.318e-05 9.333e-06 8.333e-05 -1.000 1.968e-04 -0.549 0.781 -0.056 -0.574 -0.756 -0.838 -0.863
0.0001957 -1.90000 10.03342 0.8276802897 2.4280337853    0.770  2.135  3.7135  1.995    7  0.000  0.531     0.00     0.00     0.00     0.00     0.00 -1    -1e-30      0.00 7.542e-01 2.456e-01 3.318e-05 9.333e-06 8.333e-05 -1.000 1.968e-04 -0.568 0.771 -0.070 -0.592 -0.776 -0.858 -0.884
0.0001957 -1.90000 10.03342 0.8276961446 2.4280389127    0.770  2.158  3.7117  1.965    7  0.000  0.531     0.00     0.00     0.00     0.00     0.00 -1    -1e-30      0.00 7.542e-01 2.456e-01 3.318e-05 9.333e-06 8.333e-05 -1.000 1.968e-04 -0.626 0.734 -0.120 -0.649 -0.836 -0.921 -0.948
0.0001957 -1.90000 10.03342 0.8277170658 2.4280456782    0.770  2.208  3.7082  1.901    7  0.000  0.531     0.00     0.00     0.00     0.00     0.00 -1    -1e-30      0.00 7.542e-01 2.456e-01 3.318e-05 9.333e-06 8.333e-05 -1.000 1.969e-04 -0.751 0.653 -0.226 -0.771 -0.965 -1.054 -1.082
0.0001957 -1.90000 10.03342 0.8277357817 2.4280517302    0.770  2.268  3.7042  1.825    7  0.000  0.531     0.00     0.00     0.00     0.00     0.00 -1    -1e-30      0.00 7.542e-01 2.456e-01 3.318e-05 9.333e-06 8.333e-05 -1.000 1.969e-04 -0.900 0.557 -0.354 -0.917 -1.119 -1.213 -1.243
0.0001957 -1.90000 10.03342 0.8277528286 2.4280572423    0.770  2.321  3.7008  1.759    7  0.000  0.531     0.00     0.00     0.00     0.00     0.00 -1    -1e-30      0.00 7.542e-01 2.456e-01 3.318e-05 9.333e-06 8.333e-05 -1.000 1.968e-04 -1.033 0.469 -0.468 -1.047 -1.255 -1.353 -1.385
0.0001957 -1.90000 10.03342 0.8277681470 2.4280621952    0.770  2.366  3.6981  1.703    7  0.000  0.531     0.00     0.00     0.00     0.00     0.00 -1    -1e-30      0.00 7.542e-01 2.456e-01 3.317e-05 9.333e-06 8.333e-05 -1.000 1.942e-04 -1.145 0.396 -0.565 -1.157 -1.370 -1.471 -1.505
0.0001957 -1.90000 10.03342 0.8277816772 2.4280665698    0.770  2.409  3.6955  1.649    7  0.000  0.531     0.00     0.00     0.00     0.00     0.00 -1    -1e-30      0.00 7.542e-01 2.456e-01 3.315e-05 9.338e-06 8.333e-05 -1.000 1.540e-04 -1.254 0.326 -0.658 -1.262 -1.480 -1.584 -1.620
0.0001957 -1.90000 10.03342 0.8277934790 2.4280703854    0.770  2.451  3.6930  1.597    7  0.000  0.529     0.00     0.00     0.00     0.00     0.00 -1    -1e-30      0.00 7.542e-01 2.456e-01 3.307e-05 9.376e-06 8.333e-05 -1.000 1.886e-04 -1.358 0.258 -0.747 -1.363 -1.585 -1.693 -1.730
0.0001957 -1.90000 10.03342 0.8278040290 2.4280737962    0.770  2.492  3.6906  1.547    7  0.000  0.525     0.00     0.00     0.00     0.00     0.00 -1    -1e-30      0.00 7.542e-01 2.457e-01 3.279e-05 9.575e-06 8.334e-05 -1.000 1.543e-04 -1.459 0.193 -0.833 -1.461 -1.688 -1.799 -1.837
0.0001957 -1.90000 10.03342 0.8278135061 2.4280768600    0.770  2.532  3.6883  1.498    7  0.000  0.515     6.65     5.31     3.77     2.92     2.36  3    -1e-30      0.00 7.541e-01 2.458e-01 3.219e-05 1.018e-05 8.336e-05 -1.000 1.968e-04 -1.559 0.130 -0.918 -1.558 -1.790 -1.904 -1.943
0.0001957 -1.90000 10.03342 0.8278222084 2.4280796733    0.770  2.572  3.6859  1.448    7  0.000  0.501     7.39     5.81     4.11     3.19     2.58  3    -1e-30      0.00 7.539e-01 2.459e-01 3.136e-05 1.116e-05 8.337e-05 -1.000 1.951e-04 -1.661 0.070 -1.002 -1.655 -1.892 -2.009 -2.050
0.0001957 -1.90000 10.03342 0.8278303146 2.4280822938    0.770  2.613  3.6835  1.397    7  0.000  0.488     8.23     6.37     4.49     3.48     2.82  3    -1e-30      0.00 7.538e-01 2.461e-01 3.053e-05 1.219e-05 8.339e-05 -1.000 1.795e-04 -1.763 0.030 -1.085 -1.756 -1.998 -2.118 -2.160
0.0001957 -1.90000 10.03342 0.8278377652 2.4280847024    0.770  2.654  3.6810  1.347    7  0.000  0.476     9.15     6.97     4.90     3.80     3.08  3    -1e-30      0.00 7.536e-01 2.462e-01 2.980e-05 1.308e-05 8.341e-05 -1.000 1.690e-04 -1.864 -0.003 -1.164 -1.856 -2.102 -2.226 -2.270
0.0001957 -1.90000 10.03342 0.8278447986 2.4280869760    0.770  2.694  3.6786  1.297    7  0.000  0.466    10.18     7.63     5.34     4.15     3.36  3    -1e-30      0.00 7.534e-01 2.464e-01 2.918e-05 1.385e-05 8.343e-05 -1.000 1.943e-04 -1.965 -0.028 -1.241 -1.954 -2.206 -2.333 -2.378
0.0001957 -1.90000 10.03342 0.8278515339 2.4280891532    0.770  2.733  3.6762  1.248    7  0.000  0.458    11.29     8.34     5.81     4.52     3.66  3    -1e-30      0.00 7.532e-01 2.466e-01 2.865e-05 1.451e-05 8.343e-05 -1.000 1.811e-04 -2.063 -0.048 -1.313 -2.050 -2.308 -2.438 -2.485
0.0001957 -1.90000 10.03342 0.8278580308 2.4280912533    0.770  2.772  3.6738  1.199    7  0.000  0.450    12.53     9.11     6.32     4.93     3.99  2    -1e-30      0.00 7.530e-01 2.468e-01 2.818e-05 1.508e-05 8.343e-05 -1.000 1.655e-04 -2.161 -0.059 -1.383 -2.145 -2.409 -2.543 -2.591
0.0001957 -1.90000 10.03342 0.8278641105 2.4280932185    0.770  2.812  3.6713  1.149    7  0.000  0.444    13.92     9.97     6.89     5.37     4.35  2    -1e-30      0.00 7.528e-01 2.470e-01 2.777e-05 1.559e-05 8.340e-05 -1.000 1.969e-04 -2.261 -0.066 -1.452 -2.242 -2.513 -2.650 -2.699
0.0001957 -1.90000 10.03342 0.8278693557 2.4280949139    0.770  2.852  3.6688  1.100    7  0.000  0.439    15.48    10.91     7.50     5.87     4.75  2    -1e-30      0.00 7.527e-01 2.471e-01 2.743e-05 1.602e-05 8.336e-05 -1.000 1.969e-04 -2.360 -0.063 -1.517 -2.337 -2.615 -2.756 -2.807
0.0001957 -1.90000 10.03342 0.8278738260 2.4280963589    0.770  2.891  3.6663  1.051    7  0.000  0.434    17.17    11.91     8.16     6.39     5.18  2    -1e-30      0.00 7.525e-01 2.473e-01 2.714e-05 1.639e-05 8.329e-05 -1.000 1.968e-04 -2.458 -0.054 -1.578 -2.429 -2.715 -2.860 -2.913
0.0001957 -1.90000 10.03342 0.8278776407 2.4280975919    0.770  2.931  3.6637  1.001    7  0.000  0.431    19.10    13.04     8.90     6.98     5.65  2    -1e-30      0.00 7.523e-01 2.475e-01 2.688e-05 1.674e-05 8.318e-05 -1.000 1.968e-04 -2.557 -0.035 -1.636 -2.523 -2.817 -2.966 -3.020
0.0001957 -1.90000 10.03342 0.8278811574 2.4280987286    0.770  2.971  3.6611  0.950    7  0.000  0.428    21.27    14.30     9.72     7.63     6.18  2    -1e-30      0.00 7.521e-01 2.477e-01 2.666e-05 1.708e-05 8.303e-05 -1.000 1.969e-04 -2.658 -0.000 -1.689 -2.617 -2.920 -3.074 -3.131
0.0001957 -1.90000 10.03342 0.8278847933 2.4280999038    0.770  3.015  3.6582  0.895    7  0.000  0.426    23.92    15.80    10.69     8.40     6.81  1    -1e-30      0.00 7.519e-01 2.479e-01 2.646e-05 1.743e-05 8.285e-05 -1.000 1.969e-04 -2.766 0.051 -1.738 -2.716 -3.031 -3.191 -3.250
0.0001957 -1.90000 10.03342 0.8278877735 2.4281008671    0.770  3.054  3.6555  0.845    7  0.000  0.425    26.57    17.28    11.65     9.17     7.43  1    -1e-30      0.00 7.517e-01 2.481e-01 2.634e-05 1.770e-05 8.268e-05 -1.000 1.965e-04 -2.864 0.052 -1.792 -2.802 -3.127 -3.291 -3.353
0.0001957 -1.90000 10.03342 0.8278892040 2.4281013294    0.770  3.074  3.6541  0.819    7  0.000  0.424    28.06    18.10    12.18     9.59     7.78  1    -1e-30      0.00 7.516e-01 2.482e-01 2.627e-05 1.787e-05 8.258e-05 -1.000 1.968e-04 -2.914 0.052 -1.820 -2.846 -3.176 -3.343 -3.406
0.0001957 -1.90000 10.03342 0.8278898001 2.4281015221    0.770  3.081  3.6536  0.810    7  0.000  0.424    28.62    18.41    12.37     9.75     7.91  1    -1e-30      0.00 7.516e-01 2.482e-01 2.623e-05 1.797e-05 8.251e-05 -1.000 1.968e-04 -2.933 0.053 -1.830 -2.862 -3.194 -3.362 -3.425
0.0001957 -1.90000 10.03342 0.8278899193 2.4281015606    0.770  3.083  3.6535  0.807    7  0.000  0.424    28.78    18.50    12.43     9.79     7.94  1    -1e-30      0.00 7.515e-01 2.483e-01 2.622e-05 1.799e-05 8.250e-05 -1.000 1.968e-04 -2.938 0.053 -1.832 -2.866 -3.199 -3.367 -3.430
0.0001957 -1.90000 10.03342 0.8278902173 2.4281016569    0.770  3.088  3.6532  0.801    7  0.000  0.423    29.14    18.69    12.55     9.89     8.02  1    -1e-30      0.00 7.515e-01 2.483e-01 2.620e-05 1.803e-05 8.248e-05 -1.000 1.968e-04 -2.949 0.053 -1.839 -2.876 -3.210 -3.379 -3.442
0.0001957 -1.90000 10.03342 0.8278903365 2.4281016955    0.770  3.092  3.6529  0.797    7  0.000  0.423    29.45    18.86    12.66     9.98     8.09  1    -1e-30      0.00 7.515e-01 2.483e-01 2.619e-05 1.805e-05 8.246e-05 -1.000 1.969e-04 -2.959 0.053 -1.844 -2.885 -3.219 -3.389 -3.452
0.0001957 -1.90000 10.03342 0.8278905153 2.4281017533    0.770  3.101  3.6522  0.785    7  0.000  0.423    30.19    19.27    12.92    10.19     8.26  1    -1e-30      0.00 7.515e-01 2.483e-01 2.617e-05 1.811e-05 8.242e-05 -1.000 1.969e-04 -2.982 0.054 -1.856 -2.905 -3.242 -3.413 -3.477
0.0001957 -1.90000 10.03342 0.8278908134 2.4281018496    0.770  3.122  3.6507  0.758    7  0.000  0.423    31.97    20.23    13.54    10.68     8.66  1    -1e-30      0.00 7.514e-01 2.484e-01 2.611e-05 1.830e-05 8.229e-05 -1.000 1.969e-04 -3.034 0.057 -1.884 -2.950 -3.293 -3.466 -3.532
0.0001957 -1.90000 10.03342 0.8278911114 2.4281019459    0.770  3.174  3.6469  0.690    7  0.000  0.422    36.93    22.87    15.22    12.03     9.76  1    -1e-30      0.00 7.511e-01 2.487e-01 2.587e-05 1.907e-05 8.174e-05 -1.000 1.969e-04 -3.165 0.064 -1.952 -3.062 -3.419 -3.600 -3.669
0.0001957 -1.90000 10.03342 0.8278917670 2.4281021578    0.770  3.243  3.6417  0.600    7  0.523  0.421    44.65    26.89    17.76    14.07    11.42  1    -1e-30      0.00 7.506e-01 2.492e-01 2.559e-05 2.004e-05 8.103e-05 -1.000 1.969e-04 -3.338 0.078 -2.035 -3.207 -3.583 -3.775 -3.848
0.0001957 -1.90000 10.03342 0.8278918862 2.4281021964    0.770  3.251  3.6374  0.575    8  0.523  0.436    47.15    28.16    18.57    14.72    11.95  1 -3.85e-07      0.00 7.506e-01 2.493e-01 2.672e-05 2.020e-05 8.172e-05 -1.000 1.432e-04 -3.358 0.180 -1.990 -3.202 -3.593 -3.794 -3.870
0.0001957 -1.90000 10.03342 0.8278919458 2.4281022156    0.768  3.035  3.6532  0.853    8  0.523  0.436    26.10    17.02    11.48     9.03     7.32  1 -1.65e-07      0.00 7.506e-01 2.493e-01 2.672e-05 2.020e-05 8.172e-05 -1.000 1.432e-04 -2.818 0.147 -1.721 -2.746 -3.076 -3.245 -3.308
0.0001957 -1.90000 10.03342 0.8278920650 2.4281022541    0.765  2.884  3.6642  1.047    8  0.523  0.436    17.28    11.98     8.20     6.42     5.20  2  -9.7e-08      0.00 7.506e-01 2.493e-01 2.672e-05 2.020e-05 8.172e-05 -1.000 1.432e-04 -2.440 0.042 -1.532 -2.407 -2.698 -2.846 -2.900
0.0001957 -1.90000 10.03342 0.8278923035 2.4281023312    0.760  2.674  3.6795  1.315    8  0.523  0.436     9.76     7.36     5.16     4.01     3.24  3 -5.01e-08      0.00 7.506e-01 2.493e-01 2.672e-05 2.020e-05 8.172e-05 -1.000 1.432e-04 -1.915 -0.009 -1.201 -1.906 -2.156 -2.281 -2.326
0.0001957 -1.90000 10.03342 0.8278926015 2.4281024275    0.752  2.681  3.6788  1.301    8  0.523  0.436    10.02     7.54     5.27     4.10     3.32  3 -5.17e-08      0.00 7.506e-01 2.493e-01 2.672e-05 2.020e-05 8.172e-05 -1.000 1.432e-04 -1.932 -0.004 -1.211 -1.922 -2.174 -2.301 -2.345
0.0001957 -1.90000 10.03342 0.8278930187 2.4281025624    0.743  2.769  3.6721  1.180    8  0.524  0.436    12.91     9.34     6.47     5.05     4.09  2 -6.88e-08      0.00 7.506e-01 2.493e-01 2.672e-05 2.020e-05 8.172e-05 -1.000 1.432e-04 -2.153 0.009 -1.354 -2.134 -2.403 -2.539 -2.588
0.0001957 -1.90000 10.03342 0.8278934956 2.4281027165    0.731  2.955  3.6581  0.932    8  0.524  0.436    21.80    14.57     9.89     7.77     6.30  1 -1.31e-07      0.00 7.506e-01 2.493e-01 2.672e-05 2.020e-05 8.172e-05 -1.000 1.432e-04 -2.616 0.176 -1.597 -2.566 -2.880 -3.039 -3.098
0.0001957 -1.90000 10.03342 0.8278940320 2.4281028899    0.718  3.122  3.6454  0.706    8  0.524  0.436    35.12    21.82    14.53    11.50     9.33  1  -2.5e-07      0.00 7.506e-01 2.493e-01 2.672e-05 2.020e-05 8.172e-05 -1.000 1.432e-04 -3.034 0.217 -1.808 -2.924 -3.284 -3.468 -3.537
0.0001957 -1.90000 10.03342 0.8278946877 2.4281031018    0.704  3.235  3.6367  0.549    8  0.525  0.436    48.85    28.81    18.94    15.06    12.22  1 -4.08e-07      0.00 7.506e-01 2.493e-01 2.672e-05 2.020e-05 8.172e-05 -1.000 1.432e-04 -3.317 0.257 -1.931 -3.155 -3.550 -3.753 -3.830
0.0001957 -1.90000 10.03342 0.8278954029 2.4281033330    0.687  3.299  3.6315  0.455    8  0.525  0.436    59.56    33.99    22.16    17.69    14.36  1 -5.56e-07      0.00 7.506e-01 2.493e-01 2.672e-05 2.020e-05 8.172e-05 -1.000 1.432e-04 -3.476 0.291 -1.983 -3.280 -3.698 -3.913 -3.995
0.0001957 -1.90000 10.03342 0.8278961778 2.4281035834    0.670  3.333  3.6285  0.397    8  0.526  0.436    67.04    37.46    24.30    19.45    15.78  1 -6.72e-07      0.00 7.506e-01 2.493e-01 2.672e-05 2.020e-05 8.172e-05 -1.000 1.432e-04 -3.562 0.317 -1.999 -3.341 -3.775 -3.998 -4.083
0.0001957 -1.90000 10.03342 0.8278970718 2.4281038724    0.651  3.355  3.6264  0.354    8  0.526  0.436    73.21    40.21    25.99    20.84    16.91  1 -7.76e-07      0.00 7.506e-01 2.493e-01 2.672e-05 2.020e-05 8.172e-05 -1.000 1.432e-04 -3.617 0.341 -2.002 -3.378 -3.824 -4.053 -4.141
0.0001957 -1.90000 10.03342 0.8279014826 2.4281052980    0.528 -9.999  4.0000  1.866    9  0.529  0.000     0.00     0.00     0.00     0.00     0.00 -1    -1e-30      0.00 7.506e-01 2.493e-01 2.672e-05 2.020e-05 8.172e-05 -1.000 1.432e-04 29.767 30.108 29.970 30.249 30.477 30.556 30.645
