# Zini     MH   logAge Mini        int_IMF         Mass   logL    logTe  logg  label   McoreTP C_O  period0  period1  period2  period3  period4  pmode  Mloss  tau1m   X   Y   Xc  Xn  Xo  Cexcess  Z 	 mbolmag  umag    gmag    rmag    imag    zmag    Ymag
0.00077741 -1.30000 10.07188 0.0900000036 1.0816895926    0.090 -3.201  3.4634  5.399    1  0.000  0.545     0.00     0.00     0.00     0.00     0.00 -1 -5.27e-17      0.00 7.472e-01 2.520e-01 1.471e-04 3.970e-05 3.601e-04 -1.000 8.184e-04 12.773 17.967 16.537 14.649 12.766 12.142 12.023
0.00077741 -1.30000 10.07188 0.1000000089 1.1711064744    0.100 -2.934  3.5014  5.330    1  0.000  0.545     0.00     0.00     0.00     0.00     0.00 -1    -1e-16      0.00 7.457e-01 2.535e-01 1.471e-04 3.970e-05 3.601e-04 -1.000 8.184e-04 12.106 17.113 15.064 13.277 11.991 11.527 11.412
0.00077741 -1.30000 10.07188 0.1200000048 1.3193154741    0.120 -2.650  3.5336  5.253    1  0.000  0.545     0.00     0.00     0.00     0.00     0.00 -1 -1.92e-16      0.00 7.433e-01 2.559e-01 1.471e-04 3.970e-05 3.601e-04 -1.000 8.184e-04 11.395 15.983 13.770 12.128 11.222 10.855 10.746
0.00077741 -1.30000 10.07188 0.1400000006 1.4384526719    0.140 -2.468  3.5495  5.202    1  0.000  0.545     0.00     0.00     0.00     0.00     0.00 -1 -2.86e-16      0.00 7.415e-01 2.577e-01 1.471e-04 3.970e-05 3.601e-04 -1.000 8.184e-04 10.941 15.254 13.066 11.507 10.746 10.417 10.313
0.00077741 -1.30000 10.07188 0.1599999964 1.5372931554    0.160 -2.328  3.5598  5.161    1  0.000  0.545     0.00     0.00     0.00     0.00     0.00 -1 -3.88e-16      0.00 7.402e-01 2.590e-01 1.471e-04 3.970e-05 3.601e-04 -1.000 8.184e-04 10.589 14.709 12.564 11.062 10.383 10.075 9.975
0.00077741 -1.30000 10.07188 0.2000000179 1.6938791367    0.200 -2.106  3.5736  5.092    1  0.000  0.545     0.00     0.00     0.00     0.00     0.00 -1 -5.96e-16      0.00 7.389e-01 2.603e-01 1.471e-04 3.970e-05 3.601e-04 -1.000 8.184e-04 10.036 13.887 11.825 10.404 9.819 9.537 9.442
0.00077741 -1.30000 10.07188 0.2500000000 1.8403257998    0.250 -1.902  3.5848  5.029    1  0.000  0.545     0.00     0.00     0.00     0.00     0.00 -1  -1.1e-16      0.00 7.387e-01 2.605e-01 1.471e-04 3.970e-05 3.601e-04 -1.000 8.184e-04 9.525 13.162 11.175 9.826 9.299 9.036 8.946
0.00077741 -1.30000 10.07188 0.3000000417 1.9529140366    0.300 -1.746  3.5933  4.986    1  0.000  0.545     0.00     0.00     0.00     0.00     0.00 -1 -4.93e-17      0.00 7.389e-01 2.603e-01 1.471e-04 3.971e-05 3.601e-04 -1.000 8.183e-04 9.134 12.612 10.684 9.393 8.903 8.654 8.568
0.00077741 -1.30000 10.07188 0.3499999940 2.0434174644    0.350 -1.619  3.6005  4.955    1  0.000  0.545     0.00     0.00     0.00     0.00     0.00 -1  -1.7e-15      0.00 7.448e-01 2.544e-01 1.471e-04 3.970e-05 3.601e-04 -1.000 8.183e-04 8.817 12.168 10.286 9.043 8.580 8.342 8.260
0.00077741 -1.30000 10.07188 0.4000000358 2.1185024810    0.400 -1.471  3.6117  4.910    1  0.000  0.545     0.00     0.00     0.00     0.00     0.00 -1 -2.36e-15      0.00 7.494e-01 2.498e-01 1.471e-04 3.970e-05 3.601e-04 -1.000 8.185e-04 8.447 11.615 9.798 8.630 8.203 7.982 7.905
0.00077741 -1.30000 10.07188 0.4500000477 2.1822809714    0.450 -1.294  3.6298  4.856    1  0.000  0.545     0.00     0.00     0.00     0.00     0.00 -1 -3.55e-15      0.00 7.494e-01 2.497e-01 1.471e-04 3.970e-05 3.601e-04 -1.000 8.183e-04 8.005 10.896 9.174 8.126 7.754 7.561 7.493
0.00077741 -1.30000 10.07188 0.5000000000 2.2374541529    0.500 -1.093  3.6576  4.812    1  0.000  0.545     0.00     0.00     0.00     0.00     0.00 -1 -5.64e-15      0.00 7.494e-01 2.497e-01 1.471e-04 3.970e-05 3.601e-04 -1.000 8.184e-04 7.501 9.975 8.410 7.539 7.242 7.091 7.037
0.00077741 -1.30000 10.07188 0.5500000715 2.2836583126    0.550 -0.873  3.6864  4.749    1  0.000  0.544     0.00     0.00     0.00     0.00     0.00 -1 -9.58e-15      0.00 7.833e-01 2.160e-01 1.286e-04 3.472e-05 3.150e-04 -1.000 6.801e-04 6.952 8.945 7.626 6.924 6.693 6.583 6.543
0.00077741 -1.30000 10.07188 0.6000000238 2.3211213258    0.600 -0.665  3.7148  4.692    1  0.000  0.544     0.00     0.00     0.00     0.00     0.00 -1 -1.58e-14      0.00 7.930e-01 2.064e-01 1.237e-04 3.341e-05 3.033e-04 -1.000 6.826e-04 6.433 8.002 6.941 6.368 6.186 6.110 6.087
0.00077741 -1.30000 10.07188 0.6012358665 2.3219569623    0.601 -0.660  3.7156  4.691    1  0.000  0.544     0.00     0.00     0.00     0.00     0.00 -1  -1.6e-14      0.00 7.932e-01 2.061e-01 1.236e-04 3.338e-05 3.030e-04 -1.000 6.839e-04 6.420 7.979 6.924 6.354 6.173 6.099 6.076
0.00077741 -1.30000 10.07188 0.6156003475 2.3313873884    0.615 -0.598  3.7247  4.676    1  0.000  0.543     0.00     0.00     0.00     0.00     0.00 -1 -1.85e-14      0.00 7.963e-01 2.030e-01 1.220e-04 3.295e-05 2.992e-04 -1.000 6.979e-04 6.265 7.709 6.727 6.194 6.028 5.963 5.945
0.00077741 -1.30000 10.07188 0.6279167533 2.3390793576    0.628 -0.545  3.7324  4.662    1  0.000  0.543     0.00     0.00     0.00     0.00     0.00 -1 -2.06e-14      0.00 7.991e-01 2.002e-01 1.206e-04 3.258e-05 2.958e-04 -1.000 7.124e-04 6.132 7.485 6.562 6.058 5.903 5.848 5.833
0.00077741 -1.30000 10.07188 0.6398528218 2.3462097916    0.640 -0.493  3.7397  4.648    1  0.000  0.543     0.00     0.00     0.00     0.00     0.00 -1 -1.23e-14      0.00 8.019e-01 1.974e-01 1.191e-04 3.220e-05 2.924e-04 -1.000 6.547e-04 6.002 7.277 6.406 5.927 5.783 5.735 5.724
0.00077741 -1.30000 10.07188 0.6499999762 2.3520353107    0.650 -0.448  3.7459  4.634    1  0.000  0.543     0.00     0.00     0.00     0.00     0.00 -1 -2.67e-14      0.00 8.044e-01 1.950e-01 1.179e-04 3.186e-05 2.894e-04 -1.000 6.547e-04 5.890 7.104 6.273 5.817 5.683 5.641 5.633
0.00077741 -1.30000 10.07188 0.6534379721 2.3539619484    0.653 -0.433  3.7478  4.629    1  0.000  0.543     0.00     0.00     0.00     0.00     0.00 -1 -2.77e-14      0.00 8.054e-01 1.939e-01 1.174e-04 3.173e-05 2.881e-04 -1.000 6.547e-04 5.853 7.047 6.229 5.780 5.649 5.609 5.602
0.00077741 -1.30000 10.07188 0.6665977836 2.3611259535    0.666 -0.375  3.7549  4.608    1  0.000  0.543     0.00     0.00     0.00     0.00     0.00 -1 -3.22e-14      0.00 8.095e-01 1.899e-01 1.153e-04 3.119e-05 2.834e-04 -1.000 6.547e-04 5.707 6.832 6.059 5.638 5.518 5.486 5.482
0.00077741 -1.30000 10.07188 0.6787809730 2.3674743238    0.679 -0.320  3.7613  4.587    1  0.000  0.542     0.00     0.00     0.00     0.00     0.00 -1 -3.71e-14      0.00 8.135e-01 1.859e-01 1.133e-04 3.066e-05 2.786e-04 -1.000 6.506e-04 5.569 6.635 5.902 5.505 5.395 5.370 5.368
0.00077741 -1.30000 10.07188 0.6899732351 2.3730796997    0.690 -0.268  3.7671  4.565    1  0.000  0.542     0.00     0.00     0.00     0.00     0.00 -1 -2.85e-14      0.00 8.174e-01 1.820e-01 1.114e-04 3.014e-05 2.740e-04 -1.000 6.355e-04 5.440 6.460 5.757 5.381 5.280 5.260 5.261
0.00077741 -1.30000 10.07188 0.6999999881 2.3779266974    0.700 -0.221  3.7720  4.544    1  0.000  0.542     0.00     0.00     0.00     0.00     0.00 -1 -4.82e-14      0.00 8.210e-01 1.783e-01 1.096e-04 2.966e-05 2.697e-04 -1.000 6.084e-04 5.321 6.302 5.626 5.268 5.174 5.159 5.162
0.00077741 -1.30000 10.07188 0.7087714076 2.3820377846    0.708 -0.178  3.7761  4.523    1  0.000  0.540     0.00     0.00     0.00     0.00     0.00 -1 -5.41e-14      0.00 8.252e-01 1.743e-01 1.073e-04 2.911e-05 2.648e-04 -1.000 5.746e-04 5.214 6.164 5.508 5.165 5.078 5.067 5.072
0.00077741 -1.30000 10.07188 0.7196659446 2.3869838367    0.719 -0.122  3.7811  4.494    1  0.000  0.538     0.00     0.00     0.00     0.00     0.00 -1 -6.31e-14      0.00 8.305e-01 1.689e-01 1.043e-04 2.840e-05 2.585e-04 -1.000 5.547e-04 5.076 5.990 5.357 5.033 4.953 4.947 4.954
0.00077741 -1.30000 10.07188 0.7299712300 2.3915064564    0.730 -0.067  3.7856  4.463    1  0.000  0.536     0.00     0.00     0.00     0.00     0.00 -1 -7.36e-14      0.00 8.357e-01 1.637e-01 1.015e-04 2.770e-05 2.523e-04 -1.000 5.547e-04 4.938 5.826 5.209 4.900 4.827 4.826 4.834
0.00077741 -1.30000 10.07188 0.7389702201 2.3953373738    0.739 -0.017  3.7893  4.432    1  0.000  0.534     0.00     0.00     0.00     0.00     0.00 -1 -8.51e-14      0.00 8.404e-01 1.591e-01 9.888e-05 2.707e-05 2.467e-04 -1.000 5.625e-04 4.812 5.677 5.073 4.778 4.711 4.714 4.722
0.00077741 -1.30000 10.07188 0.7474607825 2.3988547608    0.747  0.033  3.7927  4.401    1  0.000  0.532     0.00     0.00     0.00     0.00     0.00 -1  -4.6e-14      0.00 8.448e-01 1.546e-01 9.638e-05 2.645e-05 2.413e-04 -1.000 5.565e-04 4.686 5.533 4.939 4.656 4.595 4.601 4.611
0.00077741 -1.30000 10.07188 0.7500000000 2.3998889087    0.749  0.049  3.7936  4.390    1  0.000  0.532     0.00     0.00     0.00     0.00     0.00 -1 -1.03e-13      0.00 8.462e-01 1.533e-01 9.563e-05 2.627e-05 2.397e-04 -1.000 5.547e-04 4.647 5.488 4.897 4.618 4.558 4.565 4.575
0.00077741 -1.30000 10.07188 0.7545539141 2.4017235482    0.754  0.078  3.7953  4.371    1  0.000  0.532     0.00     0.00     0.00     0.00     0.00 -1 -1.12e-13      0.00 8.482e-01 1.513e-01 9.474e-05 2.603e-05 2.375e-04 -1.000 5.547e-04 4.576 5.408 4.822 4.549 4.492 4.500 4.511
0.00077741 -1.30000 10.07188 0.7630586028 2.4050825042    0.762  0.134  3.7983  4.331    1  0.000  0.531     0.00     0.00     0.00     0.00     0.00 -1 -1.33e-13      0.00 8.514e-01 1.480e-01 9.330e-05 2.564e-05 2.341e-04 -1.000 5.547e-04 4.435 5.250 4.672 4.410 4.358 4.369 4.381
0.00077741 -1.30000 10.07188 0.7709694505 2.4081305378    0.770  0.190  3.8007  4.289    1  0.000  0.531     0.00     0.00     0.00     0.00     0.00 -1 -1.58e-13      0.00 8.541e-01 1.453e-01 9.219e-05 2.535e-05 2.316e-04 -1.000 5.441e-04 4.295 5.097 4.525 4.273 4.224 4.238 4.250
0.00077741 -1.30000 10.07188 0.7780403495 2.4107946973    0.777  0.244  3.8024  4.247    1  0.000  0.530     0.00     0.00     0.00     0.00     0.00 -1 -1.86e-13      0.00 8.560e-01 1.435e-01 9.151e-05 2.517e-05 2.301e-04 -1.000 5.420e-04 4.161 4.954 4.386 4.140 4.095 4.110 4.123
0.00077741 -1.30000 10.07188 0.7842368484 2.4130840363    0.783  0.294  3.8035  4.204    1  0.000  0.530     0.00     0.00     0.00     0.00     0.00 -1 -2.19e-13      0.00 8.561e-01 1.434e-01 9.163e-05 2.522e-05 2.305e-04 -1.000 5.589e-04 4.035 4.823 4.256 4.015 3.972 3.988 4.001
0.00077741 -1.30000 10.07188 0.7861154079 2.4137698895    0.785  0.310  3.8037  4.190    1  0.000  0.530     0.00     0.00     0.00     0.00     0.00 -1 -2.32e-13      0.00 8.560e-01 1.434e-01 9.171e-05 2.524e-05 2.307e-04 -1.000 5.639e-04 3.996 4.782 4.215 3.975 3.933 3.949 3.962
0.00077741 -1.30000 10.07188 0.7877182961 2.4143521230    0.787  0.325  3.8036  4.176    1  0.000  0.530     0.00     0.00     0.00     0.00     0.00 -1 -2.44e-13      0.00 8.559e-01 1.435e-01 9.179e-05 2.526e-05 2.309e-04 -1.000 5.670e-04 3.958 4.744 4.177 3.938 3.895 3.911 3.924
0.00077741 -1.30000 10.07188 0.7939080000 2.4165751159    0.793  0.385  3.8023  4.113    1  0.000  0.530     0.00     0.00     0.00     0.00     0.00 -1 -1.64e-13      0.00 8.557e-01 1.437e-01 9.209e-05 2.535e-05 2.318e-04 -1.000 5.806e-04 3.807 4.597 4.027 3.785 3.741 3.756 3.768
0.00077741 -1.30000 10.07188 0.7985719442 2.4182239868    0.797  0.436  3.7996  4.053    1  0.000  0.530     0.00     0.00     0.00     0.00     0.00 -1    -2e-13      0.00 8.555e-01 1.439e-01 9.232e-05 2.542e-05 2.324e-04 -1.000 5.897e-04 3.679 4.479 3.903 3.654 3.606 3.618 3.629
0.00077741 -1.30000 10.07188 0.7993634343 2.4185016115    0.798  0.446  3.7989  4.042    1  0.000  0.530     0.00     0.00     0.00     0.00     0.00 -1 -2.72e-13      0.00 8.555e-01 1.439e-01 9.235e-05 2.543e-05 2.325e-04 -1.000 5.905e-04 3.655 4.459 3.881 3.629 3.580 3.592 3.603
0.00077741 -1.30000 10.07188 0.8000000715 2.4187244613    0.799  0.454  3.7980  4.030    1  0.000  0.530     0.00     0.00     0.00     0.00     0.00 -1 -3.85e-13      0.00 8.555e-01 1.439e-01 9.238e-05 2.543e-05 2.326e-04 -1.000 5.910e-04 3.635 4.442 3.862 3.608 3.558 3.568 3.579
0.00077741 -1.30000 10.07188 0.8008732200 2.4190294375    0.800  0.466  3.7969  4.015    2  0.000  0.530     0.00     0.00     0.00     0.00     0.00 -1 -4.02e-13      0.00 8.553e-01 1.442e-01 9.253e-05 2.548e-05 2.329e-04 -1.000 5.910e-04 3.606 4.419 3.836 3.578 3.526 3.536 3.547
0.00077741 -1.30000 10.07188 0.8038337231 2.4200578230    0.802  0.508  3.7911  3.951    2  0.000  0.530     0.00     0.00     0.00     0.00     0.00 -1 -4.74e-13      0.00 8.545e-01 1.449e-01 9.303e-05 2.561e-05 2.342e-04 -1.000 5.910e-04 3.499 4.339 3.742 3.466 3.405 3.409 3.418
0.00077741 -1.30000 10.07188 0.8059569001 2.4207900003    0.804  0.544  3.7841  3.888    2  0.000  0.530     0.00     0.00     0.00     0.00     0.00 -1 -5.52e-13      0.00 8.510e-01 1.484e-01 9.544e-05 2.627e-05 2.402e-04 -1.000 5.379e-04 3.411 4.288 3.671 3.371 3.300 3.297 3.303
0.00077741 -1.30000 10.07188 0.8075378537 2.4213323170    0.806  0.572  3.7765  3.830    2  0.000  0.531     0.00     0.00     0.00     0.00     0.00 -1 -6.31e-13      0.00 8.314e-01 1.680e-01 1.067e-04 2.932e-05 2.678e-04 -1.000 5.798e-04 3.339 4.260 3.618 3.293 3.211 3.200 3.203
0.00077741 -1.30000 10.07188 0.8090071082 2.4218341327    0.807  0.601  3.7670  3.765    2  0.000  0.533     0.00     0.00     0.00     0.00     0.00 -1 -7.26e-13      0.00 8.047e-01 1.946e-01 1.197e-04 3.283e-05 2.992e-04 -1.000 6.853e-04 3.268 4.252 3.574 3.217 3.120 3.100 3.099
0.00077741 -1.30000 10.07188 0.8100519776 2.4221897286    0.808  0.625  3.7587  3.708    2  0.000  0.535     0.00     0.00     0.00     0.00     0.00 -1 -8.19e-13      0.00 7.875e-01 2.118e-01 1.273e-04 3.486e-05 3.173e-04 -1.000 7.204e-04 3.208 4.252 3.539 3.152 3.042 3.014 3.010
0.00077741 -1.30000 10.07188 0.8110055923 2.4225133487    0.809  0.656  3.7508  3.645    2  0.000  0.536     0.00     0.00     0.00     0.00     0.00 -1 -9.44e-13      0.00 7.771e-01 2.222e-01 1.320e-04 3.610e-05 3.284e-04 -1.000 7.360e-04 3.129 4.234 3.485 3.072 2.950 2.913 2.906
0.00077741 -1.30000 10.07188 0.8117467761 2.4227642740    0.810  0.691  3.7454  3.589    2  0.000  0.536     0.00     0.00     0.00     0.00     0.00 -1 -1.09e-12      0.00 7.716e-01 2.276e-01 1.344e-04 3.676e-05 3.342e-04 -1.000 7.534e-04 3.042 4.191 3.417 2.985 2.854 2.811 2.802
0.00077741 -1.30000 10.07188 0.8124579191 2.4230045343    0.811  0.734  3.7409  3.529    2  0.000  0.537     0.00     0.00     0.00     0.00     0.00 -1 -1.29e-12      0.00 7.677e-01 2.315e-01 1.361e-04 3.722e-05 3.383e-04 -1.000 7.820e-04 2.936 4.120 3.326 2.879 2.741 2.694 2.682
0.00077741 -1.30000 10.07188 0.8125713468 2.4230428113    0.811  0.742  3.7403  3.518    3  0.000  0.537     0.00     0.00     0.00     0.00     0.00 -1 -1.34e-12      0.00 7.672e-01 2.320e-01 1.364e-04 3.727e-05 3.388e-04 -1.000 7.887e-04 2.915 4.104 3.308 2.858 2.720 2.672 2.660
0.00077741 -1.30000 10.07188 0.8131684065 2.4232440906    0.811  0.787  3.7375  3.462    3  0.000  0.537     0.00     0.00     0.00     0.00     0.00 -1 -1.57e-12      0.00 7.645e-01 2.347e-01 1.373e-04 3.754e-05 3.412e-04 -1.000 8.098e-04 2.802 4.015 3.205 2.747 2.604 2.553 2.540
0.00077741 -1.30000 10.07188 0.8136714697 2.4234134184    0.812  0.829  3.7354  3.412    3  0.000  0.537     0.00     0.00     0.00     0.00     0.00 -1 -1.83e-12      0.00 7.625e-01 2.367e-01 1.380e-04 3.772e-05 3.428e-04 -1.000 7.513e-04 2.698 3.930 3.109 2.644 2.498 2.444 2.430
0.00077741 -1.30000 10.07188 0.8142296672 2.4236010224    0.812  0.879  3.7334  3.354    3  0.000  0.537     0.00     0.00     0.00     0.00     0.00 -1  -2.2e-12      0.00 7.603e-01 2.389e-01 1.386e-04 3.789e-05 3.443e-04 -1.000 7.975e-04 2.573 3.822 2.990 2.519 2.370 2.315 2.299
0.00077741 -1.30000 10.07188 0.8147456646 2.4237741806    0.813  0.929  3.7315  3.297    3  0.000  0.537     0.00     0.00     0.00     0.00     0.00 -1 -2.63e-12      0.00 7.583e-01 2.409e-01 1.391e-04 3.803e-05 3.455e-04 -1.000 7.573e-04 2.447 3.712 2.872 2.395 2.243 2.185 2.169
0.00077741 -1.30000 10.07188 0.8152633309 2.4239476455    0.813  0.984  3.7298  3.235    3  0.000  0.536     0.00     0.00     0.00     0.00     0.00 -1  -3.2e-12      0.00 7.562e-01 2.430e-01 1.394e-04 3.818e-05 3.466e-04 -1.000 7.984e-04 2.310 3.590 2.741 2.259 2.105 2.045 2.027
0.00077741 -1.30000 10.07188 0.8157217503 2.4241010460    0.814  1.037  3.7281  3.176    3  0.000  0.535     0.00     0.00     0.00     0.00     0.00 -1 -3.87e-12      0.00 7.544e-01 2.449e-01 1.395e-04 3.835e-05 3.474e-04 -1.000 7.584e-04 2.178 3.472 2.615 2.128 1.972 1.909 1.891
0.00077741 -1.30000 10.07188 0.8161107302 2.4242310546    0.814  1.086  3.7266  3.121    3  0.000  0.534     0.00     0.00     0.00     0.00     0.00 -1 -4.62e-12      0.00 7.527e-01 2.465e-01 1.392e-04 3.861e-05 3.480e-04 -1.000 7.917e-04 2.056 3.364 2.500 2.008 1.849 1.785 1.766
0.00077741 -1.30000 10.07188 0.8164152503 2.4243327348    0.814  1.127  3.7253  3.075    3  0.000  0.532     0.00     0.00     0.00     0.00     0.00 -1 -5.36e-12      0.00 7.515e-01 2.477e-01 1.389e-04 3.894e-05 3.484e-04 -1.000 7.555e-04 1.953 3.272 2.401 1.906 1.745 1.679 1.660
0.00077741 -1.30000 10.07188 0.8167523742 2.4244451998    0.814  1.177  3.7238  3.019    3  0.000  0.529     0.00     0.00     0.00     0.00     0.00 -1  -6.4e-12      0.00 7.502e-01 2.490e-01 1.383e-04 3.951e-05 3.487e-04 -1.000 7.975e-04 1.828 3.162 2.283 1.783 1.620 1.552 1.532
0.00077741 -1.30000 10.07188 0.8170745969 2.4245525941    0.814  1.229  3.7221  2.961    3  0.000  0.525     0.00     0.00     0.00     0.00     0.00 -1 -7.71e-12      0.00 7.490e-01 2.502e-01 1.375e-04 4.033e-05 3.491e-04 -1.000 7.906e-04 1.698 3.048 2.160 1.654 1.488 1.419 1.397
0.00077741 -1.30000 10.07188 0.8173665404 2.4246498124    0.815  1.281  3.7203  2.902    3  0.000  0.522     0.00     0.00     0.00     0.00     0.00 -1  -9.3e-12      0.00 7.481e-01 2.511e-01 1.366e-04 4.117e-05 3.493e-04 -1.000 8.072e-04 1.569 2.935 2.038 1.526 1.357 1.286 1.263
0.00077741 -1.30000 10.07188 0.8176213503 2.4247345999    0.815  1.330  3.7187  2.846    3  0.000  0.519     0.00     0.00     0.00     0.00     0.00 -1 -1.11e-11      0.00 7.473e-01 2.519e-01 1.360e-04 4.195e-05 3.495e-04 -1.000 7.673e-04 1.445 2.828 1.921 1.404 1.232 1.159 1.135
0.00077741 -1.30000 10.07188 0.8178517818 2.4248112232    0.815  1.379  3.7169  2.790    3  0.000  0.517     0.00     0.00     0.00     0.00     0.00 -1 -1.33e-11      0.00 7.468e-01 2.524e-01 1.354e-04 4.257e-05 3.497e-04 -1.000 8.021e-04 1.323 2.725 1.807 1.283 1.109 1.033 1.009
0.00077741 -1.30000 10.07188 0.8180589676 2.4248800744    0.815  1.427  3.7151  2.734    3  0.000  0.515     0.00     0.00     0.00     0.00     0.00 -1 -1.58e-11      0.00 7.464e-01 2.528e-01 1.350e-04 4.304e-05 3.497e-04 -1.000 7.709e-04 1.202 2.623 1.695 1.165 0.987 0.909 0.884
0.00077741 -1.30000 10.07188 0.8182514310 2.4249439972    0.815  1.476  3.7133  2.678    3  0.000  0.514     0.00     0.00     0.00     0.00     0.00 -1 -1.89e-11      0.00 7.462e-01 2.530e-01 1.348e-04 4.333e-05 3.498e-04 -1.000 7.783e-04 1.079 2.520 1.580 1.044 0.864 0.783 0.757
0.00077741 -1.30000 10.07188 0.8184217215 2.4250005268    0.815  1.524  3.7114  2.623    3  0.000  0.514     0.00     0.00     0.00     0.00     0.00 -1 -2.25e-11      0.00 7.461e-01 2.531e-01 1.347e-04 4.347e-05 3.498e-04 -1.000 7.786e-04 0.960 2.421 1.470 0.927 0.743 0.661 0.633
0.00077741 -1.30000 10.07188 0.8185805678 2.4250532332    0.815  1.572  3.7094  2.566    3  0.000  0.514     0.00     0.00     0.00     0.00     0.00 -1 -2.68e-11      0.00 7.461e-01 2.532e-01 1.347e-04 4.350e-05 3.498e-04 -1.000 7.788e-04 0.839 2.321 1.358 0.808 0.621 0.536 0.507
0.00077741 -1.30000 10.07188 0.8187209964 2.4250998087    0.815  1.619  3.7074  2.511    3  0.000  0.514     0.00     0.00     0.00     0.00     0.00 -1 -3.18e-11      0.00 7.461e-01 2.532e-01 1.346e-04 4.352e-05 3.498e-04 -1.000 7.790e-04 0.721 2.225 1.251 0.693 0.503 0.415 0.386
0.00077741 -1.30000 10.07188 0.8188461661 2.4251413080    0.815  1.665  3.7055  2.458    3  0.000  0.514     0.00     0.00     0.00     0.00     0.00 -1 -3.76e-11      0.00 7.460e-01 2.532e-01 1.346e-04 4.354e-05 3.498e-04 -1.000 7.792e-04 0.607 2.136 1.147 0.581 0.388 0.297 0.267
0.00077741 -1.30000 10.07188 0.8189622164 2.4251797707    0.815  1.711  3.7035  2.404    3  0.000  0.514     0.00     0.00     0.00     0.00     0.00 -1 -4.45e-11      0.00 7.460e-01 2.532e-01 1.346e-04 4.355e-05 3.498e-04 -1.000 7.794e-04 0.492 2.047 1.042 0.468 0.271 0.178 0.147
0.00077741 -1.30000 10.07188 0.8190652132 2.4252138965    0.814  1.755  3.7014  2.351    3  0.000  0.514     0.00     0.00     0.00     0.00     0.00 -1 -5.24e-11      0.00 7.460e-01 2.532e-01 1.346e-04 4.356e-05 3.499e-04 -1.000 7.795e-04 0.382 1.964 0.942 0.359 0.158 0.063 0.031
0.00077741 -1.30000 10.07188 0.8191623092 2.4252460583    0.814  1.801  3.6993  2.298    3  0.000  0.514     0.00     0.00     0.00     0.00     0.00 -1 -6.18e-11      0.00 7.460e-01 2.532e-01 1.346e-04 4.357e-05 3.499e-04 -1.000 7.796e-04 0.269 1.879 0.840 0.248 0.044 -0.054 -0.088
0.00077741 -1.30000 10.07188 0.8192498088 2.4252750338    0.814  1.844  3.6973  2.245    3  0.000  0.514     0.00     0.00     0.00     0.00     0.00 -1 -7.26e-11      0.00 7.460e-01 2.532e-01 1.346e-04 4.359e-05 3.499e-04 -1.000 7.797e-04 0.159 1.799 0.742 0.142 -0.066 -0.167 -0.202
0.00077741 -1.30000 10.07188 0.8193315864 2.4253021081    0.814  1.888  3.6951  2.193    3  0.000  0.514     0.00     0.00     0.00     0.00     0.00 -1 -8.53e-11      0.00 7.460e-01 2.532e-01 1.346e-04 4.360e-05 3.499e-04 -1.000 7.797e-04 0.050 1.720 0.646 0.036 -0.176 -0.279 -0.316
0.00077741 -1.30000 10.07188 0.8194099665 2.4253280517    0.814  1.931  3.6930  2.141    3  0.000  0.514     0.00     0.00     0.00     0.00     0.00 -1    -1e-10      0.00 7.460e-01 2.532e-01 1.346e-04 4.360e-05 3.499e-04 -1.000 7.800e-04 -0.058 1.642 0.550 -0.070 -0.285 -0.391 -0.428
0.00077741 -1.30000 10.07188 0.8194903135 2.4253546404    0.813  1.971  3.6910  2.093    3  0.000  0.514     0.00     0.00     0.00     0.00     0.00 -1 -1.16e-10      0.00 7.460e-01 2.532e-01 1.346e-04 4.361e-05 3.499e-04 -1.000 7.800e-04 -0.159 1.571 0.461 -0.168 -0.387 -0.495 -0.534
0.00077741 -1.30000 10.07188 0.8195633292 2.4253787978    0.813  1.997  3.6898  2.063    3  0.000  0.513     0.00     0.00     0.00     0.00     0.00 -1 -1.28e-10      0.00 7.460e-01 2.532e-01 1.346e-04 4.362e-05 3.499e-04 -1.000 7.801e-04 -0.222 1.524 0.405 -0.229 -0.450 -0.560 -0.599
0.00077741 -1.30000 10.07188 0.8196128011 2.4253951629    0.813  1.981  3.6910  2.083    3  0.000  0.513     0.00     0.00     0.00     0.00     0.00 -1 -1.22e-10      0.00 7.460e-01 2.532e-01 1.346e-04 4.363e-05 3.499e-04 -1.000 7.802e-04 -0.182 1.548 0.437 -0.191 -0.411 -0.519 -0.558
0.00077741 -1.30000 10.07188 0.8196302056 2.4254009197    0.812  1.975  3.6914  2.090    3  0.000  0.513     0.00     0.00     0.00     0.00     0.00 -1 -1.19e-10      0.00 7.460e-01 2.532e-01 1.346e-04 4.363e-05 3.499e-04 -1.000 7.802e-04 -0.168 1.556 0.449 -0.177 -0.396 -0.504 -0.542
0.00077741 -1.30000 10.07188 0.8196847439 2.4254189572    0.812  2.016  3.6893  2.041    3  0.000  0.513     0.00     0.00     0.00     0.00     0.00 -1 -1.37e-10      0.00 7.460e-01 2.532e-01 1.346e-04 4.364e-05 3.499e-04 -1.000 7.803e-04 -0.270 1.485 0.360 -0.276 -0.498 -0.609 -0.648
0.00077741 -1.30000 10.07188 0.8197364807 2.4254360657    0.812  2.057  3.6871  1.991    3  0.000  0.513     0.00     0.00     0.00     0.00     0.00 -1 -1.59e-10      0.00 7.460e-01 2.532e-01 1.346e-04 4.364e-05 3.499e-04 -1.000 7.803e-04 -0.371 1.419 0.273 -0.373 -0.599 -0.713 -0.754
0.00077741 -1.30000 10.07188 0.8197868466 2.4254527184    0.811  2.098  3.6848  1.940    3  0.000  0.513     0.00     0.00     0.00     0.00     0.00 -1 -1.86e-10      0.00 7.460e-01 2.532e-01 1.346e-04 4.365e-05 3.499e-04 -1.000 7.804e-04 -0.476 1.358 0.184 -0.475 -0.705 -0.821 -0.864
0.00077741 -1.30000 10.07188 0.8198335767 2.4254681668    0.811  2.140  3.6825  1.889    3  0.000  0.513     0.00     0.00     0.00     0.00     0.00 -1 -2.17e-10      0.00 7.460e-01 2.533e-01 1.346e-04 4.366e-05 3.499e-04 -1.000 7.805e-04 -0.581 1.304 0.096 -0.578 -0.811 -0.931 -0.975
0.00077741 -1.30000 10.07188 0.8198753595 2.4254819781    0.811  2.180  3.6802  1.839    3  0.000  0.513     0.00     0.00     0.00     0.00     0.00 -1 -2.52e-10      0.00 7.460e-01 2.533e-01 1.345e-04 4.366e-05 3.499e-04 -1.000 7.806e-04 -0.681 1.256 0.012 -0.676 -0.914 -1.036 -1.081
0.00077741 -1.30000 10.07188 0.8199141622 2.4254948028    0.810  2.221  3.6779  1.790    3  0.000  0.513     0.00     0.00     0.00     0.00     0.00 -1 -2.93e-10      0.00 7.460e-01 2.533e-01 1.345e-04 4.367e-05 3.499e-04 -1.000 7.805e-04 -0.781 1.211 -0.070 -0.774 -1.016 -1.140 -1.187
0.00077741 -1.30000 10.07188 0.8199500442 2.4255066610    0.810  2.260  3.6755  1.740    3  0.000  0.513     0.00     0.00     0.00     0.00     0.00 -1  -3.4e-10      0.00 7.460e-01 2.533e-01 1.345e-04 4.367e-05 3.499e-04 -1.000 7.806e-04 -0.881 1.171 -0.149 -0.871 -1.117 -1.244 -1.293
0.00077741 -1.30000 10.07188 0.8199833632 2.4255176710    0.809  2.300  3.6732  1.690    3  0.000  0.513     0.00     0.00     0.00     0.00     0.00 -1 -3.95e-10      0.00 7.460e-01 2.533e-01 1.345e-04 4.367e-05 3.499e-04 -1.000 7.807e-04 -0.981 1.132 -0.229 -0.968 -1.218 -1.348 -1.399
0.00077741 -1.30000 10.07188 0.8200132251 2.4255275379    0.808  2.339  3.6708  1.642    3  0.000  0.513     0.00     0.00     0.00     0.00     0.00 -1 -4.56e-10      0.00 7.460e-01 2.533e-01 1.345e-04 4.368e-05 3.499e-04 -1.000 7.807e-04 -1.076 1.099 -0.303 -1.061 -1.315 -1.448 -1.500
0.00077741 -1.30000 10.07188 0.8200411201 2.4255367540    0.808  2.377  3.6684  1.594    3  0.000  0.513     0.00     0.00     0.00     0.00     0.00 -1 -5.27e-10      0.00 7.459e-01 2.533e-01 1.345e-04 4.368e-05 3.499e-04 -1.000 7.808e-04 -1.173 1.069 -0.377 -1.154 -1.412 -1.548 -1.602
0.00077741 -1.30000 10.07188 0.8200727701 2.4255472100    0.807  2.424  3.6654  1.534    3  0.000  0.513     0.00     0.00     0.00     0.00     0.00 -1 -6.28e-10      0.00 7.459e-01 2.533e-01 1.345e-04 4.369e-05 3.499e-04 -1.000 7.808e-04 -1.290 1.040 -0.463 -1.266 -1.530 -1.670 -1.726
0.00077741 -1.30000 10.07188 0.8201012015 2.4255566018    0.806  2.470  3.6624  1.476    3  0.000  0.513     0.00     0.00     0.00     0.00     0.00 -1 -7.48e-10      0.00 7.459e-01 2.533e-01 1.345e-04 4.369e-05 3.499e-04 -1.000 7.808e-04 -1.405 1.018 -0.546 -1.375 -1.645 -1.789 -1.847
0.00077741 -1.30000 10.07188 0.8201276660 2.4255653432    0.805  2.516  3.6594  1.417    3  0.000  0.513     8.01     6.21     4.39     3.40     2.75  3  -8.9e-10      0.00 7.459e-01 2.533e-01 1.345e-04 4.369e-05 3.499e-04 -1.000 7.808e-04 -1.521 1.005 -0.626 -1.484 -1.760 -1.909 -1.969
0.00077741 -1.30000 10.07188 0.8201512694 2.4255731391    0.804  2.561  3.6564  1.360    3  0.000  0.513     9.03     6.89     4.84     3.75     3.04  3 -1.05e-09      0.00 7.459e-01 2.533e-01 1.345e-04 4.369e-05 3.499e-04 -1.000 7.808e-04 -1.632 0.991 -0.700 -1.586 -1.869 -2.022 -2.085
0.00077741 -1.30000 10.07188 0.8201729059 2.4255802848    0.803  2.605  3.6534  1.303    3  0.000  0.513    10.18     7.63     5.34     4.15     3.36  3 -1.25e-09      0.00 7.459e-01 2.533e-01 1.345e-04 4.370e-05 3.499e-04 -1.000 7.809e-04 -1.742 0.970 -0.774 -1.684 -1.975 -2.134 -2.199
0.00077741 -1.30000 10.07188 0.8201936483 2.4255871349    0.801  2.651  3.6503  1.244    3  0.000  0.513    11.52     8.48     5.91     4.59     3.72  3 -1.48e-09      0.00 7.459e-01 2.533e-01 1.345e-04 4.370e-05 3.499e-04 -1.000 7.809e-04 -1.856 0.948 -0.852 -1.786 -2.085 -2.249 -2.317
0.00077741 -1.30000 10.07188 0.8202116489 2.4255930791    0.800  2.693  3.6473  1.189    3  0.000  0.513    12.95     9.37     6.50     5.06     4.10  3 -1.74e-09      0.00 7.459e-01 2.533e-01 1.345e-04 4.370e-05 3.499e-04 -1.000 7.809e-04 -1.963 0.932 -0.920 -1.879 -2.186 -2.355 -2.425
0.00077741 -1.30000 10.07188 0.8202285767 2.4255986688    0.798  2.736  3.6442  1.133    3  0.000  0.513    14.57    10.36     7.15     5.58     4.52  2 -2.06e-09      0.00 7.459e-01 2.533e-01 1.345e-04 4.370e-05 3.499e-04 -1.000 7.809e-04 -2.070 0.916 -0.989 -1.973 -2.288 -2.462 -2.535
0.00077741 -1.30000 10.07188 0.8202446103 2.4256039630    0.796  2.780  3.6412  1.076    3  0.000  0.513    16.43    11.48     7.89     6.16     4.99  2 -2.43e-09      0.00 7.459e-01 2.533e-01 1.345e-04 4.371e-05 3.499e-04 -1.000 7.809e-04 -2.180 0.901 -1.060 -2.068 -2.392 -2.572 -2.647
0.00077741 -1.30000 10.07188 0.8202583790 2.4256085092    0.795  2.820  3.6381  1.022    3  0.000  0.513    18.39    12.64     8.65     6.76     5.48  2 -2.84e-09      0.00 7.459e-01 2.533e-01 1.345e-04 4.371e-05 3.499e-04 -1.000 7.810e-04 -2.281 0.893 -1.120 -2.154 -2.487 -2.672 -2.749
0.00077741 -1.30000 10.07188 0.8202717900 2.4256129371    0.793  2.862  3.6351  0.967    3  0.000  0.513    20.66    13.96     9.50     7.45     6.04  2 -3.34e-09      0.00 7.459e-01 2.533e-01 1.345e-04 4.371e-05 3.499e-04 -1.000 7.809e-04 -2.386 0.890 -1.180 -2.242 -2.584 -2.775 -2.856
0.00077741 -1.30000 10.07188 0.8202843666 2.4256170893    0.790  2.904  3.6320  0.912    3  0.000  0.513    23.22    15.42    10.45     8.21     6.65  2 -3.93e-09      0.00 7.459e-01 2.533e-01 1.345e-04 4.371e-05 3.499e-04 -1.000 7.809e-04 -2.491 0.889 -1.237 -2.330 -2.682 -2.880 -2.963
0.00077741 -1.30000 10.07188 0.8202952147 2.4256206708    0.788  2.943  3.6290  0.859    3  0.000  0.513    25.92    16.93    11.43     8.98     7.29  2 -4.57e-09      0.00 7.459e-01 2.533e-01 1.345e-04 4.371e-05 3.499e-04 -1.000 7.810e-04 -2.588 0.895 -1.286 -2.409 -2.772 -2.975 -3.061
0.00077741 -1.30000 10.07188 0.8203056455 2.4256241143    0.785  2.983  3.6260  0.806    3  0.000  0.513    29.01    18.64    12.52     9.86     8.00  1 -5.34e-09      0.00 7.459e-01 2.533e-01 1.345e-04 4.371e-05 3.499e-04 -1.000 7.811e-04 -2.688 0.899 -1.335 -2.489 -2.862 -3.072 -3.160
0.00077741 -1.30000 10.07188 0.8203157783 2.4256274594    0.783  3.024  3.6230  0.751    3  0.000  0.513    32.54    20.56    13.75    10.84     8.80  1 -6.26e-09      0.00 7.459e-01 2.533e-01 1.345e-04 4.371e-05 3.499e-04 -1.000 7.810e-04 -2.790 0.901 -1.386 -2.572 -2.956 -3.172 -3.263
0.00077741 -1.30000 10.07188 0.8203245997 2.4256303716    0.780  3.062  3.6200  0.700    3  0.000  0.513    36.27    22.54    15.01    11.86     9.62  1 -7.26e-09      0.00 7.459e-01 2.533e-01 1.345e-04 4.372e-05 3.499e-04 -1.000 7.810e-04 -2.885 0.907 -1.431 -2.647 -3.042 -3.265 -3.358
0.00077741 -1.30000 10.07188 0.8203333616 2.4256332639    0.776  3.102  3.6169  0.646    3  0.000  0.513    40.63    24.83    16.46    13.02    10.57  1 -8.49e-09      0.00 7.459e-01 2.533e-01 1.345e-04 4.372e-05 3.499e-04 -1.000 7.810e-04 -2.985 0.911 -1.477 -2.725 -3.132 -3.361 -3.457
0.00077741 -1.30000 10.07188 0.8203414679 2.4256359398    0.772  3.141  3.6139  0.593    3  0.000  0.513    45.44    27.30    18.02    14.28    11.59  1  -9.9e-09      0.00 7.459e-01 2.533e-01 1.345e-04 4.372e-05 3.499e-04 -1.000 7.811e-04 -3.083 0.914 -1.522 -2.801 -3.220 -3.456 -3.555
0.00077741 -1.30000 10.07188 0.8203489184 2.4256383992    0.768  3.179  3.6110  0.541    3  0.000  0.513    50.68    29.95    19.69    15.62    12.69  1 -1.15e-08      0.00 7.459e-01 2.533e-01 1.345e-04 4.372e-05 3.499e-04 -1.000 7.811e-04 -3.178 0.916 -1.563 -2.875 -3.305 -3.547 -3.649
0.00077741 -1.30000 10.07188 0.8203560710 2.4256407602    0.764  3.218  3.6080  0.487    3  0.000  0.513    56.66    32.91    21.54    17.12    13.91  1 -1.34e-08      0.00 7.459e-01 2.533e-01 1.345e-04 4.372e-05 3.499e-04 -1.000 7.811e-04 -3.274 0.916 -1.600 -2.946 -3.389 -3.639 -3.743
0.00077741 -1.30000 10.07188 0.8203627467 2.4256429637    0.759  3.256  3.6051  0.435    3  0.000  0.513    63.27    36.13    23.55    18.74    15.23  1 -1.56e-08      0.00 7.459e-01 2.533e-01 1.345e-04 4.372e-05 3.499e-04 -1.000 7.811e-04 -3.369 0.913 -1.630 -3.014 -3.472 -3.730 -3.837
0.00077741 -1.30000 10.07188 0.8203690648 2.4256450491    0.754  3.292  3.6023  0.384    3  0.000  0.513    70.35    39.52    25.65    20.45    16.61  1  -1.8e-08      0.00 7.459e-01 2.533e-01 1.345e-04 4.372e-05 3.499e-04 -1.000 7.811e-04 -3.460 0.909 -1.658 -3.079 -3.551 -3.817 -3.926
0.00077741 -1.30000 10.07188 0.8203738332 2.4256466230    0.749  3.318  3.6003  0.347    3  0.000  0.513    76.04    42.19    27.30    21.79    17.71  1 -2.01e-08      0.00 7.459e-01 2.533e-01 1.345e-04 4.372e-05 3.499e-04 -1.000 7.811e-04 -3.526 0.907 -1.678 -3.126 -3.609 -3.879 -3.991
0.00077741 -1.30000 10.07188 0.8203738332 2.4256466230    0.749  1.732  3.7508  2.536    4  0.000  0.520     0.00     0.00     0.00     0.00     0.00 -1    -1e-30      0.00 7.410e-01 2.581e-01 1.387e-04 4.267e-05 3.559e-04 -1.000 8.184e-04 0.440 1.513 0.773 0.382 0.265 0.226 0.218
0.00077741 -1.30000 10.07188 0.8204236627 2.4256630690    0.749  1.749  3.7493  2.513    4  0.000  0.520     0.00     0.00     0.00     0.00     0.00 -1    -1e-30      0.00 7.410e-01 2.581e-01 1.387e-04 4.267e-05 3.559e-04 -1.000 8.184e-04 0.397 1.482 0.736 0.340 0.220 0.180 0.170
0.00077741 -1.30000 10.07188 0.8204745650 2.4256798666    0.749  1.752  3.7492  2.510    4  0.000  0.520     0.00     0.00     0.00     0.00     0.00 -1    -1e-30      0.00 7.410e-01 2.581e-01 1.387e-04 4.267e-05 3.559e-04 -1.000 8.184e-04 0.391 1.477 0.730 0.334 0.214 0.173 0.164
0.00077741 -1.30000 10.07188 0.8205263019 2.4256969372    0.749  1.753  3.7494  2.509    4  0.000  0.520     0.00     0.00     0.00     0.00     0.00 -1    -1e-30      0.00 7.410e-01 2.581e-01 1.387e-04 4.267e-05 3.559e-04 -1.000 8.184e-04 0.387 1.472 0.726 0.330 0.211 0.170 0.161
0.00077741 -1.30000 10.07188 0.8205798268 2.4257145952    0.749  1.754  3.7498  2.510    4  0.000  0.520     0.00     0.00     0.00     0.00     0.00 -1    -1e-30      0.00 7.410e-01 2.581e-01 1.387e-04 4.267e-05 3.559e-04 -1.000 8.184e-04 0.386 1.467 0.723 0.328 0.210 0.170 0.161
0.00077741 -1.30000 10.07188 0.8206319213 2.4257317787    0.749  1.753  3.7505  2.513    4  0.000  0.520     0.00     0.00     0.00     0.00     0.00 -1    -1e-30      0.00 7.410e-01 2.581e-01 1.387e-04 4.267e-05 3.559e-04 -1.000 8.183e-04 0.386 1.462 0.721 0.329 0.211 0.172 0.163
0.00077741 -1.30000 10.07188 0.8206843734 2.4257490776    0.749  1.753  3.7513  2.517    4  0.000  0.520     0.00     0.00     0.00     0.00     0.00 -1    -1e-30      0.00 7.410e-01 2.581e-01 1.387e-04 4.267e-05 3.559e-04 -1.000 8.184e-04 0.388 1.457 0.719 0.330 0.214 0.176 0.167
0.00077741 -1.30000 10.07188 0.8207379580 2.4257667474    0.749  1.752  3.7523  2.522    4  0.000  0.520     0.00     0.00     0.00     0.00     0.00 -1    -1e-30      0.00 7.410e-01 2.581e-01 1.387e-04 4.267e-05 3.559e-04 -1.000 8.184e-04 0.390 1.452 0.717 0.332 0.218 0.181 0.173
0.00077741 -1.30000 10.07188 0.8207909465 2.4257842181    0.750  1.751  3.7534  2.528    4  0.000  0.520     0.00     0.00     0.00     0.00     0.00 -1    -1e-30      0.00 7.410e-01 2.581e-01 1.387e-04 4.267e-05 3.559e-04 -1.000 8.184e-04 0.394 1.447 0.716 0.335 0.223 0.186 0.179
0.00077741 -1.30000 10.07188 0.8208447099 2.4258019415    0.750  1.749  3.7545  2.533    4  0.000  0.520     0.00     0.00     0.00     0.00     0.00 -1    -1e-30      0.00 7.410e-01 2.581e-01 1.387e-04 4.267e-05 3.559e-04 -1.000 8.184e-04 0.397 1.441 0.715 0.338 0.227 0.192 0.185
0.00077741 -1.30000 10.07188 0.8208955526 2.4258186997    0.750  1.748  3.7555  2.538    4  0.000  0.520     0.00     0.00     0.00     0.00     0.00 -1    -1e-30      0.00 7.410e-01 2.581e-01 1.387e-04 4.267e-05 3.559e-04 -1.000 8.183e-04 0.399 1.436 0.713 0.340 0.231 0.197 0.191
0.00077741 -1.30000 10.07188 0.8209498525 2.4258365948    0.750  1.747  3.7565  2.543    4  0.000  0.520     0.00     0.00     0.00     0.00     0.00 -1    -1e-30      0.00 7.410e-01 2.581e-01 1.387e-04 4.267e-05 3.559e-04 -1.000 8.184e-04 0.402 1.431 0.712 0.342 0.236 0.202 0.196
0.00077741 -1.30000 10.07188 0.8210030794 2.4258541336    0.750  1.746  3.7574  2.548    4  0.000  0.520     0.00     0.00     0.00     0.00     0.00 -1    -1e-30      0.00 7.410e-01 2.581e-01 1.387e-04 4.267e-05 3.559e-04 -1.000 8.184e-04 0.404 1.426 0.711 0.344 0.239 0.207 0.201
0.00077741 -1.30000 10.07188 0.8210529089 2.4258705506    0.750  1.746  3.7581  2.552    4  0.000  0.520     0.00     0.00     0.00     0.00     0.00 -1    -1e-30      0.00 7.410e-01 2.581e-01 1.387e-04 4.267e-05 3.559e-04 -1.000 8.183e-04 0.406 1.421 0.709 0.346 0.242 0.211 0.205
0.00077741 -1.30000 10.07188 0.8211054802 2.4258878684    0.750  1.745  3.7588  2.555    4  0.000  0.520     0.00     0.00     0.00     0.00     0.00 -1    -1e-30      0.00 7.410e-01 2.581e-01 1.387e-04 4.267e-05 3.559e-04 -1.000 8.184e-04 0.407 1.417 0.708 0.347 0.244 0.213 0.208
0.00077741 -1.30000 10.07188 0.8211177588 2.4258919128    0.750  1.745  3.7589  2.556    4  0.000  0.520     0.00     0.00     0.00     0.00     0.00 -1    -1e-30      0.00 7.410e-01 2.581e-01 1.387e-04 4.267e-05 3.559e-04 -1.000 8.184e-04 0.407 1.416 0.707 0.347 0.244 0.214 0.209
0.00077741 -1.30000 10.07188 0.8211238980 2.4258939349    0.750  1.745  3.7590  2.556    4  0.000  0.520     0.00     0.00     0.00     0.00     0.00 -1    -1e-30      0.00 7.410e-01 2.581e-01 1.387e-04 4.267e-05 3.559e-04 -1.000 8.184e-04 0.407 1.416 0.707 0.347 0.245 0.214 0.209
0.00077741 -1.30000 10.07188 0.8211770654 2.4259114456    0.750  1.745  3.7593  2.557    4  0.000  0.520     0.00     0.00     0.00     0.00     0.00 -1    -1e-30      0.00 7.410e-01 2.581e-01 1.387e-04 4.267e-05 3.559e-04 -1.000 8.184e-04 0.407 1.413 0.706 0.347 0.245 0.215 0.210
0.00077741 -1.30000 10.07188 0.8212322593 2.4259296209    0.750  1.745  3.7595  2.558    4  0.000  0.520     0.00     0.00     0.00     0.00     0.00 -1    -1e-30      0.00 7.410e-01 2.581e-01 1.387e-04 4.267e-05 3.559e-04 -1.000 8.184e-04 0.407 1.410 0.704 0.346 0.245 0.215 0.210
0.00077741 -1.30000 10.07188 0.8212844729 2.4259468123    0.750  1.746  3.7595  2.557    4  0.000  0.520     0.00     0.00     0.00     0.00     0.00 -1    -1e-30      0.00 7.410e-01 2.581e-01 1.387e-04 4.267e-05 3.559e-04 -1.000 8.184e-04 0.405 1.409 0.702 0.344 0.243 0.213 0.208
0.00077741 -1.30000 10.07188 0.8213368654 2.4259640600    0.750  1.747  3.7593  2.555    4  0.000  0.520     0.00     0.00     0.00     0.00     0.00 -1    -1e-30      0.00 7.410e-01 2.581e-01 1.387e-04 4.267e-05 3.559e-04 -1.000 8.184e-04 0.402 1.408 0.701 0.342 0.240 0.210 0.205
0.00077741 -1.30000 10.07188 0.8213892579 2.4259813052    0.750  1.748  3.7589  2.552    4  0.000  0.520     0.00     0.00     0.00     0.00     0.00 -1    -1e-30      0.00 7.410e-01 2.581e-01 1.387e-04 4.267e-05 3.559e-04 -1.000 8.184e-04 0.399 1.408 0.699 0.339 0.236 0.206 0.200
0.00077741 -1.30000 10.07188 0.8214406967 2.4259982340    0.750  1.750  3.7582  2.548    4  0.000  0.520     0.00     0.00     0.00     0.00     0.00 -1    -1e-30      0.00 7.410e-01 2.581e-01 1.387e-04 4.267e-05 3.559e-04 -1.000 8.184e-04 0.394 1.408 0.697 0.334 0.230 0.199 0.194
0.00077741 -1.30000 10.07188 0.8214930296 2.4260154545    0.750  1.753  3.7575  2.543    4  0.000  0.520     0.00     0.00     0.00     0.00     0.00 -1    -1e-30      0.00 7.410e-01 2.581e-01 1.387e-04 4.267e-05 3.559e-04 -1.000 8.184e-04 0.388 1.409 0.694 0.328 0.224 0.191 0.186
0.00077741 -1.30000 10.07188 0.8215026259 2.4260186120    0.750  1.753  3.7573  2.541    4  0.000  0.520     0.00     0.00     0.00     0.00     0.00 -1    -1e-30      0.00 7.410e-01 2.581e-01 1.387e-04 4.267e-05 3.559e-04 -1.000 8.184e-04 0.387 1.409 0.694 0.327 0.222 0.190 0.184
0.00077741 -1.30000 10.07188 0.8215120435 2.4260217106    0.750  1.754  3.7571  2.540    4  0.000  0.520     0.00     0.00     0.00     0.00     0.00 -1    -1e-30      0.00 7.410e-01 2.581e-01 1.387e-04 4.267e-05 3.559e-04 -1.000 8.184e-04 0.386 1.409 0.693 0.326 0.220 0.188 0.182
0.00077741 -1.30000 10.07188 0.8215594292 2.4260373002    0.750  1.757  3.7561  2.533    4  0.000  0.520     0.00     0.00     0.00     0.00     0.00 -1    -1e-30      0.00 7.410e-01 2.581e-01 1.387e-04 4.267e-05 3.559e-04 -1.000 8.184e-04 0.379 1.410 0.690 0.319 0.212 0.178 0.172
0.00077741 -1.30000 10.07188 0.8216059208 2.4260525937    0.750  1.760  3.7550  2.526    4  0.000  0.520     0.00     0.00     0.00     0.00     0.00 -1    -1e-30      0.00 7.410e-01 2.581e-01 1.387e-04 4.267e-05 3.559e-04 -1.000 8.184e-04 0.371 1.411 0.687 0.312 0.202 0.168 0.161
0.00077741 -1.30000 10.07188 0.8216540217 2.4260684145    0.750  1.763  3.7538  2.517    4  0.000  0.520     0.00     0.00     0.00     0.00     0.00 -1    -1e-30      0.00 7.410e-01 2.581e-01 1.387e-04 4.267e-05 3.559e-04 -1.000 8.184e-04 0.362 1.411 0.682 0.303 0.192 0.156 0.148
0.00077741 -1.30000 10.07188 0.8217031360 2.4260845664    0.751  1.767  3.7526  2.508    4  0.000  0.520     0.00     0.00     0.00     0.00     0.00 -1    -1e-30      0.00 7.410e-01 2.581e-01 1.387e-04 4.267e-05 3.559e-04 -1.000 8.184e-04 0.351 1.411 0.677 0.293 0.179 0.142 0.134
0.00077741 -1.30000 10.07188 0.8217494488 2.4260997949    0.751  1.773  3.7511  2.497    4  0.000  0.520     0.00     0.00     0.00     0.00     0.00 -1    -1e-30      0.00 7.410e-01 2.581e-01 1.387e-04 4.267e-05 3.559e-04 -1.000 8.184e-04 0.339 1.409 0.670 0.281 0.164 0.126 0.117
0.00077741 -1.30000 10.07188 0.8217975497 2.4261156093    0.751  1.778  3.7497  2.486    4  0.000  0.520     0.00     0.00     0.00     0.00     0.00 -1    -1e-30      0.00 7.410e-01 2.581e-01 1.387e-04 4.267e-05 3.559e-04 -1.000 8.184e-04 0.325 1.407 0.662 0.267 0.148 0.108 0.099
0.00077741 -1.30000 10.07188 0.8218443990 2.4261310102    0.751  1.784  3.7484  2.475    4  0.000  0.520     0.00     0.00     0.00     0.00     0.00 -1    -1e-30      0.00 7.410e-01 2.581e-01 1.387e-04 4.267e-05 3.559e-04 -1.000 8.184e-04 0.311 1.404 0.653 0.254 0.133 0.091 0.081
0.00077741 -1.30000 10.07188 0.8218913078 2.4261464286    0.751  1.789  3.7472  2.465    4  0.000  0.520     0.00     0.00     0.00     0.00     0.00 -1    -1e-30      0.00 7.410e-01 2.581e-01 1.387e-04 4.267e-05 3.559e-04 -1.000 8.184e-04 0.297 1.401 0.644 0.240 0.117 0.074 0.064
0.00077741 -1.30000 10.07188 0.8219386339 2.4261619821    0.751  1.798  3.7452  2.448    4  0.000  0.520     0.00     0.00     0.00     0.00     0.00 -1    -1e-30      0.00 7.410e-01 2.581e-01 1.387e-04 4.267e-05 3.559e-04 -1.000 8.184e-04 0.274 1.395 0.629 0.218 0.092 0.046 0.035
0.00077741 -1.30000 10.07188 0.8219881654 2.4261782582    0.751  1.810  3.7428  2.426    4  0.000  0.520     0.00     0.00     0.00     0.00     0.00 -1    -1e-30      0.00 7.410e-01 2.581e-01 1.387e-04 4.267e-05 3.559e-04 -1.000 8.184e-04 0.244 1.384 0.608 0.188 0.058 0.011 -0.002
0.00077741 -1.30000 10.07188 0.8220368028 2.4261942383    0.751  1.826  3.7400  2.399    4  0.000  0.520     0.00     0.00     0.00     0.00     0.00 -1    -1e-30      0.00 7.410e-01 2.581e-01 1.387e-04 4.267e-05 3.559e-04 -1.000 8.184e-04 0.204 1.369 0.580 0.150 0.015 -0.036 -0.049
0.00077741 -1.30000 10.07188 0.8220840693 2.4262097659    0.751  1.859  3.7348  2.346    4  0.000  0.520     0.00     0.00     0.00     0.00     0.00 -1    -1e-30      0.00 7.410e-01 2.581e-01 1.387e-04 4.267e-05 3.559e-04 -1.000 8.184e-04 0.124 1.339 0.520 0.070 -0.073 -0.129 -0.145
0.00077741 -1.30000 10.07188 0.8221052289 2.4262167164    0.751  1.890  3.7301  2.296    4  0.000  0.520     0.00     0.00     0.00     0.00     0.00 -1    -1e-30      0.00 7.410e-01 2.581e-01 1.387e-04 4.267e-05 3.559e-04 -1.000 8.184e-04 0.045 1.306 0.461 -0.007 -0.158 -0.219 -0.237
0.00077741 -1.30000 10.07188 0.8221164942 2.4262204167    0.751  1.922  3.7257  2.246    4  0.000  0.520     0.00     0.00     0.00     0.00     0.00 -1    -1e-30      0.00 7.410e-01 2.581e-01 1.387e-04 4.267e-05 3.559e-04 -1.000 8.184e-04 -0.036 1.273 0.400 -0.085 -0.244 -0.310 -0.330
0.00077741 -1.30000 10.07188 0.8221220374 2.4262222374    0.751  1.954  3.7216  2.198    4  0.000  0.520     0.00     0.00     0.00     0.00     0.00 -1    -1e-30      0.00 7.410e-01 2.581e-01 1.387e-04 4.267e-05 3.559e-04 -1.000 8.184e-04 -0.115 1.238 0.339 -0.163 -0.328 -0.399 -0.421
0.00077741 -1.30000 10.07188 0.8221251965 2.4262232750    0.751  1.990  3.7173  2.145    4  0.000  0.520     0.00     0.00     0.00     0.00     0.00 -1    -1e-30      0.00 7.410e-01 2.581e-01 1.387e-04 4.267e-05 3.559e-04 -1.000 8.184e-04 -0.205 1.198 0.270 -0.249 -0.421 -0.497 -0.522
0.00077741 -1.30000 10.07188 0.8221268058 2.4262238036    0.751  2.023  3.7136  2.097    4  0.000  0.520     0.00     0.00     0.00     0.00     0.00 -1    -1e-30      0.00 7.410e-01 2.581e-01 1.387e-04 4.267e-05 3.559e-04 -1.000 8.184e-04 -0.287 1.159 0.206 -0.328 -0.507 -0.587 -0.614
0.00077741 -1.30000 10.07188 0.8221276402 2.4262240777    0.751  2.046  3.7111  2.064    7  0.000  0.520     0.00     0.00     0.00     0.00     0.00 -1 -9.44e-10      0.00 7.410e-01 2.565e-01 1.387e-04 4.267e-05 3.559e-04 -1.000 2.418e-03 -0.346 1.131 0.160 -0.385 -0.568 -0.651 -0.679
0.00077741 -1.30000 10.07188 0.8221276999 2.4262240973    0.751  2.047  3.7110  2.063    7  0.000  0.520     0.00     0.00     0.00     0.00     0.00 -1 -9.46e-10      0.00 7.410e-01 2.565e-01 1.387e-04 4.267e-05 3.559e-04 -1.000 2.418e-03 -0.348 1.130 0.158 -0.387 -0.570 -0.653 -0.681
0.00077741 -1.30000 10.07188 0.8221286535 2.4262244105    0.751  2.087  3.7073  2.008    7  0.000  0.520     0.00     0.00     0.00     0.00     0.00 -1 -1.22e-09      0.00 7.410e-01 2.565e-01 1.387e-04 4.267e-05 3.559e-04 -1.000 2.418e-03 -0.447 1.077 0.079 -0.482 -0.672 -0.760 -0.789
0.00077741 -1.30000 10.07188 0.8221296072 2.4262247237    0.751  2.126  3.7037  1.954    7  0.000  0.520     0.00     0.00     0.00     0.00     0.00 -1 -1.53e-09      0.00 7.410e-01 2.565e-01 1.387e-04 4.267e-05 3.559e-04 -1.000 2.418e-03 -0.546 1.029 -0.000 -0.577 -0.774 -0.866 -0.897
0.00077741 -1.30000 10.07188 0.8221304417 2.4262249978    0.751  2.162  3.7005  1.906    7  0.000  0.520     0.00     0.00     0.00     0.00     0.00 -1 -1.88e-09      0.00 7.410e-01 2.565e-01 1.387e-04 4.267e-05 3.559e-04 -1.000 2.418e-03 -0.635 0.985 -0.072 -0.663 -0.865 -0.961 -0.995
0.00077741 -1.30000 10.07188 0.8221313357 2.4262252915    0.751  2.191  3.6980  1.866    7  0.000  0.520     0.00     0.00     0.00     0.00     0.00 -1 -2.24e-09      0.00 7.410e-01 2.565e-01 1.387e-04 4.267e-05 3.559e-04 -1.000 2.418e-03 -0.709 0.951 -0.130 -0.733 -0.940 -1.039 -1.074
0.00077741 -1.30000 10.07188 0.8221327662 2.4262257613    0.751  2.217  3.6958  1.832    7  0.000  0.520     0.00     0.00     0.00     0.00     0.00 -1 -2.59e-09      0.00 7.410e-01 2.565e-01 1.387e-04 4.267e-05 3.559e-04 -1.000 2.418e-03 -0.772 0.920 -0.180 -0.794 -1.004 -1.107 -1.143
0.00077741 -1.30000 10.07188 0.8221353292 2.4262266031    0.750  2.184  3.6987  1.876    7  0.000  0.520     0.00     0.00     0.00     0.00     0.00 -1 -2.13e-09      0.00 7.410e-01 2.565e-01 1.387e-04 4.267e-05 3.559e-04 -1.000 2.418e-03 -0.691 0.958 -0.116 -0.717 -0.922 -1.020 -1.055
0.00077741 -1.30000 10.07188 0.8221393824 2.4262279343    0.750  2.155  3.7012  1.915    7  0.000  0.520     0.00     0.00     0.00     0.00     0.00 -1  -1.8e-09      0.00 7.410e-01 2.565e-01 1.387e-04 4.267e-05 3.559e-04 -1.000 2.418e-03 -0.618 0.993 -0.058 -0.647 -0.848 -0.943 -0.976
0.00077741 -1.30000 10.07188 0.8221648335 2.4262362932    0.748  2.160  3.7007  1.907    7  0.000  0.520     0.00     0.00     0.00     0.00     0.00 -1 -1.87e-09      0.00 7.410e-01 2.565e-01 1.387e-04 4.267e-05 3.559e-04 -1.000 2.418e-03 -0.629 0.988 -0.067 -0.658 -0.859 -0.955 -0.988
0.00077741 -1.30000 10.07188 0.8221831918 2.4262423222    0.746  2.196  3.6975  1.857    7  0.000  0.520     0.00     0.00     0.00     0.00     0.00 -1 -2.33e-09      0.00 7.410e-01 2.565e-01 1.387e-04 4.267e-05 3.559e-04 -1.000 2.418e-03 -0.719 0.947 -0.137 -0.743 -0.951 -1.051 -1.086
0.00077741 -1.30000 10.07188 0.8222026825 2.4262487227    0.744  2.240  3.6937  1.796    7  0.000  0.520     0.00     0.00     0.00     0.00     0.00 -1 -3.08e-09      0.00 7.410e-01 2.565e-01 1.387e-04 4.267e-05 3.559e-04 -1.000 2.418e-03 -0.830 0.897 -0.224 -0.848 -1.063 -1.168 -1.205
0.00077741 -1.30000 10.07188 0.8222215772 2.4262549272    0.741  2.284  3.6900  1.735    7  0.000  0.520     0.00     0.00     0.00     0.00     0.00 -1 -3.98e-09      0.00 7.410e-01 2.565e-01 1.387e-04 4.267e-05 3.559e-04 -1.000 2.418e-03 -0.940 0.845 -0.311 -0.953 -1.175 -1.285 -1.324
0.00077741 -1.30000 10.07188 0.8222382069 2.4262603877    0.737  2.326  3.6865  1.677    7  0.000  0.520     0.00     0.00     0.00     0.00     0.00 -1 -5.17e-09      0.00 7.410e-01 2.565e-01 1.387e-04 4.267e-05 3.559e-04 -1.000 2.418e-03 -1.046 0.799 -0.393 -1.052 -1.280 -1.395 -1.436
0.00077741 -1.30000 10.07188 0.8222528696 2.4262652021    0.733  2.368  3.6831  1.619    7  0.000  0.520     0.00     0.00     0.00     0.00     0.00 -1 -6.68e-09      0.00 7.410e-01 2.565e-01 1.387e-04 4.267e-05 3.559e-04 -1.000 2.408e-03 -1.151 0.767 -0.472 -1.153 -1.387 -1.506 -1.549
0.00077741 -1.30000 10.07188 0.8222657442 2.4262694292    0.729  2.410  3.6797  1.562    7  0.000  0.520     0.00     0.00     0.00     0.00     0.00 -1 -8.62e-09      0.00 7.410e-01 2.566e-01 1.386e-04 4.268e-05 3.559e-04 -1.000 2.333e-03 -1.254 0.743 -0.550 -1.254 -1.493 -1.616 -1.662
0.00077741 -1.30000 10.07188 0.8222769499 2.4262731082    0.724  2.451  3.6764  1.504    7  0.000  0.520     0.00     0.00     0.00     0.00     0.00 -1 -1.11e-08      0.00 7.410e-01 2.566e-01 1.386e-04 4.269e-05 3.559e-04 -1.000 2.307e-03 -1.357 0.726 -0.624 -1.352 -1.598 -1.725 -1.773
0.00077741 -1.30000 10.07188 0.8222870827 2.4262764349    0.718  2.492  3.6731  1.447    7  0.000  0.519     0.00     0.00     0.00     0.00     0.00 -1 -1.43e-08      0.00 7.410e-01 2.567e-01 1.383e-04 4.279e-05 3.559e-04 -1.000 2.292e-03 -1.459 0.714 -0.695 -1.450 -1.702 -1.833 -1.884
0.00077741 -1.30000 10.07188 0.8222962618 2.4262794484    0.711  2.532  3.6698  1.389    7  0.000  0.515     8.17     6.34     4.46     3.47     2.80  3 -1.84e-08      0.00 7.410e-01 2.567e-01 1.375e-04 4.331e-05 3.559e-04 -1.000 2.214e-03 -1.561 0.711 -0.764 -1.548 -1.806 -1.942 -1.995
0.00077741 -1.30000 10.07188 0.8223046064 2.4262821879    0.703  2.573  3.6651  1.324    7  0.000  0.509     9.34     7.10     4.97     3.87     3.13  2  -2.4e-08      0.00 7.410e-01 2.568e-01 1.359e-04 4.490e-05 3.559e-04 -1.000 2.192e-03 -1.663 0.754 -0.815 -1.641 -1.909 -2.050 -2.107
0.00077741 -1.30000 10.07188 0.8223105669 2.4262841446    0.696  2.604  3.6588  1.264    7  0.000  0.502    10.59     7.90     5.50     4.30     3.47  2 -2.97e-08      0.00 7.410e-01 2.568e-01 1.341e-04 4.690e-05 3.559e-04 -1.000 2.182e-03 -1.740 0.875 -0.821 -1.704 -1.984 -2.134 -2.196
0.00077741 -1.30000 10.07188 0.8223178387 2.4262865318    0.684  2.645  3.6539  1.196    7  0.000  0.492    12.18     8.88     6.15     4.82     3.90  2  -3.9e-08      0.00 7.410e-01 2.569e-01 1.315e-04 5.007e-05 3.559e-04 -1.000 2.115e-03 -1.841 0.914 -0.865 -1.787 -2.079 -2.237 -2.303
0.00077741 -1.30000 10.07188 0.8223248124 2.4262888210    0.670  2.685  3.6507  1.134    7  0.000  0.482    13.84     9.90     6.82     5.35     4.33  2 -5.15e-08      0.00 7.410e-01 2.569e-01 1.290e-04 5.309e-05 3.559e-04 -1.000 2.114e-03 -1.943 0.909 -0.928 -1.876 -2.177 -2.340 -2.408
0.00077741 -1.30000 10.07188 0.8223314881 2.4262910125    0.651  2.726  3.6475  1.068    7  0.000  0.474    15.82    11.06     7.58     5.96     4.82  2 -6.95e-08      0.00 7.409e-01 2.570e-01 1.268e-04 5.572e-05 3.559e-04 -1.000 2.105e-03 -2.045 0.908 -0.989 -1.963 -2.273 -2.442 -2.513
0.00077741 -1.30000 10.07188 0.8223380446 2.4262931647    0.626  2.767  3.6446  0.999    7  0.000  0.467    18.18    12.41     8.45     6.67     5.40  1 -9.64e-08      0.00 7.408e-01 2.571e-01 1.250e-04 5.800e-05 3.559e-04 -1.000 2.097e-03 -2.147 0.903 -1.051 -2.053 -2.371 -2.545 -2.618
0.00077741 -1.30000 10.07188 0.8223440647 2.4262951408    0.594  2.808  3.6433  0.929    7  0.000  0.461    20.86    13.90     9.40     7.45     6.02  1  -1.4e-07      0.00 7.408e-01 2.572e-01 1.234e-04 5.996e-05 3.559e-04 -1.000 2.022e-03 -2.251 0.877 -1.125 -2.149 -2.474 -2.651 -2.725
0.00077741 -1.30000 10.07188 0.8223494887 2.4262969212    0.552  2.849  3.6474  0.872    7  0.000  0.456    23.18    15.09    10.16     8.08     6.53  1 -2.12e-07      0.00 7.407e-01 2.573e-01 1.219e-04 6.173e-05 3.558e-04 -1.000 2.024e-03 -2.352 0.727 -1.257 -2.271 -2.588 -2.759 -2.830
0.00077741 -1.30000 10.07188 0.8223520517 2.4262977625    0.511  2.870  3.6597  0.867    7  0.000  0.452    23.06    14.94    10.04     8.01     6.47  1 -2.63e-07      0.00 7.407e-01 2.573e-01 1.209e-04 6.296e-05 3.558e-04 -1.000 2.009e-03 -2.406 0.395 -1.440 -2.376 -2.666 -2.817 -2.879
0.00077741 -1.30000 10.07188 1.1082708836 2.4930587429    0.549 -9.999  3.5835  7.962    9  0.549  0.000     0.00     0.00     0.00     0.00     0.00 -1    -1e-30      0.00 7.282e-01 2.711e-01 1.090e-04 8.923e-05 3.587e-04 -1.000 7.364e-04 29.767 33.642 31.517 30.094 29.501 29.238 29.152
