# Zini     MH   logAge Mini        int_IMF         Mass   logL    logTe  logg  label   McoreTP C_O  period0  period1  period2  period3  period4  pmode  Mloss  tau1m   X   Y   Xc  Xn  Xo  Cexcess  Z 	 mbolmag  umag    gmag    rmag    imag    zmag    Ymag
0.00087196 -1.25000 10.10721 0.0900000036 1.0816895926    0.090 -3.205  3.4605  5.392    1  0.000  0.545     0.00     0.00     0.00     0.00     0.00 -1 -5.27e-17      0.00 7.468e-01 2.523e-01 1.620e-04 4.372e-05 3.965e-04 -1.000 9.011e-04 12.783 17.989 16.628 14.747 12.806 12.161 12.039
0.00087196 -1.25000 10.10721 0.1000000015 1.1711064122    0.100 -2.944  3.4978  5.325    1  0.000  0.545     0.00     0.00     0.00     0.00     0.00 -1 -9.84e-17      0.00 7.452e-01 2.539e-01 1.620e-04 4.372e-05 3.965e-04 -1.000 9.011e-04 12.130 17.165 15.165 13.374 12.033 11.552 11.435
0.00087196 -1.25000 10.10721 0.1199999973 1.3193154249    0.120 -2.660  3.5302  5.250    1  0.000  0.545     0.00     0.00     0.00     0.00     0.00 -1 -1.88e-16      0.00 7.427e-01 2.564e-01 1.620e-04 4.372e-05 3.965e-04 -1.000 9.012e-04 11.420 16.055 13.850 12.197 11.256 10.879 10.769
0.00087196 -1.25000 10.10721 0.1400000006 1.4384526719    0.140 -2.478  3.5463  5.199    1  0.000  0.545     0.00     0.00     0.00     0.00     0.00 -1 -2.81e-16      0.00 7.408e-01 2.583e-01 1.620e-04 4.372e-05 3.965e-04 -1.000 9.012e-04 10.965 15.327 13.139 11.568 10.777 10.439 10.334
0.00087196 -1.25000 10.10721 0.1599999964 1.5372931554    0.160 -2.337  3.5567  5.158    1  0.000  0.545     0.00     0.00     0.00     0.00     0.00 -1 -3.22e-16      0.00 7.395e-01 2.596e-01 1.620e-04 4.372e-05 3.965e-04 -1.000 9.011e-04 10.612 14.785 12.633 11.118 10.412 10.097 9.995
0.00087196 -1.25000 10.10721 0.2000000179 1.6938791367    0.200 -2.115  3.5706  5.088    1  0.000  0.545     0.00     0.00     0.00     0.00     0.00 -1 -8.85e-17      0.00 7.381e-01 2.610e-01 1.620e-04 4.372e-05 3.965e-04 -1.000 9.012e-04 10.057 13.963 11.886 10.449 9.844 9.556 9.460
0.00087196 -1.25000 10.10721 0.2500000000 1.8403257998    0.250 -1.910  3.5818  5.026    1  0.000  0.545     0.00     0.00     0.00     0.00     0.00 -1 -1.35e-17      0.00 7.379e-01 2.612e-01 1.620e-04 4.372e-05 3.965e-04 -1.000 9.012e-04 9.546 13.244 11.236 9.867 9.324 9.055 8.964
0.00087196 -1.25000 10.10721 0.3000000417 1.9529140366    0.300 -1.755  3.5902  4.983    1  0.000  0.545     0.00     0.00     0.00     0.00     0.00 -1 -1.44e-18      0.00 7.382e-01 2.609e-01 1.620e-04 4.372e-05 3.965e-04 -1.000 9.011e-04 9.157 12.694 10.745 9.432 8.929 8.674 8.587
0.00087196 -1.25000 10.10721 0.3499999940 2.0434174644    0.350 -1.627  3.5975  4.951    1  0.000  0.545     0.00     0.00     0.00     0.00     0.00 -1 -1.68e-15      0.00 7.461e-01 2.530e-01 1.620e-04 4.372e-05 3.965e-04 -1.000 9.012e-04 8.838 12.250 10.346 9.080 8.605 8.362 8.278
0.00087196 -1.25000 10.10721 0.4000000060 2.1185024399    0.400 -1.478  3.6087  4.904    1  0.000  0.545     0.00     0.00     0.00     0.00     0.00 -1 -2.34e-15      0.00 7.492e-01 2.499e-01 1.620e-04 4.372e-05 3.965e-04 -1.000 9.012e-04 8.464 11.690 9.850 8.660 8.222 7.997 7.918
0.00087196 -1.25000 10.10721 0.4500000179 2.1822809362    0.450 -1.299  3.6268  4.849    1  0.000  0.545     0.00     0.00     0.00     0.00     0.00 -1 -3.54e-15      0.00 7.492e-01 2.499e-01 1.620e-04 4.372e-05 3.965e-04 -1.000 9.012e-04 8.017 10.967 9.220 8.149 7.767 7.570 7.500
0.00087196 -1.25000 10.10721 0.5000000000 2.2374541529    0.500 -1.094  3.6555  4.805    1  0.000  0.545     0.00     0.00     0.00     0.00     0.00 -1 -5.68e-15      0.00 7.492e-01 2.499e-01 1.620e-04 4.372e-05 3.965e-04 -1.000 9.012e-04 7.504 10.028 8.434 7.548 7.246 7.092 7.037
0.00087196 -1.25000 10.10721 0.5500000715 2.2836583126    0.550 -0.868  3.6856  4.741    1  0.000  0.544     0.00     0.00     0.00     0.00     0.00 -1 -9.78e-15      0.00 7.858e-01 2.134e-01 1.400e-04 3.780e-05 3.430e-04 -1.000 7.380e-04 6.941 8.962 7.621 6.914 6.682 6.571 6.531
0.00087196 -1.25000 10.10721 0.5824992061 2.3088487590    0.582 -0.728  3.7050  4.703    1  0.000  0.544     0.00     0.00     0.00     0.00     0.00 -1 -1.37e-14      0.00 7.925e-01 2.068e-01 1.362e-04 3.680e-05 3.340e-04 -1.000 7.792e-04 6.590 8.307 7.148 6.534 6.336 6.250 6.221
0.00087196 -1.25000 10.10721 0.6000000238 2.3211213258    0.600 -0.656  3.7150  4.684    1  0.000  0.544     0.00     0.00     0.00     0.00     0.00 -1 -1.63e-14      0.00 7.959e-01 2.033e-01 1.343e-04 3.628e-05 3.294e-04 -1.000 8.002e-04 6.409 7.987 6.915 6.343 6.162 6.087 6.064
0.00087196 -1.25000 10.10721 0.6120437980 2.3290998656    0.612 -0.602  3.7229  4.670    1  0.000  0.544     0.00     0.00     0.00     0.00     0.00 -1 -1.76e-14      0.00 7.986e-01 2.006e-01 1.328e-04 3.588e-05 3.258e-04 -1.000 7.897e-04 6.276 7.752 6.745 6.204 6.036 5.970 5.951
0.00087196 -1.25000 10.10721 0.6239748001 2.3366554717    0.624 -0.549  3.7305  4.656    1  0.000  0.543     0.00     0.00     0.00     0.00     0.00 -1 -2.39e-15      0.00 8.014e-01 1.979e-01 1.313e-04 3.547e-05 3.221e-04 -1.000 7.210e-04 6.143 7.526 6.580 6.068 5.912 5.854 5.839
0.00087196 -1.25000 10.10721 0.6350849867 2.3433985193    0.635 -0.499  3.7375  4.642    1  0.000  0.543     0.00     0.00     0.00     0.00     0.00 -1  -6.4e-19      0.00 8.040e-01 1.952e-01 1.297e-04 3.507e-05 3.185e-04 -1.000 7.209e-04 6.019 7.326 6.430 5.943 5.796 5.746 5.734
0.00087196 -1.25000 10.10721 0.6454301476 2.3494378244    0.645 -0.453  3.7439  4.628    1  0.000  0.543     0.00     0.00     0.00     0.00     0.00 -1 -9.82e-16      0.00 8.066e-01 1.927e-01 1.283e-04 3.468e-05 3.151e-04 -1.000 7.114e-04 5.902 7.143 6.290 5.826 5.689 5.646 5.637
0.00087196 -1.25000 10.10721 0.6499999762 2.3520353107    0.650 -0.432  3.7467  4.621    1  0.000  0.543     0.00     0.00     0.00     0.00     0.00 -1 -2.81e-14      0.00 8.077e-01 1.916e-01 1.276e-04 3.451e-05 3.135e-04 -1.000 7.209e-04 5.850 7.062 6.228 5.775 5.642 5.602 5.594
0.00087196 -1.25000 10.10721 0.6525256038 2.3534529368    0.652 -0.420  3.7481  4.617    1  0.000  0.543     0.00     0.00     0.00     0.00     0.00 -1  -2.9e-14      0.00 8.085e-01 1.908e-01 1.272e-04 3.440e-05 3.125e-04 -1.000 7.209e-04 5.821 7.019 6.195 5.747 5.616 5.577 5.570
0.00087196 -1.25000 10.10721 0.6644413471 2.3599743634    0.664 -0.365  3.7547  4.596    1  0.000  0.543     0.00     0.00     0.00     0.00     0.00 -1 -3.34e-14      0.00 8.123e-01 1.870e-01 1.251e-04 3.384e-05 3.075e-04 -1.000 7.122e-04 5.683 6.817 6.035 5.612 5.493 5.461 5.456
0.00087196 -1.25000 10.10721 0.6753880978 2.3657328282    0.675 -0.314  3.7605  4.575    1  0.000  0.542     0.00     0.00     0.00     0.00     0.00 -1 -1.09e-14      0.00 8.159e-01 1.834e-01 1.231e-04 3.330e-05 3.027e-04 -1.000 6.799e-04 5.554 6.633 5.887 5.487 5.377 5.351 5.349
0.00087196 -1.25000 10.10721 0.6858255267 2.3710269518    0.686 -0.263  3.7660  4.553    1  0.000  0.542     0.00     0.00     0.00     0.00     0.00 -1 -9.53e-18      0.00 8.196e-01 1.797e-01 1.211e-04 3.276e-05 2.979e-04 -1.000 6.752e-04 5.428 6.461 5.746 5.366 5.263 5.243 5.243
0.00087196 -1.25000 10.10721 0.6955499649 2.3757953602    0.695 -0.215  3.7708  4.530    1  0.000  0.542     0.00     0.00     0.00     0.00     0.00 -1 -1.87e-15      0.00 8.232e-01 1.762e-01 1.191e-04 3.224e-05 2.931e-04 -1.000 6.536e-04 5.307 6.301 5.612 5.249 5.154 5.139 5.141
0.00087196 -1.25000 10.10721 0.6999999881 2.3779266974    0.700 -0.192  3.7730  4.519    1  0.000  0.541     0.00     0.00     0.00     0.00     0.00 -1  -5.3e-14      0.00 8.249e-01 1.745e-01 1.181e-04 3.199e-05 2.909e-04 -1.000 6.350e-04 5.249 6.227 5.549 5.194 5.103 5.090 5.093
0.00087196 -1.25000 10.10721 0.7048395276 2.3802094973    0.705 -0.167  3.7753  4.506    1  0.000  0.540     0.00     0.00     0.00     0.00     0.00 -1 -5.68e-14      0.00 8.272e-01 1.722e-01 1.167e-04 3.165e-05 2.879e-04 -1.000 6.209e-04 5.187 6.146 5.480 5.134 5.046 5.035 5.039
0.00087196 -1.25000 10.10721 0.7149278522 2.3848540719    0.715 -0.111  3.7799  4.475    1  0.000  0.539     0.00     0.00     0.00     0.00     0.00 -1 -6.62e-14      0.00 8.321e-01 1.673e-01 1.136e-04 3.090e-05 2.813e-04 -1.000 6.209e-04 5.049 5.973 5.330 5.001 4.920 4.914 4.920
0.00087196 -1.25000 10.10721 0.7237373590 2.3887883359    0.723 -0.061  3.7838  4.445    1  0.000  0.537     0.00     0.00     0.00     0.00     0.00 -1 -7.66e-14      0.00 8.366e-01 1.627e-01 1.108e-04 3.022e-05 2.753e-04 -1.000 6.312e-04 4.922 5.823 5.193 4.879 4.804 4.801 4.808
0.00087196 -1.25000 10.10721 0.7320492268 2.3924006916    0.732 -0.010  3.7873  4.414    1  0.000  0.535     0.00     0.00     0.00     0.00     0.00 -1 -9.42e-17      0.00 8.411e-01 1.583e-01 1.081e-04 2.954e-05 2.693e-04 -1.000 6.278e-04 4.795 5.675 5.058 4.756 4.687 4.688 4.696
0.00087196 -1.25000 10.10721 0.7398272753 2.3956966411    0.739  0.040  3.7904  4.380    1  0.000  0.534     0.00     0.00     0.00     0.00     0.00 -1 -4.62e-17      0.00 8.453e-01 1.541e-01 1.055e-04 2.890e-05 2.635e-04 -1.000 6.209e-04 4.670 5.531 4.925 4.634 4.570 4.574 4.583
0.00087196 -1.25000 10.10721 0.7471517920 2.3987283664    0.747  0.090  3.7931  4.345    1  0.000  0.532     0.00     0.00     0.00     0.00     0.00 -1 -1.38e-14      0.00 8.493e-01 1.501e-01 1.031e-04 2.830e-05 2.582e-04 -1.000 6.199e-04 4.545 5.391 4.792 4.512 4.452 4.459 4.469
0.00087196 -1.25000 10.10721 0.7500000000 2.3998889087    0.749  0.111  3.7940  4.330    1  0.000  0.532     0.00     0.00     0.00     0.00     0.00 -1 -1.27e-13      0.00 8.508e-01 1.486e-01 1.022e-04 2.808e-05 2.563e-04 -1.000 6.114e-04 4.493 5.334 4.738 4.461 4.403 4.410 4.421
0.00087196 -1.25000 10.10721 0.7549256086 2.4018721699    0.754  0.147  3.7956  4.303    1  0.000  0.531     0.00     0.00     0.00     0.00     0.00 -1 -1.42e-13      0.00 8.528e-01 1.466e-01 1.013e-04 2.783e-05 2.541e-04 -1.000 5.976e-04 4.404 5.236 4.644 4.373 4.318 4.326 4.337
0.00087196 -1.25000 10.10721 0.7618386745 2.4046059855    0.761  0.200  3.7973  4.261    1  0.000  0.531     0.00     0.00     0.00     0.00     0.00 -1 -1.68e-13      0.00 8.551e-01 1.444e-01 1.003e-04 2.758e-05 2.519e-04 -1.000 5.636e-04 4.270 5.091 4.505 4.241 4.188 4.199 4.210
0.00087196 -1.25000 10.10721 0.7678967714 2.4069552179    0.767  0.251  3.7985  4.218    1  0.000  0.531     0.00     0.00     0.00     0.00     0.00 -1 -1.97e-13      0.00 8.553e-01 1.441e-01 1.003e-04 2.759e-05 2.521e-04 -1.000 5.769e-04 4.144 4.958 4.374 4.116 4.065 4.077 4.088
0.00087196 -1.25000 10.10721 0.7697333694 2.4076590260    0.769  0.267  3.7987  4.204    1  0.000  0.531     0.00     0.00     0.00     0.00     0.00 -1 -2.09e-13      0.00 8.553e-01 1.441e-01 1.004e-04 2.762e-05 2.523e-04 -1.000 5.809e-04 4.103 4.916 4.333 4.075 4.025 4.037 4.049
0.00087196 -1.25000 10.10721 0.7713027596 2.4082573835    0.770  0.282  3.7986  4.189    1  0.000  0.530     0.00     0.00     0.00     0.00     0.00 -1  -2.2e-13      0.00 8.553e-01 1.441e-01 1.005e-04 2.764e-05 2.525e-04 -1.000 5.841e-04 4.065 4.878 4.295 4.037 3.987 3.999 4.010
0.00087196 -1.25000 10.10721 0.7773525119 2.4105379815    0.776  0.343  3.7974  4.127    1  0.000  0.530     0.00     0.00     0.00     0.00     0.00 -1 -1.58e-14      0.00 8.552e-01 1.442e-01 1.008e-04 2.772e-05 2.533e-04 -1.000 6.033e-04 3.912 4.729 4.143 3.883 3.831 3.842 3.853
0.00087196 -1.25000 10.10721 0.7818999887 2.4122255680    0.781  0.394  3.7949  4.068    1  0.000  0.530     0.00     0.00     0.00     0.00     0.00 -1 -2.57e-17      0.00 8.550e-01 1.444e-01 1.010e-04 2.780e-05 2.541e-04 -1.000 6.287e-04 3.785 4.612 4.019 3.752 3.698 3.706 3.716
0.00087196 -1.25000 10.10721 0.7826707959 2.4125093832    0.781  0.403  3.7943  4.057    1  0.000  0.530     0.00     0.00     0.00     0.00     0.00 -1 -5.96e-18      0.00 8.550e-01 1.444e-01 1.011e-04 2.782e-05 2.542e-04 -1.000 6.340e-04 3.761 4.592 3.997 3.729 3.673 3.681 3.690
0.00087196 -1.25000 10.10721 0.7841253281 2.4130432019    0.783  0.423  3.7925  4.031    2  0.000  0.530     0.00     0.00     0.00     0.00     0.00 -1 -1.59e-17      0.00 8.545e-01 1.449e-01 1.015e-04 2.794e-05 2.553e-04 -1.000 6.236e-04 3.713 4.551 3.952 3.678 3.620 3.626 3.635
0.00087196 -1.25000 10.10721 0.7870050669 2.4140933862    0.786  0.465  3.7872  3.969    2  0.000  0.530     0.00     0.00     0.00     0.00     0.00 -1 -1.14e-16      0.00 8.531e-01 1.463e-01 1.027e-04 2.825e-05 2.582e-04 -1.000 6.248e-04 3.607 4.473 3.859 3.568 3.502 3.502 3.509
0.00087196 -1.25000 10.10721 0.7891150117 2.4148572491    0.788  0.501  3.7806  3.908    2  0.000  0.530     0.00     0.00     0.00     0.00     0.00 -1 -4.96e-16      0.00 8.475e-01 1.519e-01 1.066e-04 2.932e-05 2.679e-04 -1.000 5.766e-04 3.518 4.419 3.785 3.472 3.396 3.391 3.395
0.00087196 -1.25000 10.10721 0.7907289267 2.4154383711    0.789  0.531  3.7732  3.849    2  0.000  0.532     0.00     0.00     0.00     0.00     0.00 -1 -1.56e-15      0.00 8.249e-01 1.745e-01 1.203e-04 3.305e-05 3.016e-04 -1.000 6.366e-04 3.442 4.390 3.729 3.391 3.304 3.290 3.292
0.00087196 -1.25000 10.10721 0.7920395136 2.4159082705    0.791  0.558  3.7652  3.791    2  0.000  0.534     0.00     0.00     0.00     0.00     0.00 -1 -4.04e-15      0.00 8.022e-01 1.970e-01 1.325e-04 3.632e-05 3.309e-04 -1.000 7.661e-04 3.375 4.379 3.685 3.320 3.220 3.199 3.197
0.00087196 -1.25000 10.10721 0.7931876779 2.4163184676    0.792  0.587  3.7564  3.727    2  0.000  0.535     0.00     0.00     0.00     0.00     0.00 -1 -3.24e-15      0.00 7.860e-01 2.132e-01 1.406e-04 3.848e-05 3.502e-04 -1.000 8.036e-04 3.303 4.373 3.640 3.244 3.130 3.100 3.095
0.00087196 -1.25000 10.10721 0.7940866947 2.4166387014    0.793  0.619  3.7492  3.667    2  0.000  0.536     0.00     0.00     0.00     0.00     0.00 -1 -7.53e-15      0.00 7.772e-01 2.220e-01 1.450e-04 3.967e-05 3.608e-04 -1.000 8.080e-04 3.222 4.349 3.583 3.162 3.038 3.000 2.992
0.00087196 -1.25000 10.10721 0.7947874069 2.4168877205    0.793  0.653  3.7442  3.613    2  0.000  0.536     0.00     0.00     0.00     0.00     0.00 -1  -1.5e-14      0.00 7.722e-01 2.270e-01 1.475e-04 4.034e-05 3.668e-04 -1.000 8.141e-04 3.136 4.304 3.515 3.076 2.944 2.901 2.891
0.00087196 -1.25000 10.10721 0.7953754663 2.4170963157    0.794  0.690  3.7405  3.562    2  0.000  0.536     0.00     0.00     0.00     0.00     0.00 -1 -2.74e-14      0.00 7.690e-01 2.302e-01 1.491e-04 4.075e-05 3.705e-04 -1.000 8.671e-04 3.045 4.242 3.436 2.986 2.848 2.801 2.789
0.00087196 -1.25000 10.10721 0.7954781651 2.4171327084    0.794  0.696  3.7398  3.553    2  0.000  0.536     0.00     0.00     0.00     0.00     0.00 -1 -3.05e-14      0.00 7.684e-01 2.307e-01 1.493e-04 4.083e-05 3.712e-04 -1.000 8.743e-04 3.030 4.232 3.423 2.970 2.832 2.784 2.772
0.00087196 -1.25000 10.10721 0.7955889702 2.4171719615    0.794  0.704  3.7393  3.543    3  0.000  0.537     0.00     0.00     0.00     0.00     0.00 -1 -3.45e-14      0.00 7.679e-01 2.312e-01 1.496e-04 4.089e-05 3.717e-04 -1.000 8.796e-04 3.010 4.217 3.405 2.951 2.811 2.762 2.750
0.00087196 -1.25000 10.10721 0.7961723208 2.4173784089    0.794  0.749  3.7365  3.487    3  0.000  0.537     0.00     0.00     0.00     0.00     0.00 -1 -6.39e-14      0.00 7.652e-01 2.339e-01 1.507e-04 4.119e-05 3.744e-04 -1.000 8.984e-04 2.898 4.129 3.304 2.841 2.697 2.645 2.632
0.00087196 -1.25000 10.10721 0.7966641784 2.4175522067    0.795  0.790  3.7345  3.438    3  0.000  0.537     0.00     0.00     0.00     0.00     0.00 -1  -1.1e-13      0.00 7.632e-01 2.360e-01 1.515e-04 4.140e-05 3.763e-04 -1.000 8.126e-04 2.795 4.043 3.208 2.739 2.592 2.538 2.523
0.00087196 -1.25000 10.10721 0.7972103357 2.4177449024    0.795  0.840  3.7325  3.381    3  0.000  0.537     0.00     0.00     0.00     0.00     0.00 -1 -2.03e-13      0.00 7.609e-01 2.382e-01 1.522e-04 4.159e-05 3.780e-04 -1.000 8.861e-04 2.670 3.936 3.090 2.615 2.465 2.409 2.393
0.00087196 -1.25000 10.10721 0.7977154255 2.4179228386    0.796  0.890  3.7307  3.324    3  0.000  0.537     0.00     0.00     0.00     0.00     0.00 -1 -3.64e-13      0.00 7.590e-01 2.402e-01 1.527e-04 4.175e-05 3.794e-04 -1.000 8.208e-04 2.546 3.827 2.972 2.492 2.339 2.281 2.264
0.00087196 -1.25000 10.10721 0.7982226014 2.4181012491    0.796  0.944  3.7290  3.263    3  0.000  0.537     0.00     0.00     0.00     0.00     0.00 -1 -6.65e-13      0.00 7.568e-01 2.423e-01 1.532e-04 4.189e-05 3.806e-04 -1.000 8.982e-04 2.410 3.706 2.843 2.357 2.202 2.141 2.124
0.00087196 -1.25000 10.10721 0.7986719608 2.4182591037    0.797  0.997  3.7274  3.204    3  0.000  0.536     0.00     0.00     0.00     0.00     0.00 -1 -1.16e-12      0.00 7.551e-01 2.441e-01 1.534e-04 4.202e-05 3.815e-04 -1.000 8.190e-04 2.278 3.589 2.718 2.227 2.070 2.007 1.989
0.00087196 -1.25000 10.10721 0.7990534306 2.4183929493    0.797  1.045  3.7259  3.150    3  0.000  0.535     0.00     0.00     0.00     0.00     0.00 -1 -1.88e-12      0.00 7.534e-01 2.457e-01 1.533e-04 4.218e-05 3.822e-04 -1.000 8.893e-04 2.157 3.481 2.602 2.107 1.948 1.883 1.864
0.00087196 -1.25000 10.10721 0.7993521690 2.4184976645    0.797  1.086  3.7247  3.104    3  0.000  0.534     0.00     0.00     0.00     0.00     0.00 -1 -2.79e-12      0.00 7.523e-01 2.469e-01 1.532e-04 4.234e-05 3.827e-04 -1.000 8.131e-04 2.054 3.389 2.505 2.006 1.844 1.778 1.758
0.00087196 -1.25000 10.10721 0.7996830940 2.4186135568    0.797  1.136  3.7232  3.049    3  0.000  0.532     0.00     0.00     0.00     0.00     0.00 -1 -4.37e-12      0.00 7.510e-01 2.481e-01 1.529e-04 4.264e-05 3.831e-04 -1.000 8.999e-04 1.930 3.279 2.387 1.883 1.720 1.652 1.631
0.00087196 -1.25000 10.10721 0.7999995351 2.4187242737    0.798  1.188  3.7215  2.990    3  0.000  0.530     0.00     0.00     0.00     0.00     0.00 -1 -6.85e-12      0.00 7.498e-01 2.493e-01 1.523e-04 4.314e-05 3.835e-04 -1.000 8.887e-04 1.801 3.164 2.264 1.756 1.589 1.520 1.498
0.00087196 -1.25000 10.10721 0.8000000119 2.4187244405    0.798  1.188  3.7215  2.990    3  0.000  0.530     0.00     0.00     0.00     0.00     0.00 -1 -6.85e-12      0.00 7.498e-01 2.493e-01 1.523e-04 4.314e-05 3.835e-04 -1.000 8.886e-04 1.801 3.164 2.264 1.755 1.589 1.519 1.498
0.00087196 -1.25000 10.10721 0.8002860546 2.4188244347    0.798  1.239  3.7198  2.932    3  0.000  0.527     0.00     0.00     0.00     0.00     0.00 -1 -8.26e-12      0.00 7.489e-01 2.502e-01 1.516e-04 4.371e-05 3.837e-04 -1.000 8.945e-04 1.672 3.052 2.142 1.628 1.458 1.387 1.364
0.00087196 -1.25000 10.10721 0.8005362153 2.4189118181    0.798  1.289  3.7182  2.876    3  0.000  0.525     0.00     0.00     0.00     0.00     0.00 -1 -9.88e-12      0.00 7.481e-01 2.510e-01 1.511e-04 4.434e-05 3.840e-04 -1.000 8.216e-04 1.548 2.945 2.025 1.505 1.334 1.260 1.236
0.00087196 -1.25000 10.10721 0.8007623553 2.4189907567    0.798  1.338  3.7164  2.820    3  0.000  0.523     0.00     0.00     0.00     0.00     0.00 -1 -1.18e-11      0.00 7.475e-01 2.516e-01 1.505e-04 4.487e-05 3.841e-04 -1.000 9.005e-04 1.425 2.842 1.911 1.385 1.210 1.134 1.109
0.00087196 -1.25000 10.10721 0.8009657860 2.4190617245    0.798  1.386  3.7146  2.764    3  0.000  0.521     0.00     0.00     0.00     0.00     0.00 -1  -1.4e-11      0.00 7.472e-01 2.520e-01 1.502e-04 4.529e-05 3.842e-04 -1.000 8.223e-04 1.305 2.741 1.799 1.266 1.089 1.010 0.985
0.00087196 -1.25000 10.10721 0.8011546731 2.4191275815    0.798  1.435  3.7128  2.708    3  0.000  0.521     0.00     0.00     0.00     0.00     0.00 -1 -1.68e-11      0.00 7.470e-01 2.522e-01 1.500e-04 4.556e-05 3.843e-04 -1.000 8.228e-04 1.182 2.637 1.685 1.146 0.965 0.884 0.857
0.00087196 -1.25000 10.10721 0.8013218045 2.4191858235    0.798  1.483  3.7109  2.653    3  0.000  0.520     0.00     0.00     0.00     0.00     0.00 -1    -2e-11      0.00 7.469e-01 2.523e-01 1.498e-04 4.570e-05 3.843e-04 -1.000 8.232e-04 1.063 2.538 1.574 1.028 0.844 0.761 0.733
0.00087196 -1.25000 10.10721 0.8014777303 2.4192401353    0.798  1.532  3.7089  2.596    3  0.000  0.520     0.00     0.00     0.00     0.00     0.00 -1 -2.39e-11      0.00 7.469e-01 2.523e-01 1.498e-04 4.573e-05 3.844e-04 -1.000 8.234e-04 0.940 2.438 1.462 0.909 0.721 0.636 0.607
0.00087196 -1.25000 10.10721 0.8016155362 2.4192881154    0.798  1.579  3.7070  2.541    3  0.000  0.520     0.00     0.00     0.00     0.00     0.00 -1 -2.84e-11      0.00 7.469e-01 2.523e-01 1.498e-04 4.575e-05 3.844e-04 -1.000 8.236e-04 0.822 2.342 1.353 0.793 0.602 0.514 0.484
0.00087196 -1.25000 10.10721 0.8017383814 2.4193308706    0.798  1.625  3.7050  2.487    3  0.000  0.520     0.00     0.00     0.00     0.00     0.00 -1 -3.35e-11      0.00 7.469e-01 2.523e-01 1.498e-04 4.576e-05 3.844e-04 -1.000 8.238e-04 0.707 2.251 1.249 0.681 0.487 0.396 0.365
0.00087196 -1.25000 10.10721 0.8018522859 2.4193705007    0.798  1.671  3.7030  2.432    3  0.000  0.520     0.00     0.00     0.00     0.00     0.00 -1 -3.97e-11      0.00 7.468e-01 2.523e-01 1.498e-04 4.578e-05 3.844e-04 -1.000 8.240e-04 0.591 2.161 1.143 0.567 0.369 0.276 0.244
0.00087196 -1.25000 10.10721 0.8019533753 2.4194056612    0.798  1.716  3.7009  2.379    3  0.000  0.520     0.00     0.00     0.00     0.00     0.00 -1 -4.68e-11      0.00 7.468e-01 2.523e-01 1.498e-04 4.579e-05 3.844e-04 -1.000 8.242e-04 0.480 2.077 1.042 0.457 0.256 0.160 0.127
0.00087196 -1.25000 10.10721 0.8020486832 2.4194388015    0.797  1.762  3.6988  2.325    3  0.000  0.520     0.00     0.00     0.00     0.00     0.00 -1 -5.54e-11      0.00 7.468e-01 2.524e-01 1.498e-04 4.581e-05 3.844e-04 -1.000 8.243e-04 0.365 1.992 0.939 0.345 0.140 0.042 0.008
0.00087196 -1.25000 10.10721 0.8021345735 2.4194686593    0.797  1.806  3.6967  2.272    3  0.000  0.520     0.00     0.00     0.00     0.00     0.00 -1 -6.52e-11      0.00 7.468e-01 2.524e-01 1.498e-04 4.582e-05 3.844e-04 -1.000 8.245e-04 0.254 1.912 0.841 0.237 0.028 -0.072 -0.108
0.00087196 -1.25000 10.10721 0.8022148609 2.4194965628    0.797  1.851  3.6945  2.219    3  0.000  0.520     0.00     0.00     0.00     0.00     0.00 -1 -7.68e-11      0.00 7.468e-01 2.524e-01 1.498e-04 4.583e-05 3.844e-04 -1.000 8.246e-04 0.143 1.832 0.742 0.129 -0.083 -0.187 -0.224
0.00087196 -1.25000 10.10721 0.8022918105 2.4195233003    0.797  1.895  3.6923  2.165    3  0.000  0.520     0.00     0.00     0.00     0.00     0.00 -1 -9.05e-11      0.00 7.468e-01 2.524e-01 1.497e-04 4.584e-05 3.844e-04 -1.000 8.248e-04 0.032 1.752 0.644 0.021 -0.195 -0.302 -0.340
0.00087196 -1.25000 10.10721 0.8023706675 2.4195506943    0.796  1.938  3.6901  2.114    3  0.000  0.520     0.00     0.00     0.00     0.00     0.00 -1 -1.06e-10      0.00 7.468e-01 2.524e-01 1.497e-04 4.585e-05 3.844e-04 -1.000 8.249e-04 -0.074 1.677 0.550 -0.082 -0.303 -0.412 -0.451
0.00087196 -1.25000 10.10721 0.8024423122 2.4195755776    0.796  1.961  3.6891  2.086    3  0.000  0.520     0.00     0.00     0.00     0.00     0.00 -1 -1.16e-10      0.00 7.468e-01 2.524e-01 1.497e-04 4.586e-05 3.844e-04 -1.000 8.250e-04 -0.133 1.634 0.498 -0.139 -0.361 -0.472 -0.512
0.00087196 -1.25000 10.10721 0.8024890423 2.4195918048    0.796  1.947  3.6901  2.104    3  0.000  0.520     0.00     0.00     0.00     0.00     0.00 -1 -1.11e-10      0.00 7.468e-01 2.524e-01 1.497e-04 4.587e-05 3.844e-04 -1.000 8.250e-04 -0.097 1.654 0.527 -0.106 -0.326 -0.435 -0.474
0.00087196 -1.25000 10.10721 0.8025053740 2.4195974756    0.796  1.942  3.6905  2.111    3  0.000  0.520     0.00     0.00     0.00     0.00     0.00 -1 -1.09e-10      0.00 7.468e-01 2.524e-01 1.497e-04 4.587e-05 3.844e-04 -1.000 8.250e-04 -0.084 1.662 0.538 -0.093 -0.313 -0.421 -0.460
0.00087196 -1.25000 10.10721 0.8025578856 2.4196157071    0.795  1.982  3.6884  2.062    3  0.000  0.520     0.00     0.00     0.00     0.00     0.00 -1 -1.25e-10      0.00 7.468e-01 2.524e-01 1.497e-04 4.588e-05 3.844e-04 -1.000 8.252e-04 -0.185 1.593 0.450 -0.190 -0.414 -0.525 -0.565
0.00087196 -1.25000 10.10721 0.8026076555 2.4196329841    0.795  2.023  3.6862  2.012    3  0.000  0.520     0.00     0.00     0.00     0.00     0.00 -1 -1.45e-10      0.00 7.468e-01 2.524e-01 1.497e-04 4.588e-05 3.844e-04 -1.000 8.253e-04 -0.287 1.525 0.362 -0.288 -0.515 -0.630 -0.671
0.00087196 -1.25000 10.10721 0.8026561737 2.4196498243    0.795  2.065  3.6839  1.961    3  0.000  0.520     0.00     0.00     0.00     0.00     0.00 -1  -1.7e-10      0.00 7.468e-01 2.524e-01 1.497e-04 4.589e-05 3.844e-04 -1.000 8.253e-04 -0.392 1.467 0.273 -0.391 -0.622 -0.739 -0.782
0.00087196 -1.25000 10.10721 0.8027012348 2.4196654625    0.794  2.107  3.6816  1.909    3  0.000  0.520     0.00     0.00     0.00     0.00     0.00 -1 -1.98e-10      0.00 7.468e-01 2.524e-01 1.497e-04 4.590e-05 3.844e-04 -1.000 8.255e-04 -0.497 1.414 0.185 -0.494 -0.728 -0.848 -0.893
0.00087196 -1.25000 10.10721 0.8027413487 2.4196793820    0.794  2.147  3.6793  1.860    3  0.000  0.520     0.00     0.00     0.00     0.00     0.00 -1  -2.3e-10      0.00 7.468e-01 2.524e-01 1.497e-04 4.590e-05 3.844e-04 -1.000 8.255e-04 -0.598 1.367 0.102 -0.592 -0.831 -0.953 -1.000
0.00087196 -1.25000 10.10721 0.8027787209 2.4196923488    0.793  2.187  3.6769  1.810    3  0.000  0.520     0.00     0.00     0.00     0.00     0.00 -1 -2.68e-10      0.00 7.468e-01 2.524e-01 1.497e-04 4.591e-05 3.844e-04 -1.000 8.255e-04 -0.699 1.323 0.020 -0.691 -0.933 -1.058 -1.106
0.00087196 -1.25000 10.10721 0.8028132319 2.4197043216    0.793  2.227  3.6745  1.760    3  0.000  0.520     0.00     0.00     0.00     0.00     0.00 -1 -3.11e-10      0.00 7.468e-01 2.524e-01 1.497e-04 4.591e-05 3.844e-04 -1.000 8.256e-04 -0.799 1.283 -0.059 -0.788 -1.034 -1.163 -1.212
0.00087196 -1.25000 10.10721 0.8028453588 2.4197154662    0.792  2.267  3.6721  1.710    3  0.000  0.520     0.00     0.00     0.00     0.00     0.00 -1 -3.62e-10      0.00 7.468e-01 2.524e-01 1.497e-04 4.592e-05 3.844e-04 -1.000 8.256e-04 -0.899 1.244 -0.139 -0.886 -1.136 -1.267 -1.318
0.00087196 -1.25000 10.10721 0.8028740287 2.4197254107    0.792  2.306  3.6697  1.661    3  0.000  0.520     0.00     0.00     0.00     0.00     0.00 -1 -4.18e-10      0.00 7.468e-01 2.524e-01 1.497e-04 4.592e-05 3.844e-04 -1.000 8.257e-04 -0.995 1.212 -0.214 -0.979 -1.233 -1.368 -1.421
0.00087196 -1.25000 10.10721 0.8029009700 2.4197347549    0.791  2.345  3.6673  1.612    3  0.000  0.520     0.00     0.00     0.00     0.00     0.00 -1 -4.84e-10      0.00 7.468e-01 2.524e-01 1.497e-04 4.592e-05 3.844e-04 -1.000 8.258e-04 -1.093 1.183 -0.287 -1.072 -1.331 -1.468 -1.523
0.00087196 -1.25000 10.10721 0.8029314280 2.4197453180    0.790  2.393  3.6642  1.552    3  0.000  0.520     0.00     0.00     0.00     0.00     0.00 -1 -5.79e-10      0.00 7.468e-01 2.524e-01 1.497e-04 4.593e-05 3.844e-04 -1.000 8.258e-04 -1.212 1.153 -0.375 -1.186 -1.450 -1.592 -1.649
0.00087196 -1.25000 10.10721 0.8029587865 2.4197548053    0.789  2.439  3.6612  1.493    3  0.000  0.520     0.00     0.00     0.00     0.00     0.00 -1 -6.91e-10      0.00 7.468e-01 2.524e-01 1.497e-04 4.593e-05 3.844e-04 -1.000 8.259e-04 -1.328 1.130 -0.459 -1.296 -1.566 -1.712 -1.771
0.00087196 -1.25000 10.10721 0.8029842973 2.4197636512    0.788  2.486  3.6581  1.433    3  0.000  0.519     0.00     0.00     0.00     0.00     0.00 -1 -8.25e-10      0.00 7.467e-01 2.524e-01 1.497e-04 4.594e-05 3.844e-04 -1.000 8.259e-04 -1.446 1.118 -0.540 -1.406 -1.683 -1.833 -1.895
0.00087196 -1.25000 10.10721 0.8030070066 2.4197715252    0.787  2.532  3.6550  1.374    3  0.000  0.519     8.71     6.68     4.70     3.64     2.95  3 -9.81e-10      0.00 7.467e-01 2.524e-01 1.497e-04 4.594e-05 3.844e-04 -1.000 8.259e-04 -1.560 1.095 -0.617 -1.508 -1.793 -1.948 -2.012
0.00087196 -1.25000 10.10721 0.8030278087 2.4197787374    0.786  2.577  3.6518  1.316    3  0.000  0.519     9.85     7.42     5.20     4.04     3.27  3 -1.16e-09      0.00 7.467e-01 2.524e-01 1.497e-04 4.594e-05 3.844e-04 -1.000 8.259e-04 -1.672 1.074 -0.693 -1.609 -1.901 -2.062 -2.128
0.00087196 -1.25000 10.10721 0.8030478358 2.4197856806    0.784  2.624  3.6487  1.256    3  0.000  0.519    11.17     8.26     5.76     4.48     3.63  3 -1.39e-09      0.00 7.467e-01 2.524e-01 1.497e-04 4.594e-05 3.844e-04 -1.000 8.260e-04 -1.789 1.050 -0.772 -1.712 -2.013 -2.179 -2.248
0.00087196 -1.25000 10.10721 0.8030651212 2.4197916728    0.783  2.667  3.6456  1.199    3  0.000  0.519    12.60     9.16     6.35     4.95     4.01  3 -1.64e-09      0.00 7.467e-01 2.524e-01 1.497e-04 4.595e-05 3.844e-04 -1.000 8.261e-04 -1.898 1.035 -0.842 -1.807 -2.116 -2.288 -2.360
0.00087196 -1.25000 10.10721 0.8030813932 2.4197973136    0.781  2.712  3.6424  1.141    3  0.000  0.519    14.24    10.16     7.02     5.47     4.43  2 -1.95e-09      0.00 7.467e-01 2.524e-01 1.497e-04 4.595e-05 3.844e-04 -1.000 8.261e-04 -2.009 1.020 -0.912 -1.903 -2.221 -2.398 -2.473
0.00087196 -1.25000 10.10721 0.8030968308 2.4198026648    0.780  2.757  3.6393  1.082    3  0.000  0.519    16.12    11.29     7.76     6.06     4.91  2 -2.31e-09      0.00 7.467e-01 2.524e-01 1.497e-04 4.595e-05 3.844e-04 -1.000 8.261e-04 -2.122 1.004 -0.985 -2.002 -2.328 -2.511 -2.588
0.00087196 -1.25000 10.10721 0.8031101227 2.4198072720    0.778  2.799  3.6360  1.026    3  0.000  0.519    18.12    12.48     8.54     6.68     5.42  2 -2.72e-09      0.00 7.467e-01 2.524e-01 1.497e-04 4.595e-05 3.844e-04 -1.000 8.261e-04 -2.226 0.997 -1.046 -2.089 -2.425 -2.614 -2.693
0.00087196 -1.25000 10.10721 0.8031229973 2.4198117345    0.776  2.842  3.6329  0.969    3  0.000  0.519    20.45    13.83     9.42     7.38     5.99  2 -3.21e-09      0.00 7.467e-01 2.524e-01 1.497e-04 4.596e-05 3.844e-04 -1.000 8.261e-04 -2.335 0.994 -1.108 -2.180 -2.526 -2.721 -2.803
0.00087196 -1.25000 10.10721 0.8031350970 2.4198159282    0.773  2.886  3.6297  0.912    3  0.000  0.519    23.10    15.34    10.39     8.16     6.62  2 -3.81e-09      0.00 7.467e-01 2.524e-01 1.497e-04 4.596e-05 3.844e-04 -1.000 8.262e-04 -2.444 0.993 -1.168 -2.271 -2.628 -2.829 -2.914
0.00087196 -1.25000 10.10721 0.8031455278 2.4198195434    0.771  2.926  3.6265  0.857    3  0.000  0.519    25.91    16.91    11.41     8.98     7.28  2 -4.46e-09      0.00 7.467e-01 2.524e-01 1.497e-04 4.596e-05 3.844e-04 -1.000 8.262e-04 -2.545 0.999 -1.217 -2.352 -2.719 -2.927 -3.015
0.00087196 -1.25000 10.10721 0.8031556010 2.4198230345    0.768  2.968  3.6233  0.801    3  0.000  0.519    29.15    18.70    12.56     9.89     8.03  1 -5.24e-09      0.00 7.467e-01 2.524e-01 1.497e-04 4.596e-05 3.844e-04 -1.000 8.262e-04 -2.649 1.004 -1.268 -2.435 -2.814 -3.028 -3.119
0.00087196 -1.25000 10.10721 0.8031653762 2.4198264222    0.765  3.011  3.6202  0.744    3  0.000  0.519    32.89    20.71    13.85    10.93     8.87  1 -6.19e-09      0.00 7.467e-01 2.524e-01 1.497e-04 4.596e-05 3.844e-04 -1.000 8.262e-04 -2.757 1.005 -1.323 -2.522 -2.912 -3.133 -3.226
0.00087196 -1.25000 10.10721 0.8031738400 2.4198293554    0.762  3.051  3.6170  0.689    3  0.000  0.519    36.89    22.84    15.20    12.01     9.75  1 -7.24e-09      0.00 7.467e-01 2.524e-01 1.497e-04 4.596e-05 3.845e-04 -1.000 8.262e-04 -2.856 1.012 -1.367 -2.599 -3.001 -3.230 -3.326
0.00087196 -1.25000 10.10721 0.8031823039 2.4198322885    0.758  3.093  3.6138  0.633    3  0.000  0.519    41.58    25.27    16.74    13.25    10.76  1 -8.53e-09      0.00 7.467e-01 2.524e-01 1.497e-04 4.596e-05 3.845e-04 -1.000 8.262e-04 -2.961 1.014 -1.416 -2.682 -3.096 -3.331 -3.430
0.00087196 -1.25000 10.10721 0.8031901121 2.4198349944    0.754  3.134  3.6106  0.576    3  0.000  0.519    46.81    27.95    18.42    14.61    11.86  1    -1e-08      0.00 7.467e-01 2.524e-01 1.497e-04 4.596e-05 3.845e-04 -1.000 8.262e-04 -3.065 1.016 -1.463 -2.762 -3.188 -3.431 -3.532
0.00087196 -1.25000 10.10721 0.8031972647 2.4198374730    0.750  3.174  3.6075  0.521    3  0.000  0.519    52.62    30.85    20.25    16.09    13.06  1 -1.18e-08      0.00 7.467e-01 2.524e-01 1.497e-04 4.597e-05 3.845e-04 -1.000 8.262e-04 -3.166 1.016 -1.504 -2.837 -3.277 -3.527 -3.631
0.00087196 -1.25000 10.10721 0.8032041192 2.4198398482    0.745  3.215  3.6043  0.464    3  0.000  0.519    59.27    34.12    22.28    17.74    14.40  1 -1.39e-08      0.00 7.467e-01 2.524e-01 1.497e-04 4.597e-05 3.845e-04 -1.000 8.263e-04 -3.268 1.013 -1.539 -2.912 -3.367 -3.624 -3.732
0.00087196 -1.25000 10.10721 0.8032106161 2.4198420995    0.740  3.256  3.6011  0.408    3  0.000  0.519    66.74    37.71    24.52    19.55    15.88  1 -1.63e-08      0.00 7.467e-01 2.524e-01 1.497e-04 4.597e-05 3.845e-04 -1.000 8.263e-04 -3.370 1.008 -1.571 -2.984 -3.455 -3.721 -3.832
0.00087196 -1.25000 10.10721 0.8032166362 2.4198441856    0.734  3.295  3.5981  0.353    3  0.000  0.519    74.93    41.57    26.90    21.49    17.46  1 -1.91e-08      0.00 7.467e-01 2.524e-01 1.497e-04 4.597e-05 3.845e-04 -1.000 8.263e-04 -3.468 1.003 -1.600 -3.054 -3.541 -3.815 -3.928
0.00087196 -1.25000 10.10721 0.8032212257 2.4198457759    0.729  3.323  3.5959  0.313    3  0.000  0.519    81.47    44.60    28.77    23.00    18.69  1 -2.15e-08      0.00 7.467e-01 2.524e-01 1.497e-04 4.597e-05 3.845e-04 -1.000 8.263e-04 -3.538 0.998 -1.620 -3.102 -3.601 -3.882 -3.997
0.00087196 -1.25000 10.10721 0.8032212257 2.4198457759    0.729  1.719  3.7526  2.544    4  0.000  0.519     0.00     0.00     0.00     0.00     0.00 -1    -1e-30      0.00 7.408e-01 2.583e-01 1.524e-04 4.719e-05 3.917e-04 -1.000 9.012e-04 0.472 1.538 0.797 0.412 0.299 0.262 0.254
0.00087196 -1.25000 10.10721 0.8032670021 2.4198616365    0.729  1.735  3.7513  2.523    4  0.000  0.519     0.00     0.00     0.00     0.00     0.00 -1    -1e-30      0.00 7.408e-01 2.583e-01 1.524e-04 4.719e-05 3.917e-04 -1.000 9.012e-04 0.432 1.509 0.763 0.372 0.257 0.218 0.210
0.00087196 -1.25000 10.10721 0.8033138514 2.4198778668    0.729  1.738  3.7512  2.519    4  0.000  0.519     0.00     0.00     0.00     0.00     0.00 -1    -1e-30      0.00 7.408e-01 2.583e-01 1.524e-04 4.719e-05 3.917e-04 -1.000 9.012e-04 0.425 1.502 0.755 0.365 0.249 0.211 0.202
0.00087196 -1.25000 10.10721 0.8033614159 2.4198943426    0.729  1.739  3.7514  2.519    4  0.000  0.519     0.00     0.00     0.00     0.00     0.00 -1    -1e-30      0.00 7.408e-01 2.583e-01 1.524e-04 4.719e-05 3.917e-04 -1.000 9.012e-04 0.422 1.497 0.751 0.362 0.246 0.208 0.200
0.00087196 -1.25000 10.10721 0.8034106493 2.4199113942    0.729  1.740  3.7519  2.521    4  0.000  0.519     0.00     0.00     0.00     0.00     0.00 -1    -1e-30      0.00 7.408e-01 2.583e-01 1.524e-04 4.719e-05 3.917e-04 -1.000 9.012e-04 0.421 1.492 0.748 0.361 0.246 0.209 0.200
0.00087196 -1.25000 10.10721 0.8034585118 2.4199279686    0.729  1.739  3.7526  2.524    4  0.000  0.519     0.00     0.00     0.00     0.00     0.00 -1    -1e-30      0.00 7.408e-01 2.583e-01 1.524e-04 4.719e-05 3.917e-04 -1.000 9.012e-04 0.422 1.487 0.746 0.361 0.248 0.211 0.203
0.00087196 -1.25000 10.10721 0.8035067916 2.4199446853    0.729  1.738  3.7535  2.528    4  0.000  0.519     0.00     0.00     0.00     0.00     0.00 -1    -1e-30      0.00 7.408e-01 2.583e-01 1.524e-04 4.719e-05 3.917e-04 -1.000 9.012e-04 0.424 1.482 0.745 0.363 0.251 0.216 0.208
0.00087196 -1.25000 10.10721 0.8035560846 2.4199617504    0.729  1.737  3.7546  2.534    4  0.000  0.519     0.00     0.00     0.00     0.00     0.00 -1    -1e-30      0.00 7.408e-01 2.583e-01 1.524e-04 4.719e-05 3.917e-04 -1.000 9.012e-04 0.427 1.476 0.743 0.366 0.256 0.221 0.214
0.00087196 -1.25000 10.10721 0.8036047816 2.4199786067    0.729  1.736  3.7558  2.540    4  0.000  0.519     0.00     0.00     0.00     0.00     0.00 -1    -1e-30      0.00 7.408e-01 2.583e-01 1.524e-04 4.719e-05 3.917e-04 -1.000 9.012e-04 0.431 1.470 0.742 0.369 0.261 0.228 0.221
0.00087196 -1.25000 10.10721 0.8036541939 2.4199957083    0.729  1.734  3.7570  2.547    4  0.000  0.519     0.00     0.00     0.00     0.00     0.00 -1    -1e-30      0.00 7.408e-01 2.583e-01 1.524e-04 4.719e-05 3.917e-04 -1.000 9.012e-04 0.434 1.464 0.740 0.372 0.267 0.235 0.228
0.00087196 -1.25000 10.10721 0.8037009835 2.4200119000    0.729  1.733  3.7581  2.552    4  0.000  0.519     0.00     0.00     0.00     0.00     0.00 -1    -1e-30      0.00 7.408e-01 2.583e-01 1.524e-04 4.719e-05 3.917e-04 -1.000 9.012e-04 0.437 1.458 0.739 0.375 0.271 0.240 0.235
0.00087196 -1.25000 10.10721 0.8037508726 2.4200291618    0.729  1.732  3.7593  2.558    4  0.000  0.519     0.00     0.00     0.00     0.00     0.00 -1    -1e-30      0.00 7.408e-01 2.583e-01 1.524e-04 4.719e-05 3.917e-04 -1.000 9.012e-04 0.440 1.452 0.738 0.377 0.276 0.246 0.241
0.00087196 -1.25000 10.10721 0.8037998676 2.4200461119    0.729  1.731  3.7603  2.563    4  0.000  0.519     0.00     0.00     0.00     0.00     0.00 -1    -1e-30      0.00 7.408e-01 2.583e-01 1.524e-04 4.719e-05 3.917e-04 -1.000 9.012e-04 0.443 1.447 0.736 0.380 0.280 0.252 0.247
0.00087196 -1.25000 10.10721 0.8038457036 2.4200619669    0.729  1.730  3.7611  2.567    4  0.000  0.519     0.00     0.00     0.00     0.00     0.00 -1    -1e-30      0.00 7.408e-01 2.583e-01 1.524e-04 4.719e-05 3.917e-04 -1.000 9.012e-04 0.445 1.443 0.735 0.382 0.283 0.255 0.251
0.00087196 -1.25000 10.10721 0.8038940430 2.4200786857    0.729  1.729  3.7618  2.571    4  0.000  0.519     0.00     0.00     0.00     0.00     0.00 -1    -1e-30      0.00 7.408e-01 2.583e-01 1.524e-04 4.719e-05 3.917e-04 -1.000 9.012e-04 0.446 1.440 0.734 0.383 0.286 0.259 0.255
0.00087196 -1.25000 10.10721 0.8039053679 2.4200826022    0.729  1.729  3.7620  2.571    4  0.000  0.519     0.00     0.00     0.00     0.00     0.00 -1    -1e-30      0.00 7.408e-01 2.583e-01 1.524e-04 4.719e-05 3.917e-04 -1.000 9.012e-04 0.447 1.439 0.734 0.383 0.287 0.259 0.255
0.00087196 -1.25000 10.10721 0.8039111495 2.4200846016    0.729  1.729  3.7620  2.572    4  0.000  0.519     0.00     0.00     0.00     0.00     0.00 -1    -1e-30      0.00 7.408e-01 2.583e-01 1.524e-04 4.719e-05 3.917e-04 -1.000 9.012e-04 0.447 1.439 0.733 0.383 0.287 0.260 0.256
0.00087196 -1.25000 10.10721 0.8039614558 2.4201019973    0.729  1.729  3.7624  2.573    4  0.000  0.519     0.00     0.00     0.00     0.00     0.00 -1    -1e-30      0.00 7.408e-01 2.583e-01 1.524e-04 4.719e-05 3.917e-04 -1.000 9.012e-04 0.447 1.436 0.732 0.383 0.287 0.261 0.257
0.00087196 -1.25000 10.10721 0.8040137887 2.4201200912    0.729  1.730  3.7626  2.574    4  0.000  0.519     0.00     0.00     0.00     0.00     0.00 -1    -1e-30      0.00 7.408e-01 2.583e-01 1.524e-04 4.719e-05 3.917e-04 -1.000 9.011e-04 0.446 1.434 0.731 0.383 0.287 0.260 0.257
0.00087196 -1.25000 10.10721 0.8040632010 2.4201371727    0.730  1.730  3.7625  2.573    4  0.000  0.519     0.00     0.00     0.00     0.00     0.00 -1    -1e-30      0.00 7.408e-01 2.583e-01 1.524e-04 4.719e-05 3.917e-04 -1.000 9.012e-04 0.444 1.433 0.729 0.381 0.285 0.259 0.255
0.00087196 -1.25000 10.10721 0.8041128516 2.4201543343    0.730  1.731  3.7622  2.571    4  0.000  0.519     0.00     0.00     0.00     0.00     0.00 -1    -1e-30      0.00 7.408e-01 2.583e-01 1.524e-04 4.719e-05 3.917e-04 -1.000 9.012e-04 0.442 1.432 0.728 0.378 0.282 0.255 0.251
0.00087196 -1.25000 10.10721 0.8041624427 2.4201714728    0.730  1.733  3.7616  2.566    4  0.000  0.519     0.00     0.00     0.00     0.00     0.00 -1    -1e-30      0.00 7.408e-01 2.583e-01 1.524e-04 4.719e-05 3.917e-04 -1.000 9.012e-04 0.437 1.432 0.726 0.374 0.277 0.249 0.245
0.00087196 -1.25000 10.10721 0.8042111993 2.4201883206    0.730  1.735  3.7607  2.561    4  0.000  0.519     0.00     0.00     0.00     0.00     0.00 -1    -1e-30      0.00 7.408e-01 2.583e-01 1.524e-04 4.719e-05 3.917e-04 -1.000 9.012e-04 0.432 1.433 0.723 0.369 0.270 0.242 0.237
0.00087196 -1.25000 10.10721 0.8042607307 2.4202054337    0.730  1.738  3.7598  2.555    4  0.000  0.519     0.00     0.00     0.00     0.00     0.00 -1    -1e-30      0.00 7.408e-01 2.583e-01 1.524e-04 4.719e-05 3.917e-04 -1.000 9.012e-04 0.426 1.434 0.721 0.363 0.263 0.233 0.229
0.00087196 -1.25000 10.10721 0.8042698503 2.4202085842    0.730  1.738  3.7597  2.554    4  0.000  0.519     0.00     0.00     0.00     0.00     0.00 -1    -1e-30      0.00 7.408e-01 2.583e-01 1.524e-04 4.719e-05 3.917e-04 -1.000 9.012e-04 0.425 1.434 0.720 0.362 0.261 0.232 0.227
0.00087196 -1.25000 10.10721 0.8042784929 2.4202115699    0.730  1.739  3.7594  2.552    4  0.000  0.519     0.00     0.00     0.00     0.00     0.00 -1    -1e-30      0.00 7.408e-01 2.583e-01 1.524e-04 4.719e-05 3.917e-04 -1.000 9.012e-04 0.423 1.434 0.720 0.361 0.259 0.230 0.225
0.00087196 -1.25000 10.10721 0.8043221831 2.4202266621    0.730  1.742  3.7581  2.544    4  0.000  0.519     0.00     0.00     0.00     0.00     0.00 -1    -1e-30      0.00 7.408e-01 2.583e-01 1.524e-04 4.719e-05 3.917e-04 -1.000 9.012e-04 0.415 1.436 0.717 0.353 0.249 0.218 0.213
0.00087196 -1.25000 10.10721 0.8043650389 2.4202414642    0.730  1.745  3.7569  2.535    4  0.000  0.519     0.00     0.00     0.00     0.00     0.00 -1    -1e-30      0.00 7.408e-01 2.583e-01 1.524e-04 4.719e-05 3.917e-04 -1.000 9.012e-04 0.407 1.438 0.713 0.344 0.239 0.206 0.200
0.00087196 -1.25000 10.10721 0.8044093847 2.4202567790    0.730  1.749  3.7554  2.526    4  0.000  0.519     0.00     0.00     0.00     0.00     0.00 -1    -1e-30      0.00 7.408e-01 2.583e-01 1.524e-04 4.719e-05 3.917e-04 -1.000 9.012e-04 0.396 1.439 0.709 0.335 0.227 0.193 0.186
0.00087196 -1.25000 10.10721 0.8044546843 2.4202724212    0.730  1.754  3.7540  2.515    4  0.000  0.519     0.00     0.00     0.00     0.00     0.00 -1    -1e-30      0.00 7.408e-01 2.583e-01 1.524e-04 4.719e-05 3.917e-04 -1.000 9.011e-04 0.385 1.440 0.703 0.324 0.213 0.178 0.170
0.00087196 -1.25000 10.10721 0.8044974208 2.4202871765    0.730  1.759  3.7525  2.505    4  0.000  0.519     0.00     0.00     0.00     0.00     0.00 -1    -1e-30      0.00 7.408e-01 2.583e-01 1.524e-04 4.719e-05 3.917e-04 -1.000 9.012e-04 0.373 1.439 0.697 0.312 0.199 0.162 0.154
0.00087196 -1.25000 10.10721 0.8045417070 2.4203024650    0.730  1.764  3.7510  2.493    4  0.000  0.519     0.00     0.00     0.00     0.00     0.00 -1    -1e-30      0.00 7.408e-01 2.583e-01 1.524e-04 4.719e-05 3.917e-04 -1.000 9.012e-04 0.359 1.437 0.689 0.299 0.183 0.144 0.136
0.00087196 -1.25000 10.10721 0.8045849204 2.4203173813    0.730  1.769  3.7499  2.484    4  0.000  0.519     0.00     0.00     0.00     0.00     0.00 -1    -1e-30      0.00 7.408e-01 2.583e-01 1.524e-04 4.719e-05 3.917e-04 -1.000 9.012e-04 0.348 1.435 0.683 0.288 0.170 0.130 0.121
0.00087196 -1.25000 10.10721 0.8046281338 2.4203322957    0.730  1.772  3.7491  2.477    4  0.000  0.519     0.00     0.00     0.00     0.00     0.00 -1    -1e-30      0.00 7.408e-01 2.583e-01 1.524e-04 4.719e-05 3.917e-04 -1.000 9.012e-04 0.339 1.433 0.677 0.279 0.160 0.119 0.110
0.00087196 -1.25000 10.10721 0.8046718240 2.4203473728    0.730  1.783  3.7468  2.458    4  0.000  0.519     0.00     0.00     0.00     0.00     0.00 -1    -1e-30      0.00 7.408e-01 2.583e-01 1.524e-04 4.719e-05 3.917e-04 -1.000 9.012e-04 0.313 1.427 0.660 0.253 0.130 0.087 0.077
0.00087196 -1.25000 10.10721 0.8047174811 2.4203631266    0.730  1.797  3.7441  2.433    4  0.000  0.519     0.00     0.00     0.00     0.00     0.00 -1    -1e-30      0.00 7.408e-01 2.583e-01 1.524e-04 4.719e-05 3.917e-04 -1.000 9.012e-04 0.279 1.416 0.637 0.220 0.093 0.047 0.035
0.00087196 -1.25000 10.10721 0.8047623634 2.4203786111    0.730  1.814  3.7410  2.404    4  0.000  0.519     0.00     0.00     0.00     0.00     0.00 -1    -1e-30      0.00 7.408e-01 2.583e-01 1.524e-04 4.719e-05 3.917e-04 -1.000 9.012e-04 0.236 1.399 0.606 0.179 0.046 -0.003 -0.016
0.00087196 -1.25000 10.10721 0.8048059344 2.4203936413    0.730  1.846  3.7357  2.350    4  0.000  0.519     0.00     0.00     0.00     0.00     0.00 -1    -1e-30      0.00 7.408e-01 2.583e-01 1.524e-04 4.719e-05 3.917e-04 -1.000 9.012e-04 0.155 1.369 0.546 0.099 -0.042 -0.098 -0.113
0.00087196 -1.25000 10.10721 0.8048254251 2.4204003642    0.730  1.878  3.7309  2.299    4  0.000  0.519     0.00     0.00     0.00     0.00     0.00 -1    -1e-30      0.00 7.408e-01 2.583e-01 1.524e-04 4.719e-05 3.917e-04 -1.000 9.012e-04 0.075 1.337 0.487 0.021 -0.128 -0.188 -0.206
0.00087196 -1.25000 10.10721 0.8048359156 2.4204039825    0.730  1.911  3.7261  2.247    4  0.000  0.519     0.00     0.00     0.00     0.00     0.00 -1    -1e-30      0.00 7.408e-01 2.583e-01 1.524e-04 4.719e-05 3.917e-04 -1.000 9.012e-04 -0.008 1.304 0.424 -0.060 -0.217 -0.283 -0.303
0.00087196 -1.25000 10.10721 0.8048409224 2.4204057093    0.730  1.944  3.7218  2.197    4  0.000  0.519     0.00     0.00     0.00     0.00     0.00 -1    -1e-30      0.00 7.408e-01 2.583e-01 1.524e-04 4.719e-05 3.917e-04 -1.000 9.012e-04 -0.090 1.270 0.362 -0.140 -0.304 -0.375 -0.397
0.00087196 -1.25000 10.10721 0.8048438430 2.4204067167    0.730  1.981  3.7172  2.142    4  0.000  0.519     0.00     0.00     0.00     0.00     0.00 -1    -1e-30      0.00 7.408e-01 2.583e-01 1.524e-04 4.719e-05 3.917e-04 -1.000 9.012e-04 -0.182 1.231 0.292 -0.228 -0.400 -0.476 -0.500
0.00087196 -1.25000 10.10721 0.8048453927 2.4204072512    0.730  2.015  3.7133  2.091    4  0.000  0.519     0.00     0.00     0.00     0.00     0.00 -1    -1e-30      0.00 7.408e-01 2.583e-01 1.524e-04 4.719e-05 3.917e-04 -1.000 9.012e-04 -0.269 1.192 0.225 -0.311 -0.490 -0.571 -0.597
0.00087196 -1.25000 10.10721 0.8048461080 2.4204074979    0.730  2.040  3.7106  2.056    7  0.000  0.519     0.00     0.00     0.00     0.00     0.00 -1    -1e-09      0.00 7.408e-01 2.567e-01 1.524e-04 4.719e-05 3.917e-04 -1.000 2.501e-03 -0.331 1.162 0.177 -0.371 -0.555 -0.638 -0.666
0.00087196 -1.25000 10.10721 0.8048461676 2.4204075184    0.730  2.041  3.7105  2.054    7  0.000  0.519     0.00     0.00     0.00     0.00     0.00 -1 -1.01e-09      0.00 7.408e-01 2.567e-01 1.524e-04 4.719e-05 3.917e-04 -1.000 2.501e-03 -0.333 1.161 0.175 -0.373 -0.557 -0.641 -0.669
0.00087196 -1.25000 10.10721 0.8048470616 2.4204078268    0.730  2.080  3.7067  2.000    7  0.000  0.519     0.00     0.00     0.00     0.00     0.00 -1 -1.29e-09      0.00 7.408e-01 2.567e-01 1.524e-04 4.719e-05 3.917e-04 -1.000 2.501e-03 -0.431 1.113 0.098 -0.467 -0.658 -0.746 -0.776
0.00087196 -1.25000 10.10721 0.8048478961 2.4204081146    0.730  2.118  3.7031  1.948    7  0.000  0.519     0.00     0.00     0.00     0.00     0.00 -1 -1.61e-09      0.00 7.408e-01 2.567e-01 1.524e-04 4.719e-05 3.917e-04 -1.000 2.501e-03 -0.526 1.068 0.022 -0.558 -0.755 -0.848 -0.880
0.00087196 -1.25000 10.10721 0.8048486710 2.4204083818    0.730  2.152  3.7001  1.902    7  0.000  0.519     0.00     0.00     0.00     0.00     0.00 -1 -1.96e-09      0.00 7.408e-01 2.567e-01 1.524e-04 4.719e-05 3.917e-04 -1.000 2.501e-03 -0.609 1.029 -0.043 -0.638 -0.840 -0.937 -0.971
0.00087196 -1.25000 10.10721 0.8048495054 2.4204086696    0.730  2.167  3.6988  1.881    7  0.000  0.519     0.00     0.00     0.00     0.00     0.00 -1 -2.14e-09      0.00 7.408e-01 2.567e-01 1.524e-04 4.719e-05 3.917e-04 -1.000 2.501e-03 -0.647 1.012 -0.073 -0.674 -0.879 -0.977 -1.012
0.00087196 -1.25000 10.10721 0.8048507571 2.4204091013    0.730  2.180  3.6976  1.863    7  0.000  0.519     0.00     0.00     0.00     0.00     0.00 -1 -2.29e-09      0.00 7.408e-01 2.567e-01 1.524e-04 4.719e-05 3.917e-04 -1.000 2.501e-03 -0.681 0.996 -0.099 -0.706 -0.913 -1.013 -1.048
0.00087196 -1.25000 10.10721 0.8048530817 2.4204099031    0.730  2.148  3.7005  1.907    7  0.000  0.519     0.00     0.00     0.00     0.00     0.00 -1 -1.91e-09      0.00 7.408e-01 2.567e-01 1.524e-04 4.719e-05 3.917e-04 -1.000 2.501e-03 -0.601 1.031 -0.037 -0.630 -0.832 -0.928 -0.961
0.00087196 -1.25000 10.10721 0.8048568368 2.4204111982    0.729  2.137  3.7015  1.922    7  0.000  0.519     0.00     0.00     0.00     0.00     0.00 -1 -1.79e-09      0.00 7.408e-01 2.567e-01 1.524e-04 4.719e-05 3.917e-04 -1.000 2.501e-03 -0.573 1.045 -0.015 -0.603 -0.803 -0.898 -0.931
0.00087196 -1.25000 10.10721 0.8048800826 2.4204192151    0.727  2.143  3.7009  1.912    7  0.000  0.519     0.00     0.00     0.00     0.00     0.00 -1 -1.87e-09      0.00 7.408e-01 2.567e-01 1.524e-04 4.719e-05 3.917e-04 -1.000 2.501e-03 -0.588 1.039 -0.026 -0.617 -0.818 -0.914 -0.947
0.00087196 -1.25000 10.10721 0.8048969507 2.4204250321    0.726  2.175  3.6979  1.867    7  0.000  0.519     0.00     0.00     0.00     0.00     0.00 -1 -2.28e-09      0.00 7.408e-01 2.567e-01 1.524e-04 4.719e-05 3.917e-04 -1.000 2.501e-03 -0.668 1.004 -0.089 -0.694 -0.900 -1.000 -1.035
0.00087196 -1.25000 10.10721 0.8049147129 2.4204311572    0.723  2.221  3.6937  1.803    7  0.000  0.519     0.00     0.00     0.00     0.00     0.00 -1 -3.04e-09      0.00 7.408e-01 2.567e-01 1.524e-04 4.719e-05 3.917e-04 -1.000 2.501e-03 -0.783 0.955 -0.177 -0.802 -1.016 -1.121 -1.159
0.00087196 -1.25000 10.10721 0.8049319983 2.4204371176    0.720  2.270  3.6894  1.735    7  0.000  0.519     0.00     0.00     0.00     0.00     0.00 -1 -4.05e-09      0.00 7.408e-01 2.567e-01 1.524e-04 4.719e-05 3.917e-04 -1.000 2.501e-03 -0.905 0.903 -0.271 -0.917 -1.139 -1.250 -1.290
0.00087196 -1.25000 10.10721 0.8049471974 2.4204423583    0.717  2.312  3.6857  1.676    7  0.000  0.519     0.00     0.00     0.00     0.00     0.00 -1 -5.24e-09      0.00 7.408e-01 2.567e-01 1.524e-04 4.719e-05 3.917e-04 -1.000 2.501e-03 -1.011 0.860 -0.352 -1.015 -1.245 -1.360 -1.403
0.00087196 -1.25000 10.10721 0.8049606085 2.4204469824    0.713  2.353  3.6823  1.618    7  0.000  0.519     0.00     0.00     0.00     0.00     0.00 -1 -6.75e-09      0.00 7.408e-01 2.567e-01 1.524e-04 4.719e-05 3.917e-04 -1.000 2.500e-03 -1.114 0.836 -0.429 -1.116 -1.350 -1.470 -1.515
0.00087196 -1.25000 10.10721 0.8049723506 2.4204510308    0.708  2.394  3.6789  1.562    7  0.000  0.519     0.00     0.00     0.00     0.00     0.00 -1 -8.64e-09      0.00 7.408e-01 2.568e-01 1.523e-04 4.719e-05 3.917e-04 -1.000 2.432e-03 -1.214 0.815 -0.503 -1.213 -1.453 -1.577 -1.624
0.00087196 -1.25000 10.10721 0.8049826622 2.4204545859    0.703  2.433  3.6756  1.506    7  0.000  0.519     0.00     0.00     0.00     0.00     0.00 -1  -1.1e-08      0.00 7.408e-01 2.568e-01 1.523e-04 4.720e-05 3.917e-04 -1.000 2.401e-03 -1.312 0.801 -0.572 -1.307 -1.553 -1.681 -1.730
0.00087196 -1.25000 10.10721 0.8049919009 2.4204577710    0.697  2.472  3.6723  1.451    7  0.000  0.518     0.00     0.00     0.00     0.00     0.00 -1  -1.4e-08      0.00 7.408e-01 2.568e-01 1.521e-04 4.726e-05 3.917e-04 -1.000 2.393e-03 -1.409 0.794 -0.639 -1.401 -1.653 -1.785 -1.836
0.00087196 -1.25000 10.10721 0.8050002456 2.4204606478    0.690  2.511  3.6691  1.395    7  0.000  0.516     7.98     6.22     4.38     3.41     2.75  3 -1.79e-08      0.00 7.408e-01 2.569e-01 1.515e-04 4.758e-05 3.917e-04 -1.000 2.335e-03 -1.506 0.793 -0.703 -1.493 -1.751 -1.887 -1.941
0.00087196 -1.25000 10.10721 0.8050079346 2.4204632986    0.682  2.549  3.6657  1.337    7  0.000  0.511     9.00     6.88     4.82     3.76     3.04  2  -2.3e-08      0.00 7.408e-01 2.569e-01 1.501e-04 4.876e-05 3.917e-04 -1.000 2.293e-03 -1.603 0.805 -0.763 -1.583 -1.849 -1.989 -2.046
0.00087196 -1.25000 10.10721 0.8050133586 2.4204651684    0.676  2.579  3.6616  1.288    7  0.000  0.506     9.98     7.51     5.24     4.09     3.31  2 -2.79e-08      0.00 7.408e-01 2.569e-01 1.485e-04 5.043e-05 3.917e-04 -1.000 2.279e-03 -1.676 0.860 -0.791 -1.648 -1.922 -2.068 -2.127
0.00087196 -1.25000 10.10721 0.8050200343 2.4204674697    0.665  2.617  3.6534  1.209    7  0.000  0.496    11.74     8.61     5.97     4.67     3.78  2 -3.67e-08      0.00 7.408e-01 2.570e-01 1.456e-04 5.378e-05 3.917e-04 -1.000 2.195e-03 -1.773 0.994 -0.796 -1.717 -2.009 -2.167 -2.233
0.00087196 -1.25000 10.10721 0.8050263524 2.4204696477    0.651  2.656  3.6504  1.149    7  0.000  0.486    13.29     9.55     6.59     5.17     4.18  2  -4.8e-08      0.00 7.408e-01 2.570e-01 1.428e-04 5.727e-05 3.917e-04 -1.000 2.195e-03 -1.870 0.990 -0.856 -1.803 -2.102 -2.266 -2.334
0.00087196 -1.25000 10.10721 0.8050324917 2.4204717640    0.634  2.695  3.6474  1.086    7  0.000  0.477    15.10    10.63     7.29     5.73     4.64  2 -6.41e-08      0.00 7.407e-01 2.571e-01 1.402e-04 6.037e-05 3.917e-04 -1.000 2.188e-03 -1.969 0.984 -0.916 -1.888 -2.195 -2.364 -2.435
0.00087196 -1.25000 10.10721 0.8050385118 2.4204738392    0.611  2.735  3.6451  1.022    7  0.000  0.469    17.19    11.83     8.07     6.37     5.15  1 -8.77e-08      0.00 7.407e-01 2.571e-01 1.380e-04 6.309e-05 3.916e-04 -1.000 2.184e-03 -2.066 0.969 -0.982 -1.975 -2.289 -2.463 -2.535
0.00087196 -1.25000 10.10721 0.8050439954 2.4204757295    0.582  2.773  3.6444  0.960    7  0.000  0.463    19.42    13.07     8.86     7.02     5.68  1 -1.24e-07      0.00 7.407e-01 2.572e-01 1.362e-04 6.535e-05 3.916e-04 -1.000 2.118e-03 -2.161 0.928 -1.058 -2.067 -2.385 -2.560 -2.633
0.00087196 -1.25000 10.10721 0.8050489426 2.4204774348    0.545  2.810  3.6492  0.913    7  0.000  0.457    21.18    13.99     9.44     7.50     6.07  1  -1.8e-07      0.00 7.406e-01 2.573e-01 1.345e-04 6.733e-05 3.916e-04 -1.000 2.139e-03 -2.256 0.766 -1.191 -2.184 -2.493 -2.660 -2.731
0.00087196 -1.25000 10.10721 0.8050512671 2.4204782360    0.510  2.829  3.6594  0.906    7  0.000  0.454    21.17    13.92     9.38     7.47     6.04  1 -2.15e-07      0.00 7.405e-01 2.574e-01 1.334e-04 6.876e-05 3.915e-04 -1.000 2.096e-03 -2.303 0.493 -1.342 -2.273 -2.560 -2.711 -2.774
0.00087196 -1.25000 10.10721 1.1015297174 2.4919369136    0.547 -9.999  3.5544  7.960    9  0.548  0.000     0.00     0.00     0.00     0.00     0.00 -1    -1e-30      0.00 7.280e-01 2.712e-01 1.207e-04 9.701e-05 3.954e-04 -1.000 8.320e-04 29.767 34.217 31.958 30.369 29.528 29.204 29.110
