# Zini     MH   logAge Mini        int_IMF         Mass   logL    logTe  logg  label   McoreTP C_O  period0  period1  period2  period3  period4  pmode  Mloss  tau1m   X   Y   Xc  Xn  Xo  Cexcess  Z 	 mbolmag  umag    gmag    rmag    imag    zmag    Ymag
0.00017443 -1.95000 10.08636 0.0919735953 1.1003306528    0.092 -3.117  3.5019  5.478    1  0.000  0.545     0.00     0.00     0.00     0.00     0.00 -1 -5.77e-17      0.00 7.478e-01 2.520e-01 3.241e-05 8.745e-06 7.931e-05 -1.000 1.803e-04 12.563 17.572 15.388 13.524 12.299 11.884 11.782
0.00017443 -1.95000 10.08636 0.0954786837 1.1321884279    0.095 -2.995  3.5195  5.442    1  0.000  0.545     0.00     0.00     0.00     0.00     0.00 -1 -7.83e-17      0.00 7.469e-01 2.530e-01 3.241e-05 8.745e-06 7.931e-05 -1.000 1.802e-04 12.257 17.119 14.807 13.024 12.000 11.626 11.522
0.00017443 -1.95000 10.08636 0.1019383520 1.1870970772    0.102 -2.781  3.5502  5.379    1  0.000  0.545     0.00     0.00     0.00     0.00     0.00 -1 -1.33e-16      0.00 7.451e-01 2.547e-01 3.241e-05 8.745e-06 7.932e-05 -1.000 1.803e-04 11.722 16.089 13.800 12.197 11.473 11.159 11.058
0.00017443 -1.95000 10.08636 0.1218678653 1.3315026885    0.122 -2.496  3.5794  5.289    1  0.000  0.545     0.00     0.00     0.00     0.00     0.00 -1 -2.61e-16      0.00 7.419e-01 2.580e-01 3.241e-05 8.745e-06 7.932e-05 -1.000 1.802e-04 11.011 14.741 12.683 11.292 10.763 10.497 10.405
0.00017443 -1.95000 10.08636 0.1417973787 1.4480672213    0.142 -2.316  3.5934  5.231    1  0.000  0.545     0.00     0.00     0.00     0.00     0.00 -1 -3.91e-16      0.00 7.397e-01 2.601e-01 3.241e-05 8.745e-06 7.932e-05 -1.000 1.802e-04 10.560 13.973 12.058 10.783 10.310 10.065 9.979
0.00017443 -1.95000 10.08636 0.1617268920 1.5450688191    0.162 -2.175  3.6025  5.183    1  0.000  0.545     0.00     0.00     0.00     0.00     0.00 -1 -5.35e-16      0.00 7.384e-01 2.614e-01 3.241e-05 8.745e-06 7.932e-05 -1.000 1.802e-04 10.207 13.430 11.601 10.398 9.955 9.723 9.642
0.00017443 -1.95000 10.08636 0.2015859336 1.6992318025    0.201 -1.958  3.6144  5.109    1  0.000  0.545     0.00     0.00     0.00     0.00     0.00 -1  -8.6e-16      0.00 7.377e-01 2.621e-01 3.241e-05 8.745e-06 7.932e-05 -1.000 1.803e-04 9.665 12.653 10.931 9.818 9.408 9.194 9.119
0.00017443 -1.95000 10.08636 0.2514097095 1.8438909636    0.251 -1.759  3.6252  5.050    1  0.000  0.545     0.00     0.00     0.00     0.00     0.00 -1  -1.3e-15      0.00 7.379e-01 2.619e-01 3.241e-05 8.746e-06 7.932e-05 -1.000 1.802e-04 9.169 11.958 10.326 9.289 8.908 8.710 8.641
0.00017443 -1.95000 10.08636 0.3012335300 1.9553776836    0.301 -1.607  3.6342  5.012    1  0.000  0.545     0.00     0.00     0.00     0.00     0.00 -1 -1.77e-15      0.00 7.380e-01 2.618e-01 3.240e-05 8.746e-06 7.932e-05 -1.000 1.802e-04 8.787 11.419 9.858 8.882 8.523 8.338 8.274
0.00017443 -1.95000 10.08636 0.3510572612 2.0451469002    0.351 -1.481  3.6424  4.986    1  0.000  0.544     0.00     0.00     0.00     0.00     0.00 -1 -2.26e-15      0.00 7.380e-01 2.619e-01 3.238e-05 8.747e-06 7.932e-05 -1.000 1.803e-04 8.472 10.968 9.470 8.544 8.204 8.031 7.972
0.00017443 -1.95000 10.08636 0.4008810520 2.1197145977    0.401 -1.354  3.6515  4.953    1  0.000  0.545     0.00     0.00     0.00     0.00     0.00 -1 -2.93e-15      0.00 7.502e-01 2.496e-01 3.241e-05 8.745e-06 7.931e-05 -1.000 1.803e-04 8.156 10.508 9.078 8.204 7.886 7.726 7.671
0.00017443 -1.95000 10.08636 0.4507048726 2.1831133537    0.450 -1.199  3.6666  4.909    1  0.000  0.545     0.00     0.00     0.00     0.00     0.00 -1 -4.15e-15      0.00 7.507e-01 2.491e-01 3.241e-05 8.745e-06 7.931e-05 -1.000 1.803e-04 7.768 9.882 8.573 7.782 7.497 7.357 7.311
0.00017443 -1.95000 10.08636 0.5005286336 2.2379984371    0.500 -1.026  3.6844  4.853    1  0.000  0.545     0.00     0.00     0.00     0.00     0.00 -1 -6.27e-15      0.00 7.511e-01 2.487e-01 3.239e-05 8.738e-06 7.925e-05 -1.000 1.803e-04 7.334 9.178 8.018 7.317 7.068 6.951 6.914
0.00017443 -1.95000 10.08636 0.5503525138 2.2839498965    0.550 -0.820  3.7049  4.769    1  0.000  0.544     0.00     0.00     0.00     0.00     0.00 -1 -1.06e-14      0.00 7.854e-01 2.145e-01 2.820e-05 7.613e-06 6.908e-05 -1.000 9.975e-05 6.819 8.379 7.387 6.778 6.566 6.475 6.448
0.00017443 -1.95000 10.08636 0.6001762152 2.3212407025    0.600 -0.609  3.7304  4.699    1  0.000  0.544     0.00     0.00     0.00     0.00     0.00 -1 -1.78e-14      0.00 7.981e-01 2.018e-01 2.671e-05 7.215e-06 6.551e-05 -1.000 1.293e-04 6.294 7.559 6.747 6.241 6.073 6.011 5.997
0.00017443 -1.95000 10.08636 0.6046470404 2.3242431144    0.604 -0.590  3.7331  4.693    1  0.000  0.544     0.00     0.00     0.00     0.00     0.00 -1 -1.87e-14      0.00 7.995e-01 2.004e-01 2.655e-05 7.172e-06 6.512e-05 -1.000 1.303e-04 6.244 7.484 6.688 6.192 6.028 5.969 5.956
0.00017443 -1.95000 10.08636 0.6157218814 2.3314650204    0.615 -0.540  3.7397  4.678    1  0.000  0.543     0.00     0.00     0.00     0.00     0.00 -1 -2.11e-14      0.00 8.031e-01 1.968e-01 2.613e-05 7.062e-06 6.412e-05 -1.000 1.685e-04 6.120 7.296 6.540 6.068 5.915 5.863 5.853
0.00017443 -1.95000 10.08636 0.6255868077 2.3376509322    0.625 -0.495  3.7455  4.664    1  0.000  0.543     0.00     0.00     0.00     0.00     0.00 -1 -2.36e-14      0.00 8.064e-01 1.934e-01 2.575e-05 6.958e-06 6.320e-05 -1.000 1.657e-04 6.009 7.134 6.410 5.959 5.816 5.770 5.763
0.00017443 -1.95000 10.08636 0.6351612210 2.3434438515    0.635 -0.452  3.7511  4.649    1  0.000  0.543     0.00     0.00     0.00     0.00     0.00 -1 -2.02e-16      0.00 8.098e-01 1.900e-01 2.535e-05 6.853e-06 6.226e-05 -1.000 1.558e-04 5.900 6.977 6.283 5.854 5.720 5.680 5.675
0.00017443 -1.95000 10.08636 0.6464381814 2.3500144211    0.646 -0.400  3.7576  4.631    1  0.000  0.543     0.00     0.00     0.00     0.00     0.00 -1 -2.27e-15      0.00 8.141e-01 1.858e-01 2.487e-05 6.724e-06 6.109e-05 -1.000 1.257e-04 5.770 6.795 6.133 5.729 5.606 5.573 5.570
0.00017443 -1.95000 10.08636 0.6499999762 2.3520353107    0.650 -0.383  3.7596  4.624    1  0.000  0.543     0.00     0.00     0.00     0.00     0.00 -1 -3.13e-14      0.00 8.154e-01 1.844e-01 2.471e-05 6.681e-06 6.071e-05 -1.000 1.740e-04 5.728 6.737 6.085 5.689 5.569 5.538 5.537
0.00017443 -1.95000 10.08636 0.6558572650 2.3553037942    0.656 -0.356  3.7628  4.614    1  0.000  0.542     0.00     0.00     0.00     0.00     0.00 -1 -3.36e-14      0.00 8.183e-01 1.816e-01 2.438e-05 6.595e-06 5.993e-05 -1.000 1.803e-04 5.659 6.646 6.008 5.623 5.509 5.481 5.481
0.00017443 -1.95000 10.08636 0.6660099626 2.3608128928    0.666 -0.307  3.7683  4.594    1  0.000  0.542     0.00     0.00     0.00     0.00     0.00 -1 -3.82e-14      0.00 8.234e-01 1.764e-01 2.379e-05 6.437e-06 5.852e-05 -1.000 1.629e-04 5.538 6.488 5.874 5.508 5.402 5.380 5.382
0.00017443 -1.95000 10.08636 0.6756680608 2.3658772892    0.675 -0.260  3.7734  4.573    1  0.000  0.542     0.00     0.00     0.00     0.00     0.00 -1 -2.76e-14      0.00 8.286e-01 1.712e-01 2.319e-05 6.278e-06 5.709e-05 -1.000 1.414e-04 5.420 6.338 5.744 5.396 5.298 5.281 5.284
0.00017443 -1.95000 10.08636 0.6848886013 2.3705592962    0.685 -0.214  3.7782  4.552    1  0.000  0.541     0.00     0.00     0.00     0.00     0.00 -1 -7.11e-15      0.00 8.339e-01 1.659e-01 2.259e-05 6.116e-06 5.564e-05 -1.000 1.213e-04 5.305 6.194 5.617 5.287 5.196 5.183 5.188
0.00017443 -1.95000 10.08636 0.6930714846 2.3745946366    0.693 -0.171  3.7824  4.532    1  0.000  0.541     0.00     0.00     0.00     0.00     0.00 -1 -8.63e-16      0.00 8.389e-01 1.610e-01 2.201e-05 5.964e-06 5.428e-05 -1.000 1.387e-04 5.198 6.064 5.501 5.186 5.102 5.093 5.100
0.00017443 -1.95000 10.08636 0.6999999881 2.3779266974    0.700 -0.134  3.7860  4.513    1  0.000  0.540     0.00     0.00     0.00     0.00     0.00 -1 -6.09e-14      0.00 8.433e-01 1.566e-01 2.151e-05 5.829e-06 5.307e-05 -1.000 1.614e-04 5.105 5.953 5.400 5.097 5.019 5.014 5.022
0.00017443 -1.95000 10.08636 0.7059760094 2.3807403572    0.706 -0.101  3.7889  4.495    1  0.000  0.539     0.00     0.00     0.00     0.00     0.00 -1 -6.67e-14      0.00 8.468e-01 1.531e-01 2.111e-05 5.732e-06 5.221e-05 -1.000 1.533e-04 5.023 5.856 5.311 5.018 4.945 4.942 4.951
0.00017443 -1.95000 10.08636 0.7144056559 2.3846173571    0.714 -0.052  3.7929  4.467    1  0.000  0.537     0.00     0.00     0.00     0.00     0.00 -1 -7.67e-14      0.00 8.514e-01 1.485e-01 2.059e-05 5.607e-06 5.111e-05 -1.000 1.507e-04 4.900 5.714 5.179 4.901 4.834 4.835 4.846
0.00017443 -1.95000 10.08636 0.7227289677 2.3883435829    0.722 -0.001  3.7968  4.437    1  0.000  0.535     0.00     0.00     0.00     0.00     0.00 -1 -8.87e-14      0.00 8.555e-01 1.444e-01 2.015e-05 5.502e-06 5.019e-05 -1.000 8.860e-05 4.772 5.568 5.041 4.778 4.717 4.722 4.734
0.00017443 -1.95000 10.08636 0.7298776507 2.3914660482    0.729  0.046  3.8001  4.408    1  0.000  0.534     0.00     0.00     0.00     0.00     0.00 -1 -1.02e-13      0.00 8.586e-01 1.413e-01 1.983e-05 5.428e-06 4.955e-05 -1.000 8.868e-05 4.656 5.437 4.917 4.665 4.609 4.618 4.631
0.00017443 -1.95000 10.08636 0.7368031740 2.3944246849    0.736  0.094  3.8032  4.376    1  0.000  0.532     0.00     0.00     0.00     0.00     0.00 -1 -1.07e-13      0.00 8.613e-01 1.386e-01 1.957e-05 5.368e-06 4.904e-05 -1.000 1.481e-04 4.536 5.305 4.789 4.548 4.497 4.509 4.523
0.00017443 -1.95000 10.08636 0.7437292337 2.3973202661    0.743  0.145  3.8061  4.340    1  0.000  0.531     0.00     0.00     0.00     0.00     0.00 -1 -1.28e-15      0.00 8.637e-01 1.361e-01 1.934e-05 5.316e-06 4.859e-05 -1.000 1.608e-04 4.407 5.164 4.652 4.421 4.376 4.390 4.405
0.00017443 -1.95000 10.08636 0.7500000000 2.3998889087    0.749  0.195  3.8085  4.304    1  0.000  0.529     0.00     0.00     0.00     0.00     0.00 -1 -1.59e-13      0.00 8.658e-01 1.341e-01 1.915e-05 5.273e-06 4.823e-05 -1.000 1.543e-04 4.282 5.029 4.520 4.298 4.257 4.274 4.289
0.00017443 -1.95000 10.08636 0.7559216022 2.4022695886    0.755  0.246  3.8110  4.266    1  0.000  0.529     0.00     0.00     0.00     0.00     0.00 -1 -1.86e-13      0.00 8.663e-01 1.337e-01 1.917e-05 5.283e-06 4.834e-05 -1.000 8.065e-05 4.156 4.893 4.386 4.173 4.136 4.155 4.171
0.00017443 -1.95000 10.08636 0.7612459064 2.4043738089    0.760  0.295  3.8129  4.227    1  0.000  0.529     0.00     0.00     0.00     0.00     0.00 -1 -2.17e-13      0.00 8.665e-01 1.334e-01 1.921e-05 5.294e-06 4.845e-05 -1.000 9.860e-05 4.032 4.762 4.255 4.050 4.017 4.038 4.054
0.00017443 -1.95000 10.08636 0.7662933469 2.4063375917    0.765  0.345  3.8143  4.186    1  0.000  0.528     0.00     0.00     0.00     0.00     0.00 -1 -2.54e-13      0.00 8.657e-01 1.342e-01 1.936e-05 5.337e-06 4.884e-05 -1.000 1.001e-04 3.908 4.632 4.126 3.926 3.896 3.918 3.935
0.00017443 -1.95000 10.08636 0.7704193592 2.4079209165    0.769  0.389  3.8150  4.147    1  0.000  0.528     0.00     0.00     0.00     0.00     0.00 -1 -2.94e-13      0.00 8.647e-01 1.352e-01 1.952e-05 5.382e-06 4.926e-05 -1.000 1.000e-04 3.799 4.520 4.013 3.817 3.787 3.810 3.827
0.00017443 -1.95000 10.08636 0.7720192671 2.4085296345    0.771  0.408  3.8147  4.128    1  0.000  0.528     0.00     0.00     0.00     0.00     0.00 -1 -3.14e-13      0.00 8.642e-01 1.357e-01 1.959e-05 5.400e-06 4.942e-05 -1.000 1.000e-04 3.751 4.473 3.965 3.768 3.739 3.762 3.778
0.00017443 -1.95000 10.08636 0.7763656974 2.4101687674    0.775  0.463  3.8130  4.068    1  0.000  0.528     0.00     0.00     0.00     0.00     0.00 -1  -3.8e-13      0.00 8.631e-01 1.368e-01 1.976e-05 5.448e-06 4.986e-05 -1.000 1.001e-04 3.613 4.338 3.828 3.627 3.596 3.617 3.633
0.00017443 -1.95000 10.08636 0.7794064879 2.4113030245    0.778  0.507  3.8103  4.015    1  0.000  0.528     0.00     0.00     0.00     0.00     0.00 -1 -4.46e-13      0.00 8.623e-01 1.376e-01 1.989e-05 5.482e-06 5.017e-05 -1.000 9.996e-05 3.503 4.236 3.722 3.514 3.479 3.498 3.513
0.00017443 -1.95000 10.08636 0.7800548673 2.4115435640    0.779  0.517  3.8095  4.002    1  0.000  0.528     0.00     0.00     0.00     0.00     0.00 -1 -4.64e-13      0.00 8.622e-01 1.377e-01 1.991e-05 5.489e-06 5.024e-05 -1.000 1.000e-04 3.478 4.213 3.699 3.488 3.452 3.469 3.484
0.00017443 -1.95000 10.08636 0.7806687951 2.4117708990    0.779  0.528  3.8084  3.988    2  0.000  0.528     0.00     0.00     0.00     0.00     0.00 -1 -4.85e-13      0.00 8.620e-01 1.379e-01 1.994e-05 5.496e-06 5.030e-05 -1.000 1.000e-04 3.451 4.190 3.674 3.460 3.422 3.439 3.453
0.00017443 -1.95000 10.08636 0.7827352881 2.4125331004    0.781  0.567  3.8032  3.929    2  0.000  0.528     0.00     0.00     0.00     0.00     0.00 -1 -5.64e-13      0.00 8.615e-01 1.384e-01 2.002e-05 5.519e-06 5.051e-05 -1.000 9.999e-05 3.354 4.110 3.587 3.358 3.312 3.323 3.336
0.00017443 -1.95000 10.08636 0.7843183279 2.4131138625    0.783  0.602  3.7967  3.869    2  0.000  0.528     0.00     0.00     0.00     0.00     0.00 -1 -6.54e-13      0.00 8.611e-01 1.388e-01 2.008e-05 5.536e-06 5.067e-05 -1.000 9.996e-05 3.266 4.047 3.513 3.264 3.208 3.214 3.224
0.00017443 -1.95000 10.08636 0.7855592966 2.4135672489    0.784  0.634  3.7891  3.807    2  0.000  0.528     0.00     0.00     0.00     0.00     0.00 -1 -7.56e-13      0.00 8.605e-01 1.394e-01 2.017e-05 5.561e-06 5.090e-05 -1.000 1.117e-04 3.186 3.999 3.451 3.178 3.110 3.108 3.116
0.00017443 -1.95000 10.08636 0.7865604758 2.4139318298    0.785  0.663  3.7807  3.745    2  0.000  0.529     0.00     0.00     0.00     0.00     0.00 -1 -8.68e-13      0.00 8.555e-01 1.444e-01 2.078e-05 5.727e-06 5.240e-05 -1.000 1.105e-04 3.113 3.965 3.400 3.099 3.018 3.008 3.013
0.00017443 -1.95000 10.08636 0.7874009609 2.4142370705    0.786  0.690  3.7724  3.685    2  0.000  0.530     0.00     0.00     0.00     0.00     0.00 -1 -9.88e-13      0.00 8.380e-01 1.619e-01 2.272e-05 6.251e-06 5.713e-05 -1.000 1.095e-04 3.046 3.942 3.354 3.025 2.932 2.913 2.915
0.00017443 -1.95000 10.08636 0.7881426811 2.4145058208    0.786  0.717  3.7647  3.627    2  0.000  0.533     0.00     0.00     0.00     0.00     0.00 -1 -1.13e-12      0.00 8.103e-01 1.896e-01 2.564e-05 7.035e-06 6.413e-05 -1.000 1.325e-04 2.978 3.917 3.307 2.952 2.847 2.821 2.820
0.00017443 -1.95000 10.08636 0.7888010144 2.4147438703    0.787  0.747  3.7577  3.569    2  0.000  0.535     0.00     0.00     0.00     0.00     0.00 -1 -1.29e-12      0.00 7.920e-01 2.079e-01 2.755e-05 7.546e-06 6.870e-05 -1.000 1.224e-04 2.902 3.885 3.252 2.873 2.757 2.724 2.720
0.00017443 -1.95000 10.08636 0.7894532681 2.4149792713    0.788  0.786  3.7514  3.506    2  0.000  0.536     0.00     0.00     0.00     0.00     0.00 -1 -1.52e-12      0.00 7.809e-01 2.189e-01 2.871e-05 7.856e-06 7.146e-05 -1.000 1.698e-04 2.804 3.829 3.173 2.774 2.647 2.607 2.601
0.00017443 -1.95000 10.08636 0.7899681926 2.4151647939    0.788  0.825  3.7473  3.451    2  0.000  0.536     0.00     0.00     0.00     0.00     0.00 -1 -1.76e-12      0.00 7.755e-01 2.243e-01 2.928e-05 8.007e-06 7.281e-05 -1.000 1.803e-04 2.708 3.762 3.090 2.676 2.543 2.499 2.491
0.00017443 -1.95000 10.08636 0.7903202772 2.4152914868    0.788  0.854  3.7448  3.411    2  0.000  0.536     0.00     0.00     0.00     0.00     0.00 -1 -1.98e-12      0.00 7.727e-01 2.271e-01 2.956e-05 8.083e-06 7.349e-05 -1.000 1.803e-04 2.634 3.706 3.025 2.602 2.465 2.418 2.409
0.00017443 -1.95000 10.08636 0.7906295061 2.4154026516    0.789  0.884  3.7431  3.375    3  0.000  0.536     0.00     0.00     0.00     0.00     0.00 -1 -2.21e-12      0.00 7.709e-01 2.289e-01 2.974e-05 8.131e-06 7.392e-05 -1.000 1.583e-04 2.560 3.644 2.956 2.528 2.388 2.339 2.329
0.00017443 -1.95000 10.08636 0.7910349965 2.4155482700    0.789  0.925  3.7410  3.326    3  0.000  0.537     0.00     0.00     0.00     0.00     0.00 -1 -2.56e-12      0.00 7.687e-01 2.311e-01 2.994e-05 8.184e-06 7.440e-05 -1.000 1.651e-04 2.457 3.557 2.861 2.425 2.282 2.231 2.220
0.00017443 -1.95000 10.08636 0.7914434671 2.4156947852    0.789  0.969  3.7391  3.275    3  0.000  0.537     0.00     0.00     0.00     0.00     0.00 -1    -3e-12      0.00 7.667e-01 2.331e-01 3.011e-05 8.229e-06 7.480e-05 -1.000 1.672e-04 2.348 3.462 2.758 2.316 2.170 2.117 2.105
0.00017443 -1.95000 10.08636 0.7918347120 2.4158349586    0.790  1.013  3.7374  3.224    3  0.000  0.537     0.00     0.00     0.00     0.00     0.00 -1 -3.53e-12      0.00 7.650e-01 2.348e-01 3.024e-05 8.265e-06 7.512e-05 -1.000 1.796e-04 2.237 3.363 2.652 2.205 2.057 2.001 1.989
0.00017443 -1.95000 10.08636 0.7922505736 2.4159837771    0.790  1.064  3.7357  3.166    3  0.000  0.537     0.00     0.00     0.00     0.00     0.00 -1 -4.23e-12      0.00 7.632e-01 2.366e-01 3.036e-05 8.298e-06 7.541e-05 -1.000 1.803e-04 2.110 3.250 2.532 2.079 1.928 1.871 1.857
0.00017443 -1.95000 10.08636 0.7925995588 2.4161085249    0.790  1.110  3.7342  3.115    3  0.000  0.537     0.00     0.00     0.00     0.00     0.00 -1 -4.99e-12      0.00 7.618e-01 2.380e-01 3.044e-05 8.322e-06 7.562e-05 -1.000 1.803e-04 1.996 3.148 2.423 1.966 1.812 1.753 1.739
0.00017443 -1.95000 10.08636 0.7929525971 2.4162345931    0.791  1.159  3.7327  3.059    3  0.000  0.537     0.00     0.00     0.00     0.00     0.00 -1 -5.96e-12      0.00 7.604e-01 2.394e-01 3.051e-05 8.344e-06 7.581e-05 -1.000 1.716e-04 1.872 3.035 2.304 1.843 1.686 1.626 1.610
0.00017443 -1.95000 10.08636 0.7932990193 2.4163581732    0.791  1.212  3.7310  3.000    3  0.000  0.536     0.00     0.00     0.00     0.00     0.00 -1 -7.21e-12      0.00 7.590e-01 2.408e-01 3.057e-05 8.365e-06 7.598e-05 -1.000 1.736e-04 1.739 2.914 2.177 1.711 1.552 1.490 1.473
0.00017443 -1.95000 10.08636 0.7935786247 2.4164578271    0.791  1.259  3.7296  2.947    3  0.000  0.536     0.00     0.00     0.00     0.00     0.00 -1 -8.54e-12      0.00 7.579e-01 2.419e-01 3.059e-05 8.383e-06 7.609e-05 -1.000 1.792e-04 1.622 2.808 2.065 1.594 1.433 1.369 1.352
0.00017443 -1.95000 10.08636 0.7938483357 2.4165538781    0.791  1.308  3.7281  2.892    3  0.000  0.535     0.00     0.00     0.00     0.00     0.00 -1 -1.02e-11      0.00 7.569e-01 2.429e-01 3.059e-05 8.404e-06 7.619e-05 -1.000 1.802e-04 1.499 2.698 1.947 1.472 1.309 1.243 1.225
0.00017443 -1.95000 10.08636 0.7940906882 2.4166401220    0.791  1.356  3.7267  2.838    3  0.000  0.535     0.00     0.00     0.00     0.00     0.00 -1 -1.21e-11      0.00 7.561e-01 2.438e-01 3.058e-05 8.427e-06 7.627e-05 -1.000 1.793e-04 1.379 2.590 1.832 1.353 1.187 1.120 1.101
0.00017443 -1.95000 10.08636 0.7943102121 2.4167181899    0.791  1.404  3.7251  2.785    3  0.000  0.534     0.00     0.00     0.00     0.00     0.00 -1 -1.44e-11      0.00 7.553e-01 2.445e-01 3.055e-05 8.455e-06 7.633e-05 -1.000 1.751e-04 1.260 2.484 1.719 1.235 1.067 0.997 0.978
0.00017443 -1.95000 10.08636 0.7945066690 2.4167880125    0.791  1.450  3.7236  2.732    3  0.000  0.533     0.00     0.00     0.00     0.00     0.00 -1  -1.7e-11      0.00 7.547e-01 2.451e-01 3.051e-05 8.486e-06 7.638e-05 -1.000 1.775e-04 1.144 2.380 1.608 1.119 0.949 0.878 0.858
0.00017443 -1.95000 10.08636 0.7946925759 2.4168540490    0.791  1.499  3.7221  2.678    3  0.000  0.532     0.00     0.00     0.00     0.00     0.00 -1 -2.02e-11      0.00 7.543e-01 2.456e-01 3.047e-05 8.520e-06 7.642e-05 -1.000 1.803e-04 1.024 2.272 1.494 1.000 0.827 0.754 0.734
0.00017443 -1.95000 10.08636 0.7948576808 2.4169126665    0.791  1.545  3.7205  2.625    3  0.000  0.531     0.00     0.00     0.00     0.00     0.00 -1 -2.39e-11      0.00 7.539e-01 2.459e-01 3.044e-05 8.552e-06 7.645e-05 -1.000 1.803e-04 0.906 2.168 1.383 0.884 0.709 0.634 0.612
0.00017443 -1.95000 10.08636 0.7950043678 2.4169647217    0.791  1.591  3.7190  2.573    3  0.000  0.531     0.00     0.00     0.00     0.00     0.00 -1 -2.82e-11      0.00 7.536e-01 2.462e-01 3.041e-05 8.576e-06 7.646e-05 -1.000 1.803e-04 0.793 2.067 1.275 0.771 0.594 0.517 0.495
0.00017443 -1.95000 10.08636 0.7951373458 2.4170118928    0.791  1.636  3.7174  2.522    3  0.000  0.530     0.00     0.00     0.00     0.00     0.00 -1 -3.31e-11      0.00 7.535e-01 2.463e-01 3.039e-05 8.590e-06 7.647e-05 -1.000 1.784e-04 0.680 1.969 1.169 0.660 0.480 0.402 0.379
0.00017443 -1.95000 10.08636 0.7952619195 2.4170560662    0.791  1.682  3.7158  2.470    3  0.000  0.530     0.00     0.00     0.00     0.00     0.00 -1 -3.91e-11      0.00 7.534e-01 2.464e-01 3.038e-05 8.599e-06 7.648e-05 -1.000 1.802e-04 0.566 1.870 1.061 0.546 0.364 0.284 0.260
0.00017443 -1.95000 10.08636 0.7953719497 2.4170950693    0.791  1.726  3.7142  2.419    3  0.000  0.530     0.00     0.00     0.00     0.00     0.00 -1 -4.59e-11      0.00 7.534e-01 2.464e-01 3.038e-05 8.603e-06 7.649e-05 -1.000 1.803e-04 0.456 1.777 0.958 0.437 0.252 0.170 0.145
0.00017443 -1.95000 10.08636 0.7954736352 2.4171311034    0.791  1.770  3.7127  2.369    3  0.000  0.530     0.00     0.00     0.00     0.00     0.00 -1 -5.39e-11      0.00 7.534e-01 2.464e-01 3.038e-05 8.604e-06 7.649e-05 -1.000 1.803e-04 0.345 1.683 0.854 0.327 0.139 0.055 0.030
0.00017443 -1.95000 10.08636 0.7955669761 2.4171641710    0.791  1.814  3.7110  2.318    3  0.000  0.530     0.00     0.00     0.00     0.00     0.00 -1 -6.32e-11      0.00 7.534e-01 2.465e-01 3.038e-05 8.605e-06 7.649e-05 -1.000 1.803e-04 0.235 1.591 0.751 0.217 0.027 -0.059 -0.085
0.00017443 -1.95000 10.08636 0.7956498861 2.4171935359    0.790  1.857  3.7094  2.269    3  0.000  0.530     0.00     0.00     0.00     0.00     0.00 -1 -1.23e-11      0.00 7.534e-01 2.465e-01 3.038e-05 8.605e-06 7.649e-05 -1.000 1.803e-04 0.129 1.503 0.652 0.112 -0.081 -0.169 -0.196
0.00017443 -1.95000 10.08636 0.7957265377 2.4172206779    0.790  1.899  3.7078  2.220    3  0.000  0.530     0.00     0.00     0.00     0.00     0.00 -1  -5.2e-12      0.00 7.534e-01 2.465e-01 3.038e-05 8.606e-06 7.649e-05 -1.000 1.803e-04 0.023 1.416 0.554 0.008 -0.188 -0.278 -0.306
0.00017443 -1.95000 10.08636 0.7958001494 2.4172467379    0.790  1.943  3.7061  2.170    3  0.000  0.530     0.00     0.00     0.00     0.00     0.00 -1 -5.01e-12      0.00 7.533e-01 2.465e-01 3.038e-05 8.606e-06 7.649e-05 -1.000 1.803e-04 -0.086 1.327 0.453 -0.100 -0.299 -0.391 -0.420
0.00017443 -1.95000 10.08636 0.7958632112 2.4172690585    0.790  1.983  3.7045  2.122    3  0.000  0.530     0.00     0.00     0.00     0.00     0.00 -1 -6.01e-12      0.00 7.533e-01 2.465e-01 3.038e-05 8.606e-06 7.649e-05 -1.000 1.803e-04 -0.188 1.245 0.360 -0.200 -0.402 -0.495 -0.525
0.00017443 -1.95000 10.08636 0.7959214449 2.4172896667    0.789  2.023  3.7030  2.076    3  0.000  0.530     0.00     0.00     0.00     0.00     0.00 -1 -7.19e-12      0.00 7.533e-01 2.465e-01 3.038e-05 8.607e-06 7.650e-05 -1.000 1.802e-04 -0.288 1.163 0.267 -0.299 -0.504 -0.599 -0.630
0.00017443 -1.95000 10.08636 0.7959771156 2.4173093646    0.789  2.064  3.7013  2.028    3  0.000  0.530     0.00     0.00     0.00     0.00     0.00 -1 -8.61e-12      0.00 7.533e-01 2.465e-01 3.038e-05 8.607e-06 7.650e-05 -1.000 1.802e-04 -0.391 1.081 0.173 -0.401 -0.608 -0.705 -0.737
0.00017443 -1.95000 10.08636 0.7960257530 2.4173265714    0.789  2.102  3.6997  1.984    3  0.000  0.530     0.00     0.00     0.00     0.00     0.00 -1 -1.02e-11      0.00 7.533e-01 2.465e-01 3.038e-05 8.607e-06 7.650e-05 -1.000 1.803e-04 -0.485 1.007 0.087 -0.494 -0.704 -0.803 -0.836
0.00017443 -1.95000 10.08636 0.7960712910 2.4173426794    0.788  2.139  3.6982  1.940    3  0.000  0.530     0.00     0.00     0.00     0.00     0.00 -1 -1.19e-11      0.00 7.533e-01 2.465e-01 3.038e-05 8.608e-06 7.650e-05 -1.000 1.803e-04 -0.578 0.936 0.003 -0.585 -0.798 -0.899 -0.933
0.00017443 -1.95000 10.08636 0.7961186767 2.4173594387    0.788  2.174  3.6968  1.900    3  0.000  0.530     0.00     0.00     0.00     0.00     0.00 -1 -1.39e-11      0.00 7.533e-01 2.465e-01 3.038e-05 8.608e-06 7.650e-05 -1.000 1.802e-04 -0.665 0.870 -0.076 -0.670 -0.886 -0.989 -1.023
0.00017443 -1.95000 10.08636 0.7961711884 2.4173780084    0.787  2.203  3.6957  1.865    3  0.000  0.530     0.00     0.00     0.00     0.00     0.00 -1  -1.6e-11      0.00 7.533e-01 2.465e-01 3.038e-05 8.608e-06 7.650e-05 -1.000 1.802e-04 -0.738 0.814 -0.142 -0.743 -0.960 -1.065 -1.100
0.00017443 -1.95000 10.08636 0.7962002754 2.4173882932    0.787  2.195  3.6963  1.876    3  0.000  0.530     0.00     0.00     0.00     0.00     0.00 -1  -1.6e-11      0.00 7.533e-01 2.465e-01 3.038e-05 8.608e-06 7.650e-05 -1.000 1.803e-04 -0.717 0.826 -0.125 -0.723 -0.939 -1.043 -1.078
0.00017443 -1.95000 10.08636 0.7962068319 2.4173906114    0.787  2.202  3.6959  1.868    3  0.000  0.530     0.00     0.00     0.00     0.00     0.00 -1 -1.64e-11      0.00 7.533e-01 2.465e-01 3.038e-05 8.608e-06 7.650e-05 -1.000 1.803e-04 -0.734 0.814 -0.141 -0.739 -0.957 -1.061 -1.096
0.00017443 -1.95000 10.08636 0.7962429523 2.4174033817    0.786  2.243  3.6941  1.819    3  0.000  0.530     0.00     0.00     0.00     0.00     0.00 -1 -1.93e-11      0.00 7.533e-01 2.465e-01 3.038e-05 8.608e-06 7.650e-05 -1.000 1.802e-04 -0.838 0.738 -0.233 -0.841 -1.062 -1.169 -1.204
0.00017443 -1.95000 10.08636 0.7962793708 2.4174162560    0.786  2.287  3.6923  1.767    3  0.000  0.530     0.00     0.00     0.00     0.00     0.00 -1 -2.31e-11      0.00 7.533e-01 2.465e-01 3.038e-05 8.609e-06 7.650e-05 -1.000 1.802e-04 -0.948 0.655 -0.333 -0.950 -1.174 -1.283 -1.319
0.00017443 -1.95000 10.08636 0.7963103652 2.4174272117    0.785  2.327  3.6904  1.719    3  0.000  0.530     0.00     0.00     0.00     0.00     0.00 -1 -2.71e-11      0.00 7.533e-01 2.465e-01 3.038e-05 8.609e-06 7.650e-05 -1.000 1.803e-04 -1.049 0.583 -0.421 -1.047 -1.275 -1.387 -1.425
0.00017443 -1.95000 10.08636 0.7963408232 2.4174379769    0.784  2.369  3.6884  1.669    3  0.000  0.530     0.00     0.00     0.00     0.00     0.00 -1 -3.21e-11      0.00 7.533e-01 2.465e-01 3.038e-05 8.609e-06 7.650e-05 -1.000 1.802e-04 -1.154 0.509 -0.514 -1.150 -1.381 -1.495 -1.534
0.00017443 -1.95000 10.08636 0.7963692546 2.4174480250    0.784  2.412  3.6866  1.619    3  0.000  0.530     0.00     0.00     0.00     0.00     0.00 -1 -3.79e-11      0.00 7.533e-01 2.465e-01 3.038e-05 8.609e-06 7.650e-05 -1.000 1.802e-04 -1.259 0.435 -0.607 -1.252 -1.487 -1.604 -1.644
0.00017443 -1.95000 10.08636 0.7963941097 2.4174568085    0.783  2.451  3.6846  1.571    3  0.000  0.530     0.00     0.00     0.00     0.00     0.00 -1 -4.44e-11      0.00 7.533e-01 2.465e-01 3.038e-05 8.609e-06 7.650e-05 -1.000 1.802e-04 -1.358 0.377 -0.691 -1.349 -1.588 -1.707 -1.748
0.00017443 -1.95000 10.08636 0.7964187264 2.4174655071    0.782  2.493  3.6827  1.521    3  0.000  0.530     0.00     0.00     0.00     0.00     0.00 -1 -5.23e-11      0.00 7.533e-01 2.465e-01 3.038e-05 8.609e-06 7.650e-05 -1.000 1.803e-04 -1.463 0.320 -0.782 -1.453 -1.696 -1.817 -1.859
0.00017443 -1.95000 10.08636 0.7964406013 2.4174732364    0.781  2.533  3.6808  1.473    3  0.000  0.530     7.04     5.58     3.96     3.06     2.47  3 -6.12e-11      0.00 7.533e-01 2.465e-01 3.038e-05 8.609e-06 7.650e-05 -1.000 1.802e-04 -1.563 0.273 -0.865 -1.553 -1.799 -1.923 -1.966
0.00017443 -1.95000 10.08636 0.7964610457 2.4174804597    0.780  2.573  3.6788  1.424    3  0.000  0.530     7.80     6.08     4.30     3.33     2.69  3 -7.15e-11      0.00 7.533e-01 2.465e-01 3.038e-05 8.610e-06 7.650e-05 -1.000 1.803e-04 -1.663 0.232 -0.947 -1.651 -1.902 -2.028 -2.073
0.00017443 -1.95000 10.08636 0.7964804769 2.4174873246    0.779  2.614  3.6769  1.375    3  0.000  0.530     8.65     6.64     4.68     3.63     2.93  3 -8.36e-11      0.00 7.533e-01 2.465e-01 3.038e-05 8.610e-06 7.650e-05 -1.000 1.803e-04 -1.765 0.192 -1.028 -1.751 -2.006 -2.135 -2.181
0.00017443 -1.95000 10.08636 0.7965013385 2.4174946945    0.778  2.661  3.6744  1.317    3  0.000  0.530     9.78     7.38     5.17     4.01     3.25  3    -1e-10      0.00 7.533e-01 2.465e-01 3.038e-05 8.610e-06 7.650e-05 -1.000 1.803e-04 -1.883 0.161 -1.118 -1.866 -2.128 -2.260 -2.308
0.00017443 -1.95000 10.08636 0.7965182066 2.4175006533    0.777  2.702  3.6724  1.268    3  0.000  0.530    10.86     8.06     5.63     4.38     3.54  3 -1.17e-10      0.00 7.533e-01 2.465e-01 3.038e-05 8.610e-06 7.650e-05 -1.000 1.803e-04 -1.985 0.131 -1.197 -1.966 -2.233 -2.368 -2.417
0.00017443 -1.95000 10.08636 0.7965355515 2.4175067802    0.775  2.748  3.6699  1.211    3  0.000  0.530    12.23     8.93     6.20     4.83     3.91  3  -1.4e-10      0.00 7.533e-01 2.465e-01 3.038e-05 8.610e-06 7.650e-05 -1.000 1.803e-04 -2.099 0.117 -1.277 -2.076 -2.350 -2.489 -2.539
0.00017443 -1.95000 10.08636 0.7965499163 2.4175118542    0.774  2.788  3.6680  1.162    3  0.000  0.530    13.57     9.75     6.74     5.26     4.26  2 -1.63e-10      0.00 7.533e-01 2.465e-01 3.038e-05 8.610e-06 7.651e-05 -1.000 1.802e-04 -2.200 0.097 -1.351 -2.174 -2.454 -2.596 -2.647
0.00017443 -1.95000 10.08636 0.7965644598 2.4175169911    0.772  2.832  3.6653  1.107    3  0.000  0.530    15.26    10.77     7.42     5.80     4.70  2 -1.93e-10      0.00 7.533e-01 2.465e-01 3.038e-05 8.610e-06 7.651e-05 -1.000 1.802e-04 -2.310 0.102 -1.422 -2.278 -2.566 -2.713 -2.766
0.00017443 -1.95000 10.08636 0.7965765595 2.4175212646    0.770  2.871  3.6634  1.059    3  0.000  0.530    16.88    11.74     8.05     6.30     5.11  2 -2.23e-10      0.00 7.533e-01 2.465e-01 3.038e-05 8.610e-06 7.651e-05 -1.000 1.803e-04 -2.408 0.096 -1.488 -2.372 -2.667 -2.816 -2.871
0.00017443 -1.95000 10.08636 0.7965893149 2.4175257696    0.768  2.915  3.6607  1.003    3  0.000  0.530    18.99    12.98     8.86     6.94     5.63  2 -2.64e-10      0.00 7.533e-01 2.465e-01 3.038e-05 8.610e-06 7.651e-05 -1.000 1.803e-04 -2.518 0.117 -1.553 -2.476 -2.779 -2.933 -2.990
0.00017443 -1.95000 10.08636 0.7966021895 2.4175303165    0.765  2.964  3.6582  0.943    3  0.000  0.530    21.53    14.44     9.81     7.70     6.24  2 -3.16e-10      0.00 7.533e-01 2.465e-01 3.038e-05 8.610e-06 7.651e-05 -1.000 1.802e-04 -2.639 0.140 -1.620 -2.588 -2.902 -3.061 -3.120
0.00017443 -1.95000 10.08636 0.7966126800 2.4175340213    0.763  3.006  3.6556  0.889    3  0.000  0.530    24.14    15.92    10.77     8.47     6.86  1 -3.71e-10      0.00 7.533e-01 2.465e-01 3.038e-05 8.610e-06 7.651e-05 -1.000 1.803e-04 -2.744 0.141 -1.679 -2.681 -3.006 -3.170 -3.231
0.00017443 -1.95000 10.08636 0.7966216207 2.4175371787    0.760  3.044  3.6535  0.841    3  0.000  0.530    26.69    17.34    11.68     9.20     7.46  1 -4.29e-10      0.00 7.533e-01 2.465e-01 3.038e-05 8.610e-06 7.651e-05 -1.000 1.803e-04 -2.839 0.127 -1.739 -2.767 -3.100 -3.268 -3.331
0.00017443 -1.95000 10.08636 0.7966309190 2.4175404623    0.757  3.086  3.6509  0.787    3  0.000  0.530    29.93    19.11    12.81    10.11     8.20  1 -5.02e-10      0.00 7.533e-01 2.465e-01 3.038e-05 8.610e-06 7.651e-05 -1.000 1.803e-04 -2.945 0.124 -1.798 -2.860 -3.203 -3.377 -3.441
0.00017443 -1.95000 10.08636 0.7966403961 2.4175438089    0.754  3.132  3.6483  0.729    3  0.000  0.530    33.83    21.20    14.15    11.18     9.07  1 -5.96e-10      0.00 7.533e-01 2.465e-01 3.038e-05 8.610e-06 7.651e-05 -1.000 1.803e-04 -3.059 0.112 -1.867 -2.962 -3.315 -3.494 -3.561
0.00017443 -1.95000 10.08636 0.7966483235 2.4175466082    0.750  3.173  3.6456  0.675    3  0.000  0.530    37.90    23.34    15.51    12.27     9.96  1 -6.98e-10      0.00 7.533e-01 2.465e-01 3.038e-05 8.611e-06 7.651e-05 -1.000 1.803e-04 -3.162 0.111 -1.922 -3.050 -3.414 -3.599 -3.668
0.00017443 -1.95000 10.08636 0.7966563702 2.4175494496    0.746  3.216  3.6431  0.619    3  0.000  0.530    42.67    25.81    17.07    13.53    10.98  1 -8.23e-10      0.00 7.533e-01 2.465e-01 3.038e-05 8.611e-06 7.651e-05 -1.000 1.803e-04 -3.271 0.104 -1.983 -3.145 -3.520 -3.710 -3.781
0.00017443 -1.95000 10.08636 0.7966638207 2.4175520804    0.741  3.258  3.6405  0.564    3  0.000  0.530    47.86    28.44    18.72    14.86    12.07  1 -9.65e-10      0.00 7.533e-01 2.465e-01 3.038e-05 8.611e-06 7.651e-05 -1.000 1.803e-04 -3.374 0.105 -2.036 -3.234 -3.620 -3.816 -3.889
0.00017443 -1.95000 10.08636 0.7966659069 2.4175528170    0.740  3.268  3.6399  0.551    3  0.000  0.530    49.17    29.09    19.14    15.20    12.34  1 -1.01e-09      0.00 7.533e-01 2.465e-01 3.038e-05 8.611e-06 7.651e-05 -1.000 1.803e-04 -3.399 0.104 -2.049 -3.255 -3.643 -3.841 -3.915
0.00017443 -1.95000 10.08636 0.7966659069 2.4175528170    0.736  1.672  3.8964  3.171    4  0.000  0.531     0.00     0.00     0.00     0.00     0.00 -1    -1e-30      0.00 7.545e-01 2.453e-01 3.039e-05 8.536e-06 7.628e-05 -1.000 1.803e-04 0.590 1.006 0.528 0.657 0.794 0.847 0.882
0.00017443 -1.95000 10.08636 0.7966666818 2.4175530906    0.736  1.682  3.8902  3.135    4  0.000  0.531     0.00     0.00     0.00     0.00     0.00 -1    -1e-30      0.00 7.545e-01 2.453e-01 3.039e-05 8.536e-06 7.628e-05 -1.000 1.801e-04 0.564 0.991 0.507 0.616 0.744 0.795 0.829
0.00017443 -1.95000 10.08636 0.7967205048 2.4175720939    0.736  1.696  3.8841  3.097    4  0.000  0.531     0.00     0.00     0.00     0.00     0.00 -1    -1e-30      0.00 7.545e-01 2.453e-01 3.039e-05 8.536e-06 7.628e-05 -1.000 1.803e-04 0.529 0.968 0.481 0.570 0.688 0.737 0.769
0.00017443 -1.95000 10.08636 0.7967728376 2.4175905681    0.736  1.696  3.8849  3.101    4  0.000  0.531     0.00     0.00     0.00     0.00     0.00 -1    -1e-30      0.00 7.545e-01 2.453e-01 3.039e-05 8.536e-06 7.628e-05 -1.000 1.801e-04 0.529 0.966 0.479 0.571 0.691 0.740 0.772
0.00017443 -1.95000 10.08636 0.7968252301 2.4176090607    0.736  1.696  3.8859  3.104    4  0.000  0.531     0.00     0.00     0.00     0.00     0.00 -1    -1e-30      0.00 7.545e-01 2.453e-01 3.039e-05 8.536e-06 7.628e-05 -1.000 1.803e-04 0.529 0.964 0.477 0.573 0.694 0.743 0.776
0.00017443 -1.95000 10.08636 0.7968782187 2.4176277608    0.737  1.696  3.8868  3.108    4  0.000  0.531     0.00     0.00     0.00     0.00     0.00 -1    -1e-30      0.00 7.545e-01 2.453e-01 3.039e-05 8.536e-06 7.628e-05 -1.000 1.802e-04 0.529 0.962 0.476 0.575 0.698 0.747 0.780
0.00017443 -1.95000 10.08636 0.7969326377 2.4176469627    0.737  1.696  3.8877  3.112    4  0.000  0.531     0.00     0.00     0.00     0.00     0.00 -1    -1e-30      0.00 7.545e-01 2.453e-01 3.039e-05 8.536e-06 7.628e-05 -1.000 1.801e-04 0.530 0.960 0.475 0.577 0.701 0.751 0.784
0.00017443 -1.95000 10.08636 0.7969866395 2.4176660144    0.737  1.696  3.8884  3.115    4  0.000  0.531     0.00     0.00     0.00     0.00     0.00 -1    -1e-30      0.00 7.545e-01 2.453e-01 3.039e-05 8.536e-06 7.628e-05 -1.000 1.802e-04 0.530 0.959 0.474 0.579 0.704 0.754 0.787
0.00017443 -1.95000 10.08636 0.7970371246 2.4176838228    0.737  1.696  3.8889  3.117    4  0.000  0.531     0.00     0.00     0.00     0.00     0.00 -1    -1e-30      0.00 7.545e-01 2.453e-01 3.039e-05 8.536e-06 7.628e-05 -1.000 1.802e-04 0.530 0.958 0.473 0.580 0.706 0.756 0.789
0.00017443 -1.95000 10.08636 0.7970916033 2.4177030369    0.737  1.696  3.8892  3.118    4  0.000  0.531     0.00     0.00     0.00     0.00     0.00 -1    -1e-30      0.00 7.545e-01 2.453e-01 3.039e-05 8.536e-06 7.628e-05 -1.000 1.803e-04 0.530 0.957 0.473 0.580 0.707 0.757 0.790
0.00017443 -1.95000 10.08636 0.7971418500 2.4177207559    0.737  1.696  3.8890  3.117    4  0.000  0.531     0.00     0.00     0.00     0.00     0.00 -1    -1e-30      0.00 7.545e-01 2.453e-01 3.039e-05 8.536e-06 7.628e-05 -1.000 1.803e-04 0.529 0.957 0.472 0.579 0.705 0.755 0.788
0.00017443 -1.95000 10.08636 0.7971927524 2.4177387033    0.737  1.697  3.8885  3.115    4  0.000  0.531     0.00     0.00     0.00     0.00     0.00 -1    -1e-30      0.00 7.545e-01 2.453e-01 3.039e-05 8.536e-06 7.628e-05 -1.000 1.801e-04 0.528 0.956 0.471 0.576 0.702 0.752 0.785
0.00017443 -1.95000 10.08636 0.7972461581 2.4177575307    0.737  1.698  3.8875  3.110    4  0.000  0.531     0.00     0.00     0.00     0.00     0.00 -1    -1e-30      0.00 7.545e-01 2.453e-01 3.039e-05 8.536e-06 7.628e-05 -1.000 1.801e-04 0.526 0.956 0.471 0.572 0.696 0.746 0.779
0.00017443 -1.95000 10.08636 0.7973017693 2.4177771324    0.737  1.699  3.8859  3.102    4  0.000  0.531     0.00     0.00     0.00     0.00     0.00 -1    -1e-30      0.00 7.545e-01 2.453e-01 3.039e-05 8.536e-06 7.628e-05 -1.000 1.802e-04 0.523 0.957 0.470 0.566 0.688 0.737 0.769
0.00017443 -1.95000 10.08636 0.7973535657 2.4177953867    0.737  1.700  3.8838  3.092    4  0.000  0.531     0.00     0.00     0.00     0.00     0.00 -1    -1e-30      0.00 7.545e-01 2.453e-01 3.039e-05 8.536e-06 7.628e-05 -1.000 1.802e-04 0.519 0.958 0.470 0.559 0.676 0.725 0.757
0.00017443 -1.95000 10.08636 0.7974041104 2.4178131972    0.737  1.702  3.8812  3.080    4  0.000  0.531     0.00     0.00     0.00     0.00     0.00 -1    -1e-30      0.00 7.545e-01 2.453e-01 3.039e-05 8.536e-06 7.628e-05 -1.000 1.802e-04 0.514 0.959 0.469 0.549 0.662 0.710 0.741
0.00017443 -1.95000 10.08636 0.7974572182 2.4178319081    0.737  1.705  3.8777  3.064    4  0.000  0.531     0.00     0.00     0.00     0.00     0.00 -1    -1e-30      0.00 7.545e-01 2.453e-01 3.039e-05 8.536e-06 7.628e-05 -1.000 1.801e-04 0.508 0.962 0.470 0.537 0.644 0.691 0.722
0.00017443 -1.95000 10.08636 0.7975073457 2.4178495663    0.737  1.707  3.8738  3.046    4  0.000  0.531     0.00     0.00     0.00     0.00     0.00 -1    -1e-30      0.00 7.545e-01 2.453e-01 3.039e-05 8.536e-06 7.628e-05 -1.000 1.802e-04 0.502 0.965 0.471 0.524 0.625 0.670 0.700
0.00017443 -1.95000 10.08636 0.7975577712 2.4178673270    0.737  1.710  3.8693  3.025    4  0.000  0.531     0.00     0.00     0.00     0.00     0.00 -1    -1e-30      0.00 7.545e-01 2.453e-01 3.039e-05 8.536e-06 7.628e-05 -1.000 1.802e-04 0.494 0.969 0.472 0.510 0.602 0.646 0.675
0.00017443 -1.95000 10.08636 0.7976096272 2.4178855888    0.737  1.714  3.8640  3.000    4  0.000  0.531     0.00     0.00     0.00     0.00     0.00 -1    -1e-30      0.00 7.545e-01 2.453e-01 3.039e-05 8.536e-06 7.628e-05 -1.000 1.803e-04 0.486 0.975 0.474 0.494 0.576 0.618 0.646
0.00017443 -1.95000 10.08636 0.7976628542 2.4179043305    0.737  1.718  3.8578  2.971    4  0.000  0.531     0.00     0.00     0.00     0.00     0.00 -1    -1e-30      0.00 7.545e-01 2.453e-01 3.039e-05 8.536e-06 7.628e-05 -1.000 1.802e-04 0.476 0.981 0.478 0.477 0.548 0.587 0.614
0.00017443 -1.95000 10.08636 0.7977125049 2.4179218104    0.737  1.722  3.8514  2.942    4  0.000  0.531     0.00     0.00     0.00     0.00     0.00 -1    -1e-30      0.00 7.545e-01 2.453e-01 3.039e-05 8.536e-06 7.628e-05 -1.000 1.803e-04 0.465 0.989 0.483 0.460 0.519 0.556 0.581
0.00017443 -1.95000 10.08636 0.7977171540 2.4179234471    0.737  1.722  3.8508  2.939    4  0.000  0.531     0.00     0.00     0.00     0.00     0.00 -1    -1e-30      0.00 7.545e-01 2.453e-01 3.039e-05 8.536e-06 7.628e-05 -1.000 1.801e-04 0.464 0.990 0.484 0.458 0.516 0.553 0.578
0.00017443 -1.95000 10.08636 0.7977259159 2.4179265315    0.737  1.723  3.8496  2.933    4  0.000  0.531     0.00     0.00     0.00     0.00     0.00 -1    -1e-30      0.00 7.545e-01 2.453e-01 3.039e-05 8.536e-06 7.628e-05 -1.000 1.802e-04 0.462 0.991 0.485 0.455 0.511 0.547 0.572
0.00017443 -1.95000 10.08636 0.7977776527 2.4179447424    0.738  1.728  3.8426  2.901    4  0.000  0.531     0.00     0.00     0.00     0.00     0.00 -1    -1e-30      0.00 7.545e-01 2.453e-01 3.039e-05 8.536e-06 7.628e-05 -1.000 1.802e-04 0.451 1.001 0.491 0.438 0.481 0.513 0.536
0.00017443 -1.95000 10.08636 0.7978280187 2.4179624683    0.738  1.732  3.8357  2.868    4  0.000  0.531     0.00     0.00     0.00     0.00     0.00 -1    -1e-30      0.00 7.545e-01 2.453e-01 3.039e-05 8.536e-06 7.628e-05 -1.000 1.802e-04 0.439 1.012 0.497 0.421 0.451 0.479 0.500
0.00017443 -1.95000 10.08636 0.7978819013 2.4179814289    0.738  1.738  3.8277  2.831    4  0.000  0.531     0.00     0.00     0.00     0.00     0.00 -1    -1e-30      0.00 7.545e-01 2.453e-01 3.039e-05 8.536e-06 7.628e-05 -1.000 1.802e-04 0.425 1.026 0.506 0.402 0.417 0.441 0.460
0.00017443 -1.95000 10.08636 0.7979332209 2.4179994850    0.738  1.744  3.8197  2.793    4  0.000  0.531     0.00     0.00     0.00     0.00     0.00 -1    -1e-30      0.00 7.545e-01 2.453e-01 3.039e-05 8.536e-06 7.628e-05 -1.000 1.802e-04 0.411 1.041 0.514 0.383 0.384 0.402 0.419
0.00017443 -1.95000 10.08636 0.7979824543 2.4180168045    0.738  1.749  3.8126  2.759    4  0.000  0.531     0.00     0.00     0.00     0.00     0.00 -1    -1e-30      0.00 7.545e-01 2.453e-01 3.039e-05 8.536e-06 7.628e-05 -1.000 1.802e-04 0.397 1.055 0.521 0.366 0.354 0.367 0.382
0.00017443 -1.95000 10.08636 0.7980331779 2.4180346456    0.738  1.755  3.8051  2.723    4  0.000  0.531     0.00     0.00     0.00     0.00     0.00 -1    -1e-30      0.00 7.545e-01 2.453e-01 3.039e-05 8.536e-06 7.628e-05 -1.000 1.802e-04 0.382 1.073 0.530 0.347 0.322 0.329 0.342
0.00017443 -1.95000 10.08636 0.7980830073 2.4180521698    0.738  1.761  3.7983  2.690    4  0.000  0.531     0.00     0.00     0.00     0.00     0.00 -1    -1e-30      0.00 7.545e-01 2.453e-01 3.039e-05 8.536e-06 7.628e-05 -1.000 1.802e-04 0.367 1.090 0.538 0.330 0.293 0.295 0.305
0.00017443 -1.95000 10.08636 0.7981333733 2.4180698800    0.738  1.768  3.7919  2.658    4  0.000  0.531     0.00     0.00     0.00     0.00     0.00 -1    -1e-30      0.00 7.545e-01 2.453e-01 3.039e-05 8.536e-06 7.628e-05 -1.000 1.802e-04 0.351 1.105 0.544 0.313 0.265 0.262 0.269
0.00017443 -1.95000 10.08636 0.7981837392 2.4180875877    0.738  1.775  3.7860  2.627    4  0.000  0.531     0.00     0.00     0.00     0.00     0.00 -1    -1e-30      0.00 7.545e-01 2.453e-01 3.039e-05 8.536e-06 7.628e-05 -1.000 1.803e-04 0.334 1.119 0.548 0.296 0.236 0.228 0.234
0.00017443 -1.95000 10.08636 0.7982345223 2.4181054394    0.738  1.784  3.7795  2.592    4  0.000  0.531     0.00     0.00     0.00     0.00     0.00 -1    -1e-30      0.00 7.545e-01 2.453e-01 3.039e-05 8.536e-06 7.628e-05 -1.000 1.803e-04 0.311 1.130 0.548 0.272 0.202 0.188 0.191
0.00017443 -1.95000 10.08636 0.7982445955 2.4181089802    0.738  1.778  3.7811  2.604    4  0.000  0.531     0.00     0.00     0.00     0.00     0.00 -1    -1e-30      0.00 7.545e-01 2.453e-01 3.039e-05 8.536e-06 7.628e-05 -1.000 1.801e-04 0.324 1.135 0.556 0.286 0.218 0.206 0.210
0.00017443 -1.95000 10.08636 0.7982967496 2.4181273106    0.738  1.791  3.7736  2.561    4  0.000  0.531     0.00     0.00     0.00     0.00     0.00 -1    -1e-30      0.00 7.545e-01 2.453e-01 3.039e-05 8.536e-06 7.628e-05 -1.000 1.803e-04 0.291 1.146 0.549 0.253 0.172 0.152 0.153
0.00017443 -1.95000 10.08636 0.7983480096 2.4181453241    0.738  1.809  3.7660  2.513    4  0.000  0.531     0.00     0.00     0.00     0.00     0.00 -1    -1e-30      0.00 7.545e-01 2.453e-01 3.039e-05 8.536e-06 7.628e-05 -1.000 1.803e-04 0.248 1.149 0.533 0.210 0.116 0.089 0.087
0.00017443 -1.95000 10.08636 0.7983912230 2.4181605078    0.738  1.837  3.7569  2.449    4  0.000  0.531     0.00     0.00     0.00     0.00     0.00 -1    -1e-30      0.00 7.545e-01 2.453e-01 3.039e-05 8.536e-06 7.628e-05 -1.000 1.801e-04 0.178 1.139 0.498 0.141 0.031 -0.005 -0.011
0.00017443 -1.95000 10.08636 0.7984145880 2.4181687167    0.738  1.870  3.7481  2.381    4  0.000  0.531     0.00     0.00     0.00     0.00     0.00 -1    -1e-30      0.00 7.545e-01 2.453e-01 3.039e-05 8.536e-06 7.628e-05 -1.000 1.801e-04 0.096 1.118 0.449 0.061 -0.064 -0.109 -0.118
0.00017443 -1.95000 10.08636 0.7984251976 2.4181724440    0.738  1.904  3.7405  2.316    4  0.000  0.531     0.00     0.00     0.00     0.00     0.00 -1    -1e-30      0.00 7.545e-01 2.453e-01 3.039e-05 8.536e-06 7.628e-05 -1.000 1.802e-04 0.010 1.088 0.392 -0.024 -0.162 -0.215 -0.227
0.00017443 -1.95000 10.08636 0.7984299064 2.4181740983    0.738  1.941  3.7338  2.253    4  0.000  0.531     0.00     0.00     0.00     0.00     0.00 -1    -1e-30      0.00 7.545e-01 2.453e-01 3.039e-05 8.536e-06 7.628e-05 -1.000 1.802e-04 -0.082 1.054 0.328 -0.113 -0.263 -0.323 -0.339
0.00017443 -1.95000 10.08636 0.7984321117 2.4181748730    0.738  1.977  3.7284  2.195    4  0.000  0.531     0.00     0.00     0.00     0.00     0.00 -1    -1e-30      0.00 7.545e-01 2.453e-01 3.039e-05 8.536e-06 7.628e-05 -1.000 1.802e-04 -0.172 1.011 0.259 -0.202 -0.360 -0.426 -0.445
0.00017443 -1.95000 10.08636 0.7984330058 2.4181751871    0.738  2.001  3.7255  2.159    7  0.000  0.531     0.00     0.00     0.00     0.00     0.00 -1    -1e-30      0.00 7.545e-01 2.453e-01 3.039e-05 8.536e-06 7.628e-05 -1.000 1.803e-04 -0.232 0.979 0.212 -0.261 -0.424 -0.493 -0.513
0.00017443 -1.95000 10.08636 0.7984333038 2.4181752918    0.738  2.011  3.7244  2.145    7  0.000  0.531     0.00     0.00     0.00     0.00     0.00 -1    -1e-30      0.00 7.545e-01 2.453e-01 3.039e-05 8.536e-06 7.628e-05 -1.000 1.801e-04 -0.257 0.964 0.191 -0.285 -0.451 -0.521 -0.541
0.00017443 -1.95000 10.08636 0.7984342575 2.4181756268    0.738  2.050  3.7207  2.091    7  0.000  0.531     0.00     0.00     0.00     0.00     0.00 -1    -1e-30      0.00 7.545e-01 2.453e-01 3.039e-05 8.536e-06 7.628e-05 -1.000 1.801e-04 -0.355 0.902 0.109 -0.382 -0.553 -0.628 -0.650
0.00017443 -1.95000 10.08636 0.7984351516 2.4181759409    0.738  2.089  3.7174  2.038    7  0.000  0.531     0.00     0.00     0.00     0.00     0.00 -1    -1e-30      0.00 7.545e-01 2.453e-01 3.039e-05 8.536e-06 7.628e-05 -1.000 1.802e-04 -0.453 0.838 0.026 -0.478 -0.656 -0.734 -0.757
0.00017443 -1.95000 10.08636 0.7984360456 2.4181762550    0.738  2.123  3.7148  1.995    7  0.000  0.531     0.00     0.00     0.00     0.00     0.00 -1    -1e-30      0.00 7.545e-01 2.453e-01 3.039e-05 8.536e-06 7.628e-05 -1.000 1.802e-04 -0.537 0.782 -0.045 -0.560 -0.742 -0.824 -0.849
0.00017443 -1.95000 10.08636 0.7984369397 2.4181765691    0.738  2.151  3.7128  1.959    7  0.000  0.531     0.00     0.00     0.00     0.00     0.00 -1    -1e-30      0.00 7.545e-01 2.453e-01 3.039e-05 8.536e-06 7.628e-05 -1.000 1.801e-04 -0.606 0.736 -0.105 -0.629 -0.814 -0.898 -0.924
0.00017443 -1.95000 10.08636 0.7984383702 2.4181770716    0.738  2.169  3.7116  1.935    7  0.000  0.531     0.00     0.00     0.00     0.00     0.00 -1    -1e-30      0.00 7.545e-01 2.453e-01 3.039e-05 8.536e-06 7.628e-05 -1.000 1.802e-04 -0.653 0.703 -0.146 -0.675 -0.863 -0.948 -0.975
0.00017443 -1.95000 10.08636 0.7984410524 2.4181780139    0.738  2.148  3.7132  1.963    7  0.000  0.531     0.00     0.00     0.00     0.00     0.00 -1    -1e-30      0.00 7.545e-01 2.453e-01 3.039e-05 8.536e-06 7.628e-05 -1.000 1.802e-04 -0.601 0.736 -0.102 -0.624 -0.809 -0.892 -0.918
0.00017443 -1.95000 10.08636 0.7984580994 2.4181840022    0.738  2.138  3.7137  1.975    7  0.000  0.531     0.00     0.00     0.00     0.00     0.00 -1    -1e-30      0.00 7.545e-01 2.453e-01 3.039e-05 8.536e-06 7.628e-05 -1.000 1.801e-04 -0.574 0.758 -0.077 -0.597 -0.781 -0.864 -0.889
0.00017443 -1.95000 10.08636 0.7984740734 2.4181896134    0.738  2.162  3.7117  1.943    7  0.000  0.531     0.00     0.00     0.00     0.00     0.00 -1    -1e-30      0.00 7.545e-01 2.453e-01 3.039e-05 8.536e-06 7.628e-05 -1.000 1.801e-04 -0.634 0.721 -0.128 -0.656 -0.844 -0.929 -0.955
0.00017443 -1.95000 10.08636 0.7984934449 2.4181964177    0.738  2.207  3.7084  1.885    7  0.000  0.531     0.00     0.00     0.00     0.00     0.00 -1    -1e-30      0.00 7.545e-01 2.453e-01 3.039e-05 8.536e-06 7.628e-05 -1.000 1.803e-04 -0.748 0.647 -0.225 -0.768 -0.962 -1.051 -1.079
0.00017443 -1.95000 10.08636 0.7985119820 2.4182029285    0.738  2.254  3.7052  1.825    7  0.000  0.531     0.00     0.00     0.00     0.00     0.00 -1    -1e-30      0.00 7.545e-01 2.453e-01 3.039e-05 8.536e-06 7.628e-05 -1.000 1.802e-04 -0.866 0.570 -0.326 -0.883 -1.083 -1.176 -1.206
0.00017443 -1.95000 10.08636 0.7985290885 2.4182089365    0.738  2.301  3.7022  1.766    7  0.000  0.531     0.00     0.00     0.00     0.00     0.00 -1    -1e-30      0.00 7.545e-01 2.453e-01 3.039e-05 8.536e-06 7.628e-05 -1.000 1.801e-04 -0.982 0.494 -0.426 -0.997 -1.202 -1.299 -1.330
0.00017443 -1.95000 10.08636 0.7985444069 2.4182143163    0.738  2.344  3.6996  1.712    7  0.000  0.531     0.00     0.00     0.00     0.00     0.00 -1    -1e-30      0.00 7.545e-01 2.453e-01 3.038e-05 8.536e-06 7.628e-05 -1.000 1.787e-04 -1.090 0.422 -0.519 -1.103 -1.313 -1.413 -1.446
0.00017443 -1.95000 10.08636 0.7985580564 2.4182191098    0.738  2.386  3.6970  1.660    7  0.000  0.531     0.00     0.00     0.00     0.00     0.00 -1    -1e-30      0.00 7.546e-01 2.453e-01 3.037e-05 8.539e-06 7.628e-05 -1.000 1.549e-04 -1.196 0.353 -0.609 -1.205 -1.420 -1.523 -1.558
0.00017443 -1.95000 10.08636 0.7985700369 2.4182233170    0.738  2.428  3.6946  1.609    7  0.000  0.530     0.00     0.00     0.00     0.00     0.00 -1    -1e-30      0.00 7.546e-01 2.452e-01 3.031e-05 8.559e-06 7.628e-05 -1.000 1.695e-04 -1.299 0.286 -0.698 -1.306 -1.526 -1.632 -1.668
0.00017443 -1.95000 10.08636 0.7985805869 2.4182270217    0.738  2.468  3.6922  1.559    7  0.000  0.526     0.00     0.00     0.00     0.00     0.00 -1    -1e-30      0.00 7.546e-01 2.453e-01 3.010e-05 8.689e-06 7.629e-05 -1.000 1.532e-04 -1.401 0.220 -0.785 -1.405 -1.629 -1.738 -1.775
0.00017443 -1.95000 10.08636 0.7985901237 2.4182303705    0.738  2.509  3.6898  1.508    7  0.000  0.516     6.41     5.15     3.66     2.84     2.29  3    -1e-30      0.00 7.545e-01 2.453e-01 2.958e-05 9.177e-06 7.629e-05 -1.000 1.749e-04 -1.503 0.154 -0.871 -1.503 -1.732 -1.844 -1.883
0.00017443 -1.95000 10.08636 0.7985988259 2.4182334262    0.738  2.550  3.6874  1.458    7  0.000  0.502     7.13     5.64     3.99     3.10     2.50  3    -1e-30      0.00 7.544e-01 2.454e-01 2.880e-05 1.007e-05 7.630e-05 -1.000 1.802e-04 -1.604 0.093 -0.956 -1.600 -1.834 -1.950 -1.990
0.00017443 -1.95000 10.08636 0.7986068726 2.4182362516    0.738  2.590  3.6850  1.408    7  0.000  0.488     7.93     6.17     4.35     3.38     2.73  3    -1e-30      0.00 7.543e-01 2.455e-01 2.797e-05 1.108e-05 7.630e-05 -1.000 1.802e-04 -1.705 0.038 -1.040 -1.698 -1.937 -2.056 -2.097
0.00017443 -1.95000 10.08636 0.7986142635 2.4182388468    0.738  2.630  3.6826  1.359    7  0.000  0.475     8.81     6.76     4.75     3.69     2.98  3    -1e-30      0.00 7.542e-01 2.456e-01 2.723e-05 1.199e-05 7.631e-05 -1.000 1.625e-04 -1.806 0.003 -1.120 -1.798 -2.042 -2.164 -2.206
0.00017443 -1.95000 10.08636 0.7986212969 2.4182413163    0.738  2.670  3.6802  1.309    7  0.000  0.463     9.80     7.39     5.17     4.03     3.26  3    -1e-30      0.00 7.540e-01 2.458e-01 2.659e-05 1.278e-05 7.632e-05 -1.000 1.524e-04 -1.906 -0.027 -1.198 -1.897 -2.146 -2.271 -2.315
0.00017443 -1.95000 10.08636 0.7986280322 2.4182436811    0.738  2.710  3.6779  1.260    7  0.000  0.453    10.88     8.08     5.63     4.39     3.55  2    -1e-30      0.00 7.538e-01 2.460e-01 2.603e-05 1.347e-05 7.633e-05 -1.000 1.803e-04 -2.006 -0.050 -1.273 -1.994 -2.249 -2.377 -2.422
0.00017443 -1.95000 10.08636 0.7986344695 2.4182459413    0.738  2.750  3.6755  1.210    7  0.000  0.445    12.09     8.83     6.13     4.78     3.87  2    -1e-30      0.00 7.537e-01 2.461e-01 2.555e-05 1.407e-05 7.632e-05 -1.000 1.803e-04 -2.105 -0.066 -1.345 -2.090 -2.351 -2.483 -2.530
0.00017443 -1.95000 10.08636 0.7986405492 2.4182480758    0.738  2.790  3.6730  1.160    7  0.000  0.438    13.45     9.67     6.69     5.22     4.23  2    -1e-30      0.00 7.535e-01 2.464e-01 2.512e-05 1.459e-05 7.630e-05 -1.000 1.802e-04 -2.206 -0.077 -1.416 -2.188 -2.456 -2.591 -2.639
0.00017443 -1.95000 10.08636 0.7986458540 2.4182499383    0.738  2.831  3.6705  1.109    7  0.000  0.431    14.99    10.61     7.30     5.71     4.63  2    -1e-30      0.00 7.533e-01 2.465e-01 2.474e-05 1.506e-05 7.626e-05 -1.000 1.802e-04 -2.308 -0.079 -1.485 -2.287 -2.562 -2.701 -2.751
0.00017443 -1.95000 10.08636 0.7986503243 2.4182515078    0.738  2.872  3.6679  1.058    7  0.000  0.426    16.70    11.63     7.97     6.24     5.06  2    -1e-30      0.00 7.531e-01 2.467e-01 2.444e-05 1.545e-05 7.620e-05 -1.000 1.802e-04 -2.409 -0.073 -1.550 -2.384 -2.666 -2.809 -2.860
0.00017443 -1.95000 10.08636 0.7986541390 2.4182528470    0.739  2.913  3.6653  1.007    7  0.000  0.422    18.63    12.76     8.71     6.83     5.54  2    -1e-30      0.00 7.529e-01 2.470e-01 2.416e-05 1.582e-05 7.609e-05 -1.000 1.682e-04 -2.512 -0.058 -1.612 -2.481 -2.771 -2.918 -2.972
0.00017443 -1.95000 10.08636 0.7986575365 2.4182540398    0.739  2.953  3.6627  0.956    7  0.000  0.419    20.75    13.98     9.50     7.47     6.05  2    -1e-30      0.00 7.527e-01 2.472e-01 2.393e-05 1.615e-05 7.595e-05 -1.000 1.460e-04 -2.613 -0.028 -1.666 -2.575 -2.875 -3.026 -3.082
0.00017443 -1.95000 10.08636 0.7986611128 2.4182552953    0.739  2.996  3.6599  0.902    7  0.000  0.416    23.30    15.43    10.44     8.22     6.66  1    -1e-30      0.00 7.524e-01 2.474e-01 2.374e-05 1.648e-05 7.579e-05 -1.000 1.803e-04 -2.720 0.018 -1.718 -2.674 -2.986 -3.143 -3.200
0.00017443 -1.95000 10.08636 0.7986643314 2.4182564253    0.739  3.040  3.6570  0.847    7  0.000  0.415    26.19    17.04    11.48     9.05     7.33  1    -1e-30      0.00 7.522e-01 2.476e-01 2.359e-05 1.677e-05 7.562e-05 -1.000 1.802e-04 -2.829 0.051 -1.770 -2.772 -3.095 -3.257 -3.317
0.00017443 -1.95000 10.08636 0.7986657619 2.4182569275    0.739  3.063  3.6555  0.817    7  0.000  0.414    27.90    17.98    12.08     9.53     7.73  1    -1e-30      0.00 7.521e-01 2.477e-01 2.351e-05 1.695e-05 7.550e-05 -1.000 1.802e-04 -2.887 0.051 -1.803 -2.823 -3.152 -3.318 -3.379
0.00017443 -1.95000 10.08636 0.7986662984 2.4182571158    0.739  3.064  3.6554  0.816    7  0.000  0.414    27.95    18.00    12.10     9.54     7.74  1    -1e-30      0.00 7.520e-01 2.478e-01 2.347e-05 1.704e-05 7.544e-05 -1.000 1.802e-04 -2.889 0.052 -1.803 -2.824 -3.154 -3.319 -3.380
0.00017443 -1.95000 10.08636 0.7986663580 2.4182571368    0.739  3.063  3.6554  0.817    7  0.000  0.414    27.93    17.99    12.09     9.54     7.73  1    -1e-30      0.00 7.520e-01 2.478e-01 2.347e-05 1.705e-05 7.543e-05 -1.000 1.802e-04 -2.888 0.052 -1.803 -2.824 -3.153 -3.318 -3.379
0.00017443 -1.95000 10.08636 0.7986664176 2.4182571577    0.739  3.063  3.6554  0.817    7  0.000  0.414    27.93    17.99    12.09     9.54     7.73  1    -1e-30      0.00 7.520e-01 2.478e-01 2.347e-05 1.706e-05 7.543e-05 -1.000 1.803e-04 -2.888 0.052 -1.803 -2.824 -3.153 -3.318 -3.379
0.00017443 -1.95000 10.08636 0.7986665368 2.4182571995    0.739  3.067  3.6552  0.812    7  0.000  0.414    28.19    18.14    12.19     9.61     7.79  1    -1e-30      0.00 7.520e-01 2.478e-01 2.346e-05 1.707e-05 7.542e-05 -1.000 1.803e-04 -2.897 0.051 -1.808 -2.832 -3.161 -3.328 -3.389
0.00017443 -1.95000 10.08636 0.7986666560 2.4182572414    0.739  3.070  3.6550  0.808    7  0.000  0.414    28.44    18.27    12.27     9.68     7.85  1    -1e-30      0.00 7.520e-01 2.478e-01 2.346e-05 1.709e-05 7.541e-05 -1.000 1.803e-04 -2.905 0.051 -1.813 -2.839 -3.170 -3.336 -3.397
0.00017443 -1.95000 10.08636 0.7986667752 2.4182572832    0.739  3.075  3.6547  0.803    7  0.000  0.414    28.78    18.46    12.39     9.78     7.93  1    -1e-30      0.00 7.520e-01 2.478e-01 2.345e-05 1.711e-05 7.540e-05 -1.000 1.803e-04 -2.916 0.050 -1.819 -2.849 -3.181 -3.348 -3.409
0.00017443 -1.95000 10.08636 0.7986670136 2.4182573670    0.739  3.087  3.6539  0.787    7  0.000  0.413    29.78    19.00    12.74    10.05     8.15  1    -1e-30      0.00 7.519e-01 2.479e-01 2.341e-05 1.722e-05 7.532e-05 -1.000 1.803e-04 -2.948 0.050 -1.837 -2.877 -3.211 -3.380 -3.442
0.00017443 -1.95000 10.08636 0.7986673713 2.4182574925    0.739  3.133  3.6506  0.728    7  0.000  0.412    33.76    21.14    14.10    11.15     9.04  1    -1e-30      0.00 7.517e-01 2.481e-01 2.327e-05 1.762e-05 7.504e-05 -1.000 1.803e-04 -3.063 0.055 -1.898 -2.977 -3.324 -3.499 -3.564
0.00017443 -1.95000 10.08636 0.7986679673 2.4182577018    0.739  3.201  3.6457  0.640    7  0.523  0.411    40.71    24.78    16.41    13.01    10.55  1    -1e-30      0.00 7.512e-01 2.486e-01 2.296e-05 1.859e-05 7.435e-05 -1.000 1.803e-04 -3.233 0.065 -1.984 -3.121 -3.487 -3.672 -3.741
0.00017443 -1.95000 10.08636 0.7986682653 2.4182578064    0.739  3.214  3.6448  0.623    7  0.520  0.410    42.17    25.53    16.89    13.39    10.87  1    -1e-30      0.00 7.511e-01 2.487e-01 2.288e-05 1.885e-05 7.416e-05 -1.000 1.803e-04 -3.266 0.067 -2.000 -3.149 -3.518 -3.705 -3.775
0.00017443 -1.95000 10.08636 0.7986683249 2.4182578273    0.739  3.214  3.6412  0.609    8  0.520  0.425    43.47    26.20    17.31    13.73    11.14  1 -3.57e-07      0.00 7.511e-01 2.487e-01 2.395e-05 1.887e-05 7.496e-05 -1.000 1.694e-04 -3.266 0.162 -1.951 -3.130 -3.511 -3.704 -3.777
0.00017443 -1.95000 10.08636 0.7986683846 2.4182578482    0.737  2.989  3.6570  0.896    8  0.520  0.426    23.56    15.57    10.53     8.29     6.72  1 -1.49e-07      0.00 7.511e-01 2.487e-01 2.395e-05 1.887e-05 7.496e-05 -1.000 1.694e-04 -2.703 0.143 -1.657 -2.646 -2.966 -3.128 -3.188
0.00017443 -1.95000 10.08636 0.7986685038 2.4182578901    0.734  2.833  3.6679  1.095    8  0.520  0.426    15.44    10.87     7.47     5.85     4.74  2 -8.65e-08      0.00 7.511e-01 2.487e-01 2.395e-05 1.887e-05 7.496e-05 -1.000 1.693e-04 -2.313 0.010 -1.457 -2.287 -2.568 -2.711 -2.762
0.00017443 -1.95000 10.08636 0.7986687422 2.4182579738    0.729  2.624  3.6825  1.359    8  0.521  0.426     8.77     6.73     4.72     3.67     2.97  3  -4.5e-08      0.00 7.511e-01 2.487e-01 2.395e-05 1.887e-05 7.496e-05 -1.000 1.695e-04 -1.789 0.022 -1.103 -1.781 -2.025 -2.148 -2.190
0.00017443 -1.95000 10.08636 0.7986690402 2.4182580784    0.722  2.630  3.6820  1.347    8  0.521  0.426     8.97     6.86     4.81     3.74     3.03  3 -4.62e-08      0.00 7.511e-01 2.487e-01 2.395e-05 1.887e-05 7.496e-05 -1.000 1.695e-04 -1.804 0.024 -1.112 -1.796 -2.041 -2.164 -2.207
0.00017443 -1.95000 10.08636 0.7986693978 2.4182582040    0.714  2.716  3.6756  1.230    8  0.521  0.426    11.48     8.46     5.87     4.59     3.71  2 -6.11e-08      0.00 7.511e-01 2.487e-01 2.395e-05 1.887e-05 7.496e-05 -1.000 1.694e-04 -2.021 0.008 -1.264 -2.007 -2.267 -2.398 -2.445
0.00017443 -1.95000 10.08636 0.7986698747 2.4182583714    0.704  2.904  3.6621  0.982    8  0.521  0.426    19.42    13.19     8.98     7.06     5.72  2 -1.16e-07      0.00 7.511e-01 2.487e-01 2.395e-05 1.887e-05 7.496e-05 -1.000 1.694e-04 -2.491 0.101 -1.541 -2.452 -2.752 -2.904 -2.960
0.00017443 -1.95000 10.08636 0.7986704111 2.4182585597    0.692  3.073  3.6500  0.757    8  0.522  0.426    31.26    19.72    13.18    10.43     8.46  1 -2.22e-07      0.00 7.511e-01 2.487e-01 2.395e-05 1.887e-05 7.496e-05 -1.000 1.694e-04 -2.913 0.200 -1.747 -2.824 -3.171 -3.347 -3.412
0.00017443 -1.95000 10.08636 0.7986710668 2.4182587899    0.678  3.186  3.6417  0.602    8  0.522  0.426    43.31    25.94    17.12    13.61    11.04  1 -3.59e-07      0.00 7.511e-01 2.487e-01 2.395e-05 1.887e-05 7.496e-05 -1.000 1.694e-04 -3.195 0.226 -1.884 -3.062 -3.441 -3.634 -3.707
0.00017443 -1.95000 10.08636 0.7986717224 2.4182590200    0.664  3.248  3.6369  0.511    8  0.522  0.426    52.44    30.42    19.92    15.89    12.89  1 -4.83e-07      0.00 7.511e-01 2.487e-01 2.395e-05 1.887e-05 7.496e-05 -1.000 1.694e-04 -3.351 0.253 -1.946 -3.188 -3.588 -3.792 -3.869
0.00017443 -1.95000 10.08636 0.7986725569 2.4182593130    0.648  3.280  3.6343  0.458    8  0.523  0.426    58.48    33.26    21.68    17.34    14.07  1 -5.75e-07      0.00 7.511e-01 2.487e-01 2.395e-05 1.887e-05 7.496e-05 -1.000 1.694e-04 -3.430 0.276 -1.967 -3.248 -3.662 -3.872 -3.951
0.00017443 -1.95000 10.08636 0.7986733913 2.4182596059    0.630  3.299  3.6325  0.420    8  0.523  0.426    63.16    35.38    22.98    18.41    14.94  1 -6.52e-07      0.00 7.511e-01 2.487e-01 2.395e-05 1.887e-05 7.496e-05 -1.000 1.694e-04 -3.478 0.299 -1.973 -3.283 -3.705 -3.921 -4.002
0.00017443 -1.95000 10.08636 0.7986775637 2.4182610706    0.525 -9.999  4.0000  1.886    9  0.525  0.000     0.00     0.00     0.00     0.00     0.00 -1    -1e-30      0.00 7.511e-01 2.487e-01 2.395e-05 1.887e-05 7.496e-05 -1.000 1.693e-04 29.767 30.109 29.971 30.250 30.478 30.557 30.645
