# Zini     MH   logAge Mini        int_IMF         Mass   logL    logTe  logg  label   McoreTP C_O  period0  period1  period2  period3  period4  pmode  Mloss  tau1m   X   Y   Xc  Xn  Xo  Cexcess  Z 	 mbolmag  umag    gmag    rmag    imag    zmag    Ymag
0.00061788 -1.40000 10.00860 0.0899999961 1.0816895212    0.090 -3.193  3.4690  5.413    1  0.000  0.545     0.00     0.00     0.00     0.00     0.00 -1 -5.29e-17      0.00 7.480e-01 2.514e-01 1.174e-04 3.167e-05 2.872e-04 -1.000 6.527e-04 12.752 17.925 16.366 14.462 12.689 12.107 11.994
0.00061788 -1.40000 10.00860 0.0958561599 1.1355285080    0.096 -3.027  3.4927  5.369    1  0.000  0.545     0.00     0.00     0.00     0.00     0.00 -1  -7.9e-17      0.00 7.471e-01 2.522e-01 1.174e-04 3.167e-05 2.872e-04 -1.000 6.527e-04 12.336 17.416 15.455 13.615 12.218 11.733 11.619
0.00061788 -1.40000 10.00860 0.1000000015 1.1711064122    0.100 -2.915  3.5087  5.339    1  0.000  0.545     0.00     0.00     0.00     0.00     0.00 -1 -1.03e-16      0.00 7.465e-01 2.528e-01 1.174e-04 3.167e-05 2.872e-04 -1.000 6.528e-04 12.057 17.001 14.869 13.093 11.910 11.478 11.366
0.00061788 -1.40000 10.00860 0.1135982424 1.2755984671    0.114 -2.716  3.5308  5.284    1  0.000  0.545     0.00     0.00     0.00     0.00     0.00 -1 -1.64e-16      0.00 7.450e-01 2.543e-01 1.174e-04 3.167e-05 2.872e-04 -1.000 6.527e-04 11.559 16.208 13.977 12.307 11.380 11.010 10.902
0.00061788 -1.40000 10.00860 0.1199999899 1.3193153758    0.120 -2.630  3.5403  5.260    1  0.000  0.545     0.00     0.00     0.00     0.00     0.00 -1 -1.99e-16      0.00 7.444e-01 2.550e-01 1.174e-04 3.167e-05 2.872e-04 -1.000 6.527e-04 11.345 15.836 13.609 11.990 11.154 10.807 10.701
0.00061788 -1.40000 10.00860 0.1400000006 1.4384526719    0.140 -2.449  3.5559  5.209    1  0.000  0.545     0.00     0.00     0.00     0.00     0.00 -1 -2.97e-16      0.00 7.428e-01 2.565e-01 1.174e-04 3.167e-05 2.872e-04 -1.000 6.528e-04 10.893 15.097 12.922 11.390 10.686 10.372 10.270
0.00061788 -1.40000 10.00860 0.1599999964 1.5372931554    0.160 -2.309  3.5662  5.168    1  0.000  0.545     0.00     0.00     0.00     0.00     0.00 -1 -4.02e-16      0.00 7.416e-01 2.578e-01 1.174e-04 3.167e-05 2.872e-04 -1.000 6.527e-04 10.542 14.544 12.427 10.956 10.327 10.033 9.935
0.00061788 -1.40000 10.00860 0.2000000030 1.6938790862    0.200 -2.089  3.5798  5.099    1  0.000  0.545     0.00     0.00     0.00     0.00     0.00 -1 -6.46e-16      0.00 7.403e-01 2.590e-01 1.174e-04 3.167e-05 2.872e-04 -1.000 6.528e-04 9.992 13.729 11.699 10.315 9.767 9.497 9.405
0.00061788 -1.40000 10.00860 0.2500000000 1.8403257998    0.250 -1.884  3.5909  5.036    1  0.000  0.545     0.00     0.00     0.00     0.00     0.00 -1 -8.85e-16      0.00 7.401e-01 2.593e-01 1.174e-04 3.167e-05 2.872e-04 -1.000 6.527e-04 9.480 12.991 11.050 9.744 9.248 8.996 8.909
0.00061788 -1.40000 10.00860 0.3000000119 1.9529139769    0.300 -1.727  3.5994  4.992    1  0.000  0.545     0.00     0.00     0.00     0.00     0.00 -1 -1.37e-15      0.00 7.402e-01 2.591e-01 1.173e-04 3.167e-05 2.872e-04 -1.000 6.527e-04 9.087 12.442 10.560 9.314 8.850 8.611 8.528
0.00061788 -1.40000 10.00860 0.3499999940 2.0434174644    0.350 -1.600  3.6067  4.961    1  0.000  0.545     0.00     0.00     0.00     0.00     0.00 -1 -1.76e-15      0.00 7.428e-01 2.566e-01 1.173e-04 3.167e-05 2.872e-04 -1.000 6.527e-04 8.771 12.000 10.165 8.969 8.528 8.300 8.221
0.00061788 -1.40000 10.00860 0.4000000060 2.1185024399    0.400 -1.457  3.6177  4.920    1  0.000  0.545     0.00     0.00     0.00     0.00     0.00 -1 -2.41e-15      0.00 7.499e-01 2.495e-01 1.174e-04 3.167e-05 2.872e-04 -1.000 6.527e-04 8.411 11.459 9.691 8.569 8.162 7.952 7.878
0.00061788 -1.40000 10.00860 0.4499999881 2.1822809009    0.450 -1.283  3.6358  4.869    1  0.000  0.545     0.00     0.00     0.00     0.00     0.00 -1 -3.59e-15      0.00 7.499e-01 2.494e-01 1.174e-04 3.167e-05 2.872e-04 -1.000 6.528e-04 7.979 10.746 9.079 8.078 7.723 7.540 7.475
0.00061788 -1.40000 10.00860 0.4812331200 2.2176221510    0.481 -1.159  3.6525  4.841    1  0.000  0.545     0.00     0.00     0.00     0.00     0.00 -1 -4.77e-15      0.00 7.499e-01 2.494e-01 1.174e-04 3.167e-05 2.872e-04 -1.000 6.528e-04 7.668 10.183 8.614 7.718 7.407 7.249 7.193
0.00061788 -1.40000 10.00860 0.5000000000 2.2374541529    0.500 -1.088  3.6621  4.825    1  0.000  0.545     0.00     0.00     0.00     0.00     0.00 -1 -5.61e-15      0.00 7.499e-01 2.494e-01 1.174e-04 3.167e-05 2.872e-04 -1.000 6.528e-04 7.490 9.856 8.353 7.515 7.229 7.084 7.033
0.00061788 -1.40000 10.00860 0.5500000715 2.2836583126    0.550 -0.878  3.6886  4.762    1  0.000  0.544     0.00     0.00     0.00     0.00     0.00 -1 -9.32e-15      0.00 7.793e-01 2.200e-01 1.045e-04 2.820e-05 2.559e-04 -1.000 6.206e-04 6.965 8.893 7.622 6.934 6.705 6.597 6.560
0.00061788 -1.40000 10.00860 0.5889902711 2.3134985478    0.589 -0.720  3.7097  4.719    1  0.000  0.544     0.00     0.00     0.00     0.00     0.00 -1 -1.36e-14      0.00 7.863e-01 2.131e-01 1.016e-04 2.744e-05 2.491e-04 -1.000 6.108e-04 6.571 8.186 7.105 6.513 6.320 6.238 6.212
0.00061788 -1.40000 10.00860 0.6000000238 2.3211213258    0.600 -0.678  3.7154  4.707    1  0.000  0.544     0.00     0.00     0.00     0.00     0.00 -1 -1.51e-14      0.00 7.882e-01 2.112e-01 1.009e-04 2.724e-05 2.472e-04 -1.000 6.074e-04 6.464 8.004 6.971 6.402 6.218 6.143 6.120
0.00061788 -1.40000 10.00860 0.6131210327 2.3297959503    0.613 -0.623  3.7234  4.694    1  0.000  0.544     0.00     0.00     0.00     0.00     0.00 -1 -1.72e-14      0.00 7.909e-01 2.086e-01 9.978e-05 2.695e-05 2.446e-04 -1.000 5.437e-04 6.329 7.769 6.799 6.261 6.091 6.025 6.006
0.00061788 -1.40000 10.00860 0.6286065578 2.3394999222    0.628 -0.559  3.7327  4.678    1  0.000  0.544     0.00     0.00     0.00     0.00     0.00 -1    -2e-14      0.00 7.942e-01 2.053e-01 9.841e-05 2.659e-05 2.414e-04 -1.000 5.766e-04 6.169 7.502 6.601 6.098 5.942 5.886 5.872
0.00061788 -1.40000 10.00860 0.6429039836 2.3479837160    0.643 -0.500  3.7411  4.663    1  0.000  0.543     0.00     0.00     0.00     0.00     0.00 -1 -2.31e-14      0.00 7.974e-01 2.021e-01 9.710e-05 2.624e-05 2.383e-04 -1.000 5.266e-04 6.021 7.265 6.422 5.950 5.806 5.759 5.749
0.00061788 -1.40000 10.00860 0.6499999762 2.3520353107    0.650 -0.471  3.7453  4.655    1  0.000  0.543     0.00     0.00     0.00     0.00     0.00 -1 -2.47e-14      0.00 7.990e-01 2.004e-01 9.644e-05 2.606e-05 2.367e-04 -1.000 5.433e-04 5.947 7.151 6.335 5.877 5.740 5.698 5.689
0.00061788 -1.40000 10.00860 0.6642465591 2.3598699183    0.664 -0.411  3.7528  4.635    1  0.000  0.543     0.00     0.00     0.00     0.00     0.00 -1 -2.87e-14      0.00 8.031e-01 1.964e-01 9.480e-05 2.563e-05 2.328e-04 -1.000 5.248e-04 5.798 6.929 6.161 5.732 5.607 5.573 5.568
0.00061788 -1.40000 10.00860 0.6786690354 2.3674171879    0.678 -0.351  3.7603  4.613    1  0.000  0.543     0.00     0.00     0.00     0.00     0.00 -1 -3.35e-14      0.00 8.076e-01 1.919e-01 9.303e-05 2.515e-05 2.285e-04 -1.000 5.221e-04 5.647 6.708 5.986 5.586 5.473 5.446 5.444
0.00061788 -1.40000 10.00860 0.6923606396 2.3742484361    0.692 -0.292  3.7672  4.591    1  0.000  0.542     0.00     0.00     0.00     0.00     0.00 -1 -3.89e-14      0.00 8.121e-01 1.873e-01 9.122e-05 2.468e-05 2.242e-04 -1.000 5.223e-04 5.501 6.508 5.821 5.447 5.344 5.324 5.325
0.00061788 -1.40000 10.00860 0.6999999881 2.3779266974    0.700 -0.259  3.7709  4.578    1  0.000  0.542     0.00     0.00     0.00     0.00     0.00 -1 -4.24e-14      0.00 8.148e-01 1.847e-01 9.016e-05 2.439e-05 2.217e-04 -1.000 5.222e-04 5.418 6.396 5.729 5.368 5.271 5.255 5.257
0.00061788 -1.40000 10.00860 0.7044795752 2.3800409497    0.704 -0.240  3.7730  4.569    1  0.000  0.541     0.00     0.00     0.00     0.00     0.00 -1 -4.47e-14      0.00 8.168e-01 1.827e-01 8.926e-05 2.418e-05 2.198e-04 -1.000 5.201e-04 5.369 6.332 5.675 5.321 5.228 5.213 5.217
0.00061788 -1.40000 10.00860 0.7140850425 2.3844718239    0.714 -0.197  3.7774  4.550    1  0.000  0.540     0.00     0.00     0.00     0.00     0.00 -1 -5.01e-14      0.00 8.213e-01 1.782e-01 8.725e-05 2.370e-05 2.156e-04 -1.000 4.993e-04 5.262 6.193 5.557 5.219 5.133 5.123 5.127
0.00061788 -1.40000 10.00860 0.7232038975 2.3885532293    0.723 -0.155  3.7815  4.530    1  0.000  0.538     0.00     0.00     0.00     0.00     0.00 -1  -5.6e-14      0.00 8.259e-01 1.737e-01 8.527e-05 2.322e-05 2.113e-04 -1.000 4.384e-04 5.158 6.062 5.443 5.121 5.040 5.034 5.041
0.00061788 -1.40000 10.00860 0.7354500890 2.3938516719    0.735 -0.098  3.7868  4.501    1  0.000  0.535     0.00     0.00     0.00     0.00     0.00 -1 -6.55e-14      0.00 8.322e-01 1.674e-01 8.257e-05 2.256e-05 2.055e-04 -1.000 4.254e-04 5.014 5.888 5.287 4.984 4.911 4.910 4.919
0.00061788 -1.40000 10.00860 0.7467653155 2.3985701065    0.746 -0.042  3.7915  4.471    1  0.000  0.533     0.00     0.00     0.00     0.00     0.00 -1 -7.64e-14      0.00 8.380e-01 1.616e-01 8.005e-05 2.195e-05 2.001e-04 -1.000 4.221e-04 4.876 5.723 5.138 4.851 4.786 4.790 4.799
0.00061788 -1.40000 10.00860 0.7500000000 2.3998889087    0.750 -0.026  3.7928  4.462    1  0.000  0.533     0.00     0.00     0.00     0.00     0.00 -1    -8e-14      0.00 8.396e-01 1.599e-01 7.934e-05 2.177e-05 1.985e-04 -1.000 4.222e-04 4.836 5.676 5.095 4.812 4.749 4.754 4.764
0.00061788 -1.40000 10.00860 0.7512797713 2.4004070757    0.751 -0.020  3.7933  4.459    1  0.000  0.533     0.00     0.00     0.00     0.00     0.00 -1 -8.14e-14      0.00 8.401e-01 1.594e-01 7.916e-05 2.172e-05 1.981e-04 -1.000 4.234e-04 4.820 5.658 5.077 4.797 4.735 4.740 4.750
0.00061788 -1.40000 10.00860 0.7629102468 2.4050246482    0.762  0.041  3.7977  4.422    1  0.000  0.532     0.00     0.00     0.00     0.00     0.00 -1 -9.67e-14      0.00 8.443e-01 1.552e-01 7.769e-05 2.134e-05 1.947e-04 -1.000 4.238e-04 4.668 5.483 4.915 4.650 4.595 4.605 4.617
0.00061788 -1.40000 10.00860 0.7737059593 2.4091682374    0.773  0.101  3.8017  4.384    1  0.000  0.531     0.00     0.00     0.00     0.00     0.00 -1 -1.15e-13      0.00 8.478e-01 1.518e-01 7.651e-05 2.103e-05 1.920e-04 -1.000 4.222e-04 4.518 5.313 4.755 4.505 4.456 4.469 4.482
0.00061788 -1.40000 10.00860 0.7833184600 2.4127473599    0.783  0.158  3.8052  4.346    1  0.000  0.530     0.00     0.00     0.00     0.00     0.00 -1 -1.36e-13      0.00 8.506e-01 1.490e-01 7.564e-05 2.080e-05 1.901e-04 -1.000 4.222e-04 4.375 5.154 4.602 4.365 4.322 4.339 4.353
0.00061788 -1.40000 10.00860 0.7921752930 2.4159568508    0.791  0.214  3.8082  4.307    1  0.000  0.530     0.00     0.00     0.00     0.00     0.00 -1 -1.61e-13      0.00 8.529e-01 1.467e-01 7.498e-05 2.063e-05 1.886e-04 -1.000 4.221e-04 4.234 4.999 4.453 4.226 4.188 4.208 4.223
0.00061788 -1.40000 10.00860 0.8000000119 2.4187244405    0.799  0.267  3.8105  4.267    1  0.000  0.529     0.00     0.00     0.00     0.00     0.00 -1  -1.9e-13      0.00 8.546e-01 1.449e-01 7.449e-05 2.051e-05 1.875e-04 -1.000 4.251e-04 4.102 4.856 4.314 4.096 4.062 4.083 4.099
0.00061788 -1.40000 10.00860 0.8086535931 2.4217135832    0.808  0.329  3.8128  4.219    1  0.000  0.529     0.00     0.00     0.00     0.00     0.00 -1  -2.3e-13      0.00 8.540e-01 1.455e-01 7.499e-05 2.065e-05 1.889e-04 -1.000 4.803e-04 3.946 4.691 4.151 3.942 3.912 3.936 3.952
0.00061788 -1.40000 10.00860 0.8158193827 2.4241336910    0.815  0.386  3.8139  4.171    1  0.000  0.529     0.00     0.00     0.00     0.00     0.00 -1 -2.76e-13      0.00 8.521e-01 1.474e-01 7.593e-05 2.091e-05 1.912e-04 -1.000 4.917e-04 3.806 4.545 4.005 3.801 3.773 3.798 3.815
0.00061788 -1.40000 10.00860 0.8160387874 2.4242070199    0.815  0.387  3.8140  4.169    1  0.000  0.529     0.00     0.00     0.00     0.00     0.00 -1 -2.78e-13      0.00 8.520e-01 1.475e-01 7.596e-05 2.092e-05 1.913e-04 -1.000 4.916e-04 3.801 4.540 4.000 3.797 3.769 3.794 3.811
0.00061788 -1.40000 10.00860 0.8181561232 2.4249123469    0.817  0.406  3.8139  4.152    1  0.000  0.529     0.00     0.00     0.00     0.00     0.00 -1 -2.96e-13      0.00 8.514e-01 1.481e-01 7.626e-05 2.100e-05 1.921e-04 -1.000 4.916e-04 3.755 4.494 3.953 3.750 3.722 3.747 3.764
0.00061788 -1.40000 10.00860 0.8241874576 2.4268986810    0.823  0.462  3.8126  4.094    1  0.000  0.529     0.00     0.00     0.00     0.00     0.00 -1 -3.57e-13      0.00 8.497e-01 1.498e-01 7.711e-05 2.124e-05 1.942e-04 -1.000 4.916e-04 3.615 4.356 3.813 3.607 3.578 3.602 3.618
0.00061788 -1.40000 10.00860 0.8292319775 2.4285345280    0.828  0.516  3.8093  4.029    1  0.000  0.529     0.00     0.00     0.00     0.00     0.00 -1 -4.34e-13      0.00 8.482e-01 1.513e-01 7.782e-05 2.143e-05 1.960e-04 -1.000 4.917e-04 3.480 4.232 3.684 3.468 3.435 3.455 3.470
0.00061788 -1.40000 10.00860 0.8300865889 2.4288093991    0.829  0.526  3.8085  4.016    1  0.000  0.529     0.00     0.00     0.00     0.00     0.00 -1 -4.54e-13      0.00 8.480e-01 1.515e-01 7.794e-05 2.146e-05 1.963e-04 -1.000 4.916e-04 3.455 4.210 3.660 3.442 3.408 3.428 3.442
0.00061788 -1.40000 10.00860 0.8316236734 2.4293021413    0.830  0.546  3.8060  3.987    2  0.000  0.529     0.00     0.00     0.00     0.00     0.00 -1  -4.9e-13      0.00 8.476e-01 1.519e-01 7.815e-05 2.152e-05 1.968e-04 -1.000 4.916e-04 3.405 4.170 3.615 3.390 3.352 3.369 3.383
0.00061788 -1.40000 10.00860 0.8346341252 2.4302611557    0.833  0.589  3.7992  3.919    2  0.000  0.529     0.00     0.00     0.00     0.00     0.00 -1 -5.81e-13      0.00 8.467e-01 1.528e-01 7.857e-05 2.164e-05 1.979e-04 -1.000 4.917e-04 3.298 4.090 3.522 3.276 3.228 3.239 3.250
0.00061788 -1.40000 10.00860 0.8367961049 2.4309449858    0.835  0.624  3.7911  3.853    2  0.000  0.529     0.00     0.00     0.00     0.00     0.00 -1 -6.79e-13      0.00 8.453e-01 1.542e-01 7.939e-05 2.186e-05 1.999e-04 -1.000 4.841e-04 3.211 4.040 3.454 3.182 3.121 3.124 3.133
0.00061788 -1.40000 10.00860 0.8384075761 2.4314520539    0.837  0.652  3.7819  3.788    2  0.000  0.530     0.00     0.00     0.00     0.00     0.00 -1  -7.8e-13      0.00 8.361e-01 1.634e-01 8.379e-05 2.305e-05 2.106e-04 -1.000 4.856e-04 3.140 4.017 3.406 3.103 3.029 3.023 3.028
0.00061788 -1.40000 10.00860 0.8399064541 2.4319216852    0.838  0.679  3.7709  3.718    2  0.000  0.532     0.00     0.00     0.00     0.00     0.00 -1 -9.01e-13      0.00 8.132e-01 1.863e-01 9.295e-05 2.551e-05 2.327e-04 -1.000 4.889e-04 3.072 4.016 3.368 3.028 2.936 2.919 2.920
0.00061788 -1.40000 10.00860 0.8409730196 2.4322546914    0.839  0.701  3.7617  3.659    2  0.000  0.535     0.00     0.00     0.00     0.00     0.00 -1 -1.01e-12      0.00 7.899e-01 2.096e-01 1.011e-04 2.768e-05 2.520e-04 -1.000 5.828e-04 3.017 4.023 3.340 2.968 2.862 2.835 2.833
0.00061788 -1.40000 10.00860 0.8419469595 2.4325579304    0.840  0.730  3.7532  3.597    2  0.000  0.536     0.00     0.00     0.00     0.00     0.00 -1 -1.16e-12      0.00 7.768e-01 2.226e-01 1.057e-04 2.890e-05 2.629e-04 -1.000 5.856e-04 2.944 4.015 3.295 2.892 2.773 2.738 2.732
0.00061788 -1.40000 10.00860 0.8427043557 2.4327931909    0.841  0.764  3.7473  3.540    2  0.000  0.536     0.00     0.00     0.00     0.00     0.00 -1 -1.34e-12      0.00 7.706e-01 2.287e-01 1.078e-04 2.949e-05 2.681e-04 -1.000 6.139e-04 2.861 3.977 3.231 2.808 2.680 2.639 2.631
0.00061788 -1.40000 10.00860 0.8434312344 2.4330185151    0.841  0.805  3.7426  3.481    2  0.000  0.537     0.00     0.00     0.00     0.00     0.00 -1 -1.57e-12      0.00 7.665e-01 2.329e-01 1.093e-04 2.987e-05 2.715e-04 -1.000 5.833e-04 2.758 3.912 3.145 2.706 2.570 2.524 2.514
0.00061788 -1.40000 10.00860 0.8435482383 2.4330547433    0.841  0.813  3.7420  3.470    2  0.000  0.537     0.00     0.00     0.00     0.00     0.00 -1 -1.62e-12      0.00 7.660e-01 2.334e-01 1.094e-04 2.991e-05 2.719e-04 -1.000 5.962e-04 2.737 3.895 3.126 2.685 2.549 2.502 2.491
0.00061788 -1.40000 10.00860 0.8441641331 2.4332452538    0.842  0.859  3.7392  3.413    3  0.000  0.537     0.00     0.00     0.00     0.00     0.00 -1 -1.92e-12      0.00 7.635e-01 2.359e-01 1.102e-04 3.011e-05 2.737e-04 -1.000 6.365e-04 2.623 3.804 3.021 2.571 2.430 2.380 2.368
0.00061788 -1.40000 10.00860 0.8446830511 2.4334055192    0.842  0.901  3.7370  3.363    3  0.000  0.537     0.00     0.00     0.00     0.00     0.00 -1 -2.25e-12      0.00 7.615e-01 2.379e-01 1.107e-04 3.025e-05 2.749e-04 -1.000 6.311e-04 2.518 3.718 2.924 2.467 2.323 2.271 2.257
0.00061788 -1.40000 10.00860 0.8452589512 2.4335831183    0.843  0.951  3.7349  3.304    3  0.000  0.537     0.00     0.00     0.00     0.00     0.00 -1  -2.7e-12      0.00 7.593e-01 2.401e-01 1.112e-04 3.038e-05 2.760e-04 -1.000 6.390e-04 2.392 3.610 2.805 2.342 2.194 2.140 2.125
0.00061788 -1.40000 10.00860 0.8457912207 2.4337470151    0.843  1.002  3.7330  3.246    3  0.000  0.537     0.00     0.00     0.00     0.00     0.00 -1 -3.24e-12      0.00 7.573e-01 2.421e-01 1.115e-04 3.049e-05 2.770e-04 -1.000 6.260e-04 2.265 3.499 2.686 2.216 2.066 2.009 1.993
0.00061788 -1.40000 10.00860 0.8463253379 2.4339112425    0.844  1.057  3.7312  3.184    3  0.000  0.536     0.00     0.00     0.00     0.00     0.00 -1 -3.95e-12      0.00 7.552e-01 2.442e-01 1.116e-04 3.061e-05 2.778e-04 -1.000 6.016e-04 2.127 3.377 2.555 2.080 1.927 1.867 1.851
0.00061788 -1.40000 10.00860 0.8467983603 2.4340564860    0.844  1.110  3.7295  3.124    3  0.000  0.534     0.00     0.00     0.00     0.00     0.00 -1 -4.79e-12      0.00 7.533e-01 2.461e-01 1.115e-04 3.081e-05 2.783e-04 -1.000 6.095e-04 1.994 3.258 2.428 1.948 1.792 1.730 1.713
0.00061788 -1.40000 10.00860 0.8471997380 2.4341795843    0.845  1.160  3.7279  3.069    3  0.000  0.532     0.00     0.00     0.00     0.00     0.00 -1 -5.71e-12      0.00 7.516e-01 2.478e-01 1.111e-04 3.114e-05 2.788e-04 -1.000 6.337e-04 1.871 3.149 2.311 1.826 1.668 1.605 1.586
0.00061788 -1.40000 10.00860 0.8475138545 2.4342758270    0.845  1.201  3.7266  3.022    3  0.000  0.529     0.00     0.00     0.00     0.00     0.00 -1 -6.62e-12      0.00 7.503e-01 2.490e-01 1.105e-04 3.160e-05 2.790e-04 -1.000 6.367e-04 1.767 3.057 2.213 1.724 1.564 1.499 1.480
0.00061788 -1.40000 10.00860 0.8478617668 2.4343823288    0.845  1.251  3.7250  2.966    3  0.000  0.524     0.00     0.00     0.00     0.00     0.00 -1 -7.93e-12      0.00 7.490e-01 2.504e-01 1.097e-04 3.241e-05 2.793e-04 -1.000 6.262e-04 1.642 2.947 2.094 1.600 1.437 1.370 1.350
0.00061788 -1.40000 10.00860 0.8481943011 2.4344840292    0.845  1.304  3.7232  2.906    3  0.000  0.519     0.00     0.00     0.00     0.00     0.00 -1 -9.58e-12      0.00 7.478e-01 2.516e-01 1.087e-04 3.349e-05 2.796e-04 -1.000 6.340e-04 1.511 2.832 1.970 1.470 1.304 1.236 1.215
0.00061788 -1.40000 10.00860 0.8484955430 2.4345760802    0.845  1.355  3.7215  2.847    3  0.000  0.514     0.00     0.00     0.00     0.00     0.00 -1 -1.16e-11      0.00 7.468e-01 2.526e-01 1.077e-04 3.462e-05 2.797e-04 -1.000 6.476e-04 1.381 2.719 1.847 1.341 1.173 1.102 1.080
0.00061788 -1.40000 10.00860 0.8487585187 2.4346563767    0.846  1.405  3.7197  2.791    3  0.000  0.510     0.00     0.00     0.00     0.00     0.00 -1 -1.38e-11      0.00 7.460e-01 2.533e-01 1.069e-04 3.556e-05 2.799e-04 -1.000 6.325e-04 1.257 2.611 1.730 1.219 1.048 0.975 0.952
0.00061788 -1.40000 10.00860 0.8489962816 2.4347289255    0.846  1.454  3.7179  2.735    3  0.000  0.507     0.00     0.00     0.00     0.00     0.00 -1 -1.65e-11      0.00 7.455e-01 2.539e-01 1.064e-04 3.627e-05 2.800e-04 -1.000 6.087e-04 1.135 2.508 1.616 1.098 0.924 0.849 0.825
0.00061788 -1.40000 10.00860 0.8492101431 2.4347941414    0.846  1.502  3.7161  2.680    3  0.000  0.505     0.00     0.00     0.00     0.00     0.00 -1 -1.97e-11      0.00 7.452e-01 2.542e-01 1.060e-04 3.677e-05 2.800e-04 -1.000 6.246e-04 1.014 2.405 1.503 0.979 0.802 0.725 0.700
0.00061788 -1.40000 10.00860 0.8494087458 2.4348546703    0.846  1.551  3.7143  2.623    3  0.000  0.504     0.00     0.00     0.00     0.00     0.00 -1 -2.35e-11      0.00 7.449e-01 2.545e-01 1.057e-04 3.711e-05 2.801e-04 -1.000 6.524e-04 0.892 2.302 1.389 0.859 0.679 0.599 0.573
0.00061788 -1.40000 10.00860 0.8495844603 2.4349081964    0.846  1.599  3.7124  2.568    3  0.000  0.503     0.00     0.00     0.00     0.00     0.00 -1 -2.79e-11      0.00 7.448e-01 2.546e-01 1.056e-04 3.726e-05 2.801e-04 -1.000 6.525e-04 0.774 2.203 1.280 0.743 0.559 0.477 0.451
0.00061788 -1.40000 10.00860 0.8497483730 2.4349581045    0.846  1.647  3.7104  2.512    3  0.000  0.503     0.00     0.00     0.00     0.00     0.00 -1 -3.32e-11      0.00 7.447e-01 2.546e-01 1.055e-04 3.730e-05 2.801e-04 -1.000 6.526e-04 0.653 2.103 1.168 0.624 0.438 0.353 0.326
0.00061788 -1.40000 10.00860 0.8498933315 2.4350022230    0.846  1.693  3.7085  2.458    3  0.000  0.503     0.00     0.00     0.00     0.00     0.00 -1 -3.94e-11      0.00 7.447e-01 2.546e-01 1.055e-04 3.732e-05 2.801e-04 -1.000 6.527e-04 0.537 2.010 1.061 0.510 0.320 0.233 0.204
0.00061788 -1.40000 10.00860 0.8499999642 2.4350346659    0.846  1.730  3.7069  2.414    3  0.000  0.503     0.00     0.00     0.00     0.00     0.00 -1 -4.51e-11      0.00 7.447e-01 2.547e-01 1.055e-04 3.733e-05 2.801e-04 -1.000 6.528e-04 0.444 1.938 0.977 0.418 0.226 0.137 0.108
0.00061788 -1.40000 10.00860 0.8500774503 2.4350582350    0.846  1.758  3.7057  2.382    3  0.000  0.503     0.00     0.00     0.00     0.00     0.00 -1    -5e-11      0.00 7.447e-01 2.547e-01 1.055e-04 3.733e-05 2.801e-04 -1.000 6.528e-04 0.374 1.884 0.913 0.349 0.155 0.065 0.034
0.00061788 -1.40000 10.00860 0.8501929045 2.4350933439    0.845  1.803  3.7037  2.328    3  0.000  0.503     0.00     0.00     0.00     0.00     0.00 -1  -5.9e-11      0.00 7.447e-01 2.547e-01 1.055e-04 3.735e-05 2.801e-04 -1.000 6.528e-04 0.261 1.797 0.810 0.238 0.040 -0.052 -0.084
0.00061788 -1.40000 10.00860 0.8503003716 2.4351260142    0.845  1.849  3.7016  2.275    3  0.000  0.503     0.00     0.00     0.00     0.00     0.00 -1 -6.97e-11      0.00 7.447e-01 2.547e-01 1.055e-04 3.736e-05 2.801e-04 -1.000 6.528e-04 0.148 1.710 0.707 0.126 -0.075 -0.170 -0.203
0.00061788 -1.40000 10.00860 0.8503974080 2.4351555053    0.845  1.893  3.6996  2.222    3  0.000  0.503     0.00     0.00     0.00     0.00     0.00 -1  -8.2e-11      0.00 7.447e-01 2.547e-01 1.055e-04 3.737e-05 2.801e-04 -1.000 6.527e-04 0.037 1.626 0.607 0.018 -0.187 -0.285 -0.318
0.00061788 -1.40000 10.00860 0.8504884839 2.4351831778    0.845  1.938  3.6974  2.169    3  0.000  0.503     0.00     0.00     0.00     0.00     0.00 -1 -9.65e-11      0.00 7.447e-01 2.547e-01 1.055e-04 3.738e-05 2.801e-04 -1.000 6.528e-04 -0.074 1.545 0.508 -0.091 -0.299 -0.400 -0.434
0.00061788 -1.40000 10.00860 0.8505764008 2.4352098841    0.844  1.983  3.6952  2.115    3  0.000  0.503     0.00     0.00     0.00     0.00     0.00 -1 -1.14e-10      0.00 7.447e-01 2.547e-01 1.055e-04 3.739e-05 2.801e-04 -1.000 6.527e-04 -0.187 1.463 0.408 -0.201 -0.414 -0.517 -0.553
0.00061788 -1.40000 10.00860 0.8506604433 2.4352354075    0.844  2.025  3.6931  2.063    3  0.000  0.503     0.00     0.00     0.00     0.00     0.00 -1 -1.34e-10      0.00 7.447e-01 2.547e-01 1.055e-04 3.740e-05 2.802e-04 -1.000 6.527e-04 -0.294 1.386 0.314 -0.304 -0.521 -0.627 -0.664
0.00061788 -1.40000 10.00860 0.8507663012 2.4352675479    0.844  2.062  3.6914  2.019    3  0.000  0.503     0.00     0.00     0.00     0.00     0.00 -1 -1.54e-10      0.00 7.446e-01 2.547e-01 1.055e-04 3.741e-05 2.802e-04 -1.000 6.527e-04 -0.386 1.318 0.231 -0.394 -0.614 -0.722 -0.760
0.00061788 -1.40000 10.00860 0.8507983685 2.4352772823    0.843  2.052  3.6921  2.032    3  0.000  0.503     0.00     0.00     0.00     0.00     0.00 -1 -1.49e-10      0.00 7.446e-01 2.547e-01 1.055e-04 3.742e-05 2.802e-04 -1.000 6.528e-04 -0.360 1.334 0.253 -0.370 -0.588 -0.695 -0.733
0.00061788 -1.40000 10.00860 0.8508384228 2.4352894401    0.843  2.038  3.6931  2.051    3  0.000  0.503     0.00     0.00     0.00     0.00     0.00 -1 -1.41e-10      0.00 7.446e-01 2.547e-01 1.055e-04 3.742e-05 2.802e-04 -1.000 6.528e-04 -0.324 1.357 0.284 -0.335 -0.551 -0.657 -0.694
0.00061788 -1.40000 10.00860 0.8508685231 2.4352985756    0.843  2.059  3.6920  2.025    3  0.000  0.503     0.00     0.00     0.00     0.00     0.00 -1 -1.52e-10      0.00 7.446e-01 2.547e-01 1.055e-04 3.742e-05 2.802e-04 -1.000 6.528e-04 -0.377 1.319 0.237 -0.386 -0.605 -0.712 -0.749
0.00061788 -1.40000 10.00860 0.8509272933 2.4353164104    0.843  2.101  3.6898  1.974    3  0.000  0.503     0.00     0.00     0.00     0.00     0.00 -1 -1.76e-10      0.00 7.446e-01 2.547e-01 1.054e-04 3.743e-05 2.802e-04 -1.000 6.527e-04 -0.482 1.247 0.145 -0.489 -0.711 -0.821 -0.860
0.00061788 -1.40000 10.00860 0.8509811759 2.4353327595    0.842  2.142  3.6876  1.924    3  0.000  0.503     0.00     0.00     0.00     0.00     0.00 -1 -2.05e-10      0.00 7.446e-01 2.547e-01 1.054e-04 3.744e-05 2.802e-04 -1.000 6.528e-04 -0.585 1.182 0.057 -0.587 -0.814 -0.927 -0.967
0.00061788 -1.40000 10.00860 0.8510327935 2.4353484192    0.842  2.184  3.6854  1.873    3  0.000  0.503     0.00     0.00     0.00     0.00     0.00 -1  -2.4e-10      0.00 7.446e-01 2.547e-01 1.054e-04 3.744e-05 2.802e-04 -1.000 6.527e-04 -0.690 1.118 -0.033 -0.688 -0.919 -1.035 -1.077
0.00061788 -1.40000 10.00860 0.8510786891 2.4353623410    0.841  2.224  3.6832  1.824    3  0.000  0.503     0.00     0.00     0.00     0.00     0.00 -1 -2.78e-10      0.00 7.446e-01 2.547e-01 1.054e-04 3.745e-05 2.802e-04 -1.000 6.527e-04 -0.790 1.067 -0.117 -0.787 -1.021 -1.140 -1.183
0.00061788 -1.40000 10.00860 0.8511220813 2.4353755019    0.841  2.265  3.6809  1.774    3  0.000  0.502     0.00     0.00     0.00     0.00     0.00 -1 -3.24e-10      0.00 7.446e-01 2.547e-01 1.054e-04 3.745e-05 2.802e-04 -1.000 6.528e-04 -0.892 1.017 -0.202 -0.887 -1.125 -1.246 -1.291
0.00061788 -1.40000 10.00860 0.8511608243 2.4353872514    0.840  2.303  3.6787  1.726    3  0.000  0.502     0.00     0.00     0.00     0.00     0.00 -1 -3.75e-10      0.00 7.446e-01 2.547e-01 1.054e-04 3.746e-05 2.802e-04 -1.000 6.528e-04 -0.989 0.975 -0.281 -0.982 -1.224 -1.348 -1.394
0.00061788 -1.40000 10.00860 0.8511971235 2.4353982587    0.840  2.342  3.6764  1.677    3  0.000  0.502     0.00     0.00     0.00     0.00     0.00 -1 -4.33e-10      0.00 7.446e-01 2.547e-01 1.054e-04 3.746e-05 2.802e-04 -1.000 6.527e-04 -1.086 0.934 -0.360 -1.077 -1.323 -1.450 -1.497
0.00061788 -1.40000 10.00860 0.8512306809 2.4354084336    0.839  2.381  3.6741  1.629    3  0.000  0.502     0.00     0.00     0.00     0.00     0.00 -1    -5e-10      0.00 7.446e-01 2.547e-01 1.054e-04 3.746e-05 2.802e-04 -1.000 6.527e-04 -1.182 0.897 -0.436 -1.171 -1.421 -1.551 -1.600
0.00061788 -1.40000 10.00860 0.8512619734 2.4354179208    0.839  2.419  3.6717  1.581    3  0.000  0.502     0.00     0.00     0.00     0.00     0.00 -1 -5.78e-10      0.00 7.446e-01 2.547e-01 1.054e-04 3.747e-05 2.802e-04 -1.000 6.528e-04 -1.278 0.866 -0.510 -1.264 -1.518 -1.651 -1.702
0.00061788 -1.40000 10.00860 0.8512969017 2.4354285095    0.838  2.466  3.6689  1.523    3  0.000  0.502     0.00     0.00     0.00     0.00     0.00 -1 -6.88e-10      0.00 7.446e-01 2.547e-01 1.054e-04 3.747e-05 2.802e-04 -1.000 6.528e-04 -1.394 0.830 -0.599 -1.376 -1.635 -1.772 -1.825
0.00061788 -1.40000 10.00860 0.8513236642 2.4354366220    0.837  2.504  3.6664  1.475    3  0.000  0.502     7.18     5.66     4.02     3.10     2.51  3 -7.93e-10      0.00 7.446e-01 2.547e-01 1.054e-04 3.747e-05 2.802e-04 -1.000 6.527e-04 -1.489 0.811 -0.667 -1.466 -1.731 -1.871 -1.925
0.00061788 -1.40000 10.00860 0.8513536453 2.4354457095    0.836  2.550  3.6636  1.417    3  0.000  0.502     8.11     6.28     4.44     3.43     2.78  3 -9.44e-10      0.00 7.446e-01 2.547e-01 1.054e-04 3.748e-05 2.802e-04 -1.000 6.527e-04 -1.604 0.791 -0.750 -1.576 -1.847 -1.991 -2.047
0.00061788 -1.40000 10.00860 0.8513812423 2.4354540736    0.835  2.595  3.6606  1.359    3  0.000  0.502     9.17     6.97     4.90     3.80     3.07  3 -1.12e-09      0.00 7.446e-01 2.547e-01 1.054e-04 3.748e-05 2.802e-04 -1.000 6.527e-04 -1.718 0.783 -0.827 -1.683 -1.961 -2.109 -2.168
0.00061788 -1.40000 10.00860 0.8514069319 2.4354618591    0.834  2.641  3.6576  1.300    3  0.000  0.502    10.37     7.75     5.42     4.20     3.41  3 -1.33e-09      0.00 7.446e-01 2.547e-01 1.054e-04 3.748e-05 2.802e-04 -1.000 6.526e-04 -1.833 0.778 -0.902 -1.790 -2.075 -2.227 -2.289
0.00061788 -1.40000 10.00860 0.8514298201 2.4354687952    0.832  2.685  3.6546  1.243    3  0.000  0.502    11.68     8.58     5.98     4.64     3.76  3 -1.58e-09      0.00 7.446e-01 2.547e-01 1.054e-04 3.749e-05 2.802e-04 -1.000 6.527e-04 -1.943 0.755 -0.977 -1.889 -2.182 -2.339 -2.403
0.00061788 -1.40000 10.00860 0.8514510393 2.4354752251    0.831  2.729  3.6515  1.186    3  0.000  0.502    13.18     9.51     6.59     5.13     4.16  3 -1.87e-09      0.00 7.446e-01 2.547e-01 1.054e-04 3.749e-05 2.802e-04 -1.000 6.527e-04 -2.053 0.738 -1.049 -1.987 -2.288 -2.451 -2.517
0.00061788 -1.40000 10.00860 0.8514711857 2.4354813295    0.829  2.774  3.6484  1.128    3  0.000  0.502    14.89    10.56     7.29     5.68     4.60  2 -2.22e-09      0.00 7.446e-01 2.547e-01 1.054e-04 3.749e-05 2.802e-04 -1.000 6.528e-04 -2.166 0.719 -1.123 -2.086 -2.396 -2.564 -2.633
0.00061788 -1.40000 10.00860 0.8514885902 2.4354866029    0.827  2.816  3.6455  1.073    3  0.000  0.502    16.70    11.65     8.00     6.24     5.06  2  -2.6e-09      0.00 7.446e-01 2.547e-01 1.054e-04 3.749e-05 2.802e-04 -1.000 6.527e-04 -2.271 0.704 -1.190 -2.178 -2.496 -2.669 -2.740
0.00061788 -1.40000 10.00860 0.8515051007 2.4354916052    0.825  2.859  3.6424  1.018    3  0.000  0.502    18.77    12.87     8.80     6.88     5.58  2 -3.06e-09      0.00 7.446e-01 2.547e-01 1.054e-04 3.749e-05 2.802e-04 -1.000 6.527e-04 -2.377 0.693 -1.256 -2.270 -2.596 -2.775 -2.848
0.00061788 -1.40000 10.00860 0.8515205383 2.4354962823    0.823  2.901  3.6394  0.962    3  0.000  0.502    21.11    14.23     9.69     7.58     6.15  2 -3.61e-09      0.00 7.446e-01 2.548e-01 1.054e-04 3.750e-05 2.802e-04 -1.000 6.527e-04 -2.483 0.687 -1.318 -2.361 -2.697 -2.882 -2.958
0.00061788 -1.40000 10.00860 0.8515344262 2.4355004896    0.821  2.942  3.6365  0.908    3  0.000  0.502    23.64    15.68    10.63     8.33     6.76  2 -4.22e-09      0.00 7.446e-01 2.548e-01 1.054e-04 3.750e-05 2.802e-04 -1.000 6.528e-04 -2.586 0.688 -1.374 -2.447 -2.793 -2.983 -3.062
0.00061788 -1.40000 10.00860 0.8515473604 2.4355044079    0.819  2.983  3.6333  0.854    3  0.000  0.502    26.50    17.28    11.66     9.16     7.43  2 -4.95e-09      0.00 7.446e-01 2.548e-01 1.054e-04 3.750e-05 2.802e-04 -1.000 6.528e-04 -2.687 0.694 -1.425 -2.530 -2.887 -3.083 -3.165
0.00061788 -1.40000 10.00860 0.8515598774 2.4355081997    0.816  3.025  3.6303  0.798    3  0.000  0.502    29.79    19.10    12.83    10.09     8.19  1 -5.82e-09      0.00 7.446e-01 2.548e-01 1.054e-04 3.750e-05 2.802e-04 -1.000 6.528e-04 -2.792 0.698 -1.479 -2.617 -2.984 -3.187 -3.271
0.00061788 -1.40000 10.00860 0.8515710831 2.4355115941    0.813  3.065  3.6274  0.745    3  0.000  0.502    33.29    21.00    14.04    11.06     8.98  1 -6.79e-09      0.00 7.446e-01 2.548e-01 1.054e-04 3.750e-05 2.802e-04 -1.000 6.527e-04 -2.892 0.700 -1.529 -2.697 -3.075 -3.285 -3.371
0.00061788 -1.40000 10.00860 0.8515816331 2.4355147898    0.810  3.105  3.6242  0.690    3  0.000  0.502    37.32    23.15    15.41    12.16     9.87  1 -7.94e-09      0.00 7.446e-01 2.548e-01 1.054e-04 3.750e-05 2.802e-04 -1.000 6.528e-04 -2.992 0.708 -1.575 -2.777 -3.166 -3.382 -3.472
0.00061788 -1.40000 10.00860 0.8515917063 2.4355178410    0.806  3.145  3.6212  0.636    3  0.000  0.502    41.85    25.52    16.92    13.37    10.86  1 -9.31e-09      0.00 7.446e-01 2.548e-01 1.054e-04 3.750e-05 2.802e-04 -1.000 6.527e-04 -3.093 0.712 -1.624 -2.858 -3.258 -3.481 -3.573
0.00061788 -1.40000 10.00860 0.8516010642 2.4355206755    0.802  3.185  3.6182  0.582    3  0.000  0.502    46.84    28.09    18.54    14.67    11.92  1 -1.09e-08      0.00 7.446e-01 2.548e-01 1.054e-04 3.751e-05 2.802e-04 -1.000 6.527e-04 -3.192 0.715 -1.670 -2.936 -3.348 -3.578 -3.672
0.00061788 -1.40000 10.00860 0.8516098857 2.4355233474    0.798  3.225  3.6151  0.528    3  0.000  0.502    52.46    30.93    20.32    16.11    13.09  1 -1.27e-08      0.00 7.446e-01 2.548e-01 1.054e-04 3.751e-05 2.802e-04 -1.000 6.527e-04 -3.291 0.719 -1.713 -3.013 -3.437 -3.673 -3.770
0.00061788 -1.40000 10.00860 0.8516181111 2.4355258387    0.793  3.263  3.6122  0.475    3  0.000  0.502    58.65    34.00    22.24    17.66    14.35  1 -1.48e-08      0.00 7.446e-01 2.548e-01 1.054e-04 3.751e-05 2.802e-04 -1.000 6.527e-04 -3.388 0.722 -1.750 -3.086 -3.523 -3.766 -3.867
0.00061788 -1.40000 10.00860 0.8516260386 2.4355282397    0.788  3.300  3.6094  0.424    3  0.000  0.502    65.25    37.22    24.24    19.28    15.67  1 -1.72e-08      0.00 7.446e-01 2.548e-01 1.054e-04 3.751e-05 2.802e-04 -1.000 6.528e-04 -3.481 0.721 -1.780 -3.153 -3.604 -3.855 -3.958
0.00061788 -1.40000 10.00860 0.8516278863 2.4355287994    0.787  3.308  3.6088  0.413    3  0.000  0.502    66.79    37.96    24.71    19.66    15.97  1 -1.78e-08      0.00 7.446e-01 2.548e-01 1.054e-04 3.751e-05 2.802e-04 -1.000 6.527e-04 -3.501 0.721 -1.786 -3.168 -3.622 -3.874 -3.978
0.00061788 -1.40000 10.00860 0.8516278863 2.4355287994    0.786  1.755  3.7488  2.526    4  0.000  0.522     0.00     0.00     0.00     0.00     0.00 -1    -1e-30      0.00 7.413e-01 2.581e-01 1.112e-04 3.380e-05 2.846e-04 -1.000 6.527e-04 0.383 1.459 0.727 0.330 0.209 0.167 0.158
0.00061788 -1.40000 10.00860 0.8516844511 2.4355459298    0.786  1.773  3.7473  2.502    4  0.000  0.522     0.00     0.00     0.00     0.00     0.00 -1    -1e-30      0.00 7.413e-01 2.581e-01 1.112e-04 3.380e-05 2.846e-04 -1.000 6.527e-04 0.338 1.427 0.688 0.286 0.163 0.119 0.109
0.00061788 -1.40000 10.00860 0.8517427444 2.4355635810    0.787  1.776  3.7471  2.498    4  0.000  0.522     0.00     0.00     0.00     0.00     0.00 -1    -1e-30      0.00 7.413e-01 2.581e-01 1.112e-04 3.380e-05 2.846e-04 -1.000 6.527e-04 0.331 1.421 0.681 0.279 0.155 0.111 0.101
0.00061788 -1.40000 10.00860 0.8518003821 2.4355810309    0.787  1.777  3.7472  2.497    4  0.000  0.522     0.00     0.00     0.00     0.00     0.00 -1    -1e-30      0.00 7.413e-01 2.581e-01 1.112e-04 3.380e-05 2.846e-04 -1.000 6.528e-04 0.327 1.416 0.677 0.275 0.151 0.108 0.097
0.00061788 -1.40000 10.00860 0.8518600464 2.4355990914    0.787  1.778  3.7475  2.498    4  0.000  0.522     0.00     0.00     0.00     0.00     0.00 -1    -1e-30      0.00 7.413e-01 2.581e-01 1.112e-04 3.380e-05 2.846e-04 -1.000 6.528e-04 0.325 1.411 0.674 0.272 0.149 0.106 0.096
0.00061788 -1.40000 10.00860 0.8519189358 2.4356169146    0.787  1.778  3.7480  2.500    4  0.000  0.522     0.00     0.00     0.00     0.00     0.00 -1    -1e-30      0.00 7.413e-01 2.581e-01 1.112e-04 3.380e-05 2.846e-04 -1.000 6.527e-04 0.324 1.406 0.671 0.272 0.149 0.107 0.097
0.00061788 -1.40000 10.00860 0.8519794345 2.4356352219    0.787  1.778  3.7487  2.503    4  0.000  0.522     0.00     0.00     0.00     0.00     0.00 -1    -1e-30      0.00 7.413e-01 2.581e-01 1.112e-04 3.381e-05 2.846e-04 -1.000 6.526e-04 0.325 1.401 0.669 0.272 0.151 0.109 0.100
0.00061788 -1.40000 10.00860 0.8520388603 2.4356532017    0.787  1.778  3.7495  2.506    4  0.000  0.522     0.00     0.00     0.00     0.00     0.00 -1    -1e-30      0.00 7.413e-01 2.581e-01 1.112e-04 3.381e-05 2.846e-04 -1.000 6.528e-04 0.326 1.396 0.667 0.273 0.153 0.112 0.103
0.00061788 -1.40000 10.00860 0.8520988226 2.4356713408    0.787  1.777  3.7504  2.511    4  0.000  0.522     0.00     0.00     0.00     0.00     0.00 -1    -1e-30      0.00 7.413e-01 2.581e-01 1.112e-04 3.381e-05 2.846e-04 -1.000 6.527e-04 0.328 1.391 0.665 0.275 0.157 0.117 0.108
0.00061788 -1.40000 10.00860 0.8521565199 2.4356887919    0.787  1.776  3.7513  2.515    4  0.000  0.522     0.00     0.00     0.00     0.00     0.00 -1    -1e-30      0.00 7.413e-01 2.581e-01 1.112e-04 3.381e-05 2.846e-04 -1.000 6.527e-04 0.330 1.387 0.664 0.277 0.160 0.121 0.112
0.00061788 -1.40000 10.00860 0.8522138596 2.4357061322    0.787  1.775  3.7521  2.519    4  0.000  0.522     0.00     0.00     0.00     0.00     0.00 -1    -1e-30      0.00 7.413e-01 2.581e-01 1.112e-04 3.381e-05 2.846e-04 -1.000 6.527e-04 0.332 1.382 0.662 0.278 0.163 0.125 0.117
0.00061788 -1.40000 10.00860 0.8522751331 2.4357246593    0.787  1.774  3.7530  2.524    4  0.000  0.522     0.00     0.00     0.00     0.00     0.00 -1    -1e-30      0.00 7.413e-01 2.581e-01 1.112e-04 3.381e-05 2.846e-04 -1.000 6.527e-04 0.334 1.377 0.661 0.280 0.166 0.129 0.121
0.00061788 -1.40000 10.00860 0.8523372412 2.4357434354    0.787  1.774  3.7538  2.527    4  0.000  0.522     0.00     0.00     0.00     0.00     0.00 -1    -1e-30      0.00 7.413e-01 2.581e-01 1.112e-04 3.381e-05 2.846e-04 -1.000 6.527e-04 0.336 1.373 0.659 0.281 0.169 0.132 0.125
0.00061788 -1.40000 10.00860 0.8523978591 2.4357617581    0.787  1.773  3.7545  2.531    4  0.000  0.522     0.00     0.00     0.00     0.00     0.00 -1    -1e-30      0.00 7.413e-01 2.581e-01 1.112e-04 3.381e-05 2.846e-04 -1.000 6.527e-04 0.337 1.368 0.657 0.282 0.171 0.136 0.129
0.00061788 -1.40000 10.00860 0.8524576426 2.4357798256    0.787  1.773  3.7551  2.534    4  0.000  0.522     0.00     0.00     0.00     0.00     0.00 -1    -1e-30      0.00 7.413e-01 2.581e-01 1.112e-04 3.381e-05 2.846e-04 -1.000 6.527e-04 0.337 1.364 0.655 0.283 0.173 0.138 0.131
0.00061788 -1.40000 10.00860 0.8524720669 2.4357841845    0.787  1.773  3.7553  2.534    4  0.000  0.522     0.00     0.00     0.00     0.00     0.00 -1    -1e-30      0.00 7.413e-01 2.581e-01 1.112e-04 3.381e-05 2.846e-04 -1.000 6.527e-04 0.338 1.363 0.655 0.283 0.173 0.138 0.131
0.00061788 -1.40000 10.00860 0.8524848223 2.4357880388    0.787  1.773  3.7553  2.535    4  0.000  0.522     0.00     0.00     0.00     0.00     0.00 -1    -1e-30      0.00 7.413e-01 2.581e-01 1.112e-04 3.381e-05 2.846e-04 -1.000 6.527e-04 0.338 1.362 0.655 0.283 0.173 0.138 0.132
0.00061788 -1.40000 10.00860 0.8525450230 2.4358062281    0.787  1.773  3.7557  2.536    4  0.000  0.522     0.00     0.00     0.00     0.00     0.00 -1    -1e-30      0.00 7.412e-01 2.581e-01 1.112e-04 3.382e-05 2.846e-04 -1.000 6.527e-04 0.337 1.359 0.653 0.283 0.174 0.139 0.133
0.00061788 -1.40000 10.00860 0.8526065946 2.4358248286    0.787  1.773  3.7560  2.537    4  0.000  0.522     0.00     0.00     0.00     0.00     0.00 -1    -1e-30      0.00 7.412e-01 2.581e-01 1.112e-04 3.382e-05 2.846e-04 -1.000 6.527e-04 0.337 1.356 0.651 0.282 0.173 0.139 0.133
0.00061788 -1.40000 10.00860 0.8526671529 2.4358431200    0.788  1.774  3.7561  2.537    4  0.000  0.522     0.00     0.00     0.00     0.00     0.00 -1    -1e-30      0.00 7.412e-01 2.581e-01 1.112e-04 3.382e-05 2.846e-04 -1.000 6.528e-04 0.335 1.353 0.648 0.280 0.172 0.138 0.131
0.00061788 -1.40000 10.00860 0.8527278304 2.4358614444    0.788  1.775  3.7561  2.535    4  0.000  0.522     0.00     0.00     0.00     0.00     0.00 -1    -1e-30      0.00 7.412e-01 2.581e-01 1.112e-04 3.382e-05 2.846e-04 -1.000 6.527e-04 0.332 1.351 0.646 0.277 0.169 0.135 0.128
0.00061788 -1.40000 10.00860 0.8527932763 2.4358812054    0.788  1.777  3.7558  2.533    4  0.000  0.522     0.00     0.00     0.00     0.00     0.00 -1    -1e-30      0.00 7.412e-01 2.581e-01 1.112e-04 3.382e-05 2.846e-04 -1.000 6.527e-04 0.328 1.350 0.643 0.273 0.165 0.130 0.124
0.00061788 -1.40000 10.00860 0.8528550863 2.4358998654    0.788  1.779  3.7553  2.529    4  0.000  0.522     0.00     0.00     0.00     0.00     0.00 -1    -1e-30      0.00 7.412e-01 2.581e-01 1.112e-04 3.382e-05 2.846e-04 -1.000 6.527e-04 0.324 1.348 0.641 0.269 0.159 0.124 0.118
0.00061788 -1.40000 10.00860 0.8529012203 2.4359137909    0.788  1.780  3.7549  2.526    4  0.000  0.522     0.00     0.00     0.00     0.00     0.00 -1    -1e-30      0.00 7.412e-01 2.581e-01 1.112e-04 3.382e-05 2.846e-04 -1.000 6.527e-04 0.319 1.348 0.638 0.265 0.154 0.119 0.112
0.00061788 -1.40000 10.00860 0.8529164195 2.4359183784    0.788  1.781  3.7547  2.524    4  0.000  0.522     0.00     0.00     0.00     0.00     0.00 -1    -1e-30      0.00 7.412e-01 2.581e-01 1.112e-04 3.382e-05 2.846e-04 -1.000 6.527e-04 0.318 1.347 0.637 0.263 0.152 0.117 0.110
0.00061788 -1.40000 10.00860 0.8529677987 2.4359338845    0.788  1.783  3.7540  2.519    4  0.000  0.522     0.00     0.00     0.00     0.00     0.00 -1    -1e-30      0.00 7.412e-01 2.581e-01 1.112e-04 3.382e-05 2.846e-04 -1.000 6.527e-04 0.312 1.347 0.634 0.257 0.145 0.109 0.102
0.00061788 -1.40000 10.00860 0.8530218601 2.4359501977    0.788  1.786  3.7532  2.513    4  0.000  0.522     0.00     0.00     0.00     0.00     0.00 -1    -1e-30      0.00 7.412e-01 2.581e-01 1.112e-04 3.382e-05 2.846e-04 -1.000 6.527e-04 0.304 1.346 0.630 0.250 0.137 0.100 0.092
0.00061788 -1.40000 10.00860 0.8530731201 2.4359656634    0.788  1.789  3.7524  2.507    4  0.000  0.522     0.00     0.00     0.00     0.00     0.00 -1    -1e-30      0.00 7.412e-01 2.581e-01 1.112e-04 3.383e-05 2.846e-04 -1.000 6.527e-04 0.297 1.344 0.625 0.243 0.128 0.090 0.082
0.00061788 -1.40000 10.00860 0.8531252146 2.4359813787    0.788  1.793  3.7515  2.500    4  0.000  0.522     0.00     0.00     0.00     0.00     0.00 -1    -1e-30      0.00 7.412e-01 2.581e-01 1.112e-04 3.383e-05 2.846e-04 -1.000 6.527e-04 0.288 1.343 0.620 0.234 0.118 0.079 0.071
0.00061788 -1.40000 10.00860 0.8531754017 2.4359965165    0.788  1.796  3.7505  2.492    4  0.000  0.522     0.00     0.00     0.00     0.00     0.00 -1    -1e-30      0.00 7.412e-01 2.581e-01 1.112e-04 3.383e-05 2.846e-04 -1.000 6.527e-04 0.279 1.341 0.615 0.226 0.108 0.068 0.059
0.00061788 -1.40000 10.00860 0.8532261252 2.4360118141    0.788  1.800  3.7496  2.485    4  0.000  0.522     0.00     0.00     0.00     0.00     0.00 -1    -1e-30      0.00 7.412e-01 2.581e-01 1.111e-04 3.383e-05 2.846e-04 -1.000 6.527e-04 0.270 1.339 0.609 0.216 0.097 0.056 0.047
0.00061788 -1.40000 10.00860 0.8532775640 2.4360273252    0.788  1.805  3.7486  2.476    4  0.000  0.522     0.00     0.00     0.00     0.00     0.00 -1    -1e-30      0.00 7.412e-01 2.581e-01 1.111e-04 3.383e-05 2.846e-04 -1.000 6.528e-04 0.258 1.337 0.602 0.205 0.084 0.042 0.032
0.00061788 -1.40000 10.00860 0.8533288836 2.4360427982    0.788  1.810  3.7471  2.465    4  0.000  0.522     0.00     0.00     0.00     0.00     0.00 -1    -1e-30      0.00 7.412e-01 2.581e-01 1.111e-04 3.383e-05 2.846e-04 -1.000 6.527e-04 0.244 1.334 0.593 0.191 0.067 0.024 0.014
0.00061788 -1.40000 10.00860 0.8533844352 2.4360595448    0.788  1.819  3.7452  2.449    4  0.000  0.522     0.00     0.00     0.00     0.00     0.00 -1    -1e-30      0.00 7.412e-01 2.581e-01 1.111e-04 3.383e-05 2.846e-04 -1.000 6.527e-04 0.222 1.328 0.579 0.170 0.043 -0.002 -0.013
0.00061788 -1.40000 10.00860 0.8534358144 2.4360750313    0.788  1.826  3.7437  2.436    4  0.000  0.522     0.00     0.00     0.00     0.00     0.00 -1    -1e-30      0.00 7.412e-01 2.581e-01 1.111e-04 3.383e-05 2.846e-04 -1.000 6.528e-04 0.205 1.324 0.568 0.153 0.024 -0.023 -0.035
0.00061788 -1.40000 10.00860 0.8534866571 2.4360903540    0.788  1.838  3.7414  2.414    4  0.000  0.522     0.00     0.00     0.00     0.00     0.00 -1    -1e-30      0.00 7.412e-01 2.581e-01 1.111e-04 3.383e-05 2.846e-04 -1.000 6.527e-04 0.175 1.313 0.547 0.123 -0.010 -0.059 -0.072
0.00061788 -1.40000 10.00860 0.8535393476 2.4361062314    0.788  1.857  3.7380  2.381    4  0.000  0.522     0.00     0.00     0.00     0.00     0.00 -1    -1e-30      0.00 7.412e-01 2.581e-01 1.111e-04 3.383e-05 2.846e-04 -1.000 6.527e-04 0.126 1.294 0.512 0.076 -0.063 -0.116 -0.130
0.00061788 -1.40000 10.00860 0.8535873294 2.4361206879    0.789  1.891  3.7328  2.327    4  0.000  0.522     0.00     0.00     0.00     0.00     0.00 -1    -1e-30      0.00 7.412e-01 2.581e-01 1.111e-04 3.383e-05 2.846e-04 -1.000 6.527e-04 0.042 1.260 0.449 -0.007 -0.155 -0.213 -0.230
0.00061788 -1.40000 10.00860 0.8536106348 2.4361277090    0.789  1.927  3.7278  2.271    4  0.000  0.522     0.00     0.00     0.00     0.00     0.00 -1    -1e-30      0.00 7.412e-01 2.581e-01 1.111e-04 3.383e-05 2.846e-04 -1.000 6.527e-04 -0.048 1.221 0.380 -0.095 -0.250 -0.315 -0.334
0.00061788 -1.40000 10.00860 0.8536208868 2.4361307974    0.789  1.963  3.7232  2.217    4  0.000  0.522     0.00     0.00     0.00     0.00     0.00 -1    -1e-30      0.00 7.412e-01 2.581e-01 1.111e-04 3.383e-05 2.846e-04 -1.000 6.527e-04 -0.136 1.180 0.311 -0.181 -0.345 -0.414 -0.435
0.00061788 -1.40000 10.00860 0.8536254168 2.4361321620    0.789  1.998  3.7191  2.166    4  0.000  0.522     0.00     0.00     0.00     0.00     0.00 -1    -1e-30      0.00 7.412e-01 2.581e-01 1.111e-04 3.383e-05 2.846e-04 -1.000 6.527e-04 -0.224 1.137 0.243 -0.267 -0.437 -0.511 -0.534
0.00061788 -1.40000 10.00860 0.8536275029 2.4361327904    0.789  2.029  3.7158  2.122    4  0.000  0.522     0.00     0.00     0.00     0.00     0.00 -1    -1e-30      0.00 7.412e-01 2.581e-01 1.111e-04 3.384e-05 2.846e-04 -1.000 6.527e-04 -0.301 1.099 0.182 -0.341 -0.517 -0.595 -0.620
0.00061788 -1.40000 10.00860 0.8536287546 2.4361331675    0.789  2.056  3.7129  2.082    4  0.000  0.522     0.00     0.00     0.00     0.00     0.00 -1    -1e-30      0.00 7.412e-01 2.581e-01 1.111e-04 3.384e-05 2.846e-04 -1.000 6.527e-04 -0.371 1.063 0.126 -0.409 -0.590 -0.671 -0.698
0.00061788 -1.40000 10.00860 0.8536288738 2.4361332034    0.789  2.060  3.7126  2.078    7  0.000  0.522     0.00     0.00     0.00     0.00     0.00 -1 -8.51e-10      0.00 7.412e-01 2.565e-01 1.111e-04 3.384e-05 2.846e-04 -1.000 2.238e-03 -0.379 1.058 0.119 -0.417 -0.598 -0.680 -0.706
0.00061788 -1.40000 10.00860 0.8536297083 2.4361334548    0.788  2.089  3.7100  2.037    7  0.000  0.522     0.00     0.00     0.00     0.00     0.00 -1 -1.02e-09      0.00 7.412e-01 2.565e-01 1.111e-04 3.384e-05 2.846e-04 -1.000 2.238e-03 -0.453 1.015 0.058 -0.489 -0.675 -0.760 -0.788
0.00061788 -1.40000 10.00860 0.8536307812 2.4361337780    0.788  2.127  3.7068  1.987    7  0.000  0.522     0.00     0.00     0.00     0.00     0.00 -1 -1.29e-09      0.00 7.412e-01 2.565e-01 1.111e-04 3.384e-05 2.846e-04 -1.000 2.238e-03 -0.548 0.963 -0.019 -0.580 -0.772 -0.860 -0.890
0.00061788 -1.40000 10.00860 0.8536317348 2.4361340652    0.788  2.162  3.7039  1.940    7  0.000  0.522     0.00     0.00     0.00     0.00     0.00 -1 -1.58e-09      0.00 7.412e-01 2.565e-01 1.111e-04 3.384e-05 2.846e-04 -1.000 2.238e-03 -0.635 0.916 -0.090 -0.665 -0.862 -0.954 -0.985
0.00061788 -1.40000 10.00860 0.8536328673 2.4361344064    0.788  2.192  3.7015  1.900    7  0.000  0.522     0.00     0.00     0.00     0.00     0.00 -1 -1.89e-09      0.00 7.412e-01 2.565e-01 1.111e-04 3.384e-05 2.846e-04 -1.000 2.238e-03 -0.711 0.874 -0.153 -0.738 -0.939 -1.034 -1.067
0.00061788 -1.40000 10.00860 0.8536344171 2.4361348732    0.788  2.208  3.7003  1.880    7  0.000  0.522     0.00     0.00     0.00     0.00     0.00 -1 -2.07e-09      0.00 7.412e-01 2.565e-01 1.111e-04 3.384e-05 2.846e-04 -1.000 2.238e-03 -0.750 0.852 -0.185 -0.776 -0.979 -1.076 -1.109
0.00061788 -1.40000 10.00860 0.8536370993 2.4361356812    0.788  2.189  3.7019  1.905    7  0.000  0.522     0.00     0.00     0.00     0.00     0.00 -1 -1.86e-09      0.00 7.412e-01 2.565e-01 1.111e-04 3.384e-05 2.846e-04 -1.000 2.238e-03 -0.703 0.877 -0.147 -0.730 -0.930 -1.025 -1.058
0.00061788 -1.40000 10.00860 0.8536414504 2.4361369919    0.788  2.162  3.7040  1.940    7  0.000  0.522     0.00     0.00     0.00     0.00     0.00 -1 -1.59e-09      0.00 7.412e-01 2.565e-01 1.111e-04 3.384e-05 2.846e-04 -1.000 2.238e-03 -0.636 0.913 -0.092 -0.665 -0.862 -0.954 -0.985
0.00061788 -1.40000 10.00860 0.8536701202 2.4361456277    0.786  2.173  3.7030  1.924    7  0.000  0.522     0.00     0.00     0.00     0.00     0.00 -1  -1.7e-09      0.00 7.412e-01 2.565e-01 1.111e-04 3.384e-05 2.846e-04 -1.000 2.238e-03 -0.662 0.902 -0.112 -0.691 -0.889 -0.983 -1.014
0.00061788 -1.40000 10.00860 0.8536900878 2.4361516419    0.784  2.209  3.7001  1.876    7  0.000  0.522     0.00     0.00     0.00     0.00     0.00 -1 -2.11e-09      0.00 7.412e-01 2.565e-01 1.111e-04 3.384e-05 2.846e-04 -1.000 2.238e-03 -0.751 0.855 -0.185 -0.777 -0.981 -1.078 -1.111
0.00061788 -1.40000 10.00860 0.8537129164 2.4361585174    0.782  2.259  3.6959  1.808    7  0.000  0.522     0.00     0.00     0.00     0.00     0.00 -1 -2.88e-09      0.00 7.412e-01 2.565e-01 1.111e-04 3.384e-05 2.846e-04 -1.000 2.238e-03 -0.878 0.791 -0.286 -0.897 -1.109 -1.212 -1.247
0.00061788 -1.40000 10.00860 0.8537325263 2.4361644232    0.780  2.304  3.6923  1.747    7  0.000  0.522     0.00     0.00     0.00     0.00     0.00 -1 -3.76e-09      0.00 7.412e-01 2.565e-01 1.111e-04 3.384e-05 2.846e-04 -1.000 2.238e-03 -0.991 0.735 -0.377 -1.005 -1.224 -1.331 -1.369
0.00061788 -1.40000 10.00860 0.8537499309 2.4361696645    0.777  2.348  3.6890  1.688    7  0.000  0.522     0.00     0.00     0.00     0.00     0.00 -1  -4.9e-09      0.00 7.412e-01 2.565e-01 1.111e-04 3.384e-05 2.846e-04 -1.000 2.238e-03 -1.100 0.680 -0.464 -1.109 -1.334 -1.446 -1.485
0.00061788 -1.40000 10.00860 0.8537654281 2.4361743313    0.773  2.390  3.6857  1.631    7  0.000  0.522     0.00     0.00     0.00     0.00     0.00 -1 -6.33e-09      0.00 7.412e-01 2.566e-01 1.111e-04 3.384e-05 2.846e-04 -1.000 2.228e-03 -1.206 0.630 -0.547 -1.208 -1.439 -1.555 -1.597
0.00061788 -1.40000 10.00860 0.8537790775 2.4361784414    0.769  2.432  3.6826  1.575    7  0.000  0.521     0.00     0.00     0.00     0.00     0.00 -1 -8.13e-09      0.00 7.412e-01 2.566e-01 1.111e-04 3.384e-05 2.846e-04 -1.000 2.170e-03 -1.309 0.599 -0.627 -1.309 -1.545 -1.665 -1.709
0.00061788 -1.40000 10.00860 0.8537912369 2.4361821027    0.765  2.472  3.6795  1.519    7  0.000  0.521     0.00     0.00     0.00     0.00     0.00 -1 -1.04e-08      0.00 7.412e-01 2.566e-01 1.110e-04 3.386e-05 2.846e-04 -1.000 2.133e-03 -1.411 0.573 -0.704 -1.408 -1.650 -1.774 -1.819
0.00061788 -1.40000 10.00860 0.8538022637 2.4361854230    0.760  2.513  3.6764  1.463    7  0.000  0.519     7.12     5.63     3.99     3.09     2.50  3 -1.33e-08      0.00 7.412e-01 2.567e-01 1.107e-04 3.401e-05 2.846e-04 -1.000 2.079e-03 -1.512 0.553 -0.778 -1.506 -1.754 -1.881 -1.929
0.00061788 -1.40000 10.00860 0.8538121581 2.4361884021    0.754  2.553  3.6727  1.405    7  0.000  0.515     8.04     6.24     4.40     3.42     2.76  3 -1.71e-08      0.00 7.412e-01 2.567e-01 1.100e-04 3.461e-05 2.846e-04 -1.000 2.045e-03 -1.613 0.557 -0.843 -1.602 -1.857 -1.989 -2.040
0.00061788 -1.40000 10.00860 0.8538211584 2.4361911120    0.747  2.593  3.6666  1.336    7  0.000  0.508     9.27     7.05     4.94     3.84     3.11  3 -2.22e-08      0.00 7.412e-01 2.568e-01 1.084e-04 3.618e-05 2.846e-04 -1.000 1.985e-03 -1.713 0.635 -0.881 -1.692 -1.959 -2.100 -2.154
0.00061788 -1.40000 10.00860 0.8538294435 2.4361936064    0.739  2.633  3.6607  1.268    7  0.000  0.498    10.69     7.96     5.55     4.32     3.50  2 -2.88e-08      0.00 7.411e-01 2.569e-01 1.065e-04 3.844e-05 2.846e-04 -1.000 1.969e-03 -1.813 0.725 -0.913 -1.780 -2.060 -2.208 -2.267
0.00061788 -1.40000 10.00860 0.8538372517 2.4361959573    0.728  2.673  3.6574  1.208    7  0.000  0.489    12.08     8.83     6.13     4.78     3.87  2 -3.72e-08      0.00 7.411e-01 2.570e-01 1.046e-04 4.082e-05 2.846e-04 -1.000 1.911e-03 -1.913 0.747 -0.969 -1.871 -2.159 -2.312 -2.374
0.00061788 -1.40000 10.00860 0.8538446426 2.4361981824    0.716  2.713  3.6543  1.149    7  0.000  0.481    13.65     9.79     6.76     5.29     4.28  2 -4.87e-08      0.00 7.410e-01 2.571e-01 1.028e-04 4.297e-05 2.846e-04 -1.000 1.913e-03 -2.013 0.742 -1.030 -1.958 -2.254 -2.413 -2.477
0.00061788 -1.40000 10.00860 0.8538517952 2.4362003358    0.700  2.753  3.6510  1.087    7  0.000  0.473    15.50    10.90     7.48     5.87     4.75  2 -6.42e-08      0.00 7.409e-01 2.572e-01 1.013e-04 4.487e-05 2.846e-04 -1.000 1.912e-03 -2.112 0.741 -1.089 -2.044 -2.349 -2.513 -2.580
0.00061788 -1.40000 10.00860 0.8538587689 2.4362024353    0.679  2.793  3.6477  1.020    7  0.000  0.467    17.74    12.20     8.33     6.55     5.30  1 -8.69e-08      0.00 7.408e-01 2.573e-01 9.994e-05 4.652e-05 2.846e-04 -1.000 1.901e-03 -2.213 0.744 -1.147 -2.131 -2.445 -2.615 -2.685
0.00061788 -1.40000 10.00860 0.8538649678 2.4362043014    0.653  2.832  3.6449  0.952    7  0.000  0.461    20.29    13.65     9.26     7.31     5.92  1  -1.2e-07      0.00 7.408e-01 2.574e-01 9.877e-05 4.796e-05 2.846e-04 -1.000 1.876e-03 -2.311 0.752 -1.201 -2.215 -2.538 -2.714 -2.786
0.00061788 -1.40000 10.00860 0.8538709283 2.4362060958    0.619  2.873  3.6429  0.880    7  0.000  0.456    23.39    15.33    10.34     8.19     6.63  1 -1.73e-07      0.00 7.407e-01 2.575e-01 9.772e-05 4.925e-05 2.846e-04 -1.000 1.855e-03 -2.412 0.745 -1.264 -2.306 -2.638 -2.818 -2.892
0.00061788 -1.40000 10.00860 0.8538761139 2.4362076569    0.577  2.914  3.6445  0.815    7  0.000  0.452    26.49    16.93    11.35     9.02     7.30  1  -2.6e-07      0.00 7.406e-01 2.576e-01 9.681e-05 5.038e-05 2.845e-04 -1.000 1.850e-03 -2.514 0.655 -1.368 -2.416 -2.747 -2.924 -2.997
0.00061788 -1.40000 10.00860 0.8538791537 2.4362085720    0.541  2.942  3.6514  0.787    7  0.000  0.450    27.82    17.55    11.72     9.35     7.56  1 -3.54e-07      0.00 7.405e-01 2.577e-01 9.623e-05 5.111e-05 2.844e-04 -1.000 1.850e-03 -2.586 0.458 -1.504 -2.519 -2.836 -3.002 -3.070
0.00061788 -1.40000 10.00860 0.8538801074 2.4362088591    0.515  2.952  3.6612  0.794    7  0.000  0.448    27.10    17.09    11.42     9.12     7.37  1 -3.86e-07      0.00 7.404e-01 2.577e-01 9.588e-05 5.156e-05 2.843e-04 -1.000 1.873e-03 -2.610 0.170 -1.644 -2.582 -2.875 -3.026 -3.086
0.00061788 -1.40000 10.00860 1.1217594147 2.4952569506    0.551 -9.999  3.6335  7.965    9  0.552  0.000     0.00     0.00     0.00     0.00     0.00 -1    -1e-30      0.00 7.286e-01 2.709e-01 8.544e-05 7.366e-05 2.853e-04 -1.000 5.453e-04 29.767 32.598 30.895 29.854 29.488 29.305 29.241
