# Zini     MH   logAge Mini        int_IMF         Mass   logL    logTe  logg  label   McoreTP C_O  period0  period1  period2  period3  period4  pmode  Mloss  tau1m   X   Y   Xc  Xn  Xo  Cexcess  Z 	 mbolmag  umag    gmag    rmag    imag    zmag    Ymag
0.00043772 -1.55000 10.04922 0.0900000036 1.0816895926    0.090 -3.186  3.4765  5.436    1  0.000  0.545     0.00     0.00     0.00     0.00     0.00 -1 -5.23e-17      0.00 7.482e-01 2.513e-01 8.208e-05 2.215e-05 2.008e-04 -1.000 4.565e-04 12.735 17.879 16.164 14.240 12.605 12.073 11.967
0.00043772 -1.55000 10.04922 0.0935496911 1.1148477240    0.094 -3.075  3.4924  5.406    1  0.000  0.545     0.00     0.00     0.00     0.00     0.00 -1 -6.85e-17      0.00 7.476e-01 2.520e-01 8.208e-05 2.215e-05 2.008e-04 -1.000 4.565e-04 12.458 17.542 15.562 13.691 12.304 11.832 11.724
0.00043772 -1.55000 10.04922 0.1000000015 1.1711064122    0.100 -2.884  3.5198  5.353    1  0.000  0.545     0.00     0.00     0.00     0.00     0.00 -1 -1.09e-16      0.00 7.464e-01 2.531e-01 8.208e-05 2.215e-05 2.008e-04 -1.000 4.565e-04 11.981 16.811 14.582 12.833 11.797 11.406 11.298
0.00043772 -1.55000 10.04922 0.1199999973 1.3193154249    0.120 -2.597  3.5509  5.270    1  0.000  0.545     0.00     0.00     0.00     0.00     0.00 -1 -2.13e-16      0.00 7.439e-01 2.557e-01 8.208e-05 2.215e-05 2.008e-04 -1.000 4.565e-04 11.264 15.585 13.363 11.789 11.052 10.731 10.629
0.00043772 -1.55000 10.04922 0.1400000006 1.4384526719    0.140 -2.416  3.5661  5.216    1  0.000  0.545     0.00     0.00     0.00     0.00     0.00 -1 -3.18e-16      0.00 7.420e-01 2.575e-01 8.208e-05 2.215e-05 2.008e-04 -1.000 4.565e-04 10.810 14.824 12.690 11.210 10.588 10.296 10.199
0.00043772 -1.55000 10.04922 0.1599999964 1.5372931554    0.160 -2.274  3.5762  5.173    1  0.000  0.545     0.00     0.00     0.00     0.00     0.00 -1 -4.33e-16      0.00 7.407e-01 2.589e-01 8.208e-05 2.215e-05 2.008e-04 -1.000 4.565e-04 10.455 14.263 12.200 10.788 10.227 9.953 9.859
0.00043772 -1.55000 10.04922 0.2000000179 1.6938791367    0.200 -2.053  3.5893  5.101    1  0.000  0.545     0.00     0.00     0.00     0.00     0.00 -1 -6.99e-16      0.00 7.395e-01 2.600e-01 8.208e-05 2.215e-05 2.008e-04 -1.000 4.565e-04 9.903 13.435 11.482 10.167 9.669 9.415 9.328
0.00043772 -1.55000 10.04922 0.2500000000 1.8403257998    0.250 -1.849  3.6004  5.039    1  0.000  0.545     0.00     0.00     0.00     0.00     0.00 -1 -1.08e-15      0.00 7.395e-01 2.601e-01 8.207e-05 2.215e-05 2.008e-04 -1.000 4.565e-04 9.393 12.708 10.842 9.609 9.152 8.916 8.833
0.00043772 -1.55000 10.04922 0.3000000417 1.9529140366    0.300 -1.693  3.6090  4.996    1  0.000  0.545     0.00     0.00     0.00     0.00     0.00 -1 -1.48e-15      0.00 7.397e-01 2.599e-01 8.206e-05 2.215e-05 2.008e-04 -1.000 4.564e-04 9.003 12.160 10.358 9.187 8.757 8.534 8.456
0.00043772 -1.55000 10.04922 0.3320887685 2.0130449921    0.332 -1.610  3.6140  4.977    1  0.000  0.545     0.00     0.00     0.00     0.00     0.00 -1 -1.74e-15      0.00 7.397e-01 2.599e-01 8.203e-05 2.215e-05 2.008e-04 -1.000 4.564e-04 8.796 11.869 10.099 8.962 8.547 8.331 8.256
0.00043772 -1.55000 10.04922 0.3499999940 2.0434174644    0.350 -1.567  3.6165  4.967    1  0.000  0.545     0.00     0.00     0.00     0.00     0.00 -1 -1.89e-15      0.00 7.397e-01 2.599e-01 8.202e-05 2.215e-05 2.008e-04 -1.000 4.564e-04 8.688 11.719 9.966 8.846 8.438 8.226 8.152
0.00043772 -1.55000 10.04922 0.3778033555 2.0867679351    0.378 -1.487  3.6227  4.946    1  0.000  0.545     0.00     0.00     0.00     0.00     0.00 -1 -2.24e-15      0.00 7.457e-01 2.539e-01 8.205e-05 2.215e-05 2.008e-04 -1.000 4.564e-04 8.488 11.415 9.702 8.625 8.235 8.032 7.962
0.00043772 -1.55000 10.04922 0.4000000060 2.1185024399    0.400 -1.427  3.6274  4.929    1  0.000  0.545     0.00     0.00     0.00     0.00     0.00 -1 -2.55e-15      0.00 7.503e-01 2.492e-01 8.208e-05 2.215e-05 2.008e-04 -1.000 4.564e-04 8.338 11.188 9.505 8.460 8.083 7.888 7.819
0.00043772 -1.55000 10.04922 0.4128301740 2.1358199411    0.413 -1.382  3.6323  4.916    1  0.000  0.545     0.00     0.00     0.00     0.00     0.00 -1 -2.83e-15      0.00 7.503e-01 2.492e-01 8.208e-05 2.215e-05 2.008e-04 -1.000 4.564e-04 8.224 10.996 9.343 8.331 7.967 7.779 7.713
0.00043772 -1.55000 10.04922 0.4500000179 2.1822809362    0.450 -1.256  3.6456  4.882    1  0.000  0.545     0.00     0.00     0.00     0.00     0.00 -1 -3.76e-15      0.00 7.504e-01 2.491e-01 8.208e-05 2.215e-05 2.008e-04 -1.000 4.565e-04 7.911 10.477 8.907 7.979 7.650 7.482 7.422
0.00043772 -1.55000 10.04922 0.5000000000 2.2374541529    0.500 -1.065  3.6704  4.835    1  0.000  0.545     0.00     0.00     0.00     0.00     0.00 -1 -5.85e-15      0.00 7.504e-01 2.491e-01 8.208e-05 2.215e-05 2.008e-04 -1.000 4.564e-04 7.432 9.606 8.217 7.437 7.168 7.035 6.989
0.00043772 -1.55000 10.04922 0.5500000715 2.2836583126    0.550 -0.855  3.6946  4.763    1  0.000  0.544     0.00     0.00     0.00     0.00     0.00 -1 -9.83e-15      0.00 7.826e-01 2.170e-01 7.218e-05 1.949e-05 1.768e-04 -1.000 3.595e-04 6.907 8.699 7.525 6.869 6.648 6.547 6.514
0.00043772 -1.55000 10.04922 0.6000000238 2.3211213258    0.600 -0.649  3.7215  4.703    1  0.000  0.544     0.00     0.00     0.00     0.00     0.00 -1 -1.62e-14      0.00 7.929e-01 2.067e-01 6.916e-05 1.868e-05 1.696e-04 -1.000 3.682e-04 6.393 7.824 6.875 6.331 6.155 6.085 6.066
0.00043772 -1.55000 10.04922 0.6099693775 2.3277514538    0.610 -0.607  3.7275  4.692    1  0.000  0.544     0.00     0.00     0.00     0.00     0.00 -1 -1.79e-14      0.00 7.953e-01 2.043e-01 6.847e-05 1.850e-05 1.679e-04 -1.000 3.772e-04 6.287 7.648 6.743 6.223 6.056 5.994 5.978
0.00043772 -1.55000 10.04922 0.6232531071 2.3362078862    0.623 -0.550  3.7355  4.676    1  0.000  0.543     0.00     0.00     0.00     0.00     0.00 -1 -2.06e-14      0.00 7.987e-01 2.009e-01 6.750e-05 1.823e-05 1.656e-04 -1.000 3.656e-04 6.144 7.419 6.570 6.079 5.925 5.871 5.859
0.00043772 -1.55000 10.04922 0.6346222758 2.3431231027    0.634 -0.501  3.7423  4.662    1  0.000  0.543     0.00     0.00     0.00     0.00     0.00 -1 -2.32e-14      0.00 8.017e-01 1.979e-01 6.663e-05 1.801e-05 1.635e-04 -1.000 3.663e-04 6.022 7.229 6.423 5.957 5.813 5.767 5.758
0.00043772 -1.55000 10.04922 0.6456225514 2.3495480396    0.645 -0.453  3.7487  4.648    1  0.000  0.543     0.00     0.00     0.00     0.00     0.00 -1 -2.61e-14      0.00 8.048e-01 1.948e-01 6.576e-05 1.777e-05 1.614e-04 -1.000 3.694e-04 5.903 7.049 6.283 5.840 5.707 5.667 5.660
0.00043772 -1.55000 10.04922 0.6499999762 2.3520353107    0.650 -0.434  3.7513  4.642    1  0.000  0.543     0.00     0.00     0.00     0.00     0.00 -1 -2.73e-14      0.00 8.060e-01 1.936e-01 6.540e-05 1.768e-05 1.606e-04 -1.000 3.654e-04 5.855 6.978 6.227 5.794 5.664 5.627 5.622
0.00043772 -1.55000 10.04922 0.6582933068 2.3566434756    0.658 -0.398  3.7557  4.629    1  0.000  0.543     0.00     0.00     0.00     0.00     0.00 -1    -3e-14      0.00 8.090e-01 1.907e-01 6.456e-05 1.746e-05 1.586e-04 -1.000 3.645e-04 5.764 6.847 6.122 5.706 5.584 5.551 5.548
0.00043772 -1.55000 10.04922 0.6715970635 2.3637630093    0.671 -0.338  3.7627  4.606    1  0.000  0.542     0.00     0.00     0.00     0.00     0.00 -1 -3.49e-14      0.00 8.139e-01 1.857e-01 6.314e-05 1.708e-05 1.552e-04 -1.000 3.709e-04 5.616 6.641 5.954 5.564 5.453 5.428 5.427
0.00043772 -1.55000 10.04922 0.6839130521 2.3700707958    0.684 -0.283  3.7690  4.583    1  0.000  0.542     0.00     0.00     0.00     0.00     0.00 -1 -4.04e-14      0.00 8.189e-01 1.808e-01 6.173e-05 1.670e-05 1.518e-04 -1.000 3.689e-04 5.477 6.454 5.798 5.432 5.330 5.311 5.313
0.00043772 -1.55000 10.04922 0.6952269673 2.3756394388    0.695 -0.230  3.7746  4.561    1  0.000  0.542     0.00     0.00     0.00     0.00     0.00 -1 -4.59e-14      0.00 8.237e-01 1.759e-01 6.035e-05 1.633e-05 1.485e-04 -1.000 3.539e-04 5.346 6.284 5.653 5.307 5.214 5.200 5.204
0.00043772 -1.55000 10.04922 0.6999999881 2.3779266974    0.700 -0.208  3.7769  4.550    1  0.000  0.542     0.00     0.00     0.00     0.00     0.00 -1 -4.93e-14      0.00 8.259e-01 1.738e-01 5.974e-05 1.617e-05 1.471e-04 -1.000 3.178e-04 5.289 6.211 5.591 5.253 5.164 5.152 5.157
0.00043772 -1.55000 10.04922 0.7059717774 2.3807383841    0.706 -0.179  3.7797  4.536    1  0.000  0.540     0.00     0.00     0.00     0.00     0.00 -1 -5.33e-14      0.00 8.293e-01 1.705e-01 5.868e-05 1.591e-05 1.448e-04 -1.000 2.710e-04 5.217 6.120 5.512 5.185 5.100 5.091 5.097
0.00043772 -1.55000 10.04922 0.7164006829 2.3855195775    0.716 -0.127  3.7845  4.510    1  0.000  0.538     0.00     0.00     0.00     0.00     0.00 -1 -6.14e-14      0.00 8.352e-01 1.646e-01 5.683e-05 1.546e-05 1.408e-04 -1.000 2.805e-04 5.088 5.964 5.372 5.062 4.984 4.980 4.987
0.00043772 -1.55000 10.04922 0.7262315750 2.3898823160    0.726 -0.076  3.7888  4.483    1  0.000  0.536     0.00     0.00     0.00     0.00     0.00 -1 -7.07e-14      0.00 8.407e-01 1.590e-01 5.514e-05 1.504e-05 1.371e-04 -1.000 2.777e-04 4.961 5.813 5.235 4.940 4.869 4.869 4.878
0.00043772 -1.55000 10.04922 0.7348601222 2.3936010692    0.734 -0.030  3.7926  4.456    1  0.000  0.534     0.00     0.00     0.00     0.00     0.00 -1 -8.07e-14      0.00 8.454e-01 1.543e-01 5.372e-05 1.470e-05 1.340e-04 -1.000 2.753e-04 4.844 5.676 5.109 4.827 4.763 4.766 4.777
0.00043772 -1.55000 10.04922 0.7433792353 2.3971754300    0.743  0.019  3.7961  4.426    1  0.000  0.533     0.00     0.00     0.00     0.00     0.00 -1 -9.27e-14      0.00 8.498e-01 1.499e-01 5.242e-05 1.438e-05 1.312e-04 -1.000 2.805e-04 4.723 5.537 4.979 4.710 4.651 4.658 4.670
0.00043772 -1.55000 10.04922 0.7500000000 2.3998889087    0.749  0.058  3.7988  4.401    1  0.000  0.531     0.00     0.00     0.00     0.00     0.00 -1 -1.04e-13      0.00 8.531e-01 1.466e-01 5.148e-05 1.415e-05 1.292e-04 -1.000 2.710e-04 4.624 5.425 4.874 4.615 4.560 4.570 4.582
0.00043772 -1.55000 10.04922 0.7547993660 2.4018217108    0.754  0.088  3.8007  4.383    1  0.000  0.531     0.00     0.00     0.00     0.00     0.00 -1 -1.13e-13      0.00 8.543e-01 1.455e-01 5.130e-05 1.411e-05 1.288e-04 -1.000 2.723e-04 4.551 5.343 4.795 4.544 4.492 4.504 4.516
0.00043772 -1.55000 10.04922 0.7627213001 2.4049509250    0.762  0.139  3.8039  4.348    1  0.000  0.530     0.00     0.00     0.00     0.00     0.00 -1 -1.32e-13      0.00 8.561e-01 1.437e-01 5.105e-05 1.404e-05 1.283e-04 -1.000 2.820e-04 4.422 5.200 4.658 4.418 4.371 4.386 4.400
0.00043772 -1.55000 10.04922 0.7700228095 2.4077695910    0.769  0.190  3.8066  4.313    1  0.000  0.530     0.00     0.00     0.00     0.00     0.00 -1 -1.54e-13      0.00 8.576e-01 1.422e-01 5.085e-05 1.400e-05 1.279e-04 -1.000 2.795e-04 4.296 5.062 4.524 4.294 4.252 4.269 4.284
0.00043772 -1.55000 10.04922 0.7767053843 2.4102959822    0.776  0.239  3.8089  4.276    1  0.000  0.529     0.00     0.00     0.00     0.00     0.00 -1 -1.79e-13      0.00 8.588e-01 1.409e-01 5.070e-05 1.396e-05 1.276e-04 -1.000 2.710e-04 4.172 4.928 4.394 4.172 4.134 4.153 4.168
0.00043772 -1.55000 10.04922 0.7828200459 2.4125642636    0.782  0.288  3.8107  4.238    1  0.000  0.529     0.00     0.00     0.00     0.00     0.00 -1 -2.08e-13      0.00 8.596e-01 1.401e-01 5.063e-05 1.395e-05 1.276e-04 -1.000 3.008e-04 4.051 4.799 4.267 4.052 4.017 4.038 4.054
0.00043772 -1.55000 10.04922 0.7885159850 2.4146408614    0.787  0.336  3.8118  4.198    1  0.000  0.529     0.00     0.00     0.00     0.00     0.00 -1 -2.42e-13      0.00 8.593e-01 1.404e-01 5.085e-05 1.401e-05 1.282e-04 -1.000 3.285e-04 3.930 4.673 4.142 3.931 3.899 3.921 3.937
0.00043772 -1.55000 10.04922 0.7924183011 2.4160437485    0.791  0.370  3.8124  4.168    1  0.000  0.529     0.00     0.00     0.00     0.00     0.00 -1 -2.71e-13      0.00 8.589e-01 1.408e-01 5.107e-05 1.407e-05 1.287e-04 -1.000 3.438e-04 3.845 4.585 4.053 3.846 3.815 3.837 3.853
0.00043772 -1.55000 10.04922 0.7939188480 2.4165789769    0.793  0.385  3.8123  4.154    1  0.000  0.529     0.00     0.00     0.00     0.00     0.00 -1 -2.86e-13      0.00 8.587e-01 1.410e-01 5.116e-05 1.409e-05 1.290e-04 -1.000 3.463e-04 3.808 4.548 4.016 3.809 3.778 3.800 3.816
0.00043772 -1.55000 10.04922 0.7997533679 2.4186381531    0.798  0.445  3.8108  4.091    1  0.000  0.529     0.00     0.00     0.00     0.00     0.00 -1 -3.49e-13      0.00 8.578e-01 1.418e-01 5.154e-05 1.420e-05 1.299e-04 -1.000 3.560e-04 3.657 4.400 3.866 3.655 3.622 3.644 3.659
0.00043772 -1.55000 10.04922 0.8000000119 2.4187244405    0.799  0.448  3.8107  4.087    1  0.000  0.529     0.00     0.00     0.00     0.00     0.00 -1 -3.53e-13      0.00 8.578e-01 1.418e-01 5.155e-05 1.420e-05 1.300e-04 -1.000 3.564e-04 3.650 4.393 3.859 3.648 3.614 3.635 3.651
0.00043772 -1.55000 10.04922 0.8041330576 2.4201613177    0.803  0.498  3.8076  4.027    1  0.000  0.529     0.00     0.00     0.00     0.00     0.00 -1 -4.24e-13      0.00 8.564e-01 1.432e-01 5.201e-05 1.433e-05 1.311e-04 -1.000 3.577e-04 3.525 4.279 3.738 3.519 3.482 3.500 3.514
0.00043772 -1.55000 10.04922 0.8048856854 2.4204211473    0.804  0.508  3.8067  4.014    1  0.000  0.529     0.00     0.00     0.00     0.00     0.00 -1 -4.44e-13      0.00 8.562e-01 1.434e-01 5.209e-05 1.435e-05 1.313e-04 -1.000 3.579e-04 3.500 4.257 3.715 3.493 3.454 3.471 3.485
0.00043772 -1.55000 10.04922 0.8055845499 2.4206619163    0.804  0.518  3.8056  3.999    1  0.000  0.529     0.00     0.00     0.00     0.00     0.00 -1 -4.61e-13      0.00 8.560e-01 1.437e-01 5.216e-05 1.437e-05 1.315e-04 -1.000 3.581e-04 3.474 4.235 3.691 3.466 3.425 3.442 3.455
0.00043772 -1.55000 10.04922 0.8079332709 2.4214675760    0.806  0.555  3.8007  3.945    2  0.000  0.529     0.00     0.00     0.00     0.00     0.00 -1 -5.31e-13      0.00 8.552e-01 1.444e-01 5.242e-05 1.444e-05 1.321e-04 -1.000 3.587e-04 3.383 4.163 3.610 3.370 3.322 3.334 3.346
0.00043772 -1.55000 10.04922 0.8097234368 2.4220780315    0.808  0.586  3.7950  3.891    2  0.000  0.529     0.00     0.00     0.00     0.00     0.00 -1 -6.05e-13      0.00 8.546e-01 1.450e-01 5.262e-05 1.449e-05 1.326e-04 -1.000 3.594e-04 3.304 4.109 3.544 3.286 3.230 3.236 3.246
0.00043772 -1.55000 10.04922 0.8111204505 2.4225522681    0.810  0.614  3.7879  3.836    2  0.000  0.529     0.00     0.00     0.00     0.00     0.00 -1 -6.88e-13      0.00 8.542e-01 1.455e-01 5.277e-05 1.454e-05 1.330e-04 -1.000 3.597e-04 3.234 4.071 3.491 3.210 3.143 3.142 3.149
0.00043772 -1.55000 10.04922 0.8122442365 2.4229323923    0.811  0.638  3.7807  3.783    2  0.000  0.530     0.00     0.00     0.00     0.00     0.00 -1 -7.73e-13      0.00 8.437e-01 1.560e-01 5.609e-05 1.544e-05 1.412e-04 -1.000 3.562e-04 3.174 4.047 3.449 3.144 3.066 3.058 3.062
0.00043772 -1.55000 10.04922 0.8131801486 2.4232480457    0.811  0.660  3.7733  3.733    2  0.000  0.531     0.00     0.00     0.00     0.00     0.00 -1  -8.6e-13      0.00 8.263e-01 1.733e-01 6.110e-05 1.679e-05 1.533e-04 -1.000 3.468e-04 3.121 4.037 3.415 3.085 2.996 2.980 2.982
0.00043772 -1.55000 10.04922 0.8139955401 2.4235223709    0.812  0.680  3.7662  3.684    2  0.000  0.533     0.00     0.00     0.00     0.00     0.00 -1 -9.53e-13      0.00 8.061e-01 1.935e-01 6.633e-05 1.819e-05 1.658e-04 -1.000 3.689e-04 3.070 4.031 3.384 3.030 2.929 2.907 2.906
0.00043772 -1.55000 10.04922 0.8147476912 2.4237748602    0.813  0.703  3.7593  3.634    2  0.000  0.535     0.00     0.00     0.00     0.00     0.00 -1 -1.06e-12      0.00 7.897e-01 2.100e-01 7.055e-05 1.932e-05 1.758e-04 -1.000 3.806e-04 3.013 4.020 3.348 2.970 2.859 2.829 2.826
0.00043772 -1.55000 10.04922 0.8155027628 2.4240277911    0.814  0.733  3.7525  3.578    2  0.000  0.536     0.00     0.00     0.00     0.00     0.00 -1 -1.21e-12      0.00 7.789e-01 2.207e-01 7.330e-05 2.006e-05 1.824e-04 -1.000 4.094e-04 2.938 3.995 3.295 2.893 2.771 2.734 2.728
0.00043772 -1.55000 10.04922 0.8160932064 2.4242252007    0.814  0.765  3.7479  3.528    2  0.000  0.536     0.00     0.00     0.00     0.00     0.00 -1 -1.38e-12      0.00 7.734e-01 2.262e-01 7.470e-05 2.043e-05 1.858e-04 -1.000 4.202e-04 2.858 3.950 3.231 2.812 2.683 2.642 2.634
0.00043772 -1.55000 10.04922 0.8166776896 2.4244202942    0.815  0.803  3.7439  3.474    2  0.000  0.536     0.00     0.00     0.00     0.00     0.00 -1 -1.61e-12      0.00 7.696e-01 2.300e-01 7.568e-05 2.069e-05 1.881e-04 -1.000 3.709e-04 2.764 3.886 3.149 2.717 2.582 2.536 2.527
0.00043772 -1.55000 10.04922 0.8168639541 2.4244823996    0.815  0.817  3.7429  3.456    2  0.000  0.537     0.00     0.00     0.00     0.00     0.00 -1  -1.7e-12      0.00 7.686e-01 2.310e-01 7.589e-05 2.075e-05 1.886e-04 -1.000 3.904e-04 2.727 3.856 3.115 2.681 2.544 2.497 2.487
0.00043772 -1.55000 10.04922 0.8173638582 2.4246489196    0.815  0.858  3.7405  3.405    3  0.000  0.537     0.00     0.00     0.00     0.00     0.00 -1 -1.97e-12      0.00 7.662e-01 2.333e-01 7.642e-05 2.089e-05 1.899e-04 -1.000 4.472e-04 2.624 3.772 3.021 2.578 2.437 2.388 2.377
0.00043772 -1.55000 10.04922 0.8179105520 2.4248307575    0.816  0.907  3.7381  3.347    3  0.000  0.537     0.00     0.00     0.00     0.00     0.00 -1 -2.36e-12      0.00 7.639e-01 2.357e-01 7.689e-05 2.101e-05 1.910e-04 -1.000 4.289e-04 2.502 3.670 2.908 2.457 2.312 2.260 2.248
0.00043772 -1.55000 10.04922 0.8183747530 2.4249849379    0.816  0.952  3.7363  3.295    3  0.000  0.537     0.00     0.00     0.00     0.00     0.00 -1 -2.78e-12      0.00 7.620e-01 2.376e-01 7.721e-05 2.110e-05 1.918e-04 -1.000 4.286e-04 2.390 3.573 2.802 2.345 2.198 2.144 2.130
0.00043772 -1.55000 10.04922 0.8188182712 2.4251320608    0.817  0.998  3.7346  3.242    3  0.000  0.537     0.00     0.00     0.00     0.00     0.00 -1 -3.28e-12      0.00 7.603e-01 2.393e-01 7.747e-05 2.118e-05 1.924e-04 -1.000 4.565e-04 2.275 3.472 2.693 2.231 2.081 2.025 2.011
0.00043772 -1.55000 10.04922 0.8192688227 2.4252813293    0.817  1.048  3.7329  3.186    3  0.000  0.537     0.00     0.00     0.00     0.00     0.00 -1 -3.93e-12      0.00 7.584e-01 2.411e-01 7.767e-05 2.125e-05 1.930e-04 -1.000 4.445e-04 2.149 3.360 2.573 2.106 1.954 1.896 1.881
0.00043772 -1.55000 10.04922 0.8196828365 2.4254183265    0.817  1.098  3.7314  3.130    3  0.000  0.536     0.00     0.00     0.00     0.00     0.00 -1  -4.7e-12      0.00 7.568e-01 2.428e-01 7.776e-05 2.132e-05 1.935e-04 -1.000 4.365e-04 2.024 3.248 2.454 1.983 1.828 1.768 1.752
0.00043772 -1.55000 10.04922 0.8200544715 2.4255411649    0.818  1.147  3.7298  3.075    3  0.000  0.535     0.00     0.00     0.00     0.00     0.00 -1 -5.59e-12      0.00 7.553e-01 2.443e-01 7.773e-05 2.142e-05 1.938e-04 -1.000 4.270e-04 1.903 3.139 2.339 1.862 1.705 1.643 1.626
0.00043772 -1.55000 10.04922 0.8203794360 2.4256484723    0.818  1.193  3.7284  3.024    3  0.000  0.533     0.00     0.00     0.00     0.00     0.00 -1 -6.59e-12      0.00 7.539e-01 2.457e-01 7.761e-05 2.156e-05 1.941e-04 -1.000 4.248e-04 1.789 3.037 2.230 1.749 1.590 1.526 1.508
0.00043772 -1.55000 10.04922 0.8206959963 2.4257529105    0.818  1.241  3.7269  2.969    3  0.000  0.531     0.00     0.00     0.00     0.00     0.00 -1 -7.85e-12      0.00 7.526e-01 2.469e-01 7.736e-05 2.179e-05 1.943e-04 -1.000 4.549e-04 1.667 2.929 2.114 1.628 1.467 1.402 1.383
0.00043772 -1.55000 10.04922 0.8209996223 2.4258529946    0.818  1.292  3.7253  2.912    3  0.000  0.528     0.00     0.00     0.00     0.00     0.00 -1 -9.42e-12      0.00 7.515e-01 2.481e-01 7.700e-05 2.212e-05 1.945e-04 -1.000 4.378e-04 1.540 2.816 1.993 1.502 1.338 1.271 1.251
0.00043772 -1.55000 10.04922 0.8212542534 2.4259368628    0.818  1.339  3.7238  2.859    3  0.000  0.525     0.00     0.00     0.00     0.00     0.00 -1 -1.11e-11      0.00 7.506e-01 2.489e-01 7.665e-05 2.248e-05 1.946e-04 -1.000 4.224e-04 1.423 2.714 1.882 1.386 1.220 1.151 1.131
0.00043772 -1.55000 10.04922 0.8214864135 2.4260132776    0.818  1.385  3.7223  2.807    3  0.000  0.523     0.00     0.00     0.00     0.00     0.00 -1 -1.32e-11      0.00 7.499e-01 2.496e-01 7.630e-05 2.285e-05 1.947e-04 -1.000 4.540e-04 1.308 2.612 1.772 1.272 1.103 1.033 1.011
0.00043772 -1.55000 10.04922 0.8217048049 2.4260851152    0.819  1.432  3.7207  2.754    3  0.000  0.520     0.00     0.00     0.00     0.00     0.00 -1 -1.56e-11      0.00 7.494e-01 2.502e-01 7.598e-05 2.320e-05 1.948e-04 -1.000 4.456e-04 1.190 2.508 1.661 1.155 0.984 0.911 0.889
0.00043772 -1.55000 10.04922 0.8218978643 2.4261485835    0.819  1.478  3.7190  2.702    3  0.000  0.519     0.00     0.00     0.00     0.00     0.00 -1 -1.84e-11      0.00 7.490e-01 2.506e-01 7.575e-05 2.346e-05 1.949e-04 -1.000 4.400e-04 1.076 2.410 1.554 1.043 0.869 0.794 0.771
0.00043772 -1.55000 10.04922 0.8220814466 2.4262089044    0.819  1.525  3.7174  2.648    3  0.000  0.517     0.00     0.00     0.00     0.00     0.00 -1 -2.18e-11      0.00 7.487e-01 2.509e-01 7.557e-05 2.367e-05 1.950e-04 -1.000 4.484e-04 0.958 2.309 1.443 0.926 0.750 0.673 0.649
0.00043772 -1.55000 10.04922 0.8222432733 2.4262620512    0.819  1.570  3.7157  2.595    3  0.000  0.517     0.00     0.00     0.00     0.00     0.00 -1 -2.57e-11      0.00 7.485e-01 2.511e-01 7.545e-05 2.380e-05 1.950e-04 -1.000 4.565e-04 0.844 2.212 1.337 0.814 0.635 0.556 0.531
0.00043772 -1.55000 10.04922 0.8223873377 2.4263093444    0.819  1.614  3.7140  2.545    3  0.000  0.516     0.00     0.00     0.00     0.00     0.00 -1 -3.02e-11      0.00 7.484e-01 2.512e-01 7.540e-05 2.388e-05 1.950e-04 -1.000 4.564e-04 0.734 2.118 1.235 0.706 0.524 0.443 0.418
0.00043772 -1.55000 10.04922 0.8225245476 2.4263543696    0.818  1.660  3.7123  2.492    3  0.000  0.516     0.00     0.00     0.00     0.00     0.00 -1 -3.56e-11      0.00 7.483e-01 2.512e-01 7.537e-05 2.390e-05 1.950e-04 -1.000 4.565e-04 0.620 2.022 1.128 0.594 0.409 0.326 0.299
0.00043772 -1.55000 10.04922 0.8226487637 2.4263951161    0.818  1.705  3.7105  2.440    3  0.000  0.516     0.00     0.00     0.00     0.00     0.00 -1  -4.2e-11      0.00 7.483e-01 2.512e-01 7.537e-05 2.391e-05 1.950e-04 -1.000 4.564e-04 0.508 1.930 1.024 0.482 0.294 0.209 0.182
0.00043772 -1.55000 10.04922 0.8227581382 2.4264309823    0.818  1.748  3.7087  2.390    3  0.000  0.516     0.00     0.00     0.00     0.00     0.00 -1 -4.91e-11      0.00 7.483e-01 2.512e-01 7.536e-05 2.392e-05 1.950e-04 -1.000 4.565e-04 0.401 1.844 0.925 0.376 0.185 0.098 0.070
0.00043772 -1.55000 10.04922 0.8228586316 2.4264639266    0.818  1.790  3.7070  2.340    3  0.000  0.516     0.00     0.00     0.00     0.00     0.00 -1 -5.74e-11      0.00 7.483e-01 2.512e-01 7.536e-05 2.393e-05 1.950e-04 -1.000 4.565e-04 0.294 1.760 0.827 0.271 0.077 -0.012 -0.041
0.00043772 -1.55000 10.04922 0.8229558468 2.4264957874    0.818  1.835  3.7051  2.288    3  0.000  0.516     0.00     0.00     0.00     0.00     0.00 -1 -6.75e-11      0.00 7.483e-01 2.512e-01 7.535e-05 2.393e-05 1.950e-04 -1.000 4.564e-04 0.183 1.672 0.725 0.161 -0.036 -0.127 -0.158
0.00043772 -1.55000 10.04922 0.8230409622 2.4265236756    0.818  1.877  3.7032  2.239    3  0.000  0.516     0.00     0.00     0.00     0.00     0.00 -1 -7.88e-11      0.00 7.483e-01 2.512e-01 7.535e-05 2.394e-05 1.950e-04 -1.000 4.565e-04 0.078 1.590 0.629 0.057 -0.143 -0.236 -0.267
0.00043772 -1.55000 10.04922 0.8231192231 2.4265493121    0.817  1.918  3.7014  2.190    3  0.000  0.516     0.00     0.00     0.00     0.00     0.00 -1 -9.17e-11      0.00 7.483e-01 2.512e-01 7.535e-05 2.394e-05 1.950e-04 -1.000 4.565e-04 -0.026 1.509 0.535 -0.045 -0.248 -0.344 -0.376
0.00043772 -1.55000 10.04922 0.8231933713 2.4265735961    0.817  1.960  3.6995  2.140    3  0.000  0.516     0.00     0.00     0.00     0.00     0.00 -1 -1.07e-10      0.00 7.483e-01 2.512e-01 7.534e-05 2.395e-05 1.950e-04 -1.000 4.565e-04 -0.131 1.429 0.440 -0.148 -0.355 -0.453 -0.486
0.00043772 -1.55000 10.04922 0.8232585788 2.4265949479    0.817  2.000  3.6977  2.093    3  0.000  0.516     0.00     0.00     0.00     0.00     0.00 -1 -1.24e-10      0.00 7.483e-01 2.513e-01 7.534e-05 2.395e-05 1.950e-04 -1.000 4.564e-04 -0.229 1.356 0.352 -0.243 -0.453 -0.554 -0.588
0.00043772 -1.55000 10.04922 0.8233214021 2.4266155152    0.817  2.037  3.6960  2.049    3  0.000  0.516     0.00     0.00     0.00     0.00     0.00 -1 -1.42e-10      0.00 7.483e-01 2.513e-01 7.534e-05 2.395e-05 1.950e-04 -1.000 4.565e-04 -0.323 1.286 0.268 -0.335 -0.548 -0.651 -0.686
0.00043772 -1.55000 10.04922 0.8233866096 2.4266368593    0.816  2.071  3.6944  2.008    3  0.000  0.516     0.00     0.00     0.00     0.00     0.00 -1 -1.61e-10      0.00 7.483e-01 2.513e-01 7.534e-05 2.396e-05 1.950e-04 -1.000 4.565e-04 -0.408 1.223 0.192 -0.418 -0.634 -0.738 -0.774
0.00043772 -1.55000 10.04922 0.8234449625 2.4266559565    0.816  2.095  3.6933  1.980    3  0.000  0.516     0.00     0.00     0.00     0.00     0.00 -1 -1.76e-10      0.00 7.483e-01 2.513e-01 7.533e-05 2.396e-05 1.950e-04 -1.000 4.565e-04 -0.468 1.178 0.138 -0.477 -0.695 -0.801 -0.837
0.00043772 -1.55000 10.04922 0.8234925270 2.4266715206    0.815  2.079  3.6944  2.000    3  0.000  0.516     0.00     0.00     0.00     0.00     0.00 -1 -1.68e-10      0.00 7.483e-01 2.513e-01 7.533e-05 2.397e-05 1.950e-04 -1.000 4.565e-04 -0.428 1.202 0.172 -0.439 -0.654 -0.759 -0.795
0.00043772 -1.55000 10.04922 0.8234989047 2.4266736073    0.815  2.077  3.6945  2.002    3  0.000  0.516     0.00     0.00     0.00     0.00     0.00 -1 -1.66e-10      0.00 7.483e-01 2.513e-01 7.533e-05 2.397e-05 1.950e-04 -1.000 4.565e-04 -0.423 1.205 0.176 -0.433 -0.649 -0.753 -0.789
0.00043772 -1.55000 10.04922 0.8235312700 2.4266841966    0.815  2.104  3.6933  1.971    3  0.000  0.516     0.00     0.00     0.00     0.00     0.00 -1 -1.82e-10      0.00 7.483e-01 2.513e-01 7.533e-05 2.397e-05 1.950e-04 -1.000 4.564e-04 -0.489 1.159 0.118 -0.498 -0.716 -0.822 -0.859
0.00043772 -1.55000 10.04922 0.8235803843 2.4267002639    0.815  2.146  3.6912  1.920    3  0.000  0.516     0.00     0.00     0.00     0.00     0.00 -1 -2.12e-10      0.00 7.483e-01 2.513e-01 7.533e-05 2.397e-05 1.950e-04 -1.000 4.564e-04 -0.595 1.087 0.025 -0.601 -0.823 -0.932 -0.970
0.00043772 -1.55000 10.04922 0.8236261010 2.4267152178    0.814  2.188  3.6890  1.869    3  0.000  0.516     0.00     0.00     0.00     0.00     0.00 -1 -2.47e-10      0.00 7.483e-01 2.513e-01 7.532e-05 2.397e-05 1.950e-04 -1.000 4.565e-04 -0.700 1.017 -0.067 -0.703 -0.929 -1.041 -1.080
0.00043772 -1.55000 10.04922 0.8236682415 2.4267290002    0.814  2.230  3.6869  1.818    3  0.000  0.516     0.00     0.00     0.00     0.00     0.00 -1 -2.89e-10      0.00 7.483e-01 2.513e-01 7.532e-05 2.398e-05 1.950e-04 -1.000 4.565e-04 -0.805 0.948 -0.157 -0.804 -1.034 -1.148 -1.189
0.00043772 -1.55000 10.04922 0.8237053752 2.4267411437    0.813  2.269  3.6848  1.770    3  0.000  0.516     0.00     0.00     0.00     0.00     0.00 -1 -3.35e-10      0.00 7.483e-01 2.513e-01 7.532e-05 2.398e-05 1.950e-04 -1.000 4.565e-04 -0.903 0.892 -0.241 -0.900 -1.133 -1.251 -1.293
0.00043772 -1.55000 10.04922 0.8237414360 2.4267529352    0.813  2.311  3.6826  1.720    3  0.000  0.516     0.00     0.00     0.00     0.00     0.00 -1  -3.9e-10      0.00 7.482e-01 2.513e-01 7.532e-05 2.398e-05 1.950e-04 -1.000 4.564e-04 -1.006 0.838 -0.328 -1.001 -1.239 -1.359 -1.402
0.00043772 -1.55000 10.04922 0.8237732053 2.4267633224    0.812  2.349  3.6804  1.672    3  0.000  0.516     0.00     0.00     0.00     0.00     0.00 -1 -4.51e-10      0.00 7.482e-01 2.513e-01 7.532e-05 2.398e-05 1.950e-04 -1.000 4.565e-04 -1.103 0.794 -0.408 -1.097 -1.338 -1.461 -1.505
0.00043772 -1.55000 10.04922 0.8238039613 2.4267733774    0.811  2.389  3.6783  1.623    3  0.000  0.515     0.00     0.00     0.00     0.00     0.00 -1 -5.23e-10      0.00 7.482e-01 2.513e-01 7.532e-05 2.399e-05 1.950e-04 -1.000 4.565e-04 -1.204 0.749 -0.491 -1.195 -1.440 -1.566 -1.612
0.00043772 -1.55000 10.04922 0.8238313198 2.4267823210    0.811  2.428  3.6760  1.575    3  0.000  0.515     0.00     0.00     0.00     0.00     0.00 -1 -6.04e-10      0.00 7.482e-01 2.513e-01 7.531e-05 2.399e-05 1.950e-04 -1.000 4.564e-04 -1.300 0.713 -0.567 -1.289 -1.538 -1.666 -1.714
0.00043772 -1.55000 10.04922 0.8238631487 2.4267927250    0.810  2.476  3.6733  1.516    3  0.000  0.515     0.00     0.00     0.00     0.00     0.00 -1 -7.22e-10      0.00 7.482e-01 2.513e-01 7.531e-05 2.399e-05 1.950e-04 -1.000 4.565e-04 -1.419 0.670 -0.661 -1.405 -1.660 -1.792 -1.841
0.00043772 -1.55000 10.04922 0.8238915205 2.4268019983    0.809  2.522  3.6704  1.458    3  0.000  0.515     7.36     5.78     4.10     3.17     2.56  3 -8.59e-10      0.00 7.482e-01 2.513e-01 7.531e-05 2.399e-05 1.950e-04 -1.000 4.564e-04 -1.535 0.640 -0.748 -1.518 -1.778 -1.914 -1.965
0.00043772 -1.55000 10.04922 0.8239137530 2.4268092645    0.808  2.561  3.6682  1.409    3  0.000  0.515     8.15     6.31     4.46     3.45     2.79  3 -9.96e-10      0.00 7.482e-01 2.513e-01 7.531e-05 2.399e-05 1.950e-04 -1.000 4.565e-04 -1.633 0.618 -0.820 -1.611 -1.877 -2.016 -2.069
0.00043772 -1.55000 10.04922 0.8239373565 2.4268169782    0.807  2.606  3.6654  1.353    3  0.000  0.515     9.18     6.99     4.91     3.81     3.08  3 -1.18e-09      0.00 7.482e-01 2.513e-01 7.531e-05 2.399e-05 1.950e-04 -1.000 4.565e-04 -1.744 0.604 -0.898 -1.718 -1.990 -2.133 -2.187
0.00043772 -1.55000 10.04922 0.8239563107 2.4268231721    0.806  2.644  3.6631  1.304    3  0.000  0.515    10.16     7.62     5.33     4.14     3.35  3 -1.36e-09      0.00 7.482e-01 2.513e-01 7.531e-05 2.399e-05 1.950e-04 -1.000 4.565e-04 -1.840 0.594 -0.965 -1.809 -2.087 -2.233 -2.289
0.00043772 -1.55000 10.04922 0.8239762783 2.4268296969    0.804  2.687  3.6603  1.249    3  0.000  0.515    11.42     8.41     5.86     4.56     3.69  3  -1.6e-09      0.00 7.482e-01 2.513e-01 7.531e-05 2.400e-05 1.950e-04 -1.000 4.564e-04 -1.948 0.593 -1.036 -1.911 -2.196 -2.346 -2.405
0.00043772 -1.55000 10.04922 0.8239954114 2.4268359486    0.803  2.732  3.6574  1.192    3  0.000  0.515    12.87     9.32     6.47     5.03     4.08  3  -1.9e-09      0.00 7.482e-01 2.513e-01 7.531e-05 2.400e-05 1.950e-04 -1.000 4.565e-04 -2.060 0.594 -1.106 -2.014 -2.307 -2.462 -2.523
0.00043772 -1.55000 10.04922 0.8240132332 2.4268417715    0.801  2.777  3.6545  1.135    3  0.000  0.515    14.53    10.34     7.14     5.57     4.51  2 -2.25e-09      0.00 7.482e-01 2.513e-01 7.531e-05 2.400e-05 1.950e-04 -1.000 4.565e-04 -2.172 0.574 -1.181 -2.115 -2.416 -2.576 -2.639
0.00043772 -1.55000 10.04922 0.8240286708 2.4268468153    0.799  2.819  3.6516  1.081    3  0.000  0.515    16.28    11.39     7.83     6.12     4.96  2 -2.64e-09      0.00 7.482e-01 2.513e-01 7.531e-05 2.400e-05 1.950e-04 -1.000 4.564e-04 -2.276 0.557 -1.249 -2.208 -2.518 -2.682 -2.747
0.00043772 -1.55000 10.04922 0.8240438700 2.4268517809    0.797  2.862  3.6487  1.024    3  0.000  0.515    18.35    12.62     8.63     6.75     5.47  2 -3.12e-09      0.00 7.482e-01 2.513e-01 7.531e-05 2.400e-05 1.950e-04 -1.000 4.564e-04 -2.386 0.540 -1.320 -2.306 -2.623 -2.793 -2.861
0.00043772 -1.55000 10.04922 0.8240570426 2.4268560842    0.795  2.903  3.6459  0.970    3  0.000  0.515    20.54    13.89     9.46     7.41     6.01  2 -3.65e-09      0.00 7.482e-01 2.513e-01 7.530e-05 2.400e-05 1.950e-04 -1.000 4.564e-04 -2.489 0.534 -1.381 -2.394 -2.721 -2.896 -2.966
0.00043772 -1.55000 10.04922 0.8240697980 2.4268602512    0.793  2.946  3.6430  0.915    3  0.000  0.515    23.06    15.33    10.39     8.16     6.61  2  -4.3e-09      0.00 7.482e-01 2.513e-01 7.530e-05 2.400e-05 1.950e-04 -1.000 4.564e-04 -2.594 0.530 -1.442 -2.486 -2.822 -3.003 -3.075
0.00043772 -1.55000 10.04922 0.8240817785 2.4268641648    0.790  2.988  3.6400  0.859    3  0.000  0.515    25.93    16.94    11.44     8.99     7.29  2 -5.06e-09      0.00 7.482e-01 2.513e-01 7.530e-05 2.400e-05 1.950e-04 -1.000 4.564e-04 -2.700 0.529 -1.502 -2.577 -2.923 -3.110 -3.185
0.00043772 -1.55000 10.04922 0.8240922093 2.4268675721    0.787  3.028  3.6371  0.807    3  0.000  0.515    28.96    18.61    12.51     9.85     7.99  1  -5.9e-09      0.00 7.482e-01 2.513e-01 7.530e-05 2.400e-05 1.950e-04 -1.000 4.565e-04 -2.799 0.532 -1.552 -2.659 -3.016 -3.208 -3.285
0.00043772 -1.55000 10.04922 0.8241022825 2.4268708625    0.784  3.068  3.6343  0.753    3  0.000  0.515    32.42    20.49    13.71    10.81     8.77  1  -6.9e-09      0.00 7.482e-01 2.513e-01 7.530e-05 2.400e-05 1.950e-04 -1.000 4.564e-04 -2.901 0.534 -1.605 -2.743 -3.111 -3.309 -3.389
0.00043772 -1.55000 10.04922 0.8241118193 2.4268739775    0.781  3.109  3.6313  0.699    3  0.000  0.515    36.34    22.58    15.04    11.88     9.64  1 -8.09e-09      0.00 7.482e-01 2.513e-01 7.530e-05 2.400e-05 1.950e-04 -1.000 4.565e-04 -3.002 0.540 -1.654 -2.826 -3.205 -3.409 -3.492
0.00043772 -1.55000 10.04922 0.8241204619 2.4268768005    0.777  3.148  3.6284  0.646    3  0.000  0.515    40.59    24.81    16.45    13.01    10.56  1 -9.43e-09      0.00 7.482e-01 2.513e-01 7.530e-05 2.401e-05 1.950e-04 -1.000 4.564e-04 -3.100 0.544 -1.701 -2.906 -3.295 -3.506 -3.591
0.00043772 -1.55000 10.04922 0.8241289854 2.4268795845    0.773  3.189  3.6255  0.591    3  0.000  0.515    45.59    27.37    18.07    14.32    11.63  1 -1.11e-08      0.00 7.482e-01 2.513e-01 7.530e-05 2.401e-05 1.950e-04 -1.000 4.564e-04 -3.203 0.545 -1.751 -2.989 -3.390 -3.607 -3.695
0.00043772 -1.55000 10.04922 0.8241366744 2.4268820958    0.769  3.228  3.6227  0.538    3  0.000  0.515    50.92    30.07    19.76    15.68    12.74  1 -1.29e-08      0.00 7.482e-01 2.513e-01 7.530e-05 2.401e-05 1.950e-04 -1.000 4.565e-04 -3.300 0.550 -1.796 -3.066 -3.478 -3.702 -3.792
0.00043772 -1.55000 10.04922 0.8241440654 2.4268845098    0.764  3.267  3.6198  0.485    3  0.000  0.515    56.93    33.05    21.63    17.19    13.96  1 -1.51e-08      0.00 7.482e-01 2.513e-01 7.530e-05 2.401e-05 1.950e-04 -1.000 4.565e-04 -3.398 0.554 -1.838 -3.144 -3.567 -3.797 -3.891
0.00043772 -1.55000 10.04922 0.8241503239 2.4268865538    0.759  3.298  3.6176  0.442    3  0.000  0.515    62.27    35.65    23.25    18.50    15.03  1 -1.71e-08      0.00 7.482e-01 2.513e-01 7.530e-05 2.401e-05 1.950e-04 -1.000 4.565e-04 -3.476 0.555 -1.865 -3.202 -3.637 -3.873 -3.969
0.00043772 -1.55000 10.04922 0.8241503239 2.4268865538    0.759  1.732  3.7719  2.626    4  0.000  0.526     0.00     0.00     0.00     0.00     0.00 -1    -1e-30      0.00 7.438e-01 2.558e-01 7.843e-05 2.301e-05 1.992e-04 -1.000 4.565e-04 0.439 1.332 0.697 0.388 0.306 0.287 0.287
0.00043772 -1.55000 10.04922 0.8242037892 2.4269040142    0.759  1.751  3.7687  2.594    4  0.000  0.526     0.00     0.00     0.00     0.00     0.00 -1    -1e-30      0.00 7.438e-01 2.558e-01 7.843e-05 2.301e-05 1.992e-04 -1.000 4.565e-04 0.392 1.306 0.661 0.341 0.253 0.231 0.230
0.00043772 -1.55000 10.04922 0.8242549896 2.4269207325    0.759  1.754  3.7687  2.591    4  0.000  0.526     0.00     0.00     0.00     0.00     0.00 -1    -1e-30      0.00 7.438e-01 2.558e-01 7.843e-05 2.301e-05 1.992e-04 -1.000 4.564e-04 0.385 1.300 0.655 0.335 0.247 0.225 0.224
0.00043772 -1.55000 10.04922 0.8243065476 2.4269375652    0.760  1.755  3.7690  2.592    4  0.000  0.526     0.00     0.00     0.00     0.00     0.00 -1    -1e-30      0.00 7.438e-01 2.558e-01 7.843e-05 2.301e-05 1.992e-04 -1.000 4.565e-04 0.383 1.295 0.651 0.332 0.245 0.223 0.222
0.00043772 -1.55000 10.04922 0.8243590593 2.4269547067    0.760  1.755  3.7697  2.594    4  0.000  0.526     0.00     0.00     0.00     0.00     0.00 -1    -1e-30      0.00 7.438e-01 2.558e-01 7.843e-05 2.301e-05 1.992e-04 -1.000 4.565e-04 0.382 1.289 0.647 0.331 0.245 0.224 0.223
0.00043772 -1.55000 10.04922 0.8244124055 2.4269721181    0.760  1.755  3.7705  2.597    4  0.000  0.526     0.00     0.00     0.00     0.00     0.00 -1    -1e-30      0.00 7.438e-01 2.558e-01 7.843e-05 2.301e-05 1.992e-04 -1.000 4.565e-04 0.382 1.283 0.644 0.331 0.246 0.226 0.225
0.00043772 -1.55000 10.04922 0.8244664073 2.4269897408    0.760  1.755  3.7716  2.602    4  0.000  0.526     0.00     0.00     0.00     0.00     0.00 -1    -1e-30      0.00 7.438e-01 2.558e-01 7.843e-05 2.301e-05 1.992e-04 -1.000 4.564e-04 0.383 1.277 0.641 0.332 0.249 0.230 0.229
0.00043772 -1.55000 10.04922 0.8245190382 2.4270069136    0.760  1.754  3.7727  2.607    4  0.000  0.526     0.00     0.00     0.00     0.00     0.00 -1    -1e-30      0.00 7.438e-01 2.558e-01 7.843e-05 2.301e-05 1.992e-04 -1.000 4.565e-04 0.384 1.271 0.638 0.333 0.253 0.234 0.235
0.00043772 -1.55000 10.04922 0.8245724440 2.4270243367    0.760  1.753  3.7740  2.613    4  0.000  0.526     0.00     0.00     0.00     0.00     0.00 -1    -1e-30      0.00 7.438e-01 2.558e-01 7.843e-05 2.301e-05 1.992e-04 -1.000 4.565e-04 0.386 1.265 0.636 0.335 0.257 0.240 0.241
0.00043772 -1.55000 10.04922 0.8246284723 2.4270426125    0.760  1.752  3.7753  2.619    4  0.000  0.526     0.00     0.00     0.00     0.00     0.00 -1    -1e-30      0.00 7.438e-01 2.558e-01 7.843e-05 2.301e-05 1.992e-04 -1.000 4.565e-04 0.389 1.259 0.633 0.338 0.262 0.246 0.247
0.00043772 -1.55000 10.04922 0.8246843219 2.4270608272    0.760  1.752  3.7765  2.625    4  0.000  0.526     0.00     0.00     0.00     0.00     0.00 -1    -1e-30      0.00 7.438e-01 2.558e-01 7.843e-05 2.301e-05 1.992e-04 -1.000 4.565e-04 0.391 1.253 0.631 0.340 0.266 0.251 0.253
0.00043772 -1.55000 10.04922 0.8247404695 2.4270791362    0.760  1.751  3.7776  2.630    4  0.000  0.526     0.00     0.00     0.00     0.00     0.00 -1    -1e-30      0.00 7.438e-01 2.558e-01 7.843e-05 2.301e-05 1.992e-04 -1.000 4.564e-04 0.393 1.247 0.629 0.342 0.270 0.256 0.259
0.00043772 -1.55000 10.04922 0.8247944713 2.4270967428    0.760  1.750  3.7786  2.635    4  0.000  0.526     0.00     0.00     0.00     0.00     0.00 -1    -1e-30      0.00 7.438e-01 2.558e-01 7.843e-05 2.301e-05 1.992e-04 -1.000 4.565e-04 0.394 1.243 0.627 0.343 0.273 0.260 0.263
0.00043772 -1.55000 10.04922 0.8248470426 2.4271138804    0.760  1.750  3.7793  2.638    4  0.000  0.526     0.00     0.00     0.00     0.00     0.00 -1    -1e-30      0.00 7.438e-01 2.558e-01 7.843e-05 2.301e-05 1.992e-04 -1.000 4.565e-04 0.395 1.239 0.625 0.344 0.275 0.263 0.266
0.00043772 -1.55000 10.04922 0.8248924017 2.4271286650    0.760  1.750  3.7798  2.640    4  0.000  0.526     0.00     0.00     0.00     0.00     0.00 -1    -1e-30      0.00 7.438e-01 2.558e-01 7.843e-05 2.301e-05 1.992e-04 -1.000 4.565e-04 0.395 1.236 0.623 0.344 0.277 0.265 0.268
0.00043772 -1.55000 10.04922 0.8248980045 2.4271304911    0.760  1.750  3.7799  2.640    4  0.000  0.526     0.00     0.00     0.00     0.00     0.00 -1    -1e-30      0.00 7.438e-01 2.558e-01 7.843e-05 2.301e-05 1.992e-04 -1.000 4.565e-04 0.395 1.236 0.623 0.344 0.277 0.265 0.268
0.00043772 -1.55000 10.04922 0.8249496222 2.4271473130    0.760  1.750  3.7801  2.641    4  0.000  0.526     0.00     0.00     0.00     0.00     0.00 -1    -1e-30      0.00 7.438e-01 2.558e-01 7.843e-05 2.301e-05 1.992e-04 -1.000 4.565e-04 0.395 1.234 0.622 0.344 0.276 0.265 0.268
0.00043772 -1.55000 10.04922 0.8250039220 2.4271650064    0.760  1.751  3.7799  2.640    4  0.000  0.526     0.00     0.00     0.00     0.00     0.00 -1    -1e-30      0.00 7.438e-01 2.558e-01 7.843e-05 2.301e-05 1.992e-04 -1.000 4.565e-04 0.393 1.233 0.621 0.342 0.275 0.263 0.266
0.00043772 -1.55000 10.04922 0.8250178099 2.4271695313    0.760  1.751  3.7798  2.639    4  0.000  0.526     0.00     0.00     0.00     0.00     0.00 -1    -1e-30      0.00 7.438e-01 2.558e-01 7.843e-05 2.301e-05 1.992e-04 -1.000 4.565e-04 0.392 1.233 0.620 0.341 0.274 0.262 0.265
0.00043772 -1.55000 10.04922 0.8250558376 2.4271819205    0.760  1.752  3.7795  2.637    4  0.000  0.526     0.00     0.00     0.00     0.00     0.00 -1    -1e-30      0.00 7.438e-01 2.558e-01 7.843e-05 2.301e-05 1.992e-04 -1.000 4.565e-04 0.391 1.233 0.620 0.340 0.271 0.259 0.263
0.00043772 -1.55000 10.04922 0.8251066208 2.4271984632    0.760  1.753  3.7787  2.632    4  0.000  0.526     0.00     0.00     0.00     0.00     0.00 -1    -1e-30      0.00 7.438e-01 2.558e-01 7.843e-05 2.301e-05 1.992e-04 -1.000 4.565e-04 0.387 1.235 0.619 0.336 0.266 0.253 0.256
0.00043772 -1.55000 10.04922 0.8251557350 2.4272144601    0.760  1.755  3.7777  2.627    4  0.000  0.526     0.00     0.00     0.00     0.00     0.00 -1    -1e-30      0.00 7.438e-01 2.558e-01 7.843e-05 2.301e-05 1.992e-04 -1.000 4.564e-04 0.383 1.237 0.619 0.332 0.261 0.247 0.249
0.00043772 -1.55000 10.04922 0.8252054453 2.4272306488    0.761  1.757  3.7761  2.619    4  0.000  0.526     0.00     0.00     0.00     0.00     0.00 -1    -1e-30      0.00 7.438e-01 2.558e-01 7.843e-05 2.301e-05 1.992e-04 -1.000 4.565e-04 0.377 1.242 0.619 0.326 0.252 0.237 0.238
0.00043772 -1.55000 10.04922 0.8252561688 2.4272471652    0.761  1.760  3.7745  2.610    4  0.000  0.526     0.00     0.00     0.00     0.00     0.00 -1    -1e-30      0.00 7.438e-01 2.558e-01 7.843e-05 2.301e-05 1.992e-04 -1.000 4.564e-04 0.371 1.246 0.618 0.320 0.243 0.226 0.227
0.00043772 -1.55000 10.04922 0.8252806067 2.4272551218    0.761  1.761  3.7738  2.605    4  0.000  0.526     0.00     0.00     0.00     0.00     0.00 -1    -1e-30      0.00 7.438e-01 2.558e-01 7.843e-05 2.301e-05 1.992e-04 -1.000 4.565e-04 0.368 1.248 0.618 0.317 0.238 0.221 0.222
0.00043772 -1.55000 10.04922 0.8252882361 2.4272576057    0.761  1.761  3.7734  2.603    4  0.000  0.526     0.00     0.00     0.00     0.00     0.00 -1    -1e-30      0.00 7.438e-01 2.558e-01 7.843e-05 2.301e-05 1.992e-04 -1.000 4.565e-04 0.366 1.249 0.618 0.315 0.236 0.218 0.219
0.00043772 -1.55000 10.04922 0.8253330588 2.4272721974    0.761  1.765  3.7711  2.591    4  0.000  0.526     0.00     0.00     0.00     0.00     0.00 -1    -1e-30      0.00 7.438e-01 2.558e-01 7.843e-05 2.301e-05 1.992e-04 -1.000 4.565e-04 0.358 1.256 0.618 0.307 0.224 0.203 0.203
0.00043772 -1.55000 10.04922 0.8253767490 2.4272864187    0.761  1.768  3.7688  2.578    4  0.000  0.526     0.00     0.00     0.00     0.00     0.00 -1    -1e-30      0.00 7.438e-01 2.558e-01 7.843e-05 2.301e-05 1.992e-04 -1.000 4.565e-04 0.349 1.262 0.617 0.298 0.211 0.188 0.187
0.00043772 -1.55000 10.04922 0.8254234791 2.4273016276    0.761  1.773  3.7664  2.564    4  0.000  0.526     0.00     0.00     0.00     0.00     0.00 -1    -1e-30      0.00 7.438e-01 2.558e-01 7.843e-05 2.301e-05 1.992e-04 -1.000 4.565e-04 0.338 1.268 0.616 0.288 0.196 0.172 0.169
0.00043772 -1.55000 10.04922 0.8254679441 2.4273160975    0.761  1.777  3.7641  2.550    4  0.000  0.526     0.00     0.00     0.00     0.00     0.00 -1    -1e-30      0.00 7.438e-01 2.558e-01 7.843e-05 2.301e-05 1.992e-04 -1.000 4.565e-04 0.327 1.272 0.613 0.277 0.181 0.154 0.151
0.00043772 -1.55000 10.04922 0.8255106211 2.4273299838    0.761  1.782  3.7620  2.538    4  0.000  0.526     0.00     0.00     0.00     0.00     0.00 -1    -1e-30      0.00 7.438e-01 2.558e-01 7.843e-05 2.301e-05 1.992e-04 -1.000 4.565e-04 0.316 1.275 0.610 0.266 0.167 0.138 0.134
0.00043772 -1.55000 10.04922 0.8255546093 2.4273442951    0.761  1.787  3.7599  2.525    4  0.000  0.526     0.00     0.00     0.00     0.00     0.00 -1    -1e-30      0.00 7.438e-01 2.558e-01 7.843e-05 2.301e-05 1.992e-04 -1.000 4.565e-04 0.304 1.276 0.605 0.254 0.151 0.120 0.115
0.00043772 -1.55000 10.04922 0.8255978227 2.4273583525    0.761  1.792  3.7581  2.512    4  0.000  0.526     0.00     0.00     0.00     0.00     0.00 -1    -1e-30      0.00 7.438e-01 2.558e-01 7.843e-05 2.301e-05 1.992e-04 -1.000 4.565e-04 0.290 1.276 0.599 0.241 0.135 0.102 0.097
0.00043772 -1.55000 10.04922 0.8256414533 2.4273725440    0.761  1.798  3.7563  2.499    4  0.000  0.526     0.00     0.00     0.00     0.00     0.00 -1    -1e-30      0.00 7.438e-01 2.558e-01 7.843e-05 2.301e-05 1.992e-04 -1.000 4.565e-04 0.276 1.276 0.592 0.227 0.118 0.083 0.077
0.00043772 -1.55000 10.04922 0.8256851435 2.4273867531    0.761  1.804  3.7545  2.486    4  0.000  0.526     0.00     0.00     0.00     0.00     0.00 -1    -1e-30      0.00 7.438e-01 2.558e-01 7.843e-05 2.301e-05 1.992e-04 -1.000 4.564e-04 0.261 1.274 0.584 0.212 0.100 0.063 0.056
0.00043772 -1.55000 10.04922 0.8257291317 2.4274010574    0.761  1.811  3.7525  2.471    4  0.000  0.526     0.00     0.00     0.00     0.00     0.00 -1    -1e-30      0.00 7.438e-01 2.558e-01 7.843e-05 2.301e-05 1.992e-04 -1.000 4.565e-04 0.243 1.271 0.573 0.194 0.079 0.040 0.032
0.00043772 -1.55000 10.04922 0.8257378936 2.4274039064    0.761  1.810  3.7531  2.474    4  0.000  0.526     0.00     0.00     0.00     0.00     0.00 -1    -1e-30      0.00 7.438e-01 2.558e-01 7.843e-05 2.301e-05 1.992e-04 -1.000 4.565e-04 0.244 1.268 0.572 0.196 0.081 0.043 0.036
0.00043772 -1.55000 10.04922 0.8257830143 2.4274185768    0.761  1.822  3.7500  2.450    4  0.000  0.526     0.00     0.00     0.00     0.00     0.00 -1    -1e-30      0.00 7.438e-01 2.558e-01 7.843e-05 2.301e-05 1.992e-04 -1.000 4.565e-04 0.216 1.263 0.556 0.168 0.048 0.007 -0.002
0.00043772 -1.55000 10.04922 0.8258274794 2.4274330322    0.761  1.836  3.7469  2.423    4  0.000  0.526     0.00     0.00     0.00     0.00     0.00 -1    -1e-30      0.00 7.438e-01 2.558e-01 7.843e-05 2.301e-05 1.992e-04 -1.000 4.565e-04 0.180 1.252 0.532 0.132 0.007 -0.037 -0.047
0.00043772 -1.55000 10.04922 0.8258649111 2.4274451997    0.761  1.869  3.7407  2.365    4  0.000  0.526     0.00     0.00     0.00     0.00     0.00 -1    -1e-30      0.00 7.438e-01 2.558e-01 7.843e-05 2.301e-05 1.992e-04 -1.000 4.565e-04 0.097 1.219 0.474 0.051 -0.084 -0.135 -0.148
0.00043772 -1.55000 10.04922 0.8258851767 2.4274517866    0.761  1.908  3.7342  2.300    4  0.000  0.526     0.00     0.00     0.00     0.00     0.00 -1    -1e-30      0.00 7.438e-01 2.558e-01 7.843e-05 2.301e-05 1.992e-04 -1.000 4.565e-04 -0.001 1.180 0.401 -0.046 -0.192 -0.250 -0.266
0.00043772 -1.55000 10.04922 0.8258943558 2.4274547700    0.761  1.949  3.7283  2.236    4  0.000  0.526     0.00     0.00     0.00     0.00     0.00 -1    -1e-30      0.00 7.438e-01 2.558e-01 7.843e-05 2.301e-05 1.992e-04 -1.000 4.565e-04 -0.103 1.134 0.324 -0.145 -0.301 -0.365 -0.384
0.00043772 -1.55000 10.04922 0.8258984685 2.4274561067    0.761  1.988  3.7234  2.177    4  0.000  0.526     0.00     0.00     0.00     0.00     0.00 -1    -1e-30      0.00 7.438e-01 2.558e-01 7.843e-05 2.301e-05 1.992e-04 -1.000 4.565e-04 -0.200 1.088 0.248 -0.240 -0.404 -0.474 -0.495
0.00043772 -1.55000 10.04922 0.8259003758 2.4274567266    0.761  2.024  3.7194  2.125    4  0.000  0.526     0.00     0.00     0.00     0.00     0.00 -1    -1e-30      0.00 7.438e-01 2.558e-01 7.843e-05 2.301e-05 1.992e-04 -1.000 4.564e-04 -0.290 1.040 0.176 -0.329 -0.500 -0.574 -0.597
0.00043772 -1.55000 10.04922 0.8259011507 2.4274569784    0.761  2.046  3.7171  2.095    7  0.000  0.526     0.00     0.00     0.00     0.00     0.00 -1    -1e-30      0.00 7.438e-01 2.558e-01 7.843e-05 2.301e-05 1.992e-04 -1.000 4.565e-04 -0.344 1.011 0.133 -0.381 -0.556 -0.632 -0.656
0.00043772 -1.55000 10.04922 0.8259017467 2.4274571722    0.761  2.069  3.7151  2.063    7  0.000  0.526     0.00     0.00     0.00     0.00     0.00 -1    -1e-30      0.00 7.438e-01 2.558e-01 7.843e-05 2.301e-05 1.992e-04 -1.000 4.565e-04 -0.402 0.977 0.085 -0.438 -0.616 -0.695 -0.720
0.00043772 -1.55000 10.04922 0.8259028792 2.4274575402    0.761  2.114  3.7112  2.002    7  0.000  0.526     0.00     0.00     0.00     0.00     0.00 -1    -1e-30      0.00 7.438e-01 2.558e-01 7.843e-05 2.301e-05 1.992e-04 -1.000 4.565e-04 -0.515 0.908 -0.009 -0.548 -0.733 -0.817 -0.844
0.00043772 -1.55000 10.04922 0.8259037733 2.4274578308    0.761  2.145  3.7087  1.961    7  0.000  0.526     0.00     0.00     0.00     0.00     0.00 -1    -1e-30      0.00 7.438e-01 2.558e-01 7.843e-05 2.301e-05 1.992e-04 -1.000 4.565e-04 -0.593 0.862 -0.074 -0.623 -0.813 -0.900 -0.928
0.00043772 -1.55000 10.04922 0.8259047866 2.4274581601    0.761  2.168  3.7070  1.932    7  0.000  0.526     0.00     0.00     0.00     0.00     0.00 -1    -1e-30      0.00 7.438e-01 2.558e-01 7.843e-05 2.301e-05 1.992e-04 -1.000 4.565e-04 -0.649 0.829 -0.121 -0.678 -0.871 -0.960 -0.989
0.00043772 -1.55000 10.04922 0.8259069324 2.4274588575    0.761  2.171  3.7069  1.928    7  0.000  0.526     0.00     0.00     0.00     0.00     0.00 -1    -1e-30      0.00 7.438e-01 2.558e-01 7.843e-05 2.301e-05 1.992e-04 -1.000 4.565e-04 -0.658 0.823 -0.129 -0.687 -0.880 -0.969 -0.998
0.00043772 -1.55000 10.04922 0.8259087801 2.4274594580    0.761  2.163  3.7075  1.939    7  0.000  0.526     0.00     0.00     0.00     0.00     0.00 -1    -1e-30      0.00 7.438e-01 2.558e-01 7.843e-05 2.301e-05 1.992e-04 -1.000 4.565e-04 -0.637 0.835 -0.112 -0.667 -0.858 -0.947 -0.976
0.00043772 -1.55000 10.04922 0.8259158134 2.4274617439    0.761  2.139  3.7094  1.970    7  0.000  0.526     0.00     0.00     0.00     0.00     0.00 -1    -1e-30      0.00 7.438e-01 2.558e-01 7.843e-05 2.301e-05 1.992e-04 -1.000 4.565e-04 -0.578 0.868 -0.063 -0.610 -0.798 -0.884 -0.912
0.00043772 -1.55000 10.04922 0.8259457350 2.4274714678    0.761  2.168  3.7068  1.931    7  0.000  0.526     0.00     0.00     0.00     0.00     0.00 -1    -1e-30      0.00 7.438e-01 2.558e-01 7.843e-05 2.301e-05 1.992e-04 -1.000 4.565e-04 -0.650 0.831 -0.121 -0.679 -0.872 -0.961 -0.991
0.00043772 -1.55000 10.04922 0.8259638548 2.4274773561    0.761  2.203  3.7039  1.884    7  0.000  0.526     0.00     0.00     0.00     0.00     0.00 -1    -1e-30      0.00 7.438e-01 2.558e-01 7.843e-05 2.301e-05 1.992e-04 -1.000 4.565e-04 -0.738 0.783 -0.193 -0.764 -0.963 -1.055 -1.086
0.00043772 -1.55000 10.04922 0.8259779811 2.4274819463    0.761  2.237  3.7014  1.840    7  0.000  0.526     0.00     0.00     0.00     0.00     0.00 -1    -1e-30      0.00 7.438e-01 2.558e-01 7.843e-05 2.301e-05 1.992e-04 -1.000 4.565e-04 -0.821 0.736 -0.262 -0.845 -1.048 -1.144 -1.176
0.00043772 -1.55000 10.04922 0.8259944320 2.4274872917    0.761  2.277  3.6984  1.788    7  0.000  0.526     0.00     0.00     0.00     0.00     0.00 -1    -1e-30      0.00 7.438e-01 2.558e-01 7.843e-05 2.301e-05 1.992e-04 -1.000 4.565e-04 -0.922 0.679 -0.345 -0.942 -1.151 -1.251 -1.285
0.00043772 -1.55000 10.04922 0.8260103464 2.4274924626    0.761  2.318  3.6953  1.735    7  0.000  0.526     0.00     0.00     0.00     0.00     0.00 -1    -1e-30      0.00 7.438e-01 2.558e-01 7.842e-05 2.301e-05 1.992e-04 -1.000 4.565e-04 -1.026 0.622 -0.429 -1.041 -1.256 -1.360 -1.395
0.00043772 -1.55000 10.04922 0.8260245323 2.4274970717    0.761  2.359  3.6924  1.682    7  0.000  0.526     0.00     0.00     0.00     0.00     0.00 -1    -1e-30      0.00 7.438e-01 2.558e-01 7.842e-05 2.301e-05 1.992e-04 -1.000 4.504e-04 -1.127 0.566 -0.513 -1.139 -1.359 -1.467 -1.504
0.00043772 -1.55000 10.04922 0.8260371685 2.4275011771    0.761  2.399  3.6894  1.630    7  0.000  0.525     0.00     0.00     0.00     0.00     0.00 -1    -1e-30      0.00 7.438e-01 2.558e-01 7.841e-05 2.301e-05 1.992e-04 -1.000 4.508e-04 -1.228 0.511 -0.595 -1.236 -1.461 -1.573 -1.612
0.00043772 -1.55000 10.04922 0.8260484338 2.4275048369    0.761  2.440  3.6865  1.578    7  0.000  0.525     0.00     0.00     0.00     0.00     0.00 -1    -1e-30      0.00 7.438e-01 2.558e-01 7.836e-05 2.303e-05 1.992e-04 -1.000 4.500e-04 -1.330 0.459 -0.677 -1.332 -1.563 -1.678 -1.719
0.00043772 -1.55000 10.04922 0.8260586858 2.4275081675    0.761  2.481  3.6836  1.525    7  0.000  0.523     0.00     0.00     0.00     0.00     0.00 -1    -1e-30      0.00 7.438e-01 2.558e-01 7.815e-05 2.313e-05 1.992e-04 -1.000 4.507e-04 -1.433 0.420 -0.758 -1.432 -1.668 -1.787 -1.830
0.00043772 -1.55000 10.04922 0.8260678649 2.4275111495    0.761  2.522  3.6806  1.472    7  0.000  0.519     7.00     5.55     3.94     3.05     2.46  3    -1e-30      0.00 7.437e-01 2.558e-01 7.760e-05 2.354e-05 1.992e-04 -1.000 4.565e-04 -1.536 0.391 -0.837 -1.532 -1.774 -1.897 -1.942
0.00043772 -1.55000 10.04922 0.8260762691 2.4275138796    0.761  2.563  3.6776  1.419    7  0.000  0.510     7.83     6.11     4.31     3.34     2.70  3    -1e-30      0.00 7.437e-01 2.558e-01 7.644e-05 2.468e-05 1.992e-04 -1.000 4.562e-04 -1.639 0.370 -0.913 -1.632 -1.880 -2.007 -2.053
0.00043772 -1.55000 10.04922 0.8260838985 2.4275163580    0.761  2.604  3.6746  1.366    7  0.000  0.499     8.76     6.72     4.73     3.67     2.97  3    -1e-30      0.00 7.437e-01 2.558e-01 7.480e-05 2.659e-05 1.992e-04 -1.000 4.555e-04 -1.741 0.356 -0.985 -1.731 -1.985 -2.116 -2.164
0.00043772 -1.55000 10.04922 0.8260910511 2.4275186814    0.761  2.646  3.6716  1.312    7  0.000  0.488     9.82     7.40     5.18     4.03     3.26  3    -1e-30      0.00 7.436e-01 2.559e-01 7.310e-05 2.867e-05 1.992e-04 -1.000 4.556e-04 -1.844 0.350 -1.056 -1.830 -2.091 -2.225 -2.276
0.00043772 -1.55000 10.04922 0.8260979056 2.4275209080    0.762  2.687  3.6684  1.259    7  0.000  0.478    11.01     8.16     5.69     4.43     3.58  3    -1e-30      0.00 7.436e-01 2.560e-01 7.154e-05 3.057e-05 1.992e-04 -1.000 4.562e-04 -1.947 0.351 -1.124 -1.928 -2.197 -2.336 -2.388
0.00043772 -1.55000 10.04922 0.8261045218 2.4275230571    0.762  2.728  3.6653  1.205    7  0.000  0.469    12.35     9.00     6.24     4.87     3.94  2    -1e-30      0.00 7.435e-01 2.561e-01 7.024e-05 3.217e-05 1.992e-04 -1.000 4.555e-04 -2.051 0.359 -1.189 -2.026 -2.302 -2.445 -2.500
0.00043772 -1.55000 10.04922 0.8261108994 2.4275251287    0.762  2.770  3.6622  1.150    7  0.000  0.461    13.85     9.92     6.85     5.35     4.33  2    -1e-30      0.00 7.434e-01 2.562e-01 6.911e-05 3.356e-05 1.991e-04 -1.000 4.554e-04 -2.155 0.375 -1.251 -2.123 -2.407 -2.555 -2.612
0.00043772 -1.55000 10.04922 0.8261167407 2.4275270261    0.762  2.810  3.6590  1.097    7  0.000  0.455    15.50    10.92     7.51     5.87     4.76  2    -1e-30      0.00 7.433e-01 2.563e-01 6.814e-05 3.475e-05 1.991e-04 -1.000 4.565e-04 -2.256 0.399 -1.309 -2.217 -2.509 -2.662 -2.722
0.00043772 -1.55000 10.04922 0.8261221647 2.4275287879    0.762  2.852  3.6558  1.043    7  0.000  0.449    17.40    12.05     8.25     6.46     5.24  2    -1e-30      0.00 7.432e-01 2.564e-01 6.729e-05 3.581e-05 1.991e-04 -1.000 4.565e-04 -2.360 0.407 -1.369 -2.309 -2.610 -2.768 -2.831
0.00043772 -1.55000 10.04922 0.8261268735 2.4275303173    0.762  2.894  3.6525  0.988    7  0.000  0.445    19.55    13.30     9.07     7.11     5.76  2    -1e-30      0.00 7.430e-01 2.565e-01 6.655e-05 3.673e-05 1.990e-04 -1.000 4.565e-04 -2.464 0.404 -1.430 -2.400 -2.710 -2.874 -2.939
0.00043772 -1.55000 10.04922 0.8261305690 2.4275315176    0.762  2.933  3.6494  0.936    7  0.000  0.441    21.84    14.62     9.92     7.79     6.32  2    -1e-30      0.00 7.429e-01 2.566e-01 6.594e-05 3.749e-05 1.989e-04 -1.000 4.564e-04 -2.563 0.410 -1.483 -2.484 -2.805 -2.974 -3.042
0.00043772 -1.55000 10.04922 0.8261336088 2.4275325049    0.762  2.973  3.6462  0.884    7  0.000  0.438    24.41    16.07    10.86     8.54     6.93  1    -1e-30      0.00 7.427e-01 2.568e-01 6.540e-05 3.817e-05 1.987e-04 -1.000 4.565e-04 -2.662 0.418 -1.535 -2.568 -2.899 -3.074 -3.144
0.00043772 -1.55000 10.04922 0.8261367083 2.4275335116    0.762  3.015  3.6427  0.827    7  0.000  0.435    27.53    17.80    11.98     9.43     7.65  1    -1e-30      0.00 7.426e-01 2.569e-01 6.495e-05 3.878e-05 1.986e-04 -1.000 4.565e-04 -2.769 0.426 -1.591 -2.658 -2.999 -3.182 -3.255
0.00043772 -1.55000 10.04922 0.8261393905 2.4275343828    0.762  3.056  3.6394  0.774    7  0.000  0.433    30.84    19.61    13.14    10.36     8.40  1    -1e-30      0.00 7.426e-01 2.570e-01 6.462e-05 3.927e-05 1.984e-04 -1.000 4.565e-04 -2.869 0.437 -1.641 -2.741 -3.094 -3.283 -3.359
0.00043772 -1.55000 10.04922 0.8261419535 2.4275352152    0.762  3.111  3.6347  0.699    7  0.000  0.432    36.13    22.44    14.94    11.81     9.58  1    -1e-30      0.00 7.425e-01 2.571e-01 6.433e-05 3.974e-05 1.981e-04 -1.000 4.565e-04 -3.009 0.458 -1.702 -2.852 -3.221 -3.420 -3.500
0.00043772 -1.55000 10.04922 0.8261421919 2.4275352927    0.762  3.121  3.6339  0.687    7  0.000  0.432    37.10    22.95    15.26    12.07     9.79  1    -1e-30      0.00 7.425e-01 2.571e-01 6.429e-05 3.981e-05 1.981e-04 -1.000 4.565e-04 -3.032 0.462 -1.712 -2.871 -3.243 -3.443 -3.524
0.00043772 -1.55000 10.04922 0.8261423111 2.4275353314    0.762  3.128  3.6333  0.676    7  0.000  0.432    37.91    23.37    15.54    12.29     9.97  1    -1e-30      0.00 7.424e-01 2.571e-01 6.423e-05 3.995e-05 1.980e-04 -1.000 4.562e-04 -3.051 0.464 -1.721 -2.886 -3.260 -3.461 -3.543
0.00043772 -1.55000 10.04922 0.8261425495 2.4275354088    0.762  3.143  3.6320  0.657    7  0.000  0.431    39.54    24.22    16.07    12.72    10.32  1    -1e-30      0.00 7.424e-01 2.572e-01 6.415e-05 4.015e-05 1.979e-04 -1.000 4.555e-04 -3.088 0.469 -1.737 -2.916 -3.294 -3.498 -3.581
0.00043772 -1.55000 10.04922 0.8261430860 2.4275355831    0.762  3.182  3.6287  0.605    7  0.549  0.429    44.10    26.58    17.57    13.92    11.30  1    -1e-30      0.00 7.422e-01 2.574e-01 6.368e-05 4.111e-05 1.973e-04 -1.000 4.564e-04 -3.184 0.485 -1.777 -2.990 -3.381 -3.592 -3.677
0.00043772 -1.55000 10.04922 0.8261432052 2.4275356218    0.762  3.195  3.6276  0.588    7  0.549  0.428    45.78    27.44    18.11    14.36    11.65  1    -1e-30      0.00 7.421e-01 2.574e-01 6.345e-05 4.157e-05 1.971e-04 -1.000 4.565e-04 -3.216 0.490 -1.790 -3.016 -3.410 -3.624 -3.710
0.00043772 -1.55000 10.04922 0.8261433244 2.4275356605    0.762  3.389  3.6132  0.335    8  0.545  0.397    78.28    43.32    28.00    22.35    18.16  1 -1.02e-06      0.00 7.322e-01 2.675e-01 5.843e-05 5.367e-05 1.981e-04 -1.000 3.372e-04 -3.704 0.497 -1.979 -3.389 -3.848 -4.097 -4.197
0.00043772 -1.55000 10.04922 0.8261433840 2.4275356799    0.761  3.234  3.6242  0.534    8  0.545  0.393    51.31    30.24    19.86    15.77    12.81  1 -5.01e-07      0.00 7.322e-01 2.675e-01 5.843e-05 5.367e-05 1.981e-04 -1.000 3.371e-04 -3.316 0.505 -1.830 -3.092 -3.499 -3.720 -3.810
0.00043772 -1.55000 10.04922 0.8261434436 2.4275356992    0.760  3.091  3.6369  0.727    8  0.545  0.393    34.00    21.30    14.22    11.23     9.11  1 -2.57e-07      0.00 7.322e-01 2.675e-01 5.843e-05 5.367e-05 1.981e-04 -1.000 3.372e-04 -2.957 0.438 -1.686 -2.814 -3.176 -3.370 -3.448
0.00043772 -1.55000 10.04922 0.8261436224 2.4275357573    0.757  2.894  3.6543  0.992    8  0.545  0.393    19.36    13.19     9.00     7.06     5.72  2 -1.01e-07      0.00 7.322e-01 2.675e-01 5.843e-05 5.367e-05 1.981e-04 -1.000 3.372e-04 -2.466 0.362 -1.451 -2.409 -2.716 -2.877 -2.940
0.00043772 -1.55000 10.04922 0.8261438012 2.4275358154    0.754  2.900  3.6537  0.982    8  0.546  0.393    19.75    13.42     9.14     7.17     5.81  2 -1.05e-07      0.00 7.322e-01 2.675e-01 5.843e-05 5.367e-05 1.981e-04 -1.000 3.372e-04 -2.481 0.367 -1.457 -2.421 -2.729 -2.891 -2.955
0.00043772 -1.55000 10.04922 0.8261440992 2.4275359122    0.750  2.997  3.6450  0.849    8  0.546  0.393    26.20    17.05    11.49     9.05     7.34  1  -1.7e-07      0.00 7.322e-01 2.675e-01 5.843e-05 5.367e-05 1.981e-04 -1.000 3.372e-04 -2.722 0.407 -1.574 -2.622 -2.957 -3.135 -3.207
0.00043772 -1.55000 10.04922 0.8261444569 2.4275360283    0.746  3.152  3.6312  0.635    8  0.546  0.393    41.19    25.05    16.59    13.14    10.67  1 -3.62e-07      0.00 7.322e-01 2.675e-01 5.843e-05 5.367e-05 1.981e-04 -1.000 3.371e-04 -3.110 0.483 -1.742 -2.932 -3.314 -3.520 -3.604
0.00043772 -1.55000 10.04922 0.8261448145 2.4275361445    0.740  3.286  3.6191  0.449    8  0.547  0.393    61.08    34.98    22.82    18.17    14.76  1 -6.93e-07      0.00 7.322e-01 2.675e-01 5.843e-05 5.367e-05 1.981e-04 -1.000 3.371e-04 -3.446 0.549 -1.859 -3.184 -3.613 -3.846 -3.940
0.00043772 -1.55000 10.04922 0.8261452913 2.4275362993    0.734  3.375  3.6111  0.325    8  0.547  0.393    79.53    43.73    28.24    22.57    18.34  1 -1.07e-06      0.00 7.322e-01 2.675e-01 5.843e-05 5.367e-05 1.981e-04 -1.000 3.371e-04 -3.668 0.583 -1.908 -3.336 -3.804 -4.057 -4.160
0.00043772 -1.55000 10.04922 0.8261457682 2.4275364542    0.727  3.424  3.6066  0.253    8  0.547  0.393    92.46    49.64    31.86    25.52    20.74  1 -1.38e-06      0.00 7.322e-01 2.675e-01 5.843e-05 5.367e-05 1.981e-04 -1.000 3.371e-04 -3.791 0.600 -1.928 -3.416 -3.907 -4.173 -4.280
0.00043772 -1.55000 10.04922 0.8261463642 2.4275366478    0.719  3.450  3.6041  0.213    8  0.548  0.393   100.54    53.22    34.05    27.31    22.20  1  -1.6e-06      0.00 7.322e-01 2.675e-01 5.843e-05 5.367e-05 1.981e-04 -1.000 3.371e-04 -3.855 0.612 -1.934 -3.456 -3.960 -4.233 -4.343
0.00043772 -1.55000 10.04922 0.8261469603 2.4275368414    0.710  3.467  3.6024  0.185    8  0.549  0.393   106.61    55.85    35.64    28.62    23.26  1 -1.79e-06      0.00 7.322e-01 2.675e-01 5.843e-05 5.367e-05 1.981e-04 -1.000 3.371e-04 -3.897 0.624 -1.935 -3.480 -3.994 -4.271 -4.383
0.00043772 -1.55000 10.04922 0.8261494637 2.4275376545    0.550 -9.999  4.0000  1.729    9  0.550  0.000     0.00     0.00     0.00     0.00     0.00 -1    -1e-30      0.00 7.322e-01 2.675e-01 5.843e-05 5.367e-05 1.981e-04 -1.000 3.371e-04 29.767 30.101 29.964 30.241 30.470 30.551 30.639
