# Zini     MH   logAge Mini        int_IMF         Mass   logL    logTe  logg  label   McoreTP C_O  period0  period1  period2  period3  period4  pmode  Mloss  tau1m   X   Y   Xc  Xn  Xo  Cexcess  Z 	 mbolmag  umag    gmag    rmag    imag    zmag    Ymag
0.00021956 -1.85000 10.06446 0.0900000036 1.0816895926    0.090 -3.200  3.4864  5.490    1  0.000  0.545     0.00     0.00     0.00     0.00     0.00 -1 -4.76e-17      0.00 7.484e-01 2.513e-01 4.145e-05 1.118e-05 1.014e-04 -1.000 2.306e-04 12.769 17.855 15.899 13.971 12.532 12.068 11.969
0.00021956 -1.85000 10.06446 0.0918591917 1.0992643295    0.092 -3.127  3.4971  5.468    1  0.000  0.545     0.00     0.00     0.00     0.00     0.00 -1 -5.71e-17      0.00 7.480e-01 2.518e-01 4.145e-05 1.118e-05 1.014e-04 -1.000 2.306e-04 12.587 17.632 15.527 13.644 12.350 11.917 11.815
0.00021956 -1.85000 10.06446 0.1000000015 1.1711064122    0.100 -2.826  3.5414  5.381    1  0.000  0.545     0.00     0.00     0.00     0.00     0.00 -1 -1.21e-16      0.00 7.459e-01 2.539e-01 4.145e-05 1.118e-05 1.014e-04 -1.000 2.305e-04 11.835 16.363 14.059 12.405 11.598 11.265 11.162
0.00021956 -1.85000 10.06446 0.1166922525 1.2971164075    0.117 -2.577  3.5675  5.304    1  0.000  0.545     0.00     0.00     0.00     0.00     0.00 -1 -2.17e-16      0.00 7.433e-01 2.565e-01 4.145e-05 1.118e-05 1.014e-04 -1.000 2.306e-04 11.213 15.208 13.054 11.572 10.973 10.687 10.591
0.00021956 -1.85000 10.06446 0.1199999973 1.3193154249    0.120 -2.532  3.5722  5.290    1  0.000  0.545     0.00     0.00     0.00     0.00     0.00 -1 -2.42e-16      0.00 7.428e-01 2.570e-01 4.145e-05 1.118e-05 1.014e-04 -1.000 2.306e-04 11.100 14.992 12.877 11.430 10.859 10.581 10.486
0.00021956 -1.85000 10.06446 0.1399999857 1.4384525915    0.140 -2.348  3.5870  5.232    1  0.000  0.545     0.00     0.00     0.00     0.00     0.00 -1 -3.65e-16      0.00 7.407e-01 2.591e-01 4.145e-05 1.119e-05 1.014e-04 -1.000 2.306e-04 10.640 14.206 12.227 10.896 10.396 10.141 10.052
0.00021956 -1.85000 10.06446 0.1429525465 1.4541632172    0.143 -2.326  3.5885  5.225    1  0.000  0.545     0.00     0.00     0.00     0.00     0.00 -1 -3.84e-16      0.00 7.404e-01 2.593e-01 4.145e-05 1.119e-05 1.014e-04 -1.000 2.306e-04 10.584 14.116 12.152 10.833 10.340 10.087 9.999
0.00021956 -1.85000 10.06446 0.1599999964 1.5372931554    0.160 -2.204  3.5966  5.185    1  0.000  0.545     0.00     0.00     0.00     0.00     0.00 -1 -5.02e-16      0.00 7.393e-01 2.605e-01 4.145e-05 1.119e-05 1.014e-04 -1.000 2.306e-04 10.281 13.640 11.751 10.498 10.033 9.793 9.709
0.00021956 -1.85000 10.06446 0.2000000179 1.6938791367    0.200 -1.984  3.6088  5.110    1  0.000  0.545     0.00     0.00     0.00     0.00     0.00 -1 -8.12e-16      0.00 7.384e-01 2.614e-01 4.145e-05 1.119e-05 1.014e-04 -1.000 2.306e-04 9.729 12.841 11.062 9.903 9.477 9.255 9.177
0.00021956 -1.85000 10.06446 0.2500000000 1.8403257998    0.250 -1.782  3.6198  5.049    1  0.000  0.545     0.00     0.00     0.00     0.00     0.00 -1 -1.24e-15      0.00 7.386e-01 2.612e-01 4.145e-05 1.119e-05 1.014e-04 -1.000 2.305e-04 9.225 12.131 10.442 9.363 8.967 8.761 8.690
0.00021956 -1.85000 10.06446 0.3000000417 1.9529140366    0.300 -1.627  3.6289  5.010    1  0.000  0.545     0.00     0.00     0.00     0.00     0.00 -1 -1.69e-15      0.00 7.387e-01 2.611e-01 4.144e-05 1.119e-05 1.014e-04 -1.000 2.306e-04 8.838 11.583 9.965 8.948 8.577 8.384 8.317
0.00021956 -1.85000 10.06446 0.3456535041 2.0362356368    0.346 -1.510  3.6364  4.985    1  0.000  0.544     0.00     0.00     0.00     0.00     0.00 -1 -2.13e-15      0.00 7.385e-01 2.613e-01 4.142e-05 1.119e-05 1.014e-04 -1.000 2.305e-04 8.546 11.166 9.603 8.635 8.282 8.101 8.038
0.00021956 -1.85000 10.06446 0.3499999940 2.0434174644    0.350 -1.500  3.6371  4.983    1  0.000  0.544     0.00     0.00     0.00     0.00     0.00 -1 -2.17e-15      0.00 7.384e-01 2.613e-01 4.142e-05 1.119e-05 1.014e-04 -1.000 2.306e-04 8.520 11.130 9.571 8.607 8.256 8.076 8.013
0.00021956 -1.85000 10.06446 0.4000000060 2.1185024399    0.400 -1.372  3.6465  4.950    1  0.000  0.545     0.00     0.00     0.00     0.00     0.00 -1 -2.83e-15      0.00 7.503e-01 2.495e-01 4.145e-05 1.118e-05 1.014e-04 -1.000 2.306e-04 8.200 10.658 9.167 8.261 7.933 7.766 7.708
0.00021956 -1.85000 10.06446 0.4500000179 2.1822809362    0.450 -1.214  3.6622  4.906    1  0.000  0.545     0.00     0.00     0.00     0.00     0.00 -1 -4.04e-15      0.00 7.507e-01 2.491e-01 4.145e-05 1.118e-05 1.014e-04 -1.000 2.305e-04 7.804 10.015 8.644 7.827 7.535 7.390 7.340
0.00021956 -1.85000 10.06446 0.5000000000 2.2374541529    0.500 -1.037  3.6815  4.852    1  0.000  0.545     0.00     0.00     0.00     0.00     0.00 -1 -6.12e-15      0.00 7.507e-01 2.491e-01 4.145e-05 1.118e-05 1.014e-04 -1.000 2.307e-04 7.363 9.273 8.063 7.349 7.096 6.977 6.937
0.00021956 -1.85000 10.06446 0.5500000715 2.2836583126    0.550 -0.832  3.7024  4.771    1  0.000  0.544     0.00     0.00     0.00     0.00     0.00 -1 -1.03e-14      0.00 7.836e-01 2.163e-01 3.632e-05 9.805e-06 8.897e-05 -1.000 1.307e-04 6.849 8.460 7.427 6.808 6.594 6.501 6.473
0.00021956 -1.85000 10.06446 0.6000000238 2.3211213258    0.600 -0.624  3.7279  4.704    1  0.000  0.544     0.00     0.00     0.00     0.00     0.00 -1 -1.71e-14      0.00 7.955e-01 2.043e-01 3.456e-05 9.336e-06 8.475e-05 -1.000 1.703e-04 6.331 7.636 6.792 6.276 6.105 6.041 6.026
0.00021956 -1.85000 10.06446 0.6016176939 2.3222143432    0.601 -0.617  3.7289  4.702    1  0.000  0.544     0.00     0.00     0.00     0.00     0.00 -1 -1.74e-14      0.00 7.959e-01 2.039e-01 3.449e-05 9.318e-06 8.459e-05 -1.000 1.658e-04 6.313 7.608 6.771 6.258 6.089 6.026 6.011
0.00021956 -1.85000 10.06446 0.6145818830 2.3307354369    0.614 -0.561  3.7365  4.685    1  0.000  0.543     0.00     0.00     0.00     0.00     0.00 -1    -2e-14      0.00 7.998e-01 2.000e-01 3.393e-05 9.169e-06 8.325e-05 -1.000 1.879e-04 6.172 7.390 6.601 6.116 5.960 5.905 5.894
0.00021956 -1.85000 10.06446 0.6256677508 2.3377007614    0.625 -0.512  3.7431  4.670    1  0.000  0.543     0.00     0.00     0.00     0.00     0.00 -1 -2.26e-14      0.00 8.032e-01 1.966e-01 3.343e-05 9.035e-06 8.205e-05 -1.000 1.994e-04 6.050 7.207 6.456 5.996 5.850 5.802 5.794
0.00021956 -1.85000 10.06446 0.6363859177 2.3441703975    0.636 -0.464  3.7493  4.655    1  0.000  0.543     0.00     0.00     0.00     0.00     0.00 -1 -2.54e-14      0.00 8.067e-01 1.931e-01 3.293e-05 8.899e-06 8.083e-05 -1.000 2.129e-04 5.931 7.034 6.317 5.880 5.744 5.703 5.697
0.00021956 -1.85000 10.06446 0.6463413239 2.3499591083    0.646 -0.420  3.7550  4.640    1  0.000  0.543     0.00     0.00     0.00     0.00     0.00 -1 -4.05e-15      0.00 8.101e-01 1.897e-01 3.243e-05 8.767e-06 7.965e-05 -1.000 2.013e-04 5.820 6.876 6.189 5.773 5.647 5.611 5.608
0.00021956 -1.85000 10.06446 0.6499999762 2.3520353107    0.650 -0.403  3.7571  4.634    1  0.000  0.543     0.00     0.00     0.00     0.00     0.00 -1 -2.96e-14      0.00 8.115e-01 1.884e-01 3.225e-05 8.718e-06 7.920e-05 -1.000 1.865e-04 5.779 6.817 6.141 5.733 5.610 5.577 5.575
0.00021956 -1.85000 10.06446 0.6621037126 2.3587162597    0.662 -0.348  3.7636  4.613    1  0.000  0.542     0.00     0.00     0.00     0.00     0.00 -1 -3.41e-14      0.00 8.168e-01 1.829e-01 3.146e-05 8.510e-06 7.734e-05 -1.000 2.204e-04 5.640 6.630 5.985 5.602 5.489 5.462 5.462
0.00021956 -1.85000 10.06446 0.6742573380 2.3651479517    0.674 -0.292  3.7700  4.590    1  0.000  0.542     0.00     0.00     0.00     0.00     0.00 -1 -3.95e-14      0.00 8.227e-01 1.771e-01 3.062e-05 8.286e-06 7.533e-05 -1.000 2.121e-04 5.499 6.444 5.827 5.467 5.365 5.344 5.347
0.00021956 -1.85000 10.06446 0.6854235530 2.3708264913    0.685 -0.238  3.7757  4.567    1  0.000  0.542     0.00     0.00     0.00     0.00     0.00 -1 -3.68e-14      0.00 8.285e-01 1.714e-01 2.979e-05 8.065e-06 7.334e-05 -1.000 1.901e-04 5.366 6.276 5.681 5.341 5.247 5.233 5.237
0.00021956 -1.85000 10.06446 0.6960712075 2.3760466300    0.696 -0.186  3.7811  4.543    1  0.000  0.541     0.00     0.00     0.00     0.00     0.00 -1 -2.87e-14      0.00 8.344e-01 1.655e-01 2.895e-05 7.840e-06 7.133e-05 -1.000 1.274e-04 5.235 6.113 5.538 5.217 5.132 5.122 5.128
0.00021956 -1.85000 10.06446 0.6999999881 2.3779266974    0.700 -0.166  3.7831  4.533    1  0.000  0.541     0.00     0.00     0.00     0.00     0.00 -1 -5.52e-14      0.00 8.366e-01 1.632e-01 2.862e-05 7.753e-06 7.054e-05 -1.000 1.522e-04 5.185 6.053 5.483 5.170 5.087 5.080 5.087
0.00021956 -1.85000 10.06446 0.7066218853 2.3810411762    0.706 -0.132  3.7862  4.516    1  0.000  0.539     0.00     0.00     0.00     0.00     0.00 -1 -6.07e-14      0.00 8.405e-01 1.593e-01 2.803e-05 7.609e-06 6.928e-05 -1.000 1.980e-04 5.100 5.951 5.391 5.088 5.011 5.007 5.015
0.00021956 -1.85000 10.06446 0.7163546085 2.3854988062    0.716 -0.080  3.7908  4.488    1  0.000  0.537     0.00     0.00     0.00     0.00     0.00 -1 -7.02e-14      0.00 8.460e-01 1.539e-01 2.722e-05 7.412e-06 6.754e-05 -1.000 1.801e-04 4.969 5.797 5.249 4.963 4.893 4.893 4.903
0.00021956 -1.85000 10.06446 0.7248983383 2.3892986264    0.724 -0.031  3.7947  4.460    1  0.000  0.535     0.00     0.00     0.00     0.00     0.00 -1 -8.05e-14      0.00 8.505e-01 1.494e-01 2.657e-05 7.256e-06 6.616e-05 -1.000 1.647e-04 4.848 5.658 5.119 4.847 4.783 4.787 4.798
0.00021956 -1.85000 10.06446 0.7333349586 2.3929510696    0.733  0.019  3.7985  4.430    1  0.000  0.534     0.00     0.00     0.00     0.00     0.00 -1 -9.29e-14      0.00 8.545e-01 1.454e-01 2.601e-05 7.120e-06 6.497e-05 -1.000 1.232e-04 4.723 5.515 4.984 4.726 4.668 4.676 4.688
0.00021956 -1.85000 10.06446 0.7405814528 2.3960119924    0.740  0.065  3.8016  4.401    1  0.000  0.532     0.00     0.00     0.00     0.00     0.00 -1 -1.06e-13      0.00 8.576e-01 1.423e-01 2.559e-05 7.022e-06 6.412e-05 -1.000 1.223e-04 4.609 5.387 4.862 4.615 4.562 4.573 4.586
0.00021956 -1.85000 10.06446 0.7476021647 2.3989125540    0.747  0.111  3.8046  4.370    1  0.000  0.530     0.00     0.00     0.00     0.00     0.00 -1  -1.1e-13      0.00 8.603e-01 1.396e-01 2.523e-05 6.940e-06 6.341e-05 -1.000 1.579e-04 4.491 5.258 4.737 4.500 4.453 4.467 4.481
0.00021956 -1.85000 10.06446 0.7500000000 2.3998889087    0.749  0.128  3.8056  4.359    1  0.000  0.530     0.00     0.00     0.00     0.00     0.00 -1 -1.28e-13      0.00 8.611e-01 1.387e-01 2.512e-05 6.913e-06 6.319e-05 -1.000 1.829e-04 4.450 5.212 4.693 4.460 4.414 4.428 4.443
0.00021956 -1.85000 10.06446 0.7523642182 2.4008445713    0.752  0.144  3.8066  4.348    1  0.000  0.530     0.00     0.00     0.00     0.00     0.00 -1 -1.34e-13      0.00 8.614e-01 1.384e-01 2.511e-05 6.914e-06 6.320e-05 -1.000 2.062e-04 4.409 5.167 4.649 4.420 4.376 4.391 4.406
0.00021956 -1.85000 10.06446 0.7596037388 2.4037284246    0.759  0.199  3.8097  4.310    1  0.000  0.529     0.00     0.00     0.00     0.00     0.00 -1 -1.58e-13      0.00 8.621e-01 1.377e-01 2.513e-05 6.919e-06 6.327e-05 -1.000 1.925e-04 4.273 5.019 4.505 4.287 4.248 4.266 4.282
0.00021956 -1.85000 10.06446 0.7662295103 2.4063129408    0.765  0.252  3.8124  4.271    1  0.000  0.529     0.00     0.00     0.00     0.00     0.00 -1 -1.87e-13      0.00 8.628e-01 1.371e-01 2.514e-05 6.925e-06 6.335e-05 -1.000 1.203e-04 4.139 4.874 4.363 4.154 4.120 4.141 4.157
0.00021956 -1.85000 10.06446 0.7722923160 2.4086332318    0.771  0.306  3.8145  4.230    1  0.000  0.529     0.00     0.00     0.00     0.00     0.00 -1  -2.2e-13      0.00 8.632e-01 1.366e-01 2.516e-05 6.933e-06 6.344e-05 -1.000 1.228e-04 4.006 4.734 4.223 4.022 3.991 4.014 4.031
0.00021956 -1.85000 10.06446 0.7779399753 2.4107572680    0.777  0.358  3.8159  4.186    1  0.000  0.529     0.00     0.00     0.00     0.00     0.00 -1  -2.6e-13      0.00 8.624e-01 1.375e-01 2.535e-05 6.987e-06 6.394e-05 -1.000 1.254e-04 3.874 4.596 4.085 3.890 3.862 3.887 3.904
0.00021956 -1.85000 10.06446 0.7818092704 2.4121921227    0.781  0.397  3.8165  4.152    1  0.000  0.529     0.00     0.00     0.00     0.00     0.00 -1 -2.97e-13      0.00 8.615e-01 1.384e-01 2.553e-05 7.036e-06 6.439e-05 -1.000 1.269e-04 3.778 4.497 3.986 3.793 3.767 3.792 3.809
0.00021956 -1.85000 10.06446 0.7830609083 2.4126527797    0.782  0.411  3.8163  4.138    1  0.000  0.529     0.00     0.00     0.00     0.00     0.00 -1 -3.11e-13      0.00 8.612e-01 1.387e-01 2.558e-05 7.052e-06 6.453e-05 -1.000 1.271e-04 3.743 4.462 3.951 3.758 3.732 3.756 3.774
0.00021956 -1.85000 10.06446 0.7879064083 2.4144202743    0.787  0.468  3.8148  4.077    1  0.000  0.529     0.00     0.00     0.00     0.00     0.00 -1 -3.77e-13      0.00 8.601e-01 1.398e-01 2.581e-05 7.113e-06 6.510e-05 -1.000 1.281e-04 3.601 4.323 3.808 3.613 3.585 3.608 3.625
0.00021956 -1.85000 10.06446 0.7915701270 2.4157401818    0.790  0.517  3.8117  4.017    1  0.000  0.528     0.00     0.00     0.00     0.00     0.00 -1 -4.52e-13      0.00 8.592e-01 1.407e-01 2.597e-05 7.159e-06 6.552e-05 -1.000 1.289e-04 3.477 4.207 3.689 3.485 3.453 3.473 3.489
0.00021956 -1.85000 10.06446 0.7921929955 2.4159631832    0.791  0.527  3.8110  4.006    1  0.000  0.528     0.00     0.00     0.00     0.00     0.00 -1 -4.69e-13      0.00 8.591e-01 1.408e-01 2.600e-05 7.167e-06 6.559e-05 -1.000 1.290e-04 3.454 4.186 3.668 3.462 3.428 3.448 3.463
0.00021956 -1.85000 10.06446 0.7928405404 2.4161945922    0.791  0.537  3.8099  3.991    2  0.000  0.528     0.00     0.00     0.00     0.00     0.00 -1  -4.9e-13      0.00 8.589e-01 1.409e-01 2.603e-05 7.175e-06 6.567e-05 -1.000 1.291e-04 3.428 4.164 3.644 3.434 3.399 3.418 3.433
0.00021956 -1.85000 10.06446 0.7950193286 2.4169700296    0.794  0.575  3.8048  3.934    2  0.000  0.528     0.00     0.00     0.00     0.00     0.00 -1 -5.68e-13      0.00 8.584e-01 1.414e-01 2.613e-05 7.203e-06 6.592e-05 -1.000 1.296e-04 3.332 4.086 3.558 3.333 3.291 3.305 3.318
0.00021956 -1.85000 10.06446 0.7966876030 2.4175604776    0.795  0.610  3.7984  3.874    2  0.000  0.528     0.00     0.00     0.00     0.00     0.00 -1 -6.57e-13      0.00 8.580e-01 1.419e-01 2.621e-05 7.226e-06 6.613e-05 -1.000 1.299e-04 3.246 4.023 3.486 3.241 3.189 3.197 3.208
0.00021956 -1.85000 10.06446 0.7979949117 2.4180211864    0.796  0.641  3.7907  3.813    2  0.000  0.528     0.00     0.00     0.00     0.00     0.00 -1 -7.57e-13      0.00 8.575e-01 1.423e-01 2.632e-05 7.255e-06 6.640e-05 -1.000 1.320e-04 3.168 3.977 3.426 3.157 3.093 3.093 3.101
0.00021956 -1.85000 10.06446 0.7990493178 2.4183915070    0.797  0.669  3.7822  3.752    2  0.000  0.529     0.00     0.00     0.00     0.00     0.00 -1 -8.66e-13      0.00 8.544e-01 1.455e-01 2.704e-05 7.451e-06 6.817e-05 -1.000 1.320e-04 3.098 3.947 3.378 3.081 3.003 2.995 3.000
0.00021956 -1.85000 10.06446 0.7999342084 2.4187014254    0.798  0.694  3.7736  3.692    2  0.000  0.530     0.00     0.00     0.00     0.00     0.00 -1 -9.84e-13      0.00 8.390e-01 1.609e-01 2.931e-05 8.063e-06 7.368e-05 -1.000 1.424e-04 3.034 3.928 3.336 3.011 2.920 2.903 2.905
0.00021956 -1.85000 10.06446 0.8000000119 2.4187244405    0.798  0.696  3.7729  3.688    2  0.000  0.530     0.00     0.00     0.00     0.00     0.00 -1 -9.94e-13      0.00 8.365e-01 1.634e-01 2.963e-05 8.149e-06 7.445e-05 -1.000 1.486e-04 3.029 3.927 3.333 3.005 2.913 2.896 2.898
0.00021956 -1.85000 10.06446 0.8005607128 2.4189203719    0.799  0.714  3.7673  3.648    2  0.000  0.532     0.00     0.00     0.00     0.00     0.00 -1 -1.08e-12      0.00 8.151e-01 1.847e-01 3.236e-05 8.883e-06 8.100e-05 -1.000 2.020e-04 2.985 3.915 3.304 2.958 2.857 2.834 2.834
0.00021956 -1.85000 10.06446 0.8012519479 2.4191614832    0.800  0.740  3.7601  3.593    2  0.000  0.535     0.00     0.00     0.00     0.00     0.00 -1 -1.23e-12      0.00 7.943e-01 2.056e-01 3.504e-05 9.597e-06 8.738e-05 -1.000 1.542e-04 2.919 3.893 3.259 2.889 2.777 2.746 2.743
0.00021956 -1.85000 10.06446 0.8019454479 2.4194029043    0.800  0.775  3.7532  3.531    2  0.000  0.536     0.00     0.00     0.00     0.00     0.00 -1 -1.42e-12      0.00 7.817e-01 2.181e-01 3.666e-05 1.003e-05 9.126e-05 -1.000 2.048e-04 2.832 3.853 3.193 2.799 2.676 2.638 2.633
0.00021956 -1.85000 10.06446 0.8024876118 2.4195913081    0.801  0.810  3.7487  3.478    2  0.000  0.536     0.00     0.00     0.00     0.00     0.00 -1 -1.64e-12      0.00 7.757e-01 2.241e-01 3.746e-05 1.024e-05 9.315e-05 -1.000 2.266e-04 2.744 3.796 3.120 2.709 2.579 2.537 2.529
0.00021956 -1.85000 10.06446 0.8030240536 2.4197774355    0.801  0.852  3.7448  3.421    2  0.000  0.536     0.00     0.00     0.00     0.00     0.00 -1 -1.93e-12      0.00 7.715e-01 2.282e-01 3.798e-05 1.039e-05 9.442e-05 -1.000 2.204e-04 2.640 3.720 3.028 2.605 2.469 2.422 2.413
0.00021956 -1.85000 10.06446 0.8031933308 2.4198361097    0.801  0.867  3.7439  3.402    3  0.000  0.536     0.00     0.00     0.00     0.00     0.00 -1 -2.05e-12      0.00 7.706e-01 2.292e-01 3.810e-05 1.042e-05 9.471e-05 -1.000 1.400e-04 2.603 3.690 2.995 2.568 2.430 2.382 2.372
0.00021956 -1.85000 10.06446 0.8036474586 2.4199933774    0.802  0.909  3.7415  3.351    3  0.000  0.537     0.00     0.00     0.00     0.00     0.00 -1 -2.38e-12      0.00 7.681e-01 2.317e-01 3.840e-05 1.050e-05 9.541e-05 -1.000 2.295e-04 2.497 3.601 2.896 2.462 2.320 2.270 2.259
0.00021956 -1.85000 10.06446 0.8041440248 2.4201651079    0.802  0.959  3.7392  3.292    3  0.000  0.537     0.00     0.00     0.00     0.00     0.00 -1 -2.86e-12      0.00 7.658e-01 2.340e-01 3.864e-05 1.056e-05 9.599e-05 -1.000 2.258e-04 2.372 3.494 2.779 2.337 2.192 2.139 2.127
0.00021956 -1.85000 10.06446 0.8045656085 2.4203107155    0.802  1.005  3.7375  3.240    3  0.000  0.537     0.00     0.00     0.00     0.00     0.00 -1 -3.37e-12      0.00 7.639e-01 2.358e-01 3.881e-05 1.061e-05 9.641e-05 -1.000 2.258e-04 2.258 3.394 2.672 2.224 2.076 2.021 2.008
0.00021956 -1.85000 10.06446 0.8049683571 2.4204496539    0.803  1.051  3.7358  3.187    3  0.000  0.537     0.00     0.00     0.00     0.00     0.00 -1 -3.98e-12      0.00 7.624e-01 2.374e-01 3.895e-05 1.064e-05 9.674e-05 -1.000 2.305e-04 2.142 3.292 2.562 2.109 1.958 1.902 1.888
0.00021956 -1.85000 10.06446 0.8053774238 2.4205906084    0.803  1.101  3.7341  3.130    3  0.000  0.537     0.00     0.00     0.00     0.00     0.00 -1 -4.77e-12      0.00 7.607e-01 2.391e-01 3.907e-05 1.068e-05 9.705e-05 -1.000 2.299e-04 2.016 3.179 2.442 1.984 1.830 1.772 1.757
0.00021956 -1.85000 10.06446 0.8057532310 2.4207199574    0.803  1.152  3.7326  3.074    3  0.000  0.537     0.00     0.00     0.00     0.00     0.00 -1 -5.71e-12      0.00 7.592e-01 2.406e-01 3.914e-05 1.071e-05 9.728e-05 -1.000 2.260e-04 1.891 3.065 2.322 1.859 1.704 1.643 1.628
0.00021956 -1.85000 10.06446 0.8060905933 2.4208359559    0.804  1.200  3.7311  3.019    3  0.000  0.536     0.00     0.00     0.00     0.00     0.00 -1  -6.8e-12      0.00 7.578e-01 2.419e-01 3.919e-05 1.074e-05 9.747e-05 -1.000 2.196e-04 1.769 2.955 2.205 1.738 1.580 1.518 1.502
0.00021956 -1.85000 10.06446 0.8063855171 2.4209372710    0.804  1.247  3.7296  2.967    3  0.000  0.536     0.00     0.00     0.00     0.00     0.00 -1 -8.04e-12      0.00 7.567e-01 2.431e-01 3.920e-05 1.077e-05 9.762e-05 -1.000 2.250e-04 1.654 2.850 2.095 1.623 1.463 1.399 1.382
0.00021956 -1.85000 10.06446 0.8066728115 2.4210358832    0.804  1.296  3.7281  2.912    3  0.000  0.534     0.00     0.00     0.00     0.00     0.00 -1 -9.58e-12      0.00 7.555e-01 2.442e-01 3.917e-05 1.082e-05 9.774e-05 -1.000 2.303e-04 1.531 2.741 1.978 1.501 1.339 1.273 1.256
0.00021956 -1.85000 10.06446 0.8069483638 2.4211303891    0.804  1.347  3.7266  2.855    3  0.000  0.533     0.00     0.00     0.00     0.00     0.00 -1 -1.15e-11      0.00 7.546e-01 2.452e-01 3.909e-05 1.088e-05 9.784e-05 -1.000 2.272e-04 1.403 2.625 1.855 1.373 1.209 1.141 1.123
0.00021956 -1.85000 10.06446 0.8071793914 2.4212095673    0.804  1.394  3.7251  2.802    3  0.000  0.532     0.00     0.00     0.00     0.00     0.00 -1 -1.36e-11      0.00 7.538e-01 2.460e-01 3.901e-05 1.096e-05 9.792e-05 -1.000 2.245e-04 1.285 2.521 1.743 1.257 1.090 1.021 1.001
0.00021956 -1.85000 10.06446 0.8073900342 2.4212817137    0.804  1.441  3.7236  2.749    3  0.000  0.530     0.00     0.00     0.00     0.00     0.00 -1 -1.61e-11      0.00 7.531e-01 2.466e-01 3.892e-05 1.104e-05 9.798e-05 -1.000 2.305e-04 1.169 2.417 1.632 1.141 0.972 0.901 0.881
0.00021956 -1.85000 10.06446 0.8075881600 2.4213495335    0.804  1.489  3.7220  2.695    3  0.000  0.529     0.00     0.00     0.00     0.00     0.00 -1 -1.92e-11      0.00 7.526e-01 2.472e-01 3.883e-05 1.113e-05 9.803e-05 -1.000 2.301e-04 1.048 2.309 1.518 1.022 0.850 0.778 0.757
0.00021956 -1.85000 10.06446 0.8077632785 2.4214094459    0.804  1.535  3.7204  2.642    3  0.000  0.527     0.00     0.00     0.00     0.00     0.00 -1 -2.27e-11      0.00 7.522e-01 2.476e-01 3.875e-05 1.121e-05 9.806e-05 -1.000 2.299e-04 0.932 2.207 1.408 0.907 0.733 0.658 0.636
0.00021956 -1.85000 10.06446 0.8079298139 2.4214663941    0.804  1.583  3.7187  2.587    3  0.000  0.527     0.00     0.00     0.00     0.00     0.00 -1  -2.7e-11      0.00 7.519e-01 2.479e-01 3.869e-05 1.127e-05 9.809e-05 -1.000 2.302e-04 0.811 2.101 1.294 0.787 0.610 0.534 0.511
0.00021956 -1.85000 10.06446 0.8080766201 2.4215165733    0.804  1.630  3.7172  2.534    3  0.000  0.526     0.00     0.00     0.00     0.00     0.00 -1  -3.2e-11      0.00 7.518e-01 2.480e-01 3.865e-05 1.130e-05 9.810e-05 -1.000 2.306e-04 0.695 1.999 1.184 0.672 0.493 0.414 0.391
0.00021956 -1.85000 10.06446 0.8082072735 2.4215612138    0.804  1.675  3.7155  2.482    3  0.000  0.526     0.00     0.00     0.00     0.00     0.00 -1 -3.77e-11      0.00 7.517e-01 2.481e-01 3.863e-05 1.133e-05 9.810e-05 -1.000 2.305e-04 0.582 1.902 1.078 0.561 0.379 0.298 0.274
0.00021956 -1.85000 10.06446 0.8083317280 2.4216037209    0.804  1.722  3.7138  2.428    3  0.000  0.526     0.00     0.00     0.00     0.00     0.00 -1 -4.47e-11      0.00 7.517e-01 2.481e-01 3.862e-05 1.134e-05 9.811e-05 -1.000 2.305e-04 0.465 1.804 0.968 0.444 0.259 0.177 0.152
0.00021956 -1.85000 10.06446 0.8084444404 2.4216422045    0.804  1.768  3.7121  2.375    3  0.000  0.525     0.00     0.00     0.00     0.00     0.00 -1 -5.28e-11      0.00 7.517e-01 2.481e-01 3.862e-05 1.134e-05 9.811e-05 -1.000 2.305e-04 0.349 1.706 0.859 0.329 0.141 0.057 0.031
0.00021956 -1.85000 10.06446 0.8085436225 2.4216760582    0.804  1.813  3.7104  2.324    3  0.000  0.525     0.00     0.00     0.00     0.00     0.00 -1 -6.21e-11      0.00 7.516e-01 2.481e-01 3.862e-05 1.134e-05 9.811e-05 -1.000 2.306e-04 0.238 1.613 0.756 0.219 0.028 -0.058 -0.085
0.00021956 -1.85000 10.06446 0.8086347580 2.4217071569    0.803  1.857  3.7087  2.273    3  0.000  0.525     0.00     0.00     0.00     0.00     0.00 -1 -7.29e-11      0.00 7.516e-01 2.481e-01 3.862e-05 1.135e-05 9.812e-05 -1.000 2.306e-04 0.128 1.523 0.654 0.110 -0.084 -0.172 -0.200
0.00021956 -1.85000 10.06446 0.8087229133 2.4217372311    0.803  1.903  3.7070  2.220    3  0.000  0.525     0.00     0.00     0.00     0.00     0.00 -1 -8.62e-11      0.00 7.516e-01 2.481e-01 3.861e-05 1.135e-05 9.812e-05 -1.000 2.305e-04 0.012 1.429 0.547 -0.005 -0.201 -0.291 -0.320
0.00021956 -1.85000 10.06446 0.8088001013 2.4217635575    0.803  1.947  3.7052  2.168    3  0.000  0.525     0.00     0.00     0.00     0.00     0.00 -1 -1.01e-10      0.00 7.516e-01 2.481e-01 3.861e-05 1.135e-05 9.812e-05 -1.000 2.305e-04 -0.097 1.341 0.446 -0.113 -0.312 -0.405 -0.434
0.00021956 -1.85000 10.06446 0.8088710904 2.4217877646    0.802  1.991  3.7034  2.118    3  0.000  0.525     0.00     0.00     0.00     0.00     0.00 -1 -1.19e-10      0.00 7.516e-01 2.482e-01 3.861e-05 1.135e-05 9.812e-05 -1.000 2.306e-04 -0.206 1.253 0.346 -0.220 -0.423 -0.518 -0.548
0.00021956 -1.85000 10.06446 0.8089382648 2.4218106665    0.802  2.035  3.7017  2.066    3  0.000  0.525     0.00     0.00     0.00     0.00     0.00 -1  -1.4e-10      0.00 7.516e-01 2.482e-01 3.861e-05 1.135e-05 9.812e-05 -1.000 2.305e-04 -0.318 1.163 0.243 -0.331 -0.536 -0.633 -0.664
0.00021956 -1.85000 10.06446 0.8089974523 2.4218308416    0.802  2.077  3.6998  2.017    3  0.000  0.525     0.00     0.00     0.00     0.00     0.00 -1 -1.63e-10      0.00 7.516e-01 2.482e-01 3.861e-05 1.135e-05 9.812e-05 -1.000 2.306e-04 -0.422 1.082 0.149 -0.433 -0.642 -0.741 -0.773
0.00021956 -1.85000 10.06446 0.8090543747 2.4218502415    0.801  2.119  3.6980  1.967    3  0.000  0.525     0.00     0.00     0.00     0.00     0.00 -1  -1.9e-10      0.00 7.516e-01 2.482e-01 3.861e-05 1.136e-05 9.812e-05 -1.000 2.305e-04 -0.527 1.002 0.054 -0.536 -0.748 -0.850 -0.883
0.00021956 -1.85000 10.06446 0.8091135621 2.4218704100    0.801  2.161  3.6963  1.918    3  0.000  0.525     0.00     0.00     0.00     0.00     0.00 -1 -2.21e-10      0.00 7.516e-01 2.482e-01 3.861e-05 1.136e-05 9.812e-05 -1.000 2.305e-04 -0.632 0.923 -0.041 -0.639 -0.855 -0.958 -0.993
0.00021956 -1.85000 10.06446 0.8091664314 2.4218884228    0.800  2.185  3.6953  1.890    3  0.000  0.525     0.00     0.00     0.00     0.00     0.00 -1 -2.43e-10      0.00 7.516e-01 2.482e-01 3.861e-05 1.136e-05 9.812e-05 -1.000 2.306e-04 -0.692 0.878 -0.095 -0.698 -0.916 -1.020 -1.055
0.00021956 -1.85000 10.06446 0.8091982007 2.4218992453    0.800  2.175  3.6960  1.902    3  0.000  0.525     0.00     0.00     0.00     0.00     0.00 -1 -2.36e-10      0.00 7.516e-01 2.482e-01 3.861e-05 1.136e-05 9.812e-05 -1.000 2.306e-04 -0.667 0.893 -0.075 -0.674 -0.890 -0.994 -1.029
0.00021956 -1.85000 10.06446 0.8092024326 2.4219006869    0.800  2.174  3.6961  1.904    3  0.000  0.525     0.00     0.00     0.00     0.00     0.00 -1 -2.35e-10      0.00 7.516e-01 2.482e-01 3.861e-05 1.136e-05 9.812e-05 -1.000 2.305e-04 -0.664 0.895 -0.072 -0.671 -0.887 -0.991 -1.025
0.00021956 -1.85000 10.06446 0.8092282414 2.4219094781    0.800  2.200  3.6949  1.873    3  0.000  0.525     0.00     0.00     0.00     0.00     0.00 -1 -2.57e-10      0.00 7.516e-01 2.482e-01 3.860e-05 1.136e-05 9.812e-05 -1.000 2.305e-04 -0.730 0.847 -0.131 -0.736 -0.954 -1.059 -1.094
0.00021956 -1.85000 10.06446 0.8092672825 2.4219227754    0.799  2.242  3.6931  1.823    3  0.000  0.525     0.00     0.00     0.00     0.00     0.00 -1 -2.98e-10      0.00 7.516e-01 2.482e-01 3.860e-05 1.136e-05 9.812e-05 -1.000 2.306e-04 -0.834 0.771 -0.224 -0.838 -1.059 -1.167 -1.203
0.00021956 -1.85000 10.06446 0.8093037009 2.4219351782    0.798  2.283  3.6912  1.775    3  0.000  0.525     0.00     0.00     0.00     0.00     0.00 -1 -3.46e-10      0.00 7.516e-01 2.482e-01 3.860e-05 1.136e-05 9.813e-05 -1.000 2.305e-04 -0.936 0.697 -0.315 -0.938 -1.163 -1.273 -1.311
0.00021956 -1.85000 10.06446 0.8093372583 2.4219466054    0.798  2.323  3.6893  1.726    3  0.000  0.525     0.00     0.00     0.00     0.00     0.00 -1 -4.02e-10      0.00 7.516e-01 2.482e-01 3.860e-05 1.136e-05 9.813e-05 -1.000 2.306e-04 -1.037 0.627 -0.404 -1.036 -1.265 -1.378 -1.416
0.00021956 -1.85000 10.06446 0.8093667030 2.4219566312    0.797  2.361  3.6875  1.681    3  0.000  0.525     0.00     0.00     0.00     0.00     0.00 -1 -4.62e-10      0.00 7.516e-01 2.482e-01 3.860e-05 1.136e-05 9.813e-05 -1.000 2.306e-04 -1.132 0.562 -0.486 -1.128 -1.360 -1.475 -1.514
0.00021956 -1.85000 10.06446 0.8093954325 2.4219664127    0.797  2.400  3.6857  1.634    3  0.000  0.525     0.00     0.00     0.00     0.00     0.00 -1 -5.34e-10      0.00 7.516e-01 2.482e-01 3.860e-05 1.136e-05 9.813e-05 -1.000 2.306e-04 -1.230 0.495 -0.572 -1.223 -1.459 -1.576 -1.617
0.00021956 -1.85000 10.06446 0.8094207048 2.4219750165    0.796  2.437  3.6838  1.589    3  0.000  0.525     0.00     0.00     0.00     0.00     0.00 -1 -6.12e-10      0.00 7.516e-01 2.482e-01 3.860e-05 1.137e-05 9.813e-05 -1.000 2.306e-04 -1.322 0.449 -0.650 -1.314 -1.553 -1.673 -1.715
0.00021956 -1.85000 10.06446 0.8094452024 2.4219833559    0.795  2.475  3.6820  1.544    3  0.000  0.525     0.00     0.00     0.00     0.00     0.00 -1 -7.05e-10      0.00 7.516e-01 2.482e-01 3.860e-05 1.137e-05 9.813e-05 -1.000 2.305e-04 -1.417 0.398 -0.731 -1.408 -1.651 -1.773 -1.816
0.00021956 -1.85000 10.06446 0.8094669580 2.4219907615    0.794  2.511  3.6802  1.500    3  0.000  0.525     6.69     5.33     3.79     2.93     2.37  3 -8.06e-10      0.00 7.516e-01 2.482e-01 3.860e-05 1.137e-05 9.813e-05 -1.000 2.306e-04 -1.508 0.356 -0.807 -1.498 -1.744 -1.868 -1.912
0.00021956 -1.85000 10.06446 0.8094923496 2.4219994041    0.793  2.556  3.6779  1.445    3  0.000  0.525     7.51     5.89     4.17     3.22     2.61  3 -9.53e-10      0.00 7.516e-01 2.482e-01 3.860e-05 1.137e-05 9.813e-05 -1.000 2.305e-04 -1.620 0.312 -0.897 -1.609 -1.860 -1.987 -2.032
0.00021956 -1.85000 10.06446 0.8095148802 2.4220070724    0.792  2.599  3.6758  1.392    3  0.000  0.525     8.39     6.47     4.56     3.53     2.86  3 -1.12e-09      0.00 7.516e-01 2.482e-01 3.860e-05 1.137e-05 9.813e-05 -1.000 2.305e-04 -1.729 0.273 -0.983 -1.714 -1.971 -2.101 -2.147
0.00021956 -1.85000 10.06446 0.8095325232 2.4220130769    0.791  2.636  3.6737  1.347    3  0.000  0.525     9.23     7.02     4.93     3.82     3.09  3 -1.28e-09      0.00 7.516e-01 2.482e-01 3.860e-05 1.137e-05 9.813e-05 -1.000 2.306e-04 -1.820 0.251 -1.051 -1.803 -2.064 -2.197 -2.245
0.00021956 -1.85000 10.06446 0.8095513582 2.4220194867    0.790  2.677  3.6716  1.297    3  0.000  0.525    10.26     7.68     5.37     4.17     3.38  3  -1.5e-09      0.00 7.516e-01 2.482e-01 3.860e-05 1.137e-05 9.813e-05 -1.000 2.305e-04 -1.923 0.224 -1.129 -1.904 -2.170 -2.306 -2.355
0.00021956 -1.85000 10.06446 0.8095664382 2.4220246184    0.789  2.713  3.6697  1.253    3  0.000  0.525    11.26     8.31     5.79     4.51     3.65  3 -1.71e-09      0.00 7.516e-01 2.482e-01 3.860e-05 1.137e-05 9.813e-05 -1.000 2.306e-04 -2.011 0.210 -1.193 -1.989 -2.261 -2.400 -2.450
0.00021956 -1.85000 10.06446 0.8095822930 2.4220300135    0.787  2.752  3.6675  1.204    3  0.000  0.525    12.48     9.08     6.30     4.91     3.98  3 -1.98e-09      0.00 7.516e-01 2.482e-01 3.860e-05 1.137e-05 9.813e-05 -1.000 2.305e-04 -2.110 0.199 -1.262 -2.084 -2.362 -2.504 -2.556
0.00021956 -1.85000 10.06446 0.8095974922 2.4220351853    0.786  2.793  3.6652  1.154    3  0.000  0.525    13.88     9.94     6.87     5.36     4.34  2 -2.31e-09      0.00 7.516e-01 2.482e-01 3.860e-05 1.137e-05 9.813e-05 -1.000 2.305e-04 -2.211 0.192 -1.332 -2.181 -2.465 -2.611 -2.665
0.00021956 -1.85000 10.06446 0.8096116781 2.4220400121    0.784  2.833  3.6628  1.103    3  0.000  0.525    15.45    10.89     7.50     5.86     4.75  2 -2.69e-09      0.00 7.516e-01 2.482e-01 3.860e-05 1.137e-05 9.813e-05 -1.000 2.305e-04 -2.312 0.197 -1.396 -2.277 -2.568 -2.718 -2.773
0.00021956 -1.85000 10.06446 0.8096240163 2.4220442100    0.782  2.870  3.6608  1.056    3  0.000  0.525    17.05    11.84     8.12     6.35     5.15  2 -3.09e-09      0.00 7.516e-01 2.482e-01 3.860e-05 1.137e-05 9.813e-05 -1.000 2.305e-04 -2.406 0.203 -1.456 -2.365 -2.664 -2.817 -2.874
0.00021956 -1.85000 10.06446 0.8096360564 2.4220483064    0.780  2.909  3.6584  1.007    3  0.000  0.525    18.92    12.94     8.84     6.92     5.61  2 -3.58e-09      0.00 7.516e-01 2.482e-01 3.860e-05 1.137e-05 9.813e-05 -1.000 2.306e-04 -2.503 0.224 -1.511 -2.456 -2.762 -2.919 -2.978
0.00021956 -1.85000 10.06446 0.8096466064 2.4220518957    0.778  2.945  3.6564  0.961    3  0.000  0.525    20.82    14.04     9.55     7.49     6.07  2 -4.11e-09      0.00 7.516e-01 2.482e-01 3.860e-05 1.137e-05 9.813e-05 -1.000 2.306e-04 -2.593 0.218 -1.567 -2.538 -2.852 -3.013 -3.073
0.00021956 -1.85000 10.06446 0.8096567392 2.4220553430    0.776  2.982  3.6541  0.914    3  0.000  0.525    23.00    15.28    10.36     8.14     6.60  2 -4.73e-09      0.00 7.516e-01 2.482e-01 3.860e-05 1.137e-05 9.813e-05 -1.000 2.306e-04 -2.686 0.212 -1.621 -2.620 -2.943 -3.108 -3.170
0.00021956 -1.85000 10.06446 0.8096662164 2.4220585671    0.774  3.019  3.6518  0.867    3  0.000  0.525    25.39    16.63    11.22     8.83     7.16  1 -5.45e-09      0.00 7.516e-01 2.482e-01 3.860e-05 1.137e-05 9.813e-05 -1.000 2.304e-04 -2.777 0.206 -1.675 -2.701 -3.032 -3.202 -3.266
0.00021956 -1.85000 10.06446 0.8096745610 2.4220614058    0.771  3.053  3.6498  0.824    3  0.000  0.525    27.81    17.96    12.09     9.52     7.72  1  -6.2e-09      0.00 7.516e-01 2.482e-01 3.860e-05 1.137e-05 9.813e-05 -1.000 2.306e-04 -2.862 0.200 -1.725 -2.776 -3.115 -3.289 -3.355
0.00021956 -1.85000 10.06446 0.8096826077 2.4220641431    0.769  3.087  3.6476  0.779    3  0.000  0.525    30.56    19.47    13.05    10.29     8.35  1 -7.07e-09      0.00 7.516e-01 2.482e-01 3.860e-05 1.137e-05 9.813e-05 -1.000 2.305e-04 -2.948 0.197 -1.773 -2.851 -3.198 -3.377 -3.444
0.00021956 -1.85000 10.06446 0.8096901178 2.4220666979    0.766  3.121  3.6455  0.735    3  0.000  0.525    33.52    21.05    14.06    11.10     9.01  1 -8.06e-09      0.00 7.516e-01 2.482e-01 3.860e-05 1.137e-05 9.813e-05 -1.000 2.305e-04 -3.033 0.191 -1.823 -2.926 -3.281 -3.463 -3.533
0.00021956 -1.85000 10.06446 0.8096970320 2.4220690499    0.763  3.154  3.6434  0.692    3  0.000  0.525    36.65    22.71    15.12    11.95     9.70  1 -9.14e-09      0.00 7.516e-01 2.482e-01 3.860e-05 1.137e-05 9.813e-05 -1.000 2.306e-04 -3.114 0.189 -1.868 -2.996 -3.359 -3.546 -3.617
0.00021956 -1.85000 10.06446 0.8097038269 2.4220713612    0.760  3.188  3.6412  0.648    3  0.000  0.525    40.25    24.59    16.31    12.91    10.48  1 -1.04e-08      0.00 7.516e-01 2.482e-01 3.860e-05 1.137e-05 9.813e-05 -1.000 2.306e-04 -3.199 0.189 -1.913 -3.068 -3.440 -3.632 -3.705
0.00021956 -1.85000 10.06446 0.8097099066 2.4220734293    0.756  3.219  3.6393  0.607    3  0.000  0.525    43.89    26.46    17.49    13.86    11.25  1 -1.18e-08      0.00 7.516e-01 2.482e-01 3.860e-05 1.137e-05 9.813e-05 -1.000 2.306e-04 -3.278 0.187 -1.954 -3.135 -3.516 -3.711 -3.786
0.00021956 -1.85000 10.06446 0.8097158074 2.4220754364    0.753  3.250  3.6372  0.565    3  0.000  0.525    47.88    28.48    18.76    14.88    12.08  1 -1.33e-08      0.00 7.516e-01 2.482e-01 3.860e-05 1.137e-05 9.813e-05 -1.000 2.306e-04 -3.355 0.188 -1.991 -3.200 -3.589 -3.789 -3.866
0.00021956 -1.85000 10.06446 0.8097207546 2.4220771192    0.749  3.275  3.6357  0.533    3  0.000  0.525    51.26    30.17    19.82    15.74    12.78  1 -1.48e-08      0.00 7.516e-01 2.482e-01 3.860e-05 1.137e-05 9.813e-05 -1.000 2.305e-04 -3.416 0.188 -2.021 -3.251 -3.646 -3.850 -3.929
0.00021956 -1.85000 10.06446 0.8097207546 2.4220771192    0.749  1.693  3.8505  2.973    4  0.000  0.530     0.00     0.00     0.00     0.00     0.00 -1    -1e-30      0.00 7.529e-01 2.469e-01 3.904e-05 1.109e-05 9.830e-05 -1.000 2.306e-04 0.537 1.068 0.558 0.530 0.587 0.624 0.649
0.00021956 -1.85000 10.06446 0.8097241521 2.4220782748    0.749  1.696  3.8494  2.967    4  0.000  0.530     0.00     0.00     0.00     0.00     0.00 -1    -1e-30      0.00 7.529e-01 2.469e-01 3.904e-05 1.109e-05 9.830e-05 -1.000 2.305e-04 0.531 1.066 0.555 0.523 0.578 0.614 0.639
0.00021956 -1.85000 10.06446 0.8097810745 2.4220976347    0.749  1.716  3.8399  2.908    4  0.000  0.530     0.00     0.00     0.00     0.00     0.00 -1    -1e-30      0.00 7.529e-01 2.469e-01 3.904e-05 1.109e-05 9.830e-05 -1.000 2.306e-04 0.481 1.043 0.528 0.464 0.501 0.533 0.555
0.00021956 -1.85000 10.06446 0.8098386526 2.4221172144    0.749  1.717  3.8405  2.910    4  0.000  0.530     0.00     0.00     0.00     0.00     0.00 -1    -1e-30      0.00 7.529e-01 2.469e-01 3.904e-05 1.109e-05 9.830e-05 -1.000 2.306e-04 0.478 1.038 0.523 0.461 0.500 0.532 0.554
0.00021956 -1.85000 10.06446 0.8098974228 2.4221371961    0.749  1.717  3.8417  2.914    4  0.000  0.530     0.00     0.00     0.00     0.00     0.00 -1    -1e-30      0.00 7.529e-01 2.469e-01 3.904e-05 1.109e-05 9.830e-05 -1.000 2.306e-04 0.477 1.034 0.519 0.462 0.503 0.535 0.558
0.00021956 -1.85000 10.06446 0.8099557161 2.4221570125    0.749  1.717  3.8430  2.919    4  0.000  0.530     0.00     0.00     0.00     0.00     0.00 -1    -1e-30      0.00 7.529e-01 2.469e-01 3.904e-05 1.109e-05 9.830e-05 -1.000 2.306e-04 0.477 1.030 0.516 0.463 0.506 0.539 0.562
0.00021956 -1.85000 10.06446 0.8100104928 2.4221756304    0.749  1.717  3.8442  2.925    4  0.000  0.530     0.00     0.00     0.00     0.00     0.00 -1    -1e-30      0.00 7.529e-01 2.469e-01 3.904e-05 1.109e-05 9.830e-05 -1.000 2.305e-04 0.478 1.026 0.513 0.464 0.510 0.543 0.567
0.00021956 -1.85000 10.06446 0.8100643158 2.4221939213    0.749  1.717  3.8455  2.930    4  0.000  0.530     0.00     0.00     0.00     0.00     0.00 -1    -1e-30      0.00 7.529e-01 2.469e-01 3.904e-05 1.109e-05 9.830e-05 -1.000 2.305e-04 0.478 1.022 0.510 0.466 0.514 0.548 0.572
0.00021956 -1.85000 10.06446 0.8101188540 2.4222124525    0.750  1.716  3.8468  2.936    4  0.000  0.530     0.00     0.00     0.00     0.00     0.00 -1    -1e-30      0.00 7.529e-01 2.469e-01 3.904e-05 1.109e-05 9.830e-05 -1.000 2.306e-04 0.479 1.019 0.508 0.468 0.518 0.553 0.577
0.00021956 -1.85000 10.06446 0.8101758361 2.4222318109    0.750  1.716  3.8480  2.941    4  0.000  0.530     0.00     0.00     0.00     0.00     0.00 -1    -1e-30      0.00 7.529e-01 2.469e-01 3.904e-05 1.109e-05 9.830e-05 -1.000 2.305e-04 0.479 1.016 0.505 0.469 0.522 0.557 0.582
0.00021956 -1.85000 10.06446 0.8102320433 2.4222509031    0.750  1.716  3.8489  2.944    4  0.000  0.530     0.00     0.00     0.00     0.00     0.00 -1    -1e-30      0.00 7.529e-01 2.469e-01 3.904e-05 1.109e-05 9.830e-05 -1.000 2.306e-04 0.480 1.014 0.503 0.470 0.525 0.561 0.585
0.00021956 -1.85000 10.06446 0.8102898598 2.4222705387    0.750  1.716  3.8494  2.946    4  0.000  0.530     0.00     0.00     0.00     0.00     0.00 -1    -1e-30      0.00 7.529e-01 2.469e-01 3.904e-05 1.109e-05 9.830e-05 -1.000 2.306e-04 0.480 1.012 0.502 0.471 0.526 0.562 0.587
0.00021956 -1.85000 10.06446 0.8103472590 2.4222900294    0.750  1.716  3.8496  2.947    4  0.000  0.530     0.00     0.00     0.00     0.00     0.00 -1    -1e-30      0.00 7.529e-01 2.469e-01 3.904e-05 1.109e-05 9.830e-05 -1.000 2.305e-04 0.479 1.011 0.501 0.470 0.526 0.562 0.587
0.00021956 -1.85000 10.06446 0.8104039431 2.4223092741    0.750  1.717  3.8493  2.945    4  0.000  0.530     0.00     0.00     0.00     0.00     0.00 -1    -1e-30      0.00 7.529e-01 2.469e-01 3.904e-05 1.109e-05 9.830e-05 -1.000 2.305e-04 0.478 1.010 0.500 0.468 0.524 0.560 0.584
0.00021956 -1.85000 10.06446 0.8104588389 2.4223279088    0.750  1.718  3.8486  2.942    4  0.000  0.530     0.00     0.00     0.00     0.00     0.00 -1    -1e-30      0.00 7.529e-01 2.469e-01 3.904e-05 1.109e-05 9.830e-05 -1.000 2.306e-04 0.476 1.011 0.500 0.466 0.520 0.556 0.580
0.00021956 -1.85000 10.06446 0.8104828596 2.4223360618    0.750  1.718  3.8481  2.939    4  0.000  0.530     0.00     0.00     0.00     0.00     0.00 -1    -1e-30      0.00 7.529e-01 2.469e-01 3.904e-05 1.109e-05 9.830e-05 -1.000 2.306e-04 0.475 1.011 0.500 0.465 0.518 0.553 0.577
0.00021956 -1.85000 10.06446 0.8104954362 2.4223403303    0.750  1.718  3.8477  2.938    4  0.000  0.530     0.00     0.00     0.00     0.00     0.00 -1    -1e-30      0.00 7.529e-01 2.469e-01 3.904e-05 1.109e-05 9.830e-05 -1.000 2.306e-04 0.474 1.011 0.500 0.464 0.516 0.551 0.575
0.00021956 -1.85000 10.06446 0.8105504513 2.4223590006    0.750  1.720  3.8460  2.929    4  0.000  0.530     0.00     0.00     0.00     0.00     0.00 -1    -1e-30      0.00 7.529e-01 2.469e-01 3.904e-05 1.109e-05 9.830e-05 -1.000 2.305e-04 0.471 1.013 0.501 0.459 0.508 0.542 0.566
0.00021956 -1.85000 10.06446 0.8106063008 2.4223779511    0.750  1.721  3.8435  2.918    4  0.000  0.530     0.00     0.00     0.00     0.00     0.00 -1    -1e-30      0.00 7.529e-01 2.469e-01 3.904e-05 1.109e-05 9.830e-05 -1.000 2.305e-04 0.467 1.017 0.503 0.452 0.497 0.530 0.553
0.00021956 -1.85000 10.06446 0.8106610775 2.4223965347    0.750  1.723  3.8405  2.904    4  0.000  0.530     0.00     0.00     0.00     0.00     0.00 -1    -1e-30      0.00 7.529e-01 2.469e-01 3.904e-05 1.109e-05 9.830e-05 -1.000 2.306e-04 0.462 1.021 0.506 0.445 0.484 0.515 0.538
0.00021956 -1.85000 10.06446 0.8107150793 2.4224148525    0.750  1.726  3.8369  2.887    4  0.000  0.530     0.00     0.00     0.00     0.00     0.00 -1    -1e-30      0.00 7.529e-01 2.469e-01 3.904e-05 1.109e-05 9.830e-05 -1.000 2.305e-04 0.456 1.027 0.510 0.436 0.469 0.498 0.520
0.00021956 -1.85000 10.06446 0.8107689023 2.4224331069    0.750  1.729  3.8326  2.867    4  0.000  0.530     0.00     0.00     0.00     0.00     0.00 -1    -1e-30      0.00 7.529e-01 2.469e-01 3.904e-05 1.109e-05 9.830e-05 -1.000 2.306e-04 0.449 1.035 0.514 0.426 0.451 0.478 0.498
0.00021956 -1.85000 10.06446 0.8108223081 2.4224512170    0.750  1.732  3.8277  2.844    4  0.000  0.530     0.00     0.00     0.00     0.00     0.00 -1    -1e-30      0.00 7.529e-01 2.469e-01 3.904e-05 1.109e-05 9.830e-05 -1.000 2.306e-04 0.441 1.044 0.520 0.415 0.430 0.455 0.474
0.00021956 -1.85000 10.06446 0.8108757734 2.4224693446    0.750  1.735  3.8223  2.819    4  0.000  0.530     0.00     0.00     0.00     0.00     0.00 -1    -1e-30      0.00 7.529e-01 2.469e-01 3.904e-05 1.109e-05 9.830e-05 -1.000 2.306e-04 0.432 1.055 0.526 0.403 0.409 0.429 0.447
0.00021956 -1.85000 10.06446 0.8108808398 2.4224710623    0.750  1.736  3.8218  2.817    4  0.000  0.530     0.00     0.00     0.00     0.00     0.00 -1    -1e-30      0.00 7.529e-01 2.469e-01 3.904e-05 1.109e-05 9.830e-05 -1.000 2.306e-04 0.431 1.056 0.527 0.402 0.407 0.427 0.444
0.00021956 -1.85000 10.06446 0.8108904958 2.4224743358    0.750  1.736  3.8207  2.812    4  0.000  0.530     0.00     0.00     0.00     0.00     0.00 -1    -1e-30      0.00 7.529e-01 2.469e-01 3.904e-05 1.109e-05 9.830e-05 -1.000 2.306e-04 0.429 1.059 0.528 0.399 0.402 0.422 0.439
0.00021956 -1.85000 10.06446 0.8109475374 2.4224936721    0.750  1.741  3.8143  2.782    4  0.000  0.530     0.00     0.00     0.00     0.00     0.00 -1    -1e-30      0.00 7.529e-01 2.469e-01 3.904e-05 1.109e-05 9.830e-05 -1.000 2.306e-04 0.419 1.074 0.536 0.385 0.377 0.392 0.407
0.00021956 -1.85000 10.06446 0.8110031486 2.4225125205    0.750  1.745  3.8080  2.753    4  0.000  0.530     0.00     0.00     0.00     0.00     0.00 -1    -1e-30      0.00 7.529e-01 2.469e-01 3.904e-05 1.109e-05 9.830e-05 -1.000 2.306e-04 0.408 1.090 0.545 0.372 0.352 0.362 0.376
0.00021956 -1.85000 10.06446 0.8110626340 2.4225326787    0.751  1.750  3.8008  2.719    4  0.000  0.530     0.00     0.00     0.00     0.00     0.00 -1    -1e-30      0.00 7.529e-01 2.469e-01 3.904e-05 1.109e-05 9.830e-05 -1.000 2.305e-04 0.395 1.110 0.556 0.357 0.324 0.329 0.340
0.00021956 -1.85000 10.06446 0.8111192584 2.4225518642    0.751  1.756  3.7940  2.686    4  0.000  0.530     0.00     0.00     0.00     0.00     0.00 -1    -1e-30      0.00 7.529e-01 2.469e-01 3.904e-05 1.109e-05 9.830e-05 -1.000 2.306e-04 0.381 1.130 0.566 0.341 0.297 0.296 0.304
0.00021956 -1.85000 10.06446 0.8111734986 2.4225702390    0.751  1.761  3.7883  2.658    4  0.000  0.530     0.00     0.00     0.00     0.00     0.00 -1    -1e-30      0.00 7.529e-01 2.469e-01 3.904e-05 1.109e-05 9.830e-05 -1.000 2.306e-04 0.367 1.145 0.572 0.327 0.272 0.266 0.273
0.00021956 -1.85000 10.06446 0.8112294674 2.4225891964    0.751  1.767  3.7826  2.629    4  0.000  0.530     0.00     0.00     0.00     0.00     0.00 -1    -1e-30      0.00 7.529e-01 2.469e-01 3.904e-05 1.109e-05 9.830e-05 -1.000 2.306e-04 0.352 1.160 0.576 0.311 0.246 0.236 0.240
0.00021956 -1.85000 10.06446 0.8112844825 2.4226078279    0.751  1.773  3.7782  2.605    4  0.000  0.530     0.00     0.00     0.00     0.00     0.00 -1    -1e-30      0.00 7.529e-01 2.469e-01 3.904e-05 1.109e-05 9.830e-05 -1.000 2.306e-04 0.337 1.170 0.578 0.296 0.224 0.209 0.212
0.00021956 -1.85000 10.06446 0.8113400340 2.4226266381    0.751  1.779  3.7740  2.582    4  0.000  0.530     0.00     0.00     0.00     0.00     0.00 -1    -1e-30      0.00 7.529e-01 2.469e-01 3.904e-05 1.109e-05 9.830e-05 -1.000 2.306e-04 0.321 1.180 0.577 0.280 0.201 0.182 0.183
0.00021956 -1.85000 10.06446 0.8113956451 2.4226454655    0.751  1.787  3.7701  2.559    4  0.000  0.530     0.00     0.00     0.00     0.00     0.00 -1    -1e-30      0.00 7.529e-01 2.469e-01 3.904e-05 1.109e-05 9.830e-05 -1.000 2.306e-04 0.304 1.186 0.573 0.263 0.176 0.153 0.153
0.00021956 -1.85000 10.06446 0.8114516735 2.4226644312    0.751  1.796  3.7656  2.532    4  0.000  0.530     0.00     0.00     0.00     0.00     0.00 -1    -1e-30      0.00 7.529e-01 2.469e-01 3.904e-05 1.109e-05 9.830e-05 -1.000 2.306e-04 0.279 1.190 0.565 0.239 0.145 0.118 0.115
0.00021956 -1.85000 10.06446 0.8114628196 2.4226682038    0.751  1.783  3.7707  2.565    4  0.000  0.530     0.00     0.00     0.00     0.00     0.00 -1    -1e-30      0.00 7.529e-01 2.469e-01 3.904e-05 1.109e-05 9.830e-05 -1.000 2.306e-04 0.312 1.190 0.579 0.271 0.185 0.164 0.163
0.00021956 -1.85000 10.06446 0.8115202785 2.4226876499    0.751  1.799  3.7636  2.521    4  0.000  0.530     0.00     0.00     0.00     0.00     0.00 -1    -1e-30      0.00 7.529e-01 2.469e-01 3.904e-05 1.109e-05 9.830e-05 -1.000 2.306e-04 0.271 1.195 0.565 0.231 0.133 0.105 0.101
0.00021956 -1.85000 10.06446 0.8115768433 2.4227067904    0.751  1.818  3.7575  2.477    4  0.000  0.530     0.00     0.00     0.00     0.00     0.00 -1    -1e-30      0.00 7.529e-01 2.469e-01 3.904e-05 1.109e-05 9.830e-05 -1.000 2.306e-04 0.224 1.188 0.541 0.185 0.076 0.041 0.035
0.00021956 -1.85000 10.06446 0.8116245270 2.4227229233    0.751  1.848  3.7501  2.419    4  0.000  0.530     0.00     0.00     0.00     0.00     0.00 -1    -1e-30      0.00 7.529e-01 2.469e-01 3.904e-05 1.109e-05 9.830e-05 -1.000 2.306e-04 0.151 1.166 0.495 0.113 -0.008 -0.051 -0.060
0.00021956 -1.85000 10.06446 0.8116503358 2.4227316543    0.751  1.882  3.7428  2.355    4  0.000  0.530     0.00     0.00     0.00     0.00     0.00 -1    -1e-30      0.00 7.529e-01 2.469e-01 3.904e-05 1.109e-05 9.830e-05 -1.000 2.306e-04 0.066 1.136 0.438 0.029 -0.104 -0.154 -0.166
0.00021956 -1.85000 10.06446 0.8116620183 2.4227356063    0.751  1.917  3.7362  2.294    4  0.000  0.530     0.00     0.00     0.00     0.00     0.00 -1    -1e-30      0.00 7.529e-01 2.469e-01 3.904e-05 1.109e-05 9.830e-05 -1.000 2.306e-04 -0.023 1.101 0.375 -0.058 -0.203 -0.260 -0.274
0.00021956 -1.85000 10.06446 0.8116672039 2.4227373604    0.751  1.954  3.7304  2.233    4  0.000  0.530     0.00     0.00     0.00     0.00     0.00 -1    -1e-30      0.00 7.529e-01 2.469e-01 3.904e-05 1.109e-05 9.830e-05 -1.000 2.306e-04 -0.115 1.059 0.306 -0.149 -0.304 -0.367 -0.384
0.00021956 -1.85000 10.06446 0.8116696477 2.4227381870    0.751  1.991  3.7256  2.177    4  0.000  0.530     0.00     0.00     0.00     0.00     0.00 -1    -1e-30      0.00 7.529e-01 2.469e-01 3.904e-05 1.109e-05 9.830e-05 -1.000 2.306e-04 -0.208 1.013 0.234 -0.240 -0.402 -0.471 -0.491
0.00021956 -1.85000 10.06446 0.8116706610 2.4227385298    0.751  2.017  3.7227  2.140    7  0.000  0.530     0.00     0.00     0.00     0.00     0.00 -1    -1e-30      0.00 7.529e-01 2.469e-01 3.904e-05 1.109e-05 9.830e-05 -1.000 2.306e-04 -0.272 0.976 0.182 -0.303 -0.471 -0.542 -0.563
0.00021956 -1.85000 10.06446 0.8116717339 2.4227388927    0.751  2.054  3.7193  2.089    7  0.000  0.530     0.00     0.00     0.00     0.00     0.00 -1    -1e-30      0.00 7.529e-01 2.469e-01 3.904e-05 1.109e-05 9.830e-05 -1.000 2.306e-04 -0.366 0.917 0.103 -0.395 -0.568 -0.644 -0.667
0.00021956 -1.85000 10.06446 0.8116726875 2.4227392153    0.751  2.090  3.7164  2.041    7  0.000  0.530     0.00     0.00     0.00     0.00     0.00 -1    -1e-30      0.00 7.529e-01 2.469e-01 3.904e-05 1.109e-05 9.830e-05 -1.000 2.306e-04 -0.454 0.860 0.029 -0.482 -0.660 -0.739 -0.763
0.00021956 -1.85000 10.06446 0.8116735816 2.4227395177    0.751  2.120  3.7140  2.002    7  0.000  0.530     0.00     0.00     0.00     0.00     0.00 -1    -1e-30      0.00 7.529e-01 2.469e-01 3.904e-05 1.109e-05 9.830e-05 -1.000 2.306e-04 -0.531 0.809 -0.037 -0.557 -0.739 -0.821 -0.846
0.00021956 -1.85000 10.06446 0.8116745353 2.4227398403    0.751  2.137  3.7129  1.980    7  0.000  0.530     0.00     0.00     0.00     0.00     0.00 -1    -1e-30      0.00 7.529e-01 2.469e-01 3.904e-05 1.109e-05 9.830e-05 -1.000 2.306e-04 -0.573 0.780 -0.073 -0.598 -0.783 -0.866 -0.892
0.00021956 -1.85000 10.06446 0.8116759658 2.4227403242    0.751  2.156  3.7117  1.957    7  0.000  0.530     0.00     0.00     0.00     0.00     0.00 -1    -1e-30      0.00 7.529e-01 2.469e-01 3.904e-05 1.109e-05 9.830e-05 -1.000 2.306e-04 -0.619 0.748 -0.114 -0.644 -0.830 -0.915 -0.941
0.00021956 -1.85000 10.06446 0.8116785884 2.4227412113    0.751  2.142  3.7128  1.975    7  0.000  0.530     0.00     0.00     0.00     0.00     0.00 -1    -1e-30      0.00 7.529e-01 2.469e-01 3.904e-05 1.109e-05 9.830e-05 -1.000 2.306e-04 -0.584 0.771 -0.084 -0.609 -0.794 -0.878 -0.903
0.00021956 -1.85000 10.06446 0.8116829991 2.4227427033    0.751  2.118  3.7145  2.006    7  0.000  0.530     0.00     0.00     0.00     0.00     0.00 -1    -1e-30      0.00 7.529e-01 2.469e-01 3.904e-05 1.109e-05 9.830e-05 -1.000 2.306e-04 -0.524 0.811 -0.032 -0.550 -0.732 -0.813 -0.838
0.00021956 -1.85000 10.06446 0.8117094040 2.4227516345    0.751  2.145  3.7121  1.969    7  0.000  0.530     0.00     0.00     0.00     0.00     0.00 -1    -1e-30      0.00 7.529e-01 2.469e-01 3.904e-05 1.109e-05 9.830e-05 -1.000 2.306e-04 -0.592 0.770 -0.089 -0.617 -0.803 -0.887 -0.913
0.00021956 -1.85000 10.06446 0.8117254376 2.4227570573    0.751  2.174  3.7099  1.931    7  0.000  0.530     0.00     0.00     0.00     0.00     0.00 -1    -1e-30      0.00 7.529e-01 2.469e-01 3.904e-05 1.109e-05 9.830e-05 -1.000 2.306e-04 -0.666 0.723 -0.151 -0.689 -0.879 -0.966 -0.993
0.00021956 -1.85000 10.06446 0.8117449284 2.4227636492    0.751  2.219  3.7067  1.874    7  0.000  0.530     0.00     0.00     0.00     0.00     0.00 -1    -1e-30      0.00 7.529e-01 2.469e-01 3.904e-05 1.109e-05 9.830e-05 -1.000 2.306e-04 -0.777 0.653 -0.245 -0.798 -0.994 -1.084 -1.113
0.00021956 -1.85000 10.06446 0.8117648363 2.4227703817    0.751  2.277  3.7028  1.800    7  0.000  0.530     0.00     0.00     0.00     0.00     0.00 -1    -1e-30      0.00 7.529e-01 2.469e-01 3.904e-05 1.109e-05 9.830e-05 -1.000 2.306e-04 -0.923 0.560 -0.370 -0.941 -1.144 -1.239 -1.270
0.00021956 -1.85000 10.06446 0.8117827177 2.4227764286    0.751  2.327  3.6996  1.737    7  0.000  0.530     0.00     0.00     0.00     0.00     0.00 -1    -1e-30      0.00 7.529e-01 2.469e-01 3.903e-05 1.109e-05 9.830e-05 -1.000 2.306e-04 -1.047 0.480 -0.476 -1.062 -1.271 -1.370 -1.403
0.00021956 -1.85000 10.06446 0.8117985129 2.4227817697    0.751  2.371  3.6968  1.682    7  0.000  0.530     0.00     0.00     0.00     0.00     0.00 -1    -1e-30      0.00 7.529e-01 2.469e-01 3.902e-05 1.109e-05 9.830e-05 -1.000 2.021e-04 -1.158 0.410 -0.571 -1.169 -1.384 -1.487 -1.521
0.00021956 -1.85000 10.06446 0.8118124604 2.4227864858    0.751  2.415  3.6941  1.628    7  0.000  0.530     0.00     0.00     0.00     0.00     0.00 -1    -1e-30      0.00 7.530e-01 2.468e-01 3.899e-05 1.110e-05 9.830e-05 -1.000 1.935e-04 -1.267 0.341 -0.663 -1.275 -1.494 -1.601 -1.637
0.00021956 -1.85000 10.06446 0.8118247390 2.4227906375    0.751  2.457  3.6916  1.575    7  0.000  0.528     0.00     0.00     0.00     0.00     0.00 -1    -1e-30      0.00 7.530e-01 2.468e-01 3.887e-05 1.116e-05 9.830e-05 -1.000 1.937e-04 -1.372 0.274 -0.752 -1.377 -1.601 -1.711 -1.749
0.00021956 -1.85000 10.06446 0.8118355870 2.4227943053    0.751  2.498  3.6891  1.524    7  0.000  0.522     0.00     0.00     0.00     0.00     0.00 -1    -1e-30      0.00 7.529e-01 2.469e-01 3.849e-05 1.146e-05 9.830e-05 -1.000 1.965e-04 -1.475 0.211 -0.839 -1.476 -1.705 -1.818 -1.857
0.00021956 -1.85000 10.06446 0.8118455410 2.4227976708    0.751  2.539  3.6865  1.473    7  0.000  0.511     6.95     5.52     3.92     3.03     2.45  3    -1e-30      0.00 7.528e-01 2.469e-01 3.774e-05 1.224e-05 9.831e-05 -1.000 2.305e-04 -1.579 0.149 -0.925 -1.575 -1.810 -1.926 -1.967
0.00021956 -1.85000 10.06446 0.8118545413 2.4228007137    0.751  2.581  3.6840  1.421    7  0.000  0.497     7.76     6.06     4.28     3.32     2.68  3    -1e-30      0.00 7.528e-01 2.470e-01 3.680e-05 1.335e-05 9.832e-05 -1.000 2.306e-04 -1.682 0.104 -1.009 -1.676 -1.916 -2.035 -2.077
0.00021956 -1.85000 10.06446 0.8118629456 2.4228035551    0.751  2.622  3.6814  1.369    7  0.000  0.484     8.66     6.65     4.68     3.63     2.94  3    -1e-30      0.00 7.526e-01 2.471e-01 3.585e-05 1.451e-05 9.833e-05 -1.000 2.306e-04 -1.786 0.071 -1.090 -1.778 -2.023 -2.146 -2.190
0.00021956 -1.85000 10.06446 0.8118708730 2.4228062351    0.751  2.664  3.6788  1.317    7  0.000  0.472     9.68     7.31     5.12     3.98     3.22  3    -1e-30      0.00 7.525e-01 2.473e-01 3.499e-05 1.557e-05 9.834e-05 -1.000 2.121e-04 -1.890 0.045 -1.169 -1.880 -2.131 -2.258 -2.302
0.00021956 -1.85000 10.06446 0.8118783236 2.4228087540    0.751  2.705  3.6762  1.266    7  0.000  0.462    10.79     8.02     5.59     4.36     3.53  3    -1e-30      0.00 7.523e-01 2.475e-01 3.424e-05 1.649e-05 9.835e-05 -1.000 2.305e-04 -1.992 0.026 -1.244 -1.980 -2.237 -2.367 -2.413
0.00021956 -1.85000 10.06446 0.8118855357 2.4228111921    0.751  2.745  3.6737  1.215    7  0.000  0.453    12.02     8.80     6.11     4.76     3.86  2    -1e-30      0.00 7.521e-01 2.476e-01 3.360e-05 1.728e-05 9.835e-05 -1.000 2.306e-04 -2.094 0.015 -1.316 -2.078 -2.342 -2.475 -2.523
0.00021956 -1.85000 10.06446 0.8118923306 2.4228134892    0.751  2.786  3.6711  1.164    7  0.000  0.446    13.40     9.65     6.67     5.21     4.22  2    -1e-30      0.00 7.519e-01 2.478e-01 3.305e-05 1.796e-05 9.833e-05 -1.000 2.306e-04 -2.195 0.010 -1.386 -2.177 -2.447 -2.584 -2.634
0.00021956 -1.85000 10.06446 0.8118985891 2.4228156048    0.751  2.828  3.6684  1.111    7  0.000  0.440    15.00    10.61     7.31     5.72     4.63  2    -1e-30      0.00 7.518e-01 2.480e-01 3.256e-05 1.856e-05 9.830e-05 -1.000 2.306e-04 -2.300 0.013 -1.455 -2.277 -2.555 -2.696 -2.748
0.00021956 -1.85000 10.06446 0.8119037151 2.4228173377    0.751  2.869  3.6657  1.060    7  0.000  0.435    16.72    11.64     7.98     6.25     5.06  2    -1e-30      0.00 7.516e-01 2.481e-01 3.217e-05 1.905e-05 9.824e-05 -1.000 2.305e-04 -2.401 0.025 -1.517 -2.373 -2.658 -2.804 -2.857
0.00021956 -1.85000 10.06446 0.8119080663 2.4228188085    0.751  2.910  3.6629  1.008    7  0.000  0.430    18.68    12.79     8.73     6.85     5.55  2    -1e-30      0.00 7.514e-01 2.483e-01 3.182e-05 1.950e-05 9.814e-05 -1.000 2.306e-04 -2.504 0.046 -1.577 -2.470 -2.764 -2.914 -2.969
0.00021956 -1.85000 10.06446 0.8119117618 2.4228200577    0.751  2.949  3.6603  0.958    7  0.000  0.427    20.77    14.00     9.52     7.48     6.06  2    -1e-30      0.00 7.513e-01 2.485e-01 3.153e-05 1.990e-05 9.801e-05 -1.000 2.124e-04 -2.603 0.083 -1.627 -2.561 -2.865 -3.019 -3.077
0.00021956 -1.85000 10.06446 0.8119152784 2.4228212465    0.751  2.989  3.6575  0.906    7  0.000  0.424    23.18    15.37    10.41     8.18     6.63  1    -1e-30      0.00 7.511e-01 2.487e-01 3.128e-05 2.028e-05 9.786e-05 -1.000 2.305e-04 -2.704 0.122 -1.675 -2.652 -2.967 -3.126 -3.186
0.00021956 -1.85000 10.06446 0.8119188547 2.4228224553    0.752  3.033  3.6545  0.851    7  0.000  0.423    26.06    16.98    11.45     9.01     7.31  1    -1e-30      0.00 7.509e-01 2.489e-01 3.107e-05 2.063e-05 9.768e-05 -1.000 2.306e-04 -2.812 0.122 -1.735 -2.747 -3.072 -3.237 -3.300
0.00021956 -1.85000 10.06446 0.8119220138 2.4228235232    0.751  3.078  3.6513  0.793    7  0.000  0.421    29.48    18.86    12.65     9.98     8.09  1    -1e-30      0.00 7.507e-01 2.491e-01 3.088e-05 2.104e-05 9.744e-05 -1.000 2.306e-04 -2.925 0.125 -1.796 -2.845 -3.182 -3.354 -3.419
0.00021956 -1.85000 10.06446 0.8119230866 2.4228238858    0.752  3.106  3.6493  0.757    7  0.000  0.420    31.84    20.13    13.47    10.63     8.62  1    -1e-30      0.00 7.506e-01 2.492e-01 3.077e-05 2.127e-05 9.728e-05 -1.000 2.305e-04 -2.995 0.128 -1.833 -2.905 -3.250 -3.425 -3.492
0.00021956 -1.85000 10.06446 0.8119233251 2.4228239664    0.752  3.139  3.6468  0.714    7  0.000  0.419    34.89    21.76    14.50    11.46     9.30  1    -1e-30      0.00 7.504e-01 2.493e-01 3.064e-05 2.166e-05 9.702e-05 -1.000 2.306e-04 -3.078 0.132 -1.877 -2.976 -3.329 -3.510 -3.578
0.00021956 -1.85000 10.06446 0.8119236231 2.4228240672    0.752  3.170  3.6445  0.674    7  0.000  0.419    38.02    23.41    15.55    12.31     9.99  1    -1e-30      0.00 7.502e-01 2.496e-01 3.048e-05 2.213e-05 9.669e-05 -1.000 2.306e-04 -3.156 0.137 -1.916 -3.042 -3.404 -3.589 -3.659
0.00021956 -1.85000 10.06446 0.8119240999 2.4228242284    0.752  3.211  3.6414  0.620    7  0.000  0.418    42.59    25.78    17.06    13.51    10.97  1    -1e-30      0.00 7.499e-01 2.498e-01 3.028e-05 2.276e-05 9.625e-05 -1.000 2.305e-04 -3.258 0.146 -1.966 -3.128 -3.501 -3.693 -3.766
0.00021956 -1.85000 10.06446 0.8119243383 2.4228243089    0.752  3.246  3.6354  0.562    8  0.524  0.427    48.22    28.65    18.86    14.97    12.15  1 -4.08e-07      0.00 7.487e-01 2.511e-01 3.069e-05 2.443e-05 9.694e-05 -1.000 1.814e-04 -3.344 0.244 -1.954 -3.178 -3.572 -3.776 -3.855
0.00021956 -1.85000 10.06446 0.8119243979 2.4228243291    0.750  3.033  3.6513  0.837    8  0.524  0.422    26.84    17.41    11.72     9.24     7.49  1 -1.72e-07      0.00 7.487e-01 2.511e-01 3.069e-05 2.443e-05 9.694e-05 -1.000 1.814e-04 -2.812 0.206 -1.695 -2.733 -3.068 -3.239 -3.304
0.00021956 -1.85000 10.06446 0.8119245172 2.4228243694    0.748  2.880  3.6627  1.034    8  0.524  0.422    17.64    12.18     8.34     6.53     5.29  2 -9.78e-08      0.00 7.487e-01 2.511e-01 3.069e-05 2.443e-05 9.694e-05 -1.000 1.815e-04 -2.431 0.116 -1.504 -2.396 -2.690 -2.840 -2.895
0.00021956 -1.85000 10.06446 0.8119247556 2.4228244500    0.743  2.674  3.6781  1.299    8  0.525  0.422    10.02     7.53     5.27     4.10     3.32  3 -4.92e-08      0.00 7.487e-01 2.511e-01 3.069e-05 2.443e-05 9.694e-05 -1.000 1.815e-04 -1.915 0.042 -1.188 -1.905 -2.158 -2.285 -2.331
0.00021956 -1.85000 10.06446 0.8119250536 2.4228245507    0.736  2.681  3.6775  1.286    8  0.525  0.422    10.28     7.70     5.37     4.19     3.39  3 -5.08e-08      0.00 7.487e-01 2.511e-01 3.069e-05 2.443e-05 9.694e-05 -1.000 1.815e-04 -1.932 0.047 -1.197 -1.921 -2.175 -2.304 -2.349
0.00021956 -1.85000 10.06446 0.8119254708 2.4228246917    0.728  2.772  3.6704  1.161    8  0.525  0.422    13.36     9.62     6.65     5.20     4.21  2 -6.96e-08      0.00 7.487e-01 2.511e-01 3.069e-05 2.443e-05 9.694e-05 -1.000 1.815e-04 -2.161 0.068 -1.343 -2.141 -2.413 -2.551 -2.601
0.00021956 -1.85000 10.06446 0.8119259477 2.4228248529    0.718  2.955  3.6563  0.916    8  0.525  0.422    22.45    14.93    10.11     7.96     6.45  1 -1.37e-07      0.00 7.487e-01 2.511e-01 3.069e-05 2.443e-05 9.694e-05 -1.000 1.814e-04 -2.619 0.227 -1.579 -2.562 -2.879 -3.041 -3.101
0.00021956 -1.85000 10.06446 0.8119265437 2.4228250544    0.706  3.119  3.6437  0.695    8  0.526  0.422    35.83    22.17    14.74    11.68     9.47  1 -2.67e-07      0.00 7.487e-01 2.511e-01 3.069e-05 2.443e-05 9.694e-05 -1.000 1.814e-04 -3.027 0.267 -1.785 -2.910 -3.272 -3.459 -3.530
0.00021956 -1.85000 10.06446 0.8119271994 2.4228252760    0.693  3.229  3.6351  0.543    8  0.526  0.422    49.42    29.06    19.08    15.19    12.33  1 -4.37e-07      0.00 7.487e-01 2.511e-01 3.069e-05 2.443e-05 9.694e-05 -1.000 1.814e-04 -3.302 0.307 -1.902 -3.133 -3.530 -3.735 -3.814
0.00021956 -1.85000 10.06446 0.8119279146 2.4228255178    0.679  3.291  3.6301  0.452    8  0.526  0.422    59.83    34.08    22.21    17.74    14.40  1 -5.95e-07      0.00 7.487e-01 2.511e-01 3.069e-05 2.443e-05 9.694e-05 -1.000 1.815e-04 -3.457 0.339 -1.954 -3.254 -3.673 -3.890 -3.974
0.00021956 -1.85000 10.06446 0.8119287491 2.4228257999    0.664  3.324  3.6273  0.397    8  0.527  0.422    66.95    37.38    24.25    19.41    15.75  1 -7.18e-07      0.00 7.487e-01 2.511e-01 3.069e-05 2.443e-05 9.694e-05 -1.000 1.815e-04 -3.539 0.361 -1.969 -3.312 -3.747 -3.971 -4.058
0.00021956 -1.85000 10.06446 0.8119296432 2.4228261021    0.647  3.345  3.6252  0.357    8  0.527  0.422    72.70    39.95    25.82    20.71    16.81  1 -8.29e-07      0.00 7.487e-01 2.511e-01 3.069e-05 2.443e-05 9.694e-05 -1.000 1.815e-04 -3.593 0.381 -1.974 -3.348 -3.794 -4.024 -4.113
0.00021956 -1.85000 10.06446 0.8119339347 2.4228275527    0.529 -9.999  4.0000  1.859    9  0.530  0.000     0.00     0.00     0.00     0.00     0.00 -1    -1e-30      0.00 7.487e-01 2.511e-01 3.069e-05 2.443e-05 9.694e-05 -1.000 1.815e-04 29.767 30.107 29.969 30.248 30.476 30.555 30.644
