# Zini     MH   logAge Mini        int_IMF         Mass   logL    logTe  logg  label   McoreTP C_O  period0  period1  period2  period3  period4  pmode  Mloss  tau1m   X   Y   Xc  Xn  Xo  Cexcess  Z 	 mbolmag  umag    gmag    rmag    imag    zmag    Ymag
0.0013794 -1.05000 10.11394 0.0900000036 1.0816895926    0.090 -3.231  3.4474  5.365    1  0.000  0.545     0.00     0.00     0.00     0.00     0.00 -1 -1.52e-17      0.00 7.452e-01 2.534e-01 2.632e-04 7.102e-05 6.441e-04 -1.000 1.464e-03 12.848 18.091 17.037 15.227 13.016 12.259 12.103
0.0013794 -1.05000 10.11394 0.0971869603 1.1471689988    0.097 -3.054  3.4725  5.321    1  0.000  0.545     0.00     0.00     0.00     0.00     0.00 -1 -4.43e-17      0.00 7.442e-01 2.543e-01 2.632e-04 7.102e-05 6.441e-04 -1.000 1.464e-03 12.405 17.574 15.999 14.209 12.444 11.824 11.684
0.0013794 -1.05000 10.11394 0.1000000015 1.1711064122    0.100 -2.988  3.4818  5.305    1  0.000  0.545     0.00     0.00     0.00     0.00     0.00 -1  -9.1e-17      0.00 7.438e-01 2.547e-01 2.632e-04 7.102e-05 6.441e-04 -1.000 1.464e-03 12.240 17.362 15.622 13.851 12.239 11.665 11.528
0.0013794 -1.05000 10.11394 0.1199999973 1.3193154249    0.120 -2.706  3.5149  5.235    1  0.000  0.545     0.00     0.00     0.00     0.00     0.00 -1 -1.72e-16      0.00 7.416e-01 2.570e-01 2.632e-04 7.102e-05 6.442e-04 -1.000 1.464e-03 11.535 16.331 14.231 12.558 11.425 10.986 10.864
0.0013794 -1.05000 10.11394 0.1400000006 1.4384526719    0.140 -2.522  3.5324  5.187    1  0.000  0.545     0.00     0.00     0.00     0.00     0.00 -1 -2.58e-16      0.00 7.398e-01 2.588e-01 2.632e-04 7.102e-05 6.442e-04 -1.000 1.464e-03 11.074 15.617 13.463 11.863 10.923 10.539 10.425
0.0013794 -1.05000 10.11394 0.1599999964 1.5372931554    0.160 -2.380  3.5434  5.148    1  0.000  0.545     0.00     0.00     0.00     0.00     0.00 -1 -2.84e-16      0.00 7.384e-01 2.601e-01 2.632e-04 7.102e-05 6.442e-04 -1.000 1.464e-03 10.721 15.082 12.935 11.385 10.549 10.194 10.084
0.0013794 -1.05000 10.11394 0.2000000179 1.6938791367    0.200 -2.158  3.5579  5.081    1  0.000  0.545     0.00     0.00     0.00     0.00     0.00 -1 -5.62e-16      0.00 7.369e-01 2.616e-01 2.632e-04 7.102e-05 6.442e-04 -1.000 1.464e-03 10.166 14.278 12.169 10.686 9.973 9.652 9.549
0.0013794 -1.05000 10.11394 0.2500000000 1.8403257998    0.250 -1.953  3.5693  5.018    1  0.000  0.545     0.00     0.00     0.00     0.00     0.00 -1 -8.98e-18      0.00 7.367e-01 2.619e-01 2.632e-04 7.102e-05 6.442e-04 -1.000 1.464e-03 9.653 13.562 11.502 10.075 9.447 9.151 9.053
0.0013794 -1.05000 10.11394 0.3000000119 1.9529139769    0.300 -1.796  3.5780  4.975    1  0.000  0.545     0.00     0.00     0.00     0.00     0.00 -1 -4.18e-20      0.00 7.369e-01 2.616e-01 2.632e-04 7.103e-05 6.442e-04 -1.000 1.464e-03 9.259 13.024 11.003 9.621 9.044 8.765 8.671
0.0013794 -1.05000 10.11394 0.3499999642 2.0434174156    0.350 -1.665  3.5853  4.940    1  0.000  0.545     0.00     0.00     0.00     0.00     0.00 -1 -4.07e-16      0.00 7.468e-01 2.517e-01 2.632e-04 7.102e-05 6.441e-04 -1.000 1.464e-03 8.933 12.574 10.592 9.251 8.712 8.446 8.355
0.0013794 -1.05000 10.11394 0.4000000060 2.1185024399    0.400 -1.512  3.5966  4.891    1  0.000  0.545     0.00     0.00     0.00     0.00     0.00 -1 -2.17e-15      0.00 7.475e-01 2.510e-01 2.632e-04 7.102e-05 6.441e-04 -1.000 1.464e-03 8.551 12.008 10.084 8.809 8.321 8.074 7.990
0.0013794 -1.05000 10.11394 0.4499999881 2.1822809009    0.450 -1.333  3.6140  4.832    1  0.000  0.545     0.00     0.00     0.00     0.00     0.00 -1 -3.34e-15      0.00 7.475e-01 2.510e-01 2.632e-04 7.102e-05 6.441e-04 -1.000 1.464e-03 8.103 11.302 9.456 8.289 7.861 7.642 7.566
0.0013794 -1.05000 10.11394 0.5000000000 2.2374541529    0.500 -1.128  3.6418  4.784    1  0.000  0.545     0.00     0.00     0.00     0.00     0.00 -1 -5.37e-15      0.00 7.475e-01 2.510e-01 2.632e-04 7.102e-05 6.441e-04 -1.000 1.464e-03 7.590 10.398 8.667 7.678 7.339 7.164 7.101
0.0013794 -1.05000 10.11394 0.5500000715 2.2836583126    0.550 -0.899  3.6748  4.728    1  0.000  0.544     0.00     0.00     0.00     0.00     0.00 -1 -9.24e-15      0.00 7.844e-01 2.143e-01 2.277e-04 6.146e-05 5.578e-04 -1.000 1.230e-03 7.018 9.294 7.789 7.011 6.760 6.635 6.588
0.0013794 -1.05000 10.11394 0.5517213345 2.2850782924    0.551 -0.892  3.6759  4.726    1  0.000  0.544     0.00     0.00     0.00     0.00     0.00 -1 -9.41e-15      0.00 7.847e-01 2.140e-01 2.274e-04 6.139e-05 5.571e-04 -1.000 1.231e-03 6.999 9.256 7.761 6.989 6.741 6.618 6.571
0.0013794 -1.05000 10.11394 0.6000000238 2.3211213258    0.600 -0.687  3.7055  4.677    1  0.000  0.544     0.00     0.00     0.00     0.00     0.00 -1 -1.53e-14      0.00 7.931e-01 2.056e-01 2.200e-04 5.944e-05 5.396e-04 -1.000 1.265e-03 6.487 8.251 7.043 6.424 6.231 6.146 6.117
0.0013794 -1.05000 10.11394 0.6024051309 2.3227439517    0.602 -0.676  3.7071  4.674    1  0.000  0.544     0.00     0.00     0.00     0.00     0.00 -1 -1.57e-14      0.00 7.936e-01 2.052e-01 2.196e-04 5.933e-05 5.386e-04 -1.000 1.264e-03 6.461 8.201 7.007 6.396 6.206 6.123 6.094
0.0013794 -1.05000 10.11394 0.6167472601 2.3321186000    0.616 -0.614  3.7166  4.660    1  0.000  0.543     0.00     0.00     0.00     0.00     0.00 -1 -1.16e-14      0.00 7.963e-01 2.025e-01 2.171e-04 5.866e-05 5.326e-04 -1.000 1.244e-03 6.304 7.909 6.800 6.230 6.055 5.983 5.960
0.0013794 -1.05000 10.11394 0.6306883693 2.3407627626    0.630 -0.552  3.7257  4.645    1  0.000  0.543     0.00     0.00     0.00     0.00     0.00 -1    -8e-17      0.00 7.991e-01 1.997e-01 2.146e-04 5.799e-05 5.266e-04 -1.000 1.184e-03 6.151 7.638 6.604 6.071 5.910 5.849 5.830
0.0013794 -1.05000 10.11394 0.6436977386 2.3484420308    0.643 -0.495  3.7340  4.629    1  0.000  0.543     0.00     0.00     0.00     0.00     0.00 -1  -2.7e-16      0.00 8.017e-01 1.971e-01 2.121e-04 5.734e-05 5.208e-04 -1.000 1.171e-03 6.007 7.394 6.426 5.923 5.775 5.723 5.708
0.0013794 -1.05000 10.11394 0.6499999762 2.3520353107    0.650 -0.467  3.7380  4.621    1  0.000  0.543     0.00     0.00     0.00     0.00     0.00 -1  -2.6e-14      0.00 8.030e-01 1.958e-01 2.109e-04 5.702e-05 5.179e-04 -1.000 1.171e-03 5.936 7.279 6.341 5.852 5.709 5.661 5.649
0.0013794 -1.05000 10.11394 0.6553045511 2.3549982389    0.655 -0.443  3.7410  4.613    1  0.000  0.543     0.00     0.00     0.00     0.00     0.00 -1 -2.76e-14      0.00 8.044e-01 1.945e-01 2.098e-04 5.671e-05 5.152e-04 -1.000 1.171e-03 5.877 7.186 6.270 5.793 5.654 5.609 5.599
0.0013794 -1.05000 10.11394 0.6674676538 2.3615880641    0.667 -0.388  3.7479  4.594    1  0.000  0.543     0.00     0.00     0.00     0.00     0.00 -1 -1.71e-14      0.00 8.076e-01 1.913e-01 2.070e-04 5.597e-05 5.085e-04 -1.000 1.166e-03 5.740 6.975 6.108 5.656 5.528 5.491 5.483
0.0013794 -1.05000 10.11394 0.6793831587 2.3677813243    0.679 -0.333  3.7544  4.572    1  0.000  0.542     0.00     0.00     0.00     0.00     0.00 -1 -3.04e-17      0.00 8.108e-01 1.881e-01 2.042e-04 5.522e-05 5.019e-04 -1.000 1.116e-03 5.602 6.771 5.948 5.521 5.404 5.373 5.368
0.0013794 -1.05000 10.11394 0.6899895668 2.3730877264    0.690 -0.282  3.7600  4.551    1  0.000  0.542     0.00     0.00     0.00     0.00     0.00 -1 -2.58e-17      0.00 8.138e-01 1.850e-01 2.016e-04 5.453e-05 4.957e-04 -1.000 1.138e-03 5.476 6.590 5.804 5.398 5.290 5.265 5.263
0.0013794 -1.05000 10.11394 0.6999999285 2.3779266691    0.700 -0.234  3.7652  4.529    1  0.000  0.542     0.00     0.00     0.00     0.00     0.00 -1 -4.75e-14      0.00 8.168e-01 1.821e-01 1.990e-04 5.385e-05 4.896e-04 -1.000 1.086e-03 5.355 6.423 5.667 5.281 5.180 5.161 5.160
0.0013794 -1.05000 10.11394 0.7021795511 2.3789592713    0.702 -0.223  3.7662  4.524    1  0.000  0.542     0.00     0.00     0.00     0.00     0.00 -1 -4.89e-14      0.00 8.176e-01 1.814e-01 1.982e-04 5.367e-05 4.880e-04 -1.000 1.071e-03 5.328 6.387 5.637 5.255 5.156 5.137 5.137
0.0013794 -1.05000 10.11394 0.7102844715 2.3827351458    0.710 -0.181  3.7702  4.503    1  0.000  0.540     0.00     0.00     0.00     0.00     0.00 -1 -5.48e-14      0.00 8.206e-01 1.783e-01 1.952e-04 5.298e-05 4.819e-04 -1.000 1.079e-03 5.224 6.249 5.522 5.154 5.061 5.047 5.048
0.0013794 -1.05000 10.11394 0.7210316658 2.3875917530    0.721 -0.124  3.7752  4.473    1  0.000  0.538     0.00     0.00     0.00     0.00     0.00 -1 -1.23e-16      0.00 8.248e-01 1.742e-01 1.911e-04 5.201e-05 4.734e-04 -1.000 1.072e-03 5.081 6.065 5.366 5.017 4.931 4.922 4.925
0.0013794 -1.05000 10.11394 0.7311292291 2.3920055053    0.731 -0.068  3.7796  4.440    1  0.000  0.536     0.00     0.00     0.00     0.00     0.00 -1 -1.01e-16      0.00 8.290e-01 1.700e-01 1.870e-04 5.105e-05 4.649e-04 -1.000 1.071e-03 4.939 5.887 5.212 4.879 4.801 4.796 4.801
0.0013794 -1.05000 10.11394 0.7404229641 2.3959457833    0.740 -0.012  3.7835  4.405    1  0.000  0.534     0.00     0.00     0.00     0.00     0.00 -1 -6.45e-17      0.00 8.330e-01 1.659e-01 1.831e-04 5.012e-05 4.567e-04 -1.000 1.066e-03 4.800 5.722 5.063 4.744 4.672 4.671 4.677
0.0013794 -1.05000 10.11394 0.7484819889 2.3992716379    0.748  0.039  3.7866  4.371    1  0.000  0.533     0.00     0.00     0.00     0.00     0.00 -1 -3.29e-14      0.00 8.367e-01 1.622e-01 1.797e-04 4.930e-05 4.494e-04 -1.000 1.054e-03 4.671 5.573 4.926 4.619 4.551 4.553 4.561
0.0013794 -1.05000 10.11394 0.7500000000 2.3998889087    0.749  0.050  3.7871  4.364    1  0.000  0.533     0.00     0.00     0.00     0.00     0.00 -1 -1.06e-13      0.00 8.374e-01 1.616e-01 1.791e-04 4.914e-05 4.481e-04 -1.000 1.048e-03 4.646 5.544 4.899 4.594 4.528 4.530 4.538
0.0013794 -1.05000 10.11394 0.7550714612 2.4019304430    0.754  0.083  3.7888  4.340    1  0.000  0.532     0.00     0.00     0.00     0.00     0.00 -1 -1.18e-13      0.00 8.399e-01 1.591e-01 1.770e-04 4.857e-05 4.429e-04 -1.000 1.021e-03 4.562 5.450 4.811 4.512 4.448 4.452 4.460
0.0013794 -1.05000 10.11394 0.7645432353 2.4056600611    0.764  0.150  3.7912  4.288    1  0.000  0.532     0.00     0.00     0.00     0.00     0.00 -1 -1.45e-13      0.00 8.441e-01 1.549e-01 1.733e-04 4.758e-05 4.342e-04 -1.000 9.827e-04 4.395 5.266 4.636 4.348 4.288 4.294 4.303
0.0013794 -1.05000 10.11394 0.7728965282 2.4088621766    0.772  0.214  3.7928  4.235    1  0.000  0.532     0.00     0.00     0.00     0.00     0.00 -1 -1.77e-13      0.00 8.458e-01 1.533e-01 1.719e-04 4.721e-05 4.308e-04 -1.000 9.939e-04 4.236 5.096 4.471 4.189 4.132 4.140 4.149
0.0013794 -1.05000 10.11394 0.7747747302 2.4095712330    0.774  0.229  3.7930  4.222    1  0.000  0.531     0.00     0.00     0.00     0.00     0.00 -1 -2.08e-17      0.00 8.459e-01 1.531e-01 1.717e-04 4.717e-05 4.305e-04 -1.000 9.982e-04 4.197 5.056 4.432 4.151 4.095 4.103 4.112
0.0013794 -1.05000 10.11394 0.7778617740 2.4107280992    0.777  0.256  3.7929  4.196    1  0.000  0.531     0.00     0.00     0.00     0.00     0.00 -1 -6.92e-17      0.00 8.461e-01 1.528e-01 1.715e-04 4.712e-05 4.301e-04 -1.000 1.000e-03 4.130 4.988 4.364 4.083 4.027 4.035 4.044
0.0013794 -1.05000 10.11394 0.7840414643 2.4130124855    0.783  0.314  3.7916  4.136    1  0.000  0.531     0.00     0.00     0.00     0.00     0.00 -1 -1.39e-16      0.00 8.464e-01 1.526e-01 1.715e-04 4.712e-05 4.301e-04 -1.000 9.876e-04 3.984 4.847 4.220 3.936 3.878 3.885 3.894
0.0013794 -1.05000 10.11394 0.7889909744 2.4148124739    0.788  0.366  3.7891  4.077    1  0.000  0.531     0.00     0.00     0.00     0.00     0.00 -1 -5.48e-17      0.00 8.460e-01 1.530e-01 1.724e-04 4.739e-05 4.326e-04 -1.000 1.025e-03 3.856 4.731 4.097 3.806 3.744 3.749 3.757
0.0013794 -1.05000 10.11394 0.7906261683 2.4154014522    0.789  0.386  3.7871  4.050    2  0.000  0.531     0.00     0.00     0.00     0.00     0.00 -1 -2.11e-16      0.00 8.447e-01 1.543e-01 1.744e-04 4.792e-05 4.374e-04 -1.000 1.023e-03 3.806 4.692 4.051 3.754 3.690 3.692 3.699
0.0013794 -1.05000 10.11394 0.7938487530 2.4165540266    0.793  0.428  3.7818  3.989    2  0.000  0.531     0.00     0.00     0.00     0.00     0.00 -1 -3.07e-15      0.00 8.392e-01 1.598e-01 1.815e-04 4.989e-05 4.554e-04 -1.000 1.031e-03 3.701 4.617 3.959 3.645 3.572 3.570 3.575
0.0013794 -1.05000 10.11394 0.7961830497 2.4173822025    0.795  0.461  3.7757  3.932    2  0.000  0.532     0.00     0.00     0.00     0.00     0.00 -1 -2.19e-14      0.00 8.274e-01 1.715e-01 1.937e-04 5.319e-05 4.853e-04 -1.000 1.077e-03 3.617 4.574 3.891 3.556 3.475 3.466 3.469
0.0013794 -1.05000 10.11394 0.7982454896 2.4181092944    0.797  0.494  3.7671  3.866    2  0.000  0.533     0.00     0.00     0.00     0.00     0.00 -1 -1.28e-13      0.00 8.064e-01 1.924e-01 2.120e-04 5.814e-05 5.299e-04 -1.000 1.181e-03 3.536 4.554 3.834 3.469 3.375 3.357 3.357
0.0013794 -1.05000 10.11394 0.7995955944 2.4185829246    0.798  0.518  3.7591  3.810    2  0.000  0.534     0.00     0.00     0.00     0.00     0.00 -1 -4.16e-13      0.00 7.908e-01 2.080e-01 2.245e-04 6.148e-05 5.598e-04 -1.000 1.262e-03 3.475 4.556 3.798 3.405 3.298 3.272 3.269
0.0013794 -1.05000 10.11394 0.8000000119 2.4187244405    0.798  0.526  3.7564  3.792    2  0.000  0.535     0.00     0.00     0.00     0.00     0.00 -1 -5.96e-13      0.00 7.864e-01 2.123e-01 2.278e-04 6.239e-05 5.679e-04 -1.000 1.285e-03 3.455 4.559 3.787 3.385 3.274 3.245 3.240
0.0013794 -1.05000 10.11394 0.8002820015 2.4188230184    0.799  0.532  3.7544  3.779    2  0.000  0.535     0.00     0.00     0.00     0.00     0.00 -1 -6.13e-13      0.00 7.833e-01 2.154e-01 2.302e-04 6.302e-05 5.735e-04 -1.000 1.301e-03 3.441 4.561 3.779 3.371 3.257 3.226 3.220
0.0013794 -1.05000 10.11394 0.8013054729 2.4191801334    0.800  0.561  3.7466  3.718    2  0.000  0.536     0.00     0.00     0.00     0.00     0.00 -1 -7.02e-13      0.00 7.751e-01 2.236e-01 2.366e-04 6.471e-05 5.886e-04 -1.000 1.319e-03 3.367 4.552 3.731 3.296 3.170 3.131 3.122
0.0013794 -1.05000 10.11394 0.8021334410 2.4194682657    0.801  0.596  3.7408  3.661    2  0.000  0.536     0.00     0.00     0.00     0.00     0.00 -1  -8.1e-13      0.00 7.700e-01 2.287e-01 2.405e-04 6.576e-05 5.979e-04 -1.000 1.320e-03 3.281 4.517 3.667 3.212 3.076 3.031 3.019
0.0013794 -1.05000 10.11394 0.8027885556 2.4196957608    0.801  0.631  3.7368  3.610    2  0.000  0.536     0.00     0.00     0.00     0.00     0.00 -1 -9.32e-13      0.00 7.667e-01 2.320e-01 2.429e-04 6.642e-05 6.038e-04 -1.000 1.375e-03 3.193 4.466 3.594 3.126 2.984 2.934 2.921
0.0013794 -1.05000 10.11394 0.8031132221 2.4198083463    0.801  0.650  3.7349  3.584    2  0.000  0.537     0.00     0.00     0.00     0.00     0.00 -1    -1e-12      0.00 7.651e-01 2.335e-01 2.440e-04 6.670e-05 6.064e-04 -1.000 1.418e-03 3.145 4.435 3.553 3.079 2.935 2.883 2.868
0.0013794 -1.05000 10.11394 0.8032303452 2.4198489358    0.802  0.658  3.7344  3.574    3  0.000  0.537     0.00     0.00     0.00     0.00     0.00 -1 -1.04e-12      0.00 7.646e-01 2.339e-01 2.444e-04 6.679e-05 6.071e-04 -1.000 1.418e-03 3.126 4.420 3.536 3.059 2.915 2.862 2.847
0.0013794 -1.05000 10.11394 0.8038467169 2.4200623174    0.802  0.702  3.7317  3.519    3  0.000  0.537     0.00     0.00     0.00     0.00     0.00 -1 -1.22e-12      0.00 7.621e-01 2.365e-01 2.459e-04 6.721e-05 6.109e-04 -1.000 1.417e-03 3.015 4.333 3.435 2.950 2.801 2.746 2.729
0.0013794 -1.05000 10.11394 0.8043659925 2.4202417935    0.803  0.743  3.7297  3.470    3  0.000  0.537     0.00     0.00     0.00     0.00     0.00 -1 -1.41e-12      0.00 7.600e-01 2.386e-01 2.470e-04 6.751e-05 6.136e-04 -1.000 1.365e-03 2.912 4.248 3.340 2.849 2.697 2.639 2.622
0.0013794 -1.05000 10.11394 0.8049422503 2.4204406526    0.803  0.792  3.7278  3.414    3  0.000  0.537     0.00     0.00     0.00     0.00     0.00 -1 -1.69e-12      0.00 7.578e-01 2.408e-01 2.481e-04 6.781e-05 6.161e-04 -1.000 1.419e-03 2.789 4.144 3.225 2.728 2.573 2.512 2.494
0.0013794 -1.05000 10.11394 0.8054747581 2.4206241232    0.804  0.842  3.7260  3.358    3  0.000  0.537     0.00     0.00     0.00     0.00     0.00 -1 -2.02e-12      0.00 7.558e-01 2.429e-01 2.488e-04 6.805e-05 6.182e-04 -1.000 1.367e-03 2.666 4.037 3.109 2.606 2.449 2.386 2.367
0.0013794 -1.05000 10.11394 0.8060090542 2.4208079298    0.804  0.896  3.7244  3.297    3  0.000  0.536     0.00     0.00     0.00     0.00     0.00 -1 -2.45e-12      0.00 7.536e-01 2.450e-01 2.493e-04 6.831e-05 6.200e-04 -1.000 1.413e-03 2.531 3.918 2.981 2.473 2.313 2.248 2.228
0.0013794 -1.05000 10.11394 0.8064822555 2.4209704849    0.804  0.948  3.7228  3.239    3  0.000  0.535     0.00     0.00     0.00     0.00     0.00 -1 -2.95e-12      0.00 7.517e-01 2.469e-01 2.493e-04 6.864e-05 6.213e-04 -1.000 1.369e-03 2.400 3.802 2.856 2.344 2.182 2.115 2.094
0.0013794 -1.05000 10.11394 0.8068836927 2.4211082156    0.805  0.996  3.7214  3.185    3  0.000  0.533     0.00     0.00     0.00     0.00     0.00 -1 -3.51e-12      0.00 7.500e-01 2.486e-01 2.488e-04 6.913e-05 6.223e-04 -1.000 1.417e-03 2.280 3.694 2.741 2.225 2.060 1.992 1.970
0.0013794 -1.05000 10.11394 0.8071979284 2.4212159181    0.805  1.037  3.7201  3.140    3  0.000  0.531     0.00     0.00     0.00     0.00     0.00 -1 -4.06e-12      0.00 7.488e-01 2.498e-01 2.482e-04 6.973e-05 6.230e-04 -1.000 1.375e-03 2.178 3.604 2.645 2.124 1.958 1.888 1.865
0.0013794 -1.05000 10.11394 0.8075458407 2.4213350506    0.805  1.086  3.7187  3.085    3  0.000  0.529     0.00     0.00     0.00     0.00     0.00 -1 -4.84e-12      0.00 7.475e-01 2.511e-01 2.471e-04 7.070e-05 6.236e-04 -1.000 1.417e-03 2.056 3.497 2.529 2.004 1.835 1.764 1.740
0.0013794 -1.05000 10.11394 0.8078784347 2.4214488274    0.806  1.137  3.7170  3.027    3  0.000  0.525     0.00     0.00     0.00     0.00     0.00 -1 -5.81e-12      0.00 7.463e-01 2.523e-01 2.458e-04 7.202e-05 6.243e-04 -1.000 1.429e-03 1.928 3.386 2.409 1.878 1.707 1.633 1.609
0.0013794 -1.05000 10.11394 0.8081796765 2.4215517861    0.806  1.188  3.7153  2.970    3  0.000  0.522     0.00     0.00     0.00     0.00     0.00 -1 -6.98e-12      0.00 7.454e-01 2.532e-01 2.446e-04 7.334e-05 6.247e-04 -1.000 1.452e-03 1.801 3.277 2.290 1.753 1.579 1.503 1.478
0.0013794 -1.05000 10.11394 0.8084426522 2.4216415940    0.806  1.236  3.7136  2.914    3  0.000  0.520     0.00     0.00     0.00     0.00     0.00 -1 -8.33e-12      0.00 7.447e-01 2.539e-01 2.435e-04 7.453e-05 6.250e-04 -1.000 1.400e-03 1.679 3.174 2.176 1.633 1.456 1.378 1.352
0.0013794 -1.05000 10.11394 0.8086804152 2.4217227338    0.806  1.285  3.7119  2.859    3  0.000  0.518     0.00     0.00     0.00     0.00     0.00 -1 -9.92e-12      0.00 7.442e-01 2.544e-01 2.426e-04 7.550e-05 6.252e-04 -1.000 1.430e-03 1.558 3.074 2.064 1.515 1.335 1.254 1.227
0.0013794 -1.05000 10.11394 0.8088942170 2.4217956497    0.806  1.332  3.7101  2.805    3  0.000  0.516     0.00     0.00     0.00     0.00     0.00 -1 -1.18e-11      0.00 7.438e-01 2.548e-01 2.420e-04 7.622e-05 6.253e-04 -1.000 1.404e-03 1.440 2.976 1.954 1.399 1.216 1.133 1.105
0.0013794 -1.05000 10.11394 0.8090928197 2.4218633423    0.806  1.380  3.7083  2.750    3  0.000  0.516     0.00     0.00     0.00     0.00     0.00 -1  -1.4e-11      0.00 7.436e-01 2.550e-01 2.417e-04 7.662e-05 6.254e-04 -1.000 1.386e-03 1.320 2.878 1.844 1.281 1.095 1.010 0.981
0.0013794 -1.05000 10.11394 0.8092685342 2.4219232018    0.806  1.426  3.7064  2.695    3  0.000  0.515     0.00     0.00     0.00     0.00     0.00 -1 -1.66e-11      0.00 7.436e-01 2.551e-01 2.416e-04 7.681e-05 6.254e-04 -1.000 1.383e-03 1.204 2.784 1.738 1.168 0.978 0.891 0.860
0.0013794 -1.05000 10.11394 0.8094324470 2.4219790138    0.806  1.474  3.7044  2.640    3  0.000  0.515     0.00     0.00     0.00     0.00     0.00 -1 -1.97e-11      0.00 7.435e-01 2.551e-01 2.415e-04 7.686e-05 6.255e-04 -1.000 1.383e-03 1.085 2.690 1.629 1.052 0.859 0.769 0.737
0.0013794 -1.05000 10.11394 0.8095773458 2.4220283301    0.806  1.520  3.7024  2.586    3  0.000  0.515     0.00     0.00     0.00     0.00     0.00 -1 -2.33e-11      0.00 7.435e-01 2.551e-01 2.415e-04 7.689e-05 6.255e-04 -1.000 1.384e-03 0.970 2.599 1.525 0.941 0.744 0.651 0.619
0.0013794 -1.05000 10.11394 0.8097065091 2.4220722736    0.806  1.564  3.7004  2.534    3  0.000  0.515     0.00     0.00     0.00     0.00     0.00 -1 -2.75e-11      0.00 7.435e-01 2.551e-01 2.415e-04 7.692e-05 6.255e-04 -1.000 1.384e-03 0.859 2.511 1.425 0.833 0.633 0.537 0.503
0.0013794 -1.05000 10.11394 0.8098261952 2.4221129785    0.806  1.609  3.6984  2.481    3  0.000  0.515     0.00     0.00     0.00     0.00     0.00 -1 -3.24e-11      0.00 7.435e-01 2.551e-01 2.415e-04 7.695e-05 6.255e-04 -1.000 1.384e-03 0.747 2.426 1.324 0.724 0.520 0.422 0.387
0.0013794 -1.05000 10.11394 0.8099325299 2.4221491309    0.806  1.652  3.6963  2.429    3  0.000  0.515     0.00     0.00     0.00     0.00     0.00 -1  -3.8e-11      0.00 7.435e-01 2.551e-01 2.414e-04 7.697e-05 6.255e-04 -1.000 1.384e-03 0.639 2.349 1.228 0.619 0.412 0.311 0.275
0.0013794 -1.05000 10.11394 0.8100327253 2.4221831861    0.806  1.696  3.6942  2.377    3  0.000  0.515     0.00     0.00     0.00     0.00     0.00 -1 -4.46e-11      0.00 7.435e-01 2.551e-01 2.414e-04 7.699e-05 6.255e-04 -1.000 1.385e-03 0.530 2.271 1.131 0.513 0.302 0.198 0.161
0.0013794 -1.05000 10.11394 0.8101229668 2.4222138498    0.806  1.738  3.6921  2.326    3  0.000  0.515     0.00     0.00     0.00     0.00     0.00 -1 -5.21e-11      0.00 7.435e-01 2.551e-01 2.414e-04 7.701e-05 6.255e-04 -1.000 1.385e-03 0.424 2.197 1.038 0.410 0.195 0.089 0.050
0.0013794 -1.05000 10.11394 0.8102074265 2.4222425418    0.805  1.780  3.6900  2.276    3  0.000  0.515     0.00     0.00     0.00     0.00     0.00 -1 -6.09e-11      0.00 7.435e-01 2.551e-01 2.414e-04 7.703e-05 6.255e-04 -1.000 1.385e-03 0.319 2.125 0.946 0.308 0.090 -0.019 -0.059
0.0013794 -1.05000 10.11394 0.8102882504 2.4222699921    0.805  1.821  3.6879  2.226    3  0.000  0.515     0.00     0.00     0.00     0.00     0.00 -1 -7.08e-11      0.00 7.435e-01 2.551e-01 2.414e-04 7.705e-05 6.255e-04 -1.000 1.385e-03 0.217 2.057 0.857 0.210 -0.013 -0.124 -0.166
0.0013794 -1.05000 10.11394 0.8103711605 2.4222981445    0.805  1.860  3.6859  2.179    3  0.000  0.515     0.00     0.00     0.00     0.00     0.00 -1 -8.18e-11      0.00 7.435e-01 2.551e-01 2.414e-04 7.707e-05 6.255e-04 -1.000 1.385e-03 0.120 1.992 0.773 0.117 -0.109 -0.224 -0.266
0.0013794 -1.05000 10.11394 0.8104465008 2.4223237208    0.805  1.881  3.6850  2.154    3  0.000  0.515     0.00     0.00     0.00     0.00     0.00 -1 -8.89e-11      0.00 7.435e-01 2.552e-01 2.414e-04 7.709e-05 6.255e-04 -1.000 1.385e-03 0.067 1.956 0.727 0.067 -0.161 -0.277 -0.320
0.0013794 -1.05000 10.11394 0.8105142713 2.4223467226    0.804  1.861  3.6865  2.181    3  0.000  0.515     0.00     0.00     0.00     0.00     0.00 -1 -8.29e-11      0.00 7.435e-01 2.552e-01 2.413e-04 7.710e-05 6.256e-04 -1.000 1.386e-03 0.118 1.982 0.768 0.114 -0.111 -0.225 -0.267
0.0013794 -1.05000 10.11394 0.8105263114 2.4223508087    0.804  1.857  3.6868  2.185    3  0.000  0.515     0.00     0.00     0.00     0.00     0.00 -1 -8.17e-11      0.00 7.435e-01 2.552e-01 2.413e-04 7.710e-05 6.256e-04 -1.000 1.386e-03 0.127 1.987 0.775 0.123 -0.102 -0.215 -0.257
0.0013794 -1.05000 10.11394 0.8105785251 2.4223685268    0.804  1.893  3.6848  2.142    3  0.000  0.515     0.00     0.00     0.00     0.00     0.00 -1 -9.24e-11      0.00 7.434e-01 2.552e-01 2.413e-04 7.712e-05 6.256e-04 -1.000 1.386e-03 0.038 1.929 0.699 0.037 -0.191 -0.307 -0.350
0.0013794 -1.05000 10.11394 0.8106361032 2.4223880622    0.804  1.934  3.6825  2.091    3  0.000  0.515     0.00     0.00     0.00     0.00     0.00 -1 -1.07e-10      0.00 7.434e-01 2.552e-01 2.413e-04 7.713e-05 6.256e-04 -1.000 1.386e-03 -0.065 1.863 0.611 -0.061 -0.293 -0.412 -0.457
0.0013794 -1.05000 10.11394 0.8106917143 2.4224069272    0.804  1.976  3.6802  2.039    3  0.000  0.515     0.00     0.00     0.00     0.00     0.00 -1 -1.26e-10      0.00 7.434e-01 2.552e-01 2.413e-04 7.714e-05 6.256e-04 -1.000 1.386e-03 -0.171 1.797 0.522 -0.161 -0.398 -0.520 -0.566
0.0013794 -1.05000 10.11394 0.8107425570 2.4224241721    0.803  2.017  3.6778  1.989    3  0.000  0.515     0.00     0.00     0.00     0.00     0.00 -1 -1.46e-10      0.00 7.434e-01 2.552e-01 2.413e-04 7.715e-05 6.256e-04 -1.000 1.386e-03 -0.274 1.738 0.436 -0.259 -0.500 -0.626 -0.673
0.0013794 -1.05000 10.11394 0.8107907176 2.4224405049    0.803  2.059  3.6753  1.937    3  0.000  0.515     0.00     0.00     0.00     0.00     0.00 -1 -1.71e-10      0.00 7.434e-01 2.552e-01 2.413e-04 7.716e-05 6.256e-04 -1.000 1.386e-03 -0.378 1.690 0.351 -0.362 -0.607 -0.735 -0.784
0.0013794 -1.05000 10.11394 0.8108341098 2.4224552187    0.802  2.100  3.6729  1.886    3  0.000  0.515     0.00     0.00     0.00     0.00     0.00 -1 -1.99e-10      0.00 7.434e-01 2.552e-01 2.413e-04 7.717e-05 6.256e-04 -1.000 1.386e-03 -0.479 1.647 0.270 -0.461 -0.709 -0.840 -0.891
0.0013794 -1.05000 10.11394 0.8108744621 2.4224689001    0.802  2.140  3.6704  1.836    3  0.000  0.515     0.00     0.00     0.00     0.00     0.00 -1 -2.32e-10      0.00 7.434e-01 2.552e-01 2.413e-04 7.718e-05 6.256e-04 -1.000 1.386e-03 -0.581 1.607 0.189 -0.559 -0.811 -0.945 -0.998
0.0013794 -1.05000 10.11394 0.8109114170 2.4224814282    0.802  2.180  3.6679  1.785    3  0.000  0.515     0.00     0.00     0.00     0.00     0.00 -1  -2.7e-10      0.00 7.434e-01 2.552e-01 2.413e-04 7.719e-05 6.256e-04 -1.000 1.386e-03 -0.681 1.571 0.111 -0.656 -0.912 -1.049 -1.103
0.0013794 -1.05000 10.11394 0.8109456897 2.4224930458    0.801  2.220  3.6654  1.735    3  0.000  0.515     0.00     0.00     0.00     0.00     0.00 -1 -3.14e-10      0.00 7.434e-01 2.552e-01 2.413e-04 7.720e-05 6.256e-04 -1.000 1.387e-03 -0.781 1.538 0.035 -0.752 -1.012 -1.152 -1.208
0.0013794 -1.05000 10.11394 0.8109768033 2.4225035916    0.800  2.259  3.6628  1.685    3  0.000  0.515     0.00     0.00     0.00     0.00     0.00 -1 -3.63e-10      0.00 7.434e-01 2.552e-01 2.413e-04 7.721e-05 6.256e-04 -1.000 1.387e-03 -0.879 1.509 -0.039 -0.845 -1.109 -1.252 -1.311
0.0013794 -1.05000 10.11394 0.8110061884 2.4225135507    0.800  2.299  3.6602  1.635    3  0.000  0.515     0.00     0.00     0.00     0.00     0.00 -1 -4.22e-10      0.00 7.434e-01 2.552e-01 2.413e-04 7.721e-05 6.256e-04 -1.000 1.387e-03 -0.978 1.482 -0.113 -0.940 -1.208 -1.354 -1.415
0.0013794 -1.05000 10.11394 0.8110330105 2.4225226404    0.799  2.338  3.6577  1.585    3  0.000  0.515     0.00     0.00     0.00     0.00     0.00 -1 -4.89e-10      0.00 7.434e-01 2.552e-01 2.413e-04 7.722e-05 6.256e-04 -1.000 1.387e-03 -1.075 1.460 -0.183 -1.030 -1.303 -1.453 -1.516
0.0013794 -1.05000 10.11394 0.8110578060 2.4225310427    0.798  2.377  3.6551  1.536    3  0.000  0.515     0.00     0.00     0.00     0.00     0.00 -1 -5.65e-10      0.00 7.434e-01 2.552e-01 2.413e-04 7.722e-05 6.256e-04 -1.000 1.387e-03 -1.172 1.440 -0.251 -1.120 -1.397 -1.550 -1.615
0.0013794 -1.05000 10.11394 0.8110805750 2.4225387578    0.798  2.414  3.6525  1.487    3  0.000  0.515     0.00     0.00     0.00     0.00     0.00 -1 -6.52e-10      0.00 7.434e-01 2.552e-01 2.413e-04 7.723e-05 6.256e-04 -1.000 1.387e-03 -1.266 1.422 -0.318 -1.206 -1.488 -1.645 -1.713
0.0013794 -1.05000 10.11394 0.8111066222 2.4225475831    0.797  2.461  3.6492  1.427    3  0.000  0.515     0.00     0.00     0.00     0.00     0.00 -1  -7.8e-10      0.00 7.434e-01 2.552e-01 2.413e-04 7.723e-05 6.256e-04 -1.000 1.387e-03 -1.383 1.399 -0.397 -1.310 -1.600 -1.763 -1.833
0.0013794 -1.05000 10.11394 0.8111261725 2.4225542066    0.796  2.499  3.6465  1.378    3  0.000  0.515     0.00     0.00     0.00     0.00     0.00 -1 -9.01e-10      0.00 7.434e-01 2.552e-01 2.413e-04 7.724e-05 6.256e-04 -1.000 1.387e-03 -1.478 1.382 -0.460 -1.393 -1.690 -1.858 -1.930
0.0013794 -1.05000 10.11394 0.8111476898 2.4225614962    0.795  2.544  3.6434  1.319    3  0.000  0.514     9.81     7.39     5.18     4.02     3.25  3 -1.07e-09      0.00 7.434e-01 2.552e-01 2.412e-04 7.724e-05 6.256e-04 -1.000 1.387e-03 -1.591 1.363 -0.534 -1.492 -1.797 -1.970 -2.044
0.0013794 -1.05000 10.11394 0.8111680150 2.4225683815    0.793  2.590  3.6401  1.260    3  0.000  0.514    11.12     8.23     5.74     4.46     3.61  3 -1.27e-09      0.00 7.434e-01 2.552e-01 2.412e-04 7.725e-05 6.256e-04 -1.000 1.387e-03 -1.705 1.346 -0.609 -1.591 -1.905 -2.083 -2.161
0.0013794 -1.05000 10.11394 0.8111833930 2.4225735906    0.792  2.627  3.6373  1.211    3  0.000  0.514    12.33     8.98     6.24     4.86     3.93  3 -1.47e-09      0.00 7.434e-01 2.552e-01 2.412e-04 7.725e-05 6.256e-04 -1.000 1.387e-03 -1.798 1.334 -0.667 -1.670 -1.992 -2.175 -2.255
0.0013794 -1.05000 10.11394 0.8112002015 2.4225792840    0.791  2.671  3.6341  1.154    3  0.000  0.514    13.91     9.96     6.89     5.37     4.35  3 -1.74e-09      0.00 7.434e-01 2.552e-01 2.412e-04 7.726e-05 6.256e-04 -1.000 1.387e-03 -1.907 1.322 -0.734 -1.763 -2.093 -2.283 -2.365
0.0013794 -1.05000 10.11394 0.8112162352 2.4225847148    0.789  2.716  3.6308  1.095    3  0.000  0.514    15.75    11.07     7.62     5.95     4.82  2 -2.06e-09      0.00 7.434e-01 2.552e-01 2.412e-04 7.726e-05 6.256e-04 -1.000 1.387e-03 -2.019 1.310 -0.803 -1.857 -2.197 -2.392 -2.477
0.0013794 -1.05000 10.11394 0.8112313151 2.4225898223    0.787  2.761  3.6274  1.035    3  0.000  0.514    17.87    12.34     8.44     6.61     5.36  2 -2.46e-09      0.00 7.434e-01 2.552e-01 2.412e-04 7.726e-05 6.256e-04 -1.000 1.387e-03 -2.133 1.301 -0.869 -1.951 -2.301 -2.503 -2.591
0.0013794 -1.05000 10.11394 0.8112442493 2.4225942028    0.785  2.803  3.6242  0.979    3  0.000  0.514    20.11    13.64     9.29     7.28     5.90  2 -2.89e-09      0.00 7.434e-01 2.552e-01 2.412e-04 7.727e-05 6.256e-04 -1.000 1.387e-03 -2.237 1.299 -0.927 -2.036 -2.396 -2.605 -2.695
0.0013794 -1.05000 10.11394 0.8112567067 2.4225984217    0.783  2.846  3.6209  0.922    3  0.000  0.514    22.68    15.11    10.25     8.05     6.52  2 -3.41e-09      0.00 7.434e-01 2.552e-01 2.412e-04 7.727e-05 6.256e-04 -1.000 1.387e-03 -2.345 1.300 -0.982 -2.123 -2.494 -2.710 -2.802
0.0013794 -1.05000 10.11394 0.8112684488 2.4226023982    0.781  2.890  3.6175  0.863    3  0.000  0.514    25.67    16.79    11.33     8.91     7.23  2 -4.04e-09      0.00 7.434e-01 2.552e-01 2.412e-04 7.727e-05 6.256e-04 -1.000 1.387e-03 -2.454 1.303 -1.036 -2.209 -2.593 -2.815 -2.911
0.0013794 -1.05000 10.11394 0.8112790585 2.4226059911    0.778  2.932  3.6142  0.806    3  0.000  0.514    28.94    18.59    12.49     9.84     7.98  2 -4.76e-09      0.00 7.434e-01 2.552e-01 2.412e-04 7.727e-05 6.256e-04 -1.000 1.387e-03 -2.559 1.306 -1.086 -2.291 -2.687 -2.917 -3.015
0.0013794 -1.05000 10.11394 0.8112888336 2.4226093014    0.775  2.973  3.6110  0.750    3  0.000  0.514    32.55    20.55    13.74    10.84     8.80  1  -5.6e-09      0.00 7.434e-01 2.552e-01 2.412e-04 7.728e-05 6.256e-04 -1.000 1.387e-03 -2.663 1.307 -1.136 -2.373 -2.781 -3.017 -3.118
0.0013794 -1.05000 10.11394 0.8112980127 2.4226124096    0.772  3.015  3.6076  0.693    3  0.000  0.514    36.68    22.75    15.14    11.96     9.71  1 -6.59e-09      0.00 7.434e-01 2.552e-01 2.412e-04 7.728e-05 6.256e-04 -1.000 1.387e-03 -2.767 1.309 -1.182 -2.452 -2.873 -3.117 -3.221
0.0013794 -1.05000 10.11394 0.8113068938 2.4226154169    0.769  3.058  3.6043  0.635    3  0.000  0.514    41.45    25.23    16.72    13.23    10.74  1 -7.79e-09      0.00 7.434e-01 2.552e-01 2.412e-04 7.728e-05 6.256e-04 -1.000 1.387e-03 -2.874 1.307 -1.229 -2.533 -2.967 -3.219 -3.326
0.0013794 -1.05000 10.11394 0.8113145828 2.4226180205    0.765  3.097  3.6011  0.581    3  0.000  0.514    46.48    27.81    18.34    14.54    11.80  1 -9.11e-09      0.00 7.434e-01 2.552e-01 2.412e-04 7.728e-05 6.256e-04 -1.000 1.387e-03 -2.973 1.305 -1.270 -2.606 -3.054 -3.313 -3.423
0.0013794 -1.05000 10.11394 0.8113220930 2.4226205635    0.761  3.138  3.5979  0.525    3  0.000  0.514    52.33    30.75    20.19    16.03    13.02  1 -1.07e-08      0.00 7.434e-01 2.552e-01 2.412e-04 7.728e-05 6.256e-04 -1.000 1.387e-03 -3.076 1.299 -1.310 -2.681 -3.143 -3.410 -3.522
0.0013794 -1.05000 10.11394 0.8113291860 2.4226229651    0.756  3.179  3.5945  0.468    3  0.000  0.514    58.97    34.02    22.23    17.68    14.36  1 -1.26e-08      0.00 7.434e-01 2.552e-01 2.412e-04 7.728e-05 6.256e-04 -1.000 1.387e-03 -3.178 1.292 -1.344 -2.752 -3.231 -3.507 -3.622
0.0013794 -1.05000 10.11394 0.8113356829 2.4226251649    0.751  3.219  3.5913  0.412    3  0.000  0.514    66.29    37.56    24.43    19.46    15.81  1 -1.48e-08      0.00 7.434e-01 2.552e-01 2.412e-04 7.729e-05 6.256e-04 -1.000 1.387e-03 -3.277 1.285 -1.373 -2.821 -3.317 -3.601 -3.719
0.0013794 -1.05000 10.11394 0.8113417029 2.4226272032    0.746  3.257  3.5881  0.358    3  0.000  0.514    74.31    41.35    26.78    21.37    17.37  1 -1.72e-08      0.00 7.434e-01 2.552e-01 2.412e-04 7.729e-05 6.256e-04 -1.000 1.387e-03 -3.373 1.274 -1.398 -2.885 -3.399 -3.691 -3.813
0.0013794 -1.05000 10.11394 0.8113473058 2.4226291002    0.740  3.295  3.5850  0.305    3  0.000  0.514    83.12    45.45    29.30    23.42    19.03  1 -2.01e-08      0.00 7.434e-01 2.552e-01 2.412e-04 7.729e-05 6.256e-04 -1.000 1.387e-03 -3.467 1.258 -1.421 -2.946 -3.478 -3.780 -3.904
0.0013794 -1.05000 10.11394 0.8113527894 2.4226309568    0.733  3.331  3.5820  0.253    3  0.000  0.514    92.71    49.81    31.97    25.60    20.81  1 -2.33e-08      0.00 7.434e-01 2.552e-01 2.412e-04 7.729e-05 6.256e-04 -1.000 1.387e-03 -3.557 1.242 -1.441 -3.003 -3.554 -3.864 -3.991
0.0013794 -1.05000 10.11394 0.8113539815 2.4226313604    0.732  3.339  3.5813  0.241    3  0.000  0.514    94.95    50.81    32.58    26.10    21.22  1 -2.41e-08      0.00 7.434e-01 2.552e-01 2.412e-04 7.729e-05 6.256e-04 -1.000 1.387e-03 -3.576 1.239 -1.445 -3.015 -3.570 -3.882 -4.010
0.0013794 -1.05000 10.11394 0.8113539815 2.4226313604    0.732  1.716  3.7397  2.497    4  0.000  0.514     0.00     0.00     0.00     0.00     0.00 -1    -1e-30      0.00 7.394e-01 2.592e-01 2.433e-04 7.932e-05 6.328e-04 -1.000 1.418e-03 0.480 1.692 0.854 0.416 0.282 0.233 0.219
0.0013794 -1.05000 10.11394 0.8114001155 2.4226469788    0.732  1.731  3.7386  2.478    4  0.000  0.514     0.00     0.00     0.00     0.00     0.00 -1    -1e-30      0.00 7.394e-01 2.592e-01 2.433e-04 7.932e-05 6.328e-04 -1.000 1.418e-03 0.443 1.667 0.822 0.379 0.244 0.193 0.179
0.0013794 -1.05000 10.11394 0.8114472628 2.4226629382    0.732  1.734  3.7384  2.474    4  0.000  0.514     0.00     0.00     0.00     0.00     0.00 -1    -1e-30      0.00 7.394e-01 2.592e-01 2.433e-04 7.932e-05 6.328e-04 -1.000 1.418e-03 0.434 1.660 0.813 0.371 0.235 0.184 0.169
0.0013794 -1.05000 10.11394 0.8114953041 2.4226791981    0.732  1.736  3.7386  2.473    4  0.000  0.514     0.00     0.00     0.00     0.00     0.00 -1    -1e-30      0.00 7.394e-01 2.592e-01 2.433e-04 7.932e-05 6.328e-04 -1.000 1.418e-03 0.431 1.655 0.809 0.367 0.232 0.181 0.167
0.0013794 -1.05000 10.11394 0.8115448952 2.4226959801    0.732  1.736  3.7390  2.474    4  0.000  0.514     0.00     0.00     0.00     0.00     0.00 -1    -1e-30      0.00 7.394e-01 2.592e-01 2.433e-04 7.932e-05 6.328e-04 -1.000 1.418e-03 0.430 1.650 0.807 0.366 0.231 0.181 0.167
0.0013794 -1.05000 10.11394 0.8115931153 2.4227122960    0.732  1.736  3.7396  2.477    4  0.000  0.514     0.00     0.00     0.00     0.00     0.00 -1    -1e-30      0.00 7.394e-01 2.592e-01 2.433e-04 7.932e-05 6.328e-04 -1.000 1.418e-03 0.431 1.645 0.805 0.367 0.233 0.184 0.169
0.0013794 -1.05000 10.11394 0.8116417527 2.4227287508    0.732  1.735  3.7403  2.481    4  0.000  0.514     0.00     0.00     0.00     0.00     0.00 -1    -1e-30      0.00 7.394e-01 2.592e-01 2.433e-04 7.932e-05 6.328e-04 -1.000 1.418e-03 0.434 1.641 0.805 0.369 0.237 0.188 0.174
0.0013794 -1.05000 10.11394 0.8116914630 2.4227455662    0.732  1.733  3.7412  2.486    4  0.000  0.514     0.00     0.00     0.00     0.00     0.00 -1    -1e-30      0.00 7.394e-01 2.592e-01 2.433e-04 7.932e-05 6.328e-04 -1.000 1.418e-03 0.437 1.637 0.805 0.372 0.242 0.194 0.180
0.0013794 -1.05000 10.11394 0.8117405176 2.4227621575    0.732  1.731  3.7421  2.492    4  0.000  0.514     0.00     0.00     0.00     0.00     0.00 -1    -1e-30      0.00 7.394e-01 2.592e-01 2.433e-04 7.932e-05 6.328e-04 -1.000 1.418e-03 0.442 1.633 0.805 0.376 0.247 0.200 0.187
0.0013794 -1.05000 10.11394 0.8117903471 2.4227790085    0.732  1.730  3.7430  2.497    4  0.000  0.514     0.00     0.00     0.00     0.00     0.00 -1    -1e-30      0.00 7.394e-01 2.592e-01 2.433e-04 7.932e-05 6.328e-04 -1.000 1.418e-03 0.445 1.629 0.806 0.380 0.252 0.206 0.193
0.0013794 -1.05000 10.11394 0.8118374348 2.4227949301    0.732  1.728  3.7438  2.502    4  0.000  0.514     0.00     0.00     0.00     0.00     0.00 -1    -1e-30      0.00 7.394e-01 2.592e-01 2.433e-04 7.932e-05 6.328e-04 -1.000 1.418e-03 0.449 1.625 0.806 0.383 0.256 0.211 0.199
0.0013794 -1.05000 10.11394 0.8118877411 2.4228119377    0.732  1.727  3.7446  2.506    4  0.000  0.514     0.00     0.00     0.00     0.00     0.00 -1    -1e-30      0.00 7.394e-01 2.592e-01 2.433e-04 7.932e-05 6.328e-04 -1.000 1.418e-03 0.452 1.621 0.806 0.385 0.260 0.216 0.204
0.0013794 -1.05000 10.11394 0.8119370937 2.4228286205    0.732  1.726  3.7454  2.510    4  0.000  0.514     0.00     0.00     0.00     0.00     0.00 -1    -1e-30      0.00 7.394e-01 2.592e-01 2.433e-04 7.932e-05 6.328e-04 -1.000 1.418e-03 0.455 1.618 0.805 0.388 0.264 0.221 0.209
0.0013794 -1.05000 10.11394 0.8119832873 2.4228442333    0.733  1.725  3.7460  2.514    4  0.000  0.514     0.00     0.00     0.00     0.00     0.00 -1    -1e-30      0.00 7.394e-01 2.592e-01 2.433e-04 7.932e-05 6.328e-04 -1.000 1.418e-03 0.457 1.615 0.805 0.390 0.267 0.224 0.213
0.0013794 -1.05000 10.11394 0.8120320439 2.4228607102    0.733  1.724  3.7465  2.517    4  0.000  0.514     0.00     0.00     0.00     0.00     0.00 -1    -1e-30      0.00 7.394e-01 2.592e-01 2.433e-04 7.932e-05 6.328e-04 -1.000 1.418e-03 0.459 1.612 0.805 0.391 0.269 0.227 0.216
0.0013794 -1.05000 10.11394 0.8120434284 2.4228645571    0.733  1.724  3.7466  2.517    4  0.000  0.514     0.00     0.00     0.00     0.00     0.00 -1    -1e-30      0.00 7.394e-01 2.592e-01 2.433e-04 7.932e-05 6.328e-04 -1.000 1.418e-03 0.460 1.611 0.804 0.391 0.270 0.228 0.217
0.0013794 -1.05000 10.11394 0.8120530844 2.4228678199    0.733  1.724  3.7467  2.518    4  0.000  0.514     0.00     0.00     0.00     0.00     0.00 -1    -1e-30      0.00 7.394e-01 2.592e-01 2.433e-04 7.932e-05 6.328e-04 -1.000 1.418e-03 0.460 1.611 0.804 0.392 0.270 0.228 0.217
0.0013794 -1.05000 10.11394 0.8121023774 2.4228844748    0.733  1.724  3.7471  2.519    4  0.000  0.514     0.00     0.00     0.00     0.00     0.00 -1    -1e-30      0.00 7.394e-01 2.592e-01 2.433e-04 7.932e-05 6.328e-04 -1.000 1.418e-03 0.460 1.608 0.803 0.392 0.271 0.230 0.219
0.0013794 -1.05000 10.11394 0.8121523857 2.4229013689    0.733  1.724  3.7473  2.520    4  0.000  0.514     0.00     0.00     0.00     0.00     0.00 -1    -1e-30      0.00 7.394e-01 2.592e-01 2.433e-04 7.932e-05 6.328e-04 -1.000 1.418e-03 0.460 1.606 0.802 0.392 0.271 0.230 0.219
0.0013794 -1.05000 10.11394 0.8122010231 2.4229177976    0.733  1.724  3.7474  2.520    4  0.000  0.514     0.00     0.00     0.00     0.00     0.00 -1    -1e-30      0.00 7.394e-01 2.592e-01 2.433e-04 7.932e-05 6.328e-04 -1.000 1.418e-03 0.459 1.604 0.801 0.390 0.270 0.229 0.218
0.0013794 -1.05000 10.11394 0.8122492433 2.4229340832    0.733  1.725  3.7473  2.519    4  0.000  0.514     0.00     0.00     0.00     0.00     0.00 -1    -1e-30      0.00 7.394e-01 2.592e-01 2.433e-04 7.932e-05 6.328e-04 -1.000 1.418e-03 0.457 1.602 0.799 0.388 0.268 0.227 0.216
0.0013794 -1.05000 10.11394 0.8122970462 2.4229502256    0.733  1.727  3.7471  2.517    4  0.000  0.514     0.00     0.00     0.00     0.00     0.00 -1    -1e-30      0.00 7.394e-01 2.592e-01 2.433e-04 7.932e-05 6.328e-04 -1.000 1.418e-03 0.454 1.601 0.796 0.385 0.264 0.223 0.212
0.0013794 -1.05000 10.11394 0.8123474121 2.4229672312    0.733  1.728  3.7467  2.514    4  0.000  0.514     0.00     0.00     0.00     0.00     0.00 -1    -1e-30      0.00 7.394e-01 2.592e-01 2.433e-04 7.932e-05 6.328e-04 -1.000 1.418e-03 0.449 1.600 0.794 0.381 0.260 0.218 0.207
0.0013794 -1.05000 10.11394 0.8123978972 2.4229842746    0.733  1.731  3.7462  2.509    4  0.000  0.514     0.00     0.00     0.00     0.00     0.00 -1    -1e-30      0.00 7.394e-01 2.592e-01 2.433e-04 7.932e-05 6.328e-04 -1.000 1.418e-03 0.444 1.599 0.790 0.376 0.253 0.211 0.200
0.0013794 -1.05000 10.11394 0.8124101162 2.4229883992    0.733  1.731  3.7461  2.509    4  0.000  0.514     0.00     0.00     0.00     0.00     0.00 -1    -1e-30      0.00 7.394e-01 2.592e-01 2.433e-04 7.932e-05 6.328e-04 -1.000 1.418e-03 0.442 1.598 0.789 0.375 0.252 0.210 0.198
0.0013794 -1.05000 10.11394 0.8124310374 2.4229954611    0.733  1.732  3.7458  2.506    4  0.000  0.514     0.00     0.00     0.00     0.00     0.00 -1    -1e-30      0.00 7.394e-01 2.592e-01 2.433e-04 7.932e-05 6.328e-04 -1.000 1.418e-03 0.439 1.598 0.787 0.371 0.248 0.205 0.194
0.0013794 -1.05000 10.11394 0.8124750257 2.4230103078    0.733  1.735  3.7450  2.500    4  0.000  0.514     0.00     0.00     0.00     0.00     0.00 -1    -1e-30      0.00 7.394e-01 2.592e-01 2.433e-04 7.932e-05 6.328e-04 -1.000 1.418e-03 0.432 1.597 0.783 0.364 0.240 0.196 0.185
0.0013794 -1.05000 10.11394 0.8125191331 2.4230251929    0.733  1.739  3.7442  2.493    4  0.000  0.514     0.00     0.00     0.00     0.00     0.00 -1    -1e-30      0.00 7.394e-01 2.592e-01 2.433e-04 7.932e-05 6.328e-04 -1.000 1.418e-03 0.423 1.596 0.778 0.356 0.230 0.186 0.174
0.0013794 -1.05000 10.11394 0.8125637174 2.4230402371    0.733  1.743  3.7434  2.486    4  0.000  0.514     0.00     0.00     0.00     0.00     0.00 -1    -1e-30      0.00 7.394e-01 2.592e-01 2.433e-04 7.932e-05 6.328e-04 -1.000 1.418e-03 0.414 1.594 0.772 0.347 0.220 0.175 0.162
0.0013794 -1.05000 10.11394 0.8126087189 2.4230554200    0.733  1.747  3.7424  2.478    4  0.000  0.514     0.00     0.00     0.00     0.00     0.00 -1    -1e-30      0.00 7.394e-01 2.592e-01 2.433e-04 7.932e-05 6.328e-04 -1.000 1.418e-03 0.403 1.592 0.765 0.337 0.208 0.162 0.149
0.0013794 -1.05000 10.11394 0.8126521111 2.4230700582    0.733  1.752  3.7414  2.469    4  0.000  0.514     0.00     0.00     0.00     0.00     0.00 -1    -1e-30      0.00 7.394e-01 2.592e-01 2.433e-04 7.932e-05 6.328e-04 -1.000 1.418e-03 0.391 1.589 0.757 0.326 0.195 0.148 0.134
0.0013794 -1.05000 10.11394 0.8126957417 2.4230847750    0.733  1.757  3.7404  2.460    4  0.000  0.514     0.00     0.00     0.00     0.00     0.00 -1    -1e-30      0.00 7.394e-01 2.592e-01 2.433e-04 7.932e-05 6.328e-04 -1.000 1.418e-03 0.379 1.586 0.749 0.313 0.181 0.132 0.119
0.0013794 -1.05000 10.11394 0.8127397895 2.4230996307    0.733  1.762  3.7394  2.451    4  0.000  0.514     0.00     0.00     0.00     0.00     0.00 -1    -1e-30      0.00 7.394e-01 2.592e-01 2.433e-04 7.932e-05 6.328e-04 -1.000 1.418e-03 0.366 1.582 0.740 0.301 0.167 0.117 0.103
0.0013794 -1.05000 10.11394 0.8127837181 2.4231144443    0.733  1.766  3.7387  2.444    4  0.000  0.514     0.00     0.00     0.00     0.00     0.00 -1    -1e-30      0.00 7.394e-01 2.592e-01 2.433e-04 7.932e-05 6.328e-04 -1.000 1.418e-03 0.355 1.579 0.732 0.290 0.155 0.105 0.090
0.0013794 -1.05000 10.11394 0.8128287196 2.4231296179    0.734  1.772  3.7375  2.433    4  0.000  0.514     0.00     0.00     0.00     0.00     0.00 -1    -1e-30      0.00 7.394e-01 2.592e-01 2.433e-04 7.932e-05 6.328e-04 -1.000 1.418e-03 0.339 1.575 0.721 0.275 0.138 0.086 0.071
0.0013794 -1.05000 10.11394 0.8128724098 2.4231443474    0.734  1.779  3.7361  2.421    4  0.000  0.514     0.00     0.00     0.00     0.00     0.00 -1    -1e-30      0.00 7.394e-01 2.592e-01 2.433e-04 7.932e-05 6.328e-04 -1.000 1.418e-03 0.322 1.572 0.710 0.258 0.119 0.065 0.050
0.0013794 -1.05000 10.11394 0.8129187822 2.4231599792    0.734  1.796  3.7335  2.393    4  0.000  0.514     0.00     0.00     0.00     0.00     0.00 -1    -1e-30      0.00 7.394e-01 2.592e-01 2.433e-04 7.932e-05 6.328e-04 -1.000 1.418e-03 0.280 1.559 0.680 0.218 0.074 0.018 0.001
0.0013794 -1.05000 10.11394 0.8129630685 2.4231749059    0.734  1.822  3.7296  2.352    4  0.000  0.514     0.00     0.00     0.00     0.00     0.00 -1    -1e-30      0.00 7.394e-01 2.592e-01 2.433e-04 7.932e-05 6.328e-04 -1.000 1.418e-03 0.215 1.534 0.631 0.154 0.005 -0.056 -0.075
0.0013794 -1.05000 10.11394 0.8129960299 2.4231860143    0.734  1.857  3.7246  2.296    4  0.000  0.514     0.00     0.00     0.00     0.00     0.00 -1    -1e-30      0.00 7.394e-01 2.592e-01 2.433e-04 7.932e-05 6.328e-04 -1.000 1.418e-03 0.126 1.502 0.565 0.068 -0.090 -0.156 -0.178
0.0013794 -1.05000 10.11394 0.8130120635 2.4231914175    0.734  1.895  3.7195  2.239    4  0.000  0.514     0.00     0.00     0.00     0.00     0.00 -1    -1e-30      0.00 7.394e-01 2.592e-01 2.433e-04 7.932e-05 6.328e-04 -1.000 1.418e-03 0.033 1.468 0.495 -0.022 -0.189 -0.261 -0.285
0.0013794 -1.05000 10.11394 0.8130189180 2.4231937273    0.734  1.930  3.7150  2.185    4  0.000  0.514     0.00     0.00     0.00     0.00     0.00 -1    -1e-30      0.00 7.394e-01 2.592e-01 2.433e-04 7.932e-05 6.328e-04 -1.000 1.418e-03 -0.056 1.436 0.430 -0.106 -0.281 -0.358 -0.385
0.0013794 -1.05000 10.11394 0.8130223751 2.4231948923    0.734  1.967  3.7105  2.130    4  0.000  0.514     0.00     0.00     0.00     0.00     0.00 -1    -1e-30      0.00 7.394e-01 2.592e-01 2.433e-04 7.932e-05 6.328e-04 -1.000 1.418e-03 -0.148 1.401 0.361 -0.194 -0.376 -0.459 -0.488
0.0013794 -1.05000 10.11394 0.8130241036 2.4231954747    0.734  2.001  3.7065  2.080    4  0.000  0.514     0.00     0.00     0.00     0.00     0.00 -1    -1e-30      0.00 7.394e-01 2.592e-01 2.433e-04 7.932e-05 6.328e-04 -1.000 1.418e-03 -0.233 1.369 0.298 -0.274 -0.464 -0.552 -0.582
0.0013794 -1.05000 10.11394 0.8130251169 2.4231958162    0.734  2.033  3.7030  2.035    4  0.000  0.514     0.00     0.00     0.00     0.00     0.00 -1    -1e-30      0.00 7.394e-01 2.592e-01 2.433e-04 7.932e-05 6.328e-04 -1.000 1.418e-03 -0.312 1.337 0.238 -0.350 -0.545 -0.637 -0.670
0.0013794 -1.05000 10.11394 0.8130253553 2.4231958965    0.734  2.043  3.7019  2.020    7  0.000  0.514     0.00     0.00     0.00     0.00     0.00 -1 -1.05e-09      0.00 7.394e-01 2.575e-01 2.433e-04 7.932e-05 6.328e-04 -1.000 3.064e-03 -0.337 1.326 0.219 -0.373 -0.570 -0.664 -0.697
0.0013794 -1.05000 10.11394 0.8130254149 2.4231959166    0.734  2.044  3.7018  2.019    7  0.000  0.514     0.00     0.00     0.00     0.00     0.00 -1 -1.06e-09      0.00 7.394e-01 2.575e-01 2.433e-04 7.932e-05 6.328e-04 -1.000 3.064e-03 -0.339 1.325 0.217 -0.375 -0.573 -0.666 -0.700
0.0013794 -1.05000 10.11394 0.8130263090 2.4231962179    0.734  2.084  3.6979  1.963    7  0.000  0.514     0.00     0.00     0.00     0.00     0.00 -1 -1.35e-09      0.00 7.394e-01 2.575e-01 2.433e-04 7.932e-05 6.328e-04 -1.000 3.064e-03 -0.439 1.285 0.141 -0.470 -0.674 -0.773 -0.808
0.0013794 -1.05000 10.11394 0.8130271435 2.4231964991    0.734  2.122  3.6941  1.910    7  0.000  0.514     0.00     0.00     0.00     0.00     0.00 -1 -1.68e-09      0.00 7.394e-01 2.575e-01 2.433e-04 7.932e-05 6.328e-04 -1.000 3.064e-03 -0.536 1.248 0.068 -0.560 -0.772 -0.875 -0.913
0.0013794 -1.05000 10.11394 0.8130279183 2.4231967602    0.733  2.153  3.6912  1.867    7  0.000  0.514     0.00     0.00     0.00     0.00     0.00 -1 -2.01e-09      0.00 7.394e-01 2.575e-01 2.433e-04 7.932e-05 6.328e-04 -1.000 3.064e-03 -0.612 1.219 0.010 -0.632 -0.849 -0.956 -0.996
0.0013794 -1.05000 10.11394 0.8130286932 2.4231970213    0.733  2.167  3.6900  1.849    7  0.000  0.514     0.00     0.00     0.00     0.00     0.00 -1 -2.18e-09      0.00 7.394e-01 2.575e-01 2.433e-04 7.932e-05 6.328e-04 -1.000 3.064e-03 -0.647 1.205 -0.016 -0.664 -0.884 -0.993 -1.033
0.0013794 -1.05000 10.11394 0.8130300045 2.4231974631    0.733  2.170  3.6898  1.845    7  0.000  0.514     0.00     0.00     0.00     0.00     0.00 -1 -2.21e-09      0.00 7.394e-01 2.575e-01 2.433e-04 7.932e-05 6.328e-04 -1.000 3.064e-03 -0.654 1.200 -0.023 -0.672 -0.891 -1.000 -1.041
0.0013794 -1.05000 10.11394 0.8130323291 2.4231982464    0.733  2.146  3.6921  1.878    7  0.000  0.514     0.00     0.00     0.00     0.00     0.00 -1 -1.93e-09      0.00 7.394e-01 2.575e-01 2.433e-04 7.932e-05 6.328e-04 -1.000 3.064e-03 -0.595 1.223 0.022 -0.616 -0.831 -0.937 -0.976
0.0013794 -1.05000 10.11394 0.8130359650 2.4231994716    0.733  2.136  3.6929  1.890    7  0.000  0.514     0.00     0.00     0.00     0.00     0.00 -1 -1.83e-09      0.00 7.394e-01 2.575e-01 2.433e-04 7.932e-05 6.328e-04 -1.000 3.064e-03 -0.571 1.233 0.040 -0.594 -0.807 -0.913 -0.951
0.0013794 -1.05000 10.11394 0.8130590320 2.4232072440    0.731  2.142  3.6923  1.881    7  0.000  0.514     0.00     0.00     0.00     0.00     0.00 -1 -1.89e-09      0.00 7.394e-01 2.575e-01 2.433e-04 7.932e-05 6.328e-04 -1.000 3.064e-03 -0.584 1.230 0.032 -0.605 -0.820 -0.926 -0.965
0.0013794 -1.05000 10.11394 0.8130756617 2.4232128470    0.729  2.173  3.6893  1.836    7  0.000  0.514     0.00     0.00     0.00     0.00     0.00 -1 -2.29e-09      0.00 7.394e-01 2.575e-01 2.433e-04 7.932e-05 6.328e-04 -1.000 3.064e-03 -0.663 1.202 -0.028 -0.679 -0.900 -1.010 -1.051
0.0013794 -1.05000 10.11394 0.8130932450 2.4232187711    0.726  2.220  3.6847  1.770    7  0.000  0.514     0.00     0.00     0.00     0.00     0.00 -1 -3.04e-09      0.00 7.394e-01 2.575e-01 2.433e-04 7.932e-05 6.328e-04 -1.000 3.064e-03 -0.780 1.167 -0.113 -0.788 -1.017 -1.133 -1.177
0.0013794 -1.05000 10.11394 0.8131104112 2.4232245543    0.723  2.271  3.6800  1.698    7  0.000  0.514     0.00     0.00     0.00     0.00     0.00 -1 -4.09e-09      0.00 7.394e-01 2.575e-01 2.433e-04 7.932e-05 6.328e-04 -1.000 3.064e-03 -0.907 1.142 -0.205 -0.911 -1.147 -1.268 -1.315
0.0013794 -1.05000 10.11394 0.8131254315 2.4232296143    0.720  2.315  3.6760  1.636    7  0.000  0.514     0.00     0.00     0.00     0.00     0.00 -1 -5.32e-09      0.00 7.394e-01 2.575e-01 2.433e-04 7.932e-05 6.328e-04 -1.000 3.064e-03 -1.017 1.125 -0.282 -1.016 -1.258 -1.384 -1.434
0.0013794 -1.05000 10.11394 0.8131386638 2.4232340719    0.716  2.357  3.6722  1.577    7  0.000  0.514     0.00     0.00     0.00     0.00     0.00 -1 -6.86e-09      0.00 7.394e-01 2.576e-01 2.433e-04 7.932e-05 6.328e-04 -1.000 3.051e-03 -1.123 1.112 -0.356 -1.117 -1.365 -1.495 -1.548
0.0013794 -1.05000 10.11394 0.8131502867 2.4232379871    0.711  2.398  3.6686  1.518    7  0.000  0.514     0.00     0.00     0.00     0.00     0.00 -1 -8.79e-09      0.00 7.394e-01 2.576e-01 2.433e-04 7.932e-05 6.328e-04 -1.000 2.992e-03 -1.225 1.103 -0.425 -1.214 -1.468 -1.603 -1.658
0.0013794 -1.05000 10.11394 0.8131605387 2.4232414404    0.706  2.438  3.6650  1.460    7  0.000  0.514     0.00     0.00     0.00     0.00     0.00 -1 -1.12e-08      0.00 7.394e-01 2.576e-01 2.432e-04 7.933e-05 6.328e-04 -1.000 2.964e-03 -1.326 1.104 -0.490 -1.307 -1.567 -1.707 -1.765
0.0013794 -1.05000 10.11394 0.8131696582 2.4232445122    0.700  2.478  3.6615  1.403    7  0.000  0.513     0.00     0.00     0.00     0.00     0.00 -1 -1.43e-08      0.00 7.394e-01 2.577e-01 2.429e-04 7.941e-05 6.328e-04 -1.000 2.960e-03 -1.425 1.110 -0.552 -1.399 -1.666 -1.810 -1.870
0.0013794 -1.05000 10.11394 0.8131779432 2.4232473028    0.693  2.518  3.6580  1.345    7  0.000  0.511     8.90     6.81     4.78     3.72     3.01  3 -1.83e-08      0.00 7.394e-01 2.577e-01 2.421e-04 7.984e-05 6.328e-04 -1.000 2.905e-03 -1.525 1.124 -0.611 -1.490 -1.763 -1.912 -1.976
0.0013794 -1.05000 10.11394 0.8131855726 2.4232498726    0.685  2.558  3.6536  1.283    7  0.000  0.507    10.13     7.60     5.30     4.14     3.35  2 -2.36e-08      0.00 7.394e-01 2.577e-01 2.402e-04 8.149e-05 6.328e-04 -1.000 2.864e-03 -1.624 1.141 -0.663 -1.572 -1.855 -2.012 -2.079
0.0013794 -1.05000 10.11394 0.8131908774 2.4232516593    0.678  2.588  3.6484  1.227    7  0.000  0.502    11.37     8.38     5.82     4.55     3.68  2 -2.88e-08      0.00 7.394e-01 2.578e-01 2.380e-04 8.384e-05 6.328e-04 -1.000 2.858e-03 -1.699 1.199 -0.682 -1.625 -1.921 -2.085 -2.157
0.0013794 -1.05000 10.11394 0.8131974936 2.4232538877    0.667  2.627  3.6417  1.153    7  0.000  0.494    13.25     9.53     6.58     5.16     4.17  2 -3.75e-08      0.00 7.394e-01 2.578e-01 2.341e-04 8.833e-05 6.328e-04 -1.000 2.804e-03 -1.798 1.274 -0.705 -1.692 -2.004 -2.181 -2.257
0.0013794 -1.05000 10.11394 0.8132038116 2.4232560156    0.652  2.667  3.6382  1.091    7  0.000  0.485    15.06    10.62     7.29     5.73     4.63  2 -4.91e-08      0.00 7.394e-01 2.579e-01 2.303e-04 9.299e-05 6.328e-04 -1.000 2.779e-03 -1.896 1.279 -0.760 -1.775 -2.096 -2.279 -2.358
0.0013794 -1.05000 10.11394 0.8132098913 2.4232580632    0.635  2.706  3.6352  1.027    7  0.000  0.478    17.14    11.83     8.07     6.36     5.15  2 -6.54e-08      0.00 7.393e-01 2.579e-01 2.269e-04 9.715e-05 6.328e-04 -1.000 2.794e-03 -1.995 1.277 -0.818 -1.857 -2.187 -2.375 -2.457
0.0013794 -1.05000 10.11394 0.8132157922 2.4232600506    0.611  2.746  3.6328  0.961    7  0.000  0.471    19.58    13.20     8.96     7.08     5.73  1 -8.97e-08      0.00 7.393e-01 2.580e-01 2.239e-04 1.009e-04 6.328e-04 -1.000 2.764e-03 -2.095 1.270 -0.879 -1.944 -2.282 -2.475 -2.559
0.0013794 -1.05000 10.11394 0.8132212162 2.4232618773    0.580  2.785  3.6326  0.899    7  0.000  0.466    22.12    14.57     9.83     7.80     6.31  1 -1.27e-07      0.00 7.393e-01 2.580e-01 2.213e-04 1.040e-04 6.328e-04 -1.000 2.729e-03 -2.193 1.218 -0.962 -2.040 -2.381 -2.575 -2.659
0.0013794 -1.05000 10.11394 0.8132261634 2.4232635434    0.542  2.824  3.6391  0.856    7  0.000  0.461    23.93    15.48    10.40     8.28     6.70  1 -1.86e-07      0.00 7.392e-01 2.581e-01 2.189e-04 1.069e-04 6.328e-04 -1.000 2.725e-03 -2.291 1.009 -1.125 -2.175 -2.501 -2.684 -2.764
0.0013794 -1.05000 10.11394 0.8132284284 2.4232643062    0.509  2.845  3.6522  0.861    7  0.000  0.457    23.39    15.11    10.15     8.09     6.54  1 -2.25e-07      0.00 7.392e-01 2.581e-01 2.174e-04 1.088e-04 6.327e-04 -1.000 2.715e-03 -2.342 0.681 -1.309 -2.288 -2.584 -2.745 -2.815
0.0013794 -1.05000 10.11394 1.0957379341 2.4909603871    0.545 -9.999  3.5555  7.956    9  0.545  0.000     0.00     0.00     0.00     0.00     0.00 -1    -1e-30      0.00 7.258e-01 2.727e-01 2.008e-04 1.499e-04 6.442e-04 -1.000 1.417e-03 29.767 34.174 31.950 30.387 29.538 29.209 29.114
