# Zini     MH   logAge Mini        int_IMF         Mass   logL    logTe  logg  label   McoreTP C_O  period0  period1  period2  period3  period4  pmode  Mloss  tau1m   X   Y   Xc  Xn  Xo  Cexcess  Z 	 mbolmag  umag    gmag    rmag    imag    zmag    Ymag
0.00087196 -1.25000 10.10037 0.0900000036 1.0816895926    0.090 -3.205  3.4605  5.392    1  0.000  0.545     0.00     0.00     0.00     0.00     0.00 -1 -5.26e-17      0.00 7.468e-01 2.523e-01 1.620e-04 4.372e-05 3.965e-04 -1.000 9.011e-04 12.783 17.990 16.629 14.748 12.807 12.161 12.039
0.00087196 -1.25000 10.10037 0.0908970907 1.0902280148    0.091 -3.181  3.4640  5.385    1  0.000  0.545     0.00     0.00     0.00     0.00     0.00 -1 -5.58e-17      0.00 7.467e-01 2.524e-01 1.620e-04 4.372e-05 3.965e-04 -1.000 9.011e-04 12.722 17.921 16.489 14.614 12.732 12.104 11.982
0.00087196 -1.25000 10.10037 0.1000000015 1.1711064122    0.100 -2.944  3.4978  5.325    1  0.000  0.545     0.00     0.00     0.00     0.00     0.00 -1 -9.84e-17      0.00 7.452e-01 2.539e-01 1.620e-04 4.372e-05 3.965e-04 -1.000 9.011e-04 12.130 17.166 15.166 13.375 12.034 11.552 11.435
0.00087196 -1.25000 10.10037 0.1199999973 1.3193154249    0.120 -2.660  3.5302  5.250    1  0.000  0.545     0.00     0.00     0.00     0.00     0.00 -1 -1.88e-16      0.00 7.428e-01 2.563e-01 1.620e-04 4.372e-05 3.965e-04 -1.000 9.012e-04 11.420 16.056 13.851 12.198 11.256 10.879 10.769
0.00087196 -1.25000 10.10037 0.1400000006 1.4384526719    0.140 -2.478  3.5463  5.199    1  0.000  0.545     0.00     0.00     0.00     0.00     0.00 -1 -2.81e-16      0.00 7.410e-01 2.581e-01 1.620e-04 4.372e-05 3.965e-04 -1.000 9.012e-04 10.965 15.328 13.140 11.569 10.778 10.440 10.334
0.00087196 -1.25000 10.10037 0.1599999964 1.5372931554    0.160 -2.337  3.5567  5.158    1  0.000  0.545     0.00     0.00     0.00     0.00     0.00 -1 -3.81e-16      0.00 7.396e-01 2.595e-01 1.620e-04 4.372e-05 3.965e-04 -1.000 9.011e-04 10.613 14.786 12.634 11.119 10.413 10.098 9.996
0.00087196 -1.25000 10.10037 0.2000000179 1.6938791367    0.200 -2.115  3.5706  5.089    1  0.000  0.545     0.00     0.00     0.00     0.00     0.00 -1 -1.29e-16      0.00 7.382e-01 2.609e-01 1.620e-04 4.372e-05 3.965e-04 -1.000 9.013e-04 10.059 13.964 11.888 10.450 9.845 9.558 9.461
0.00087196 -1.25000 10.10037 0.2500000000 1.8403257998    0.250 -1.911  3.5818  5.026    1  0.000  0.545     0.00     0.00     0.00     0.00     0.00 -1 -1.82e-17      0.00 7.380e-01 2.611e-01 1.620e-04 4.372e-05 3.965e-04 -1.000 9.011e-04 9.547 13.245 11.237 9.868 9.325 9.056 8.965
0.00087196 -1.25000 10.10037 0.3000000417 1.9529140366    0.300 -1.755  3.5902  4.983    1  0.000  0.545     0.00     0.00     0.00     0.00     0.00 -1 -2.45e-18      0.00 7.383e-01 2.608e-01 1.620e-04 4.372e-05 3.965e-04 -1.000 9.012e-04 9.158 12.695 10.746 9.433 8.930 8.675 8.587
0.00087196 -1.25000 10.10037 0.3499999940 2.0434174644    0.350 -1.628  3.5975  4.952    1  0.000  0.545     0.00     0.00     0.00     0.00     0.00 -1 -1.67e-15      0.00 7.461e-01 2.530e-01 1.620e-04 4.372e-05 3.965e-04 -1.000 9.012e-04 8.839 12.251 10.346 9.081 8.605 8.362 8.278
0.00087196 -1.25000 10.10037 0.4000000060 2.1185024399    0.400 -1.478  3.6087  4.905    1  0.000  0.545     0.00     0.00     0.00     0.00     0.00 -1 -2.33e-15      0.00 7.492e-01 2.499e-01 1.620e-04 4.372e-05 3.965e-04 -1.000 9.012e-04 8.465 11.692 9.852 8.661 8.223 7.998 7.920
0.00087196 -1.25000 10.10037 0.4500000179 2.1822809362    0.450 -1.300  3.6267  4.849    1  0.000  0.545     0.00     0.00     0.00     0.00     0.00 -1 -3.53e-15      0.00 7.492e-01 2.499e-01 1.620e-04 4.372e-05 3.965e-04 -1.000 9.011e-04 8.019 10.970 9.223 8.151 7.769 7.572 7.502
0.00087196 -1.25000 10.10037 0.5000000000 2.2374541529    0.500 -1.095  3.6553  4.805    1  0.000  0.545     0.00     0.00     0.00     0.00     0.00 -1 -5.66e-15      0.00 7.492e-01 2.499e-01 1.620e-04 4.372e-05 3.965e-04 -1.000 9.012e-04 7.507 10.034 8.439 7.551 7.249 7.095 7.039
0.00087196 -1.25000 10.10037 0.5500000715 2.2836583126    0.550 -0.870  3.6853  4.742    1  0.000  0.544     0.00     0.00     0.00     0.00     0.00 -1 -9.72e-15      0.00 7.853e-01 2.140e-01 1.403e-04 3.788e-05 3.438e-04 -1.000 7.401e-04 6.946 8.971 7.628 6.919 6.687 6.575 6.535
0.00087196 -1.25000 10.10037 0.6000000238 2.3211213258    0.600 -0.659  3.7146  4.685    1  0.000  0.544     0.00     0.00     0.00     0.00     0.00 -1 -1.61e-14      0.00 7.952e-01 2.040e-01 1.347e-04 3.639e-05 3.304e-04 -1.000 7.915e-04 6.417 7.999 6.924 6.351 6.169 6.094 6.070
0.00087196 -1.25000 10.10037 0.6028501391 2.3230425484    0.602 -0.646  3.7165  4.682    1  0.000  0.544     0.00     0.00     0.00     0.00     0.00 -1 -1.66e-14      0.00 7.958e-01 2.034e-01 1.344e-04 3.630e-05 3.296e-04 -1.000 7.959e-04 6.385 7.944 6.884 6.318 6.140 6.066 6.044
0.00087196 -1.25000 10.10037 0.6152181029 2.3311429925    0.615 -0.592  3.7245  4.668    1  0.000  0.543     0.00     0.00     0.00     0.00     0.00 -1 -1.81e-14      0.00 7.986e-01 2.007e-01 1.328e-04 3.589e-05 3.259e-04 -1.000 7.904e-04 6.249 7.706 6.712 6.177 6.011 5.947 5.929
0.00087196 -1.25000 10.10037 0.6272088885 2.3386466759    0.627 -0.539  3.7321  4.654    1  0.000  0.543     0.00     0.00     0.00     0.00     0.00 -1 -3.23e-15      0.00 8.013e-01 1.979e-01 1.313e-04 3.548e-05 3.221e-04 -1.000 7.209e-04 6.116 7.482 6.547 6.041 5.887 5.831 5.817
0.00087196 -1.25000 10.10037 0.6383748055 2.3453434687    0.638 -0.489  3.7391  4.640    1  0.000  0.543     0.00     0.00     0.00     0.00     0.00 -1 -6.83e-18      0.00 8.040e-01 1.953e-01 1.298e-04 3.507e-05 3.186e-04 -1.000 7.209e-04 5.992 7.283 6.397 5.916 5.771 5.723 5.711
0.00087196 -1.25000 10.10037 0.6487719417 2.3513414311    0.648 -0.442  3.7455  4.626    1  0.000  0.543     0.00     0.00     0.00     0.00     0.00 -1 -1.13e-14      0.00 8.066e-01 1.927e-01 1.283e-04 3.469e-05 3.152e-04 -1.000 7.114e-04 5.875 7.100 6.258 5.800 5.665 5.624 5.615
0.00087196 -1.25000 10.10037 0.6499999762 2.3520353107    0.650 -0.436  3.7462  4.624    1  0.000  0.543     0.00     0.00     0.00     0.00     0.00 -1 -2.77e-14      0.00 8.069e-01 1.924e-01 1.282e-04 3.465e-05 3.147e-04 -1.000 7.209e-04 5.861 7.078 6.241 5.786 5.653 5.612 5.604
0.00087196 -1.25000 10.10037 0.6554379463 2.3550720377    0.655 -0.412  3.7493  4.615    1  0.000  0.543     0.00     0.00     0.00     0.00     0.00 -1 -2.95e-14      0.00 8.085e-01 1.908e-01 1.272e-04 3.440e-05 3.126e-04 -1.000 7.209e-04 5.800 6.986 6.169 5.726 5.597 5.559 5.553
0.00087196 -1.25000 10.10037 0.6674070358 2.3615559063    0.667 -0.357  3.7558  4.594    1  0.000  0.542     0.00     0.00     0.00     0.00     0.00 -1  -3.4e-14      0.00 8.123e-01 1.870e-01 1.251e-04 3.384e-05 3.075e-04 -1.000 7.130e-04 5.662 6.785 6.010 5.592 5.474 5.443 5.439
0.00087196 -1.25000 10.10037 0.6784027219 2.3672811670    0.678 -0.305  3.7616  4.573    1  0.000  0.542     0.00     0.00     0.00     0.00     0.00 -1  -1.3e-14      0.00 8.160e-01 1.834e-01 1.231e-04 3.330e-05 3.027e-04 -1.000 6.844e-04 5.533 6.602 5.863 5.467 5.358 5.334 5.332
0.00087196 -1.25000 10.10037 0.6888868809 2.3725447980    0.689 -0.255  3.7670  4.551    1  0.000  0.542     0.00     0.00     0.00     0.00     0.00 -1 -6.09e-17      0.00 8.196e-01 1.797e-01 1.211e-04 3.276e-05 2.979e-04 -1.000 6.776e-04 5.407 6.432 5.722 5.345 5.245 5.226 5.226
0.00087196 -1.25000 10.10037 0.6986547709 2.3772856983    0.698 -0.206  3.7719  4.528    1  0.000  0.542     0.00     0.00     0.00     0.00     0.00 -1 -1.89e-14      0.00 8.232e-01 1.761e-01 1.191e-04 3.224e-05 2.931e-04 -1.000 6.492e-04 5.286 6.272 5.588 5.229 5.136 5.122 5.124
0.00087196 -1.25000 10.10037 0.6999999881 2.3779266974    0.700 -0.199  3.7725  4.524    1  0.000  0.542     0.00     0.00     0.00     0.00     0.00 -1 -5.17e-14      0.00 8.237e-01 1.756e-01 1.188e-04 3.216e-05 2.925e-04 -1.000 6.437e-04 5.268 6.250 5.569 5.213 5.121 5.107 5.110
0.00087196 -1.25000 10.10037 0.7079017162 2.3816353977    0.708 -0.159  3.7762  4.503    1  0.000  0.540     0.00     0.00     0.00     0.00     0.00 -1 -5.79e-14      0.00 8.275e-01 1.719e-01 1.165e-04 3.161e-05 2.876e-04 -1.000 6.209e-04 5.166 6.119 5.458 5.115 5.029 5.019 5.023
0.00087196 -1.25000 10.10037 0.7180340886 2.3862539690    0.718 -0.103  3.7808  4.473    1  0.000  0.538     0.00     0.00     0.00     0.00     0.00 -1 -6.75e-14      0.00 8.324e-01 1.669e-01 1.134e-04 3.086e-05 2.809e-04 -1.000 6.209e-04 5.029 5.948 5.308 4.982 4.903 4.898 4.904
0.00087196 -1.25000 10.10037 0.7268820405 2.3901661955    0.726 -0.053  3.7847  4.443    1  0.000  0.536     0.00     0.00     0.00     0.00     0.00 -1  -7.8e-14      0.00 8.370e-01 1.624e-01 1.106e-04 3.017e-05 2.749e-04 -1.000 6.299e-04 4.902 5.798 5.172 4.860 4.787 4.785 4.792
0.00087196 -1.25000 10.10037 0.7352301478 2.3937583006    0.735 -0.002  3.7882  4.411    1  0.000  0.535     0.00     0.00     0.00     0.00     0.00 -1 -3.27e-16      0.00 8.414e-01 1.580e-01 1.078e-04 2.950e-05 2.689e-04 -1.000 6.266e-04 4.776 5.651 5.037 4.738 4.670 4.672 4.680
0.00087196 -1.25000 10.10037 0.7430421710 2.3970357980    0.742  0.048  3.7912  4.378    1  0.000  0.533     0.00     0.00     0.00     0.00     0.00 -1 -5.43e-16      0.00 8.457e-01 1.537e-01 1.052e-04 2.885e-05 2.631e-04 -1.000 6.209e-04 4.651 5.508 4.904 4.616 4.553 4.558 4.567
0.00087196 -1.25000 10.10037 0.7500000000 2.3998889087    0.749  0.095  3.7937  4.345    1  0.000  0.532     0.00     0.00     0.00     0.00     0.00 -1  -1.2e-13      0.00 8.494e-01 1.500e-01 1.029e-04 2.828e-05 2.581e-04 -1.000 6.209e-04 4.533 5.376 4.779 4.501 4.442 4.449 4.459
0.00087196 -1.25000 10.10037 0.7504618764 2.4000761523    0.750  0.098  3.7939  4.343    1  0.000  0.532     0.00     0.00     0.00     0.00     0.00 -1 -1.22e-13      0.00 8.496e-01 1.497e-01 1.028e-04 2.825e-05 2.578e-04 -1.000 6.209e-04 4.525 5.367 4.771 4.493 4.435 4.442 4.452
0.00087196 -1.25000 10.10037 0.7582302690 2.4031861710    0.757  0.154  3.7963  4.301    1  0.000  0.531     0.00     0.00     0.00     0.00     0.00 -1 -1.44e-13      0.00 8.528e-01 1.466e-01 1.014e-04 2.786e-05 2.544e-04 -1.000 5.995e-04 4.385 5.213 4.624 4.356 4.301 4.311 4.322
0.00087196 -1.25000 10.10037 0.7651736736 2.4059045370    0.764  0.207  3.7981  4.258    1  0.000  0.531     0.00     0.00     0.00     0.00     0.00 -1 -1.71e-13      0.00 8.550e-01 1.444e-01 1.005e-04 2.762e-05 2.523e-04 -1.000 5.699e-04 4.252 5.069 4.485 4.224 4.172 4.184 4.195
0.00087196 -1.25000 10.10037 0.7712584734 2.4082405370    0.770  0.258  3.7992  4.216    1  0.000  0.530     0.00     0.00     0.00     0.00     0.00 -1 -2.01e-13      0.00 8.553e-01 1.441e-01 1.005e-04 2.764e-05 2.525e-04 -1.000 5.836e-04 4.126 4.936 4.355 4.099 4.050 4.062 4.074
0.00087196 -1.25000 10.10037 0.7731031179 2.4089403620    0.772  0.274  3.7994  4.202    1  0.000  0.530     0.00     0.00     0.00     0.00     0.00 -1 -2.12e-13      0.00 8.553e-01 1.441e-01 1.006e-04 2.766e-05 2.527e-04 -1.000 5.877e-04 4.086 4.895 4.314 4.059 4.010 4.023 4.034
0.00087196 -1.25000 10.10037 0.7746842504 2.4095371658    0.774  0.289  3.7993  4.187    1  0.000  0.530     0.00     0.00     0.00     0.00     0.00 -1 -2.23e-13      0.00 8.552e-01 1.442e-01 1.006e-04 2.768e-05 2.529e-04 -1.000 5.908e-04 4.048 4.857 4.276 4.021 3.972 3.984 3.996
0.00087196 -1.25000 10.10037 0.7807789445 2.4118116434    0.780  0.350  3.7981  4.125    1  0.000  0.530     0.00     0.00     0.00     0.00     0.00 -1 -2.47e-14      0.00 8.551e-01 1.443e-01 1.009e-04 2.777e-05 2.538e-04 -1.000 6.090e-04 3.896 4.709 4.124 3.867 3.817 3.828 3.839
0.00087196 -1.25000 10.10037 0.7853599787 2.4134945394    0.784  0.401  3.7956  4.066    1  0.000  0.530     0.00     0.00     0.00     0.00     0.00 -1 -1.61e-16      0.00 8.550e-01 1.444e-01 1.012e-04 2.784e-05 2.545e-04 -1.000 6.309e-04 3.768 4.592 4.001 3.737 3.683 3.692 3.702
0.00087196 -1.25000 10.10037 0.7861365080 2.4137775716    0.785  0.410  3.7950  4.055    1  0.000  0.530     0.00     0.00     0.00     0.00     0.00 -1 -5.49e-17      0.00 8.550e-01 1.444e-01 1.012e-04 2.785e-05 2.546e-04 -1.000 6.353e-04 3.745 4.572 3.979 3.713 3.658 3.667 3.677
0.00087196 -1.25000 10.10037 0.7876052260 2.4143111407    0.786  0.429  3.7932  4.029    2  0.000  0.530     0.00     0.00     0.00     0.00     0.00 -1 -1.48e-16      0.00 8.546e-01 1.448e-01 1.016e-04 2.795e-05 2.555e-04 -1.000 6.273e-04 3.697 4.532 3.935 3.663 3.606 3.612 3.621
0.00087196 -1.25000 10.10037 0.7905129194 2.4153607516    0.789  0.472  3.7878  3.967    2  0.000  0.530     0.00     0.00     0.00     0.00     0.00 -1 -1.08e-15      0.00 8.536e-01 1.458e-01 1.024e-04 2.819e-05 2.576e-04 -1.000 6.290e-04 3.591 4.453 3.841 3.552 3.487 3.488 3.496
0.00087196 -1.25000 10.10037 0.7926431894 2.4161241122    0.791  0.507  3.7811  3.906    2  0.000  0.530     0.00     0.00     0.00     0.00     0.00 -1 -4.77e-15      0.00 8.485e-01 1.509e-01 1.060e-04 2.916e-05 2.665e-04 -1.000 5.729e-04 3.502 4.400 3.768 3.457 3.382 3.377 3.382
0.00087196 -1.25000 10.10037 0.7942727208 2.4167048606    0.793  0.538  3.7737  3.846    2  0.000  0.532     0.00     0.00     0.00     0.00     0.00 -1 -1.52e-14      0.00 8.256e-01 1.738e-01 1.199e-04 3.295e-05 3.007e-04 -1.000 6.345e-04 3.426 4.372 3.712 3.376 3.289 3.277 3.279
0.00087196 -1.25000 10.10037 0.7955959439 2.4171744316    0.794  0.564  3.7656  3.789    2  0.000  0.534     0.00     0.00     0.00     0.00     0.00 -1 -3.98e-14      0.00 8.025e-01 1.968e-01 1.324e-04 3.630e-05 3.307e-04 -1.000 7.674e-04 3.361 4.361 3.669 3.306 3.207 3.186 3.185
0.00087196 -1.25000 10.10037 0.7967550755 2.4175842981    0.795  0.592  3.7567  3.725    2  0.000  0.535     0.00     0.00     0.00     0.00     0.00 -1 -5.67e-14      0.00 7.860e-01 2.132e-01 1.406e-04 3.850e-05 3.504e-04 -1.000 8.028e-04 3.290 4.357 3.626 3.231 3.118 3.088 3.083
0.00087196 -1.25000 10.10037 0.7976626754 2.4179042676    0.796  0.624  3.7495  3.665    2  0.000  0.536     0.00     0.00     0.00     0.00     0.00 -1 -1.34e-13      0.00 7.770e-01 2.222e-01 1.451e-04 3.970e-05 3.611e-04 -1.000 8.086e-04 3.211 4.334 3.570 3.150 3.027 2.989 2.981
0.00087196 -1.25000 10.10037 0.7983701229 2.4181530942    0.797  0.658  3.7444  3.611    2  0.000  0.536     0.00     0.00     0.00     0.00     0.00 -1 -2.69e-13      0.00 7.720e-01 2.272e-01 1.476e-04 4.037e-05 3.671e-04 -1.000 8.152e-04 3.125 4.291 3.503 3.065 2.934 2.890 2.880
0.00087196 -1.25000 10.10037 0.7989637852 2.4183615088    0.797  0.694  3.7406  3.560    2  0.000  0.536     0.00     0.00     0.00     0.00     0.00 -1 -4.99e-13      0.00 7.687e-01 2.304e-01 1.492e-04 4.079e-05 3.709e-04 -1.000 8.706e-04 3.035 4.230 3.425 2.975 2.838 2.791 2.779
0.00087196 -1.25000 10.10037 0.7990674973 2.4183978820    0.797  0.700  3.7400  3.551    2  0.000  0.536     0.00     0.00     0.00     0.00     0.00 -1 -5.56e-13      0.00 7.682e-01 2.309e-01 1.495e-04 4.086e-05 3.715e-04 -1.000 8.799e-04 3.019 4.219 3.411 2.960 2.821 2.773 2.761
0.00087196 -1.25000 10.10037 0.7991792560 2.4184370652    0.797  0.708  3.7394  3.541    3  0.000  0.537     0.00     0.00     0.00     0.00     0.00 -1  -6.3e-13      0.00 7.677e-01 2.315e-01 1.497e-04 4.093e-05 3.720e-04 -1.000 8.842e-04 2.999 4.204 3.394 2.940 2.801 2.752 2.740
0.00087196 -1.25000 10.10037 0.7997676134 2.4186431385    0.798  0.753  3.7366  3.486    3  0.000  0.537     0.00     0.00     0.00     0.00     0.00 -1 -1.18e-12      0.00 7.650e-01 2.341e-01 1.508e-04 4.123e-05 3.747e-04 -1.000 8.995e-04 2.887 4.117 3.293 2.830 2.687 2.635 2.621
0.00087196 -1.25000 10.10037 0.8000000119 2.4187244405    0.798  0.772  3.7357  3.462    3  0.000  0.537     0.00     0.00     0.00     0.00     0.00 -1 -1.53e-12      0.00 7.640e-01 2.351e-01 1.512e-04 4.132e-05 3.756e-04 -1.000 8.588e-04 2.839 4.077 3.248 2.782 2.637 2.584 2.570
0.00087196 -1.25000 10.10037 0.8002641201 2.4188167698    0.798  0.794  3.7346  3.436    3  0.000  0.537     0.00     0.00     0.00     0.00     0.00 -1 -1.66e-12      0.00 7.629e-01 2.363e-01 1.516e-04 4.143e-05 3.766e-04 -1.000 8.128e-04 2.784 4.032 3.196 2.728 2.581 2.527 2.512
0.00087196 -1.25000 10.10037 0.8008155227 2.4190093084    0.799  0.845  3.7326  3.378    3  0.000  0.537     0.00     0.00     0.00     0.00     0.00 -1 -1.99e-12      0.00 7.607e-01 2.384e-01 1.523e-04 4.163e-05 3.783e-04 -1.000 8.901e-04 2.659 3.923 3.078 2.604 2.454 2.398 2.382
0.00087196 -1.25000 10.10037 0.8013252020 2.4191870071    0.799  0.895  3.7308  3.321    3  0.000  0.537     0.00     0.00     0.00     0.00     0.00 -1 -2.38e-12      0.00 7.588e-01 2.404e-01 1.528e-04 4.178e-05 3.796e-04 -1.000 8.212e-04 2.533 3.814 2.960 2.480 2.327 2.269 2.252
0.00087196 -1.25000 10.10037 0.8018364906 2.4193650059    0.800  0.949  3.7290  3.260    3  0.000  0.537     0.00     0.00     0.00     0.00     0.00 -1  -2.9e-12      0.00 7.566e-01 2.425e-01 1.533e-04 4.193e-05 3.809e-04 -1.000 8.986e-04 2.397 3.693 2.830 2.345 2.190 2.129 2.111
0.00087196 -1.25000 10.10037 0.8022893667 2.4195224512    0.800  1.002  3.7274  3.201    3  0.000  0.536     0.00     0.00     0.00     0.00     0.00 -1  -3.5e-12      0.00 7.548e-01 2.443e-01 1.535e-04 4.207e-05 3.817e-04 -1.000 8.205e-04 2.265 3.575 2.705 2.214 2.057 1.994 1.976
0.00087196 -1.25000 10.10037 0.8026735783 2.4196558647    0.801  1.051  3.7259  3.146    3  0.000  0.535     0.00     0.00     0.00     0.00     0.00 -1 -4.17e-12      0.00 7.531e-01 2.460e-01 1.534e-04 4.225e-05 3.824e-04 -1.000 8.875e-04 2.143 3.467 2.589 2.094 1.934 1.870 1.850
0.00087196 -1.25000 10.10037 0.8029742837 2.4197601791    0.801  1.092  3.7247  3.100    3  0.000  0.533     0.00     0.00     0.00     0.00     0.00 -1 -4.84e-12      0.00 7.520e-01 2.472e-01 1.531e-04 4.246e-05 3.829e-04 -1.000 8.153e-04 2.040 3.375 2.491 1.992 1.830 1.765 1.744
0.00087196 -1.25000 10.10037 0.8033072352 2.4198755749    0.801  1.141  3.7232  3.045    3  0.000  0.531     0.00     0.00     0.00     0.00     0.00 -1 -5.78e-12      0.00 7.507e-01 2.484e-01 1.527e-04 4.283e-05 3.833e-04 -1.000 8.952e-04 1.916 3.265 2.373 1.870 1.706 1.638 1.617
0.00087196 -1.25000 10.10037 0.8036255836 2.4199858066    0.801  1.193  3.7215  2.986    3  0.000  0.529     0.00     0.00     0.00     0.00     0.00 -1 -6.96e-12      0.00 7.495e-01 2.496e-01 1.520e-04 4.344e-05 3.838e-04 -1.000 8.861e-04 1.787 3.150 2.250 1.741 1.575 1.505 1.484
0.00087196 -1.25000 10.10037 0.8039138913 2.4200855498    0.801  1.245  3.7198  2.928    3  0.000  0.526     0.00     0.00     0.00     0.00     0.00 -1 -8.39e-12      0.00 7.486e-01 2.505e-01 1.514e-04 4.409e-05 3.840e-04 -1.000 8.942e-04 1.657 3.038 2.128 1.613 1.444 1.372 1.350
0.00087196 -1.25000 10.10037 0.8041656017 2.4201725645    0.801  1.295  3.7181  2.872    3  0.000  0.524     0.00     0.00     0.00     0.00     0.00 -1    -1e-11      0.00 7.478e-01 2.513e-01 1.508e-04 4.477e-05 3.842e-04 -1.000 8.250e-04 1.533 2.932 2.011 1.491 1.319 1.245 1.222
0.00087196 -1.25000 10.10037 0.8043931127 2.4202511597    0.802  1.344  3.7164  2.816    3  0.000  0.521     0.00     0.00     0.00     0.00     0.00 -1  -1.2e-11      0.00 7.473e-01 2.518e-01 1.502e-04 4.533e-05 3.843e-04 -1.000 8.972e-04 1.411 2.829 1.897 1.371 1.196 1.120 1.095
0.00087196 -1.25000 10.10037 0.8045977950 2.4203218249    0.802  1.392  3.7146  2.761    3  0.000  0.520     0.00     0.00     0.00     0.00     0.00 -1 -1.43e-11      0.00 7.469e-01 2.522e-01 1.498e-04 4.577e-05 3.844e-04 -1.000 8.270e-04 1.291 2.727 1.785 1.253 1.075 0.996 0.971
0.00087196 -1.25000 10.10037 0.8047878146 2.4203873910    0.802  1.441  3.7128  2.704    3  0.000  0.519     0.00     0.00     0.00     0.00     0.00 -1  -1.7e-11      0.00 7.467e-01 2.525e-01 1.496e-04 4.606e-05 3.845e-04 -1.000 8.289e-04 1.168 2.624 1.671 1.132 0.951 0.870 0.844
0.00087196 -1.25000 10.10037 0.8049560189 2.4204453999    0.802  1.488  3.7108  2.649    3  0.000  0.519     0.00     0.00     0.00     0.00     0.00 -1 -2.03e-11      0.00 7.466e-01 2.526e-01 1.495e-04 4.620e-05 3.845e-04 -1.000 8.291e-04 1.049 2.525 1.561 1.015 0.831 0.748 0.720
0.00087196 -1.25000 10.10037 0.8051128983 2.4204994782    0.802  1.537  3.7089  2.592    3  0.000  0.519     0.00     0.00     0.00     0.00     0.00 -1 -2.42e-11      0.00 7.466e-01 2.526e-01 1.495e-04 4.623e-05 3.846e-04 -1.000 8.295e-04 0.927 2.425 1.449 0.895 0.708 0.622 0.593
0.00087196 -1.25000 10.10037 0.8052515388 2.4205472490    0.802  1.584  3.7069  2.537    3  0.000  0.519     0.00     0.00     0.00     0.00     0.00 -1 -2.87e-11      0.00 7.466e-01 2.526e-01 1.495e-04 4.625e-05 3.846e-04 -1.000 8.296e-04 0.809 2.329 1.341 0.780 0.589 0.501 0.471
0.00087196 -1.25000 10.10037 0.8053751588 2.4205898284    0.801  1.630  3.7049  2.483    3  0.000  0.519     0.00     0.00     0.00     0.00     0.00 -1  -3.4e-11      0.00 7.466e-01 2.526e-01 1.494e-04 4.626e-05 3.846e-04 -1.000 8.298e-04 0.694 2.239 1.236 0.668 0.474 0.383 0.352
0.00087196 -1.25000 10.10037 0.8054897785 2.4206292943    0.801  1.676  3.7029  2.429    3  0.000  0.518     0.00     0.00     0.00     0.00     0.00 -1 -4.03e-11      0.00 7.465e-01 2.526e-01 1.494e-04 4.628e-05 3.846e-04 -1.000 8.301e-04 0.579 2.149 1.131 0.555 0.357 0.264 0.232
0.00087196 -1.25000 10.10037 0.8055914640 2.4206642959    0.801  1.721  3.7008  2.376    3  0.000  0.518     0.00     0.00     0.00     0.00     0.00 -1 -4.74e-11      0.00 7.465e-01 2.526e-01 1.494e-04 4.629e-05 3.846e-04 -1.000 8.301e-04 0.468 2.066 1.030 0.445 0.244 0.148 0.115
0.00087196 -1.25000 10.10037 0.8056874275 2.4206973185    0.801  1.767  3.6987  2.322    3  0.000  0.518     0.00     0.00     0.00     0.00     0.00 -1  -5.6e-11      0.00 7.465e-01 2.526e-01 1.494e-04 4.631e-05 3.846e-04 -1.000 8.303e-04 0.354 1.981 0.928 0.334 0.129 0.031 -0.004
0.00087196 -1.25000 10.10037 0.8057738543 2.4207270517    0.801  1.811  3.6966  2.269    3  0.000  0.518     0.00     0.00     0.00     0.00     0.00 -1 -6.59e-11      0.00 7.465e-01 2.526e-01 1.494e-04 4.632e-05 3.846e-04 -1.000 8.305e-04 0.243 1.901 0.830 0.226 0.017 -0.084 -0.119
0.00087196 -1.25000 10.10037 0.8058545589 2.4207548097    0.801  1.855  3.6944  2.216    3  0.000  0.518     0.00     0.00     0.00     0.00     0.00 -1 -7.76e-11      0.00 7.465e-01 2.527e-01 1.494e-04 4.633e-05 3.846e-04 -1.000 8.306e-04 0.133 1.822 0.732 0.119 -0.094 -0.197 -0.234
0.00087196 -1.25000 10.10037 0.8059319854 2.4207814342    0.800  1.899  3.6923  2.164    3  0.000  0.518     0.00     0.00     0.00     0.00     0.00 -1 -9.13e-11      0.00 7.465e-01 2.527e-01 1.494e-04 4.634e-05 3.846e-04 -1.000 8.307e-04 0.023 1.743 0.635 0.012 -0.205 -0.311 -0.349
0.00087196 -1.25000 10.10037 0.8060113192 2.4208087084    0.800  1.941  3.6901  2.113    3  0.000  0.518     0.00     0.00     0.00     0.00     0.00 -1 -1.07e-10      0.00 7.465e-01 2.527e-01 1.494e-04 4.635e-05 3.846e-04 -1.000 8.308e-04 -0.082 1.669 0.542 -0.090 -0.311 -0.420 -0.459
0.00087196 -1.25000 10.10037 0.8060834408 2.4208334978    0.800  1.965  3.6891  2.085    3  0.000  0.518     0.00     0.00     0.00     0.00     0.00 -1 -1.17e-10      0.00 7.465e-01 2.527e-01 1.494e-04 4.636e-05 3.846e-04 -1.000 8.310e-04 -0.142 1.626 0.490 -0.148 -0.370 -0.480 -0.520
0.00087196 -1.25000 10.10037 0.8061311841 2.4208499051    0.799  1.950  3.6902  2.103    3  0.000  0.518     0.00     0.00     0.00     0.00     0.00 -1 -1.11e-10      0.00 7.465e-01 2.527e-01 1.494e-04 4.637e-05 3.846e-04 -1.000 8.311e-04 -0.105 1.647 0.520 -0.113 -0.333 -0.442 -0.482
0.00087196 -1.25000 10.10037 0.8061479330 2.4208556605    0.799  1.944  3.6906  2.110    3  0.000  0.518     0.00     0.00     0.00     0.00     0.00 -1 -1.09e-10      0.00 7.465e-01 2.527e-01 1.494e-04 4.637e-05 3.846e-04 -1.000 8.311e-04 -0.091 1.655 0.531 -0.100 -0.319 -0.428 -0.467
0.00087196 -1.25000 10.10037 0.8062012196 2.4208739693    0.799  1.985  3.6885  2.061    3  0.000  0.518     0.00     0.00     0.00     0.00     0.00 -1 -1.26e-10      0.00 7.465e-01 2.527e-01 1.494e-04 4.638e-05 3.846e-04 -1.000 8.312e-04 -0.193 1.585 0.443 -0.198 -0.421 -0.532 -0.573
0.00087196 -1.25000 10.10037 0.8062517047 2.4208913130    0.799  2.026  3.6862  2.011    3  0.000  0.518     0.00     0.00     0.00     0.00     0.00 -1 -1.46e-10      0.00 7.465e-01 2.527e-01 1.494e-04 4.638e-05 3.846e-04 -1.000 8.313e-04 -0.295 1.518 0.355 -0.295 -0.522 -0.637 -0.679
0.00087196 -1.25000 10.10037 0.8063008189 2.4209081834    0.798  2.068  3.6839  1.960    3  0.000  0.518     0.00     0.00     0.00     0.00     0.00 -1 -1.71e-10      0.00 7.465e-01 2.527e-01 1.494e-04 4.639e-05 3.846e-04 -1.000 8.313e-04 -0.400 1.459 0.266 -0.398 -0.629 -0.746 -0.789
0.00087196 -1.25000 10.10037 0.8063465357 2.4209238846    0.798  2.110  3.6816  1.909    3  0.000  0.518     0.00     0.00     0.00     0.00     0.00 -1 -1.99e-10      0.00 7.465e-01 2.527e-01 1.493e-04 4.640e-05 3.846e-04 -1.000 8.315e-04 -0.504 1.407 0.178 -0.501 -0.735 -0.855 -0.900
0.00087196 -1.25000 10.10037 0.8063872457 2.4209378645    0.797  2.150  3.6793  1.859    3  0.000  0.518     0.00     0.00     0.00     0.00     0.00 -1 -2.32e-10      0.00 7.465e-01 2.527e-01 1.493e-04 4.640e-05 3.846e-04 -1.000 8.315e-04 -0.605 1.360 0.095 -0.600 -0.838 -0.961 -1.007
0.00087196 -1.25000 10.10037 0.8064251542 2.4209508810    0.797  2.190  3.6769  1.809    3  0.000  0.518     0.00     0.00     0.00     0.00     0.00 -1 -2.69e-10      0.00 7.465e-01 2.527e-01 1.493e-04 4.641e-05 3.846e-04 -1.000 8.315e-04 -0.706 1.316 0.013 -0.698 -0.940 -1.066 -1.113
0.00087196 -1.25000 10.10037 0.8064602017 2.4209629139    0.796  2.230  3.6745  1.759    3  0.000  0.518     0.00     0.00     0.00     0.00     0.00 -1 -3.13e-10      0.00 7.465e-01 2.527e-01 1.493e-04 4.641e-05 3.846e-04 -1.000 8.316e-04 -0.806 1.276 -0.067 -0.795 -1.041 -1.170 -1.219
0.00087196 -1.25000 10.10037 0.8064927459 2.4209740861    0.796  2.270  3.6721  1.709    3  0.000  0.518     0.00     0.00     0.00     0.00     0.00 -1 -3.64e-10      0.00 7.465e-01 2.527e-01 1.493e-04 4.642e-05 3.846e-04 -1.000 8.317e-04 -0.906 1.237 -0.146 -0.893 -1.143 -1.274 -1.325
0.00087196 -1.25000 10.10037 0.8065218925 2.4209840912    0.795  2.309  3.6697  1.660    3  0.000  0.518     0.00     0.00     0.00     0.00     0.00 -1 -4.21e-10      0.00 7.465e-01 2.527e-01 1.493e-04 4.642e-05 3.846e-04 -1.000 8.317e-04 -1.002 1.205 -0.221 -0.986 -1.240 -1.375 -1.428
0.00087196 -1.25000 10.10037 0.8065491319 2.4209934408    0.795  2.348  3.6673  1.611    3  0.000  0.518     0.00     0.00     0.00     0.00     0.00 -1 -4.87e-10      0.00 7.465e-01 2.527e-01 1.493e-04 4.643e-05 3.846e-04 -1.000 8.318e-04 -1.100 1.176 -0.294 -1.079 -1.338 -1.476 -1.530
0.00087196 -1.25000 10.10037 0.8065800667 2.4210040579    0.794  2.396  3.6642  1.551    3  0.000  0.518     0.00     0.00     0.00     0.00     0.00 -1 -5.81e-10      0.00 7.465e-01 2.527e-01 1.493e-04 4.643e-05 3.846e-04 -1.000 8.318e-04 -1.219 1.147 -0.382 -1.193 -1.457 -1.599 -1.656
0.00087196 -1.25000 10.10037 0.8066078424 2.4210135900    0.793  2.442  3.6612  1.492    3  0.000  0.518     0.00     0.00     0.00     0.00     0.00 -1 -6.94e-10      0.00 7.465e-01 2.527e-01 1.493e-04 4.643e-05 3.846e-04 -1.000 8.318e-04 -1.335 1.123 -0.466 -1.303 -1.573 -1.719 -1.778
0.00087196 -1.25000 10.10037 0.8066336513 2.4210224464    0.792  2.489  3.6581  1.432    3  0.000  0.518     0.00     0.00     0.00     0.00     0.00 -1 -8.29e-10      0.00 7.465e-01 2.527e-01 1.493e-04 4.644e-05 3.846e-04 -1.000 8.319e-04 -1.453 1.112 -0.547 -1.413 -1.690 -1.840 -1.902
0.00087196 -1.25000 10.10037 0.8066567183 2.4210303614    0.791  2.535  3.6550  1.373    3  0.000  0.518     8.73     6.69     4.71     3.65     2.96  3 -9.85e-10      0.00 7.465e-01 2.527e-01 1.493e-04 4.644e-05 3.846e-04 -1.000 8.319e-04 -1.566 1.089 -0.624 -1.515 -1.799 -1.955 -2.019
0.00087196 -1.25000 10.10037 0.8066778183 2.4210376010    0.789  2.580  3.6518  1.315    3  0.000  0.518     9.87     7.43     5.21     4.04     3.27  3 -1.17e-09      0.00 7.465e-01 2.527e-01 1.493e-04 4.644e-05 3.846e-04 -1.000 8.320e-04 -1.679 1.068 -0.699 -1.615 -1.908 -2.068 -2.135
0.00087196 -1.25000 10.10037 0.8066980839 2.4210445539    0.788  2.626  3.6487  1.255    3  0.000  0.518    11.20     8.28     5.77     4.49     3.63  3  -1.4e-09      0.00 7.465e-01 2.527e-01 1.493e-04 4.645e-05 3.846e-04 -1.000 8.320e-04 -1.795 1.044 -0.778 -1.719 -2.019 -2.185 -2.254
0.00087196 -1.25000 10.10037 0.8067156672 2.4210505863    0.787  2.670  3.6456  1.198    3  0.000  0.518    12.63     9.17     6.36     4.96     4.01  3 -1.65e-09      0.00 7.464e-01 2.527e-01 1.493e-04 4.645e-05 3.846e-04 -1.000 8.320e-04 -1.904 1.029 -0.848 -1.813 -2.122 -2.294 -2.366
0.00087196 -1.25000 10.10037 0.8067321777 2.4210562503    0.785  2.714  3.6424  1.141    3  0.000  0.518    14.26    10.17     7.03     5.48     4.44  2 -1.95e-09      0.00 7.464e-01 2.527e-01 1.493e-04 4.645e-05 3.846e-04 -1.000 8.321e-04 -2.015 1.014 -0.918 -1.909 -2.227 -2.404 -2.478
0.00087196 -1.25000 10.10037 0.8067477942 2.4210616073    0.783  2.759  3.6393  1.082    3  0.000  0.518    16.14    11.30     7.77     6.07     4.92  2 -2.32e-09      0.00 7.464e-01 2.527e-01 1.493e-04 4.645e-05 3.846e-04 -1.000 8.321e-04 -2.127 0.998 -0.991 -2.007 -2.334 -2.516 -2.593
0.00087196 -1.25000 10.10037 0.8067613244 2.4210662485    0.781  2.801  3.6361  1.027    3  0.000  0.518    18.14    12.49     8.54     6.69     5.42  2 -2.73e-09      0.00 7.464e-01 2.527e-01 1.493e-04 4.645e-05 3.846e-04 -1.000 8.321e-04 -2.231 0.991 -1.052 -2.095 -2.430 -2.619 -2.698
0.00087196 -1.25000 10.10037 0.8067743778 2.4210707260    0.779  2.844  3.6329  0.970    3  0.000  0.518    20.46    13.84     9.42     7.39     5.99  2 -3.22e-09      0.00 7.464e-01 2.527e-01 1.493e-04 4.646e-05 3.846e-04 -1.000 8.321e-04 -2.340 0.988 -1.114 -2.185 -2.531 -2.725 -2.808
0.00087196 -1.25000 10.10037 0.8067866564 2.4210749375    0.777  2.888  3.6298  0.912    3  0.000  0.518    23.10    15.34    10.40     8.17     6.62  2 -3.81e-09      0.00 7.464e-01 2.527e-01 1.493e-04 4.646e-05 3.846e-04 -1.000 8.322e-04 -2.449 0.987 -1.173 -2.276 -2.632 -2.833 -2.918
0.00087196 -1.25000 10.10037 0.8067972660 2.4210785765    0.775  2.928  3.6266  0.858    3  0.000  0.518    25.90    16.91    11.41     8.98     7.28  2 -4.46e-09      0.00 7.464e-01 2.527e-01 1.493e-04 4.646e-05 3.846e-04 -1.000 8.322e-04 -2.549 0.993 -1.222 -2.356 -2.724 -2.931 -3.019
0.00087196 -1.25000 10.10037 0.8068074584 2.4210820722    0.772  2.969  3.6234  0.802    3  0.000  0.518    29.13    18.69    12.55     9.89     8.02  1 -5.24e-09      0.00 7.464e-01 2.527e-01 1.493e-04 4.646e-05 3.846e-04 -1.000 8.322e-04 -2.653 0.998 -1.273 -2.439 -2.818 -3.032 -3.123
0.00087196 -1.25000 10.10037 0.8068172932 2.4210854452    0.769  3.012  3.6202  0.745    3  0.000  0.518    32.85    20.70    13.84    10.92     8.86  1 -6.18e-09      0.00 7.464e-01 2.527e-01 1.493e-04 4.646e-05 3.846e-04 -1.000 8.322e-04 -2.760 0.999 -1.327 -2.526 -2.916 -3.137 -3.230
0.00087196 -1.25000 10.10037 0.8068259358 2.4210884093    0.766  3.052  3.6170  0.691    3  0.000  0.518    36.83    22.81    15.18    12.00     9.74  1 -7.23e-09      0.00 7.464e-01 2.527e-01 1.493e-04 4.646e-05 3.846e-04 -1.000 8.323e-04 -2.859 1.006 -1.372 -2.603 -3.005 -3.233 -3.329
0.00087196 -1.25000 10.10037 0.8068345189 2.4210913529    0.762  3.094  3.6139  0.634    3  0.000  0.518    41.49    25.24    16.72    13.23    10.74  1 -8.51e-09      0.00 7.464e-01 2.527e-01 1.493e-04 4.646e-05 3.846e-04 -1.000 8.323e-04 -2.964 1.008 -1.420 -2.685 -3.099 -3.334 -3.432
0.00087196 -1.25000 10.10037 0.8068424463 2.4210940715    0.758  3.135  3.6107  0.578    3  0.000  0.518    46.68    27.89    18.39    14.58    11.84  1    -1e-08      0.00 7.464e-01 2.527e-01 1.493e-04 4.647e-05 3.846e-04 -1.000 8.322e-04 -3.067 1.010 -1.467 -2.765 -3.191 -3.433 -3.534
0.00087196 -1.25000 10.10037 0.8068497181 2.4210965652    0.754  3.175  3.6076  0.523    3  0.000  0.518    52.43    30.78    20.20    16.04    13.03  1 -1.17e-08      0.00 7.464e-01 2.527e-01 1.493e-04 4.647e-05 3.846e-04 -1.000 8.322e-04 -3.167 1.010 -1.508 -2.840 -3.279 -3.529 -3.633
0.00087196 -1.25000 10.10037 0.8068566918 2.4210989567    0.749  3.216  3.6044  0.466    3  0.000  0.518    59.03    34.02    22.22    17.68    14.36  1 -1.38e-08      0.00 7.464e-01 2.527e-01 1.493e-04 4.647e-05 3.846e-04 -1.000 8.323e-04 -3.269 1.008 -1.543 -2.914 -3.368 -3.626 -3.733
0.00087196 -1.25000 10.10037 0.8068631887 2.4211011847    0.744  3.256  3.6013  0.410    3  0.000  0.518    66.41    37.57    24.43    19.47    15.82  1 -1.62e-08      0.00 7.464e-01 2.527e-01 1.493e-04 4.647e-05 3.847e-04 -1.000 8.323e-04 -3.370 1.003 -1.575 -2.986 -3.456 -3.722 -3.832
0.00087196 -1.25000 10.10037 0.8068693280 2.4211032899    0.738  3.295  3.5982  0.356    3  0.000  0.518    74.49    41.39    26.79    21.39    17.38  1  -1.9e-08      0.00 7.464e-01 2.527e-01 1.493e-04 4.647e-05 3.847e-04 -1.000 8.323e-04 -3.468 0.998 -1.604 -3.055 -3.541 -3.815 -3.928
0.00087196 -1.25000 10.10037 0.8068740368 2.4211049046    0.733  3.323  3.5961  0.316    3  0.000  0.518    80.96    44.39    28.64    22.90    18.60  1 -2.13e-08      0.00 7.464e-01 2.527e-01 1.493e-04 4.647e-05 3.847e-04 -1.000 8.323e-04 -3.538 0.993 -1.623 -3.104 -3.602 -3.881 -3.997
0.00087196 -1.25000 10.10037 0.8068740368 2.4211049046    0.733  1.722  3.7516  2.540    4  0.000  0.519     0.00     0.00     0.00     0.00     0.00 -1    -1e-30      0.00 7.408e-01 2.583e-01 1.524e-04 4.719e-05 3.917e-04 -1.000 9.012e-04 0.466 1.540 0.795 0.406 0.291 0.253 0.244
0.00087196 -1.25000 10.10037 0.8069207668 2.4211209276    0.733  1.738  3.7502  2.518    4  0.000  0.519     0.00     0.00     0.00     0.00     0.00 -1    -1e-30      0.00 7.408e-01 2.583e-01 1.524e-04 4.719e-05 3.917e-04 -1.000 9.012e-04 0.425 1.510 0.760 0.365 0.248 0.209 0.200
0.00087196 -1.25000 10.10037 0.8069685102 2.4211372958    0.733  1.741  3.7501  2.515    4  0.000  0.519     0.00     0.00     0.00     0.00     0.00 -1    -1e-30      0.00 7.408e-01 2.583e-01 1.524e-04 4.719e-05 3.917e-04 -1.000 9.012e-04 0.418 1.503 0.753 0.358 0.241 0.201 0.192
0.00087196 -1.25000 10.10037 0.8070170283 2.4211539274    0.733  1.742  3.7503  2.514    4  0.000  0.519     0.00     0.00     0.00     0.00     0.00 -1    -1e-30      0.00 7.408e-01 2.583e-01 1.524e-04 4.719e-05 3.917e-04 -1.000 9.012e-04 0.415 1.499 0.749 0.355 0.238 0.199 0.190
0.00087196 -1.25000 10.10037 0.8070672154 2.4211711287    0.733  1.742  3.7508  2.516    4  0.000  0.519     0.00     0.00     0.00     0.00     0.00 -1    -1e-30      0.00 7.408e-01 2.583e-01 1.524e-04 4.719e-05 3.917e-04 -1.000 9.012e-04 0.414 1.494 0.746 0.354 0.238 0.199 0.190
0.00087196 -1.25000 10.10037 0.8071160913 2.4211878782    0.733  1.742  3.7515  2.519    4  0.000  0.519     0.00     0.00     0.00     0.00     0.00 -1    -1e-30      0.00 7.408e-01 2.583e-01 1.524e-04 4.719e-05 3.917e-04 -1.000 9.011e-04 0.415 1.489 0.744 0.354 0.239 0.201 0.193
0.00087196 -1.25000 10.10037 0.8071653247 2.4212047478    0.733  1.741  3.7524  2.523    4  0.000  0.519     0.00     0.00     0.00     0.00     0.00 -1    -1e-30      0.00 7.408e-01 2.583e-01 1.524e-04 4.719e-05 3.917e-04 -1.000 9.012e-04 0.417 1.484 0.742 0.356 0.243 0.205 0.197
0.00087196 -1.25000 10.10037 0.8072156310 2.4212219827    0.733  1.740  3.7535  2.529    4  0.000  0.519     0.00     0.00     0.00     0.00     0.00 -1    -1e-30      0.00 7.408e-01 2.583e-01 1.524e-04 4.719e-05 3.917e-04 -1.000 9.011e-04 0.420 1.479 0.741 0.359 0.247 0.211 0.204
0.00087196 -1.25000 10.10037 0.8072652817 2.4212389905    0.733  1.739  3.7546  2.535    4  0.000  0.519     0.00     0.00     0.00     0.00     0.00 -1    -1e-30      0.00 7.408e-01 2.583e-01 1.524e-04 4.719e-05 3.917e-04 -1.000 9.012e-04 0.423 1.473 0.740 0.362 0.252 0.218 0.210
0.00087196 -1.25000 10.10037 0.8073157072 2.4212562612    0.733  1.737  3.7558  2.541    4  0.000  0.519     0.00     0.00     0.00     0.00     0.00 -1    -1e-30      0.00 7.408e-01 2.583e-01 1.524e-04 4.719e-05 3.917e-04 -1.000 9.012e-04 0.427 1.467 0.738 0.365 0.257 0.224 0.217
0.00087196 -1.25000 10.10037 0.8073633909 2.4212725907    0.733  1.736  3.7568  2.546    4  0.000  0.519     0.00     0.00     0.00     0.00     0.00 -1    -1e-30      0.00 7.408e-01 2.583e-01 1.524e-04 4.719e-05 3.917e-04 -1.000 9.012e-04 0.430 1.462 0.737 0.368 0.262 0.230 0.223
0.00087196 -1.25000 10.10037 0.8074142933 2.4212900199    0.733  1.735  3.7579  2.552    4  0.000  0.519     0.00     0.00     0.00     0.00     0.00 -1    -1e-30      0.00 7.408e-01 2.583e-01 1.524e-04 4.719e-05 3.917e-04 -1.000 9.012e-04 0.433 1.456 0.736 0.370 0.266 0.235 0.229
0.00087196 -1.25000 10.10037 0.8074642420 2.4213071200    0.733  1.734  3.7589  2.557    4  0.000  0.519     0.00     0.00     0.00     0.00     0.00 -1    -1e-30      0.00 7.408e-01 2.583e-01 1.524e-04 4.719e-05 3.917e-04 -1.000 9.012e-04 0.435 1.451 0.734 0.373 0.271 0.240 0.235
0.00087196 -1.25000 10.10037 0.8075109720 2.4213231161    0.733  1.733  3.7596  2.561    4  0.000  0.519     0.00     0.00     0.00     0.00     0.00 -1    -1e-30      0.00 7.408e-01 2.583e-01 1.524e-04 4.719e-05 3.917e-04 -1.000 9.011e-04 0.437 1.446 0.733 0.374 0.274 0.244 0.239
0.00087196 -1.25000 10.10037 0.8075603247 2.4213400076    0.733  1.733  3.7603  2.564    4  0.000  0.519     0.00     0.00     0.00     0.00     0.00 -1    -1e-30      0.00 7.408e-01 2.583e-01 1.524e-04 4.719e-05 3.917e-04 -1.000 9.011e-04 0.439 1.443 0.732 0.376 0.276 0.247 0.243
0.00087196 -1.25000 10.10037 0.8075718284 2.4213439446    0.733  1.732  3.7605  2.565    4  0.000  0.519     0.00     0.00     0.00     0.00     0.00 -1    -1e-30      0.00 7.408e-01 2.583e-01 1.524e-04 4.719e-05 3.917e-04 -1.000 9.011e-04 0.439 1.442 0.731 0.376 0.277 0.248 0.243
0.00087196 -1.25000 10.10037 0.8075776696 2.4213459436    0.733  1.732  3.7605  2.565    4  0.000  0.519     0.00     0.00     0.00     0.00     0.00 -1    -1e-30      0.00 7.408e-01 2.583e-01 1.524e-04 4.719e-05 3.917e-04 -1.000 9.012e-04 0.439 1.441 0.731 0.376 0.277 0.248 0.243
0.00087196 -1.25000 10.10037 0.8076286316 2.4213633825    0.734  1.732  3.7609  2.567    4  0.000  0.519     0.00     0.00     0.00     0.00     0.00 -1    -1e-30      0.00 7.408e-01 2.583e-01 1.524e-04 4.719e-05 3.917e-04 -1.000 9.012e-04 0.439 1.439 0.730 0.376 0.277 0.249 0.245
0.00087196 -1.25000 10.10037 0.8076816201 2.4213815123    0.734  1.733  3.7611  2.567    4  0.000  0.519     0.00     0.00     0.00     0.00     0.00 -1    -1e-30      0.00 7.408e-01 2.583e-01 1.524e-04 4.719e-05 3.917e-04 -1.000 9.012e-04 0.438 1.437 0.729 0.375 0.277 0.249 0.245
0.00087196 -1.25000 10.10037 0.8077316284 2.4213986199    0.734  1.733  3.7611  2.566    4  0.000  0.519     0.00     0.00     0.00     0.00     0.00 -1    -1e-30      0.00 7.408e-01 2.583e-01 1.524e-04 4.719e-05 3.917e-04 -1.000 9.011e-04 0.437 1.435 0.727 0.374 0.275 0.247 0.243
0.00087196 -1.25000 10.10037 0.8077818751 2.4214158065    0.734  1.734  3.7608  2.564    4  0.000  0.519     0.00     0.00     0.00     0.00     0.00 -1    -1e-30      0.00 7.408e-01 2.583e-01 1.524e-04 4.719e-05 3.917e-04 -1.000 9.011e-04 0.434 1.435 0.725 0.371 0.272 0.244 0.239
0.00087196 -1.25000 10.10037 0.8078320622 2.4214329704    0.734  1.736  3.7602  2.561    4  0.000  0.519     0.00     0.00     0.00     0.00     0.00 -1    -1e-30      0.00 7.408e-01 2.583e-01 1.524e-04 4.719e-05 3.917e-04 -1.000 9.012e-04 0.430 1.435 0.723 0.367 0.267 0.238 0.234
0.00087196 -1.25000 10.10037 0.8078814149 2.4214498464    0.734  1.738  3.7595  2.555    4  0.000  0.519     0.00     0.00     0.00     0.00     0.00 -1    -1e-30      0.00 7.408e-01 2.583e-01 1.524e-04 4.719e-05 3.917e-04 -1.000 9.012e-04 0.425 1.435 0.721 0.362 0.261 0.231 0.226
0.00087196 -1.25000 10.10037 0.8079315424 2.4214669850    0.734  1.740  3.7586  2.550    4  0.000  0.519     0.00     0.00     0.00     0.00     0.00 -1    -1e-30      0.00 7.408e-01 2.583e-01 1.524e-04 4.719e-05 3.917e-04 -1.000 9.012e-04 0.419 1.436 0.719 0.356 0.254 0.223 0.218
0.00087196 -1.25000 10.10037 0.8079407811 2.4214701435    0.734  1.741  3.7585  2.549    4  0.000  0.519     0.00     0.00     0.00     0.00     0.00 -1    -1e-30      0.00 7.408e-01 2.583e-01 1.524e-04 4.719e-05 3.917e-04 -1.000 9.011e-04 0.418 1.436 0.718 0.355 0.252 0.222 0.216
0.00087196 -1.25000 10.10037 0.8079496026 2.4214731592    0.734  1.741  3.7582  2.547    4  0.000  0.519     0.00     0.00     0.00     0.00     0.00 -1    -1e-30      0.00 7.408e-01 2.583e-01 1.524e-04 4.719e-05 3.917e-04 -1.000 9.012e-04 0.416 1.437 0.718 0.354 0.251 0.220 0.214
0.00087196 -1.25000 10.10037 0.8079940677 2.4214883590    0.734  1.745  3.7570  2.539    4  0.000  0.519     0.00     0.00     0.00     0.00     0.00 -1    -1e-30      0.00 7.408e-01 2.583e-01 1.524e-04 4.719e-05 3.917e-04 -1.000 9.012e-04 0.408 1.438 0.715 0.346 0.241 0.209 0.203
0.00087196 -1.25000 10.10037 0.8080376983 2.4215032717    0.734  1.748  3.7559  2.531    4  0.000  0.519     0.00     0.00     0.00     0.00     0.00 -1    -1e-30      0.00 7.408e-01 2.583e-01 1.524e-04 4.719e-05 3.917e-04 -1.000 9.012e-04 0.400 1.440 0.711 0.338 0.231 0.197 0.191
0.00087196 -1.25000 10.10037 0.8080828190 2.4215186917    0.734  1.752  3.7545  2.522    4  0.000  0.519     0.00     0.00     0.00     0.00     0.00 -1    -1e-30      0.00 7.408e-01 2.583e-01 1.524e-04 4.719e-05 3.917e-04 -1.000 9.012e-04 0.390 1.440 0.707 0.329 0.219 0.184 0.177
0.00087196 -1.25000 10.10037 0.8081289530 2.4215344560    0.734  1.756  3.7532  2.512    4  0.000  0.519     0.00     0.00     0.00     0.00     0.00 -1    -1e-30      0.00 7.408e-01 2.583e-01 1.524e-04 4.719e-05 3.917e-04 -1.000 9.012e-04 0.379 1.440 0.701 0.318 0.206 0.170 0.162
0.00087196 -1.25000 10.10037 0.8081724048 2.4215493018    0.734  1.761  3.7517  2.501    4  0.000  0.519     0.00     0.00     0.00     0.00     0.00 -1    -1e-30      0.00 7.408e-01 2.583e-01 1.524e-04 4.719e-05 3.917e-04 -1.000 9.011e-04 0.367 1.439 0.694 0.306 0.192 0.154 0.145
0.00087196 -1.25000 10.10037 0.8082175255 2.4215647159    0.734  1.767  3.7503  2.490    4  0.000  0.519     0.00     0.00     0.00     0.00     0.00 -1    -1e-30      0.00 7.408e-01 2.583e-01 1.524e-04 4.719e-05 3.917e-04 -1.000 9.011e-04 0.353 1.437 0.686 0.293 0.175 0.136 0.127
0.00087196 -1.25000 10.10037 0.8082614541 2.4215797209    0.734  1.772  3.7491  2.481    4  0.000  0.519     0.00     0.00     0.00     0.00     0.00 -1    -1e-30      0.00 7.408e-01 2.583e-01 1.524e-04 4.719e-05 3.917e-04 -1.000 9.012e-04 0.341 1.435 0.679 0.281 0.162 0.121 0.112
0.00087196 -1.25000 10.10037 0.8083055019 2.4215947647    0.734  1.776  3.7482  2.473    4  0.000  0.519     0.00     0.00     0.00     0.00     0.00 -1    -1e-30      0.00 7.408e-01 2.583e-01 1.524e-04 4.719e-05 3.917e-04 -1.000 9.012e-04 0.331 1.432 0.672 0.271 0.150 0.109 0.099
0.00087196 -1.25000 10.10037 0.8083499074 2.4216099287    0.734  1.786  3.7460  2.454    4  0.000  0.519     0.00     0.00     0.00     0.00     0.00 -1    -1e-30      0.00 7.408e-01 2.583e-01 1.524e-04 4.719e-05 3.917e-04 -1.000 9.012e-04 0.305 1.426 0.656 0.246 0.122 0.078 0.067
0.00087196 -1.25000 10.10037 0.8083963990 2.4216258031    0.734  1.799  3.7434  2.430    4  0.000  0.519     0.00     0.00     0.00     0.00     0.00 -1    -1e-30      0.00 7.408e-01 2.583e-01 1.524e-04 4.719e-05 3.917e-04 -1.000 9.012e-04 0.272 1.415 0.633 0.214 0.085 0.039 0.027
0.00087196 -1.25000 10.10037 0.8084421158 2.4216414109    0.734  1.816  3.7404  2.402    4  0.000  0.519     0.00     0.00     0.00     0.00     0.00 -1    -1e-30      0.00 7.408e-01 2.583e-01 1.524e-04 4.719e-05 3.917e-04 -1.000 9.012e-04 0.230 1.398 0.603 0.173 0.039 -0.010 -0.024
0.00087196 -1.25000 10.10037 0.8084864616 2.4216565487    0.734  1.849  3.7352  2.348    4  0.000  0.519     0.00     0.00     0.00     0.00     0.00 -1    -1e-30      0.00 7.408e-01 2.583e-01 1.524e-04 4.719e-05 3.917e-04 -1.000 9.011e-04 0.148 1.368 0.543 0.093 -0.049 -0.105 -0.121
0.00087196 -1.25000 10.10037 0.8085063100 2.4216633235    0.735  1.880  3.7304  2.297    4  0.000  0.519     0.00     0.00     0.00     0.00     0.00 -1    -1e-30      0.00 7.408e-01 2.583e-01 1.524e-04 4.719e-05 3.917e-04 -1.000 9.012e-04 0.069 1.336 0.483 0.016 -0.135 -0.195 -0.213
0.00087196 -1.25000 10.10037 0.8085169196 2.4216669447    0.735  1.914  3.7257  2.245    4  0.000  0.519     0.00     0.00     0.00     0.00     0.00 -1    -1e-30      0.00 7.408e-01 2.583e-01 1.524e-04 4.719e-05 3.917e-04 -1.000 9.012e-04 -0.014 1.304 0.421 -0.065 -0.223 -0.289 -0.310
0.00087196 -1.25000 10.10037 0.8085220456 2.4216686942    0.735  1.946  3.7214  2.196    4  0.000  0.519     0.00     0.00     0.00     0.00     0.00 -1    -1e-30      0.00 7.408e-01 2.583e-01 1.524e-04 4.719e-05 3.917e-04 -1.000 9.012e-04 -0.095 1.269 0.359 -0.144 -0.309 -0.380 -0.403
0.00087196 -1.25000 10.10037 0.8085250258 2.4216697113    0.735  1.983  3.7169  2.141    4  0.000  0.519     0.00     0.00     0.00     0.00     0.00 -1    -1e-30      0.00 7.408e-01 2.583e-01 1.524e-04 4.719e-05 3.917e-04 -1.000 9.012e-04 -0.187 1.230 0.289 -0.232 -0.405 -0.481 -0.506
0.00087196 -1.25000 10.10037 0.8085265756 2.4216702403    0.735  2.017  3.7131  2.091    4  0.000  0.519     0.00     0.00     0.00     0.00     0.00 -1    -1e-30      0.00 7.408e-01 2.583e-01 1.524e-04 4.719e-05 3.917e-04 -1.000 9.012e-04 -0.272 1.191 0.223 -0.315 -0.494 -0.575 -0.602
0.00087196 -1.25000 10.10037 0.8085273504 2.4216705047    0.734  2.042  3.7103  2.055    7  0.000  0.519     0.00     0.00     0.00     0.00     0.00 -1 -9.98e-10      0.00 7.408e-01 2.567e-01 1.524e-04 4.719e-05 3.917e-04 -1.000 2.501e-03 -0.336 1.161 0.173 -0.376 -0.560 -0.644 -0.672
0.00087196 -1.25000 10.10037 0.8085282445 2.4216708099    0.734  2.082  3.7065  2.000    7  0.000  0.519     0.00     0.00     0.00     0.00     0.00 -1 -1.28e-09      0.00 7.408e-01 2.567e-01 1.524e-04 4.719e-05 3.917e-04 -1.000 2.501e-03 -0.434 1.112 0.096 -0.470 -0.661 -0.749 -0.779
0.00087196 -1.25000 10.10037 0.8085291386 2.4216711150    0.734  2.120  3.7029  1.948    7  0.000  0.519     0.00     0.00     0.00     0.00     0.00 -1  -1.6e-09      0.00 7.408e-01 2.567e-01 1.524e-04 4.719e-05 3.917e-04 -1.000 2.501e-03 -0.530 1.066 0.019 -0.562 -0.760 -0.852 -0.885
0.00087196 -1.25000 10.10037 0.8085299730 2.4216713998    0.734  2.154  3.6998  1.901    7  0.000  0.519     0.00     0.00     0.00     0.00     0.00 -1 -1.95e-09      0.00 7.408e-01 2.567e-01 1.524e-04 4.719e-05 3.917e-04 -1.000 2.501e-03 -0.616 1.026 -0.048 -0.644 -0.847 -0.944 -0.978
0.00087196 -1.25000 10.10037 0.8085308075 2.4216716846    0.734  2.173  3.6981  1.875    7  0.000  0.519     0.00     0.00     0.00     0.00     0.00 -1 -2.18e-09      0.00 7.408e-01 2.567e-01 1.524e-04 4.719e-05 3.917e-04 -1.000 2.501e-03 -0.663 1.005 -0.085 -0.689 -0.895 -0.994 -1.029
0.00087196 -1.25000 10.10037 0.8085321188 2.4216721321    0.734  2.191  3.6966  1.851    7  0.000  0.519     0.00     0.00     0.00     0.00     0.00 -1  -2.4e-09      0.00 7.408e-01 2.567e-01 1.524e-04 4.719e-05 3.917e-04 -1.000 2.501e-03 -0.707 0.985 -0.119 -0.730 -0.939 -1.040 -1.076
0.00087196 -1.25000 10.10037 0.8085344434 2.4216729255    0.734  2.158  3.6996  1.896    7  0.000  0.519     0.00     0.00     0.00     0.00     0.00 -1 -1.99e-09      0.00 7.408e-01 2.567e-01 1.524e-04 4.719e-05 3.917e-04 -1.000 2.501e-03 -0.625 1.021 -0.056 -0.653 -0.856 -0.953 -0.987
0.00087196 -1.25000 10.10037 0.8085382581 2.4216742274    0.733  2.142  3.7010  1.918    7  0.000  0.519     0.00     0.00     0.00     0.00     0.00 -1 -1.81e-09      0.00 7.408e-01 2.567e-01 1.524e-04 4.719e-05 3.917e-04 -1.000 2.501e-03 -0.584 1.040 -0.024 -0.614 -0.815 -0.910 -0.943
0.00087196 -1.25000 10.10037 0.8085619807 2.4216823233    0.731  2.147  3.7005  1.910    7  0.000  0.519     0.00     0.00     0.00     0.00     0.00 -1 -1.87e-09      0.00 7.408e-01 2.567e-01 1.524e-04 4.719e-05 3.917e-04 -1.000 2.501e-03 -0.597 1.035 -0.033 -0.626 -0.828 -0.924 -0.957
0.00087196 -1.25000 10.10037 0.8085791469 2.4216881814    0.730  2.180  3.6974  1.862    7  0.000  0.519     0.00     0.00     0.00     0.00     0.00 -1 -2.31e-09      0.00 7.408e-01 2.567e-01 1.524e-04 4.719e-05 3.917e-04 -1.000 2.501e-03 -0.681 0.999 -0.098 -0.706 -0.913 -1.013 -1.048
0.00087196 -1.25000 10.10037 0.8085973263 2.4216943849    0.727  2.225  3.6933  1.799    7  0.000  0.519     0.00     0.00     0.00     0.00     0.00 -1 -3.06e-09      0.00 7.408e-01 2.567e-01 1.524e-04 4.719e-05 3.917e-04 -1.000 2.501e-03 -0.794 0.951 -0.185 -0.812 -1.027 -1.133 -1.170
0.00087196 -1.25000 10.10037 0.8086149693 2.4217004050    0.724  2.273  3.6891  1.733    7  0.000  0.519     0.00     0.00     0.00     0.00     0.00 -1 -4.04e-09      0.00 7.408e-01 2.567e-01 1.524e-04 4.719e-05 3.917e-04 -1.000 2.501e-03 -0.913 0.900 -0.277 -0.924 -1.147 -1.258 -1.298
0.00087196 -1.25000 10.10037 0.8086304069 2.4217056724    0.721  2.315  3.6855  1.674    7  0.000  0.519     0.00     0.00     0.00     0.00     0.00 -1 -5.23e-09      0.00 7.408e-01 2.567e-01 1.524e-04 4.719e-05 3.917e-04 -1.000 2.501e-03 -1.018 0.857 -0.358 -1.023 -1.252 -1.368 -1.411
0.00087196 -1.25000 10.10037 0.8086441159 2.4217103498    0.717  2.357  3.6820  1.617    7  0.000  0.519     0.00     0.00     0.00     0.00     0.00 -1 -6.74e-09      0.00 7.408e-01 2.567e-01 1.524e-04 4.719e-05 3.917e-04 -1.000 2.499e-03 -1.121 0.833 -0.435 -1.123 -1.358 -1.479 -1.523
0.00087196 -1.25000 10.10037 0.8086560369 2.4217144169    0.712  2.397  3.6786  1.560    7  0.000  0.519     0.00     0.00     0.00     0.00     0.00 -1 -8.65e-09      0.00 7.408e-01 2.568e-01 1.523e-04 4.719e-05 3.917e-04 -1.000 2.428e-03 -1.222 0.813 -0.509 -1.221 -1.462 -1.586 -1.633
0.00087196 -1.25000 10.10037 0.8086665869 2.4217180162    0.707  2.437  3.6753  1.504    7  0.000  0.519     0.00     0.00     0.00     0.00     0.00 -1  -1.1e-08      0.00 7.408e-01 2.568e-01 1.523e-04 4.720e-05 3.917e-04 -1.000 2.399e-03 -1.322 0.799 -0.579 -1.316 -1.563 -1.691 -1.740
0.00087196 -1.25000 10.10037 0.8086760044 2.4217212291    0.701  2.476  3.6720  1.448    7  0.000  0.518     0.00     0.00     0.00     0.00     0.00 -1 -1.41e-08      0.00 7.408e-01 2.568e-01 1.521e-04 4.727e-05 3.917e-04 -1.000 2.392e-03 -1.420 0.791 -0.647 -1.411 -1.663 -1.796 -1.847
0.00087196 -1.25000 10.10037 0.8086845279 2.4217241368    0.694  2.515  3.6688  1.392    7  0.000  0.516     8.06     6.27     4.41     3.43     2.77  3 -1.81e-08      0.00 7.408e-01 2.569e-01 1.514e-04 4.762e-05 3.917e-04 -1.000 2.327e-03 -1.518 0.791 -0.712 -1.504 -1.763 -1.899 -1.953
0.00087196 -1.25000 10.10037 0.8086923361 2.4217268005    0.686  2.554  3.6652  1.333    7  0.000  0.511     9.10     6.95     4.86     3.79     3.07  2 -2.32e-08      0.00 7.408e-01 2.569e-01 1.500e-04 4.891e-05 3.917e-04 -1.000 2.292e-03 -1.616 0.807 -0.770 -1.595 -1.861 -2.003 -2.059
0.00087196 -1.25000 10.10037 0.8086978793 2.4217286915    0.680  2.584  3.6604  1.280    7  0.000  0.505    10.16     7.62     5.32     4.15     3.36  2 -2.83e-08      0.00 7.408e-01 2.569e-01 1.483e-04 5.069e-05 3.917e-04 -1.000 2.279e-03 -1.690 0.884 -0.791 -1.659 -1.935 -2.082 -2.143
0.00087196 -1.25000 10.10037 0.8087047338 2.4217310298    0.669  2.623  3.6530  1.204    7  0.000  0.495    11.89     8.70     6.03     4.72     3.82  2 -3.72e-08      0.00 7.408e-01 2.570e-01 1.454e-04 5.405e-05 3.917e-04 -1.000 2.196e-03 -1.787 0.991 -0.805 -1.730 -2.022 -2.181 -2.248
0.00087196 -1.25000 10.10037 0.8087111712 2.4217332257    0.655  2.662  3.6499  1.144    7  0.000  0.485    13.47     9.66     6.66     5.23     4.23  2 -4.87e-08      0.00 7.408e-01 2.570e-01 1.426e-04 5.749e-05 3.917e-04 -1.000 2.196e-03 -1.885 0.987 -0.866 -1.816 -2.116 -2.281 -2.349
0.00087196 -1.25000 10.10037 0.8087174296 2.4217353606    0.637  2.702  3.6469  1.080    7  0.000  0.477    15.32    10.76     7.38     5.80     4.69  2 -6.52e-08      0.00 7.407e-01 2.571e-01 1.401e-04 6.053e-05 3.917e-04 -1.000 2.190e-03 -1.984 0.982 -0.926 -1.901 -2.210 -2.380 -2.451
0.00087196 -1.25000 10.10037 0.8087235093 2.4217374344    0.614  2.741  3.6444  1.015    7  0.000  0.469    17.47    12.00     8.18     6.45     5.22  1 -8.93e-08      0.00 7.407e-01 2.572e-01 1.379e-04 6.319e-05 3.916e-04 -1.000 2.185e-03 -2.083 0.970 -0.990 -1.989 -2.305 -2.479 -2.552
0.00087196 -1.25000 10.10037 0.8087291121 2.4217393455    0.584  2.780  3.6436  0.951    7  0.000  0.463    19.80    13.29     9.01     7.13     5.77  1 -1.27e-07      0.00 7.406e-01 2.572e-01 1.361e-04 6.541e-05 3.916e-04 -1.000 2.115e-03 -2.180 0.932 -1.066 -2.081 -2.402 -2.578 -2.652
0.00087196 -1.25000 10.10037 0.8087342381 2.4217410940    0.546  2.818  3.6482  0.902    7  0.000  0.457    21.69    14.27     9.63     7.65     6.19  1 -1.86e-07      0.00 7.406e-01 2.573e-01 1.345e-04 6.739e-05 3.916e-04 -1.000 2.133e-03 -2.276 0.773 -1.199 -2.199 -2.511 -2.680 -2.751
0.00087196 -1.25000 10.10037 0.8087365627 2.4217418869    0.511  2.838  3.6591  0.897    7  0.000  0.454    21.62    14.16     9.54     7.60     6.14  1 -2.24e-07      0.00 7.405e-01 2.574e-01 1.334e-04 6.879e-05 3.915e-04 -1.000 2.096e-03 -2.324 0.488 -1.358 -2.293 -2.581 -2.733 -2.796
0.00087196 -1.25000 10.10037 1.1015297174 2.4919369136    0.547 -9.999  3.5603  7.960    9  0.548  0.000     0.00     0.00     0.00     0.00     0.00 -1    -1e-30      0.00 7.280e-01 2.712e-01 1.207e-04 9.701e-05 3.954e-04 -1.000 8.320e-04 29.767 34.108 31.863 30.307 29.522 29.212 29.119
