# Zini     MH   logAge Mini        int_IMF         Mass   logL    logTe  logg  label   McoreTP C_O  period0  period1  period2  period3  period4  pmode  Mloss  tau1m   X   Y   Xc  Xn  Xo  Cexcess  Z 	 mbolmag  umag    gmag    rmag    imag    zmag    Ymag
0.0015467 -1.00000 10.04139 0.0900000036 1.0816895926    0.090 -3.239  3.4438  5.359    1  0.000  0.545     0.00     0.00     0.00     0.00     0.00 -1 -5.06e-17      0.00 7.451e-01 2.533e-01 2.929e-04 7.903e-05 7.168e-04 -1.000 1.629e-03 12.868 18.122 17.148 15.356 13.080 12.292 12.124
0.0015467 -1.00000 10.04139 0.0975352675 1.1501814615    0.098 -3.057  3.4695  5.314    1  0.000  0.545     0.00     0.00     0.00     0.00     0.00 -1 -7.78e-17      0.00 7.443e-01 2.541e-01 2.929e-04 7.903e-05 7.168e-04 -1.000 1.629e-03 12.413 17.593 16.077 14.301 12.480 11.838 11.689
0.0015467 -1.00000 10.04139 0.1000000089 1.1711064744    0.100 -3.001  3.4775  5.300    1  0.000  0.545     0.00     0.00     0.00     0.00     0.00 -1 -8.89e-17      0.00 7.440e-01 2.544e-01 2.929e-04 7.903e-05 7.168e-04 -1.000 1.629e-03 12.271 17.411 15.751 13.990 12.301 11.699 11.555
0.0015467 -1.00000 10.04139 0.1013459414 1.1822521373    0.101 -2.980  3.4799  5.295    1  0.000  0.545     0.00     0.00     0.00     0.00     0.00 -1 -9.32e-17      0.00 7.439e-01 2.545e-01 2.929e-04 7.903e-05 7.168e-04 -1.000 1.629e-03 12.220 17.347 15.643 13.887 12.238 11.648 11.506
0.0015467 -1.00000 10.04139 0.1200000048 1.3193154741    0.120 -2.719  3.5108  5.231    1  0.000  0.545     0.00     0.00     0.00     0.00     0.00 -1 -1.68e-16      0.00 7.421e-01 2.562e-01 2.929e-04 7.903e-05 7.168e-04 -1.000 1.629e-03 11.568 16.403 14.340 12.667 11.475 11.016 10.891
0.0015467 -1.00000 10.04139 0.1400000006 1.4384526719    0.140 -2.535  3.5286  5.185    1  0.000  0.545     0.00     0.00     0.00     0.00     0.00 -1 -2.51e-16      0.00 7.407e-01 2.577e-01 2.929e-04 7.903e-05 7.168e-04 -1.000 1.629e-03 11.106 15.691 13.556 11.951 10.967 10.568 10.451
0.0015467 -1.00000 10.04139 0.1599999964 1.5372931554    0.160 -2.394  3.5398  5.147    1  0.000  0.545     0.00     0.00     0.00     0.00     0.00 -1 -3.39e-16      0.00 7.395e-01 2.589e-01 2.929e-04 7.903e-05 7.168e-04 -1.000 1.629e-03 10.754 15.160 13.022 11.465 10.592 10.225 10.113
0.0015467 -1.00000 10.04139 0.2000000179 1.6938791367    0.200 -2.174  3.5545  5.083    1  0.000  0.545     0.00     0.00     0.00     0.00     0.00 -1 -5.41e-16      0.00 7.380e-01 2.603e-01 2.929e-04 7.904e-05 7.168e-04 -1.000 1.629e-03 10.205 14.364 12.255 10.764 10.018 9.687 9.582
0.0015467 -1.00000 10.04139 0.2500000000 1.8403257998    0.250 -1.969  3.5661  5.021    1  0.000  0.545     0.00     0.00     0.00     0.00     0.00 -1 -3.02e-16      0.00 7.376e-01 2.607e-01 2.929e-04 7.904e-05 7.168e-04 -1.000 1.629e-03 9.692 13.651 11.584 10.147 9.490 9.186 9.086
0.0015467 -1.00000 10.04139 0.3000000417 1.9529140366    0.300 -1.809  3.5749  4.976    1  0.000  0.545     0.00     0.00     0.00     0.00     0.00 -1 -1.09e-16      0.00 7.377e-01 2.606e-01 2.929e-04 7.904e-05 7.168e-04 -1.000 1.629e-03 9.293 13.107 11.077 9.682 9.082 8.796 8.700
0.0015467 -1.00000 10.04139 0.3139557838 1.9800462514    0.314 -1.770  3.5770  4.965    1  0.000  0.545     0.00     0.00     0.00     0.00     0.00 -1  -4.6e-16      0.00 7.404e-01 2.580e-01 2.929e-04 7.904e-05 7.168e-04 -1.000 1.629e-03 9.196 12.976 10.954 9.570 8.983 8.701 8.606
0.0015467 -1.00000 10.04139 0.3499999940 2.0434174644    0.350 -1.678  3.5822  4.940    1  0.000  0.545     0.00     0.00     0.00     0.00     0.00 -1 -1.51e-15      0.00 7.465e-01 2.519e-01 2.929e-04 7.903e-05 7.168e-04 -1.000 1.629e-03 8.964 12.661 10.662 9.305 8.746 8.473 8.381
0.0015467 -1.00000 10.04139 0.4000000358 2.1185024810    0.400 -1.525  3.5934  4.891    1  0.000  0.545     0.00     0.00     0.00     0.00     0.00 -1 -2.13e-15      0.00 7.470e-01 2.514e-01 2.929e-04 7.903e-05 7.168e-04 -1.000 1.629e-03 8.583 12.099 10.156 8.861 8.356 8.104 8.017
0.0015467 -1.00000 10.04139 0.4500000477 2.1822809714    0.450 -1.349  3.6101  4.832    1  0.000  0.545     0.00     0.00     0.00     0.00     0.00 -1 -3.22e-15      0.00 7.470e-01 2.514e-01 2.929e-04 7.903e-05 7.168e-04 -1.000 1.629e-03 8.141 11.408 9.539 8.345 7.903 7.677 7.599
0.0015467 -1.00000 10.04139 0.5000000000 2.2374541529    0.500 -1.149  3.6365  4.783    1  0.000  0.545     0.00     0.00     0.00     0.00     0.00 -1 -5.13e-15      0.00 7.470e-01 2.514e-01 2.929e-04 7.903e-05 7.168e-04 -1.000 1.629e-03 7.641 10.546 8.777 7.749 7.393 7.209 7.143
0.0015467 -1.00000 10.04139 0.5500000715 2.2836583126    0.550 -0.927  3.6693  4.734    1  0.000  0.544     0.00     0.00     0.00     0.00     0.00 -1  -8.6e-15      0.00 7.785e-01 2.201e-01 2.592e-04 6.998e-05 6.349e-04 -1.000 1.459e-03 7.088 9.478 7.908 7.094 6.831 6.698 6.648
0.0015467 -1.00000 10.04139 0.6000000238 2.3211213258    0.600 -0.724  3.6990  4.688    1  0.000  0.544     0.00     0.00     0.00     0.00     0.00 -1 -1.38e-14      0.00 7.856e-01 2.130e-01 2.523e-04 6.812e-05 6.183e-04 -1.000 1.385e-03 6.580 8.457 7.174 6.524 6.321 6.229 6.196
0.0015467 -1.00000 10.04139 0.6103381515 2.3279919342    0.610 -0.681  3.7057  4.680    1  0.000  0.544     0.00     0.00     0.00     0.00     0.00 -1 -1.53e-14      0.00 7.872e-01 2.114e-01 2.506e-04 6.769e-05 6.144e-04 -1.000 1.387e-03 6.473 8.249 7.028 6.409 6.217 6.132 6.103
0.0015467 -1.00000 10.04139 0.6291962862 2.3398586309    0.629 -0.603  3.7178  4.663    1  0.000  0.544     0.00     0.00     0.00     0.00     0.00 -1 -1.84e-14      0.00 7.902e-01 2.084e-01 2.475e-04 6.687e-05 6.071e-04 -1.000 1.389e-03 6.279 7.881 6.768 6.202 6.030 5.960 5.937
0.0015467 -1.00000 10.04139 0.6467238069 2.3501774235    0.646 -0.531  3.7288  4.647    1  0.000  0.543     0.00     0.00     0.00     0.00     0.00 -1 -2.18e-14      0.00 7.932e-01 2.055e-01 2.446e-04 6.607e-05 6.000e-04 -1.000 1.325e-03 6.098 7.558 6.537 6.014 5.859 5.802 5.785
0.0015467 -1.00000 10.04139 0.6499999762 2.3520353107    0.650 -0.518  3.7309  4.644    1  0.000  0.543     0.00     0.00     0.00     0.00     0.00 -1 -2.25e-14      0.00 7.937e-01 2.049e-01 2.440e-04 6.593e-05 5.987e-04 -1.000 1.387e-03 6.064 7.500 6.494 5.979 5.827 5.772 5.756
0.0015467 -1.00000 10.04139 0.6602671742 2.3577206544    0.660 -0.475  3.7367  4.631    1  0.000  0.543     0.00     0.00     0.00     0.00     0.00 -1  -2.5e-14      0.00 7.958e-01 2.028e-01 2.419e-04 6.538e-05 5.937e-04 -1.000 1.363e-03 5.958 7.327 6.366 5.872 5.728 5.679 5.666
0.0015467 -1.00000 10.04139 0.6752967834 2.3656856802    0.675 -0.413  3.7450  4.612    1  0.000  0.543     0.00     0.00     0.00     0.00     0.00 -1 -2.92e-14      0.00 7.990e-01 1.996e-01 2.388e-04 6.455e-05 5.863e-04 -1.000 1.336e-03 5.802 7.079 6.179 5.715 5.584 5.544 5.535
0.0015467 -1.00000 10.04139 0.6891298890 2.3726646193    0.689 -0.355  3.7524  4.592    1  0.000  0.543     0.00     0.00     0.00     0.00     0.00 -1 -3.38e-14      0.00 8.021e-01 1.965e-01 2.358e-04 6.375e-05 5.791e-04 -1.000 1.305e-03 5.657 6.857 6.008 5.572 5.452 5.420 5.414
0.0015467 -1.00000 10.04139 0.6999999881 2.3779266974    0.700 -0.308  3.7580  4.575    1  0.000  0.543     0.00     0.00     0.00     0.00     0.00 -1  -3.8e-14      0.00 8.047e-01 1.940e-01 2.333e-04 6.309e-05 5.733e-04 -1.000 1.302e-03 5.541 6.685 5.874 5.459 5.348 5.322 5.319
0.0015467 -1.00000 10.04139 0.7098861933 2.3825519134    0.710 -0.265  3.7630  4.558    1  0.000  0.541     0.00     0.00     0.00     0.00     0.00 -1 -4.25e-14      0.00 8.075e-01 1.912e-01 2.300e-04 6.236e-05 5.669e-04 -1.000 1.254e-03 5.433 6.531 5.751 5.355 5.251 5.230 5.229
0.0015467 -1.00000 10.04139 0.7194648385 2.3868940952    0.719 -0.223  3.7676  4.540    1  0.000  0.539     0.00     0.00     0.00     0.00     0.00 -1 -4.75e-14      0.00 8.104e-01 1.883e-01 2.266e-04 6.162e-05 5.604e-04 -1.000 1.281e-03 5.327 6.383 5.631 5.252 5.156 5.139 5.140
0.0015467 -1.00000 10.04139 0.7285808325 2.3909048427    0.728 -0.181  3.7719  4.521    1  0.000  0.538     0.00     0.00     0.00     0.00     0.00 -1  -5.3e-14      0.00 8.133e-01 1.855e-01 2.234e-04 6.088e-05 5.539e-04 -1.000 1.221e-03 5.224 6.243 5.516 5.153 5.063 5.051 5.053
0.0015467 -1.00000 10.04139 0.7374288440 2.3946888300    0.737 -0.141  3.7759  4.502    1  0.000  0.536     0.00     0.00     0.00     0.00     0.00 -1 -5.92e-14      0.00 8.161e-01 1.827e-01 2.202e-04 6.013e-05 5.474e-04 -1.000 1.203e-03 5.121 6.108 5.403 5.055 4.971 4.963 4.966
0.0015467 -1.00000 10.04139 0.7459315062 2.3982280239    0.746 -0.100  3.7796  4.481    1  0.000  0.535     0.00     0.00     0.00     0.00     0.00 -1 -6.62e-14      0.00 8.190e-01 1.797e-01 2.169e-04 5.938e-05 5.408e-04 -1.000 1.250e-03 5.020 5.976 5.291 4.957 4.878 4.874 4.880
0.0015467 -1.00000 10.04139 0.7500000000 2.3998889087    0.750 -0.080  3.7813  4.470    1  0.000  0.534     0.00     0.00     0.00     0.00     0.00 -1    -7e-14      0.00 8.205e-01 1.783e-01 2.153e-04 5.901e-05 5.376e-04 -1.000 1.253e-03 4.970 5.915 5.237 4.909 4.833 4.831 4.837
0.0015467 -1.00000 10.04139 0.7575595975 2.4029205643    0.757 -0.043  3.7840  4.448    1  0.000  0.534     0.00     0.00     0.00     0.00     0.00 -1 -7.79e-14      0.00 8.240e-01 1.748e-01 2.120e-04 5.811e-05 5.295e-04 -1.000 1.201e-03 4.877 5.803 5.137 4.818 4.747 4.747 4.753
0.0015467 -1.00000 10.04139 0.7663182020 2.4063471883    0.766  0.003  3.7870  4.419    1  0.000  0.533     0.00     0.00     0.00     0.00     0.00 -1 -8.88e-14      0.00 8.281e-01 1.707e-01 2.080e-04 5.704e-05 5.199e-04 -1.000 1.188e-03 4.764 5.670 5.016 4.708 4.642 4.644 4.652
0.0015467 -1.00000 10.04139 0.7745350599 2.4094809731    0.774  0.047  3.7897  4.390    1  0.000  0.533     0.00     0.00     0.00     0.00     0.00 -1 -1.01e-13      0.00 8.320e-01 1.668e-01 2.042e-04 5.602e-05 5.108e-04 -1.000 1.173e-03 4.652 5.540 4.897 4.600 4.538 4.543 4.552
0.0015467 -1.00000 10.04139 0.7825571299 2.4124675712    0.782  0.093  3.7922  4.359    1  0.000  0.532     0.00     0.00     0.00     0.00     0.00 -1 -1.16e-13      0.00 8.358e-01 1.630e-01 2.005e-04 5.502e-05 5.018e-04 -1.000 1.162e-03 4.538 5.410 4.776 4.488 4.430 4.438 4.447
0.0015467 -1.00000 10.04139 0.7931650281 2.4163103889    0.792  0.156  3.7951  4.313    1  0.000  0.532     0.00     0.00     0.00     0.00     0.00 -1  -1.4e-13      0.00 8.407e-01 1.582e-01 1.956e-04 5.370e-05 4.900e-04 -1.000 1.099e-03 4.379 5.233 4.609 4.332 4.278 4.289 4.299
0.0015467 -1.00000 10.04139 0.8000000715 2.4187244613    0.799  0.199  3.7966  4.280    1  0.000  0.531     0.00     0.00     0.00     0.00     0.00 -1  -1.6e-13      0.00 8.435e-01 1.554e-01 1.927e-04 5.295e-05 4.833e-04 -1.000 1.089e-03 4.271 5.116 4.497 4.226 4.175 4.187 4.198
0.0015467 -1.00000 10.04139 0.8063992262 2.4209419784    0.805  0.241  3.7979  4.246    1  0.000  0.531     0.00     0.00     0.00     0.00     0.00 -1 -1.82e-13      0.00 8.446e-01 1.543e-01 1.919e-04 5.274e-05 4.815e-04 -1.000 1.117e-03 4.167 5.002 4.388 4.122 4.073 4.086 4.098
0.0015467 -1.00000 10.04139 0.8134387136 2.4233351041    0.812  0.291  3.7988  4.204    1  0.000  0.531     0.00     0.00     0.00     0.00     0.00 -1 -2.15e-13      0.00 8.445e-01 1.544e-01 1.923e-04 5.285e-05 4.827e-04 -1.000 1.140e-03 4.043 4.872 4.260 3.999 3.952 3.966 3.977
0.0015467 -1.00000 10.04139 0.8136543036 2.4234076444    0.813  0.292  3.7988  4.203    1  0.000  0.531     0.00     0.00     0.00     0.00     0.00 -1 -2.16e-13      0.00 8.445e-01 1.544e-01 1.923e-04 5.286e-05 4.827e-04 -1.000 1.140e-03 4.039 4.868 4.256 3.995 3.948 3.962 3.973
0.0015467 -1.00000 10.04139 0.8168142438 2.4244658281    0.816  0.317  3.7987  4.180    1  0.000  0.531     0.00     0.00     0.00     0.00     0.00 -1 -2.34e-13      0.00 8.442e-01 1.546e-01 1.927e-04 5.297e-05 4.837e-04 -1.000 1.140e-03 3.978 4.806 4.194 3.934 3.887 3.901 3.912
0.0015467 -1.00000 10.04139 0.8232249022 2.4265839212    0.822  0.370  3.7977  4.126    1  0.000  0.531     0.00     0.00     0.00     0.00     0.00 -1 -2.78e-13      0.00 8.437e-01 1.552e-01 1.935e-04 5.320e-05 4.859e-04 -1.000 1.111e-03 3.846 4.679 4.063 3.800 3.752 3.765 3.776
0.0015467 -1.00000 10.04139 0.8286203146 2.4283373967    0.827  0.419  3.7952  4.069    1  0.000  0.531     0.00     0.00     0.00     0.00     0.00 -1 -3.32e-13      0.00 8.429e-01 1.559e-01 1.947e-04 5.355e-05 4.891e-04 -1.000 1.136e-03 3.722 4.567 3.945 3.674 3.623 3.633 3.643
0.0015467 -1.00000 10.04139 0.8296586871 2.4286718532    0.828  0.429  3.7945  4.057    1  0.000  0.531     0.00     0.00     0.00     0.00     0.00 -1 -3.45e-13      0.00 8.428e-01 1.561e-01 1.950e-04 5.362e-05 4.897e-04 -1.000 1.140e-03 3.697 4.546 3.921 3.649 3.596 3.606 3.616
0.0015467 -1.00000 10.04139 0.8330657482 2.4297625256    0.832  0.466  3.7902  4.005    2  0.000  0.531     0.00     0.00     0.00     0.00     0.00 -1 -3.98e-13      0.00 8.407e-01 1.581e-01 1.980e-04 5.444e-05 4.972e-04 -1.000 1.153e-03 3.604 4.474 3.838 3.552 3.493 3.499 3.507
0.0015467 -1.00000 10.04139 0.8366907239 2.4309117482    0.835  0.509  3.7831  3.935    2  0.000  0.531     0.00     0.00     0.00     0.00     0.00 -1 -4.75e-13      0.00 8.327e-01 1.661e-01 2.086e-04 5.734e-05 5.235e-04 -1.000 1.200e-03 3.497 4.409 3.748 3.438 3.369 3.368 3.373
0.0015467 -1.00000 10.04139 0.8391767144 2.4316932828    0.837  0.540  3.7748  3.872    2  0.000  0.532     0.00     0.00     0.00     0.00     0.00 -1 -5.48e-13      0.00 8.170e-01 1.817e-01 2.262e-04 6.211e-05 5.666e-04 -1.000 1.289e-03 3.419 4.386 3.692 3.354 3.272 3.263 3.265
0.0015467 -1.00000 10.04139 0.8410026431 2.4322639267    0.839  0.564  3.7654  3.812    2  0.000  0.534     0.00     0.00     0.00     0.00     0.00 -1 -6.19e-13      0.00 7.953e-01 2.033e-01 2.459e-04 6.740e-05 6.140e-04 -1.000 1.401e-03 3.361 4.398 3.661 3.291 3.195 3.176 3.174
0.0015467 -1.00000 10.04139 0.8424975276 2.4327289947    0.841  0.586  3.7554  3.750    2  0.000  0.535     0.00     0.00     0.00     0.00     0.00 -1    -7e-13      0.00 7.792e-01 2.193e-01 2.596e-04 7.105e-05 6.465e-04 -1.000 1.482e-03 3.305 4.424 3.638 3.232 3.121 3.091 3.085
0.0015467 -1.00000 10.04139 0.8436590433 2.4330890415    0.842  0.613  3.7467  3.690    2  0.000  0.536     0.00     0.00     0.00     0.00     0.00 -1 -7.96e-13      0.00 7.707e-01 2.277e-01 2.669e-04 7.299e-05 6.637e-04 -1.000 1.502e-03 3.238 4.430 3.601 3.166 3.041 3.002 2.993
0.0015467 -1.00000 10.04139 0.8445988297 2.4333795232    0.843  0.646  3.7403  3.631    2  0.000  0.536     0.00     0.00     0.00     0.00     0.00 -1 -9.18e-13      0.00 7.658e-01 2.327e-01 2.711e-04 7.410e-05 6.737e-04 -1.000 1.526e-03 3.155 4.403 3.541 3.084 2.949 2.903 2.891
0.0015467 -1.00000 10.04139 0.8453426361 2.4336089023    0.843  0.680  3.7359  3.579    2  0.000  0.537     0.00     0.00     0.00     0.00     0.00 -1 -1.06e-12      0.00 7.626e-01 2.358e-01 2.736e-04 7.479e-05 6.798e-04 -1.000 1.562e-03 3.069 4.358 3.471 3.000 2.858 2.807 2.793
0.0015467 -1.00000 10.04139 0.8457112908 2.4337224182    0.844  0.700  3.7340  3.552    2  0.000  0.537     0.00     0.00     0.00     0.00     0.00 -1 -1.14e-12      0.00 7.612e-01 2.372e-01 2.747e-04 7.508e-05 6.824e-04 -1.000 1.566e-03 3.020 4.327 3.430 2.952 2.807 2.754 2.739
0.0015467 -1.00000 10.04139 0.8458382487 2.4337614846    0.844  0.708  3.7335  3.542    2  0.000  0.537     0.00     0.00     0.00     0.00     0.00 -1 -1.17e-12      0.00 7.608e-01 2.377e-01 2.750e-04 7.516e-05 6.831e-04 -1.000 1.566e-03 3.000 4.312 3.412 2.932 2.787 2.733 2.718
0.0015467 -1.00000 10.04139 0.8465065956 2.4339669205    0.844  0.752  3.7308  3.488    3  0.000  0.537     0.00     0.00     0.00     0.00     0.00 -1 -1.38e-12      0.00 7.584e-01 2.400e-01 2.764e-04 7.555e-05 6.865e-04 -1.000 1.557e-03 2.890 4.225 3.312 2.824 2.675 2.618 2.601
0.0015467 -1.00000 10.04139 0.8470696807 2.4341397118    0.845  0.793  3.7289  3.440    3  0.000  0.537     0.00     0.00     0.00     0.00     0.00 -1  -1.6e-12      0.00 7.565e-01 2.420e-01 2.775e-04 7.583e-05 6.891e-04 -1.000 1.539e-03 2.788 4.143 3.218 2.724 2.571 2.512 2.494
0.0015467 -1.00000 10.04139 0.8476945162 2.4343311431    0.846  0.842  3.7269  3.383    3  0.000  0.537     0.00     0.00     0.00     0.00     0.00 -1 -1.91e-12      0.00 7.542e-01 2.442e-01 2.784e-04 7.612e-05 6.915e-04 -1.000 1.584e-03 2.666 4.041 3.105 2.604 2.448 2.387 2.368
0.0015467 -1.00000 10.04139 0.8482719064 2.4345077504    0.846  0.891  3.7251  3.327    3  0.000  0.536     0.00     0.00     0.00     0.00     0.00 -1 -2.28e-12      0.00 7.521e-01 2.463e-01 2.789e-04 7.640e-05 6.935e-04 -1.000 1.561e-03 2.543 3.934 2.989 2.483 2.325 2.261 2.241
0.0015467 -1.00000 10.04139 0.8488512635 2.4346846816    0.847  0.944  3.7234  3.267    3  0.000  0.535     0.00     0.00     0.00     0.00     0.00 -1 -2.77e-12      0.00 7.498e-01 2.486e-01 2.786e-04 7.687e-05 6.951e-04 -1.000 1.540e-03 2.409 3.816 2.862 2.350 2.189 2.124 2.103
0.0015467 -1.00000 10.04139 0.8493642807 2.4348411214    0.847  0.996  3.7218  3.209    3  0.000  0.532     0.00     0.00     0.00     0.00     0.00 -1 -3.33e-12      0.00 7.478e-01 2.507e-01 2.775e-04 7.781e-05 6.964e-04 -1.000 1.556e-03 2.279 3.701 2.738 2.221 2.058 1.991 1.969
0.0015467 -1.00000 10.04139 0.8497995734 2.4349736895    0.847  1.044  3.7203  3.155    3  0.000  0.527     0.00     0.00     0.00     0.00     0.00 -1 -3.95e-12      0.00 7.460e-01 2.524e-01 2.756e-04 7.946e-05 6.973e-04 -1.000 1.585e-03 2.159 3.595 2.625 2.103 1.938 1.869 1.846
0.0015467 -1.00000 10.04139 0.8500000238 2.4350346840    0.848  1.068  3.7195  3.128    3  0.000  0.525     0.00     0.00     0.00     0.00     0.00 -1  -4.3e-12      0.00 7.453e-01 2.531e-01 2.744e-04 8.058e-05 6.977e-04 -1.000 1.601e-03 2.100 3.543 2.569 2.045 1.878 1.808 1.785
0.0015467 -1.00000 10.04139 0.8501651883 2.4350849166    0.848  1.087  3.7189  3.107    3  0.000  0.523     0.00     0.00     0.00     0.00     0.00 -1 -4.62e-12      0.00 7.446e-01 2.538e-01 2.735e-04 8.152e-05 6.980e-04 -1.000 1.614e-03 2.051 3.501 2.523 1.997 1.829 1.758 1.735
0.0015467 -1.00000 10.04139 0.8505322337 2.4351964684    0.848  1.135  3.7174  3.053    3  0.000  0.518     0.00     0.00     0.00     0.00     0.00 -1 -5.47e-12      0.00 7.434e-01 2.550e-01 2.710e-04 8.426e-05 6.986e-04 -1.000 1.592e-03 1.933 3.399 2.412 1.881 1.710 1.637 1.613
0.0015467 -1.00000 10.04139 0.8508694172 2.4352988470    0.848  1.182  3.7158  2.999    3  0.000  0.512     0.00     0.00     0.00     0.00     0.00 -1  -6.5e-12      0.00 7.423e-01 2.561e-01 2.683e-04 8.741e-05 6.990e-04 -1.000 1.606e-03 1.814 3.297 2.300 1.764 1.591 1.516 1.491
0.0015467 -1.00000 10.04139 0.8511781096 2.4353924931    0.848  1.230  3.7141  2.945    3  0.000  0.507     0.00     0.00     0.00     0.00     0.00 -1 -7.71e-12      0.00 7.413e-01 2.571e-01 2.659e-04 9.037e-05 6.994e-04 -1.000 1.611e-03 1.696 3.198 2.190 1.647 1.472 1.395 1.368
0.0015467 -1.00000 10.04139 0.8514683247 2.4354804626    0.849  1.278  3.7123  2.890    3  0.000  0.504     0.00     0.00     0.00     0.00     0.00 -1  -9.2e-12      0.00 7.406e-01 2.578e-01 2.642e-04 9.255e-05 6.997e-04 -1.000 1.555e-03 1.574 3.097 2.077 1.528 1.349 1.269 1.242
0.0015467 -1.00000 10.04139 0.8517129421 2.4355545572    0.849  1.323  3.7106  2.838    3  0.000  0.502     0.00     0.00     0.00     0.00     0.00 -1 -1.08e-11      0.00 7.402e-01 2.583e-01 2.631e-04 9.402e-05 6.999e-04 -1.000 1.550e-03 1.462 3.005 1.974 1.418 1.237 1.155 1.127
0.0015467 -1.00000 10.04139 0.8519486189 2.4356258973    0.849  1.370  3.7088  2.784    3  0.000  0.499     0.00     0.00     0.00     0.00     0.00 -1 -1.28e-11      0.00 7.397e-01 2.586e-01 2.620e-04 9.544e-05 7.000e-04 -1.000 1.622e-03 1.346 2.910 1.866 1.304 1.120 1.035 1.006
0.0015467 -1.00000 10.04139 0.8521674275 2.4356920908    0.849  1.417  3.7068  2.729    3  0.000  0.498     0.00     0.00     0.00     0.00     0.00 -1 -1.52e-11      0.00 7.396e-01 2.589e-01 2.615e-04 9.597e-05 7.001e-04 -1.000 1.568e-03 1.227 2.815 1.758 1.189 1.001 0.914 0.884
0.0015467 -1.00000 10.04139 0.8523638844 2.4357514891    0.849  1.463  3.7049  2.675    3  0.000  0.498     0.00     0.00     0.00     0.00     0.00 -1  -1.8e-11      0.00 7.395e-01 2.589e-01 2.613e-04 9.625e-05 7.001e-04 -1.000 1.625e-03 1.111 2.723 1.653 1.076 0.884 0.795 0.764
0.0015467 -1.00000 10.04139 0.8525444269 2.4358060481    0.849  1.510  3.7028  2.620    3  0.000  0.498     0.00     0.00     0.00     0.00     0.00 -1 -2.14e-11      0.00 7.395e-01 2.589e-01 2.613e-04 9.631e-05 7.001e-04 -1.000 1.626e-03 0.995 2.632 1.547 0.963 0.768 0.676 0.643
0.0015467 -1.00000 10.04139 0.8526998162 2.4358529846    0.849  1.554  3.7009  2.569    3  0.000  0.498     0.00     0.00     0.00     0.00     0.00 -1 -2.51e-11      0.00 7.395e-01 2.589e-01 2.613e-04 9.635e-05 7.001e-04 -1.000 1.626e-03 0.886 2.547 1.449 0.857 0.658 0.564 0.530
0.0015467 -1.00000 10.04139 0.8528513908 2.4358987499    0.849  1.599  3.6988  2.515    3  0.000  0.498     0.00     0.00     0.00     0.00     0.00 -1 -2.97e-11      0.00 7.394e-01 2.589e-01 2.612e-04 9.639e-05 7.002e-04 -1.000 1.625e-03 0.771 2.459 1.346 0.746 0.544 0.446 0.411
0.0015467 -1.00000 10.04139 0.8529857397 2.4359392985    0.849  1.644  3.6967  2.462    3  0.000  0.498     0.00     0.00     0.00     0.00     0.00 -1 -3.49e-11      0.00 7.394e-01 2.589e-01 2.612e-04 9.643e-05 7.002e-04 -1.000 1.625e-03 0.661 2.379 1.248 0.639 0.433 0.333 0.296
0.0015467 -1.00000 10.04139 0.8531123400 2.4359774950    0.849  1.689  3.6945  2.408    3  0.000  0.498     0.00     0.00     0.00     0.00     0.00 -1 -4.12e-11      0.00 7.394e-01 2.589e-01 2.612e-04 9.647e-05 7.002e-04 -1.000 1.625e-03 0.548 2.299 1.148 0.529 0.319 0.216 0.179
0.0015467 -1.00000 10.04139 0.8532286882 2.4360125870    0.849  1.734  3.6922  2.354    3  0.000  0.498     0.00     0.00     0.00     0.00     0.00 -1 -4.87e-11      0.00 7.394e-01 2.590e-01 2.612e-04 9.650e-05 7.002e-04 -1.000 1.625e-03 0.436 2.222 1.049 0.420 0.206 0.100 0.061
0.0015467 -1.00000 10.04139 0.8533334136 2.4360441639    0.849  1.777  3.6900  2.302    3  0.000  0.498     0.00     0.00     0.00     0.00     0.00 -1 -5.71e-11      0.00 7.394e-01 2.590e-01 2.612e-04 9.653e-05 7.002e-04 -1.000 1.625e-03 0.328 2.148 0.955 0.316 0.098 -0.011 -0.051
0.0015467 -1.00000 10.04139 0.8534362316 2.4360751570    0.848  1.821  3.6877  2.248    3  0.000  0.497     0.00     0.00     0.00     0.00     0.00 -1 -6.72e-11      0.00 7.394e-01 2.590e-01 2.611e-04 9.655e-05 7.002e-04 -1.000 1.625e-03 0.217 2.076 0.860 0.210 -0.013 -0.124 -0.166
0.0015467 -1.00000 10.04139 0.8535335660 2.4361044893    0.848  1.861  3.6856  2.199    3  0.000  0.497     0.00     0.00     0.00     0.00     0.00 -1  -7.8e-11      0.00 7.394e-01 2.590e-01 2.611e-04 9.658e-05 7.002e-04 -1.000 1.625e-03 0.117 2.010 0.774 0.114 -0.112 -0.227 -0.270
0.0015467 -1.00000 10.04139 0.8536576033 2.4361418575    0.848  1.896  3.6839  2.158    3  0.000  0.497     0.00     0.00     0.00     0.00     0.00 -1 -8.92e-11      0.00 7.394e-01 2.590e-01 2.611e-04 9.661e-05 7.002e-04 -1.000 1.624e-03 0.031 1.952 0.699 0.031 -0.198 -0.315 -0.359
0.0015467 -1.00000 10.04139 0.8537275791 2.4361629333    0.848  1.875  3.6854  2.185    3  0.000  0.497     0.00     0.00     0.00     0.00     0.00 -1 -8.31e-11      0.00 7.394e-01 2.590e-01 2.611e-04 9.663e-05 7.002e-04 -1.000 1.624e-03 0.083 1.980 0.740 0.080 -0.147 -0.262 -0.305
0.0015467 -1.00000 10.04139 0.8537611365 2.4361730389    0.848  1.863  3.6862  2.200    3  0.000  0.497     0.00     0.00     0.00     0.00     0.00 -1 -7.94e-11      0.00 7.394e-01 2.590e-01 2.611e-04 9.664e-05 7.002e-04 -1.000 1.624e-03 0.112 1.995 0.764 0.107 -0.118 -0.232 -0.274
0.0015467 -1.00000 10.04139 0.8538241982 2.4361920272    0.847  1.900  3.6842  2.155    3  0.000  0.497     0.00     0.00     0.00     0.00     0.00 -1 -9.01e-11      0.00 7.394e-01 2.590e-01 2.611e-04 9.666e-05 7.002e-04 -1.000 1.624e-03 0.019 1.936 0.685 0.019 -0.210 -0.326 -0.370
0.0015467 -1.00000 10.04139 0.8538938165 2.4362129859    0.847  1.942  3.6818  2.104    3  0.000  0.497     0.00     0.00     0.00     0.00     0.00 -1 -1.05e-10      0.00 7.394e-01 2.590e-01 2.610e-04 9.668e-05 7.002e-04 -1.000 1.624e-03 -0.084 1.872 0.598 -0.079 -0.313 -0.433 -0.478
0.0015467 -1.00000 10.04139 0.8539609909 2.4362332052    0.847  1.984  3.6794  2.052    3  0.000  0.497     0.00     0.00     0.00     0.00     0.00 -1 -1.23e-10      0.00 7.394e-01 2.590e-01 2.610e-04 9.670e-05 7.002e-04 -1.000 1.624e-03 -0.190 1.806 0.508 -0.180 -0.417 -0.541 -0.587
0.0015467 -1.00000 10.04139 0.8540224433 2.4362516989    0.847  2.025  3.6770  2.000    3  0.000  0.497     0.00     0.00     0.00     0.00     0.00 -1 -1.43e-10      0.00 7.394e-01 2.590e-01 2.610e-04 9.671e-05 7.002e-04 -1.000 1.624e-03 -0.294 1.745 0.423 -0.277 -0.520 -0.647 -0.695
0.0015467 -1.00000 10.04139 0.8540806174 2.4362692033    0.846  2.067  3.6745  1.948    3  0.000  0.497     0.00     0.00     0.00     0.00     0.00 -1 -1.68e-10      0.00 7.394e-01 2.590e-01 2.610e-04 9.673e-05 7.002e-04 -1.000 1.624e-03 -0.398 1.698 0.338 -0.380 -0.626 -0.756 -0.806
0.0015467 -1.00000 10.04139 0.8541330695 2.4362849836    0.846  2.108  3.6720  1.897    3  0.000  0.497     0.00     0.00     0.00     0.00     0.00 -1 -1.95e-10      0.00 7.394e-01 2.590e-01 2.610e-04 9.674e-05 7.003e-04 -1.000 1.624e-03 -0.499 1.656 0.257 -0.479 -0.728 -0.861 -0.913
0.0015467 -1.00000 10.04139 0.8541817665 2.4362996321    0.845  2.149  3.6695  1.846    3  0.000  0.497     0.00     0.00     0.00     0.00     0.00 -1 -2.27e-10      0.00 7.394e-01 2.590e-01 2.610e-04 9.676e-05 7.003e-04 -1.000 1.624e-03 -0.601 1.615 0.176 -0.578 -0.831 -0.966 -1.020
0.0015467 -1.00000 10.04139 0.8542264700 2.4363130777    0.845  2.189  3.6669  1.796    3  0.000  0.497     0.00     0.00     0.00     0.00     0.00 -1 -2.65e-10      0.00 7.394e-01 2.590e-01 2.610e-04 9.677e-05 7.003e-04 -1.000 1.624e-03 -0.702 1.580 0.099 -0.674 -0.932 -1.070 -1.125
0.0015467 -1.00000 10.04139 0.8542678952 2.4363255358    0.844  2.229  3.6644  1.745    3  0.000  0.497     0.00     0.00     0.00     0.00     0.00 -1 -3.08e-10      0.00 7.394e-01 2.590e-01 2.610e-04 9.678e-05 7.003e-04 -1.000 1.624e-03 -0.802 1.546 0.022 -0.770 -1.032 -1.173 -1.230
0.0015467 -1.00000 10.04139 0.8543055058 2.4363368455    0.844  2.268  3.6618  1.695    3  0.000  0.497     0.00     0.00     0.00     0.00     0.00 -1 -3.57e-10      0.00 7.393e-01 2.590e-01 2.610e-04 9.679e-05 7.003e-04 -1.000 1.624e-03 -0.900 1.517 -0.051 -0.863 -1.128 -1.273 -1.333
0.0015467 -1.00000 10.04139 0.8543410301 2.4363475268    0.843  2.308  3.6592  1.645    3  0.000  0.497     0.00     0.00     0.00     0.00     0.00 -1 -4.14e-10      0.00 7.393e-01 2.590e-01 2.610e-04 9.680e-05 7.003e-04 -1.000 1.624e-03 -0.999 1.490 -0.124 -0.956 -1.226 -1.374 -1.436
0.0015467 -1.00000 10.04139 0.8543733954 2.4363572574    0.843  2.346  3.6565  1.596    3  0.000  0.497     0.00     0.00     0.00     0.00     0.00 -1 -4.79e-10      0.00 7.393e-01 2.590e-01 2.610e-04 9.681e-05 7.003e-04 -1.000 1.624e-03 -1.096 1.468 -0.194 -1.046 -1.320 -1.472 -1.536
0.0015467 -1.00000 10.04139 0.8544033766 2.4363662704    0.842  2.385  3.6539  1.546    3  0.000  0.497     0.00     0.00     0.00     0.00     0.00 -1 -5.55e-10      0.00 7.393e-01 2.590e-01 2.609e-04 9.682e-05 7.003e-04 -1.000 1.624e-03 -1.192 1.448 -0.262 -1.136 -1.414 -1.569 -1.635
0.0015467 -1.00000 10.04139 0.8544309139 2.4363745481    0.841  2.423  3.6513  1.497    3  0.000  0.497     0.00     0.00     0.00     0.00     0.00 -1 -6.41e-10      0.00 7.393e-01 2.590e-01 2.609e-04 9.682e-05 7.003e-04 -1.000 1.624e-03 -1.287 1.431 -0.329 -1.223 -1.506 -1.665 -1.733
0.0015467 -1.00000 10.04139 0.8544623852 2.4363840077    0.840  2.470  3.6479  1.437    3  0.000  0.497     0.00     0.00     0.00     0.00     0.00 -1 -7.65e-10      0.00 7.393e-01 2.590e-01 2.609e-04 9.683e-05 7.003e-04 -1.000 1.623e-03 -1.404 1.409 -0.408 -1.326 -1.617 -1.782 -1.853
0.0015467 -1.00000 10.04139 0.8544859886 2.4363911018    0.840  2.508  3.6453  1.388    3  0.000  0.497     8.64     6.62     4.67     3.61     2.92  3 -8.84e-10      0.00 7.393e-01 2.590e-01 2.609e-04 9.684e-05 7.003e-04 -1.000 1.623e-03 -1.499 1.391 -0.471 -1.409 -1.707 -1.876 -1.949
0.0015467 -1.00000 10.04139 0.8545120358 2.4363989298    0.839  2.552  3.6420  1.329    3  0.000  0.497     9.77     7.36     5.16     4.00     3.24  3 -1.05e-09      0.00 7.393e-01 2.590e-01 2.609e-04 9.685e-05 7.003e-04 -1.000 1.623e-03 -1.611 1.375 -0.544 -1.506 -1.813 -1.987 -2.063
0.0015467 -1.00000 10.04139 0.8545365334 2.4364062916    0.837  2.598  3.6387  1.270    3  0.000  0.497    11.07     8.19     5.72     4.44     3.60  3 -1.25e-09      0.00 7.393e-01 2.590e-01 2.609e-04 9.685e-05 7.003e-04 -1.000 1.623e-03 -1.725 1.358 -0.617 -1.604 -1.920 -2.100 -2.179
0.0015467 -1.00000 10.04139 0.8545551896 2.4364118978    0.836  2.635  3.6360  1.221    3  0.000  0.497    12.26     8.94     6.22     4.83     3.91  3 -1.44e-09      0.00 7.393e-01 2.590e-01 2.609e-04 9.686e-05 7.003e-04 -1.000 1.623e-03 -1.818 1.345 -0.676 -1.684 -2.007 -2.192 -2.273
0.0015467 -1.00000 10.04139 0.8545755148 2.4364180051    0.835  2.679  3.6327  1.164    3  0.000  0.497    13.83     9.91     6.86     5.34     4.33  3  -1.7e-09      0.00 7.393e-01 2.590e-01 2.609e-04 9.686e-05 7.003e-04 -1.000 1.623e-03 -1.927 1.334 -0.743 -1.775 -2.107 -2.299 -2.382
0.0015467 -1.00000 10.04139 0.8545948267 2.4364238076    0.833  2.723  3.6294  1.105    3  0.000  0.497    15.64    11.02     7.59     5.92     4.80  2 -2.02e-09      0.00 7.393e-01 2.590e-01 2.609e-04 9.687e-05 7.003e-04 -1.000 1.623e-03 -2.038 1.324 -0.810 -1.869 -2.210 -2.408 -2.494
0.0015467 -1.00000 10.04139 0.8546131253 2.4364293054    0.831  2.768  3.6261  1.046    3  0.000  0.497    17.73    12.26     8.41     6.56     5.32  2  -2.4e-09      0.00 7.393e-01 2.590e-01 2.609e-04 9.687e-05 7.003e-04 -1.000 1.623e-03 -2.151 1.314 -0.876 -1.962 -2.314 -2.518 -2.606
0.0015467 -1.00000 10.04139 0.8546287417 2.4364339971    0.830  2.810  3.6227  0.990    3  0.000  0.497    19.94    13.56     9.25     7.24     5.87  2 -2.82e-09      0.00 7.393e-01 2.590e-01 2.609e-04 9.688e-05 7.003e-04 -1.000 1.623e-03 -2.255 1.311 -0.933 -2.046 -2.408 -2.619 -2.710
0.0015467 -1.00000 10.04139 0.8546438217 2.4364385275    0.828  2.853  3.6194  0.933    3  0.000  0.497    22.47    15.02    10.20     7.99     6.48  2 -3.32e-09      0.00 7.393e-01 2.591e-01 2.609e-04 9.688e-05 7.003e-04 -1.000 1.623e-03 -2.362 1.313 -0.988 -2.132 -2.505 -2.723 -2.816
0.0015467 -1.00000 10.04139 0.8546580076 2.4364427891    0.825  2.896  3.6161  0.875    3  0.000  0.497    25.39    16.67    11.27     8.84     7.17  2 -3.93e-09      0.00 7.393e-01 2.591e-01 2.609e-04 9.688e-05 7.003e-04 -1.000 1.623e-03 -2.470 1.314 -1.041 -2.217 -2.602 -2.827 -2.924
0.0015467 -1.00000 10.04139 0.8546708226 2.4364466387    0.823  2.938  3.6128  0.818    3  0.000  0.497    28.58    18.44    12.41     9.75     7.91  2 -4.63e-09      0.00 7.393e-01 2.591e-01 2.609e-04 9.689e-05 7.003e-04 -1.000 1.623e-03 -2.575 1.317 -1.092 -2.299 -2.697 -2.928 -3.028
0.0015467 -1.00000 10.04139 0.8546826243 2.4364501838    0.820  2.979  3.6095  0.763    3  0.000  0.497    32.13    20.38    13.65    10.75     8.72  2 -5.44e-09      0.00 7.393e-01 2.591e-01 2.609e-04 9.689e-05 7.003e-04 -1.000 1.623e-03 -2.678 1.320 -1.140 -2.379 -2.789 -3.028 -3.130
0.0015467 -1.00000 10.04139 0.8546937108 2.4364535140    0.817  3.020  3.6062  0.707    3  0.000  0.497    36.14    22.53    15.02    11.84     9.62  1 -6.39e-09      0.00 7.393e-01 2.591e-01 2.609e-04 9.689e-05 7.003e-04 -1.000 1.623e-03 -2.781 1.319 -1.185 -2.457 -2.880 -3.126 -3.231
0.0015467 -1.00000 10.04139 0.8547044396 2.4364567366    0.814  3.063  3.6029  0.649    3  0.000  0.497    40.74    24.96    16.57    13.08    10.62  1 -7.54e-09      0.00 7.393e-01 2.591e-01 2.609e-04 9.690e-05 7.003e-04 -1.000 1.623e-03 -2.887 1.316 -1.232 -2.537 -2.973 -3.227 -3.335
0.0015467 -1.00000 10.04139 0.8547137380 2.4364595295    0.811  3.102  3.5996  0.596    3  0.000  0.497    45.63    27.49    18.16    14.36    11.67  1  -8.8e-09      0.00 7.393e-01 2.591e-01 2.609e-04 9.690e-05 7.003e-04 -1.000 1.623e-03 -2.985 1.317 -1.272 -2.608 -3.059 -3.320 -3.430
0.0015467 -1.00000 10.04139 0.8547228575 2.4364622686    0.807  3.142  3.5964  0.540    3  0.000  0.497    51.27    30.36    19.97    15.82    12.85  1 -1.03e-08      0.00 7.393e-01 2.591e-01 2.609e-04 9.690e-05 7.003e-04 -1.000 1.623e-03 -3.086 1.308 -1.311 -2.681 -3.146 -3.415 -3.529
0.0015467 -1.00000 10.04139 0.8547314405 2.4364648465    0.802  3.183  3.5931  0.484    3  0.000  0.497    57.65    33.54    21.96    17.42    14.16  1 -1.21e-08      0.00 7.393e-01 2.591e-01 2.609e-04 9.690e-05 7.003e-04 -1.000 1.623e-03 -3.187 1.300 -1.347 -2.753 -3.234 -3.511 -3.627
0.0015467 -1.00000 10.04139 0.8547393084 2.4364672096    0.798  3.222  3.5899  0.429    3  0.000  0.497    64.66    36.98    24.10    19.15    15.57  1 -1.42e-08      0.00 7.393e-01 2.591e-01 2.609e-04 9.691e-05 7.003e-04 -1.000 1.623e-03 -3.285 1.293 -1.376 -2.820 -3.318 -3.604 -3.723
0.0015467 -1.00000 10.04139 0.8547465205 2.4364693757    0.793  3.260  3.5866  0.376    3  0.000  0.497    72.34    40.67    26.39    21.01    17.08  1 -1.65e-08      0.00 7.393e-01 2.591e-01 2.609e-04 9.691e-05 7.003e-04 -1.000 1.623e-03 -3.380 1.280 -1.399 -2.882 -3.398 -3.693 -3.815
0.0015467 -1.00000 10.04139 0.8547532558 2.4364713985    0.787  3.297  3.5835  0.323    3  0.000  0.497    80.71    44.62    28.83    22.99    18.69  1 -1.91e-08      0.00 7.393e-01 2.591e-01 2.609e-04 9.691e-05 7.003e-04 -1.000 1.623e-03 -3.472 1.266 -1.420 -2.940 -3.475 -3.779 -3.904
0.0015467 -1.00000 10.04139 0.8547599316 2.4364734034    0.781  3.333  3.5805  0.272    3  0.000  0.497    89.95    48.90    31.46    25.12    20.43  1 -2.22e-08      0.00 7.393e-01 2.591e-01 2.609e-04 9.691e-05 7.003e-04 -1.000 1.623e-03 -3.562 1.248 -1.442 -2.998 -3.552 -3.864 -3.992
0.0015467 -1.00000 10.04139 0.8547614217 2.4364738509    0.780  3.340  3.5798  0.261    3  0.000  0.497    91.91    49.79    32.01    25.57    20.80  1  -2.3e-08      0.00 7.393e-01 2.591e-01 2.609e-04 9.691e-05 7.003e-04 -1.000 1.623e-03 -3.580 1.246 -1.444 -3.008 -3.566 -3.880 -4.009
0.0015467 -1.00000 10.04139 0.8547614217 2.4364738509    0.780  1.738  3.7303  2.466    4  0.000  0.513     0.00     0.00     0.00     0.00     0.00 -1    -1e-30      0.00 7.390e-01 2.594e-01 2.699e-04 8.883e-05 7.035e-04 -1.000 1.566e-03 0.426 1.744 0.840 0.365 0.216 0.156 0.138
0.0015467 -1.00000 10.04139 0.8548198938 2.4364914100    0.780  1.754  3.7292  2.445    4  0.000  0.513     0.00     0.00     0.00     0.00     0.00 -1    -1e-30      0.00 7.390e-01 2.594e-01 2.699e-04 8.883e-05 7.035e-04 -1.000 1.566e-03 0.386 1.717 0.805 0.325 0.175 0.114 0.094
0.0015467 -1.00000 10.04139 0.8548753262 2.4365080536    0.780  1.757  3.7290  2.441    4  0.000  0.513     0.00     0.00     0.00     0.00     0.00 -1    -1e-30      0.00 7.390e-01 2.594e-01 2.699e-04 8.883e-05 7.035e-04 -1.000 1.566e-03 0.377 1.711 0.797 0.316 0.166 0.104 0.085
0.0015467 -1.00000 10.04139 0.8549301028 2.4365244980    0.780  1.759  3.7291  2.439    4  0.000  0.513     0.00     0.00     0.00     0.00     0.00 -1    -1e-30      0.00 7.390e-01 2.594e-01 2.699e-04 8.883e-05 7.035e-04 -1.000 1.566e-03 0.373 1.706 0.792 0.312 0.162 0.100 0.081
0.0015467 -1.00000 10.04139 0.8549867272 2.4365414945    0.780  1.759  3.7294  2.440    4  0.000  0.513     0.00     0.00     0.00     0.00     0.00 -1    -1e-30      0.00 7.390e-01 2.594e-01 2.699e-04 8.883e-05 7.035e-04 -1.000 1.566e-03 0.372 1.701 0.790 0.311 0.160 0.100 0.081
0.0015467 -1.00000 10.04139 0.8550431132 2.4365584169    0.780  1.759  3.7299  2.442    4  0.000  0.513     0.00     0.00     0.00     0.00     0.00 -1    -1e-30      0.00 7.390e-01 2.594e-01 2.699e-04 8.883e-05 7.035e-04 -1.000 1.566e-03 0.372 1.696 0.788 0.311 0.162 0.101 0.083
0.0015467 -1.00000 10.04139 0.8551002741 2.4365755692    0.780  1.758  3.7305  2.446    4  0.000  0.513     0.00     0.00     0.00     0.00     0.00 -1    -1e-30      0.00 7.390e-01 2.594e-01 2.699e-04 8.883e-05 7.035e-04 -1.000 1.566e-03 0.374 1.692 0.788 0.313 0.165 0.105 0.086
0.0015467 -1.00000 10.04139 0.8551569581 2.4365925758    0.780  1.757  3.7311  2.450    4  0.000  0.513     0.00     0.00     0.00     0.00     0.00 -1    -1e-30      0.00 7.390e-01 2.594e-01 2.699e-04 8.883e-05 7.035e-04 -1.000 1.566e-03 0.377 1.688 0.788 0.315 0.168 0.109 0.091
0.0015467 -1.00000 10.04139 0.8552142978 2.4366097765    0.780  1.756  3.7319  2.454    4  0.000  0.513     0.00     0.00     0.00     0.00     0.00 -1    -1e-30      0.00 7.390e-01 2.594e-01 2.699e-04 8.883e-05 7.035e-04 -1.000 1.566e-03 0.381 1.684 0.788 0.318 0.172 0.114 0.097
0.0015467 -1.00000 10.04139 0.8552727699 2.4366273142    0.780  1.754  3.7326  2.458    4  0.000  0.513     0.00     0.00     0.00     0.00     0.00 -1    -1e-30      0.00 7.390e-01 2.594e-01 2.699e-04 8.883e-05 7.035e-04 -1.000 1.566e-03 0.384 1.680 0.788 0.321 0.176 0.119 0.102
0.0015467 -1.00000 10.04139 0.8553321362 2.4366451172    0.780  1.753  3.7333  2.462    4  0.000  0.513     0.00     0.00     0.00     0.00     0.00 -1    -1e-30      0.00 7.390e-01 2.594e-01 2.699e-04 8.883e-05 7.035e-04 -1.000 1.566e-03 0.387 1.676 0.788 0.324 0.180 0.124 0.106
0.0015467 -1.00000 10.04139 0.8553859591 2.4366612554    0.780  1.752  3.7338  2.465    4  0.000  0.513     0.00     0.00     0.00     0.00     0.00 -1    -1e-30      0.00 7.390e-01 2.594e-01 2.699e-04 8.883e-05 7.035e-04 -1.000 1.566e-03 0.389 1.672 0.788 0.326 0.183 0.127 0.110
0.0015467 -1.00000 10.04139 0.8554458022 2.4366791960    0.781  1.751  3.7344  2.469    4  0.000  0.513     0.00     0.00     0.00     0.00     0.00 -1    -1e-30      0.00 7.390e-01 2.594e-01 2.699e-04 8.883e-05 7.035e-04 -1.000 1.566e-03 0.391 1.668 0.787 0.328 0.186 0.131 0.114
0.0015467 -1.00000 10.04139 0.8555036783 2.4366965441    0.781  1.751  3.7349  2.471    4  0.000  0.513     0.00     0.00     0.00     0.00     0.00 -1    -1e-30      0.00 7.390e-01 2.594e-01 2.699e-04 8.883e-05 7.035e-04 -1.000 1.566e-03 0.393 1.665 0.787 0.329 0.188 0.134 0.117
0.0015467 -1.00000 10.04139 0.8555601835 2.4367134787    0.781  1.750  3.7353  2.474    4  0.000  0.513     0.00     0.00     0.00     0.00     0.00 -1    -1e-30      0.00 7.390e-01 2.594e-01 2.699e-04 8.883e-05 7.035e-04 -1.000 1.566e-03 0.394 1.662 0.786 0.330 0.190 0.136 0.120
0.0015467 -1.00000 10.04139 0.8555664420 2.4367153542    0.781  1.750  3.7354  2.474    4  0.000  0.513     0.00     0.00     0.00     0.00     0.00 -1    -1e-30      0.00 7.390e-01 2.594e-01 2.699e-04 8.883e-05 7.035e-04 -1.000 1.566e-03 0.394 1.661 0.786 0.330 0.190 0.136 0.120
0.0015467 -1.00000 10.04139 0.8555707932 2.4367166581    0.781  1.750  3.7354  2.474    4  0.000  0.513     0.00     0.00     0.00     0.00     0.00 -1    -1e-30      0.00 7.390e-01 2.594e-01 2.699e-04 8.883e-05 7.035e-04 -1.000 1.566e-03 0.394 1.661 0.786 0.330 0.190 0.136 0.120
0.0015467 -1.00000 10.04139 0.8556251526 2.4367329467    0.781  1.750  3.7357  2.475    4  0.000  0.513     0.00     0.00     0.00     0.00     0.00 -1    -1e-30      0.00 7.390e-01 2.594e-01 2.699e-04 8.883e-05 7.035e-04 -1.000 1.566e-03 0.395 1.658 0.785 0.331 0.191 0.137 0.121
0.0015467 -1.00000 10.04139 0.8556895852 2.4367522507    0.781  1.750  3.7360  2.477    4  0.000  0.513     0.00     0.00     0.00     0.00     0.00 -1    -1e-30      0.00 7.390e-01 2.594e-01 2.699e-04 8.883e-05 7.035e-04 -1.000 1.566e-03 0.395 1.655 0.784 0.330 0.191 0.138 0.122
0.0015467 -1.00000 10.04139 0.8557478786 2.4367697124    0.781  1.750  3.7362  2.477    4  0.000  0.513     0.00     0.00     0.00     0.00     0.00 -1    -1e-30      0.00 7.390e-01 2.594e-01 2.699e-04 8.884e-05 7.035e-04 -1.000 1.566e-03 0.394 1.653 0.782 0.329 0.191 0.137 0.122
0.0015467 -1.00000 10.04139 0.8558092713 2.4367880996    0.781  1.751  3.7363  2.477    4  0.000  0.513     0.00     0.00     0.00     0.00     0.00 -1    -1e-30      0.00 7.390e-01 2.594e-01 2.699e-04 8.884e-05 7.035e-04 -1.000 1.566e-03 0.392 1.650 0.780 0.328 0.189 0.136 0.120
0.0015467 -1.00000 10.04139 0.8558709025 2.4368065552    0.781  1.752  3.7362  2.476    4  0.000  0.513     0.00     0.00     0.00     0.00     0.00 -1    -1e-30      0.00 7.390e-01 2.594e-01 2.699e-04 8.884e-05 7.035e-04 -1.000 1.566e-03 0.390 1.648 0.778 0.325 0.187 0.133 0.118
0.0015467 -1.00000 10.04139 0.8559337258 2.4368253646    0.781  1.753  3.7361  2.474    4  0.000  0.513     0.00     0.00     0.00     0.00     0.00 -1    -1e-30      0.00 7.390e-01 2.594e-01 2.699e-04 8.884e-05 7.035e-04 -1.000 1.566e-03 0.387 1.646 0.775 0.322 0.183 0.130 0.114
0.0015467 -1.00000 10.04139 0.8559972048 2.4368443670    0.781  1.755  3.7359  2.471    4  0.000  0.513     0.00     0.00     0.00     0.00     0.00 -1    -1e-30      0.00 7.390e-01 2.594e-01 2.699e-04 8.884e-05 7.035e-04 -1.000 1.566e-03 0.382 1.644 0.771 0.317 0.178 0.125 0.109
0.0015467 -1.00000 10.04139 0.8560082912 2.4368476855    0.781  1.756  3.7358  2.470    4  0.000  0.513     0.00     0.00     0.00     0.00     0.00 -1    -1e-30      0.00 7.390e-01 2.594e-01 2.699e-04 8.884e-05 7.035e-04 -1.000 1.566e-03 0.381 1.644 0.771 0.317 0.177 0.124 0.108
0.0015467 -1.00000 10.04139 0.8560233712 2.4368521990    0.781  1.756  3.7357  2.470    4  0.000  0.513     0.00     0.00     0.00     0.00     0.00 -1    -1e-30      0.00 7.390e-01 2.594e-01 2.699e-04 8.884e-05 7.035e-04 -1.000 1.566e-03 0.380 1.643 0.770 0.315 0.176 0.122 0.106
0.0015467 -1.00000 10.04139 0.8560860753 2.4368709651    0.781  1.759  3.7353  2.465    4  0.000  0.513     0.00     0.00     0.00     0.00     0.00 -1    -1e-30      0.00 7.390e-01 2.594e-01 2.699e-04 8.884e-05 7.035e-04 -1.000 1.566e-03 0.373 1.641 0.765 0.309 0.169 0.115 0.099
0.0015467 -1.00000 10.04139 0.8561473489 2.4368892999    0.781  1.762  3.7348  2.460    4  0.000  0.513     0.00     0.00     0.00     0.00     0.00 -1    -1e-30      0.00 7.390e-01 2.594e-01 2.699e-04 8.884e-05 7.035e-04 -1.000 1.566e-03 0.366 1.639 0.760 0.302 0.161 0.106 0.090
0.0015467 -1.00000 10.04139 0.8562104106 2.4369081667    0.781  1.765  3.7342  2.454    4  0.000  0.513     0.00     0.00     0.00     0.00     0.00 -1    -1e-30      0.00 7.390e-01 2.594e-01 2.699e-04 8.884e-05 7.035e-04 -1.000 1.566e-03 0.357 1.636 0.753 0.293 0.151 0.095 0.079
0.0015467 -1.00000 10.04139 0.8562713265 2.4369263884    0.781  1.769  3.7336  2.448    4  0.000  0.513     0.00     0.00     0.00     0.00     0.00 -1    -1e-30      0.00 7.390e-01 2.594e-01 2.699e-04 8.884e-05 7.035e-04 -1.000 1.566e-03 0.347 1.633 0.746 0.283 0.140 0.084 0.067
0.0015467 -1.00000 10.04139 0.8563339710 2.4369451241    0.782  1.774  3.7328  2.440    4  0.000  0.513     0.00     0.00     0.00     0.00     0.00 -1    -1e-30      0.00 7.390e-01 2.594e-01 2.699e-04 8.884e-05 7.035e-04 -1.000 1.566e-03 0.336 1.630 0.738 0.272 0.128 0.071 0.053
0.0015467 -1.00000 10.04139 0.8563945889 2.4369632507    0.782  1.779  3.7319  2.431    4  0.000  0.513     0.00     0.00     0.00     0.00     0.00 -1    -1e-30      0.00 7.390e-01 2.594e-01 2.699e-04 8.884e-05 7.035e-04 -1.000 1.566e-03 0.322 1.626 0.729 0.259 0.114 0.055 0.038
0.0015467 -1.00000 10.04139 0.8564555645 2.4369814812    0.782  1.785  3.7309  2.421    4  0.000  0.513     0.00     0.00     0.00     0.00     0.00 -1    -1e-30      0.00 7.390e-01 2.594e-01 2.699e-04 8.884e-05 7.035e-04 -1.000 1.566e-03 0.307 1.622 0.718 0.245 0.097 0.038 0.020
0.0015467 -1.00000 10.04139 0.8565165997 2.4369997266    0.782  1.792  3.7299  2.411    4  0.000  0.513     0.00     0.00     0.00     0.00     0.00 -1    -1e-30      0.00 7.390e-01 2.594e-01 2.699e-04 8.884e-05 7.035e-04 -1.000 1.566e-03 0.291 1.616 0.706 0.229 0.080 0.020 0.001
0.0015467 -1.00000 10.04139 0.8565775752 2.4370179512    0.782  1.799  3.7289  2.400    4  0.000  0.513     0.00     0.00     0.00     0.00     0.00 -1    -1e-30      0.00 7.390e-01 2.594e-01 2.699e-04 8.884e-05 7.035e-04 -1.000 1.566e-03 0.274 1.610 0.693 0.212 0.061 -0.000 -0.019
0.0015467 -1.00000 10.04139 0.8566379547 2.4370359947    0.782  1.795  3.7295  2.406    4  0.000  0.513     0.00     0.00     0.00     0.00     0.00 -1    -1e-30      0.00 7.390e-01 2.594e-01 2.699e-04 8.884e-05 7.035e-04 -1.000 1.566e-03 0.283 1.612 0.699 0.221 0.071 0.011 -0.008
0.0015467 -1.00000 10.04139 0.8567004800 2.4370546763    0.782  1.812  3.7269  2.378    4  0.000  0.513     0.00     0.00     0.00     0.00     0.00 -1    -1e-30      0.00 7.390e-01 2.594e-01 2.699e-04 8.884e-05 7.035e-04 -1.000 1.566e-03 0.239 1.599 0.668 0.179 0.025 -0.039 -0.059
0.0015467 -1.00000 10.04139 0.8567618132 2.4370729988    0.782  1.840  3.7231  2.336    4  0.000  0.513     0.00     0.00     0.00     0.00     0.00 -1    -1e-30      0.00 7.390e-01 2.594e-01 2.699e-04 8.884e-05 7.035e-04 -1.000 1.566e-03 0.171 1.574 0.617 0.113 -0.047 -0.115 -0.137
0.0015467 -1.00000 10.04139 0.8568041921 2.4370856571    0.782  1.876  3.7184  2.281    4  0.000  0.513     0.00     0.00     0.00     0.00     0.00 -1    -1e-30      0.00 7.390e-01 2.594e-01 2.699e-04 8.884e-05 7.035e-04 -1.000 1.566e-03 0.080 1.540 0.549 0.026 -0.143 -0.216 -0.240
0.0015467 -1.00000 10.04139 0.8568243980 2.4370916920    0.782  1.913  3.7138  2.225    4  0.000  0.513     0.00     0.00     0.00     0.00     0.00 -1    -1e-30      0.00 7.390e-01 2.594e-01 2.699e-04 8.884e-05 7.035e-04 -1.000 1.566e-03 -0.013 1.505 0.479 -0.064 -0.240 -0.318 -0.345
0.0015467 -1.00000 10.04139 0.8568333983 2.4370943800    0.782  1.949  3.7095  2.172    4  0.000  0.513     0.00     0.00     0.00     0.00     0.00 -1    -1e-30      0.00 7.390e-01 2.594e-01 2.699e-04 8.884e-05 7.035e-04 -1.000 1.566e-03 -0.103 1.470 0.412 -0.149 -0.332 -0.416 -0.446
0.0015467 -1.00000 10.04139 0.8568376899 2.4370956617    0.782  1.985  3.7054  2.120    4  0.000  0.513     0.00     0.00     0.00     0.00     0.00 -1    -1e-30      0.00 7.390e-01 2.594e-01 2.699e-04 8.884e-05 7.035e-04 -1.000 1.566e-03 -0.193 1.437 0.345 -0.234 -0.424 -0.514 -0.545
0.0015467 -1.00000 10.04139 0.8568400145 2.4370963559    0.782  2.023  3.7013  2.065    4  0.000  0.513     0.00     0.00     0.00     0.00     0.00 -1    -1e-30      0.00 7.390e-01 2.594e-01 2.699e-04 8.884e-05 7.035e-04 -1.000 1.566e-03 -0.288 1.398 0.272 -0.324 -0.522 -0.616 -0.650
0.0015467 -1.00000 10.04139 0.8568413854 2.4370967653    0.782  2.059  3.6976  2.015    4  0.000  0.513     0.00     0.00     0.00     0.00     0.00 -1    -1e-30      0.00 7.390e-01 2.594e-01 2.699e-04 8.884e-05 7.035e-04 -1.000 1.566e-03 -0.377 1.361 0.205 -0.408 -0.613 -0.711 -0.747
0.0015467 -1.00000 10.04139 0.8568415046 2.4370968009    0.782  2.063  3.6971  2.008    7  0.000  0.513     0.00     0.00     0.00     0.00     0.00 -1 -9.82e-10      0.00 7.390e-01 2.578e-01 2.699e-04 8.884e-05 7.035e-04 -1.000 3.229e-03 -0.388 1.357 0.196 -0.418 -0.623 -0.723 -0.759
0.0015467 -1.00000 10.04139 0.8568423390 2.4370970501    0.782  2.094  3.6942  1.966    7  0.000  0.513     0.00     0.00     0.00     0.00     0.00 -1 -1.17e-09      0.00 7.390e-01 2.578e-01 2.699e-04 8.884e-05 7.035e-04 -1.000 3.229e-03 -0.465 1.327 0.139 -0.490 -0.700 -0.804 -0.841
0.0015467 -1.00000 10.04139 0.8568432927 2.4370973350    0.782  2.128  3.6911  1.920    7  0.000  0.513     0.00     0.00     0.00     0.00     0.00 -1 -1.43e-09      0.00 7.390e-01 2.578e-01 2.699e-04 8.884e-05 7.035e-04 -1.000 3.229e-03 -0.550 1.293 0.073 -0.570 -0.786 -0.894 -0.933
0.0015467 -1.00000 10.04139 0.8568443060 2.4370976376    0.782  2.157  3.6884  1.880    7  0.000  0.513     0.00     0.00     0.00     0.00     0.00 -1 -1.68e-09      0.00 7.390e-01 2.578e-01 2.699e-04 8.884e-05 7.035e-04 -1.000 3.229e-03 -0.623 1.266 0.018 -0.638 -0.859 -0.970 -1.012
0.0015467 -1.00000 10.04139 0.8568469882 2.4370984386    0.782  2.153  3.6888  1.886    7  0.000  0.513     0.00     0.00     0.00     0.00     0.00 -1 -1.64e-09      0.00 7.390e-01 2.578e-01 2.699e-04 8.884e-05 7.035e-04 -1.000 3.229e-03 -0.612 1.269 0.026 -0.628 -0.849 -0.959 -1.000
0.0015467 -1.00000 10.04139 0.8568495512 2.4370992040    0.782  2.141  3.6899  1.901    7  0.000  0.513     0.00     0.00     0.00     0.00     0.00 -1 -1.54e-09      0.00 7.390e-01 2.578e-01 2.699e-04 8.884e-05 7.035e-04 -1.000 3.229e-03 -0.583 1.279 0.048 -0.601 -0.820 -0.929 -0.969
0.0015467 -1.00000 10.04139 0.8568795919 2.4371081750    0.780  2.142  3.6898  1.899    7  0.000  0.513     0.00     0.00     0.00     0.00     0.00 -1 -1.57e-09      0.00 7.390e-01 2.578e-01 2.699e-04 8.884e-05 7.035e-04 -1.000 3.229e-03 -0.585 1.280 0.047 -0.603 -0.822 -0.932 -0.972
0.0015467 -1.00000 10.04139 0.8569053411 2.4371158639    0.778  2.187  3.6856  1.837    7  0.000  0.513     0.00     0.00     0.00     0.00     0.00 -1 -2.04e-09      0.00 7.390e-01 2.578e-01 2.699e-04 8.884e-05 7.035e-04 -1.000 3.229e-03 -0.696 1.242 -0.035 -0.705 -0.932 -1.047 -1.090
0.0015467 -1.00000 10.04139 0.8569227457 2.4371210607    0.776  2.227  3.6818  1.781    7  0.000  0.513     0.00     0.00     0.00     0.00     0.00 -1 -2.56e-09      0.00 7.390e-01 2.578e-01 2.699e-04 8.884e-05 7.035e-04 -1.000 3.229e-03 -0.797 1.220 -0.109 -0.803 -1.035 -1.154 -1.200
0.0015467 -1.00000 10.04139 0.8569375277 2.4371254743    0.775  2.267  3.6782  1.725    7  0.000  0.513     0.00     0.00     0.00     0.00     0.00 -1 -3.23e-09      0.00 7.390e-01 2.578e-01 2.699e-04 8.884e-05 7.035e-04 -1.000 3.229e-03 -0.896 1.202 -0.180 -0.898 -1.136 -1.259 -1.308
0.0015467 -1.00000 10.04139 0.8569543362 2.4371304927    0.772  2.314  3.6740  1.660    7  0.000  0.513     0.00     0.00     0.00     0.00     0.00 -1 -4.26e-09      0.00 7.390e-01 2.578e-01 2.699e-04 8.884e-05 7.035e-04 -1.000 3.229e-03 -1.014 1.182 -0.263 -1.011 -1.255 -1.383 -1.435
0.0015467 -1.00000 10.04139 0.8569697142 2.4371350838    0.769  2.356  3.6702  1.600    7  0.000  0.513     0.00     0.00     0.00     0.00     0.00 -1 -5.45e-09      0.00 7.390e-01 2.578e-01 2.699e-04 8.884e-05 7.035e-04 -1.000 3.229e-03 -1.121 1.166 -0.338 -1.112 -1.362 -1.495 -1.549
0.0015467 -1.00000 10.04139 0.8569836020 2.4371392299    0.765  2.397  3.6666  1.543    7  0.000  0.513     0.00     0.00     0.00     0.00     0.00 -1 -6.92e-09      0.00 7.390e-01 2.578e-01 2.699e-04 8.884e-05 7.035e-04 -1.000 3.228e-03 -1.224 1.158 -0.406 -1.208 -1.464 -1.601 -1.658
0.0015467 -1.00000 10.04139 0.8569961190 2.4371429665    0.761  2.438  3.6630  1.486    7  0.000  0.513     0.00     0.00     0.00     0.00     0.00 -1 -8.81e-09      0.00 7.390e-01 2.579e-01 2.698e-04 8.884e-05 7.035e-04 -1.000 3.161e-03 -1.325 1.154 -0.473 -1.302 -1.564 -1.705 -1.765
0.0015467 -1.00000 10.04139 0.8570072651 2.4371462939    0.757  2.478  3.6596  1.430    7  0.000  0.512     0.00     0.00     0.00     0.00     0.00 -1  -1.1e-08      0.00 7.390e-01 2.579e-01 2.697e-04 8.886e-05 7.035e-04 -1.000 3.129e-03 -1.424 1.159 -0.535 -1.394 -1.661 -1.807 -1.870
0.0015467 -1.00000 10.04139 0.8570173979 2.4371493186    0.752  2.517  3.6561  1.373    7  0.000  0.512     8.59     6.61     4.65     3.61     2.92  3 -1.39e-08      0.00 7.390e-01 2.579e-01 2.693e-04 8.902e-05 7.035e-04 -1.000 3.128e-03 -1.523 1.161 -0.596 -1.481 -1.755 -1.907 -1.973
0.0015467 -1.00000 10.04139 0.8570265174 2.4371520408    0.746  2.556  3.6526  1.317    7  0.000  0.509     9.66     7.30     5.11     3.98     3.22  3 -1.76e-08      0.00 7.390e-01 2.579e-01 2.683e-04 8.971e-05 7.035e-04 -1.000 3.076e-03 -1.620 1.158 -0.655 -1.565 -1.848 -2.005 -2.073
0.0015467 -1.00000 10.04139 0.8570349216 2.4371545494    0.739  2.595  3.6448  1.243    7  0.000  0.505    11.28     8.33     5.80     4.52     3.66  3 -2.25e-08      0.00 7.390e-01 2.580e-01 2.662e-04 9.167e-05 7.035e-04 -1.000 3.029e-03 -1.718 1.254 -0.669 -1.628 -1.929 -2.100 -2.174
0.0015467 -1.00000 10.04139 0.8570388556 2.4371557237    0.735  2.615  3.6410  1.205    7  0.000  0.502    12.20     8.90     6.17     4.82     3.90  2 -2.56e-08      0.00 7.390e-01 2.580e-01 2.646e-04 9.342e-05 7.035e-04 -1.000 3.029e-03 -1.767 1.302 -0.675 -1.659 -1.970 -2.147 -2.224
0.0015467 -1.00000 10.04139 0.8570463061 2.4371579476    0.726  2.653  3.6374  1.147    7  0.000  0.495    13.76     9.86     6.81     5.32     4.31  2 -3.25e-08      0.00 7.390e-01 2.580e-01 2.611e-04 9.759e-05 7.035e-04 -1.000 3.018e-03 -1.864 1.309 -0.727 -1.737 -2.058 -2.242 -2.321
0.0015467 -1.00000 10.04139 0.8570534587 2.4371600825    0.715  2.692  3.6340  1.088    7  0.000  0.488    15.53    10.92     7.50     5.88     4.76  2 -4.11e-08      0.00 7.390e-01 2.580e-01 2.577e-04 1.017e-04 7.035e-04 -1.000 3.003e-03 -1.960 1.313 -0.780 -1.816 -2.146 -2.336 -2.419
0.0015467 -1.00000 10.04139 0.8570604324 2.4371621639    0.702  2.730  3.6305  1.028    7  0.000  0.482    17.58    12.12     8.29     6.51     5.27  2 -5.34e-08      0.00 7.389e-01 2.581e-01 2.546e-04 1.055e-04 7.035e-04 -1.000 2.951e-03 -2.056 1.323 -0.831 -1.894 -2.233 -2.430 -2.515
0.0015467 -1.00000 10.04139 0.8570671678 2.4371641742    0.685  2.768  3.6271  0.965    7  0.000  0.477    19.96    13.49     9.17     7.22     5.85  2 -6.97e-08      0.00 7.389e-01 2.582e-01 2.519e-04 1.088e-04 7.035e-04 -1.000 2.997e-03 -2.151 1.339 -0.875 -1.968 -2.319 -2.522 -2.610
0.0015467 -1.00000 10.04139 0.8570732474 2.4371659888    0.665  2.806  3.6239  0.902    7  0.000  0.472    22.70    15.01    10.15     8.01     6.49  1 -9.21e-08      0.00 7.388e-01 2.582e-01 2.495e-04 1.117e-04 7.035e-04 -1.000 2.987e-03 -2.245 1.356 -0.917 -2.042 -2.404 -2.614 -2.705
0.0015467 -1.00000 10.04139 0.8570790291 2.4371677144    0.639  2.844  3.6212  0.836    7  0.000  0.468    25.88    16.73    11.24     8.91     7.21  1 -1.24e-07      0.00 7.388e-01 2.583e-01 2.475e-04 1.142e-04 7.035e-04 -1.000 2.918e-03 -2.339 1.363 -0.965 -2.119 -2.490 -2.706 -2.799
0.0015467 -1.00000 10.04139 0.8570837379 2.4371691197    0.610  2.879  3.6194  0.774    7  0.000  0.465    29.30    18.51    12.37     9.83     7.96  1 -1.71e-07      0.00 7.387e-01 2.583e-01 2.459e-04 1.163e-04 7.035e-04 -1.000 2.942e-03 -2.428 1.354 -1.019 -2.196 -2.574 -2.794 -2.889
0.0015467 -1.00000 10.04139 0.8570871949 2.4371701515    0.583  2.910  3.6199  0.725    7  0.000  0.463    32.28    20.00    13.30    10.60     8.58  1 -2.29e-07      0.00 7.387e-01 2.584e-01 2.445e-04 1.179e-04 7.035e-04 -1.000 2.924e-03 -2.506 1.298 -1.093 -2.277 -2.656 -2.875 -2.971
0.0015467 -1.00000 10.04139 0.8570900559 2.4371710054    0.553  2.942  3.6254  0.692    7  0.000  0.460    34.33    20.94    13.89    11.10     8.98  1  -3.1e-07      0.00 7.386e-01 2.585e-01 2.433e-04 1.195e-04 7.034e-04 -1.000 2.893e-03 -2.586 1.126 -1.232 -2.391 -2.755 -2.965 -3.056
0.0015467 -1.00000 10.04139 0.8570922017 2.4371716458    0.512  2.969  3.6490  0.726    7  0.000  0.458    31.36    19.28    12.81    10.25     8.29  1 -3.88e-07      0.00 7.385e-01 2.585e-01 2.420e-04 1.210e-04 7.034e-04 -1.000 2.929e-03 -2.651 0.533 -1.566 -2.585 -2.890 -3.057 -3.131
0.0015467 -1.00000 10.04139 1.0965409279 2.4910964848    0.544 -9.999  3.6282  7.954    9  0.545  0.000     0.00     0.00     0.00     0.00     0.00 -1    -1e-30      0.00 7.252e-01 2.732e-01 2.244e-04 1.654e-04 7.173e-04 -1.000 1.584e-03 29.767 32.780 30.981 29.876 29.489 29.297 29.231
