# Zini     MH   logAge Mini        int_IMF         Mass   logL    logTe  logg  label   McoreTP C_O  period0  period1  period2  period3  period4  pmode  Mloss  tau1m   X   Y   Xc  Xn  Xo  Cexcess  Z 	 mbolmag  umag    gmag    rmag    imag    zmag    Ymag
0.00061788 -1.40000 10.05690 0.0899999961 1.0816895212    0.090 -3.192  3.4692  5.413    1  0.000  0.545     0.00     0.00     0.00     0.00     0.00 -1  -5.3e-17      0.00 7.477e-01 2.516e-01 1.174e-04 3.167e-05 2.872e-04 -1.000 6.528e-04 12.750 17.922 16.360 14.456 12.687 12.105 11.992
0.00061788 -1.40000 10.05690 0.0930302590 1.1100986958    0.093 -3.105  3.4817  5.390    1  0.000  0.545     0.00     0.00     0.00     0.00     0.00 -1 -6.54e-17      0.00 7.472e-01 2.521e-01 1.174e-04 3.167e-05 2.872e-04 -1.000 6.528e-04 12.531 17.669 15.885 14.009 12.437 11.908 11.795
0.00061788 -1.40000 10.05690 0.1000000015 1.1711064122    0.100 -2.914  3.5088  5.339    1  0.000  0.545     0.00     0.00     0.00     0.00     0.00 -1 -1.04e-16      0.00 7.461e-01 2.532e-01 1.174e-04 3.167e-05 2.872e-04 -1.000 6.527e-04 12.056 16.998 14.865 13.089 11.908 11.477 11.364
0.00061788 -1.40000 10.05690 0.1199999899 1.3193153758    0.120 -2.629  3.5404  5.260    1  0.000  0.545     0.00     0.00     0.00     0.00     0.00 -1    -2e-16      0.00 7.437e-01 2.556e-01 1.174e-04 3.167e-05 2.872e-04 -1.000 6.528e-04 11.343 15.832 13.606 11.987 11.152 10.805 10.699
0.00061788 -1.40000 10.05690 0.1400000006 1.4384526719    0.140 -2.448  3.5561  5.208    1  0.000  0.545     0.00     0.00     0.00     0.00     0.00 -1 -2.98e-16      0.00 7.420e-01 2.574e-01 1.174e-04 3.167e-05 2.872e-04 -1.000 6.528e-04 10.890 15.092 12.917 11.386 10.682 10.369 10.267
0.00061788 -1.40000 10.05690 0.1599999964 1.5372931554    0.160 -2.307  3.5663  5.166    1  0.000  0.545     0.00     0.00     0.00     0.00     0.00 -1 -4.05e-16      0.00 7.406e-01 2.587e-01 1.174e-04 3.167e-05 2.872e-04 -1.000 6.527e-04 10.537 14.536 12.420 10.949 10.322 10.028 9.930
0.00061788 -1.40000 10.05690 0.2000000030 1.6938790862    0.200 -2.086  3.5799  5.096    1  0.000  0.545     0.00     0.00     0.00     0.00     0.00 -1 -6.53e-16      0.00 7.394e-01 2.600e-01 1.174e-04 3.167e-05 2.872e-04 -1.000 6.528e-04 9.984 13.718 11.690 10.306 9.759 9.489 9.397
0.00061788 -1.40000 10.05690 0.2500000000 1.8403257998    0.250 -1.881  3.5910  5.033    1  0.000  0.545     0.00     0.00     0.00     0.00     0.00 -1 -4.53e-16      0.00 7.392e-01 2.601e-01 1.174e-04 3.167e-05 2.872e-04 -1.000 6.528e-04 9.473 12.983 11.042 9.737 9.242 8.990 8.903
0.00061788 -1.40000 10.05690 0.3000000119 1.9529139769    0.300 -1.725  3.5995  4.990    1  0.000  0.545     0.00     0.00     0.00     0.00     0.00 -1 -4.28e-16      0.00 7.394e-01 2.599e-01 1.173e-04 3.167e-05 2.872e-04 -1.000 6.527e-04 9.083 12.436 10.555 9.310 8.846 8.607 8.524
0.00061788 -1.40000 10.05690 0.3499999940 2.0434174644    0.350 -1.599  3.6068  4.960    1  0.000  0.545     0.00     0.00     0.00     0.00     0.00 -1 -1.77e-15      0.00 7.422e-01 2.572e-01 1.173e-04 3.167e-05 2.872e-04 -1.000 6.527e-04 8.767 11.994 10.160 8.965 8.525 8.297 8.218
0.00061788 -1.40000 10.05690 0.3757756352 2.0837483943    0.376 -1.522  3.6127  4.938    1  0.000  0.545     0.00     0.00     0.00     0.00     0.00 -1  -2.1e-15      0.00 7.462e-01 2.531e-01 1.173e-04 3.167e-05 2.872e-04 -1.000 6.527e-04 8.575 11.703 9.905 8.750 8.328 8.110 8.034
0.00061788 -1.40000 10.05690 0.4000000060 2.1185024399    0.400 -1.454  3.6180  4.918    1  0.000  0.545     0.00     0.00     0.00     0.00     0.00 -1 -2.43e-15      0.00 7.499e-01 2.495e-01 1.174e-04 3.167e-05 2.872e-04 -1.000 6.527e-04 8.405 11.449 9.681 8.562 8.156 7.945 7.872
0.00061788 -1.40000 10.05690 0.4072102606 2.1283218164    0.407 -1.427  3.6208  4.910    1  0.000  0.545     0.00     0.00     0.00     0.00     0.00 -1 -2.58e-15      0.00 7.499e-01 2.495e-01 1.174e-04 3.167e-05 2.872e-04 -1.000 6.527e-04 8.338 11.338 9.587 8.486 8.088 7.882 7.810
0.00061788 -1.40000 10.05690 0.4499999881 2.1822809009    0.450 -1.279  3.6363  4.867    1  0.000  0.545     0.00     0.00     0.00     0.00     0.00 -1 -3.63e-15      0.00 7.499e-01 2.494e-01 1.174e-04 3.167e-05 2.872e-04 -1.000 6.527e-04 7.967 10.727 9.063 8.065 7.712 7.529 7.465
0.00061788 -1.40000 10.05690 0.5000000000 2.2374541529    0.500 -1.081  3.6631  4.822    1  0.000  0.545     0.00     0.00     0.00     0.00     0.00 -1 -5.72e-15      0.00 7.499e-01 2.494e-01 1.174e-04 3.167e-05 2.872e-04 -1.000 6.528e-04 7.473 9.822 8.327 7.495 7.211 7.068 7.017
0.00061788 -1.40000 10.05690 0.5500000715 2.2836583126    0.550 -0.866  3.6898  4.756    1  0.000  0.544     0.00     0.00     0.00     0.00     0.00 -1 -9.66e-15      0.00 7.827e-01 2.167e-01 1.030e-04 2.781e-05 2.523e-04 -1.000 5.423e-04 6.936 8.842 7.584 6.902 6.675 6.569 6.533
0.00061788 -1.40000 10.05690 0.6000000238 2.3211213258    0.600 -0.660  3.7175  4.698    1  0.000  0.544     0.00     0.00     0.00     0.00     0.00 -1 -1.59e-14      0.00 7.925e-01 2.069e-01 9.903e-05 2.675e-05 2.428e-04 -1.000 5.365e-04 6.420 7.932 6.916 6.356 6.176 6.103 6.081
0.00061788 -1.40000 10.05690 0.6075550318 2.3261687426    0.607 -0.628  3.7222  4.690    1  0.000  0.544     0.00     0.00     0.00     0.00     0.00 -1 -1.71e-14      0.00 7.942e-01 2.052e-01 9.833e-05 2.656e-05 2.411e-04 -1.000 5.465e-04 6.339 7.793 6.815 6.273 6.100 6.033 6.013
0.00061788 -1.40000 10.05690 0.6213908195 2.3350473922    0.621 -0.568  3.7308  4.675    1  0.000  0.543     0.00     0.00     0.00     0.00     0.00 -1 -1.98e-14      0.00 7.974e-01 2.020e-01 9.700e-05 2.621e-05 2.380e-04 -1.000 5.394e-04 6.191 7.543 6.630 6.121 5.962 5.904 5.889
0.00061788 -1.40000 10.05690 0.6332435012 2.3422996776    0.633 -0.517  3.7380  4.661    1  0.000  0.543     0.00     0.00     0.00     0.00     0.00 -1 -2.22e-14      0.00 8.003e-01 1.992e-01 9.584e-05 2.590e-05 2.352e-04 -1.000 5.503e-04 6.064 7.340 6.476 5.993 5.845 5.794 5.783
0.00061788 -1.40000 10.05690 0.6447209716 2.3490309320    0.644 -0.468  3.7449  4.646    1  0.000  0.543     0.00     0.00     0.00     0.00     0.00 -1 -2.14e-14      0.00 8.032e-01 1.963e-01 9.468e-05 2.559e-05 2.324e-04 -1.000 5.221e-04 5.939 7.146 6.328 5.870 5.732 5.689 5.681
0.00061788 -1.40000 10.05690 0.6499999762 2.3520353107    0.650 -0.445  3.7480  4.639    1  0.000  0.543     0.00     0.00     0.00     0.00     0.00 -1 -2.67e-14      0.00 8.045e-01 1.949e-01 9.410e-05 2.544e-05 2.310e-04 -1.000 5.222e-04 5.882 7.058 6.260 5.813 5.681 5.641 5.634
0.00061788 -1.40000 10.05690 0.6576123834 2.3562701565    0.657 -0.411  3.7521  4.628    1  0.000  0.543     0.00     0.00     0.00     0.00     0.00 -1 -2.91e-14      0.00 8.070e-01 1.925e-01 9.315e-05 2.518e-05 2.287e-04 -1.000 5.222e-04 5.799 6.936 6.164 5.732 5.606 5.571 5.566
0.00061788 -1.40000 10.05690 0.6708789468 2.3633869911    0.671 -0.353  3.7592  4.606    1  0.000  0.542     0.00     0.00     0.00     0.00     0.00 -1 -3.38e-14      0.00 8.114e-01 1.881e-01 9.137e-05 2.471e-05 2.245e-04 -1.000 5.222e-04 5.652 6.723 5.994 5.590 5.476 5.448 5.446
0.00061788 -1.40000 10.05690 0.6831605434 2.3696928852    0.683 -0.298  3.7655  4.584    1  0.000  0.542     0.00     0.00     0.00     0.00     0.00 -1  -3.9e-14      0.00 8.158e-01 1.837e-01 8.962e-05 2.424e-05 2.204e-04 -1.000 5.206e-04 5.514 6.534 5.839 5.458 5.353 5.332 5.332
0.00061788 -1.40000 10.05690 0.6944427490 2.3752601769    0.694 -0.246  3.7711  4.562    1  0.000  0.542     0.00     0.00     0.00     0.00     0.00 -1 -4.03e-14      0.00 8.201e-01 1.794e-01 8.791e-05 2.379e-05 2.163e-04 -1.000 5.047e-04 5.384 6.360 5.694 5.334 5.238 5.222 5.224
0.00061788 -1.40000 10.05690 0.6999999881 2.3779266974    0.700 -0.220  3.7738  4.550    1  0.000  0.542     0.00     0.00     0.00     0.00     0.00 -1  -4.8e-14      0.00 8.223e-01 1.772e-01 8.704e-05 2.356e-05 2.143e-04 -1.000 4.637e-04 5.319 6.275 5.623 5.272 5.180 5.167 5.170
0.00061788 -1.40000 10.05690 0.7013816237 2.3785821074    0.701 -0.213  3.7745  4.547    1  0.000  0.541     0.00     0.00     0.00     0.00     0.00 -1 -4.88e-14      0.00 8.230e-01 1.765e-01 8.673e-05 2.349e-05 2.136e-04 -1.000 4.519e-04 5.303 6.254 5.605 5.257 5.166 5.153 5.156
0.00061788 -1.40000 10.05690 0.7132562995 2.3840949425    0.713 -0.155  3.7800  4.518    1  0.000  0.539     0.00     0.00     0.00     0.00     0.00 -1 -5.71e-14      0.00 8.292e-01 1.704e-01 8.407e-05 2.284e-05 2.078e-04 -1.000 4.307e-04 5.158 6.070 5.446 5.119 5.036 5.029 5.034
0.00061788 -1.40000 10.05690 0.7242282033 2.3890043085    0.724 -0.099  3.7849  4.489    1  0.000  0.537     0.00     0.00     0.00     0.00     0.00 -1 -6.67e-14      0.00 8.350e-01 1.646e-01 8.153e-05 2.222e-05 2.024e-04 -1.000 4.221e-04 5.018 5.902 5.295 4.985 4.910 4.908 4.915
0.00061788 -1.40000 10.05690 0.7346067429 2.3934932981    0.734 -0.044  3.7894  4.457    1  0.000  0.535     0.00     0.00     0.00     0.00     0.00 -1  -7.8e-14      0.00 8.405e-01 1.591e-01 7.916e-05 2.164e-05 1.972e-04 -1.000 4.221e-04 4.880 5.737 5.146 4.852 4.784 4.785 4.794
0.00061788 -1.40000 10.05690 0.7436698079 2.3972956856    0.743  0.007  3.7931  4.426    1  0.000  0.533     0.00     0.00     0.00     0.00     0.00 -1 -9.02e-14      0.00 8.453e-01 1.543e-01 7.711e-05 2.114e-05 1.928e-04 -1.000 4.307e-04 4.752 5.590 5.009 4.729 4.667 4.672 4.682
0.00061788 -1.40000 10.05690 0.7500000000 2.3998889087    0.749  0.044  3.7956  4.403    1  0.000  0.532     0.00     0.00     0.00     0.00     0.00 -1    -1e-13      0.00 8.486e-01 1.510e-01 7.569e-05 2.079e-05 1.898e-04 -1.000 4.222e-04 4.660 5.485 4.911 4.640 4.581 4.589 4.600
0.00061788 -1.40000 10.05690 0.7501082420 2.3999328136    0.750  0.045  3.7956  4.403    1  0.000  0.532     0.00     0.00     0.00     0.00     0.00 -1 -1.01e-13      0.00 8.486e-01 1.510e-01 7.568e-05 2.079e-05 1.897e-04 -1.000 4.222e-04 4.659 5.483 4.909 4.638 4.580 4.588 4.599
0.00061788 -1.40000 10.05690 0.7594260573 2.4036584020    0.759  0.103  3.7992  4.364    1  0.000  0.531     0.00     0.00     0.00     0.00     0.00 -1 -1.19e-13      0.00 8.518e-01 1.478e-01 7.462e-05 2.051e-05 1.873e-04 -1.000 4.223e-04 4.513 5.319 4.754 4.496 4.444 4.455 4.467
0.00061788 -1.40000 10.05690 0.7680113912 2.4069992549    0.767  0.160  3.8023  4.324    1  0.000  0.531     0.00     0.00     0.00     0.00     0.00 -1 -1.42e-13      0.00 8.543e-01 1.453e-01 7.381e-05 2.030e-05 1.854e-04 -1.000 4.221e-04 4.369 5.160 4.602 4.356 4.308 4.322 4.335
0.00061788 -1.40000 10.05690 0.7759975791 2.4100307603    0.775  0.218  3.8048  4.281    1  0.000  0.530     0.00     0.00     0.00     0.00     0.00 -1 -1.69e-13      0.00 8.564e-01 1.432e-01 7.318e-05 2.013e-05 1.840e-04 -1.000 4.203e-04 4.226 5.005 4.452 4.215 4.172 4.188 4.202
0.00061788 -1.40000 10.05690 0.7831360102 2.4126803666    0.782  0.272  3.8066  4.238    1  0.000  0.530     0.00     0.00     0.00     0.00     0.00 -1 -2.01e-13      0.00 8.578e-01 1.418e-01 7.282e-05 2.005e-05 1.833e-04 -1.000 4.455e-04 4.089 4.859 4.309 4.079 4.039 4.058 4.072
0.00061788 -1.40000 10.05690 0.7893919945 2.4149571765    0.788  0.324  3.8077  4.194    1  0.000  0.529     0.00     0.00     0.00     0.00     0.00 -1 -2.37e-13      0.00 8.576e-01 1.419e-01 7.306e-05 2.011e-05 1.839e-04 -1.000 4.683e-04 3.960 4.724 4.175 3.950 3.912 3.931 3.946
0.00061788 -1.40000 10.05690 0.7912886143 2.4156392612    0.790  0.340  3.8079  4.179    1  0.000  0.529     0.00     0.00     0.00     0.00     0.00 -1  -2.5e-13      0.00 8.575e-01 1.421e-01 7.316e-05 2.014e-05 1.842e-04 -1.000 4.746e-04 3.920 4.682 4.133 3.910 3.872 3.892 3.906
0.00061788 -1.40000 10.05690 0.7928663492 2.4162038063    0.792  0.355  3.8078  4.165    1  0.000  0.529     0.00     0.00     0.00     0.00     0.00 -1 -2.63e-13      0.00 8.573e-01 1.422e-01 7.325e-05 2.017e-05 1.844e-04 -1.000 4.777e-04 3.883 4.645 4.096 3.872 3.835 3.854 3.869
0.00061788 -1.40000 10.05690 0.7989830375 2.4183682616    0.798  0.416  3.8065  4.102    1  0.000  0.529     0.00     0.00     0.00     0.00     0.00 -1 -3.07e-13      0.00 8.568e-01 1.427e-01 7.360e-05 2.027e-05 1.854e-04 -1.000 4.898e-04 3.731 4.497 3.945 3.718 3.680 3.698 3.712
0.00061788 -1.40000 10.05690 0.8000000119 2.4187244405    0.799  0.427  3.8058  4.088    1  0.000  0.529     0.00     0.00     0.00     0.00     0.00 -1 -3.36e-13      0.00 8.567e-01 1.428e-01 7.366e-05 2.029e-05 1.855e-04 -1.000 4.916e-04 3.702 4.471 3.917 3.688 3.649 3.666 3.680
0.00061788 -1.40000 10.05690 0.8035897613 2.4199734077    0.802  0.468  3.8035  4.040    1  0.000  0.529     0.00     0.00     0.00     0.00     0.00 -1  -3.9e-13      0.00 8.557e-01 1.438e-01 7.418e-05 2.043e-05 1.868e-04 -1.000 4.916e-04 3.599 4.376 3.818 3.583 3.540 3.555 3.568
0.00061788 -1.40000 10.05690 0.8043822646 2.4202474133    0.803  0.478  3.8026  4.027    1  0.000  0.529     0.00     0.00     0.00     0.00     0.00 -1 -4.08e-13      0.00 8.554e-01 1.441e-01 7.429e-05 2.046e-05 1.871e-04 -1.000 4.916e-04 3.574 4.355 3.795 3.557 3.513 3.528 3.540
0.00061788 -1.40000 10.05690 0.8058265448 2.4207451751    0.804  0.498  3.8005  3.999    2  0.000  0.529     0.00     0.00     0.00     0.00     0.00 -1 -4.39e-13      0.00 8.550e-01 1.445e-01 7.450e-05 2.052e-05 1.876e-04 -1.000 4.916e-04 3.525 4.313 3.750 3.505 3.458 3.471 3.482
0.00061788 -1.40000 10.05690 0.8086559176 2.4217143762    0.807  0.541  3.7942  3.933    2  0.000  0.529     0.00     0.00     0.00     0.00     0.00 -1  -5.2e-13      0.00 8.542e-01 1.453e-01 7.491e-05 2.063e-05 1.887e-04 -1.000 4.915e-04 3.418 4.234 3.656 3.392 3.336 3.342 3.352
0.00061788 -1.40000 10.05690 0.8106883168 2.4224057748    0.809  0.576  3.7867  3.868    2  0.000  0.529     0.00     0.00     0.00     0.00     0.00 -1 -6.07e-13      0.00 8.523e-01 1.472e-01 7.611e-05 2.096e-05 1.917e-04 -1.000 4.689e-04 3.329 4.183 3.585 3.297 3.229 3.228 3.235
0.00061788 -1.40000 10.05690 0.8122034669 2.4229186230    0.811  0.605  3.7785  3.807    2  0.000  0.530     0.00     0.00     0.00     0.00     0.00 -1 -6.97e-13      0.00 8.371e-01 1.624e-01 8.321e-05 2.288e-05 2.091e-04 -1.000 4.850e-04 3.256 4.154 3.533 3.217 3.137 3.128 3.132
0.00061788 -1.40000 10.05690 0.8136128783 2.4233937093    0.812  0.634  3.7686  3.740    2  0.000  0.533     0.00     0.00     0.00     0.00     0.00 -1 -8.05e-13      0.00 8.103e-01 1.892e-01 9.368e-05 2.570e-05 2.343e-04 -1.000 5.239e-04 3.184 4.145 3.488 3.139 3.043 3.024 3.024
0.00061788 -1.40000 10.05690 0.8146159649 2.4237306798    0.813  0.659  3.7602  3.682    2  0.000  0.535     0.00     0.00     0.00     0.00     0.00 -1 -9.09e-13      0.00 7.900e-01 2.094e-01 1.008e-04 2.762e-05 2.514e-04 -1.000 5.642e-04 3.123 4.142 3.452 3.073 2.965 2.937 2.934
0.00061788 -1.40000 10.05690 0.8155320287 2.4240375837    0.814  0.690  3.7523  3.620    2  0.000  0.536     0.00     0.00     0.00     0.00     0.00 -1 -1.05e-12      0.00 7.783e-01 2.211e-01 1.050e-04 2.873e-05 2.613e-04 -1.000 5.816e-04 3.046 4.125 3.400 2.994 2.873 2.837 2.830
0.00061788 -1.40000 10.05690 0.8162443638 2.4242756860    0.814  0.724  3.7468  3.564    2  0.000  0.536     0.00     0.00     0.00     0.00     0.00 -1 -1.21e-12      0.00 7.724e-01 2.270e-01 1.071e-04 2.929e-05 2.663e-04 -1.000 6.059e-04 2.960 4.082 3.332 2.907 2.778 2.736 2.727
0.00061788 -1.40000 10.05690 0.8169281483 2.4245037960    0.815  0.766  3.7424  3.505    2  0.000  0.537     0.00     0.00     0.00     0.00     0.00 -1 -1.43e-12      0.00 7.684e-01 2.310e-01 1.085e-04 2.967e-05 2.697e-04 -1.000 5.833e-04 2.855 4.012 3.243 2.803 2.666 2.620 2.610
0.00061788 -1.40000 10.05690 0.8170399666 2.4245410567    0.815  0.774  3.7418  3.494    2  0.000  0.537     0.00     0.00     0.00     0.00     0.00 -1 -1.47e-12      0.00 7.679e-01 2.315e-01 1.087e-04 2.971e-05 2.701e-04 -1.000 5.966e-04 2.834 3.995 3.224 2.782 2.645 2.598 2.587
0.00061788 -1.40000 10.05690 0.8176286221 2.4247370186    0.816  0.820  3.7390  3.438    3  0.000  0.537     0.00     0.00     0.00     0.00     0.00 -1 -1.74e-12      0.00 7.652e-01 2.342e-01 1.095e-04 2.993e-05 2.720e-04 -1.000 6.427e-04 2.720 3.904 3.119 2.668 2.527 2.477 2.465
0.00061788 -1.40000 10.05690 0.8181245923 2.4249018742    0.816  0.862  3.7369  3.387    3  0.000  0.537     0.00     0.00     0.00     0.00     0.00 -1 -2.03e-12      0.00 7.632e-01 2.362e-01 1.101e-04 3.008e-05 2.734e-04 -1.000 6.084e-04 2.615 3.817 3.022 2.564 2.420 2.367 2.354
0.00061788 -1.40000 10.05690 0.8186749816 2.4250845491    0.817  0.912  3.7348  3.329    3  0.000  0.537     0.00     0.00     0.00     0.00     0.00 -1 -2.44e-12      0.00 7.610e-01 2.384e-01 1.106e-04 3.022e-05 2.746e-04 -1.000 6.252e-04 2.489 3.709 2.903 2.439 2.291 2.236 2.222
0.00061788 -1.40000 10.05690 0.8191837668 2.4252531646    0.817  0.963  3.7329  3.271    3  0.000  0.537     0.00     0.00     0.00     0.00     0.00 -1 -2.92e-12      0.00 7.590e-01 2.404e-01 1.109e-04 3.033e-05 2.756e-04 -1.000 6.239e-04 2.362 3.598 2.784 2.314 2.163 2.106 2.090
0.00061788 -1.40000 10.05690 0.8196942806 2.4254221110    0.817  1.018  3.7312  3.209    3  0.000  0.536     0.00     0.00     0.00     0.00     0.00 -1 -3.56e-12      0.00 7.569e-01 2.425e-01 1.112e-04 3.045e-05 2.765e-04 -1.000 6.306e-04 2.225 3.475 2.652 2.177 2.024 1.964 1.948
0.00061788 -1.40000 10.05690 0.8201463819 2.4255715248    0.818  1.071  3.7295  3.149    3  0.000  0.535     0.00     0.00     0.00     0.00     0.00 -1 -4.31e-12      0.00 7.551e-01 2.443e-01 1.112e-04 3.059e-05 2.771e-04 -1.000 6.123e-04 2.092 3.356 2.526 2.045 1.889 1.828 1.811
0.00061788 -1.40000 10.05690 0.8205300570 2.4256981761    0.818  1.120  3.7279  3.094    3  0.000  0.534     0.00     0.00     0.00     0.00     0.00 -1 -5.14e-12      0.00 7.535e-01 2.459e-01 1.111e-04 3.079e-05 2.776e-04 -1.000 6.212e-04 1.969 3.247 2.409 1.924 1.766 1.703 1.684
0.00061788 -1.40000 10.05690 0.8208303452 2.4257972064    0.818  1.162  3.7267  3.048    3  0.000  0.532     0.00     0.00     0.00     0.00     0.00 -1 -5.97e-12      0.00 7.523e-01 2.471e-01 1.108e-04 3.105e-05 2.779e-04 -1.000 6.112e-04 1.865 3.155 2.311 1.821 1.661 1.597 1.578
0.00061788 -1.40000 10.05690 0.8211628199 2.4259067541    0.819  1.212  3.7251  2.992    3  0.000  0.529     0.00     0.00     0.00     0.00     0.00 -1 -7.14e-12      0.00 7.509e-01 2.484e-01 1.103e-04 3.152e-05 2.782e-04 -1.000 6.387e-04 1.740 3.044 2.192 1.698 1.535 1.469 1.449
0.00061788 -1.40000 10.05690 0.8214807510 2.4260114144    0.819  1.264  3.7234  2.933    3  0.000  0.526     0.00     0.00     0.00     0.00     0.00 -1 -8.62e-12      0.00 7.498e-01 2.496e-01 1.096e-04 3.217e-05 2.785e-04 -1.000 6.204e-04 1.610 2.929 2.068 1.568 1.403 1.334 1.314
0.00061788 -1.40000 10.05690 0.8217687011 2.4261061248    0.819  1.316  3.7217  2.874    3  0.000  0.522     0.00     0.00     0.00     0.00     0.00 -1 -1.04e-11      0.00 7.488e-01 2.505e-01 1.090e-04 3.287e-05 2.786e-04 -1.000 6.378e-04 1.479 2.815 1.944 1.439 1.271 1.201 1.179
0.00061788 -1.40000 10.05690 0.8220200539 2.4261887356    0.819  1.366  3.7200  2.817    3  0.000  0.519     0.00     0.00     0.00     0.00     0.00 -1 -1.24e-11      0.00 7.481e-01 2.513e-01 1.084e-04 3.351e-05 2.788e-04 -1.000 6.269e-04 1.355 2.706 1.827 1.316 1.145 1.073 1.050
0.00061788 -1.40000 10.05690 0.8222473860 2.4262634016    0.819  1.415  3.7182  2.761    3  0.000  0.517     0.00     0.00     0.00     0.00     0.00 -1 -1.49e-11      0.00 7.476e-01 2.518e-01 1.080e-04 3.402e-05 2.789e-04 -1.000 6.324e-04 1.232 2.602 1.712 1.195 1.021 0.946 0.923
0.00061788 -1.40000 10.05690 0.8224517703 2.4263304900    0.819  1.464  3.7165  2.706    3  0.000  0.515     0.00     0.00     0.00     0.00     0.00 -1 -1.77e-11      0.00 7.473e-01 2.521e-01 1.077e-04 3.439e-05 2.790e-04 -1.000 6.233e-04 1.111 2.499 1.598 1.075 0.899 0.822 0.798
0.00061788 -1.40000 10.05690 0.8226416111 2.4263927702    0.819  1.513  3.7146  2.649    3  0.000  0.514     0.00     0.00     0.00     0.00     0.00 -1 -2.12e-11      0.00 7.470e-01 2.524e-01 1.075e-04 3.464e-05 2.790e-04 -1.000 6.363e-04 0.987 2.394 1.483 0.954 0.774 0.695 0.670
0.00061788 -1.40000 10.05690 0.8228096366 2.4264478660    0.819  1.561  3.7128  2.593    3  0.000  0.514     0.00     0.00     0.00     0.00     0.00 -1 -2.53e-11      0.00 7.469e-01 2.525e-01 1.074e-04 3.476e-05 2.791e-04 -1.000 6.364e-04 0.867 2.294 1.372 0.836 0.653 0.572 0.545
0.00061788 -1.40000 10.05690 0.8229663372 2.4264992250    0.819  1.610  3.7108  2.537    3  0.000  0.514     0.00     0.00     0.00     0.00     0.00 -1 -3.02e-11      0.00 7.468e-01 2.525e-01 1.073e-04 3.480e-05 2.791e-04 -1.000 6.364e-04 0.745 2.191 1.258 0.715 0.530 0.446 0.418
0.00061788 -1.40000 10.05690 0.8231048584 2.4265446069    0.819  1.657  3.7089  2.482    3  0.000  0.513     0.00     0.00     0.00     0.00     0.00 -1 -3.59e-11      0.00 7.468e-01 2.525e-01 1.073e-04 3.481e-05 2.791e-04 -1.000 6.365e-04 0.627 2.094 1.149 0.599 0.410 0.324 0.295
0.00061788 -1.40000 10.05690 0.8232283592 2.4265850531    0.819  1.703  3.7069  2.428    3  0.000  0.513     0.00     0.00     0.00     0.00     0.00 -1 -4.24e-11      0.00 7.468e-01 2.525e-01 1.073e-04 3.483e-05 2.791e-04 -1.000 6.366e-04 0.512 2.004 1.044 0.486 0.293 0.205 0.175
0.00061788 -1.40000 10.05690 0.8233428597 2.4266225393    0.819  1.750  3.7050  2.373    3  0.000  0.513     0.00     0.00     0.00     0.00     0.00 -1 -5.03e-11      0.00 7.468e-01 2.525e-01 1.073e-04 3.484e-05 2.791e-04 -1.000 6.367e-04 0.396 1.914 0.938 0.371 0.176 0.085 0.054
0.00061788 -1.40000 10.05690 0.8234444857 2.4266558004    0.819  1.794  3.7030  2.320    3  0.000  0.513     0.00     0.00     0.00     0.00     0.00 -1 -5.92e-11      0.00 7.468e-01 2.526e-01 1.073e-04 3.485e-05 2.791e-04 -1.000 6.368e-04 0.284 1.828 0.836 0.261 0.062 -0.031 -0.063
0.00061788 -1.40000 10.05690 0.8235402703 2.4266871411    0.818  1.840  3.7009  2.267    3  0.000  0.513     0.00     0.00     0.00     0.00     0.00 -1    -7e-11      0.00 7.468e-01 2.526e-01 1.073e-04 3.486e-05 2.791e-04 -1.000 6.368e-04 0.170 1.741 0.733 0.149 -0.054 -0.150 -0.182
0.00061788 -1.40000 10.05690 0.8236266375 2.4267153932    0.818  1.884  3.6989  2.214    3  0.000  0.513     0.00     0.00     0.00     0.00     0.00 -1 -8.24e-11      0.00 7.468e-01 2.526e-01 1.073e-04 3.486e-05 2.791e-04 -1.000 6.368e-04 0.059 1.658 0.633 0.041 -0.165 -0.264 -0.298
0.00061788 -1.40000 10.05690 0.8237073421 2.4267417869    0.818  1.929  3.6968  2.161    3  0.000  0.513     0.00     0.00     0.00     0.00     0.00 -1 -9.69e-11      0.00 7.468e-01 2.526e-01 1.073e-04 3.487e-05 2.791e-04 -1.000 6.370e-04 -0.051 1.577 0.535 -0.067 -0.277 -0.378 -0.413
0.00061788 -1.40000 10.05690 0.8237846494 2.4267670639    0.818  1.972  3.6947  2.109    3  0.000  0.513     0.00     0.00     0.00     0.00     0.00 -1 -1.14e-10      0.00 7.468e-01 2.526e-01 1.073e-04 3.488e-05 2.791e-04 -1.000 6.369e-04 -0.161 1.496 0.437 -0.174 -0.388 -0.492 -0.528
0.00061788 -1.40000 10.05690 0.8238639235 2.4267929783    0.817  2.013  3.6927  2.060    3  0.000  0.513     0.00     0.00     0.00     0.00     0.00 -1 -1.32e-10      0.00 7.468e-01 2.526e-01 1.073e-04 3.489e-05 2.791e-04 -1.000 6.371e-04 -0.262 1.424 0.348 -0.272 -0.489 -0.596 -0.633
0.00061788 -1.40000 10.05690 0.8239359856 2.4268165302    0.817  2.040  3.6915  2.028    3  0.000  0.513     0.00     0.00     0.00     0.00     0.00 -1 -1.47e-10      0.00 7.468e-01 2.526e-01 1.073e-04 3.489e-05 2.791e-04 -1.000 6.370e-04 -0.330 1.373 0.287 -0.338 -0.558 -0.665 -0.704
0.00061788 -1.40000 10.05690 0.8239822388 2.4268316445    0.817  2.025  3.6925  2.047    3  0.000  0.513     0.00     0.00     0.00     0.00     0.00 -1  -1.4e-10      0.00 7.468e-01 2.526e-01 1.073e-04 3.490e-05 2.791e-04 -1.000 6.371e-04 -0.292 1.396 0.319 -0.302 -0.520 -0.626 -0.664
0.00061788 -1.40000 10.05690 0.8239984512 2.4268369418    0.816  2.019  3.6929  2.054    3  0.000  0.513     0.00     0.00     0.00     0.00     0.00 -1 -1.37e-10      0.00 7.468e-01 2.526e-01 1.073e-04 3.490e-05 2.791e-04 -1.000 6.371e-04 -0.278 1.405 0.331 -0.289 -0.506 -0.612 -0.649
0.00061788 -1.40000 10.05690 0.8240507841 2.4268540397    0.816  2.060  3.6909  2.005    3  0.000  0.513     0.00     0.00     0.00     0.00     0.00 -1 -1.58e-10      0.00 7.468e-01 2.526e-01 1.073e-04 3.490e-05 2.791e-04 -1.000 6.371e-04 -0.379 1.333 0.241 -0.387 -0.607 -0.716 -0.754
0.00061788 -1.40000 10.05690 0.8241003156 2.4268702200    0.816  2.100  3.6887  1.957    3  0.000  0.513     0.00     0.00     0.00     0.00     0.00 -1 -1.82e-10      0.00 7.468e-01 2.526e-01 1.073e-04 3.491e-05 2.791e-04 -1.000 6.371e-04 -0.480 1.267 0.155 -0.484 -0.708 -0.820 -0.860
0.00061788 -1.40000 10.05690 0.8241486549 2.4268860087    0.815  2.142  3.6865  1.906    3  0.000  0.513     0.00     0.00     0.00     0.00     0.00 -1 -2.13e-10      0.00 7.467e-01 2.526e-01 1.072e-04 3.491e-05 2.791e-04 -1.000 6.371e-04 -0.584 1.201 0.065 -0.584 -0.813 -0.927 -0.969
0.00061788 -1.40000 10.05690 0.8241934776 2.4269006469    0.815  2.183  3.6843  1.855    3  0.000  0.513     0.00     0.00     0.00     0.00     0.00 -1 -2.49e-10      0.00 7.467e-01 2.526e-01 1.072e-04 3.492e-05 2.791e-04 -1.000 6.372e-04 -0.688 1.143 -0.024 -0.686 -0.918 -1.036 -1.078
0.00061788 -1.40000 10.05690 0.8242334723 2.4269137069    0.814  2.223  3.6820  1.806    3  0.000  0.513     0.00     0.00     0.00     0.00     0.00 -1 -2.89e-10      0.00 7.467e-01 2.526e-01 1.072e-04 3.492e-05 2.791e-04 -1.000 6.372e-04 -0.788 1.093 -0.107 -0.784 -1.020 -1.141 -1.185
0.00061788 -1.40000 10.05690 0.8242707253 2.4269258702    0.814  2.263  3.6798  1.757    3  0.000  0.513     0.00     0.00     0.00     0.00     0.00 -1 -3.35e-10      0.00 7.467e-01 2.526e-01 1.072e-04 3.492e-05 2.791e-04 -1.000 6.372e-04 -0.888 1.045 -0.190 -0.883 -1.122 -1.245 -1.290
0.00061788 -1.40000 10.05690 0.8243050575 2.4269370787    0.813  2.303  3.6775  1.708    3  0.000  0.513     0.00     0.00     0.00     0.00     0.00 -1 -3.88e-10      0.00 7.467e-01 2.526e-01 1.072e-04 3.493e-05 2.791e-04 -1.000 6.372e-04 -0.987 1.004 -0.270 -0.979 -1.223 -1.348 -1.395
0.00061788 -1.40000 10.05690 0.8243370652 2.4269475274    0.813  2.342  3.6752  1.659    3  0.000  0.513     0.00     0.00     0.00     0.00     0.00 -1  -4.5e-10      0.00 7.467e-01 2.526e-01 1.072e-04 3.493e-05 2.791e-04 -1.000 6.373e-04 -1.085 0.963 -0.349 -1.075 -1.323 -1.451 -1.500
0.00061788 -1.40000 10.05690 0.8243656754 2.4269568663    0.812  2.380  3.6729  1.611    3  0.000  0.513     0.00     0.00     0.00     0.00     0.00 -1 -5.18e-10      0.00 7.467e-01 2.526e-01 1.072e-04 3.493e-05 2.791e-04 -1.000 6.373e-04 -1.180 0.930 -0.423 -1.167 -1.419 -1.550 -1.600
0.00061788 -1.40000 10.05690 0.8243924379 2.4269656013    0.811  2.418  3.6706  1.564    3  0.000  0.513     0.00     0.00     0.00     0.00     0.00 -1 -5.97e-10      0.00 7.467e-01 2.526e-01 1.072e-04 3.494e-05 2.791e-04 -1.000 6.373e-04 -1.274 0.898 -0.497 -1.259 -1.515 -1.649 -1.701
0.00061788 -1.40000 10.05690 0.8244227767 2.4269755028    0.811  2.464  3.6678  1.506    3  0.000  0.513     0.00     0.00     0.00     0.00     0.00 -1  -7.1e-10      0.00 7.467e-01 2.526e-01 1.072e-04 3.494e-05 2.791e-04 -1.000 6.373e-04 -1.390 0.866 -0.583 -1.369 -1.631 -1.769 -1.822
0.00061788 -1.40000 10.05690 0.8244500756 2.4269844115    0.810  2.509  3.6650  1.449    3  0.000  0.513     7.49     5.87     4.16     3.21     2.60  3 -8.41e-10      0.00 7.467e-01 2.526e-01 1.072e-04 3.494e-05 2.791e-04 -1.000 6.374e-04 -1.502 0.845 -0.664 -1.476 -1.744 -1.886 -1.941
0.00061788 -1.40000 10.05690 0.8244754076 2.4269926777    0.808  2.554  3.6621  1.392    3  0.000  0.513     8.45     6.51     4.59     3.55     2.88  3 -9.97e-10      0.00 7.467e-01 2.526e-01 1.072e-04 3.494e-05 2.791e-04 -1.000 6.374e-04 -1.615 0.831 -0.742 -1.583 -1.857 -2.003 -2.061
0.00061788 -1.40000 10.05690 0.8244980574 2.4270000681    0.807  2.597  3.6593  1.337    3  0.000  0.513     9.49     7.19     5.04     3.91     3.17  3 -1.17e-09      0.00 7.467e-01 2.526e-01 1.072e-04 3.495e-05 2.791e-04 -1.000 6.373e-04 -1.723 0.824 -0.815 -1.685 -1.966 -2.116 -2.176
0.00061788 -1.40000 10.05690 0.8245187998 2.4270068358    0.806  2.640  3.6564  1.282    3  0.000  0.513    10.66     7.93     5.54     4.30     3.49  3 -1.38e-09      0.00 7.467e-01 2.526e-01 1.072e-04 3.495e-05 2.791e-04 -1.000 6.373e-04 -1.829 0.814 -0.885 -1.782 -2.070 -2.225 -2.287
0.00061788 -1.40000 10.05690 0.8245387077 2.4270133309    0.805  2.684  3.6534  1.225    3  0.000  0.513    12.01     8.79     6.11     4.75     3.85  3 -1.63e-09      0.00 7.467e-01 2.526e-01 1.072e-04 3.495e-05 2.791e-04 -1.000 6.374e-04 -1.940 0.792 -0.960 -1.881 -2.177 -2.336 -2.401
0.00061788 -1.40000 10.05690 0.8245559335 2.4270189506    0.803  2.725  3.6506  1.172    3  0.000  0.513    13.43     9.67     6.69     5.22     4.23  3 -1.91e-09      0.00 7.467e-01 2.526e-01 1.072e-04 3.495e-05 2.791e-04 -1.000 6.374e-04 -2.043 0.775 -1.027 -1.972 -2.276 -2.440 -2.507
0.00061788 -1.40000 10.05690 0.8245721459 2.4270242394    0.802  2.766  3.6477  1.119    3  0.000  0.513    15.04    10.65     7.34     5.73     4.64  2 -2.24e-09      0.00 7.467e-01 2.526e-01 1.072e-04 3.495e-05 2.791e-04 -1.000 6.375e-04 -2.146 0.759 -1.094 -2.063 -2.375 -2.544 -2.613
0.00061788 -1.40000 10.05690 0.8245875239 2.4270292559    0.800  2.808  3.6448  1.064    3  0.000  0.513    16.87    11.75     8.06     6.30     5.11  2 -2.63e-09      0.00 7.467e-01 2.526e-01 1.072e-04 3.495e-05 2.791e-04 -1.000 6.374e-04 -2.251 0.743 -1.162 -2.155 -2.475 -2.649 -2.721
0.00061788 -1.40000 10.05690 0.8246007562 2.4270335721    0.798  2.847  3.6420  1.013    3  0.000  0.513    18.77    12.87     8.79     6.88     5.58  2 -3.05e-09      0.00 7.467e-01 2.526e-01 1.072e-04 3.496e-05 2.791e-04 -1.000 6.374e-04 -2.347 0.733 -1.222 -2.238 -2.566 -2.745 -2.819
0.00061788 -1.40000 10.05690 0.8246135712 2.4270377522    0.796  2.887  3.6392  0.961    3  0.000  0.513    20.97    14.14     9.62     7.54     6.11  2 -3.55e-09      0.00 7.467e-01 2.527e-01 1.072e-04 3.496e-05 2.791e-04 -1.000 6.374e-04 -2.447 0.730 -1.279 -2.324 -2.660 -2.845 -2.922
0.00061788 -1.40000 10.05690 0.8246256709 2.4270416988    0.794  2.927  3.6363  0.908    3  0.000  0.513    23.42    15.54    10.53     8.26     6.70  2 -4.15e-09      0.00 7.467e-01 2.527e-01 1.072e-04 3.496e-05 2.791e-04 -1.000 6.375e-04 -2.547 0.729 -1.334 -2.408 -2.754 -2.945 -3.023
0.00061788 -1.40000 10.05690 0.8246360421 2.4270450815    0.792  2.964  3.6336  0.859    3  0.000  0.513    25.95    16.96    11.45     9.00     7.30  2 -4.78e-09      0.00 7.467e-01 2.527e-01 1.072e-04 3.496e-05 2.791e-04 -1.000 6.375e-04 -2.639 0.733 -1.382 -2.483 -2.839 -3.035 -3.116
0.00061788 -1.40000 10.05690 0.8246460557 2.4270483474    0.789  3.001  3.6308  0.809    3  0.000  0.513    28.85    18.55    12.47     9.82     7.96  1 -5.53e-09      0.00 7.467e-01 2.527e-01 1.072e-04 3.496e-05 2.791e-04 -1.000 6.375e-04 -2.733 0.738 -1.429 -2.560 -2.926 -3.128 -3.212
0.00061788 -1.40000 10.05690 0.8246557713 2.4270515161    0.786  3.040  3.6280  0.758    3  0.000  0.513    32.13    20.34    13.61    10.73     8.71  1 -6.42e-09      0.00 7.467e-01 2.527e-01 1.072e-04 3.496e-05 2.791e-04 -1.000 6.374e-04 -2.829 0.740 -1.477 -2.639 -3.014 -3.222 -3.309
0.00061788 -1.40000 10.05690 0.8246642351 2.4270542764    0.784  3.075  3.6253  0.710    3  0.000  0.513    35.52    22.15    14.77    11.66     9.46  1 -7.37e-09      0.00 7.467e-01 2.527e-01 1.072e-04 3.496e-05 2.791e-04 -1.000 6.375e-04 -2.918 0.744 -1.520 -2.710 -3.095 -3.309 -3.397
0.00061788 -1.40000 10.05690 0.8246726394 2.4270570173    0.780  3.112  3.6224  0.660    3  0.000  0.513    39.47    24.23    16.09    12.72    10.32  1 -8.53e-09      0.00 7.467e-01 2.527e-01 1.072e-04 3.496e-05 2.791e-04 -1.000 6.375e-04 -3.010 0.749 -1.564 -2.784 -3.180 -3.399 -3.490
0.00061788 -1.40000 10.05690 0.8246803880 2.4270595443    0.777  3.148  3.6197  0.611    3  0.000  0.513    43.75    26.44    17.49    13.84    11.24  1 -9.83e-09      0.00 7.467e-01 2.527e-01 1.072e-04 3.496e-05 2.791e-04 -1.000 6.375e-04 -3.101 0.753 -1.607 -2.856 -3.262 -3.488 -3.581
0.00061788 -1.40000 10.05690 0.8246875405 2.4270618768    0.773  3.184  3.6171  0.563    3  0.000  0.513    48.36    28.79    18.96    15.03    12.21  1 -1.13e-08      0.00 7.467e-01 2.527e-01 1.072e-04 3.496e-05 2.791e-04 -1.000 6.375e-04 -3.189 0.755 -1.647 -2.925 -3.341 -3.573 -3.669
0.00061788 -1.40000 10.05690 0.8246943951 2.4270641121    0.769  3.219  3.6144  0.515    3  0.000  0.513    53.54    31.38    20.59    16.35    13.28  1  -1.3e-08      0.00 7.467e-01 2.527e-01 1.072e-04 3.496e-05 2.791e-04 -1.000 6.375e-04 -3.277 0.758 -1.685 -2.993 -3.420 -3.658 -3.756
0.00061788 -1.40000 10.05690 0.8247008324 2.4270662113    0.765  3.254  3.6118  0.467    3  0.000  0.513    59.18    34.16    22.32    17.75    14.42  1 -1.49e-08      0.00 7.467e-01 2.527e-01 1.072e-04 3.497e-05 2.791e-04 -1.000 6.375e-04 -3.364 0.760 -1.717 -3.058 -3.497 -3.741 -3.842
0.00061788 -1.40000 10.05690 0.8247068524 2.4270681744    0.760  3.286  3.6093  0.422    3  0.000  0.513    65.08    37.01    24.10    19.19    15.59  1  -1.7e-08      0.00 7.467e-01 2.527e-01 1.072e-04 3.497e-05 2.791e-04 -1.000 6.375e-04 -3.446 0.759 -1.743 -3.118 -3.569 -3.820 -3.924
0.00061788 -1.40000 10.05690 0.8247113824 2.4270696516    0.757  3.310  3.6075  0.389    3  0.000  0.513    69.77    39.25    25.49    20.31    16.51  1 -1.88e-08      0.00 7.467e-01 2.527e-01 1.072e-04 3.497e-05 2.791e-04 -1.000 6.375e-04 -3.506 0.757 -1.762 -3.161 -3.622 -3.877 -3.982
0.00061788 -1.40000 10.05690 0.8247113824 2.4270696516    0.756  1.737  3.7558  2.555    4  0.000  0.523     0.00     0.00     0.00     0.00     0.00 -1    -1e-30      0.00 7.415e-01 2.578e-01 1.113e-04 3.364e-05 2.845e-04 -1.000 6.527e-04 0.429 1.450 0.744 0.374 0.265 0.231 0.224
0.00061788 -1.40000 10.05690 0.8247616291 2.4270860353    0.756  1.754  3.7541  2.531    4  0.000  0.523     0.00     0.00     0.00     0.00     0.00 -1    -1e-30      0.00 7.415e-01 2.578e-01 1.113e-04 3.364e-05 2.845e-04 -1.000 6.527e-04 0.385 1.420 0.707 0.330 0.219 0.182 0.175
0.00061788 -1.40000 10.05690 0.8248129487 2.4271027665    0.757  1.757  3.7540  2.528    4  0.000  0.523     0.00     0.00     0.00     0.00     0.00 -1    -1e-30      0.00 7.415e-01 2.578e-01 1.113e-04 3.364e-05 2.845e-04 -1.000 6.527e-04 0.378 1.414 0.701 0.324 0.212 0.176 0.169
0.00061788 -1.40000 10.05690 0.8248651624 2.4271197867    0.757  1.758  3.7542  2.528    4  0.000  0.523     0.00     0.00     0.00     0.00     0.00 -1    -1e-30      0.00 7.415e-01 2.578e-01 1.113e-04 3.364e-05 2.845e-04 -1.000 6.527e-04 0.375 1.409 0.697 0.321 0.209 0.173 0.166
0.00061788 -1.40000 10.05690 0.8249191642 2.4271373872    0.757  1.758  3.7547  2.529    4  0.000  0.523     0.00     0.00     0.00     0.00     0.00 -1    -1e-30      0.00 7.415e-01 2.578e-01 1.113e-04 3.364e-05 2.845e-04 -1.000 6.527e-04 0.374 1.404 0.693 0.319 0.208 0.173 0.166
0.00061788 -1.40000 10.05690 0.8249716759 2.4271544995    0.757  1.758  3.7554  2.532    4  0.000  0.523     0.00     0.00     0.00     0.00     0.00 -1    -1e-30      0.00 7.415e-01 2.578e-01 1.113e-04 3.364e-05 2.845e-04 -1.000 6.527e-04 0.374 1.398 0.690 0.319 0.210 0.175 0.168
0.00061788 -1.40000 10.05690 0.8250246048 2.4271717452    0.757  1.758  3.7564  2.536    4  0.000  0.523     0.00     0.00     0.00     0.00     0.00 -1    -1e-30      0.00 7.415e-01 2.578e-01 1.113e-04 3.364e-05 2.845e-04 -1.000 6.527e-04 0.375 1.392 0.688 0.320 0.212 0.178 0.172
0.00061788 -1.40000 10.05690 0.8250786662 2.4271893573    0.757  1.757  3.7575  2.542    4  0.000  0.523     0.00     0.00     0.00     0.00     0.00 -1    -1e-30      0.00 7.415e-01 2.578e-01 1.113e-04 3.364e-05 2.845e-04 -1.000 6.527e-04 0.377 1.385 0.686 0.322 0.216 0.183 0.177
0.00061788 -1.40000 10.05690 0.8251320720 2.4272067531    0.757  1.756  3.7587  2.548    4  0.000  0.523     0.00     0.00     0.00     0.00     0.00 -1    -1e-30      0.00 7.415e-01 2.578e-01 1.113e-04 3.364e-05 2.845e-04 -1.000 6.527e-04 0.380 1.379 0.683 0.324 0.220 0.189 0.184
0.00061788 -1.40000 10.05690 0.8251863122 2.4272244182    0.757  1.755  3.7599  2.554    4  0.000  0.523     0.00     0.00     0.00     0.00     0.00 -1    -1e-30      0.00 7.415e-01 2.578e-01 1.113e-04 3.364e-05 2.845e-04 -1.000 6.527e-04 0.383 1.372 0.681 0.327 0.225 0.195 0.190
0.00061788 -1.40000 10.05690 0.8252376318 2.4272411295    0.757  1.754  3.7611  2.559    4  0.000  0.523     0.00     0.00     0.00     0.00     0.00 -1    -1e-30      0.00 7.415e-01 2.578e-01 1.113e-04 3.364e-05 2.845e-04 -1.000 6.528e-04 0.385 1.366 0.679 0.329 0.229 0.200 0.196
0.00061788 -1.40000 10.05690 0.8252923489 2.4272589446    0.757  1.753  3.7622  2.565    4  0.000  0.523     0.00     0.00     0.00     0.00     0.00 -1    -1e-30      0.00 7.415e-01 2.578e-01 1.113e-04 3.364e-05 2.845e-04 -1.000 6.527e-04 0.387 1.360 0.677 0.331 0.233 0.205 0.202
0.00061788 -1.40000 10.05690 0.8253460526 2.4272764271    0.757  1.752  3.7632  2.570    4  0.000  0.523     0.00     0.00     0.00     0.00     0.00 -1    -1e-30      0.00 7.415e-01 2.578e-01 1.113e-04 3.364e-05 2.845e-04 -1.000 6.527e-04 0.389 1.355 0.675 0.333 0.237 0.210 0.207
0.00061788 -1.40000 10.05690 0.8253963590 2.4272928013    0.757  1.752  3.7641  2.574    4  0.000  0.523     0.00     0.00     0.00     0.00     0.00 -1    -1e-30      0.00 7.415e-01 2.578e-01 1.113e-04 3.364e-05 2.845e-04 -1.000 6.528e-04 0.391 1.350 0.673 0.334 0.240 0.214 0.210
0.00061788 -1.40000 10.05690 0.8254494071 2.4273100654    0.757  1.751  3.7648  2.577    4  0.000  0.523     0.00     0.00     0.00     0.00     0.00 -1    -1e-30      0.00 7.415e-01 2.578e-01 1.113e-04 3.364e-05 2.845e-04 -1.000 6.527e-04 0.392 1.346 0.671 0.335 0.242 0.216 0.214
0.00061788 -1.40000 10.05690 0.8254617453 2.4273140804    0.757  1.751  3.7650  2.578    4  0.000  0.523     0.00     0.00     0.00     0.00     0.00 -1    -1e-30      0.00 7.415e-01 2.578e-01 1.113e-04 3.364e-05 2.845e-04 -1.000 6.527e-04 0.392 1.345 0.671 0.335 0.242 0.217 0.214
0.00061788 -1.40000 10.05690 0.8254678845 2.4273160781    0.757  1.751  3.7651  2.578    4  0.000  0.523     0.00     0.00     0.00     0.00     0.00 -1    -1e-30      0.00 7.415e-01 2.578e-01 1.113e-04 3.364e-05 2.845e-04 -1.000 6.527e-04 0.392 1.345 0.671 0.335 0.242 0.217 0.214
0.00061788 -1.40000 10.05690 0.8255215883 2.4273335521    0.757  1.751  3.7655  2.580    4  0.000  0.523     0.00     0.00     0.00     0.00     0.00 -1    -1e-30      0.00 7.415e-01 2.578e-01 1.113e-04 3.364e-05 2.845e-04 -1.000 6.527e-04 0.392 1.342 0.669 0.335 0.243 0.218 0.215
0.00061788 -1.40000 10.05690 0.8255772591 2.4273516633    0.757  1.752  3.7656  2.580    4  0.000  0.523     0.00     0.00     0.00     0.00     0.00 -1    -1e-30      0.00 7.415e-01 2.578e-01 1.113e-04 3.364e-05 2.845e-04 -1.000 6.527e-04 0.391 1.340 0.667 0.334 0.242 0.217 0.215
0.00061788 -1.40000 10.05690 0.8256299496 2.4273688024    0.757  1.753  3.7656  2.579    4  0.000  0.523     0.00     0.00     0.00     0.00     0.00 -1    -1e-30      0.00 7.415e-01 2.578e-01 1.113e-04 3.364e-05 2.845e-04 -1.000 6.527e-04 0.389 1.338 0.666 0.332 0.240 0.215 0.213
0.00061788 -1.40000 10.05690 0.8256828189 2.4273859971    0.757  1.754  3.7652  2.577    4  0.000  0.523     0.00     0.00     0.00     0.00     0.00 -1    -1e-30      0.00 7.415e-01 2.578e-01 1.113e-04 3.364e-05 2.845e-04 -1.000 6.527e-04 0.386 1.338 0.664 0.329 0.236 0.212 0.209
0.00061788 -1.40000 10.05690 0.8257356882 2.4274031893    0.758  1.755  3.7646  2.573    4  0.000  0.523     0.00     0.00     0.00     0.00     0.00 -1    -1e-30      0.00 7.415e-01 2.578e-01 1.113e-04 3.364e-05 2.845e-04 -1.000 6.528e-04 0.382 1.338 0.663 0.325 0.232 0.206 0.203
0.00061788 -1.40000 10.05690 0.8257876635 2.4274200883    0.758  1.757  3.7637  2.567    4  0.000  0.523     0.00     0.00     0.00     0.00     0.00 -1    -1e-30      0.00 7.415e-01 2.578e-01 1.113e-04 3.364e-05 2.845e-04 -1.000 6.527e-04 0.377 1.340 0.661 0.320 0.225 0.199 0.196
0.00061788 -1.40000 10.05690 0.8258404732 2.4274372561    0.758  1.760  3.7627  2.561    4  0.000  0.523     0.00     0.00     0.00     0.00     0.00 -1    -1e-30      0.00 7.415e-01 2.578e-01 1.113e-04 3.364e-05 2.845e-04 -1.000 6.527e-04 0.371 1.341 0.659 0.315 0.218 0.190 0.187
0.00061788 -1.40000 10.05690 0.8258501887 2.4274404142    0.758  1.760  3.7625  2.559    4  0.000  0.523     0.00     0.00     0.00     0.00     0.00 -1    -1e-30      0.00 7.415e-01 2.578e-01 1.113e-04 3.364e-05 2.845e-04 -1.000 6.527e-04 0.370 1.341 0.658 0.313 0.216 0.189 0.185
0.00061788 -1.40000 10.05690 0.8258597255 2.4274435141    0.758  1.761  3.7622  2.558    4  0.000  0.523     0.00     0.00     0.00     0.00     0.00 -1    -1e-30      0.00 7.415e-01 2.578e-01 1.113e-04 3.364e-05 2.845e-04 -1.000 6.527e-04 0.369 1.341 0.658 0.312 0.214 0.187 0.183
0.00061788 -1.40000 10.05690 0.8259081244 2.4274592450    0.758  1.764  3.7609  2.550    4  0.000  0.523     0.00     0.00     0.00     0.00     0.00 -1    -1e-30      0.00 7.415e-01 2.578e-01 1.113e-04 3.364e-05 2.845e-04 -1.000 6.527e-04 0.361 1.343 0.655 0.305 0.205 0.176 0.171
0.00061788 -1.40000 10.05690 0.8259555697 2.4274746638    0.758  1.767  3.7595  2.541    4  0.000  0.523     0.00     0.00     0.00     0.00     0.00 -1    -1e-30      0.00 7.415e-01 2.578e-01 1.113e-04 3.364e-05 2.845e-04 -1.000 6.527e-04 0.353 1.344 0.652 0.297 0.194 0.164 0.159
0.00061788 -1.40000 10.05690 0.8260046840 2.4274906228    0.758  1.771  3.7580  2.531    4  0.000  0.523     0.00     0.00     0.00     0.00     0.00 -1    -1e-30      0.00 7.415e-01 2.578e-01 1.113e-04 3.364e-05 2.845e-04 -1.000 6.527e-04 0.343 1.347 0.649 0.287 0.183 0.151 0.145
0.00061788 -1.40000 10.05690 0.8260548115 2.4275069089    0.758  1.775  3.7565  2.520    4  0.000  0.523     0.00     0.00     0.00     0.00     0.00 -1    -1e-30      0.00 7.415e-01 2.578e-01 1.113e-04 3.364e-05 2.845e-04 -1.000 6.527e-04 0.332 1.348 0.644 0.277 0.169 0.136 0.129
0.00061788 -1.40000 10.05690 0.8261020184 2.4275222440    0.758  1.780  3.7549  2.509    4  0.000  0.523     0.00     0.00     0.00     0.00     0.00 -1    -1e-30      0.00 7.415e-01 2.578e-01 1.113e-04 3.364e-05 2.845e-04 -1.000 6.527e-04 0.320 1.348 0.638 0.265 0.155 0.120 0.113
0.00061788 -1.40000 10.05690 0.8261510730 2.4275381771    0.758  1.785  3.7533  2.498    4  0.000  0.523     0.00     0.00     0.00     0.00     0.00 -1    -1e-30      0.00 7.415e-01 2.578e-01 1.113e-04 3.364e-05 2.845e-04 -1.000 6.527e-04 0.307 1.347 0.631 0.252 0.139 0.102 0.095
0.00061788 -1.40000 10.05690 0.8261988759 2.4275537017    0.758  1.791  3.7519  2.487    4  0.000  0.523     0.00     0.00     0.00     0.00     0.00 -1    -1e-30      0.00 7.415e-01 2.578e-01 1.113e-04 3.364e-05 2.845e-04 -1.000 6.527e-04 0.294 1.345 0.624 0.239 0.124 0.085 0.077
0.00061788 -1.40000 10.05690 0.8262467384 2.4275692435    0.758  1.796  3.7506  2.477    4  0.000  0.523     0.00     0.00     0.00     0.00     0.00 -1    -1e-30      0.00 7.415e-01 2.578e-01 1.113e-04 3.364e-05 2.845e-04 -1.000 6.527e-04 0.281 1.342 0.615 0.226 0.109 0.069 0.060
0.00061788 -1.40000 10.05690 0.8262950182 2.4275849187    0.758  1.805  3.7485  2.459    4  0.000  0.523     0.00     0.00     0.00     0.00     0.00 -1    -1e-30      0.00 7.415e-01 2.578e-01 1.113e-04 3.364e-05 2.845e-04 -1.000 6.527e-04 0.258 1.337 0.601 0.204 0.083 0.041 0.031
0.00061788 -1.40000 10.05690 0.8263456225 2.4276013464    0.758  1.817  3.7459  2.437    4  0.000  0.523     0.00     0.00     0.00     0.00     0.00 -1    -1e-30      0.00 7.415e-01 2.578e-01 1.113e-04 3.364e-05 2.845e-04 -1.000 6.527e-04 0.228 1.328 0.582 0.175 0.050 0.005 -0.006
0.00061788 -1.40000 10.05690 0.8263952136 2.4276174429    0.758  1.832  3.7430  2.410    4  0.000  0.523     0.00     0.00     0.00     0.00     0.00 -1    -1e-30      0.00 7.415e-01 2.578e-01 1.113e-04 3.364e-05 2.845e-04 -1.000 6.527e-04 0.191 1.315 0.555 0.138 0.008 -0.040 -0.052
0.00061788 -1.40000 10.05690 0.8264434338 2.4276330922    0.758  1.863  3.7375  2.357    4  0.000  0.523     0.00     0.00     0.00     0.00     0.00 -1    -1e-30      0.00 7.415e-01 2.578e-01 1.113e-04 3.364e-05 2.845e-04 -1.000 6.527e-04 0.111 1.284 0.498 0.061 -0.079 -0.133 -0.147
0.00061788 -1.40000 10.05690 0.8264650106 2.4276400941    0.758  1.895  3.7327  2.306    4  0.000  0.523     0.00     0.00     0.00     0.00     0.00 -1    -1e-30      0.00 7.415e-01 2.578e-01 1.113e-04 3.364e-05 2.845e-04 -1.000 6.527e-04 0.034 1.253 0.440 -0.016 -0.163 -0.222 -0.239
0.00061788 -1.40000 10.05690 0.8264765739 2.4276438464    0.758  1.927  3.7281  2.255    4  0.000  0.523     0.00     0.00     0.00     0.00     0.00 -1    -1e-30      0.00 7.415e-01 2.578e-01 1.113e-04 3.364e-05 2.845e-04 -1.000 6.527e-04 -0.047 1.219 0.379 -0.094 -0.250 -0.314 -0.333
0.00061788 -1.40000 10.05690 0.8264821768 2.4276456644    0.758  1.958  3.7239  2.207    4  0.000  0.523     0.00     0.00     0.00     0.00     0.00 -1    -1e-30      0.00 7.415e-01 2.578e-01 1.113e-04 3.364e-05 2.845e-04 -1.000 6.527e-04 -0.126 1.184 0.319 -0.171 -0.333 -0.402 -0.423
0.00061788 -1.40000 10.05690 0.8264853954 2.4276467088    0.758  1.993  3.7197  2.155    4  0.000  0.523     0.00     0.00     0.00     0.00     0.00 -1    -1e-30      0.00 7.415e-01 2.578e-01 1.113e-04 3.364e-05 2.845e-04 -1.000 6.527e-04 -0.213 1.142 0.250 -0.257 -0.426 -0.499 -0.522
0.00061788 -1.40000 10.05690 0.8264870048 2.4276472310    0.758  2.025  3.7162  2.110    4  0.000  0.523     0.00     0.00     0.00     0.00     0.00 -1    -1e-30      0.00 7.415e-01 2.578e-01 1.113e-04 3.364e-05 2.845e-04 -1.000 6.527e-04 -0.292 1.103 0.188 -0.333 -0.508 -0.586 -0.610
0.00061788 -1.40000 10.05690 0.8264878988 2.4276475211    0.758  2.048  3.7138  2.077    7  0.000  0.523     0.00     0.00     0.00     0.00     0.00 -1 -9.01e-10      0.00 7.415e-01 2.562e-01 1.113e-04 3.364e-05 2.845e-04 -1.000 2.253e-03 -0.350 1.074 0.142 -0.389 -0.569 -0.649 -0.675
0.00061788 -1.40000 10.05690 0.8264879584 2.4276475404    0.758  2.049  3.7137  2.076    7  0.000  0.523     0.00     0.00     0.00     0.00     0.00 -1 -9.05e-10      0.00 7.415e-01 2.562e-01 1.113e-04 3.364e-05 2.845e-04 -1.000 2.253e-03 -0.352 1.073 0.140 -0.391 -0.571 -0.651 -0.677
0.00061788 -1.40000 10.05690 0.8264889121 2.4276478499    0.758  2.088  3.7102  2.023    7  0.000  0.523     0.00     0.00     0.00     0.00     0.00 -1 -1.16e-09      0.00 7.415e-01 2.562e-01 1.113e-04 3.364e-05 2.845e-04 -1.000 2.253e-03 -0.449 1.018 0.061 -0.485 -0.671 -0.755 -0.783
0.00061788 -1.40000 10.05690 0.8264898658 2.4276481593    0.758  2.127  3.7068  1.970    7  0.000  0.523     0.00     0.00     0.00     0.00     0.00 -1 -1.46e-09      0.00 7.415e-01 2.562e-01 1.113e-04 3.364e-05 2.845e-04 -1.000 2.253e-03 -0.547 0.965 -0.018 -0.580 -0.771 -0.860 -0.890
0.00061788 -1.40000 10.05690 0.8264907598 2.4276484494    0.758  2.161  3.7039  1.925    7  0.000  0.523     0.00     0.00     0.00     0.00     0.00 -1 -1.78e-09      0.00 7.415e-01 2.562e-01 1.113e-04 3.364e-05 2.845e-04 -1.000 2.253e-03 -0.632 0.921 -0.087 -0.661 -0.858 -0.951 -0.982
0.00061788 -1.40000 10.05690 0.8264916539 2.4276487395    0.758  2.188  3.7016  1.888    7  0.000  0.523     0.00     0.00     0.00     0.00     0.00 -1 -2.09e-09      0.00 7.415e-01 2.562e-01 1.113e-04 3.364e-05 2.845e-04 -1.000 2.253e-03 -0.700 0.885 -0.142 -0.728 -0.929 -1.024 -1.057
0.00061788 -1.40000 10.05690 0.8264931440 2.4276492230    0.758  2.205  3.7002  1.866    7  0.000  0.523     0.00     0.00     0.00     0.00     0.00 -1  -2.3e-09      0.00 7.415e-01 2.562e-01 1.113e-04 3.364e-05 2.845e-04 -1.000 2.253e-03 -0.742 0.863 -0.176 -0.767 -0.971 -1.068 -1.101
0.00061788 -1.40000 10.05690 0.8264957070 2.4276500547    0.758  2.179  3.7024  1.900    7  0.000  0.523     0.00     0.00     0.00     0.00     0.00 -1 -1.98e-09      0.00 7.415e-01 2.562e-01 1.113e-04 3.364e-05 2.845e-04 -1.000 2.253e-03 -0.679 0.896 -0.125 -0.707 -0.906 -1.001 -1.033
0.00061788 -1.40000 10.05690 0.8264998794 2.4276514085    0.757  2.155  3.7044  1.932    7  0.000  0.523     0.00     0.00     0.00     0.00     0.00 -1 -1.72e-09      0.00 7.415e-01 2.562e-01 1.113e-04 3.364e-05 2.845e-04 -1.000 2.253e-03 -0.618 0.928 -0.076 -0.648 -0.844 -0.936 -0.967
0.00061788 -1.40000 10.05690 0.8265258670 2.4276598403    0.755  2.163  3.7036  1.919    7  0.000  0.523     0.00     0.00     0.00     0.00     0.00 -1 -1.82e-09      0.00 7.415e-01 2.562e-01 1.113e-04 3.364e-05 2.845e-04 -1.000 2.253e-03 -0.639 0.918 -0.092 -0.668 -0.865 -0.958 -0.989
0.00061788 -1.40000 10.05690 0.8265447021 2.4276659511    0.754  2.196  3.7008  1.874    7  0.000  0.523     0.00     0.00     0.00     0.00     0.00 -1 -2.23e-09      0.00 7.415e-01 2.562e-01 1.113e-04 3.364e-05 2.845e-04 -1.000 2.253e-03 -0.720 0.877 -0.158 -0.746 -0.949 -1.045 -1.078
0.00061788 -1.40000 10.05690 0.8265645504 2.4276723902    0.751  2.243  3.6970  1.811    7  0.000  0.523     0.00     0.00     0.00     0.00     0.00 -1 -2.97e-09      0.00 7.415e-01 2.562e-01 1.113e-04 3.364e-05 2.845e-04 -1.000 2.253e-03 -0.836 0.819 -0.251 -0.858 -1.067 -1.168 -1.204
0.00061788 -1.40000 10.05690 0.8265838623 2.4276786550    0.748  2.287  3.6934  1.751    7  0.000  0.523     0.00     0.00     0.00     0.00     0.00 -1 -3.88e-09      0.00 7.415e-01 2.562e-01 1.113e-04 3.364e-05 2.845e-04 -1.000 2.253e-03 -0.948 0.763 -0.340 -0.964 -1.180 -1.286 -1.323
0.00061788 -1.40000 10.05690 0.8266008496 2.4276841654    0.745  2.330  3.6901  1.693    7  0.000  0.523     0.00     0.00     0.00     0.00     0.00 -1 -5.06e-09      0.00 7.415e-01 2.562e-01 1.113e-04 3.364e-05 2.845e-04 -1.000 2.253e-03 -1.054 0.710 -0.425 -1.066 -1.288 -1.399 -1.438
0.00061788 -1.40000 10.05690 0.8266158104 2.4276890182    0.741  2.372  3.6868  1.635    7  0.000  0.523     0.00     0.00     0.00     0.00     0.00 -1 -6.57e-09      0.00 7.415e-01 2.562e-01 1.113e-04 3.364e-05 2.845e-04 -1.000 2.234e-03 -1.161 0.660 -0.509 -1.165 -1.394 -1.509 -1.550
0.00061788 -1.40000 10.05690 0.8266289234 2.4276932715    0.737  2.414  3.6835  1.577    7  0.000  0.522     0.00     0.00     0.00     0.00     0.00 -1  -8.5e-09      0.00 7.415e-01 2.563e-01 1.112e-04 3.364e-05 2.845e-04 -1.000 2.175e-03 -1.265 0.624 -0.590 -1.266 -1.501 -1.620 -1.663
0.00061788 -1.40000 10.05690 0.8266404867 2.4276970221    0.732  2.456  3.6803  1.520    7  0.000  0.522     0.00     0.00     0.00     0.00     0.00 -1  -1.1e-08      0.00 7.415e-01 2.563e-01 1.112e-04 3.366e-05 2.845e-04 -1.000 2.131e-03 -1.369 0.596 -0.668 -1.368 -1.608 -1.731 -1.776
0.00061788 -1.40000 10.05690 0.8266507983 2.4277003665    0.726  2.497  3.6771  1.462    7  0.000  0.521     0.00     0.00     0.00     0.00     0.00 -1 -1.42e-08      0.00 7.415e-01 2.564e-01 1.109e-04 3.379e-05 2.845e-04 -1.000 2.103e-03 -1.472 0.577 -0.744 -1.467 -1.714 -1.840 -1.888
0.00061788 -1.40000 10.05690 0.8266601562 2.4277034015    0.719  2.538  3.6739  1.404    7  0.000  0.516     7.93     6.18     4.36     3.38     2.74  3 -1.84e-08      0.00 7.415e-01 2.564e-01 1.101e-04 3.440e-05 2.845e-04 -1.000 2.033e-03 -1.576 0.565 -0.816 -1.567 -1.820 -1.950 -2.000
0.00061788 -1.40000 10.05690 0.8266687393 2.4277061852    0.711  2.580  3.6680  1.334    7  0.000  0.509     9.18     6.99     4.90     3.82     3.09  2 -2.42e-08      0.00 7.415e-01 2.565e-01 1.085e-04 3.597e-05 2.845e-04 -1.000 2.003e-03 -1.680 0.632 -0.861 -1.662 -1.926 -2.065 -2.118
0.00061788 -1.40000 10.05690 0.8266747594 2.4277081375    0.704  2.611  3.6633  1.279    7  0.000  0.501    10.28     7.70     5.37     4.19     3.39  2 -2.99e-08      0.00 7.415e-01 2.565e-01 1.070e-04 3.775e-05 2.845e-04 -1.000 1.985e-03 -1.758 0.703 -0.887 -1.731 -2.005 -2.150 -2.207
0.00061788 -1.40000 10.05690 0.8266822100 2.4277105538    0.692  2.652  3.6584  1.211    7  0.000  0.490    11.83     8.67     6.01     4.70     3.80  2 -3.96e-08      0.00 7.415e-01 2.566e-01 1.048e-04 4.041e-05 2.845e-04 -1.000 1.945e-03 -1.861 0.772 -0.929 -1.822 -2.108 -2.260 -2.321
0.00061788 -1.40000 10.05690 0.8266893029 2.4277128541    0.678  2.694  3.6552  1.148    7  0.000  0.481    13.48     9.68     6.67     5.23     4.23  2 -5.26e-08      0.00 7.414e-01 2.567e-01 1.027e-04 4.293e-05 2.845e-04 -1.000 1.944e-03 -1.965 0.772 -0.991 -1.914 -2.208 -2.365 -2.429
0.00061788 -1.40000 10.05690 0.8266961575 2.4277150769    0.659  2.735  3.6519  1.081    7  0.000  0.472    15.43    10.84     7.43     5.84     4.73  2 -7.14e-08      0.00 7.413e-01 2.568e-01 1.009e-04 4.510e-05 2.845e-04 -1.000 1.926e-03 -2.068 0.770 -1.053 -2.004 -2.308 -2.470 -2.537
0.00061788 -1.40000 10.05690 0.8267028332 2.4277172418    0.633  2.777  3.6490  1.010    7  0.000  0.465    17.79    12.20     8.31     6.56     5.31  1    -1e-07      0.00 7.413e-01 2.568e-01 9.941e-05 4.699e-05 2.845e-04 -1.000 1.912e-03 -2.174 0.763 -1.119 -2.098 -2.409 -2.577 -2.646
0.00061788 -1.40000 10.05690 0.8267089725 2.4277192326    0.599  2.820  3.6475  0.938    7  0.000  0.459    20.50    13.70     9.28     7.34     5.94  1 -1.47e-07      0.00 7.412e-01 2.570e-01 9.809e-05 4.862e-05 2.844e-04 -1.000 1.853e-03 -2.279 0.739 -1.193 -2.195 -2.514 -2.685 -2.755
0.00061788 -1.40000 10.05690 0.8267145753 2.4277210495    0.554  2.862  3.6516  0.878    7  0.000  0.453    22.91    14.95    10.07     8.00     6.47  1 -2.27e-07      0.00 7.411e-01 2.571e-01 9.688e-05 5.008e-05 2.844e-04 -1.000 1.847e-03 -2.385 0.588 -1.327 -2.320 -2.631 -2.797 -2.864
0.00061788 -1.40000 10.05690 0.8267171383 2.4277218806    0.512  2.884  3.6629  0.867    7  0.000  0.449    23.08    14.95    10.05     8.01     6.48  1 -2.84e-07      0.00 7.410e-01 2.571e-01 9.610e-05 5.107e-05 2.843e-04 -1.000 1.834e-03 -2.439 0.235 -1.509 -2.415 -2.701 -2.849 -2.908
0.00061788 -1.40000 10.05690 1.1217594147 2.4952569506    0.551 -9.999  3.5910  7.966    9  0.552  0.000     0.00     0.00     0.00     0.00     0.00 -1    -1e-30      0.00 7.286e-01 2.709e-01 8.544e-05 7.366e-05 2.853e-04 -1.000 5.452e-04 29.767 33.474 31.405 30.032 29.494 29.245 29.162
